L1 01      3 +016.3452 +000.1541 +001.3539 -085.1345 +001.4602 +001.9330 0
L1 02      3 +005.5906 +007.1781 +001.7760 -160.3277 -000.3450 +179.0170 0
L1 03      3 +016.4310 -000.5652 -000.8256 -091.4039 +001.9711 +092.1273 0
L1 04      3 +008.3300 +007.5388 +001.7674 -049.0478 -000.4339 +000.3357 0
L1 05      3 +016.4061 -001.5778 -001.7643 -046.2349 +081.6862 +124.2428 0
L1 06      3 +015.6218 -001.5440 -003.8210 -176.5402 +043.7774 -002.2951 0
L1 07      3 +014.8197 -001.5082 -004.7882 +110.5716 +009.4190 -034.7804 0
L1 08      3 +014.2215 -001.5430 -005.1687 -005.5030 -039.7055 +008.5188 0
L1 01      7 +016.3452 +000.1542 +001.3536 -085.1346 +001.4624 +001.9318 0
L1 02      7 +005.5906 +007.1781 +001.7760 -160.3279 -000.3452 +179.0171 0
L1 03      7 +016.4310 -000.5653 -000.8256 -091.4050 +001.9729 +092.1276 0
L1 04      7 +008.3301 +007.5388 +001.7673 -049.0483 -000.4337 +000.3352 0
L1 05      7 +016.4061 -001.5778 -001.7643 -046.2330 +081.6860 +124.2452 0
L1 06      7 +015.6217 -001.5436 -003.8213 -176.5384 +043.7765 -002.2964 0
L1 07      7 +014.8197 -001.5081 -004.7881 +110.5724 +009.4187 -034.7809 0
L1 08      7 +014.2216 -001.5431 -005.1686 -005.5041 -039.7063 +008.5193 0
L1 01     11 +016.3451 +000.1545 +001.3536 -085.1324 +001.4626 +001.9318 0
L1 02     11 +005.5906 +007.1781 +001.7760 -160.3279 -000.3451 +179.0171 0
L1 03     11 +016.4311 -000.5652 -000.8255 -091.4043 +001.9738 +092.1294 0
L1 04     11 +008.3300 +007.5388 +001.7674 -049.0476 -000.4339 +000.3356 0
L1 05     11 +016.4061 -001.5779 -001.7642 -046.2221 +081.6849 +124.2553 0
L1 06     11 +015.6218 -001.5434 -003.8215 -176.5388 +043.7761 -002.2983 0
L1 07     11 +014.8198 -001.5076 -004.7884 +110.5746 +009.4163 -034.7817 0
L1 08     11 +014.2218 -001.5427 -005.1685 -005.5051 -039.7076 +008.5223 0
L1 01     15 +016.3452 +000.1546 +001.3537 -085.1316 +001.4630 +001.9327 0
L1 02     15 +005.5906 +007.1781 +001.7760 -160.3277 -000.3452 +179.0174 0
L1 03     15 +016.4311 -000.5652 -000.8255 -091.4045 +001.9740 +092.1303 0
L1 04     15 +008.3300 +007.5388 +001.7674 -049.0475 -000.4339 +000.3354 0
L1 05     15 +016.4062 -001.5775 -001.7639 -046.2104 +081.6815 +124.2645 0
L1 06     15 +015.6220 -001.5436 -003.8210 -176.5398 +043.7804 -002.2979 0
L1 07     15 +014.8198 -001.5080 -004.7883 +110.5726 +009.4170 -034.7829 0
L1 08     15 +014.2219 -001.5427 -005.1686 -005.5055 -039.7091 +008.5239 0
L1 01     19 +016.3452 +000.1545 +001.3537 -085.1324 +001.4625 +001.9332 0
L1 02     19 +005.5906 +007.1782 +001.7760 -160.3277 -000.3451 +179.0173 0
L1 03     19 +016.4311 -000.5652 -000.8256 -091.4046 +001.9732 +092.1302 0
L1 04     19 +008.3300 +007.5388 +001.7674 -049.0476 -000.4340 +000.3353 0
L1 05     19 +016.4063 -001.5778 -001.7638 -046.2141 +081.6783 +124.2617 0
L1 06     19 +015.6221 -001.5433 -003.8210 -176.5366 +043.7809 -002.2967 0
L1 07     19 +014.8199 -001.5080 -004.7883 +110.5726 +009.4182 -034.7836 0
L1 08     19 +014.2219 -001.5427 -005.1687 -005.5038 -039.7090 +008.5219 0
L1 01     23 +016.3452 +000.1546 +001.3535 -085.1331 +001.4638 +001.9316 0
L1 02     23 +005.5906 +007.1781 +001.7760 -160.3279 -000.3450 +179.0171 0
L1 03     23 +016.4312 -000.5657 -000.8254 -091.4077 +001.9747 +092.1309 0
L1 04     23 +008.3300 +007.5388 +001.7673 -049.0479 -000.4338 +000.3352 0
L1 05     23 +016.4062 -001.5779 -001.7638 -046.2245 +081.6767 +124.2522 0
L1 06     23 +015.6220 -001.5435 -003.8213 -176.5387 +043.7790 -002.2974 0
L1 07     23 +014.8199 -001.5085 -004.7883 +110.5695 +009.4195 -034.7832 0
L1 08     23 +014.2219 -001.5429 -005.1687 -005.5057 -039.7087 +008.5215 0
L1 01     27 +016.3452 +000.1546 +001.3536 -085.1325 +001.4642 +001.9329 0
L1 02     27 +005.5906 +007.1781 +001.7761 -160.3285 -000.3448 +179.0168 0
L1 03     27 +016.4312 -000.5653 -000.8254 -091.4057 +001.9755 +092.1309 0
L1 04     27 +008.3301 +007.5388 +001.7673 -049.0482 -000.4338 +000.3351 0
L1 05     27 +016.4063 -001.5778 -001.7639 -046.2251 +081.6759 +124.2511 0
L1 06     27 +015.6219 -001.5433 -003.8215 -176.5389 +043.7784 -002.2992 0
L1 07     27 +014.8199 -001.5078 -004.7882 +110.5713 +009.4167 -034.7844 0
L1 08     27 +014.2219 -001.5427 -005.1687 -005.5080 -039.7095 +008.5243 0
L1 01     31 +016.3452 +000.1542 +001.3538 -085.1343 +001.4632 +001.9338 0
L1 02     31 +005.5906 +007.1781 +001.7761 -160.3284 -000.3449 +179.0168 0
L1 03     31 +016.4311 -000.5653 -000.8255 -091.4059 +001.9750 +092.1309 0
L1 04     31 +008.3301 +007.5387 +001.7674 -049.0486 -000.4338 +000.3353 0
L1 05     31 +016.4063 -001.5778 -001.7638 -046.2211 +081.6764 +124.2561 0
L1 06     31 +015.6221 -001.5435 -003.8211 -176.5408 +043.7808 -002.2993 0
L1 07     31 +014.8200 -001.5077 -004.7881 +110.5715 +009.4169 -034.7855 0
L1 08     31 +014.2219 -001.5424 -005.1687 -005.5081 -039.7087 +008.5251 0
L1 01     35 +016.3452 +000.1543 +001.3537 -085.1348 +001.4638 +001.9334 0
L1 02     35 +005.5907 +007.1781 +001.7760 -160.3289 -000.3450 +179.0170 0
L1 03     35 +016.4311 -000.5654 -000.8254 -091.4071 +001.9753 +092.1314 0
L1 04     35 +008.3301 +007.5387 +001.7674 -049.0487 -000.4338 +000.3354 0
L1 05     35 +016.4063 -001.5779 -001.7636 -046.2276 +081.6727 +124.2502 0
L1 06     35 +015.6220 -001.5436 -003.8212 -176.5405 +043.7803 -002.2976 0
L1 07     35 +014.8200 -001.5078 -004.7880 +110.5712 +009.4187 -034.7858 0
L1 08     35 +014.2219 -001.5426 -005.1687 -005.5076 -039.7085 +008.5239 0
L1 01     41 +016.3452 +000.1541 +001.3538 -085.1363 +001.4646 +001.9345 0
L1 02     41 +005.5906 +007.1781 +001.7760 -160.3284 -000.3451 +179.0171 0
L1 03     41 +016.4312 -000.5654 -000.8254 -091.4082 +001.9760 +092.1318 0
L1 04     41 +008.3301 +007.5387 +001.7674 -049.0488 -000.4339 +000.3353 0
L1 05     41 +016.4063 -001.5780 -001.7638 -046.2335 +081.6720 +124.2449 0
L1 06     41 +015.6221 -001.5436 -003.8212 -176.5393 +043.7808 -002.2953 0
L1 07     41 +014.8200 -001.5077 -004.7883 +110.5712 +009.4188 -034.7846 0
L1 08     41 +014.2220 -001.5425 -005.1688 -005.5080 -039.7089 +008.5241 0
L1 01     45 +016.3452 +000.1542 +001.3537 -085.1351 +001.4652 +001.9341 0
L1 02     45 +005.5906 +007.1781 +001.7760 -160.3280 -000.3451 +179.0171 0
L1 03     45 +016.4312 -000.5652 -000.8253 -091.4066 +001.9767 +092.1333 0
L1 04     45 +008.3301 +007.5387 +001.7674 -049.0484 -000.4340 +000.3357 0
L1 05     45 +016.4063 -001.5779 -001.7640 -046.2420 +081.6729 +124.2348 0
L1 06     45 +015.6221 -001.5434 -003.8212 -176.5411 +043.7818 -002.2992 0
L1 07     45 +014.8201 -001.5075 -004.7883 +110.5713 +009.4169 -034.7858 0
L1 08     45 +014.2220 -001.5424 -005.1688 -005.5090 -039.7098 +008.5265 0
L1 01     49 +016.3452 +000.1544 +001.3538 -085.1339 +001.4650 +001.9354 0
L1 02     49 +005.5906 +007.1781 +001.7760 -160.3286 -000.3452 +179.0171 0
L1 03     49 +016.4312 -000.5652 -000.8253 -091.4065 +001.9772 +092.1334 0
L1 04     49 +008.3300 +007.5388 +001.7674 -049.0482 -000.4339 +000.3357 0
L1 05     49 +016.4063 -001.5778 -001.7638 -046.2334 +081.6702 +124.2436 0
L1 06     49 +015.6221 -001.5437 -003.8210 -176.5425 +043.7834 -002.2978 0
L1 07     49 +014.8200 -001.5075 -004.7885 +110.5713 +009.4172 -034.7850 0
L1 08     49 +014.2221 -001.5423 -005.1687 -005.5101 -039.7106 +008.5270 0
L1 01     53 +016.3452 +000.1544 +001.3538 -085.1339 +001.4649 +001.9359 0
L1 02     53 +005.5906 +007.1781 +001.7760 -160.3285 -000.3451 +179.0172 0
L1 03     53 +016.4312 -000.5651 -000.8254 -091.4062 +001.9777 +092.1331 0
L1 04     53 +008.3301 +007.5387 +001.7674 -049.0484 -000.4339 +000.3359 0
L1 05     53 +016.4063 -001.5775 -001.7638 -046.2308 +081.6684 +124.2451 0
L1 06     53 +015.6222 -001.5433 -003.8209 -176.5416 +043.7843 -002.2993 0
L1 07     53 +014.8201 -001.5075 -004.7882 +110.5714 +009.4177 -034.7868 0
L1 08     53 +014.2221 -001.5422 -005.1688 -005.5103 -039.7107 +008.5277 0
L1 01     57 +016.3452 +000.1544 +001.3537 -085.1336 +001.4656 +001.9345 0
L1 02     57 +005.5906 +007.1781 +001.7760 -160.3285 -000.3451 +179.0170 0
L1 03     57 +016.4312 -000.5650 -000.8256 -091.4054 +001.9782 +092.1325 0
L1 04     57 +008.3301 +007.5387 +001.7674 -049.0485 -000.4339 +000.3357 0
L1 05     57 +016.4065 -001.5772 -001.7636 -046.2175 +081.6667 +124.2560 0
L1 06     57 +015.6223 -001.5430 -003.8212 -176.5414 +043.7830 -002.3012 0
L1 07     57 +014.8202 -001.5076 -004.7883 +110.5702 +009.4175 -034.7877 0
L1 08     57 +014.2223 -001.5416 -005.1690 -005.5107 -039.7109 +008.5308 0
L1 01     61 +016.3452 +000.1548 +001.3537 -085.1317 +001.4658 +001.9340 0
L1 02     61 +005.5906 +007.1781 +001.7760 -160.3286 -000.3449 +179.0170 0
L1 03     61 +016.4312 -000.5652 -000.8255 -091.4066 +001.9784 +092.1329 0
L1 04     61 +008.3301 +007.5388 +001.7673 -049.0485 -000.4339 +000.3347 0
L1 05     61 +016.4065 -001.5772 -001.7638 -046.2299 +081.6663 +124.2428 0
L1 06     61 +015.6222 -001.5433 -003.8211 -176.5427 +043.7839 -002.3008 0
L1 07     61 +014.8202 -001.5073 -004.7881 +110.5699 +009.4166 -034.7900 0
L1 08     61 +014.2222 -001.5422 -005.1687 -005.5138 -039.7116 +008.5304 0
L1 01     65 +016.3452 +000.1545 +001.3533 -085.1336 +001.4639 +001.9291 0
L1 02     65 +005.5906 +007.1781 +001.7760 -160.3284 -000.3451 +179.0170 0
L1 03     65 +016.4312 -000.5652 -000.8256 -091.4063 +001.9757 +092.1291 0
L1 04     65 +008.3301 +007.5388 +001.7673 -049.0481 -000.4339 +000.3350 0
L1 05     65 +016.4063 -001.5774 -001.7637 -046.2775 +081.6626 +124.1944 0
L1 06     65 +015.6220 -001.5434 -003.8211 -176.5402 +043.7809 -002.2986 0
L1 07     65 +014.8199 -001.5070 -004.7883 +110.5748 +009.4159 -034.7849 0
L1 08     65 +014.2218 -001.5425 -005.1687 -005.5103 -039.7083 +008.5261 0
L1 01     69 +016.3451 +000.1544 +001.3533 -085.1338 +001.4628 +001.9269 0
L1 02     69 +005.5906 +007.1781 +001.7760 -160.3281 -000.3450 +179.0169 0
L1 03     69 +016.4311 -000.5652 -000.8258 -091.4063 +001.9720 +092.1254 0
L1 04     69 +008.3301 +007.5388 +001.7674 -049.0479 -000.4340 +000.3353 0
L1 05     69 +016.4061 -001.5775 -001.7640 -046.3228 +081.6644 +124.1465 0
L1 06     69 +015.6217 -001.5431 -003.8212 -176.5285 +043.7751 -002.2933 0
L1 07     69 +014.8195 -001.5074 -004.7886 +110.5770 +009.4181 -034.7763 0
L1 08     69 +014.2214 -001.5430 -005.1687 -005.5046 -039.7047 +008.5194 0
L1 01     73 +016.3451 +000.1544 +001.3533 -085.1332 +001.4620 +001.9267 0
L1 02     73 +005.5906 +007.1781 +001.7760 -160.3279 -000.3448 +179.0170 0
L1 03     73 +016.4310 -000.5654 -000.8257 -091.4065 +001.9708 +092.1252 0
L1 04     73 +008.3301 +007.5388 +001.7674 -049.0481 -000.4340 +000.3356 0
L1 05     73 +016.4059 -001.5779 -001.7640 -046.3358 +081.6612 +124.1355 0
L1 06     73 +015.6216 -001.5434 -003.8214 -176.5314 +043.7731 -002.2928 0
L1 07     73 +014.8192 -001.5079 -004.7883 +110.5750 +009.4194 -034.7766 0
L1 08     73 +014.2212 -001.5430 -005.1687 -005.5013 -039.7028 +008.5165 0
L1 01     77 +016.3451 +000.1543 +001.3532 -085.1343 +001.4622 +001.9257 0
L1 02     77 +005.5906 +007.1781 +001.7760 -160.3282 -000.3449 +179.0169 0
L1 03     77 +016.4310 -000.5656 -000.8256 -091.4078 +001.9698 +092.1256 0
L1 04     77 +008.3301 +007.5387 +001.7674 -049.0487 -000.4339 +000.3356 0
L1 05     77 +016.4059 -001.5780 -001.7639 -046.3343 +081.6597 +124.1371 0
L1 06     77 +015.6216 -001.5436 -003.8209 -176.5306 +043.7760 -002.2889 0
L1 07     77 +014.8193 -001.5084 -004.7883 +110.5729 +009.4220 -034.7760 0
L1 08     77 +014.2213 -001.5432 -005.1686 -005.5040 -039.7042 +008.5170 0
L1 01     81 +016.3451 +000.1547 +001.3533 -085.1317 +001.4623 +001.9267 0
L1 02     81 +005.5906 +007.1781 +001.7761 -160.3283 -000.3447 +179.0168 0
L1 03     81 +016.4310 -000.5659 -000.8257 -091.4085 +001.9699 +092.1261 0
L1 04     81 +008.3301 +007.5388 +001.7674 -049.0484 -000.4339 +000.3352 0
L1 05     81 +016.4060 -001.5777 -001.7640 -046.3435 +081.6581 +124.1256 0
L1 06     81 +015.6217 -001.5438 -003.8210 -176.5310 +043.7774 -002.2894 0
L1 07     81 +014.8195 -001.5084 -004.7881 +110.5738 +009.4220 -034.7788 0
L1 08     81 +014.2214 -001.5432 -005.1687 -005.5030 -039.7051 +008.5165 0
L1 01     85 +016.3451 +000.1544 +001.3534 -085.1330 +001.4610 +001.9282 0
L1 02     85 +005.5906 +007.1781 +001.7760 -160.3280 -000.3449 +179.0168 0
L1 03     85 +016.4310 -000.5654 -000.8257 -091.4067 +001.9701 +092.1274 0
L1 04     85 +008.3301 +007.5388 +001.7674 -049.0482 -000.4339 +000.3356 0
L1 05     85 +016.4060 -001.5777 -001.7642 -046.3541 +081.6569 +124.1151 0
L1 06     85 +015.6217 -001.5438 -003.8212 -176.5310 +043.7764 -002.2893 0
L1 07     85 +014.8195 -001.5083 -004.7882 +110.5741 +009.4234 -034.7794 0
L1 08     85 +014.2215 -001.5429 -005.1687 -005.5023 -039.7062 +008.5177 0
L1 01     89 +016.3451 +000.1544 +001.3534 -085.1343 +001.4621 +001.9283 0
L1 02     89 +005.5906 +007.1781 +001.7760 -160.3282 -000.3449 +179.0167 0
L1 03     89 +016.4310 -000.5657 -000.8257 -091.4087 +001.9698 +092.1277 0
L1 04     89 +008.3301 +007.5387 +001.7673 -049.0488 -000.4337 +000.3354 0
L1 05     89 +016.4060 -001.5779 -001.7641 -046.3539 +081.6551 +124.1164 0
L1 06     89 +015.6217 -001.5442 -003.8212 -176.5341 +043.7774 -002.2892 0
L1 07     89 +014.8195 -001.5082 -004.7883 +110.5735 +009.4234 -034.7788 0
L1 08     89 +014.2216 -001.5431 -005.1686 -005.5040 -039.7069 +008.5171 0
L1 01     93 +016.3451 +000.1544 +001.3537 -085.1326 +001.4610 +001.9309 0
L1 02     93 +005.5906 +007.1781 +001.7761 -160.3285 -000.3449 +179.0166 0
L1 03     93 +016.4309 -000.5655 -000.8257 -091.4069 +001.9699 +092.1280 0
L1 04     93 +008.3301 +007.5387 +001.7674 -049.0484 -000.4338 +000.3358 0
L1 05     93 +016.4060 -001.5775 -001.7642 -046.3573 +081.6549 +124.1109 0
L1 06     93 +015.6217 -001.5439 -003.8208 -176.5315 +043.7795 -002.2883 0
L1 07     93 +014.8196 -001.5080 -004.7881 +110.5750 +009.4238 -034.7800 0
L1 08     93 +014.2215 -001.5430 -005.1686 -005.5034 -039.7069 +008.5175 0
L1 01     97 +016.3451 +000.1545 +001.3537 -085.1322 +001.4608 +001.9301 0
L1 02     97 +005.5906 +007.1781 +001.7760 -160.3279 -000.3450 +179.0167 0
L1 03     97 +016.4309 -000.5655 -000.8256 -091.4064 +001.9697 +092.1273 0
L1 04     97 +008.3300 +007.5388 +001.7674 -049.0477 -000.4337 +000.3357 0
L1 05     97 +016.4060 -001.5773 -001.7640 -046.3596 +081.6532 +124.1071 0
L1 06     97 +015.6217 -001.5438 -003.8209 -176.5301 +043.7779 -002.2880 0
L1 07     97 +014.8196 -001.5078 -004.7881 +110.5767 +009.4222 -034.7795 0
L1 08     97 +014.2213 -001.5429 -005.1687 -005.5031 -039.7051 +008.5181 0
L1 01    101 +016.3451 +000.1544 +001.3538 -085.1320 +001.4596 +001.9312 0
L1 02    101 +005.5906 +007.1781 +001.7760 -160.3282 -000.3449 +179.0168 0
L1 03    101 +016.4309 -000.5651 -000.8257 -091.4041 +001.9693 +092.1271 0
L1 04    101 +008.3301 +007.5388 +001.7674 -049.0477 -000.4338 +000.3358 0
L1 05    101 +016.4060 -001.5780 -001.7640 -046.3677 +081.6517 +124.1020 0
L1 06    101 +015.6216 -001.5437 -003.8209 -176.5296 +043.7778 -002.2876 0
L1 07    101 +014.8195 -001.5082 -004.7880 +110.5745 +009.4233 -034.7794 0
L1 08    101 +014.2213 -001.5428 -005.1685 -005.5027 -039.7052 +008.5183 0
L1 01    105 +016.3451 +000.1546 +001.3537 -085.1311 +001.4598 +001.9295 0
L1 02    105 +005.5906 +007.1781 +001.7760 -160.3283 -000.3449 +179.0168 0
L1 03    105 +016.4308 -000.5653 -000.8257 -091.4050 +001.9681 +092.1256 0
L1 04    105 +008.3300 +007.5388 +001.7674 -049.0475 -000.4340 +000.3359 0
L1 05    105 +016.4059 -001.5780 -001.7642 -046.3946 +081.6507 +124.0742 0
L1 06    105 +015.6215 -001.5441 -003.8211 -176.5312 +043.7753 -002.2875 0
L1 07    105 +014.8193 -001.5083 -004.7881 +110.5745 +009.4237 -034.7775 0
L1 08    105 +014.2212 -001.5430 -005.1685 -005.5023 -039.7043 +008.5171 0
L1 01    109 +016.3451 +000.1545 +001.3535 -085.1309 +001.4585 +001.9275 0
L1 02    109 +005.5906 +007.1781 +001.7760 -160.3280 -000.3449 +179.0170 0
L1 03    109 +016.4308 -000.5652 -000.8257 -091.4031 +001.9664 +092.1250 0
L1 04    109 +008.3300 +007.5389 +001.7674 -049.0472 -000.4342 +000.3360 0
L1 05    109 +016.4058 -001.5781 -001.7643 -046.4239 +081.6485 +124.0424 0
L1 06    109 +015.6214 -001.5439 -003.8211 -176.5260 +043.7728 -002.2843 0
L1 07    109 +014.8191 -001.5084 -004.7883 +110.5765 +009.4260 -034.7730 0
L1 08    109 +014.2211 -001.5432 -005.1684 -005.4973 -039.7034 +008.5126 0
L1 01    113 +016.3450 +000.1547 +001.3534 -085.1294 +001.4587 +001.9272 0
L1 02    113 +005.5906 +007.1781 +001.7760 -160.3280 -000.3449 +179.0169 0
L1 03    113 +016.4308 -000.5652 -000.8258 -091.4024 +001.9668 +092.1247 0
L1 04    113 +008.3300 +007.5388 +001.7674 -049.0472 -000.4340 +000.3358 0
L1 05    113 +016.4058 -001.5775 -001.7642 -046.4067 +081.6480 +124.0544 0
L1 06    113 +015.6214 -001.5437 -003.8213 -176.5223 +043.7734 -002.2844 0
L1 07    113 +014.8192 -001.5085 -004.7881 +110.5771 +009.4256 -034.7752 0
L1 08    113 +014.2212 -001.5431 -005.1684 -005.4962 -039.7046 +008.5137 0
L1 01    117 +016.3450 +000.1547 +001.3534 -085.1302 +001.4599 +001.9276 0
L1 02    117 +005.5906 +007.1781 +001.7761 -160.3281 -000.3448 +179.0167 0
L1 03    117 +016.4309 -000.5653 -000.8257 -091.4045 +001.9685 +092.1268 0
L1 04    117 +008.3300 +007.5388 +001.7674 -049.0474 -000.4340 +000.3358 0
L1 05    117 +016.4059 -001.5778 -001.7642 -046.3929 +081.6455 +124.0741 0
L1 06    117 +015.6217 -001.5437 -003.8211 -176.5267 +043.7785 -002.2865 0
L1 07    117 +014.8196 -001.5085 -004.7879 +110.5745 +009.4260 -034.7791 0
L1 08    117 +014.2215 -001.5428 -005.1686 -005.5001 -039.7063 +008.5170 0
L1 01    121 +016.3450 +000.1549 +001.3533 -085.1290 +001.4617 +001.9282 0
L1 02    121 +005.5906 +007.1781 +001.7761 -160.3279 -000.3445 +179.0167 0
L1 03    121 +016.4310 -000.5655 -000.8257 -091.4072 +001.9717 +092.1294 0
L1 04    121 +008.3301 +007.5388 +001.7674 -049.0477 -000.4338 +000.3354 0
L1 05    121 +016.4060 -001.5776 -001.7640 -046.3912 +081.6433 +124.0743 0
L1 06    121 +015.6217 -001.5438 -003.8210 -176.5294 +043.7787 -002.2890 0
L1 07    121 +014.8197 -001.5081 -004.7881 +110.5743 +009.4241 -034.7806 0
L1 08    121 +014.2216 -001.5428 -005.1686 -005.5045 -039.7077 +008.5198 0
L1 01    125 +016.3451 +000.1548 +001.3533 -085.1298 +001.4618 +001.9282 0
L1 02    125 +005.5906 +007.1781 +001.7761 -160.3277 -000.3447 +179.0167 0
L1 03    125 +016.4310 -000.5652 -000.8257 -091.4038 +001.9708 +092.1289 0
L1 04    125 +008.3301 +007.5388 +001.7674 -049.0476 -000.4340 +000.3354 0
L1 05    125 +016.4060 -001.5776 -001.7641 -046.3952 +081.6429 +124.0689 0
L1 06    125 +015.6218 -001.5434 -003.8211 -176.5287 +043.7795 -002.2907 0
L1 07    125 +014.8199 -001.5075 -004.7880 +110.5776 +009.4212 -034.7834 0
L1 08    125 +014.2217 -001.5426 -005.1687 -005.5046 -039.7080 +008.5216 0
L1 01    129 +016.3451 +000.1545 +001.3535 -085.1312 +001.4615 +001.9301 0
L1 02    129 +005.5906 +007.1781 +001.7760 -160.3279 -000.3449 +179.0168 0
L1 03    129 +016.4310 -000.5651 -000.8257 -091.4038 +001.9702 +092.1298 0
L1 04    129 +008.3300 +007.5388 +001.7674 -049.0475 -000.4340 +000.3361 0
L1 05    129 +016.4060 -001.5777 -001.7644 -046.4115 +081.6425 +124.0535 0
L1 06    129 +015.6219 -001.5436 -003.8211 -176.5299 +043.7790 -002.2896 0
L1 07    129 +014.8198 -001.5074 -004.7882 +110.5784 +009.4228 -034.7809 0
L1 08    129 +014.2217 -001.5425 -005.1688 -005.5039 -039.7070 +008.5207 0
L1 01    133 +016.3450 +000.1547 +001.3535 -085.1300 +001.4619 +001.9297 0
L1 02    133 +005.5906 +007.1781 +001.7760 -160.3279 -000.3449 +179.0168 0
L1 03    133 +016.4310 -000.5655 -000.8257 -091.4065 +001.9697 +092.1294 0
L1 04    133 +008.3300 +007.5388 +001.7674 -049.0475 -000.4340 +000.3359 0
L1 05    133 +016.4060 -001.5774 -001.7645 -046.4144 +081.6419 +124.0481 0
L1 06    133 +015.6218 -001.5435 -003.8213 -176.5290 +043.7785 -002.2897 0
L1 07    133 +014.8198 -001.5075 -004.7883 +110.5775 +009.4224 -034.7812 0
L1 08    133 +014.2217 -001.5428 -005.1688 -005.5044 -039.7072 +008.5197 0
L1 01    137 +016.3450 +000.1545 +001.3534 -085.1315 +001.4619 +001.9296 0
L1 02    137 +005.5906 +007.1781 +001.7761 -160.3281 -000.3447 +179.0166 0
L1 03    137 +016.4310 -000.5657 -000.8258 -091.4073 +001.9696 +092.1286 0
L1 04    137 +008.3301 +007.5388 +001.7673 -049.0482 -000.4337 +000.3352 0
L1 05    137 +016.4060 -001.5775 -001.7641 -046.4128 +081.6385 +124.0500 0
L1 06    137 +015.6217 -001.5438 -003.8214 -176.5302 +043.7772 -002.2886 0
L1 07    137 +014.8198 -001.5080 -004.7879 +110.5749 +009.4261 -034.7823 0
L1 08    137 +014.2216 -001.5430 -005.1687 -005.5031 -039.7071 +008.5181 0
L1 01    141 +016.3451 +000.1544 +001.3536 -085.1319 +001.4622 +001.9310 0
L1 02    141 +005.5906 +007.1781 +001.7761 -160.3285 -000.3448 +179.0166 0
L1 03    141 +016.4310 -000.5656 -000.8256 -091.4075 +001.9694 +092.1301 0
L1 04    141 +008.3301 +007.5388 +001.7673 -049.0482 -000.4336 +000.3352 0
L1 05    141 +016.4061 -001.5778 -001.7639 -046.4116 +081.6359 +124.0534 0
L1 06    141 +015.6217 -001.5438 -003.8213 -176.5289 +043.7781 -002.2873 0
L1 07    141 +014.8197 -001.5079 -004.7882 +110.5753 +009.4257 -034.7799 0
L1 08    141 +014.2217 -001.5429 -005.1687 -005.5029 -039.7074 +008.5181 0
L1 01    145 +016.3451 +000.1546 +001.3534 -085.1312 +001.4617 +001.9299 0
L1 02    145 +005.5906 +007.1781 +001.7761 -160.3284 -000.3448 +179.0166 0
L1 03    145 +016.4311 -000.5655 -000.8257 -091.4069 +001.9704 +092.1295 0
L1 04    145 +008.3301 +007.5388 +001.7674 -049.0481 -000.4337 +000.3358 0
L1 05    145 +016.4061 -001.5775 -001.7639 -046.4080 +081.6353 +124.0548 0
L1 06    145 +015.6217 -001.5436 -003.8213 -176.5292 +043.7782 -002.2895 0
L1 07    145 +014.8197 -001.5079 -004.7884 +110.5747 +009.4239 -034.7797 0
L1 08    145 +014.2217 -001.5428 -005.1687 -005.5051 -039.7071 +008.5206 0
L1 01    149 +016.3451 +000.1547 +001.3536 -085.1300 +001.4624 +001.9309 0
L1 02    149 +005.5906 +007.1781 +001.7761 -160.3284 -000.3447 +179.0167 0
L1 03    149 +016.4311 -000.5656 -000.8256 -091.4069 +001.9702 +092.1296 0
L1 04    149 +008.3301 +007.5388 +001.7674 -049.0482 -000.4337 +000.3356 0
L1 05    149 +016.4061 -001.5778 -001.7640 -046.4240 +081.6346 +124.0398 0
L1 06    149 +015.6219 -001.5434 -003.8210 -176.5266 +043.7796 -002.2885 0
L1 07    149 +014.8197 -001.5079 -004.7886 +110.5752 +009.4228 -034.7783 0
L1 08    149 +014.2217 -001.5428 -005.1687 -005.5050 -039.7077 +008.5203 0
L1 01    153 +016.3451 +000.1547 +001.3536 -085.1303 +001.4626 +001.9314 0
L1 02    153 +005.5906 +007.1781 +001.7761 -160.3282 -000.3448 +179.0167 0
L1 03    153 +016.4310 -000.5656 -000.8255 -091.4074 +001.9692 +092.1306 0
L1 04    153 +008.3301 +007.5387 +001.7674 -049.0484 -000.4336 +000.3356 0
L1 05    153 +016.4060 -001.5783 -001.7638 -046.4414 +081.6298 +124.0248 0
L1 06    153 +015.6219 -001.5440 -003.8210 -176.5281 +043.7797 -002.2858 0
L1 07    153 +014.8197 -001.5079 -004.7884 +110.5746 +009.4235 -034.7792 0
L1 08    153 +014.2217 -001.5429 -005.1686 -005.5038 -039.7075 +008.5185 0
L1 01    157 +016.3451 +000.1548 +001.3537 -085.1294 +001.4621 +001.9317 0
L1 02    157 +005.5906 +007.1781 +001.7760 -160.3282 -000.3451 +179.0170 0
L1 03    157 +016.4310 -000.5655 -000.8254 -091.4062 +001.9692 +092.1309 0
L1 04    157 +008.3300 +007.5388 +001.7674 -049.0476 -000.4337 +000.3359 0
L1 05    157 +016.4060 -001.5782 -001.7639 -046.4468 +081.6288 +124.0184 0
L1 06    157 +015.6218 -001.5438 -003.8212 -176.5260 +043.7782 -002.2854 0
L1 07    157 +014.8197 -001.5077 -004.7883 +110.5773 +009.4250 -034.7790 0
L1 08    157 +014.2217 -001.5430 -005.1686 -005.5031 -039.7075 +008.5177 0
L1 01    161 +016.3451 +000.1548 +001.3537 -085.1284 +001.4614 +001.9312 0
L1 02    161 +005.5906 +007.1781 +001.7760 -160.3278 -000.3451 +179.0170 0
L1 03    161 +016.4311 -000.5653 -000.8255 -091.4032 +001.9686 +092.1304 0
L1 04    161 +008.3300 +007.5388 +001.7674 -049.0473 -000.4339 +000.3357 0
L1 05    161 +016.4061 -001.5776 -001.7642 -046.4608 +081.6293 +123.9980 0
L1 06    161 +015.6219 -001.5435 -003.8213 -176.5224 +043.7783 -002.2858 0
L1 07    161 +014.8198 -001.5076 -004.7882 +110.5787 +009.4249 -034.7810 0
L1 08    161 +014.2217 -001.5429 -005.1687 -005.5021 -039.7073 +008.5182 0
L1 01    165 +016.3451 +000.1546 +001.3536 -085.1301 +001.4615 +001.9314 0
L1 02    165 +005.5906 +007.1781 +001.7760 -160.3281 -000.3450 +179.0168 0
L1 03    165 +016.4311 -000.5653 -000.8256 -091.4046 +001.9680 +092.1302 0
L1 04    165 +008.3300 +007.5388 +001.7674 -049.0477 -000.4338 +000.3356 0
L1 05    165 +016.4062 -001.5779 -001.7641 -046.4601 +081.6286 +124.0016 0
L1 06    165 +015.6219 -001.5435 -003.8212 -176.5227 +043.7794 -002.2853 0
L1 07    165 +014.8198 -001.5079 -004.7882 +110.5771 +009.4254 -034.7803 0
L1 08    165 +014.2217 -001.5430 -005.1688 -005.5018 -039.7070 +008.5172 0
L1 01    169 +016.3451 +000.1546 +001.3535 -085.1301 +001.4624 +001.9314 0
L1 02    169 +005.5906 +007.1781 +001.7760 -160.3283 -000.3449 +179.0167 0
L1 03    169 +016.4311 -000.5654 -000.8256 -091.4054 +001.9687 +092.1305 0
L1 04    169 +008.3300 +007.5388 +001.7674 -049.0480 -000.4337 +000.3355 0
L1 05    169 +016.4061 -001.5780 -001.7641 -046.4575 +081.6270 +124.0055 0
L1 06    169 +015.6219 -001.5436 -003.8214 -176.5235 +043.7787 -002.2856 0
L1 07    169 +014.8198 -001.5080 -004.7883 +110.5755 +009.4251 -034.7803 0
L1 08    169 +014.2218 -001.5429 -005.1687 -005.5024 -039.7084 +008.5180 0
L1 01    173 +016.3451 +000.1545 +001.3536 -085.1302 +001.4626 +001.9325 0
L1 02    173 +005.5906 +007.1781 +001.7760 -160.3280 -000.3450 +179.0170 0
L1 03    173 +016.4312 -000.5651 -000.8255 -091.4037 +001.9711 +092.1320 0
L1 04    173 +008.3300 +007.5388 +001.7674 -049.0476 -000.4338 +000.3358 0
L1 05    173 +016.4062 -001.5778 -001.7641 -046.4475 +081.6264 +124.0142 0
L1 06    173 +015.6221 -001.5437 -003.8211 -176.5279 +043.7819 -002.2881 0
L1 07    173 +014.8200 -001.5077 -004.7884 +110.5755 +009.4237 -034.7822 0
L1 08    173 +014.2220 -001.5425 -005.1687 -005.5056 -039.7098 +008.5227 0
L1 01    177 +016.3451 +000.1544 +001.3534 -085.1312 +001.4633 +001.9324 0
L1 02    177 +005.5906 +007.1781 +001.7760 -160.3280 -000.3450 +179.0170 0
L1 03    177 +016.4312 -000.5651 -000.8255 -091.4043 +001.9725 +092.1341 0
L1 04    177 +008.3300 +007.5388 +001.7674 -049.0479 -000.4338 +000.3356 0
L1 05    177 +016.4063 -001.5777 -001.7641 -046.4436 +081.6252 +124.0186 0
L1 06    177 +015.6224 -001.5434 -003.8211 -176.5284 +043.7841 -002.2905 0
L1 07    177 +014.8202 -001.5075 -004.7884 +110.5755 +009.4231 -034.7840 0
L1 08    177 +014.2223 -001.5423 -005.1688 -005.5071 -039.7114 +008.5243 0
L1 01    181 +016.3451 +000.1546 +001.3535 -085.1310 +001.4638 +001.9334 0
L1 02    181 +005.5906 +007.1781 +001.7760 -160.3280 -000.3449 +179.0170 0
L1 03    181 +016.4313 -000.5653 -000.8255 -091.4060 +001.9717 +092.1348 0
L1 04    181 +008.3301 +007.5387 +001.7674 -049.0483 -000.4338 +000.3354 0
L1 05    181 +016.4063 -001.5782 -001.7641 -046.4404 +081.6245 +124.0246 0
L1 06    181 +015.6224 -001.5434 -003.8213 -176.5285 +043.7830 -002.2887 0
L1 07    181 +014.8202 -001.5077 -004.7886 +110.5748 +009.4245 -034.7836 0
L1 08    181 +014.2223 -001.5426 -005.1687 -005.5075 -039.7133 +008.5230 0
L1 01    185 +016.3451 +000.1545 +001.3536 -085.1316 +001.4639 +001.9343 0
L1 02    185 +005.5906 +007.1781 +001.7760 -160.3284 -000.3447 +179.0168 0
L1 03    185 +016.4312 -000.5654 -000.8255 -091.4068 +001.9709 +092.1345 0
L1 04    185 +008.3301 +007.5387 +001.7674 -049.0484 -000.4338 +000.3357 0
L1 05    185 +016.4063 -001.5781 -001.7641 -046.4556 +081.6214 +124.0084 0
L1 06    185 +015.6224 -001.5433 -003.8211 -176.5282 +043.7843 -002.2888 0
L1 07    185 +014.8202 -001.5080 -004.7883 +110.5729 +009.4266 -034.7844 0
L1 08    185 +014.2222 -001.5427 -005.1688 -005.5057 -039.7120 +008.5203 0
L1 01    189 +016.3452 +000.1544 +001.3538 -085.1315 +001.4639 +001.9359 0
L1 02    189 +005.5906 +007.1781 +001.7760 -160.3287 -000.3452 +179.0167 0
L1 03    189 +016.4313 -000.5653 -000.8254 -091.4060 +001.9710 +092.1362 0
L1 04    189 +008.3301 +007.5387 +001.7674 -049.0483 -000.4337 +000.3357 0
L1 05    189 +016.4064 -001.5777 -001.7640 -046.4550 +081.6192 +124.0066 0
L1 06    189 +015.6225 -001.5436 -003.8208 -176.5268 +043.7870 -002.2865 0
L1 07    189 +014.8203 -001.5079 -004.7881 +110.5728 +009.4260 -034.7865 0
L1 08    189 +014.2223 -001.5426 -005.1687 -005.5053 -039.7123 +008.5210 0
L1 01    193 +016.3452 +000.1545 +001.3538 -085.1303 +001.4644 +001.9364 0
L1 02    193 +005.5906 +007.1781 +001.7760 -160.3280 -000.3449 +179.0168 0
L1 03    193 +016.4313 -000.5652 -000.8254 -091.4052 +001.9722 +092.1365 0
L1 04    193 +008.3301 +007.5388 +001.7674 -049.0483 -000.4339 +000.3357 0
L1 05    193 +016.4064 -001.5779 -001.7641 -046.4461 +081.6188 +124.0168 0
L1 06    193 +015.6225 -001.5436 -003.8209 -176.5275 +043.7868 -002.2875 0
L1 07    193 +014.8204 -001.5077 -004.7881 +110.5736 +009.4254 -034.7878 0
L1 08    193 +014.2224 -001.5424 -005.1688 -005.5076 -039.7130 +008.5240 0
L1 01    197 +016.3452 +000.1547 +001.3538 -085.1292 +001.4641 +001.9355 0
L1 02    197 +005.5906 +007.1781 +001.7760 -160.3277 -000.3448 +179.0170 0
L1 03    197 +016.4313 -000.5651 -000.8254 -091.4039 +001.9716 +092.1363 0
L1 04    197 +008.3300 +007.5388 +001.7674 -049.0476 -000.4340 +000.3359 0
L1 05    197 +016.4064 -001.5777 -001.7644 -046.4655 +081.6192 +123.9946 0
L1 06    197 +015.6224 -001.5432 -003.8212 -176.5262 +043.7847 -002.2889 0
L1 07    197 +014.8205 -001.5070 -004.7882 +110.5780 +009.4233 -034.7885 0
L1 08    197 +014.2224 -001.5423 -005.1689 -005.5070 -039.7125 +008.5243 0
L1 01    201 +016.3451 +000.1547 +001.3536 -085.1297 +001.4645 +001.9344 0
L1 02    201 +005.5906 +007.1781 +001.7761 -160.3278 -000.3447 +179.0168 0
L1 03    201 +016.4313 -000.5653 -000.8254 -091.4053 +001.9706 +092.1360 0
L1 04    201 +008.3300 +007.5388 +001.7674 -049.0479 -000.4339 +000.3359 0
L1 05    201 +016.4064 -001.5775 -001.7643 -046.4667 +081.6165 +123.9912 0
L1 06    201 +015.6224 -001.5433 -003.8213 -176.5239 +043.7835 -002.2864 0
L1 07    201 +014.8204 -001.5075 -004.7882 +110.5759 +009.4261 -034.7866 0
L1 08    201 +014.2224 -001.5426 -005.1688 -005.5053 -039.7132 +008.5212 0
L1 01    205 +016.3451 +000.1546 +001.3537 -085.1298 +001.4648 +001.9342 0
L1 02    205 +005.5906 +007.1781 +001.7761 -160.3278 -000.3446 +179.0167 0
L1 03    205 +016.4313 -000.5652 -000.8255 -091.4047 +001.9717 +092.1352 0
L1 04    205 +008.3300 +007.5388 +001.7674 -049.0473 -000.4341 +000.3356 0
L1 05    205 +016.4064 -001.5776 -001.7643 -046.4727 +081.6161 +123.9852 0
L1 06    205 +015.6224 -001.5431 -003.8214 -176.5240 +043.7836 -002.2891 0
L1 07    205 +014.8204 -001.5074 -004.7882 +110.5762 +009.4245 -034.7875 0
L1 08    205 +014.2223 -001.5425 -005.1688 -005.5056 -039.7129 +008.5227 0
L1 01    209 +016.3451 +000.1546 +001.3537 -085.1294 +001.4649 +001.9350 0
L1 02    209 +005.5906 +007.1781 +001.7761 -160.3277 -000.3447 +179.0168 0
L1 03    209 +016.4313 -000.5650 -000.8253 -091.4038 +001.9723 +092.1369 0
L1 04    209 +008.3300 +007.5388 +001.7674 -049.0474 -000.4339 +000.3359 0
L1 05    209 +016.4063 -001.5777 -001.7642 -046.4662 +081.6158 +123.9935 0
L1 06    209 +015.6224 -001.5428 -003.8213 -176.5244 +043.7843 -002.2899 0
L1 07    209 +014.8204 -001.5073 -004.7885 +110.5763 +009.4230 -034.7863 0
L1 08    209 +014.2224 -001.5421 -005.1687 -005.5062 -039.7137 +008.5251 0
L1 01    213 +016.3452 +000.1548 +001.3536 -085.1283 +001.4655 +001.9351 0
L1 02    213 +005.5906 +007.1781 +001.7760 -160.3279 -000.3448 +179.0169 0
L1 03    213 +016.4313 -000.5653 -000.8254 -091.4057 +001.9728 +092.1366 0
L1 04    213 +008.3300 +007.5388 +001.7674 -049.0480 -000.4337 +000.3358 0
L1 05    213 +016.4064 -001.5779 -001.7640 -046.4736 +081.6134 +123.9875 0
L1 06    213 +015.6224 -001.5433 -003.8214 -176.5269 +043.7843 -002.2891 0
L1 07    213 +014.8204 -001.5073 -004.7884 +110.5752 +009.4242 -034.7870 0
L1 08    213 +014.2224 -001.5424 -005.1688 -005.5081 -039.7136 +008.5248 0
L1 01    217 +016.3451 +000.1547 +001.3536 -085.1296 +001.4662 +001.9348 0
L1 02    217 +005.5906 +007.1781 +001.7761 -160.3280 -000.3448 +179.0167 0
L1 03    217 +016.4313 -000.5653 -000.8255 -091.4059 +001.9731 +092.1364 0
L1 04    217 +008.3300 +007.5388 +001.7674 -049.0479 -000.4339 +000.3356 0
L1 05    217 +016.4064 -001.5779 -001.7641 -046.4699 +081.6135 +123.9914 0
L1 06    217 +015.6225 -001.5434 -003.8211 -176.5283 +043.7860 -002.2903 0
L1 07    217 +014.8205 -001.5073 -004.7884 +110.5749 +009.4238 -034.7883 0
L1 08    217 +014.2224 -001.5423 -005.1690 -005.5087 -039.7129 +008.5252 0
L1 01    221 +016.3451 +000.1546 +001.3536 -085.1295 +001.4657 +001.9347 0
L1 02    221 +005.5906 +007.1781 +001.7760 -160.3280 -000.3448 +179.0170 0
L1 03    221 +016.4313 -000.5652 -000.8254 -091.4049 +001.9723 +092.1363 0
L1 04    221 +008.3300 +007.5388 +001.7674 -049.0474 -000.4339 +000.3354 0
L1 05    221 +016.4065 -001.5775 -001.7638 -046.4634 +081.6106 +123.9936 0
L1 06    221 +015.6225 -001.5429 -003.8212 -176.5229 +043.7859 -002.2888 0
L1 07    221 +014.8204 -001.5072 -004.7884 +110.5768 +009.4242 -034.7873 0
L1 08    221 +014.2224 -001.5423 -005.1688 -005.5077 -039.7132 +008.5247 0
L1 01    225 +016.3451 +000.1546 +001.3538 -085.1292 +001.4644 +001.9347 0
L1 02    225 +005.5906 +007.1781 +001.7760 -160.3281 -000.3451 +179.0170 0
L1 03    225 +016.4313 -000.5652 -000.8255 -091.4049 +001.9706 +092.1354 0
L1 04    225 +008.3300 +007.5388 +001.7674 -049.0478 -000.4339 +000.3357 0
L1 05    225 +016.4064 -001.5776 -001.7641 -046.4887 +081.6108 +123.9687 0
L1 06    225 +015.6223 -001.5433 -003.8214 -176.5221 +043.7824 -002.2850 0
L1 07    225 +014.8204 -001.5077 -004.7882 +110.5743 +009.4270 -034.7862 0
L1 08    225 +014.2223 -001.5424 -005.1688 -005.5048 -039.7126 +008.5219 0
L1 01    229 +016.3451 +000.1547 +001.3537 -085.1287 +001.4636 +001.9337 0
L1 02    229 +005.5906 +007.1781 +001.7760 -160.3279 -000.3451 +179.0171 0
L1 03    229 +016.4312 -000.5652 -000.8255 -091.4044 +001.9696 +092.1340 0
L1 04    229 +008.3300 +007.5388 +001.7674 -049.0477 -000.4341 +000.3358 0
L1 05    229 +016.4064 -001.5776 -001.7642 -046.5275 +081.6088 +123.9280 0
L1 06    229 +015.6222 -001.5435 -003.8215 -176.5220 +043.7808 -002.2851 0
L1 07    229 +014.8202 -001.5077 -004.7883 +110.5767 +009.4282 -034.7835 0
L1 08    229 +014.2222 -001.5425 -005.1688 -005.5035 -039.7107 +008.5200 0
L1 01    233 +016.3451 +000.1547 +001.3535 -085.1293 +001.4636 +001.9312 0
L1 02    233 +005.5906 +007.1781 +001.7760 -160.3278 -000.3450 +179.0172 0
L1 03    233 +016.4312 -000.5654 -000.8256 -091.4064 +001.9677 +092.1321 0
L1 04    233 +008.3300 +007.5388 +001.7674 -049.0477 -000.4343 +000.3357 0
L1 05    233 +016.4064 -001.5774 -001.7643 -046.5394 +081.6067 +123.9135 0
L1 06    233 +015.6220 -001.5436 -003.8217 -176.5222 +043.7791 -002.2848 0
L1 07    233 +014.8202 -001.5077 -004.7884 +110.5772 +009.4276 -034.7823 0
L1 08    233 +014.2221 -001.5428 -005.1688 -005.5037 -039.7102 +008.5191 0
L1 01    237 +016.3451 +000.1545 +001.3536 -085.1307 +001.4635 +001.9322 0
L1 02    237 +005.5906 +007.1781 +001.7760 -160.3282 -000.3450 +179.0171 0
L1 03    237 +016.4313 -000.5656 -000.8253 -091.4070 +001.9675 +092.1338 0
L1 04    237 +008.3300 +007.5388 +001.7674 -049.0481 -000.4341 +000.3359 0
L1 05    237 +016.4063 -001.5775 -001.7644 -046.5393 +081.6072 +123.9134 0
L1 06    237 +015.6222 -001.5436 -003.8214 -176.5203 +043.7807 -002.2834 0
L1 07    237 +014.8201 -001.5074 -004.7885 +110.5800 +009.4271 -034.7804 0
L1 08    237 +014.2221 -001.5427 -005.1687 -005.5025 -039.7110 +008.5186 0
L1 01    241 +016.3452 +000.1547 +001.3537 -085.1300 +001.4639 +001.9332 0
L1 02    241 +005.5906 +007.1781 +001.7760 -160.3288 -000.3447 +179.0169 0
L1 03    241 +016.4313 -000.5656 -000.8255 -091.4070 +001.9683 +092.1343 0
L1 04    241 +008.3300 +007.5387 +001.7674 -049.0483 -000.4340 +000.3357 0
L1 05    241 +016.4064 -001.5777 -001.7642 -046.5365 +081.6049 +123.9190 0
L1 06    241 +015.6222 -001.5435 -003.8215 -176.5225 +043.7808 -002.2844 0
L1 07    241 +014.8202 -001.5074 -004.7882 +110.5788 +009.4275 -034.7841 0
L1 08    241 +014.2222 -001.5428 -005.1687 -005.5037 -039.7116 +008.5191 0
L1 01    245 +016.3452 +000.1546 +001.3538 -085.1299 +001.4638 +001.9348 0
L1 02    245 +005.5906 +007.1781 +001.7760 -160.3286 -000.3447 +179.0170 0
L1 03    245 +016.4312 -000.5656 -000.8255 -091.4069 +001.9691 +092.1347 0
L1 04    245 +008.3300 +007.5387 +001.7674 -049.0485 -000.4339 +000.3358 0
L1 05    245 +016.4064 -001.5778 -001.7640 -046.5340 +081.6017 +123.9232 0
L1 06    245 +015.6222 -001.5439 -003.8214 -176.5242 +043.7812 -002.2827 0
L1 07    245 +014.8201 -001.5078 -004.7884 +110.5759 +009.4278 -034.7825 0
L1 08    245 +014.2221 -001.5428 -005.1687 -005.5050 -039.7114 +008.5193 0
L1 01    249 +016.3452 +000.1545 +001.3537 -085.1301 +001.4638 +001.9339 0
L1 02    249 +005.5906 +007.1781 +001.7760 -160.3286 -000.3448 +179.0170 0
L1 03    249 +016.4312 -000.5656 -000.8255 -091.4071 +001.9687 +092.1338 0
L1 04    249 +008.3301 +007.5387 +001.7674 -049.0485 -000.4339 +000.3356 0
L1 05    249 +016.4063 -001.5779 -001.7644 -046.5557 +081.6036 +123.9005 0
L1 06    249 +015.6222 -001.5438 -003.8211 -176.5214 +043.7824 -002.2813 0
L1 07    249 +014.8201 -001.5077 -004.7882 +110.5760 +009.4276 -034.7832 0
L1 08    249 +014.2220 -001.5429 -005.1686 -005.5041 -039.7109 +008.5180 0
L1 01    253 +016.3452 +000.1545 +001.3536 -085.1308 +001.4636 +001.9330 0
L1 02    253 +005.5907 +007.1781 +001.7760 -160.3293 -000.3451 +179.0167 0
L1 03    253 +016.4312 -000.5653 -000.8254 -091.4056 +001.9681 +092.1337 0
L1 04    253 +008.3300 +007.5388 +001.7674 -049.0483 -000.4339 +000.3356 0
L1 05    253 +016.4063 -001.5776 -001.7645 -046.5688 +081.6027 +123.8849 0
L1 06    253 +015.6221 -001.5437 -003.8210 -176.5198 +043.7829 -002.2806 0
L1 07    253 +014.8201 -001.5076 -004.7883 +110.5776 +009.4272 -034.7825 0
L1 08    253 +014.2220 -001.5428 -005.1687 -005.5040 -039.7104 +008.5184 0
L1 01    257 +016.3451 +000.1545 +001.3536 -085.1301 +001.4628 +001.9327 0
L1 02    257 +005.5906 +007.1781 +001.7760 -160.3285 -000.3449 +179.0166 0
L1 03    257 +016.4312 -000.5653 -000.8255 -091.4053 +001.9683 +092.1331 0
L1 04    257 +008.3301 +007.5388 +001.7673 -049.0482 -000.4337 +000.3352 0
L1 05    257 +016.4062 -001.5777 -001.7644 -046.5703 +081.6009 +123.8837 0
L1 06    257 +015.6221 -001.5438 -003.8211 -176.5211 +043.7824 -002.2826 0
L1 07    257 +014.8200 -001.5078 -004.7881 +110.5761 +009.4273 -034.7833 0
L1 08    257 +014.2220 -001.5428 -005.1686 -005.5047 -039.7106 +008.5190 0
L1 01    261 +016.3451 +000.1545 +001.3537 -085.1297 +001.4621 +001.9332 0
L1 02    261 +005.5906 +007.1781 +001.7760 -160.3288 -000.3449 +179.0167 0
L1 03    261 +016.4312 -000.5654 -000.8253 -091.4057 +001.9677 +092.1334 0
L1 04    261 +008.3300 +007.5388 +001.7674 -049.0479 -000.4337 +000.3356 0
L1 05    261 +016.4063 -001.5778 -001.7643 -046.5787 +081.6000 +123.8749 0
L1 06    261 +015.6221 -001.5438 -003.8213 -176.5184 +043.7796 -002.2792 0
L1 07    261 +014.8199 -001.5078 -004.7883 +110.5773 +009.4279 -034.7805 0
L1 08    261 +014.2219 -001.5430 -005.1686 -005.5026 -039.7091 +008.5164 0
L1 01    265 +016.3451 +000.1545 +001.3537 -085.1298 +001.4615 +001.9324 0
L1 02    265 +005.5906 +007.1781 +001.7760 -160.3288 -000.3450 +179.0168 0
L1 03    265 +016.4311 -000.5655 -000.8257 -091.4058 +001.9666 +092.1291 0
L1 04    265 +008.3300 +007.5388 +001.7674 -049.0473 -000.4338 +000.3357 0
L1 05    265 +016.4062 -001.5779 -001.7642 -046.5852 +081.5982 +123.8680 0
L1 06    265 +015.6220 -001.5437 -003.8214 -176.5169 +043.7783 -002.2802 0
L1 07    265 +014.8199 -001.5076 -004.7883 +110.5803 +009.4280 -034.7794 0
L1 08    265 +014.2218 -001.5428 -005.1687 -005.4991 -039.7067 +008.5160 0
L1 01    269 +016.3451 +000.1545 +001.3536 -085.1296 +001.4614 +001.9321 0
L1 02    269 +005.5906 +007.1781 +001.7761 -160.3286 -000.3447 +179.0166 0
L1 03    269 +016.4311 -000.5651 -000.8255 -091.4021 +001.9675 +092.1311 0
L1 04    269 +008.3300 +007.5388 +001.7673 -049.0473 -000.4339 +000.3352 0
L1 05    269 +016.4061 -001.5779 -001.7639 -046.5851 +081.5965 +123.8672 0
L1 06    269 +015.6220 -001.5434 -003.8214 -176.5148 +043.7778 -002.2810 0
L1 07    269 +014.8198 -001.5071 -004.7884 +110.5832 +009.4272 -034.7792 0
L1 08    269 +014.2218 -001.5427 -005.1686 -005.5009 -039.7081 +008.5183 0
L1 01    273 +016.3451 +000.1546 +001.3535 -085.1290 +001.4619 +001.9317 0
L1 02    273 +005.5906 +007.1781 +001.7761 -160.3286 -000.3448 +179.0168 0
L1 03    273 +016.4311 -000.5652 -000.8256 -091.4035 +001.9676 +092.1303 0
L1 04    273 +008.3300 +007.5388 +001.7674 -049.0476 -000.4339 +000.3356 0
L1 05    273 +016.4061 -001.5779 -001.7645 -046.6051 +081.5974 +123.8468 0
L1 06    273 +015.6220 -001.5435 -003.8212 -176.5161 +043.7790 -002.2803 0
L1 07    273 +014.8198 -001.5073 -004.7884 +110.5823 +009.4267 -034.7791 0
L1 08    273 +014.2218 -001.5425 -005.1686 -005.5013 -039.7078 +008.5190 0
L1 01    277 +016.3451 +000.1546 +001.3535 -085.1286 +001.4628 +001.9313 0
L1 02    277 +005.5906 +007.1781 +001.7761 -160.3283 -000.3445 +179.0166 0
L1 03    277 +016.4311 -000.5654 -000.8256 -091.4048 +001.9679 +092.1300 0
L1 04    277 +008.3300 +007.5388 +001.7673 -049.0477 -000.4339 +000.3354 0
L1 05    277 +016.4061 -001.5780 -001.7645 -046.6137 +081.5968 +123.8385 0
L1 06    277 +015.6220 -001.5433 -003.8213 -176.5157 +043.7791 -002.2816 0
L1 07    277 +014.8200 -001.5071 -004.7881 +110.5824 +009.4267 -034.7817 0
L1 08    277 +014.2218 -001.5427 -005.1686 -005.5019 -039.7081 +008.5185 0
L1 01    281 +016.3451 +000.1546 +001.3535 -085.1293 +001.4626 +001.9307 0
L1 02    281 +005.5906 +007.1781 +001.7761 -160.3286 -000.3446 +179.0165 0
L1 03    281 +016.4311 -000.5657 -000.8257 -091.4071 +001.9674 +092.1286 0
L1 04    281 +008.3300 +007.5388 +001.7674 -049.0481 -000.4339 +000.3356 0
L1 05    281 +016.4062 -001.5777 -001.7643 -046.6110 +081.5950 +123.8390 0
L1 06    281 +015.6220 -001.5435 -003.8213 -176.5161 +043.7784 -002.2806 0
L1 07    281 +014.8199 -001.5075 -004.7880 +110.5799 +009.4274 -034.7808 0
L1 08    281 +014.2217 -001.5428 -005.1687 -005.5034 -039.7075 +008.5183 0
L1 01    285 +016.3451 +000.1545 +001.3536 -085.1297 +001.4614 +001.9312 0
L1 02    285 +005.5906 +007.1781 +001.7760 -160.3286 -000.3450 +179.0168 0
L1 03    285 +016.4311 -000.5654 -000.8257 -091.4054 +001.9667 +092.1284 0
L1 04    285 +008.3300 +007.5388 +001.7673 -049.0481 -000.4340 +000.3353 0
L1 05    285 +016.4061 -001.5778 -001.7644 -046.6221 +081.5947 +123.8288 0
L1 06    285 +015.6218 -001.5436 -003.8213 -176.5172 +043.7765 -002.2808 0
L1 07    285 +014.8196 -001.5079 -004.7885 +110.5792 +009.4280 -034.7756 0
L1 08    285 +014.2216 -001.5429 -005.1686 -005.5017 -039.7063 +008.5169 0
L1 01    289 +016.3451 +000.1543 +001.3536 -085.1309 +001.4617 +001.9314 0
L1 02    289 +005.5906 +007.1781 +001.7760 -160.3285 -000.3452 +179.0169 0
L1 03    289 +016.4311 -000.5655 -000.8256 -091.4058 +001.9665 +092.1300 0
L1 04    289 +008.3301 +007.5387 +001.7673 -049.0485 -000.4338 +000.3355 0
L1 05    289 +016.4062 -001.5781 -001.7643 -046.6292 +081.5911 +123.8235 0
L1 06    289 +015.6220 -001.5441 -003.8211 -176.5182 +043.7786 -002.2789 0
L1 07    289 +014.8197 -001.5081 -004.7883 +110.5783 +009.4309 -034.7767 0
L1 08    289 +014.2217 -001.5428 -005.1686 -005.5009 -039.7075 +008.5167 0
L1 01    293 +016.3452 +000.1545 +001.3536 -085.1295 +001.4623 +001.9318 0
L1 02    293 +005.5906 +007.1781 +001.7761 -160.3284 -000.3448 +179.0168 0
L1 03    293 +016.4311 -000.5655 -000.8255 -091.4059 +001.9670 +092.1309 0
L1 04    293 +008.3300 +007.5388 +001.7674 -049.0480 -000.4339 +000.3357 0
L1 05    293 +016.4061 -001.5781 -001.7645 -046.6323 +081.5924 +123.8201 0
L1 06    293 +015.6220 -001.5439 -003.8210 -176.5162 +043.7805 -002.2772 0
L1 07    293 +014.8198 -001.5083 -004.7882 +110.5768 +009.4298 -034.7790 0
L1 08    293 +014.2217 -001.5428 -005.1686 -005.5016 -039.7075 +008.5173 0
L1 01    297 +016.3452 +000.1546 +001.3534 -085.1290 +001.4637 +001.9313 0
L1 02    297 +005.5906 +007.1781 +001.7760 -160.3287 -000.3449 +179.0168 0
L1 03    297 +016.4311 -000.5656 -000.8255 -091.4063 +001.9683 +092.1312 0
L1 04    297 +008.3300 +007.5388 +001.7673 -049.0480 -000.4339 +000.3353 0
L1 05    297 +016.4061 -001.5780 -001.7643 -046.6158 +081.5907 +123.8360 0
L1 06    297 +015.6220 -001.5435 -003.8213 -176.5168 +043.7794 -002.2809 0
L1 07    297 +014.8200 -001.5075 -004.7884 +110.5797 +009.4274 -034.7797 0
L1 08    297 +014.2219 -001.5427 -005.1686 -005.5028 -039.7090 +008.5191 0
L1 01    301 +016.3452 +000.1547 +001.3534 -085.1281 +001.4640 +001.9319 0
L1 02    301 +005.5906 +007.1781 +001.7760 -160.3284 -000.3450 +179.0169 0
L1 03    301 +016.4312 -000.5655 -000.8255 -091.4062 +001.9689 +092.1320 0
L1 04    301 +008.3301 +007.5388 +001.7673 -049.0485 -000.4336 +000.3351 0
L1 05    301 +016.4062 -001.5779 -001.7643 -046.6188 +081.5895 +123.8326 0
L1 06    301 +015.6221 -001.5432 -003.8211 -176.5174 +043.7812 -002.2830 0
L1 07    301 +014.8201 -001.5075 -004.7880 +110.5788 +009.4275 -034.7826 0
L1 08    301 +014.2219 -001.5426 -005.1686 -005.5067 -039.7087 +008.5221 0
L1 01    305 +016.3452 +000.1546 +001.3535 -085.1292 +001.4635 +001.9324 0
L1 02    305 +005.5906 +007.1781 +001.7760 -160.3286 -000.3449 +179.0167 0
L1 03    305 +016.4311 -000.5657 -000.8255 -091.4079 +001.9683 +092.1315 0
L1 04    305 +008.3301 +007.5387 +001.7673 -049.0485 -000.4337 +000.3352 0
L1 05    305 +016.4061 -001.5780 -001.7643 -046.6322 +081.5882 +123.8197 0
L1 06    305 +015.6220 -001.5435 -003.8213 -176.5188 +043.7791 -002.2809 0
L1 07    305 +014.8199 -001.5075 -004.7882 +110.5778 +009.4282 -034.7809 0
L1 08    305 +014.2218 -001.5426 -005.1686 -005.5063 -039.7087 +008.5209 0
L1 01    309 +016.3451 +000.1545 +001.3537 -085.1295 +001.4620 +001.9323 0
L1 02    309 +005.5906 +007.1781 +001.7760 -160.3287 -000.3449 +179.0167 0
L1 03    309 +016.4310 -000.5657 -000.8255 -091.4074 +001.9665 +092.1302 0
L1 04    309 +008.3300 +007.5387 +001.7674 -049.0483 -000.4337 +000.3359 0
L1 05    309 +016.4060 -001.5780 -001.7644 -046.6604 +081.5867 +123.7898 0
L1 06    309 +015.6218 -001.5441 -003.8212 -176.5172 +043.7780 -002.2762 0
L1 07    309 +014.8196 -001.5080 -004.7882 +110.5774 +009.4296 -034.7781 0
L1 08    309 +014.2215 -001.5431 -005.1684 -005.5029 -039.7063 +008.5158 0
L1 01    313 +016.3451 +000.1546 +001.3536 -085.1283 +001.4605 +001.9309 0
L1 02    313 +005.5906 +007.1781 +001.7760 -160.3288 -000.3449 +179.0167 0
L1 03    313 +016.4309 -000.5657 -000.8256 -091.4062 +001.9627 +092.1265 0
L1 04    313 +008.3300 +007.5388 +001.7673 -049.0479 -000.4338 +000.3350 0
L1 05    313 +016.4059 -001.5779 -001.7644 -046.6917 +081.5849 +123.7549 0
L1 06    313 +015.6216 -001.5441 -003.8211 -176.5116 +043.7744 -002.2729 0
L1 07    313 +014.8193 -001.5085 -004.7880 +110.5796 +009.4335 -034.7732 0
L1 08    313 +014.2212 -001.5434 -005.1682 -005.4959 -039.7040 +008.5095 0
L1 01    317 +016.3450 +000.1548 +001.3536 -085.1256 +001.4597 +001.9294 0
L1 02    317 +005.5906 +007.1781 +001.7761 -160.3280 -000.3448 +179.0168 0
L1 03    317 +016.4309 -000.5656 -000.8256 -091.4033 +001.9626 +092.1250 0
L1 04    317 +008.3300 +007.5389 +001.7673 -049.0470 -000.4340 +000.3349 0
L1 05    317 +016.4059 -001.5779 -001.7641 -046.6904 +081.5836 +123.7548 0
L1 06    317 +015.6215 -001.5438 -003.8210 -176.5074 +043.7743 -002.2749 0
L1 07    317 +014.8193 -001.5081 -004.7880 +110.5843 +009.4333 -034.7730 0
L1 08    317 +014.2211 -001.5433 -005.1685 -005.4952 -039.7024 +008.5116 0
L1 01    321 +016.3451 +000.1547 +001.3535 -085.1267 +001.4590 +001.9287 0
L1 02    321 +005.5906 +007.1781 +001.7760 -160.3282 -000.3451 +179.0168 0
L1 03    321 +016.4309 -000.5653 -000.8255 -091.4018 +001.9626 +092.1261 0
L1 04    321 +008.3300 +007.5388 +001.7673 -049.0471 -000.4340 +000.3350 0
L1 05    321 +016.4059 -001.5777 -001.7643 -046.6992 +081.5833 +123.7439 0
L1 06    321 +015.6215 -001.5435 -003.8213 -176.5080 +043.7725 -002.2762 0
L1 07    321 +014.8194 -001.5080 -004.7879 +110.5836 +009.4326 -034.7741 0
L1 08    321 +014.2212 -001.5430 -005.1683 -005.4953 -039.7032 +008.5123 0
L1 01    325 +016.3450 +000.1547 +001.3535 -085.1272 +001.4596 +001.9289 0
L1 02    325 +005.5906 +007.1781 +001.7760 -160.3282 -000.3450 +179.0168 0
L1 03    325 +016.4309 -000.5653 -000.8257 -091.4027 +001.9636 +092.1258 0
L1 04    325 +008.3300 +007.5388 +001.7673 -049.0475 -000.4338 +000.3354 0
L1 05    325 +016.4059 -001.5778 -001.7641 -046.6966 +081.5806 +123.7478 0
L1 06    325 +015.6216 -001.5433 -003.8212 -176.5067 +043.7738 -002.2751 0
L1 07    325 +014.8196 -001.5077 -004.7876 +110.5850 +009.4325 -034.7766 0
L1 08    325 +014.2213 -001.5429 -005.1684 -005.4956 -039.7038 +008.5128 0
L1 01    329 +016.3450 +000.1545 +001.3534 -085.1293 +001.4601 +001.9288 0
L1 02    329 +005.5907 +007.1781 +001.7760 -160.3290 -000.3450 +179.0166 0
L1 03    329 +016.4309 -000.5656 -000.8257 -091.4065 +001.9645 +092.1259 0
L1 04    329 +008.3301 +007.5387 +001.7673 -049.0488 -000.4336 +000.3353 0
L1 05    329 +016.4059 -001.5780 -001.7641 -046.6889 +081.5793 +123.7575 0
L1 06    329 +015.6217 -001.5435 -003.8212 -176.5113 +043.7752 -002.2771 0
L1 07    329 +014.8195 -001.5078 -004.7879 +110.5819 +009.4313 -034.7762 0
L1 08    329 +014.2214 -001.5429 -005.1685 -005.5003 -039.7047 +008.5153 0
L1 01    333 +016.3450 +000.1543 +001.3533 -085.1301 +001.4601 +001.9279 0
L1 02    333 +005.5907 +007.1781 +001.7761 -160.3293 -000.3450 +179.0163 0
L1 03    333 +016.4309 -000.5655 -000.8257 -091.4054 +001.9643 +092.1248 0
L1 04    333 +008.3301 +007.5387 +001.7673 -049.0483 -000.4335 +000.3354 0
L1 05    333 +016.4059 -001.5777 -001.7642 -046.7028 +081.5801 +123.7408 0
L1 06    333 +015.6214 -001.5438 -003.8214 -176.5131 +043.7717 -002.2754 0
L1 07    333 +014.8192 -001.5074 -004.7886 +110.5840 +009.4286 -034.7715 0
L1 08    333 +014.2212 -001.5428 -005.1685 -005.5006 -039.7026 +008.5154 0
L1 01    337 +016.3451 +000.1544 +001.3533 -085.1291 +001.4593 +001.9273 0
L1 02    337 +005.5906 +007.1781 +001.7761 -160.3284 -000.3448 +179.0166 0
L1 03    337 +016.4309 -000.5653 -000.8256 -091.4033 +001.9636 +092.1237 0
L1 04    337 +008.3301 +007.5387 +001.7673 -049.0485 -000.4335 +000.3348 0
L1 05    337 +016.4058 -001.5777 -001.7644 -046.7286 +081.5798 +123.7155 0
L1 06    337 +015.6213 -001.5443 -003.8213 -176.5119 +043.7703 -002.2731 0
L1 07    337 +014.8189 -001.5085 -004.7884 +110.5825 +009.4314 -034.7684 0
L1 08    337 +014.2209 -001.5432 -005.1684 -005.4979 -039.7010 +008.5118 0
L1 01    341 +016.3451 +000.1547 +001.3534 -085.1274 +001.4586 +001.9271 0
L1 02    341 +005.5906 +007.1781 +001.7760 -160.3286 -000.3448 +179.0170 0
L1 03    341 +016.4308 -000.5654 -000.8257 -091.4037 +001.9618 +092.1211 0
L1 04    341 +008.3300 +007.5388 +001.7673 -049.0478 -000.4339 +000.3351 0
L1 05    341 +016.4057 -001.5780 -001.7644 -046.7426 +081.5800 +123.7012 0
L1 06    341 +015.6211 -001.5444 -003.8211 -176.5101 +043.7698 -002.2714 0
L1 07    341 +014.8189 -001.5079 -004.7880 +110.5861 +009.4313 -034.7686 0
L1 08    341 +014.2207 -001.5432 -005.1684 -005.4949 -039.6981 +008.5100 0
L1 01    345 +016.3451 +000.1547 +001.3534 -085.1271 +001.4581 +001.9263 0
L1 02    345 +005.5906 +007.1781 +001.7761 -160.3283 -000.3446 +179.0168 0
L1 03    345 +016.4308 -000.5656 -000.8259 -091.4038 +001.9601 +092.1191 0
L1 04    345 +008.3300 +007.5388 +001.7674 -049.0479 -000.4341 +000.3356 0
L1 05    345 +016.4056 -001.5782 -001.7645 -046.7726 +081.5794 +123.6720 0
L1 06    345 +015.6210 -001.5446 -003.8213 -176.5086 +043.7677 -002.2697 0
L1 07    345 +014.8188 -001.5080 -004.7879 +110.5860 +009.4310 -034.7675 0
L1 08    345 +014.2206 -001.5434 -005.1685 -005.4935 -039.6960 +008.5086 0
L1 01    349 +016.3450 +000.1544 +001.3533 -085.1295 +001.4584 +001.9250 0
L1 02    349 +005.5906 +007.1781 +001.7760 -160.3287 -000.3449 +179.0167 0
L1 03    349 +016.4308 -000.5658 -000.8258 -091.4064 +001.9588 +092.1198 0
L1 04    349 +008.3301 +007.5387 +001.7673 -049.0484 -000.4340 +000.3353 0
L1 05    349 +016.4056 -001.5782 -001.7646 -046.7834 +081.5774 +123.6599 0
L1 06    349 +015.6210 -001.5444 -003.8213 -176.5073 +043.7666 -002.2692 0
L1 07    349 +014.8187 -001.5088 -004.7882 +110.5834 +009.4338 -034.7646 0
L1 08    349 +014.2206 -001.5435 -005.1683 -005.4931 -039.6979 +008.5071 0
L1 01    353 +016.3451 +000.1543 +001.3535 -085.1308 +001.4582 +001.9266 0
L1 02    353 +005.5906 +007.1781 +001.7760 -160.3288 -000.3448 +179.0167 0
L1 03    353 +016.4307 -000.5660 -000.8257 -091.4078 +001.9593 +092.1210 0
L1 04    353 +008.3301 +007.5387 +001.7673 -049.0491 -000.4337 +000.3351 0
L1 05    353 +016.4057 -001.5782 -001.7641 -046.7793 +081.5732 +123.6650 0
L1 06    353 +015.6211 -001.5446 -003.8214 -176.5081 +043.7668 -002.2671 0
L1 07    353 +014.8188 -001.5087 -004.7879 +110.5817 +009.4356 -034.7668 0
L1 08    353 +014.2207 -001.5436 -005.1682 -005.4944 -039.6992 +008.5062 0
L1 01    357 +016.3451 +000.1545 +001.3535 -085.1286 +001.4593 +001.9275 0
L1 02    357 +005.5906 +007.1781 +001.7761 -160.3289 -000.3447 +179.0166 0
L1 03    357 +016.4308 -000.5659 -000.8256 -091.4067 +001.9603 +092.1220 0
L1 04    357 +008.3301 +007.5387 +001.7673 -049.0488 -000.4337 +000.3352 0
L1 05    357 +016.4057 -001.5786 -001.7641 -046.7767 +081.5716 +123.6680 0
L1 06    357 +015.6211 -001.5444 -003.8212 -176.5073 +043.7674 -002.2682 0
L1 07    357 +014.8188 -001.5083 -004.7880 +110.5838 +009.4349 -034.7670 0
L1 08    357 +014.2207 -001.5437 -005.1682 -005.4948 -039.6998 +008.5070 0
L1 01    361 +016.3451 +000.1546 +001.3536 -085.1274 +001.4582 +001.9278 0
L1 02    361 +005.5906 +007.1781 +001.7760 -160.3283 -000.3447 +179.0168 0
L1 03    361 +016.4307 -000.5657 -000.8258 -091.4045 +001.9607 +092.1206 0
L1 04    361 +008.3300 +007.5388 +001.7674 -049.0478 -000.4339 +000.3355 0
L1 05    361 +016.4057 -001.5784 -001.7643 -046.7816 +081.5725 +123.6624 0
L1 06    361 +015.6211 -001.5447 -003.8209 -176.5090 +043.7697 -002.2691 0
L1 07    361 +014.8188 -001.5084 -004.7882 +110.5838 +009.4331 -034.7673 0
L1 08    361 +014.2207 -001.5433 -005.1682 -005.4956 -039.6993 +008.5100 0
L1 01    365 +016.3450 +000.1547 +001.3534 -085.1259 +001.4575 +001.9256 0
L1 02    365 +005.5906 +007.1781 +001.7761 -160.3283 -000.3449 +179.0167 0
L1 03    365 +016.4307 -000.5655 -000.8258 -091.4022 +001.9607 +092.1187 0
L1 04    365 +008.3299 +007.5389 +001.7674 -049.0466 -000.4342 +000.3357 0
L1 05    365 +016.4056 -001.5781 -001.7645 -046.8030 +081.5723 +123.6373 0
L1 06    365 +015.6210 -001.5444 -003.8212 -176.5086 +043.7668 -002.2717 0
L1 07    365 +014.8187 -001.5084 -004.7881 +110.5848 +009.4321 -034.7665 0
L1 08    365 +014.2205 -001.5433 -005.1682 -005.4950 -039.6974 +008.5104 0
L1 01    369 +016.3450 +000.1546 +001.3535 -085.1261 +001.4568 +001.9259 0
L1 02    369 +005.5906 +007.1781 +001.7760 -160.3278 -000.3449 +179.0170 0
L1 03    369 +016.4306 -000.5655 -000.8257 -091.4018 +001.9590 +092.1184 0
L1 04    369 +008.3300 +007.5388 +001.7673 -049.0472 -000.4340 +000.3350 0
L1 05    369 +016.4055 -001.5782 -001.7646 -046.8193 +081.5717 +123.6205 0
L1 06    369 +015.6208 -001.5444 -003.8213 -176.5043 +043.7644 -002.2683 0
L1 07    369 +014.8186 -001.5085 -004.7879 +110.5855 +009.4349 -034.7656 0
L1 08    369 +014.2204 -001.5435 -005.1681 -005.4925 -039.6961 +008.5067 0
L1 01    373 +016.3450 +000.1547 +001.3533 -085.1261 +001.4565 +001.9240 0
L1 02    373 +005.5906 +007.1781 +001.7760 -160.3281 -000.3451 +179.0173 0
L1 03    373 +016.4305 -000.5657 -000.8258 -091.4034 +001.9580 +092.1163 0
L1 04    373 +008.3300 +007.5388 +001.7673 -049.0471 -000.4343 +000.3353 0
L1 05    373 +016.4054 -001.5782 -001.7639 -046.8137 +081.5680 +123.6256 0
L1 06    373 +015.6207 -001.5443 -003.8214 -176.5015 +043.7626 -002.2655 0
L1 07    373 +014.8183 -001.5089 -004.7877 +110.5850 +009.4352 -034.7630 0
L1 08    373 +014.2200 -001.5439 -005.1682 -005.4916 -039.6924 +008.5037 0
L1 01    377 +016.3450 +000.1546 +001.3534 -085.1267 +001.4560 +001.9233 0
L1 02    377 +005.5906 +007.1781 +001.7760 -160.3282 -000.3450 +179.0171 0
L1 03    377 +016.4305 -000.5659 -000.8259 -091.4053 +001.9555 +092.1144 0
L1 04    377 +008.3300 +007.5388 +001.7673 -049.0476 -000.4342 +000.3354 0
L1 05    377 +016.4053 -001.5785 -001.7645 -046.8569 +081.5691 +123.5829 0
L1 06    377 +015.6204 -001.5446 -003.8214 -176.5021 +043.7606 -002.2649 0
L1 07    377 +014.8181 -001.5093 -004.7880 +110.5841 +009.4365 -034.7580 0
L1 08    377 +014.2199 -001.5443 -005.1681 -005.4900 -039.6918 +008.5001 0
L1 01    381 +016.3449 +000.1546 +001.3532 -085.1276 +001.4546 +001.9208 0
L1 02    381 +005.5906 +007.1781 +001.7760 -160.3286 -000.3449 +179.0170 0
L1 03    381 +016.4305 -000.5660 -000.8259 -091.4050 +001.9550 +092.1132 0
L1 04    381 +008.3300 +007.5388 +001.7674 -049.0474 -000.4342 +000.3357 0
L1 05    381 +016.4052 -001.5786 -001.7646 -046.8785 +081.5687 +123.5605 0
L1 06    381 +015.6205 -001.5446 -003.8211 -176.4994 +043.7615 -002.2625 0
L1 07    381 +014.8181 -001.5089 -004.7882 +110.5894 +009.4362 -034.7561 0
L1 08    381 +014.2198 -001.5442 -005.1684 -005.4873 -039.6893 +008.4991 0
L1 01    385 +016.3450 +000.1546 +001.3532 -085.1273 +001.4548 +001.9218 0
L1 02    385 +005.5906 +007.1781 +001.7760 -160.3288 -000.3449 +179.0169 0
L1 03    385 +016.4305 -000.5659 -000.8258 -091.4048 +001.9554 +092.1149 0
L1 04    385 +008.3300 +007.5388 +001.7673 -049.0476 -000.4341 +000.3353 0
L1 05    385 +016.4053 -001.5785 -001.7643 -046.8590 +081.5654 +123.5805 0
L1 06    385 +015.6205 -001.5447 -003.8213 -176.4999 +043.7611 -002.2626 0
L1 07    385 +014.8180 -001.5089 -004.7883 +110.5886 +009.4358 -034.7565 0
L1 08    385 +014.2199 -001.5440 -005.1682 -005.4887 -039.6923 +008.5011 0
L1 01    389 +016.3450 +000.1544 +001.3532 -085.1291 +001.4567 +001.9230 0
L1 02    389 +005.5906 +007.1781 +001.7760 -160.3287 -000.3452 +179.0168 0
L1 03    389 +016.4305 -000.5662 -000.8259 -091.4072 +001.9564 +092.1147 0
L1 04    389 +008.3300 +007.5387 +001.7673 -049.0485 -000.4340 +000.3356 0
L1 05    389 +016.4053 -001.5786 -001.7645 -046.8710 +081.5651 +123.5698 0
L1 06    389 +015.6204 -001.5448 -003.8212 -176.5010 +043.7614 -002.2619 0
L1 07    389 +014.8181 -001.5091 -004.7880 +110.5853 +009.4376 -034.7589 0
L1 08    389 +014.2200 -001.5441 -005.1682 -005.4903 -039.6926 +008.5011 0
L1 01    393 +016.3450 +000.1542 +001.3537 -085.1295 +001.4554 +001.9257 0
L1 02    393 +005.5906 +007.1781 +001.7760 -160.3285 -000.3449 +179.0168 0
L1 03    393 +016.4305 -000.5660 -000.8259 -091.4062 +001.9567 +092.1145 0
L1 04    393 +008.3300 +007.5387 +001.7674 -049.0487 -000.4338 +000.3358 0
L1 05    393 +016.4053 -001.5786 -001.7645 -046.8691 +081.5651 +123.5712 0
L1 06    393 +015.6205 -001.5448 -003.8212 -176.5019 +043.7618 -002.2626 0
L1 07    393 +014.8182 -001.5086 -004.7879 +110.5874 +009.4374 -034.7598 0
L1 08    393 +014.2199 -001.5438 -005.1681 -005.4911 -039.6925 +008.5029 0
L1 01    397 +016.3450 +000.1542 +001.3534 -085.1294 +001.4557 +001.9237 0
L1 02    397 +005.5906 +007.1781 +001.7760 -160.3287 -000.3450 +179.0168 0
L1 03    397 +016.4305 -000.5658 -000.8259 -091.4048 +001.9568 +092.1142 0
L1 04    397 +008.3300 +007.5387 +001.7674 -049.0480 -000.4340 +000.3358 0
L1 05    397 +016.4054 -001.5784 -001.7644 -046.8718 +081.5641 +123.5672 0
L1 06    397 +015.6205 -001.5443 -003.8213 -176.5012 +043.7602 -002.2659 0
L1 07    397 +014.8180 -001.5087 -004.7882 +110.5873 +009.4355 -034.7584 0
L1 08    397 +014.2199 -001.5438 -005.1682 -005.4911 -039.6914 +008.5036 0
L1 01    401 +016.3449 +000.1545 +001.3531 -085.1268 +001.4557 +001.9196 0
L1 02    401 +005.5906 +007.1781 +001.7760 -160.3282 -000.3448 +179.0166 0
L1 03    401 +016.4305 -000.5659 -000.8261 -091.4037 +001.9558 +092.1114 0
L1 04    401 +008.3300 +007.5388 +001.7673 -049.0474 -000.4341 +000.3354 0
L1 05    401 +016.4053 -001.5781 -001.7644 -046.8867 +081.5625 +123.5475 0
L1 06    401 +015.6204 -001.5443 -003.8213 -176.4995 +043.7592 -002.2661 0
L1 07    401 +014.8180 -001.5086 -004.7879 +110.5896 +009.4359 -034.7583 0
L1 08    401 +014.2198 -001.5437 -005.1682 -005.4897 -039.6905 +008.5043 0
L1 01    405 +016.3449 +000.1545 +001.3532 -085.1268 +001.4551 +001.9210 0
L1 02    405 +005.5906 +007.1781 +001.7760 -160.3279 -000.3447 +179.0168 0
L1 03    405 +016.4305 -000.5659 -000.8261 -091.4036 +001.9546 +092.1115 0
L1 04    405 +008.3300 +007.5388 +001.7673 -049.0472 -000.4342 +000.3354 0
L1 05    405 +016.4052 -001.5782 -001.7648 -046.9079 +081.5628 +123.5265 0
L1 06    405 +015.6203 -001.5445 -003.8215 -176.4986 +043.7574 -002.2641 0
L1 07    405 +014.8179 -001.5085 -004.7881 +110.5915 +009.4366 -034.7561 0
L1 08    405 +014.2198 -001.5439 -005.1682 -005.4893 -039.6900 +008.5023 0
L1 01    409 +016.3449 +000.1546 +001.3531 -085.1268 +001.4558 +001.9201 0
L1 02    409 +005.5906 +007.1781 +001.7761 -160.3282 -000.3445 +179.0166 0
L1 03    409 +016.4305 -000.5659 -000.8261 -091.4041 +001.9527 +092.1116 0
L1 04    409 +008.3300 +007.5388 +001.7674 -049.0476 -000.4342 +000.3357 0
L1 05    409 +016.4053 -001.5783 -001.7644 -046.8944 +081.5601 +123.5405 0
L1 06    409 +015.6203 -001.5446 -003.8214 -176.4971 +043.7581 -002.2624 0
L1 07    409 +014.8179 -001.5088 -004.7880 +110.5901 +009.4373 -034.7568 0
L1 08    409 +014.2198 -001.5439 -005.1682 -005.4877 -039.6903 +008.5007 0
L1 01    413 +016.3449 +000.1545 +001.3535 -085.1274 +001.4547 +001.9230 0
L1 02    413 +005.5906 +007.1781 +001.7761 -160.3281 -000.3446 +179.0168 0
L1 03    413 +016.4305 -000.5660 -000.8259 -091.4043 +001.9512 +092.1128 0
L1 04    413 +008.3300 +007.5387 +001.7674 -049.0481 -000.4341 +000.3360 0
L1 05    413 +016.4053 -001.5785 -001.7645 -046.9078 +081.5585 +123.5285 0
L1 06    413 +015.6203 -001.5448 -003.8214 -176.4986 +043.7588 -002.2617 0
L1 07    413 +014.8180 -001.5090 -004.7881 +110.5882 +009.4387 -034.7561 0
L1 08    413 +014.2198 -001.5439 -005.1681 -005.4879 -039.6907 +008.5008 0
L1 01    417 +016.3450 +000.1544 +001.3533 -085.1273 +001.4547 +001.9220 0
L1 02    417 +005.5906 +007.1781 +001.7760 -160.3284 -000.3447 +179.0169 0
L1 03    417 +016.4304 -000.5659 -000.8259 -091.4036 +001.9503 +092.1131 0
L1 04    417 +008.3300 +007.5388 +001.7674 -049.0478 -000.4342 +000.3356 0
L1 05    417 +016.4052 -001.5783 -001.7646 -046.9140 +081.5578 +123.5214 0
L1 06    417 +015.6204 -001.5448 -003.8209 -176.4970 +043.7612 -002.2597 0
L1 07    417 +014.8178 -001.5094 -004.7881 +110.5862 +009.4386 -034.7558 0
L1 08    417 +014.2198 -001.5439 -005.1681 -005.4874 -039.6904 +008.5007 0
L1 01    421 +016.3450 +000.1544 +001.3534 -085.1278 +001.4548 +001.9230 0
L1 02    421 +005.5906 +007.1781 +001.7760 -160.3285 -000.3452 +179.0170 0
L1 03    421 +016.4304 -000.5660 -000.8259 -091.4049 +001.9503 +092.1140 0
L1 04    421 +008.3300 +007.5387 +001.7674 -049.0480 -000.4340 +000.3356 0
L1 05    421 +016.4052 -001.5787 -001.7646 -046.9216 +081.5577 +123.5162 0
L1 06    421 +015.6203 -001.5451 -003.8213 -176.4996 +043.7595 -002.2605 0
L1 07    421 +014.8179 -001.5093 -004.7882 +110.5864 +009.4380 -034.7564 0
L1 08    421 +014.2198 -001.5439 -005.1681 -005.4879 -039.6912 +008.5005 0
L1 01    425 +016.3450 +000.1544 +001.3534 -085.1283 +001.4553 +001.9240 0
L1 02    425 +005.5906 +007.1781 +001.7760 -160.3283 -000.3450 +179.0171 0
L1 03    425 +016.4305 -000.5660 -000.8258 -091.4054 +001.9510 +092.1145 0
L1 04    425 +008.3300 +007.5387 +001.7674 -049.0481 -000.4341 +000.3357 0
L1 05    425 +016.4052 -001.5786 -001.7645 -046.9135 +081.5561 +123.5246 0
L1 06    425 +015.6204 -001.5447 -003.8212 -176.5001 +043.7611 -002.2620 0
L1 07    425 +014.8179 -001.5092 -004.7882 +110.5859 +009.4389 -034.7560 0
L1 08    425 +014.2199 -001.5439 -005.1681 -005.4906 -039.6921 +008.5025 0
L1 01    429 +016.3450 +000.1538 +001.3535 -085.1313 +001.4556 +001.9243 0
L1 02    429 +005.5906 +007.1781 +001.7760 -160.3289 -000.3453 +179.0169 0
L1 03    429 +016.4305 -000.5658 -000.8259 -091.4044 +001.9514 +092.1142 0
L1 04    429 +008.3300 +007.5387 +001.7674 -049.0482 -000.4341 +000.3357 0
L1 05    429 +016.4053 -001.5788 -001.7643 -046.9109 +081.5544 +123.5280 0
L1 06    429 +015.6205 -001.5447 -003.8210 -176.5018 +043.7631 -002.2631 0
L1 07    429 +014.8181 -001.5091 -004.7880 +110.5850 +009.4382 -034.7585 0
L1 08    429 +014.2199 -001.5436 -005.1683 -005.4908 -039.6915 +008.5036 0
L1 01    433 +016.3450 +000.1542 +001.3534 -085.1286 +001.4562 +001.9232 0
L1 02    433 +005.5906 +007.1781 +001.7760 -160.3287 -000.3450 +179.0168 0
L1 03    433 +016.4305 -000.5659 -000.8259 -091.4045 +001.9518 +092.1138 0
L1 04    433 +008.3300 +007.5388 +001.7673 -049.0475 -000.4342 +000.3353 0
L1 05    433 +016.4053 -001.5784 -001.7646 -046.9211 +081.5539 +123.5143 0
L1 06    433 +015.6205 -001.5445 -003.8212 -176.5003 +043.7617 -002.2643 0
L1 07    433 +014.8181 -001.5081 -004.7884 +110.5914 +009.4357 -034.7575 0
L1 08    433 +014.2199 -001.5436 -005.1683 -005.4908 -039.6911 +008.5048 0
L1 01    437 +016.3450 +000.1544 +001.3533 -085.1263 +001.4561 +001.9231 0
L1 02    437 +005.5906 +007.1781 +001.7760 -160.3278 -000.3449 +179.0169 0
L1 03    437 +016.4305 -000.5657 -000.8259 -091.4021 +001.9518 +092.1138 0
L1 04    437 +008.3299 +007.5389 +001.7674 -049.0464 -000.4344 +000.3357 0
L1 05    437 +016.4053 -001.5780 -001.7644 -046.9069 +081.5533 +123.5242 0
L1 06    437 +015.6205 -001.5444 -003.8213 -176.5000 +043.7611 -002.2659 0
L1 07    437 +014.8182 -001.5085 -004.7878 +110.5910 +009.4365 -034.7601 0
L1 08    437 +014.2200 -001.5434 -005.1683 -005.4896 -039.6910 +008.5058 0
L1 01    441 +016.3450 +000.1548 +001.3535 -085.1246 +001.4563 +001.9242 0
L1 02    441 +005.5906 +007.1781 +001.7760 -160.3278 -000.3448 +179.0170 0
L1 03    441 +016.4305 -000.5657 -000.8260 -091.4022 +001.9518 +092.1140 0
L1 04    441 +008.3299 +007.5388 +001.7674 -049.0467 -000.4344 +000.3359 0
L1 05    441 +016.4053 -001.5781 -001.7645 -046.9128 +081.5518 +123.5195 0
L1 06    441 +015.6204 -001.5444 -003.8215 -176.4993 +043.7601 -002.2653 0
L1 07    441 +014.8181 -001.5087 -004.7881 +110.5891 +009.4370 -034.7592 0
L1 08    441 +014.2200 -001.5435 -005.1683 -005.4900 -039.6918 +008.5049 0
L1 01    445 +016.3450 +000.1545 +001.3534 -085.1268 +001.4570 +001.9240 0
L1 02    445 +005.5906 +007.1781 +001.7760 -160.3283 -000.3449 +179.0167 0
L1 03    445 +016.4305 -000.5659 -000.8259 -091.4045 +001.9518 +092.1150 0
L1 04    445 +008.3300 +007.5388 +001.7673 -049.0477 -000.4341 +000.3355 0
L1 05    445 +016.4053 -001.5783 -001.7644 -046.9168 +081.5503 +123.5171 0
L1 06    445 +015.6207 -001.5445 -003.8209 -176.4971 +043.7652 -002.2615 0
L1 07    445 +014.8183 -001.5083 -004.7880 +110.5912 +009.4374 -034.7598 0
L1 08    445 +014.2200 -001.5437 -005.1683 -005.4902 -039.6924 +008.5033 0
L1 01    449 +016.3450 +000.1544 +001.3534 -085.1275 +001.4568 +001.9244 0
L1 02    449 +005.5906 +007.1781 +001.7760 -160.3287 -000.3449 +179.0170 0
L1 03    449 +016.4306 -000.5659 -000.8258 -091.4053 +001.9523 +092.1162 0
L1 04    449 +008.3300 +007.5388 +001.7673 -049.0478 -000.4341 +000.3355 0
L1 05    449 +016.4054 -001.5784 -001.7643 -046.9145 +081.5495 +123.5203 0
L1 06    449 +015.6206 -001.5446 -003.8212 -176.4989 +043.7638 -002.2621 0
L1 07    449 +014.8184 -001.5085 -004.7879 +110.5897 +009.4388 -034.7608 0
L1 08    449 +014.2202 -001.5436 -005.1683 -005.4897 -039.6933 +008.5038 0
L1 01    453 +016.3450 +000.1544 +001.3534 -085.1273 +001.4576 +001.9248 0
L1 02    453 +005.5906 +007.1781 +001.7760 -160.3287 -000.3448 +179.0167 0
L1 03    453 +016.4306 -000.5657 -000.8259 -091.4042 +001.9531 +092.1165 0
L1 04    453 +008.3300 +007.5388 +001.7673 -049.0479 -000.4341 +000.3354 0
L1 05    453 +016.4054 -001.5787 -001.7648 -046.9281 +081.5498 +123.5088 0
L1 06    453 +015.6207 -001.5444 -003.8212 -176.5005 +043.7646 -002.2656 0
L1 07    453 +014.8184 -001.5085 -004.7881 +110.5896 +009.4375 -034.7612 0
L1 08    453 +014.2202 -001.5433 -005.1683 -005.4914 -039.6937 +008.5067 0
L1 01    457 +016.3450 +000.1544 +001.3534 -085.1275 +001.4585 +001.9252 0
L1 02    457 +005.5906 +007.1781 +001.7761 -160.3290 -000.3447 +179.0167 0
L1 03    457 +016.4306 -000.5658 -000.8260 -091.4047 +001.9539 +092.1167 0
L1 04    457 +008.3300 +007.5387 +001.7673 -049.0480 -000.4340 +000.3356 0
L1 05    457 +016.4055 -001.5781 -001.7647 -046.9137 +081.5497 +123.5199 0
L1 06    457 +015.6209 -001.5441 -003.8210 -176.5010 +043.7670 -002.2670 0
L1 07    457 +014.8185 -001.5083 -004.7881 +110.5895 +009.4366 -034.7629 0
L1 08    457 +014.2204 -001.5431 -005.1683 -005.4948 -039.6955 +008.5108 0
L1 01    461 +016.3450 +000.1542 +001.3533 -085.1289 +001.4588 +001.9247 0
L1 02    461 +005.5906 +007.1781 +001.7760 -160.3289 -000.3450 +179.0167 0
L1 03    461 +016.4306 -000.5659 -000.8258 -091.4056 +001.9540 +092.1175 0
L1 04    461 +008.3300 +007.5387 +001.7673 -049.0481 -000.4339 +000.3354 0
L1 05    461 +016.4055 -001.5780 -001.7644 -046.9088 +081.5465 +123.5241 0
L1 06    461 +015.6208 -001.5442 -003.8211 -176.5025 +043.7657 -002.2669 0
L1 07    461 +014.8184 -001.5083 -004.7883 +110.5886 +009.4360 -034.7618 0
L1 08    461 +014.2204 -001.5433 -005.1682 -005.4956 -039.6955 +008.5093 0
L1 01    465 +016.3450 +000.1542 +001.3533 -085.1291 +001.4575 +001.9250 0
L1 02    465 +005.5906 +007.1781 +001.7761 -160.3284 -000.3448 +179.0167 0
L1 03    465 +016.4306 -000.5658 -000.8259 -091.4050 +001.9530 +092.1168 0
L1 04    465 +008.3300 +007.5388 +001.7673 -049.0478 -000.4340 +000.3356 0
L1 05    465 +016.4055 -001.5782 -001.7643 -046.9217 +081.5436 +123.5119 0
L1 06    465 +015.6208 -001.5444 -003.8212 -176.4998 +043.7641 -002.2633 0
L1 07    465 +014.8183 -001.5084 -004.7881 +110.5889 +009.4371 -034.7612 0
L1 08    465 +014.2203 -001.5433 -005.1682 -005.4917 -039.6952 +008.5059 0
L1 01    469 +016.3450 +000.1545 +001.3534 -085.1268 +001.4574 +001.9247 0
L1 02    469 +005.5906 +007.1781 +001.7760 -160.3283 -000.3450 +179.0169 0
L1 03    469 +016.4306 -000.5657 -000.8258 -091.4036 +001.9521 +092.1167 0
L1 04    469 +008.3300 +007.5388 +001.7673 -049.0474 -000.4341 +000.3354 0
L1 05    469 +016.4054 -001.5783 -001.7644 -046.9288 +081.5443 +123.5037 0
L1 06    469 +015.6207 -001.5445 -003.8212 -176.4991 +043.7636 -002.2632 0
L1 07    469 +014.8183 -001.5087 -004.7881 +110.5892 +009.4384 -034.7603 0
L1 08    469 +014.2202 -001.5435 -005.1682 -005.4902 -039.6946 +008.5049 0
L1 01    473 +016.3450 +000.1546 +001.3533 -085.1261 +001.4576 +001.9252 0
L1 02    473 +005.5906 +007.1781 +001.7760 -160.3282 -000.3448 +179.0168 0
L1 03    473 +016.4306 -000.5658 -000.8258 -091.4037 +001.9526 +092.1175 0
L1 04    473 +008.3300 +007.5388 +001.7673 -049.0475 -000.4341 +000.3353 0
L1 05    473 +016.4055 -001.5782 -001.7648 -046.9415 +081.5447 +123.4902 0
L1 06    473 +015.6207 -001.5445 -003.8213 -176.4978 +043.7634 -002.2622 0
L1 07    473 +014.8185 -001.5086 -004.7880 +110.5895 +009.4386 -034.7618 0
L1 08    473 +014.2203 -001.5435 -005.1682 -005.4910 -039.6951 +008.5058 0
