L1 01      3 +016.0181 +000.1414 +001.3319 -084.4798 +004.0521 +002.0597 0
L1 02      3 +005.5905 +007.1968 +001.7770 -159.4670 -000.3260 +178.9916 0
L1 03      3 +016.0958 -000.7217 -000.8356 -091.9556 -001.6314 +092.0333 0
L1 04      3 +008.3201 +007.5576 +001.7677 -047.9800 -000.1101 +000.3568 0
L1 05      3 +015.9240 -001.8951 -001.7816 -110.8218 +081.5788 +069.6232 0
L1 06      3 +014.4148 -001.7661 -003.3489 +175.4127 -000.9128 +001.2183 0
L1 07      3 +013.2248 -001.5892 -003.4768 +103.0259 +000.9278 +008.8502 0
L1 08      3 +012.4772 -001.5046 -003.3550 -010.6196 +004.2645 -001.2316 0
L1 01      7 +016.0182 +000.1413 +001.3320 -084.4818 +004.0493 +002.0599 0
L1 02      7 +005.5905 +007.1968 +001.7770 -159.4665 -000.3260 +178.9916 0
L1 03      7 +016.0959 -000.7216 -000.8355 -091.9548 -001.6312 +092.0339 0
L1 04      7 +008.3201 +007.5576 +001.7677 -047.9796 -000.1102 +000.3567 0
L1 05      7 +015.9240 -001.8951 -001.7817 -110.8250 +081.5781 +069.6186 0
L1 06      7 +014.4148 -001.7659 -003.3489 +175.4147 -000.9125 +001.2181 0
L1 07      7 +013.2248 -001.5891 -003.4768 +103.0263 +000.9268 +008.8504 0
L1 08      7 +012.4772 -001.5045 -003.3550 -010.6189 +004.2649 -001.2304 0
L1 01     11 +016.0182 +000.1415 +001.3322 -084.4811 +004.0466 +002.0604 0
L1 02     11 +005.5905 +007.1968 +001.7770 -159.4670 -000.3257 +178.9914 0
L1 03     11 +016.0959 -000.7216 -000.8355 -091.9551 -001.6313 +092.0342 0
L1 04     11 +008.3201 +007.5576 +001.7677 -047.9798 -000.1100 +000.3565 0
L1 05     11 +015.9241 -001.8949 -001.7814 -110.8141 +081.5796 +069.6287 0
L1 06     11 +014.4148 -001.7657 -003.3491 +175.4163 -000.9135 +001.2176 0
L1 07     11 +013.2248 -001.5889 -003.4768 +103.0295 +000.9262 +008.8498 0
L1 08     11 +012.4772 -001.5045 -003.3550 -010.6188 +004.2646 -001.2303 0
L1 01     15 +016.0182 +000.1414 +001.3320 -084.4858 +004.0417 +002.0585 0
L1 02     15 +005.5905 +007.1968 +001.7771 -159.4672 -000.3255 +178.9911 0
L1 03     15 +016.0959 -000.7218 -000.8355 -091.9558 -001.6315 +092.0344 0
L1 04     15 +008.3201 +007.5576 +001.7677 -047.9801 -000.1102 +000.3568 0
L1 05     15 +015.9240 -001.8951 -001.7814 -110.8091 +081.5787 +069.6351 0
L1 06     15 +014.4148 -001.7658 -003.3490 +175.4157 -000.9122 +001.2182 0
L1 07     15 +013.2248 -001.5891 -003.4767 +103.0279 +000.9272 +008.8485 0
L1 08     15 +012.4772 -001.5045 -003.3551 -010.6180 +004.2643 -001.2309 0
L1 01     19 +016.0182 +000.1414 +001.3320 -084.4842 +004.0377 +002.0587 0
L1 02     19 +005.5905 +007.1968 +001.7771 -159.4663 -000.3254 +178.9915 0
L1 03     19 +016.0959 -000.7216 -000.8354 -091.9541 -001.6318 +092.0348 0
L1 04     19 +008.3201 +007.5576 +001.7677 -047.9794 -000.1104 +000.3566 0
L1 05     19 +015.9240 -001.8953 -001.7815 -110.8147 +081.5784 +069.6301 0
L1 06     19 +014.4148 -001.7660 -003.3489 +175.4154 -000.9123 +001.2189 0
L1 07     19 +013.2248 -001.5891 -003.4767 +103.0308 +000.9268 +008.8488 0
L1 08     19 +012.4772 -001.5046 -003.3550 -010.6174 +004.2638 -001.2314 0
L1 01     23 +016.0181 +000.1414 +001.3321 -084.4848 +004.0338 +002.0584 0
L1 02     23 +005.5905 +007.1968 +001.7771 -159.4664 -000.3253 +178.9915 0
L1 03     23 +016.0959 -000.7214 -000.8354 -091.9518 -001.6321 +092.0345 0
L1 04     23 +008.3201 +007.5576 +001.7677 -047.9792 -000.1105 +000.3569 0
L1 05     23 +015.9240 -001.8953 -001.7817 -110.8277 +081.5790 +069.6167 0
L1 06     23 +014.4148 -001.7658 -003.3490 +175.4182 -000.9128 +001.2181 0
L1 07     23 +013.2248 -001.5890 -003.4768 +103.0317 +000.9260 +008.8497 0
L1 08     23 +012.4772 -001.5046 -003.3550 -010.6162 +004.2642 -001.2313 0
L1 01     27 +016.0182 +000.1413 +001.3321 -084.4884 +004.0302 +002.0585 0
L1 02     27 +005.5905 +007.1968 +001.7771 -159.4669 -000.3256 +178.9916 0
L1 03     27 +016.0959 -000.7215 -000.8355 -091.9532 -001.6324 +092.0340 0
L1 04     27 +008.3201 +007.5576 +001.7678 -047.9792 -000.1104 +000.3577 0
L1 05     27 +015.9240 -001.8953 -001.7817 -110.8218 +081.5779 +069.6238 0
L1 06     27 +014.4148 -001.7660 -003.3489 +175.4169 -000.9125 +001.2177 0
L1 07     27 +013.2248 -001.5892 -003.4767 +103.0299 +000.9266 +008.8492 0
L1 08     27 +012.4772 -001.5046 -003.3550 -010.6168 +004.2644 -001.2309 0
L1 01     31 +016.0182 +000.1414 +001.3322 -084.4892 +004.0274 +002.0586 0
L1 02     31 +005.5905 +007.1968 +001.7771 -159.4670 -000.3254 +178.9916 0
L1 03     31 +016.0959 -000.7216 -000.8354 -091.9542 -001.6316 +092.0348 0
L1 04     31 +008.3201 +007.5576 +001.7677 -047.9796 -000.1101 +000.3573 0
L1 05     31 +015.9240 -001.8952 -001.7814 -110.8168 +081.5792 +069.6288 0
L1 06     31 +014.4148 -001.7658 -003.3489 +175.4169 -000.9132 +001.2171 0
L1 07     31 +013.2248 -001.5893 -003.4767 +103.0291 +000.9259 +008.8498 0
L1 08     31 +012.4772 -001.5046 -003.3549 -010.6171 +004.2646 -001.2305 0
L1 01     35 +016.0182 +000.1413 +001.3322 -084.4909 +004.0236 +002.0588 0
L1 02     35 +005.5905 +007.1968 +001.7771 -159.4670 -000.3255 +178.9915 0
L1 03     35 +016.0959 -000.7215 -000.8355 -091.9539 -001.6311 +092.0344 0
L1 04     35 +008.3201 +007.5576 +001.7677 -047.9791 -000.1104 +000.3572 0
L1 05     35 +015.9240 -001.8952 -001.7816 -110.8210 +081.5784 +069.6239 0
L1 06     35 +014.4147 -001.7659 -003.3492 +175.4167 -000.9143 +001.2177 0
L1 07     35 +013.2248 -001.5891 -003.4768 +103.0308 +000.9253 +008.8500 0
L1 08     35 +012.4772 -001.5045 -003.3550 -010.6168 +004.2646 -001.2299 0
L1 01     39 +016.0182 +000.1413 +001.3323 -084.4919 +004.0218 +002.0585 0
L1 02     39 +005.5905 +007.1968 +001.7771 -159.4670 -000.3256 +178.9914 0
L1 03     39 +016.0959 -000.7217 -000.8355 -091.9546 -001.6313 +092.0348 0
L1 04     39 +008.3201 +007.5576 +001.7677 -047.9794 -000.1103 +000.3564 0
L1 05     39 +015.9240 -001.8952 -001.7815 -110.8127 +081.5773 +069.6313 0
L1 06     39 +014.4149 -001.7657 -003.3491 +175.4180 -000.9129 +001.2171 0
L1 07     39 +013.2248 -001.5890 -003.4768 +103.0324 +000.9256 +008.8488 0
L1 08     39 +012.4772 -001.5046 -003.3550 -010.6165 +004.2639 -001.2302 0
L1 01     43 +016.0182 +000.1412 +001.3322 -084.4953 +004.0186 +002.0562 0
L1 02     43 +005.5905 +007.1968 +001.7771 -159.4670 -000.3256 +178.9914 0
L1 03     43 +016.0959 -000.7217 -000.8354 -091.9551 -001.6318 +092.0353 0
L1 04     43 +008.3201 +007.5576 +001.7677 -047.9793 -000.1105 +000.3569 0
L1 05     43 +015.9240 -001.8954 -001.7817 -110.8168 +081.5767 +069.6290 0
L1 06     43 +014.4149 -001.7661 -003.3489 +175.4174 -000.9109 +001.2185 0
L1 07     43 +013.2249 -001.5892 -003.4768 +103.0326 +000.9269 +008.8497 0
L1 08     43 +012.4772 -001.5047 -003.3551 -010.6160 +004.2636 -001.2311 0
L1 01     47 +016.0182 +000.1411 +001.3323 -084.4973 +004.0163 +002.0582 0
L1 02     47 +005.5905 +007.1968 +001.7771 -159.4671 -000.3254 +178.9913 0
L1 03     47 +016.0959 -000.7217 -000.8354 -091.9550 -001.6323 +092.0356 0
L1 04     47 +008.3201 +007.5576 +001.7677 -047.9795 -000.1104 +000.3572 0
L1 05     47 +015.9240 -001.8954 -001.7815 -110.8103 +081.5769 +069.6363 0
L1 06     47 +014.4148 -001.7662 -003.3489 +175.4167 -000.9112 +001.2193 0
L1 07     47 +013.2248 -001.5893 -003.4768 +103.0320 +000.9262 +008.8488 0
L1 08     47 +012.4772 -001.5046 -003.3550 -010.6152 +004.2635 -001.2308 0
L1 01     51 +016.0182 +000.1412 +001.3322 -084.4969 +004.0139 +002.0558 0
L1 02     51 +005.5905 +007.1968 +001.7771 -159.4667 -000.3251 +178.9913 0
L1 03     51 +016.0959 -000.7215 -000.8354 -091.9538 -001.6319 +092.0349 0
L1 04     51 +008.3201 +007.5576 +001.7677 -047.9793 -000.1104 +000.3569 0
L1 05     51 +015.9240 -001.8956 -001.7813 -110.8107 +081.5773 +069.6365 0
L1 06     51 +014.4148 -001.7659 -003.3489 +175.4187 -000.9123 +001.2173 0
L1 07     51 +013.2248 -001.5891 -003.4767 +103.0342 +000.9255 +008.8496 0
L1 08     51 +012.4772 -001.5046 -003.3550 -010.6143 +004.2657 -001.2302 0
L1 01     55 +016.0182 +000.1412 +001.3323 -084.4987 +004.0112 +002.0567 0
L1 02     55 +005.5905 +007.1968 +001.7771 -159.4667 -000.3253 +178.9914 0
L1 03     55 +016.0959 -000.7218 -000.8356 -091.9554 -001.6322 +092.0338 0
L1 04     55 +008.3201 +007.5576 +001.7677 -047.9793 -000.1102 +000.3567 0
L1 05     55 +015.9239 -001.8955 -001.7815 -110.8207 +081.5783 +069.6267 0
L1 06     55 +014.4147 -001.7661 -003.3490 +175.4177 -000.9142 +001.2177 0
L1 07     55 +013.2248 -001.5891 -003.4767 +103.0338 +000.9245 +008.8495 0
L1 08     55 +012.4772 -001.5046 -003.3550 -010.6152 +004.2661 -001.2300 0
L1 01     59 +016.0182 +000.1409 +001.3323 -084.5057 +004.0083 +002.0569 0
L1 02     59 +005.5905 +007.1968 +001.7771 -159.4670 -000.3254 +178.9912 0
L1 03     59 +016.0959 -000.7218 -000.8354 -091.9567 -001.6326 +092.0351 0
L1 04     59 +008.3201 +007.5576 +001.7676 -047.9802 -000.1100 +000.3565 0
L1 05     59 +015.9239 -001.8956 -001.7815 -110.8145 +081.5768 +069.6346 0
L1 06     59 +014.4147 -001.7661 -003.3491 +175.4174 -000.9140 +001.2172 0
L1 07     59 +013.2248 -001.5892 -003.4767 +103.0331 +000.9250 +008.8493 0
L1 08     59 +012.4772 -001.5046 -003.3550 -010.6157 +004.2653 -001.2304 0
L1 01     63 +016.0182 +000.1410 +001.3322 -084.5026 +004.0051 +002.0560 0
L1 02     63 +005.5905 +007.1968 +001.7771 -159.4670 -000.3253 +178.9914 0
L1 03     63 +016.0959 -000.7217 -000.8354 -091.9559 -001.6328 +092.0350 0
L1 04     63 +008.3202 +007.5576 +001.7676 -047.9802 -000.1102 +000.3566 0
L1 05     63 +015.9238 -001.8962 -001.7816 -110.8221 +081.5771 +069.6299 0
L1 06     63 +014.4148 -001.7660 -003.3491 +175.4180 -000.9133 +001.2171 0
L1 07     63 +013.2249 -001.5891 -003.4766 +103.0342 +000.9255 +008.8483 0
L1 08     63 +012.4772 -001.5046 -003.3550 -010.6151 +004.2649 -001.2303 0
L1 01     67 +016.0182 +000.1411 +001.3322 -084.5034 +004.0024 +002.0551 0
L1 02     67 +005.5905 +007.1968 +001.7771 -159.4668 -000.3254 +178.9915 0
L1 03     67 +016.0959 -000.7216 -000.8355 -091.9546 -001.6328 +092.0345 0
L1 04     67 +008.3201 +007.5576 +001.7677 -047.9799 -000.1104 +000.3568 0
L1 05     67 +015.9239 -001.8955 -001.7819 -110.8280 +081.5750 +069.6196 0
L1 06     67 +014.4148 -001.7662 -003.3491 +175.4169 -000.9126 +001.2180 0
L1 07     67 +013.2248 -001.5892 -003.4767 +103.0348 +000.9257 +008.8486 0
L1 08     67 +012.4772 -001.5046 -003.3550 -010.6142 +004.2642 -001.2301 0
L1 01     71 +016.0182 +000.1412 +001.3322 -084.5032 +003.9994 +002.0532 0
L1 02     71 +005.5905 +007.1968 +001.7771 -159.4664 -000.3253 +178.9918 0
L1 03     71 +016.0959 -000.7215 -000.8356 -091.9537 -001.6328 +092.0339 0
L1 04     71 +008.3201 +007.5576 +001.7677 -047.9794 -000.1104 +000.3568 0
L1 05     71 +015.9240 -001.8953 -001.7816 -110.8179 +081.5747 +069.6278 0
L1 06     71 +014.4148 -001.7660 -003.3490 +175.4187 -000.9132 +001.2167 0
L1 07     71 +013.2248 -001.5891 -003.4767 +103.0372 +000.9245 +008.8499 0
L1 08     71 +012.4772 -001.5046 -003.3550 -010.6136 +004.2651 -001.2300 0
L1 01     75 +016.0182 +000.1413 +001.3321 -084.5049 +003.9970 +002.0519 0
L1 02     75 +005.5905 +007.1968 +001.7770 -159.4663 -000.3253 +178.9918 0
L1 03     75 +016.0958 -000.7215 -000.8355 -091.9534 -001.6330 +092.0337 0
L1 04     75 +008.3200 +007.5577 +001.7677 -047.9783 -000.1108 +000.3571 0
L1 05     75 +015.9239 -001.8953 -001.7814 -110.8135 +081.5752 +069.6316 0
L1 06     75 +014.4147 -001.7662 -003.3490 +175.4188 -000.9149 +001.2174 0
L1 07     75 +013.2247 -001.5890 -003.4767 +103.0390 +000.9238 +008.8519 0
L1 08     75 +012.4771 -001.5046 -003.3549 -010.6132 +004.2671 -001.2302 0
L1 01     79 +016.0182 +000.1411 +001.3321 -084.5084 +003.9931 +002.0521 0
L1 02     79 +005.5905 +007.1968 +001.7770 -159.4666 -000.3253 +178.9916 0
L1 03     79 +016.0958 -000.7216 -000.8355 -091.9545 -001.6332 +092.0333 0
L1 04     79 +008.3201 +007.5576 +001.7677 -047.9795 -000.1105 +000.3571 0
L1 05     79 +015.9239 -001.8956 -001.7813 -110.8139 +081.5749 +069.6339 0
L1 06     79 +014.4146 -001.7663 -003.3490 +175.4177 -000.9154 +001.2177 0
L1 07     79 +013.2247 -001.5891 -003.4766 +103.0376 +000.9247 +008.8515 0
L1 08     79 +012.4770 -001.5046 -003.3549 -010.6130 +004.2680 -001.2308 0
L1 01     83 +016.0182 +000.1410 +001.3322 -084.5106 +003.9914 +002.0536 0
L1 02     83 +005.5905 +007.1968 +001.7770 -159.4669 -000.3255 +178.9917 0
L1 03     83 +016.0958 -000.7217 -000.8355 -091.9553 -001.6334 +092.0331 0
L1 04     83 +008.3201 +007.5575 +001.7677 -047.9804 -000.1103 +000.3572 0
L1 05     83 +015.9239 -001.8953 -001.7812 -110.8146 +081.5755 +069.6322 0
L1 06     83 +014.4146 -001.7664 -003.3491 +175.4171 -000.9154 +001.2182 0
L1 07     83 +013.2247 -001.5892 -003.4765 +103.0377 +000.9255 +008.8503 0
L1 08     83 +012.4771 -001.5047 -003.3549 -010.6132 +004.2671 -001.2308 0
L1 01     87 +016.0182 +000.1412 +001.3323 -084.5083 +003.9879 +002.0541 0
L1 02     87 +005.5905 +007.1968 +001.7770 -159.4668 -000.3254 +178.9916 0
L1 03     87 +016.0958 -000.7215 -000.8354 -091.9536 -001.6334 +092.0342 0
L1 04     87 +008.3201 +007.5576 +001.7677 -047.9795 -000.1103 +000.3568 0
L1 05     87 +015.9239 -001.8958 -001.7812 -110.8031 +081.5750 +069.6453 0
L1 06     87 +014.4147 -001.7659 -003.3490 +175.4207 -000.9144 +001.2174 0
L1 07     87 +013.2247 -001.5892 -003.4766 +103.0382 +000.9239 +008.8496 0
L1 08     87 +012.4771 -001.5047 -003.3549 -010.6121 +004.2659 -001.2302 0
L1 01     91 +016.0182 +000.1410 +001.3324 -084.5126 +003.9854 +002.0539 0
L1 02     91 +005.5905 +007.1968 +001.7770 -159.4667 -000.3255 +178.9916 0
L1 03     91 +016.0959 -000.7215 -000.8356 -091.9533 -001.6336 +092.0330 0
L1 04     91 +008.3201 +007.5576 +001.7677 -047.9796 -000.1104 +000.3568 0
L1 05     91 +015.9239 -001.8956 -001.7815 -110.8147 +081.5751 +069.6332 0
L1 06     91 +014.4148 -001.7656 -003.3490 +175.4230 -000.9137 +001.2173 0
L1 07     91 +013.2247 -001.5893 -003.4767 +103.0381 +000.9242 +008.8502 0
L1 08     91 +012.4771 -001.5047 -003.3550 -010.6120 +004.2661 -001.2305 0
L1 01     95 +016.0182 +000.1409 +001.3322 -084.5172 +003.9838 +002.0513 0
L1 02     95 +005.5905 +007.1968 +001.7770 -159.4670 -000.3255 +178.9917 0
L1 03     95 +016.0958 -000.7218 -000.8357 -091.9571 -001.6343 +092.0317 0
L1 04     95 +008.3201 +007.5576 +001.7677 -047.9797 -000.1105 +000.3569 0
L1 05     95 +015.9239 -001.8957 -001.7816 -110.8223 +081.5736 +069.6278 0
L1 06     95 +014.4147 -001.7661 -003.3492 +175.4196 -000.9157 +001.2169 0
L1 07     95 +013.2246 -001.5896 -003.4766 +103.0359 +000.9244 +008.8501 0
L1 08     95 +012.4771 -001.5048 -003.3549 -010.6137 +004.2665 -001.2309 0
L1 01     99 +016.0182 +000.1409 +001.3323 -084.5162 +003.9798 +002.0520 0
L1 02     99 +005.5905 +007.1968 +001.7770 -159.4669 -000.3253 +178.9917 0
L1 03     99 +016.0958 -000.7218 -000.8357 -091.9564 -001.6341 +092.0317 0
L1 04     99 +008.3201 +007.5576 +001.7677 -047.9798 -000.1105 +000.3568 0
L1 05     99 +015.9239 -001.8956 -001.7816 -110.8273 +081.5730 +069.6217 0
L1 06     99 +014.4146 -001.7661 -003.3490 +175.4199 -000.9162 +001.2180 0
L1 07     99 +013.2245 -001.5894 -003.4768 +103.0380 +000.9234 +008.8527 0
L1 08     99 +012.4770 -001.5047 -003.3548 -010.6124 +004.2673 -001.2307 0
L1 01    103 +016.0182 +000.1408 +001.3324 -084.5181 +003.9762 +002.0522 0
L1 02    103 +005.5905 +007.1968 +001.7770 -159.4668 -000.3255 +178.9916 0
L1 03    103 +016.0958 -000.7217 -000.8356 -091.9548 -001.6342 +092.0322 0
L1 04    103 +008.3201 +007.5576 +001.7677 -047.9797 -000.1105 +000.3568 0
L1 05    103 +015.9239 -001.8956 -001.7816 -110.8259 +081.5733 +069.6220 0
L1 06    103 +014.4146 -001.7662 -003.3490 +175.4202 -000.9166 +001.2173 0
L1 07    103 +013.2245 -001.5894 -003.4766 +103.0392 +000.9240 +008.8522 0
L1 08    103 +012.4770 -001.5047 -003.3549 -010.6112 +004.2684 -001.2308 0
L1 01    107 +016.0183 +000.1408 +001.3325 -084.5193 +003.9750 +002.0545 0
L1 02    107 +005.5905 +007.1968 +001.7770 -159.4665 -000.3255 +178.9917 0
L1 03    107 +016.0958 -000.7218 -000.8355 -091.9554 -001.6346 +092.0334 0
L1 04    107 +008.3201 +007.5576 +001.7677 -047.9797 -000.1103 +000.3569 0
L1 05    107 +015.9239 -001.8956 -001.7815 -110.8161 +081.5730 +069.6320 0
L1 06    107 +014.4147 -001.7660 -003.3488 +175.4212 -000.9142 +001.2174 0
L1 07    107 +013.2246 -001.5894 -003.4766 +103.0394 +000.9244 +008.8517 0
L1 08    107 +012.4770 -001.5047 -003.3549 -010.6114 +004.2675 -001.2305 0
L1 01    111 +016.0183 +000.1409 +001.3324 -084.5195 +003.9727 +002.0530 0
L1 02    111 +005.5905 +007.1968 +001.7770 -159.4668 -000.3256 +178.9917 0
L1 03    111 +016.0958 -000.7218 -000.8354 -091.9556 -001.6339 +092.0344 0
L1 04    111 +008.3201 +007.5576 +001.7676 -047.9795 -000.1103 +000.3567 0
L1 05    111 +015.9239 -001.8955 -001.7817 -110.8224 +081.5739 +069.6253 0
L1 06    111 +014.4147 -001.7660 -003.3489 +175.4207 -000.9133 +001.2169 0
L1 07    111 +013.2247 -001.5894 -003.4766 +103.0394 +000.9242 +008.8506 0
L1 08    111 +012.4771 -001.5047 -003.3549 -010.6112 +004.2665 -001.2301 0
L1 01    115 +016.0182 +000.1409 +001.3323 -084.5209 +003.9707 +002.0510 0
L1 02    115 +005.5905 +007.1968 +001.7770 -159.4668 -000.3257 +178.9918 0
L1 03    115 +016.0958 -000.7216 -000.8355 -091.9546 -001.6337 +092.0335 0
L1 04    115 +008.3201 +007.5576 +001.7677 -047.9792 -000.1105 +000.3569 0
L1 05    115 +015.9239 -001.8952 -001.7816 -110.8188 +081.5735 +069.6274 0
L1 06    115 +014.4147 -001.7659 -003.3490 +175.4229 -000.9141 +001.2165 0
L1 07    115 +013.2246 -001.5894 -003.4767 +103.0400 +000.9229 +008.8504 0
L1 08    115 +012.4771 -001.5047 -003.3550 -010.6107 +004.2669 -001.2295 0
L1 01    119 +016.0183 +000.1410 +001.3324 -084.5198 +003.9665 +002.0509 0
L1 02    119 +005.5905 +007.1968 +001.7771 -159.4664 -000.3254 +178.9918 0
L1 03    119 +016.0959 -000.7215 -000.8356 -091.9526 -001.6343 +092.0328 0
L1 04    119 +008.3200 +007.5577 +001.7677 -047.9786 -000.1108 +000.3571 0
L1 05    119 +015.9239 -001.8952 -001.7818 -110.8197 +081.5738 +069.6255 0
L1 06    119 +014.4147 -001.7659 -003.3490 +175.4236 -000.9147 +001.2168 0
L1 07    119 +013.2246 -001.5893 -003.4768 +103.0418 +000.9223 +008.8521 0
L1 08    119 +012.4771 -001.5046 -003.3549 -010.6090 +004.2677 -001.2294 0
L1 01    123 +016.0183 +000.1411 +001.3324 -084.5219 +003.9637 +002.0501 0
L1 02    123 +005.5905 +007.1968 +001.7770 -159.4666 -000.3255 +178.9917 0
L1 03    123 +016.0959 -000.7217 -000.8355 -091.9540 -001.6346 +092.0327 0
L1 04    123 +008.3201 +007.5576 +001.7677 -047.9794 -000.1106 +000.3570 0
L1 05    123 +015.9239 -001.8955 -001.7815 -110.8147 +081.5739 +069.6315 0
L1 06    123 +014.4146 -001.7660 -003.3493 +175.4241 -000.9177 +001.2173 0
L1 07    123 +013.2246 -001.5894 -003.4767 +103.0419 +000.9228 +008.8528 0
L1 08    123 +012.4770 -001.5047 -003.3549 -010.6097 +004.2690 -001.2303 0
L1 01    127 +016.0182 +000.1410 +001.3323 -084.5236 +003.9617 +002.0493 0
L1 02    127 +005.5905 +007.1968 +001.7771 -159.4667 -000.3253 +178.9916 0
L1 03    127 +016.0958 -000.7218 -000.8355 -091.9550 -001.6346 +092.0327 0
L1 04    127 +008.3201 +007.5576 +001.7677 -047.9795 -000.1105 +000.3569 0
L1 05    127 +015.9239 -001.8955 -001.7814 -110.8114 +081.5739 +069.6353 0
L1 06    127 +014.4146 -001.7660 -003.3491 +175.4240 -000.9168 +001.2166 0
L1 07    127 +013.2247 -001.5892 -003.4765 +103.0434 +000.9227 +008.8513 0
L1 08    127 +012.4770 -001.5047 -003.3549 -010.6094 +004.2687 -001.2301 0
L1 01    131 +016.0183 +000.1409 +001.3323 -084.5277 +003.9586 +002.0494 0
L1 02    131 +005.5905 +007.1968 +001.7771 -159.4671 -000.3255 +178.9913 0
L1 03    131 +016.0958 -000.7219 -000.8356 -091.9559 -001.6346 +092.0334 0
L1 04    131 +008.3201 +007.5576 +001.7677 -047.9796 -000.1103 +000.3569 0
L1 05    131 +015.9239 -001.8959 -001.7815 -110.8172 +081.5727 +069.6325 0
L1 06    131 +014.4146 -001.7662 -003.3491 +175.4224 -000.9162 +001.2164 0
L1 07    131 +013.2247 -001.5893 -003.4765 +103.0419 +000.9233 +008.8500 0
L1 08    131 +012.4770 -001.5047 -003.3549 -010.6098 +004.2677 -001.2297 0
L1 01    135 +016.0183 +000.1407 +001.3323 -084.5310 +003.9534 +002.0494 0
L1 02    135 +005.5906 +007.1968 +001.7770 -159.4672 -000.3258 +178.9914 0
L1 03    135 +016.0958 -000.7218 -000.8356 -091.9561 -001.6349 +092.0333 0
L1 04    135 +008.3201 +007.5576 +001.7677 -047.9797 -000.1102 +000.3569 0
L1 05    135 +015.9240 -001.8958 -001.7813 -110.8079 +081.5746 +069.6419 0
L1 06    135 +014.4147 -001.7659 -003.3489 +175.4232 -000.9140 +001.2156 0
L1 07    135 +013.2246 -001.5894 -003.4768 +103.0413 +000.9228 +008.8507 0
L1 08    135 +012.4771 -001.5047 -003.3549 -010.6098 +004.2669 -001.2297 0
L1 01    139 +016.0183 +000.1411 +001.3323 -084.5269 +003.9523 +002.0490 0
L1 02    139 +005.5905 +007.1968 +001.7771 -159.4665 -000.3253 +178.9914 0
L1 03    139 +016.0958 -000.7218 -000.8355 -091.9555 -001.6346 +092.0338 0
L1 04    139 +008.3201 +007.5576 +001.7677 -047.9794 -000.1104 +000.3567 0
L1 05    139 +015.9239 -001.8954 -001.7815 -110.8113 +081.5741 +069.6352 0
L1 06    139 +014.4147 -001.7661 -003.3490 +175.4231 -000.9144 +001.2157 0
L1 07    139 +013.2247 -001.5893 -003.4767 +103.0432 +000.9227 +008.8500 0
L1 08    139 +012.4771 -001.5047 -003.3549 -010.6088 +004.2668 -001.2290 0
L1 01    143 +016.0183 +000.1412 +001.3323 -084.5267 +003.9489 +002.0483 0
L1 02    143 +005.5904 +007.1969 +001.7771 -159.4658 -000.3252 +178.9919 0
L1 03    143 +016.0958 -000.7214 -000.8355 -091.9512 -001.6350 +092.0324 0
L1 04    143 +008.3200 +007.5577 +001.7677 -047.9782 -000.1109 +000.3568 0
L1 05    143 +015.9240 -001.8953 -001.7814 -110.8074 +081.5733 +069.6374 0
L1 06    143 +014.4146 -001.7659 -003.3492 +175.4256 -000.9173 +001.2158 0
L1 07    143 +013.2246 -001.5891 -003.4768 +103.0472 +000.9214 +008.8534 0
L1 08    143 +012.4771 -001.5046 -003.3549 -010.6065 +004.2685 -001.2289 0
L1 01    147 +016.0182 +000.1408 +001.3322 -084.5322 +003.9459 +002.0466 0
L1 02    147 +005.5905 +007.1968 +001.7771 -159.4667 -000.3253 +178.9916 0
L1 03    147 +016.0958 -000.7216 -000.8355 -091.9536 -001.6355 +092.0319 0
L1 04    147 +008.3201 +007.5576 +001.7677 -047.9789 -000.1106 +000.3570 0
L1 05    147 +015.9239 -001.8950 -001.7816 -110.8212 +081.5727 +069.6219 0
L1 06    147 +014.4145 -001.7661 -003.3491 +175.4253 -000.9182 +001.2163 0
L1 07    147 +013.2245 -001.5893 -003.4768 +103.0449 +000.9215 +008.8539 0
L1 08    147 +012.4770 -001.5047 -003.3549 -010.6072 +004.2698 -001.2301 0
L1 01    151 +016.0183 +000.1407 +001.3323 -084.5349 +003.9442 +002.0463 0
L1 02    151 +005.5905 +007.1968 +001.7771 -159.4672 -000.3253 +178.9915 0
L1 03    151 +016.0958 -000.7219 -000.8356 -091.9559 -001.6353 +092.0311 0
L1 04    151 +008.3201 +007.5576 +001.7677 -047.9797 -000.1104 +000.3566 0
L1 05    151 +015.9238 -001.8951 -001.7817 -110.8225 +081.5707 +069.6218 0
L1 06    151 +014.4146 -001.7660 -003.3490 +175.4254 -000.9173 +001.2165 0
L1 07    151 +013.2245 -001.5893 -003.4767 +103.0447 +000.9212 +008.8539 0
L1 08    151 +012.4769 -001.5048 -003.3548 -010.6088 +004.2694 -001.2303 0
L1 01    155 +016.0182 +000.1408 +001.3323 -084.5337 +003.9415 +002.0460 0
L1 02    155 +005.5905 +007.1968 +001.7771 -159.4663 -000.3254 +178.9916 0
L1 03    155 +016.0958 -000.7218 -000.8357 -091.9551 -001.6354 +092.0315 0
L1 04    155 +008.3201 +007.5576 +001.7676 -047.9794 -000.1106 +000.3566 0
L1 05    155 +015.9239 -001.8951 -001.7815 -110.8112 +081.5701 +069.6321 0
L1 06    155 +014.4145 -001.7661 -003.3489 +175.4251 -000.9168 +001.2170 0
L1 07    155 +013.2245 -001.5893 -003.4766 +103.0451 +000.9215 +008.8526 0
L1 08    155 +012.4770 -001.5047 -003.3549 -010.6079 +004.2692 -001.2298 0
L1 01    159 +016.0182 +000.1409 +001.3322 -084.5343 +003.9402 +002.0447 0
L1 02    159 +005.5905 +007.1968 +001.7771 -159.4662 -000.3254 +178.9917 0
L1 03    159 +016.0958 -000.7216 -000.8357 -091.9539 -001.6352 +092.0315 0
L1 04    159 +008.3200 +007.5577 +001.7677 -047.9783 -000.1107 +000.3571 0
L1 05    159 +015.9239 -001.8948 -001.7816 -110.8162 +081.5721 +069.6254 0
L1 06    159 +014.4145 -001.7661 -003.3491 +175.4257 -000.9169 +001.2158 0
L1 07    159 +013.2246 -001.5892 -003.4767 +103.0473 +000.9204 +008.8523 0
L1 08    159 +012.4770 -001.5047 -003.3550 -010.6068 +004.2692 -001.2292 0
L1 01    163 +016.0183 +000.1408 +001.3324 -084.5369 +003.9371 +002.0465 0
L1 02    163 +005.5905 +007.1968 +001.7771 -159.4665 -000.3253 +178.9915 0
L1 03    163 +016.0958 -000.7217 -000.8357 -091.9546 -001.6358 +092.0315 0
L1 04    163 +008.3201 +007.5576 +001.7677 -047.9795 -000.1105 +000.3567 0
L1 05    163 +015.9238 -001.8954 -001.7819 -110.8293 +081.5705 +069.6163 0
L1 06    163 +014.4146 -001.7662 -003.3491 +175.4253 -000.9172 +001.2165 0
L1 07    163 +013.2247 -001.5892 -003.4765 +103.0466 +000.9211 +008.8504 0
L1 08    163 +012.4770 -001.5048 -003.3549 -010.6071 +004.2683 -001.2298 0
L1 01    167 +016.0183 +000.1404 +001.3323 -084.5431 +003.9334 +002.0460 0
L1 02    167 +005.5906 +007.1968 +001.7770 -159.4673 -000.3256 +178.9914 0
L1 03    167 +016.0958 -000.7218 -000.8357 -091.9560 -001.6359 +092.0315 0
L1 04    167 +008.3201 +007.5576 +001.7677 -047.9797 -000.1105 +000.3567 0
L1 05    167 +015.9239 -001.8959 -001.7817 -110.8254 +081.5712 +069.6248 0
L1 06    167 +014.4146 -001.7662 -003.3491 +175.4245 -000.9173 +001.2168 0
L1 07    167 +013.2246 -001.5894 -003.4765 +103.0452 +000.9224 +008.8517 0
L1 08    167 +012.4770 -001.5048 -003.3549 -010.6075 +004.2690 -001.2301 0
L1 01    171 +016.0183 +000.1406 +001.3324 -084.5408 +003.9321 +002.0466 0
L1 02    171 +005.5905 +007.1968 +001.7771 -159.4666 -000.3255 +178.9912 0
L1 03    171 +016.0958 -000.7218 -000.8356 -091.9551 -001.6358 +092.0321 0
L1 04    171 +008.3200 +007.5576 +001.7677 -047.9792 -000.1105 +000.3569 0
L1 05    171 +015.9239 -001.8955 -001.7815 -110.8107 +081.5708 +069.6365 0
L1 06    171 +014.4145 -001.7664 -003.3491 +175.4236 -000.9176 +001.2160 0
L1 07    171 +013.2246 -001.5893 -003.4765 +103.0474 +000.9215 +008.8514 0
L1 08    171 +012.4770 -001.5048 -003.3549 -010.6072 +004.2695 -001.2297 0
L1 01    175 +016.0183 +000.1406 +001.3322 -084.5418 +003.9283 +002.0445 0
L1 02    175 +005.5905 +007.1968 +001.7771 -159.4663 -000.3254 +178.9913 0
L1 03    175 +016.0958 -000.7216 -000.8356 -091.9537 -001.6358 +092.0321 0
L1 04    175 +008.3200 +007.5577 +001.7676 -047.9788 -000.1105 +000.3566 0
L1 05    175 +015.9239 -001.8952 -001.7815 -110.8065 +081.5717 +069.6391 0
L1 06    175 +014.4145 -001.7663 -003.3492 +175.4253 -000.9176 +001.2165 0
L1 07    175 +013.2245 -001.5893 -003.4768 +103.0479 +000.9203 +008.8532 0
L1 08    175 +012.4770 -001.5047 -003.3549 -010.6062 +004.2694 -001.2292 0
L1 01    179 +016.0183 +000.1405 +001.3322 -084.5455 +003.9257 +002.0452 0
L1 02    179 +005.5905 +007.1968 +001.7771 -159.4666 -000.3255 +178.9913 0
L1 03    179 +016.0958 -000.7217 -000.8356 -091.9551 -001.6361 +092.0324 0
L1 04    179 +008.3200 +007.5576 +001.7677 -047.9793 -000.1103 +000.3571 0
L1 05    179 +015.9239 -001.8953 -001.7817 -110.8114 +081.5720 +069.6353 0
L1 06    179 +014.4146 -001.7661 -003.3489 +175.4261 -000.9153 +001.2168 0
L1 07    179 +013.2246 -001.5894 -003.4767 +103.0477 +000.9212 +008.8524 0
L1 08    179 +012.4770 -001.5047 -003.3549 -010.6065 +004.2686 -001.2292 0
L1 01    183 +016.0183 +000.1404 +001.3324 -084.5487 +003.9233 +002.0459 0
L1 02    183 +005.5905 +007.1968 +001.7770 -159.4670 -000.3257 +178.9914 0
L1 03    183 +016.0958 -000.7218 -000.8357 -091.9562 -001.6358 +092.0321 0
L1 04    183 +008.3201 +007.5576 +001.7677 -047.9799 -000.1101 +000.3567 0
L1 05    183 +015.9239 -001.8958 -001.7819 -110.8233 +081.5704 +069.6273 0
L1 06    183 +014.4147 -001.7661 -003.3489 +175.4263 -000.9151 +001.2163 0
L1 07    183 +013.2246 -001.5893 -003.4767 +103.0490 +000.9214 +008.8518 0
L1 08    183 +012.4770 -001.5048 -003.3549 -010.6068 +004.2682 -001.2294 0
L1 01    187 +016.0183 +000.1404 +001.3323 -084.5472 +003.9208 +002.0435 0
L1 02    187 +005.5905 +007.1968 +001.7771 -159.4667 -000.3254 +178.9912 0
L1 03    187 +016.0958 -000.7217 -000.8357 -091.9544 -001.6363 +092.0311 0
L1 04    187 +008.3201 +007.5576 +001.7676 -047.9797 -000.1105 +000.3566 0
L1 05    187 +015.9239 -001.8953 -001.7817 -110.8154 +081.5708 +069.6309 0
L1 06    187 +014.4146 -001.7659 -003.3488 +175.4281 -000.9156 +001.2156 0
L1 07    187 +013.2246 -001.5892 -003.4766 +103.0500 +000.9205 +008.8522 0
L1 08    187 +012.4770 -001.5048 -003.3549 -010.6060 +004.2690 -001.2292 0
L1 01    191 +016.0182 +000.1407 +001.3321 -084.5461 +003.9180 +002.0409 0
L1 02    191 +005.5905 +007.1968 +001.7771 -159.4662 -000.3251 +178.9912 0
L1 03    191 +016.0958 -000.7216 -000.8356 -091.9535 -001.6364 +092.0310 0
L1 04    191 +008.3200 +007.5577 +001.7677 -047.9788 -000.1108 +000.3568 0
L1 05    191 +015.9239 -001.8954 -001.7816 -110.8162 +081.5698 +069.6293 0
L1 06    191 +014.4146 -001.7658 -003.3489 +175.4299 -000.9178 +001.2146 0
L1 07    191 +013.2245 -001.5892 -003.4765 +103.0508 +000.9195 +008.8529 0
L1 08    191 +012.4769 -001.5048 -003.3548 -010.6048 +004.2711 -001.2290 0
L1 01    195 +016.0183 +000.1405 +001.3322 -084.5499 +003.9158 +002.0421 0
L1 02    195 +005.5905 +007.1968 +001.7771 -159.4669 -000.3255 +178.9911 0
L1 03    195 +016.0958 -000.7217 -000.8357 -091.9546 -001.6368 +092.0311 0
L1 04    195 +008.3201 +007.5576 +001.7677 -047.9800 -000.1104 +000.3568 0
L1 05    195 +015.9239 -001.8952 -001.7817 -110.8169 +081.5698 +069.6281 0
L1 06    195 +014.4145 -001.7663 -003.3489 +175.4256 -000.9179 +001.2157 0
L1 07    195 +013.2245 -001.5891 -003.4766 +103.0517 +000.9199 +008.8536 0
L1 08    195 +012.4769 -001.5048 -003.3548 -010.6052 +004.2703 -001.2298 0
L1 01    199 +016.0183 +000.1405 +001.3323 -084.5513 +003.9132 +002.0425 0
L1 02    199 +005.5905 +007.1968 +001.7771 -159.4670 -000.3252 +178.9911 0
L1 03    199 +016.0958 -000.7216 -000.8356 -091.9544 -001.6362 +092.0321 0
L1 04    199 +008.3201 +007.5576 +001.7676 -047.9795 -000.1103 +000.3566 0
L1 05    199 +015.9239 -001.8952 -001.7815 -110.8108 +081.5709 +069.6349 0
L1 06    199 +014.4145 -001.7664 -003.3491 +175.4253 -000.9182 +001.2149 0
L1 07    199 +013.2245 -001.5893 -003.4766 +103.0510 +000.9199 +008.8521 0
L1 08    199 +012.4769 -001.5048 -003.3548 -010.6050 +004.2696 -001.2291 0
L1 01    203 +016.0182 +000.1406 +001.3322 -084.5508 +003.9112 +002.0414 0
L1 02    203 +005.5905 +007.1968 +001.7771 -159.4666 -000.3253 +178.9914 0
L1 03    203 +016.0958 -000.7215 -000.8356 -091.9533 -001.6363 +092.0319 0
L1 04    203 +008.3201 +007.5576 +001.7676 -047.9793 -000.1104 +000.3567 0
L1 05    203 +015.9238 -001.8953 -001.7817 -110.8184 +081.5696 +069.6273 0
L1 06    203 +014.4146 -001.7658 -003.3492 +175.4297 -000.9180 +001.2143 0
L1 07    203 +013.2246 -001.5892 -003.4765 +103.0520 +000.9192 +008.8508 0
L1 08    203 +012.4770 -001.5047 -003.3549 -010.6035 +004.2691 -001.2284 0
L1 01    207 +016.0183 +000.1404 +001.3323 -084.5527 +003.9088 +002.0429 0
L1 02    207 +005.5905 +007.1968 +001.7771 -159.4665 -000.3251 +178.9914 0
L1 03    207 +016.0958 -000.7214 -000.8357 -091.9528 -001.6364 +092.0314 0
L1 04    207 +008.3201 +007.5576 +001.7677 -047.9790 -000.1105 +000.3568 0
L1 05    207 +015.9239 -001.8953 -001.7817 -110.8149 +081.5693 +069.6299 0
L1 06    207 +014.4145 -001.7658 -003.3493 +175.4304 -000.9186 +001.2149 0
L1 07    207 +013.2245 -001.5893 -003.4767 +103.0515 +000.9190 +008.8522 0
L1 08    207 +012.4770 -001.5047 -003.3549 -010.6029 +004.2694 -001.2283 0
L1 01    211 +016.0183 +000.1405 +001.3323 -084.5538 +003.9070 +002.0411 0
L1 02    211 +005.5905 +007.1968 +001.7771 -159.4667 -000.3251 +178.9915 0
L1 03    211 +016.0958 -000.7217 -000.8357 -091.9546 -001.6365 +092.0310 0
L1 04    211 +008.3201 +007.5576 +001.7676 -047.9794 -000.1104 +000.3567 0
L1 05    211 +015.9239 -001.8952 -001.7816 -110.8117 +081.5692 +069.6334 0
L1 06    211 +014.4145 -001.7659 -003.3491 +175.4299 -000.9180 +001.2152 0
L1 07    211 +013.2245 -001.5893 -003.4766 +103.0524 +000.9187 +008.8528 0
L1 08    211 +012.4769 -001.5048 -003.3549 -010.6037 +004.2705 -001.2286 0
L1 01    215 +016.0183 +000.1404 +001.3323 -084.5560 +003.9053 +002.0426 0
L1 02    215 +005.5905 +007.1968 +001.7770 -159.4670 -000.3251 +178.9915 0
L1 03    215 +016.0957 -000.7217 -000.8355 -091.9555 -001.6365 +092.0319 0
L1 04    215 +008.3201 +007.5576 +001.7677 -047.9798 -000.1103 +000.3574 0
L1 05    215 +015.9239 -001.8954 -001.7813 -110.8055 +081.5696 +069.6424 0
L1 06    215 +014.4145 -001.7662 -003.3491 +175.4271 -000.9182 +001.2159 0
L1 07    215 +013.2245 -001.5891 -003.4764 +103.0538 +000.9191 +008.8521 0
L1 08    215 +012.4769 -001.5048 -003.3547 -010.6039 +004.2705 -001.2284 0
L1 01    219 +016.0183 +000.1407 +001.3327 -084.5550 +003.9027 +002.0448 0
L1 02    219 +005.5905 +007.1968 +001.7771 -159.4664 -000.3249 +178.9916 0
L1 03    219 +016.0958 -000.7217 -000.8355 -091.9549 -001.6360 +092.0324 0
L1 04    219 +008.3201 +007.5576 +001.7677 -047.9794 -000.1101 +000.3574 0
L1 05    219 +015.9238 -001.8955 -001.7816 -110.8136 +081.5700 +069.6337 0
L1 06    219 +014.4145 -001.7658 -003.3492 +175.4296 -000.9187 +001.2138 0
L1 07    219 +013.2245 -001.5891 -003.4766 +103.0531 +000.9187 +008.8527 0
L1 08    219 +012.4770 -001.5047 -003.3548 -010.6032 +004.2703 -001.2278 0
L1 01    223 +016.0183 +000.1405 +001.3327 -084.5576 +003.9012 +002.0450 0
L1 02    223 +005.5905 +007.1968 +001.7771 -159.4668 -000.3247 +178.9915 0
L1 03    223 +016.0959 -000.7215 -000.8355 -091.9543 -001.6351 +092.0331 0
L1 04    223 +008.3201 +007.5576 +001.7677 -047.9796 -000.1098 +000.3579 0
L1 05    223 +015.9239 -001.8955 -001.7817 -110.8166 +081.5710 +069.6306 0
L1 06    223 +014.4146 -001.7660 -003.3491 +175.4286 -000.9166 +001.2132 0
L1 07    223 +013.2246 -001.5890 -003.4767 +103.0539 +000.9173 +008.8524 0
L1 08    223 +012.4771 -001.5046 -003.3548 -010.6027 +004.2684 -001.2264 0
L1 01    227 +016.0184 +000.1404 +001.3327 -084.5603 +003.9004 +002.0460 0
L1 02    227 +005.5905 +007.1968 +001.7771 -159.4666 -000.3242 +178.9912 0
L1 03    227 +016.0959 -000.7218 -000.8354 -091.9571 -001.6336 +092.0354 0
L1 04    227 +008.3201 +007.5576 +001.7677 -047.9804 -000.1091 +000.3588 0
L1 05    227 +015.9240 -001.8957 -001.7817 -110.8114 +081.5716 +069.6396 0
L1 06    227 +014.4147 -001.7660 -003.3492 +175.4278 -000.9156 +001.2127 0
L1 07    227 +013.2247 -001.5890 -003.4767 +103.0536 +000.9170 +008.8497 0
L1 08    227 +012.4772 -001.5046 -003.3549 -010.6036 +004.2669 -001.2257 0
L1 01    231 +016.0184 +000.1405 +001.3327 -084.5597 +003.8985 +002.0459 0
L1 02    231 +005.5905 +007.1968 +001.7771 -159.4662 -000.3235 +178.9912 0
L1 03    231 +016.0960 -000.7216 -000.8354 -091.9556 -001.6334 +092.0353 0
L1 04    231 +008.3201 +007.5576 +001.7678 -047.9799 -000.1088 +000.3595 0
L1 05    231 +015.9240 -001.8958 -001.7817 -110.8067 +081.5706 +069.6443 0
L1 06    231 +014.4148 -001.7661 -003.3490 +175.4279 -000.9137 +001.2124 0
L1 07    231 +013.2248 -001.5891 -003.4766 +103.0535 +000.9165 +008.8482 0
L1 08    231 +012.4773 -001.5045 -003.3549 -010.6020 +004.2665 -001.2243 0
L1 01    235 +016.0184 +000.1407 +001.3328 -084.5584 +003.8971 +002.0471 0
L1 02    235 +005.5905 +007.1968 +001.7771 -159.4652 -000.3224 +178.9915 0
L1 03    235 +016.0960 -000.7215 -000.8354 -091.9545 -001.6330 +092.0360 0
L1 04    235 +008.3201 +007.5577 +001.7678 -047.9790 -000.1083 +000.3603 0
L1 05    235 +015.9241 -001.8955 -001.7818 -110.8080 +081.5728 +069.6408 0
L1 06    235 +014.4150 -001.7657 -003.3491 +175.4316 -000.9139 +001.2104 0
L1 07    235 +013.2250 -001.5890 -003.4765 +103.0548 +000.9158 +008.8457 0
L1 08    235 +012.4774 -001.5044 -003.3548 -010.6005 +004.2658 -001.2231 0
L1 01    239 +016.0184 +000.1404 +001.3329 -084.5645 +003.8963 +002.0480 0
L1 02    239 +005.5905 +007.1968 +001.7771 -159.4662 -000.3217 +178.9911 0
L1 03    239 +016.0961 -000.7216 -000.8352 -091.9569 -001.6318 +092.0378 0
L1 04    239 +008.3201 +007.5576 +001.7679 -047.9803 -000.1075 +000.3620 0
L1 05    239 +015.9242 -001.8956 -001.7813 -110.7897 +081.5727 +069.6611 0
L1 06    239 +014.4151 -001.7661 -003.3488 +175.4276 -000.9116 +001.2105 0
L1 07    239 +013.2251 -001.5889 -003.4766 +103.0548 +000.9151 +008.8460 0
L1 08    239 +012.4776 -001.5043 -003.3548 -010.6019 +004.2645 -001.2222 0
L1 01    243 +016.0185 +000.1406 +001.3330 -084.5633 +003.8959 +002.0486 0
L1 02    243 +005.5905 +007.1968 +001.7771 -159.4658 -000.3202 +178.9910 0
L1 03    243 +016.0961 -000.7216 -000.8351 -091.9572 -001.6300 +092.0389 0
L1 04    243 +008.3202 +007.5576 +001.7679 -047.9805 -000.1064 +000.3626 0
L1 05    243 +015.9243 -001.8951 -001.7812 -110.7788 +081.5739 +069.6693 0
L1 06    243 +014.4152 -001.7658 -003.3489 +175.4287 -000.9115 +001.2088 0
L1 07    243 +013.2252 -001.5888 -003.4766 +103.0548 +000.9134 +008.8452 0
L1 08    243 +012.4777 -001.5043 -003.3549 -010.6020 +004.2645 -001.2203 0
L1 01    247 +016.0184 +000.1405 +001.3329 -084.5639 +003.8933 +002.0470 0
L1 02    247 +005.5905 +007.1968 +001.7771 -159.4653 -000.3204 +178.9911 0
L1 03    247 +016.0962 -000.7213 -000.8351 -091.9539 -001.6295 +092.0387 0
L1 04    247 +008.3201 +007.5576 +001.7679 -047.9794 -000.1066 +000.3629 0
L1 05    247 +015.9243 -001.8949 -001.7811 -110.7720 +081.5753 +069.6742 0
L1 06    247 +014.4152 -001.7655 -003.3490 +175.4308 -000.9122 +001.2083 0
L1 07    247 +013.2252 -001.5887 -003.4766 +103.0556 +000.9126 +008.8450 0
L1 08    247 +012.4777 -001.5041 -003.3548 -010.6008 +004.2645 -001.2195 0
L1 01    251 +016.0185 +000.1405 +001.3331 -084.5654 +003.8918 +002.0495 0
L1 02    251 +005.5905 +007.1968 +001.7772 -159.4656 -000.3200 +178.9913 0
L1 03    251 +016.0962 -000.7214 -000.8347 -091.9548 -001.6300 +092.0418 0
L1 04    251 +008.3201 +007.5576 +001.7680 -047.9797 -000.1067 +000.3637 0
L1 05    251 +015.9244 -001.8950 -001.7814 -110.7757 +081.5749 +069.6708 0
L1 06    251 +014.4153 -001.7654 -003.3489 +175.4328 -000.9105 +001.2079 0
L1 07    251 +013.2253 -001.5886 -003.4767 +103.0575 +000.9114 +008.8438 0
L1 08    251 +012.4778 -001.5042 -003.3548 -010.5999 +004.2628 -001.2194 0
L1 01    255 +016.0185 +000.1400 +001.3330 -084.5707 +003.8891 +002.0491 0
L1 02    255 +005.5906 +007.1968 +001.7771 -159.4660 -000.3205 +178.9914 0
L1 03    255 +016.0963 -000.7212 -000.8352 -091.9552 -001.6299 +092.0408 0
L1 04    255 +008.3203 +007.5575 +001.7678 -047.9812 -000.1064 +000.3626 0
L1 05    255 +015.9245 -001.8949 -001.7813 -110.7731 +081.5759 +069.6733 0
L1 06    255 +014.4155 -001.7655 -003.3487 +175.4324 -000.9077 +001.2075 0
L1 07    255 +013.2254 -001.5886 -003.4766 +103.0566 +000.9112 +008.8413 0
L1 08    255 +012.4779 -001.5040 -003.3549 -010.5990 +004.2621 -001.2188 0
L1 01    259 +016.0185 +000.1403 +001.3332 -084.5682 +003.8883 +002.0509 0
L1 02    259 +005.5906 +007.1968 +001.7771 -159.4655 -000.3206 +178.9916 0
L1 03    259 +016.0963 -000.7212 -000.8352 -091.9543 -001.6291 +092.0409 0
L1 04    259 +008.3203 +007.5575 +001.7679 -047.9810 -000.1065 +000.3629 0
L1 05    259 +015.9246 -001.8948 -001.7815 -110.7765 +081.5784 +069.6694 0
L1 06    259 +014.4156 -001.7653 -003.3486 +175.4335 -000.9062 +001.2062 0
L1 07    259 +013.2255 -001.5885 -003.4765 +103.0568 +000.9102 +008.8385 0
L1 08    259 +012.4780 -001.5038 -003.3549 -010.5980 +004.2617 -001.2173 0
L1 01    263 +016.0185 +000.1403 +001.3329 -084.5679 +003.8858 +002.0481 0
L1 02    263 +005.5906 +007.1968 +001.7771 -159.4654 -000.3204 +178.9916 0
L1 03    263 +016.0964 -000.7209 -000.8354 -091.9508 -001.6278 +092.0392 0
L1 04    263 +008.3202 +007.5576 +001.7678 -047.9800 -000.1069 +000.3625 0
L1 05    263 +015.9247 -001.8942 -001.7811 -110.7546 +081.5789 +069.6872 0
L1 06    263 +014.4157 -001.7650 -003.3486 +175.4361 -000.9055 +001.2045 0
L1 07    263 +013.2255 -001.5884 -003.4767 +103.0589 +000.9092 +008.8409 0
L1 08    263 +012.4780 -001.5038 -003.3550 -010.5973 +004.2621 -001.2167 0
L1 01    267 +016.0185 +000.1405 +001.3331 -084.5681 +003.8835 +002.0499 0
L1 02    267 +005.5905 +007.1968 +001.7771 -159.4650 -000.3204 +178.9917 0
L1 03    267 +016.0964 -000.7210 -000.8353 -091.9519 -001.6285 +092.0397 0
L1 04    267 +008.3202 +007.5576 +001.7678 -047.9797 -000.1070 +000.3627 0
L1 05    267 +015.9246 -001.8949 -001.7811 -110.7547 +081.5782 +069.6911 0
L1 06    267 +014.4156 -001.7652 -003.3486 +175.4344 -000.9070 +001.2046 0
L1 07    267 +013.2255 -001.5884 -003.4766 +103.0594 +000.9093 +008.8404 0
L1 08    267 +012.4780 -001.5038 -003.3548 -010.5973 +004.2616 -001.2167 0
L1 01    271 +016.0185 +000.1404 +001.3332 -084.5704 +003.8819 +002.0495 0
L1 02    271 +005.5906 +007.1968 +001.7771 -159.4654 -000.3204 +178.9920 0
L1 03    271 +016.0963 -000.7213 -000.8353 -091.9548 -001.6284 +092.0394 0
L1 04    271 +008.3202 +007.5576 +001.7678 -047.9803 -000.1071 +000.3626 0
L1 05    271 +015.9245 -001.8952 -001.7811 -110.7611 +081.5765 +069.6875 0
L1 06    271 +014.4155 -001.7653 -003.3488 +175.4336 -000.9087 +001.2044 0
L1 07    271 +013.2255 -001.5884 -003.4766 +103.0590 +000.9094 +008.8410 0
L1 08    271 +012.4779 -001.5040 -003.3548 -010.5982 +004.2622 -001.2172 0
L1 01    275 +016.0185 +000.1404 +001.3333 -084.5708 +003.8793 +002.0491 0
L1 02    275 +005.5905 +007.1968 +001.7771 -159.4648 -000.3205 +178.9924 0
L1 03    275 +016.0963 -000.7212 -000.8352 -091.9541 -001.6284 +092.0395 0
L1 04    275 +008.3202 +007.5576 +001.7679 -047.9800 -000.1073 +000.3626 0
L1 05    275 +015.9245 -001.8950 -001.7811 -110.7570 +081.5765 +069.6898 0
L1 06    275 +014.4155 -001.7653 -003.3487 +175.4348 -000.9087 +001.2045 0
L1 07    275 +013.2255 -001.5883 -003.4765 +103.0607 +000.9091 +008.8411 0
L1 08    275 +012.4779 -001.5040 -003.3547 -010.5976 +004.2621 -001.2172 0
L1 01    279 +016.0185 +000.1406 +001.3332 -084.5701 +003.8771 +002.0477 0
L1 02    279 +005.5905 +007.1968 +001.7771 -159.4650 -000.3206 +178.9926 0
L1 03    279 +016.0963 -000.7211 -000.8353 -091.9523 -001.6286 +092.0384 0
L1 04    279 +008.3202 +007.5576 +001.7678 -047.9795 -000.1076 +000.3625 0
L1 05    279 +015.9245 -001.8947 -001.7813 -110.7673 +081.5769 +069.6763 0
L1 06    279 +014.4155 -001.7652 -003.3487 +175.4359 -000.9090 +001.2044 0
L1 07    279 +013.2255 -001.5882 -003.4764 +103.0630 +000.9094 +008.8409 0
L1 08    279 +012.4779 -001.5038 -003.3548 -010.5944 +004.2627 -001.2162 0
L1 01    283 +016.0185 +000.1403 +001.3333 -084.5741 +003.8758 +002.0495 0
L1 02    283 +005.5906 +007.1968 +001.7771 -159.4651 -000.3206 +178.9925 0
L1 03    283 +016.0963 -000.7212 -000.8353 -091.9538 -001.6283 +092.0393 0
L1 04    283 +008.3202 +007.5576 +001.7678 -047.9803 -000.1074 +000.3626 0
L1 05    283 +015.9245 -001.8948 -001.7812 -110.7369 +081.5698 +069.7051 0
L1 06    283 +014.4155 -001.7654 -003.3487 +175.4341 -000.9086 +001.2047 0
L1 07    283 +013.2255 -001.5883 -003.4765 +103.0620 +000.9090 +008.8415 0
L1 08    283 +012.4779 -001.5039 -003.3548 -010.5963 +004.2619 -001.2169 0
L1 01    287 +016.0186 +000.1400 +001.3334 -084.5793 +003.8748 +002.0508 0
L1 02    287 +005.5906 +007.1968 +001.7771 -159.4654 -000.3205 +178.9924 0
L1 03    287 +016.0964 -000.7215 -000.8353 -091.9566 -001.6278 +092.0401 0
L1 04    287 +008.3202 +007.5575 +001.7678 -047.9808 -000.1072 +000.3626 0
L1 05    287 +015.9245 -001.8950 -001.7813 -110.7203 +081.5607 +069.7225 0
L1 06    287 +014.4156 -001.7653 -003.3487 +175.4342 -000.9072 +001.2045 0
L1 07    287 +013.2256 -001.5885 -003.4764 +103.0603 +000.9084 +008.8391 0
L1 08    287 +012.4780 -001.5039 -003.3548 -010.5961 +004.2608 -001.2157 0
L1 01    291 +016.0186 +000.1402 +001.3335 -084.5764 +003.8721 +002.0520 0
L1 02    291 +005.5906 +007.1968 +001.7770 -159.4653 -000.3208 +178.9926 0
L1 03    291 +016.0964 -000.7211 -000.8351 -091.9543 -001.6281 +092.0410 0
L1 04    291 +008.3203 +007.5575 +001.7679 -047.9808 -000.1072 +000.3628 0
L1 05    291 +015.9246 -001.8948 -001.7809 -110.6742 +081.5555 +069.7612 0
L1 06    291 +014.4156 -001.7654 -003.3487 +175.4345 -000.9065 +001.2035 0
L1 07    291 +013.2256 -001.5884 -003.4765 +103.0612 +000.9084 +008.8391 0
L1 08    291 +012.4780 -001.5039 -003.3548 -010.5955 +004.2607 -001.2155 0
L1 01    295 +016.0186 +000.1404 +001.3334 -084.5761 +003.8709 +002.0497 0
L1 02    295 +005.5905 +007.1968 +001.7770 -159.4650 -000.3206 +178.9927 0
L1 03    295 +016.0963 -000.7211 -000.8351 -091.9533 -001.6276 +092.0408 0
L1 04    295 +008.3202 +007.5576 +001.7679 -047.9803 -000.1074 +000.3628 0
L1 05    295 +015.9246 -001.8948 -001.7811 -110.6715 +081.5488 +069.7619 0
L1 06    295 +014.4157 -001.7650 -003.3485 +175.4381 -000.9060 +001.2033 0
L1 07    295 +013.2256 -001.5884 -003.4766 +103.0625 +000.9074 +008.8403 0
L1 08    295 +012.4780 -001.5039 -003.3548 -010.5944 +004.2610 -001.2149 0
L1 01    299 +016.0186 +000.1403 +001.3333 -084.5783 +003.8702 +002.0499 0
L1 02    299 +005.5906 +007.1968 +001.7771 -159.4652 -000.3204 +178.9924 0
L1 03    299 +016.0964 -000.7210 -000.8351 -091.9532 -001.6272 +092.0416 0
L1 04    299 +008.3203 +007.5576 +001.7679 -047.9806 -000.1073 +000.3627 0
L1 05    299 +015.9246 -001.8947 -001.7811 -110.6315 +081.5391 +069.7992 0
L1 06    299 +014.4157 -001.7649 -003.3487 +175.4388 -000.9062 +001.2032 0
L1 07    299 +013.2256 -001.5883 -003.4766 +103.0630 +000.9072 +008.8383 0
L1 08    299 +012.4781 -001.5039 -003.3548 -010.5949 +004.2601 -001.2139 0
L1 01    303 +016.0185 +000.1403 +001.3333 -084.5800 +003.8684 +002.0489 0
L1 02    303 +005.5906 +007.1968 +001.7770 -159.4650 -000.3205 +178.9927 0
L1 03    303 +016.0964 -000.7212 -000.8351 -091.9546 -001.6269 +092.0415 0
L1 04    303 +008.3202 +007.5576 +001.7678 -047.9805 -000.1074 +000.3628 0
L1 05    303 +015.9246 -001.8947 -001.7812 -110.6348 +081.5332 +069.7947 0
L1 06    303 +014.4157 -001.7651 -003.3487 +175.4367 -000.9061 +001.2017 0
L1 07    303 +013.2257 -001.5883 -003.4767 +103.0627 +000.9062 +008.8385 0
L1 08    303 +012.4781 -001.5038 -003.3548 -010.5945 +004.2600 -001.2132 0
L1 01    307 +016.0186 +000.1401 +001.3333 -084.5844 +003.8662 +002.0493 0
L1 02    307 +005.5906 +007.1968 +001.7770 -159.4655 -000.3206 +178.9925 0
L1 03    307 +016.0964 -000.7213 -000.8350 -091.9552 -001.6277 +092.0420 0
L1 04    307 +008.3202 +007.5575 +001.7678 -047.9808 -000.1074 +000.3627 0
L1 05    307 +015.9247 -001.8944 -001.7812 -110.6069 +081.5272 +069.8148 0
L1 06    307 +014.4157 -001.7654 -003.3487 +175.4366 -000.9059 +001.2026 0
L1 07    307 +013.2256 -001.5883 -003.4768 +103.0653 +000.9064 +008.8401 0
L1 08    307 +012.4781 -001.5039 -003.3549 -010.5935 +004.2607 -001.2140 0
L1 01    311 +016.0186 +000.1402 +001.3331 -084.5818 +003.8658 +002.0468 0
L1 02    311 +005.5906 +007.1968 +001.7771 -159.4657 -000.3203 +178.9923 0
L1 03    311 +016.0964 -000.7211 -000.8352 -091.9532 -001.6263 +092.0410 0
L1 04    311 +008.3202 +007.5576 +001.7678 -047.9803 -000.1075 +000.3626 0
L1 05    311 +015.9247 -001.8946 -001.7812 -110.5906 +081.5173 +069.8299 0
L1 06    311 +014.4158 -001.7653 -003.3487 +175.4385 -000.9056 +001.2012 0
L1 07    311 +013.2257 -001.5882 -003.4768 +103.0673 +000.9051 +008.8386 0
L1 08    311 +012.4781 -001.5038 -003.3549 -010.5914 +004.2609 -001.2126 0
L1 01    315 +016.0186 +000.1403 +001.3333 -084.5818 +003.8644 +002.0491 0
L1 02    315 +005.5906 +007.1968 +001.7771 -159.4658 -000.3204 +178.9922 0
L1 03    315 +016.0965 -000.7210 -000.8351 -091.9533 -001.6257 +092.0420 0
L1 04    315 +008.3202 +007.5576 +001.7679 -047.9804 -000.1076 +000.3627 0
L1 05    315 +015.9247 -001.8947 -001.7811 -110.5544 +081.5108 +069.8678 0
L1 06    315 +014.4158 -001.7649 -003.3489 +175.4399 -000.9060 +001.1999 0
L1 07    315 +013.2257 -001.5881 -003.4768 +103.0667 +000.9046 +008.8376 0
L1 08    315 +012.4782 -001.5037 -003.3550 -010.5916 +004.2595 -001.2114 0
L1 01    319 +016.0186 +000.1403 +001.3334 -084.5831 +003.8624 +002.0494 0
L1 02    319 +005.5906 +007.1968 +001.7771 -159.4656 -000.3203 +178.9922 0
L1 03    319 +016.0965 -000.7209 -000.8350 -091.9522 -001.6252 +092.0432 0
L1 04    319 +008.3202 +007.5576 +001.7679 -047.9804 -000.1075 +000.3627 0
L1 05    319 +015.9248 -001.8944 -001.7809 -110.5143 +081.5039 +069.9021 0
L1 06    319 +014.4159 -001.7649 -003.3486 +175.4397 -000.9034 +001.1984 0
L1 07    319 +013.2258 -001.5881 -003.4768 +103.0673 +000.9040 +008.8365 0
L1 08    319 +012.4783 -001.5036 -003.3550 -010.5906 +004.2588 -001.2103 0
L1 01    323 +016.0185 +000.1402 +001.3333 -084.5862 +003.8612 +002.0488 0
L1 02    323 +005.5906 +007.1968 +001.7771 -159.4659 -000.3203 +178.9924 0
L1 03    323 +016.0965 -000.7211 -000.8350 -091.9545 -001.6253 +092.0434 0
L1 04    323 +008.3202 +007.5575 +001.7679 -047.9806 -000.1075 +000.3628 0
L1 05    323 +015.9248 -001.8946 -001.7810 -110.5121 +081.4956 +069.9021 0
L1 06    323 +014.4159 -001.7650 -003.3487 +175.4401 -000.9037 +001.1986 0
L1 07    323 +013.2259 -001.5880 -003.4767 +103.0683 +000.9040 +008.8359 0
L1 08    323 +012.4783 -001.5037 -003.3550 -010.5909 +004.2584 -001.2103 0
L1 01    327 +016.0186 +000.1402 +001.3334 -084.5856 +003.8592 +002.0495 0
L1 02    327 +005.5906 +007.1968 +001.7771 -159.4659 -000.3204 +178.9927 0
L1 03    327 +016.0965 -000.7209 -000.8349 -091.9526 -001.6249 +092.0436 0
L1 04    327 +008.3202 +007.5575 +001.7679 -047.9805 -000.1078 +000.3627 0
L1 05    327 +015.9248 -001.8945 -001.7809 -110.4975 +081.4952 +069.9110 0
L1 06    327 +014.4160 -001.7648 -003.3486 +175.4418 -000.9033 +001.1980 0
L1 07    327 +013.2259 -001.5878 -003.4767 +103.0702 +000.9027 +008.8356 0
L1 08    327 +012.4783 -001.5037 -003.3549 -010.5900 +004.2586 -001.2104 0
L1 01    331 +016.0186 +000.1402 +001.3334 -084.5870 +003.8577 +002.0490 0
L1 02    331 +005.5906 +007.1968 +001.7771 -159.4659 -000.3203 +178.9928 0
L1 03    331 +016.0965 -000.7211 -000.8352 -091.9541 -001.6252 +092.0418 0
L1 04    331 +008.3202 +007.5575 +001.7679 -047.9809 -000.1079 +000.3627 0
L1 05    331 +015.9247 -001.8949 -001.7811 -110.5031 +081.4914 +069.9080 0
L1 06    331 +014.4160 -001.7649 -003.3487 +175.4423 -000.9038 +001.1983 0
L1 07    331 +013.2259 -001.5880 -003.4768 +103.0698 +000.9034 +008.8367 0
L1 08    331 +012.4783 -001.5038 -003.3550 -010.5899 +004.2591 -001.2108 0
L1 01    335 +016.0186 +000.1402 +001.3334 -084.5886 +003.8561 +002.0489 0
L1 02    335 +005.5906 +007.1968 +001.7770 -159.4660 -000.3205 +178.9929 0
L1 03    335 +016.0965 -000.7211 -000.8352 -091.9541 -001.6249 +092.0420 0
L1 04    335 +008.3203 +007.5575 +001.7678 -047.9814 -000.1079 +000.3623 0
L1 05    335 +015.9248 -001.8948 -001.7811 -110.4991 +081.4913 +069.9118 0
L1 06    335 +014.4160 -001.7649 -003.3487 +175.4421 -000.9035 +001.1976 0
L1 07    335 +013.2259 -001.5881 -003.4767 +103.0696 +000.9035 +008.8356 0
L1 08    335 +012.4783 -001.5038 -003.3550 -010.5894 +004.2590 -001.2102 0
L1 01    339 +016.0186 +000.1396 +001.3333 -084.5954 +003.8553 +002.0476 0
L1 02    339 +005.5907 +007.1967 +001.7770 -159.4667 -000.3206 +178.9928 0
L1 03    339 +016.0965 -000.7212 -000.8351 -091.9551 -001.6250 +092.0428 0
L1 04    339 +008.3203 +007.5575 +001.7678 -047.9817 -000.1077 +000.3624 0
L1 05    339 +015.9249 -001.8943 -001.7812 -110.4986 +081.4930 +069.9107 0
L1 06    339 +014.4160 -001.7647 -003.3489 +175.4419 -000.9045 +001.1972 0
L1 07    339 +013.2259 -001.5881 -003.4767 +103.0694 +000.9035 +008.8348 0
L1 08    339 +012.4784 -001.5037 -003.3550 -010.5901 +004.2589 -001.2090 0
L1 01    343 +016.0186 +000.1400 +001.3334 -084.5912 +003.8532 +002.0491 0
L1 02    343 +005.5906 +007.1968 +001.7770 -159.4662 -000.3205 +178.9930 0
L1 03    343 +016.0965 -000.7210 -000.8350 -091.9542 -001.6241 +092.0439 0
L1 04    343 +008.3203 +007.5575 +001.7678 -047.9813 -000.1079 +000.3625 0
L1 05    343 +015.9249 -001.8944 -001.7811 -110.5109 +081.4982 +069.9028 0
L1 06    343 +014.4160 -001.7649 -003.3486 +175.4410 -000.9028 +001.1968 0
L1 07    343 +013.2260 -001.5880 -003.4767 +103.0695 +000.9020 +008.8343 0
L1 08    343 +012.4784 -001.5036 -003.3550 -010.5896 +004.2581 -001.2074 0
L1 01    347 +016.0186 +000.1402 +001.3333 -084.5899 +003.8512 +002.0482 0
L1 02    347 +005.5906 +007.1968 +001.7770 -159.4663 -000.3204 +178.9929 0
L1 03    347 +016.0965 -000.7210 -000.8350 -091.9531 -001.6241 +092.0435 0
L1 04    347 +008.3203 +007.5575 +001.7678 -047.9808 -000.1079 +000.3623 0
L1 05    347 +015.9248 -001.8944 -001.7811 -110.5546 +081.5106 +069.8632 0
L1 06    347 +014.4160 -001.7648 -003.3487 +175.4421 -000.9032 +001.1960 0
L1 07    347 +013.2260 -001.5880 -003.4765 +103.0692 +000.9016 +008.8331 0
L1 08    347 +012.4784 -001.5036 -003.3549 -010.5890 +004.2586 -001.2081 0
L1 01    351 +016.0186 +000.1399 +001.3334 -084.5936 +003.8484 +002.0477 0
L1 02    351 +005.5906 +007.1968 +001.7770 -159.4660 -000.3203 +178.9930 0
L1 03    351 +016.0965 -000.7210 -000.8351 -091.9533 -001.6252 +092.0424 0
L1 04    351 +008.3203 +007.5575 +001.7678 -047.9808 -000.1080 +000.3623 0
L1 05    351 +015.9248 -001.8942 -001.7812 -110.6235 +081.5236 +069.7983 0
L1 06    351 +014.4159 -001.7650 -003.3485 +175.4411 -000.9034 +001.1977 0
L1 07    351 +013.2259 -001.5881 -003.4765 +103.0699 +000.9027 +008.8354 0
L1 08    351 +012.4783 -001.5036 -003.3549 -010.5893 +004.2604 -001.2101 0
L1 01    355 +016.0186 +000.1399 +001.3334 -084.5946 +003.8456 +002.0473 0
L1 02    355 +005.5906 +007.1968 +001.7770 -159.4661 -000.3203 +178.9931 0
L1 03    355 +016.0965 -000.7209 -000.8351 -091.9532 -001.6258 +092.0423 0
L1 04    355 +008.3203 +007.5575 +001.7678 -047.9809 -000.1081 +000.3622 0
L1 05    355 +015.9248 -001.8944 -001.7812 -110.6554 +081.5409 +069.7753 0
L1 06    355 +014.4158 -001.7652 -003.3487 +175.4402 -000.9057 +001.1981 0
L1 07    355 +013.2258 -001.5881 -003.4766 +103.0696 +000.9029 +008.8366 0
L1 08    355 +012.4782 -001.5037 -003.3549 -010.5900 +004.2612 -001.2103 0
L1 01    359 +016.0186 +000.1400 +001.3335 -084.5927 +003.8441 +002.0474 0
L1 02    359 +005.5906 +007.1968 +001.7771 -159.4651 -000.3199 +178.9932 0
L1 03    359 +016.0965 -000.7208 -000.8350 -091.9514 -001.6261 +092.0427 0
L1 04    359 +008.3202 +007.5576 +001.7678 -047.9802 -000.1083 +000.3624 0
L1 05    359 +015.9248 -001.8944 -001.7810 -110.6997 +081.5632 +069.7340 0
L1 06    359 +014.4158 -001.7649 -003.3487 +175.4418 -000.9057 +001.1980 0
L1 07    359 +013.2258 -001.5880 -003.4765 +103.0710 +000.9017 +008.8366 0
L1 08    359 +012.4782 -001.5036 -003.3548 -010.5887 +004.2612 -001.2095 0
L1 01    363 +016.0186 +000.1401 +001.3335 -084.5934 +003.8428 +002.0463 0
L1 02    363 +005.5906 +007.1968 +001.7770 -159.4654 -000.3201 +178.9931 0
L1 03    363 +016.0965 -000.7209 -000.8350 -091.9517 -001.6265 +092.0419 0
L1 04    363 +008.3202 +007.5576 +001.7678 -047.9798 -000.1082 +000.3622 0
L1 05    363 +015.9248 -001.8943 -001.7809 -110.7835 +081.5839 +069.6641 0
L1 06    363 +014.4158 -001.7649 -003.3485 +175.4417 -000.9062 +001.1975 0
L1 07    363 +013.2257 -001.5880 -003.4766 +103.0708 +000.9013 +008.8384 0
L1 08    363 +012.4782 -001.5036 -003.3547 -010.5895 +004.2622 -001.2096 0
L1 01    367 +016.0186 +000.1400 +001.3336 -084.5951 +003.8406 +002.0468 0
L1 02    367 +005.5906 +007.1968 +001.7771 -159.4658 -000.3200 +178.9931 0
L1 03    367 +016.0964 -000.7210 -000.8351 -091.9524 -001.6274 +092.0413 0
L1 04    367 +008.3202 +007.5576 +001.7678 -047.9803 -000.1079 +000.3623 0
L1 05    367 +015.9247 -001.8945 -001.7811 -110.9111 +081.6108 +069.5510 0
L1 06    367 +014.4157 -001.7649 -003.3484 +175.4416 -000.9065 +001.1981 0
L1 07    367 +013.2256 -001.5881 -003.4765 +103.0697 +000.9016 +008.8394 0
L1 08    367 +012.4781 -001.5036 -003.3547 -010.5899 +004.2633 -001.2105 0
L1 01    371 +016.0186 +000.1400 +001.3336 -084.5959 +003.8380 +002.0456 0
L1 02    371 +005.5906 +007.1968 +001.7771 -159.4659 -000.3199 +178.9930 0
L1 03    371 +016.0964 -000.7210 -000.8351 -091.9522 -001.6284 +092.0412 0
L1 04    371 +008.3202 +007.5576 +001.7678 -047.9803 -000.1082 +000.3626 0
L1 05    371 +015.9247 -001.8945 -001.7812 -110.9917 +081.6394 +069.4834 0
L1 06    371 +014.4157 -001.7647 -003.3485 +175.4426 -000.9084 +001.1978 0
L1 07    371 +013.2256 -001.5881 -003.4764 +103.0696 +000.9017 +008.8405 0
L1 08    371 +012.4780 -001.5037 -003.3546 -010.5912 +004.2648 -001.2116 0
L1 01    375 +016.0186 +000.1401 +001.3336 -084.5959 +003.8361 +002.0459 0
L1 02    375 +005.5906 +007.1968 +001.7771 -159.4661 -000.3200 +178.9932 0
L1 03    375 +016.0964 -000.7211 -000.8350 -091.9528 -001.6289 +092.0410 0
L1 04    375 +008.3202 +007.5576 +001.7678 -047.9803 -000.1083 +000.3627 0
L1 05    375 +015.9247 -001.8945 -001.7810 -111.0405 +081.6664 +069.4488 0
L1 06    375 +014.4157 -001.7647 -003.3487 +175.4417 -000.9096 +001.1982 0
L1 07    375 +013.2255 -001.5883 -003.4763 +103.0682 +000.9021 +008.8403 0
L1 08    375 +012.4780 -001.5037 -003.3546 -010.5916 +004.2648 -001.2116 0
L1 01    379 +016.0186 +000.1402 +001.3334 -084.5960 +003.8347 +002.0444 0
L1 02    379 +005.5906 +007.1968 +001.7770 -159.4658 -000.3202 +178.9933 0
L1 03    379 +016.0964 -000.7210 -000.8351 -091.9522 -001.6288 +092.0402 0
L1 04    379 +008.3202 +007.5576 +001.7678 -047.9800 -000.1084 +000.3626 0
L1 05    379 +015.9247 -001.8945 -001.7808 -111.1319 +081.6950 +069.3695 0
L1 06    379 +014.4156 -001.7650 -003.3483 +175.4408 -000.9079 +001.1991 0
L1 07    379 +013.2255 -001.5882 -003.4761 +103.0684 +000.9026 +008.8400 0
L1 08    379 +012.4779 -001.5036 -003.3546 -010.5911 +004.2653 -001.2120 0
L1 01    383 +016.0186 +000.1401 +001.3336 -084.5984 +003.8326 +002.0456 0
L1 02    383 +005.5906 +007.1968 +001.7770 -159.4662 -000.3204 +178.9933 0
L1 03    383 +016.0964 -000.7211 -000.8350 -091.9532 -001.6289 +092.0410 0
L1 04    383 +008.3202 +007.5576 +001.7678 -047.9801 -000.1082 +000.3627 0
L1 05    383 +015.9246 -001.8946 -001.7807 -111.2042 +081.7200 +069.3119 0
L1 06    383 +014.4155 -001.7652 -003.3484 +175.4395 -000.9097 +001.2001 0
L1 07    383 +013.2255 -001.5883 -003.4760 +103.0670 +000.9024 +008.8396 0
L1 08    383 +012.4779 -001.5036 -003.3545 -010.5917 +004.2654 -001.2121 0
L1 01    387 +016.0186 +000.1401 +001.3335 -084.5987 +003.8306 +002.0441 0
L1 02    387 +005.5906 +007.1967 +001.7770 -159.4664 -000.3203 +178.9931 0
L1 03    387 +016.0964 -000.7212 -000.8350 -091.9532 -001.6292 +092.0403 0
L1 04    387 +008.3202 +007.5576 +001.7678 -047.9801 -000.1080 +000.3628 0
L1 05    387 +015.9246 -001.8946 -001.7807 -111.2822 +081.7411 +069.2381 0
L1 06    387 +014.4154 -001.7652 -003.3487 +175.4387 -000.9124 +001.1998 0
L1 07    387 +013.2254 -001.5880 -003.4762 +103.0686 +000.9019 +008.8420 0
L1 08    387 +012.4779 -001.5035 -003.3544 -010.5919 +004.2659 -001.2121 0
L1 01    391 +016.0186 +000.1401 +001.3334 -084.6015 +003.8281 +002.0414 0
L1 02    391 +005.5906 +007.1967 +001.7770 -159.4664 -000.3201 +178.9931 0
L1 03    391 +016.0963 -000.7212 -000.8350 -091.9538 -001.6307 +092.0398 0
L1 04    391 +008.3202 +007.5575 +001.7678 -047.9806 -000.1081 +000.3628 0
L1 05    391 +015.9246 -001.8946 -001.7805 -111.3490 +081.7669 +069.1816 0
L1 06    391 +014.4153 -001.7653 -003.3486 +175.4366 -000.9143 +001.2003 0
L1 07    391 +013.2253 -001.5882 -003.4762 +103.0680 +000.9021 +008.8435 0
L1 08    391 +012.4778 -001.5036 -003.3544 -010.5934 +004.2677 -001.2133 0
L1 01    395 +016.0186 +000.1401 +001.3335 -084.6024 +003.8253 +002.0425 0
L1 02    395 +005.5906 +007.1968 +001.7770 -159.4664 -000.3204 +178.9935 0
L1 03    395 +016.0963 -000.7213 -000.8351 -091.9546 -001.6312 +092.0384 0
L1 04    395 +008.3202 +007.5575 +001.7678 -047.9809 -000.1082 +000.3626 0
L1 05    395 +015.9245 -001.8949 -001.7804 -111.4354 +081.7949 +069.1169 0
L1 06    395 +014.4154 -001.7651 -003.3483 +175.4396 -000.9133 +001.2016 0
L1 07    395 +013.2252 -001.5883 -003.4762 +103.0668 +000.9032 +008.8454 0
L1 08    395 +012.4777 -001.5037 -003.3543 -010.5941 +004.2685 -001.2140 0
L1 01    399 +016.0186 +000.1397 +001.3335 -084.6066 +003.8219 +002.0420 0
L1 02    399 +005.5906 +007.1968 +001.7770 -159.4660 -000.3204 +178.9935 0
L1 03    399 +016.0963 -000.7212 -000.8351 -091.9543 -001.6320 +092.0382 0
L1 04    399 +008.3202 +007.5575 +001.7679 -047.9810 -000.1084 +000.3628 0
L1 05    399 +015.9245 -001.8947 -001.7803 -111.5276 +081.8241 +069.0414 0
L1 06    399 +014.4153 -001.7652 -003.3484 +175.4375 -000.9144 +001.2016 0
L1 07    399 +013.2252 -001.5883 -003.4760 +103.0669 +000.9034 +008.8447 0
L1 08    399 +012.4777 -001.5036 -003.3543 -010.5938 +004.2689 -001.2142 0
L1 01    403 +016.0185 +000.1399 +001.3335 -084.6039 +003.8205 +002.0417 0
L1 02    403 +005.5906 +007.1968 +001.7770 -159.4660 -000.3203 +178.9936 0
L1 03    403 +016.0962 -000.7213 -000.8349 -091.9544 -001.6324 +092.0387 0
L1 04    403 +008.3203 +007.5575 +001.7678 -047.9809 -000.1082 +000.3627 0
L1 05    403 +015.9245 -001.8949 -001.7804 -111.6165 +081.8528 +068.9659 0
L1 06    403 +014.4152 -001.7653 -003.3482 +175.4369 -000.9134 +001.2015 0
L1 07    403 +013.2252 -001.5882 -003.4759 +103.0674 +000.9033 +008.8452 0
L1 08    403 +012.4776 -001.5037 -003.3542 -010.5943 +004.2691 -001.2145 0
L1 01    407 +016.0185 +000.1399 +001.3335 -084.6058 +003.8185 +002.0402 0
L1 02    407 +005.5906 +007.1968 +001.7770 -159.4660 -000.3202 +178.9936 0
L1 03    407 +016.0962 -000.7214 -000.8350 -091.9550 -001.6333 +092.0380 0
L1 04    407 +008.3203 +007.5575 +001.7678 -047.9811 -000.1083 +000.3623 0
L1 05    407 +015.9244 -001.8951 -001.7804 -111.7515 +081.8808 +068.8472 0
L1 06    407 +014.4151 -001.7654 -003.3484 +175.4365 -000.9160 +001.2020 0
L1 07    407 +013.2251 -001.5881 -003.4760 +103.0674 +000.9027 +008.8467 0
L1 08    407 +012.4775 -001.5037 -003.3542 -010.5952 +004.2702 -001.2152 0
L1 01    411 +016.0185 +000.1398 +001.3336 -084.6086 +003.8162 +002.0411 0
L1 02    411 +005.5906 +007.1968 +001.7770 -159.4659 -000.3202 +178.9937 0
L1 03    411 +016.0962 -000.7215 -000.8350 -091.9553 -001.6341 +092.0374 0
L1 04    411 +008.3203 +007.5575 +001.7678 -047.9813 -000.1082 +000.3624 0
L1 05    411 +015.9243 -001.8954 -001.7803 -111.8215 +081.9081 +068.7891 0
L1 06    411 +014.4151 -001.7654 -003.3485 +175.4359 -000.9180 +001.2030 0
L1 07    411 +013.2250 -001.5887 -003.4757 +103.0630 +000.9041 +008.8465 0
L1 08    411 +012.4775 -001.5038 -003.3541 -010.5956 +004.2708 -001.2157 0
L1 01    415 +016.0185 +000.1396 +001.3334 -084.6095 +003.8138 +002.0383 0
L1 02    415 +005.5906 +007.1968 +001.7770 -159.4660 -000.3204 +178.9937 0
L1 03    415 +016.0961 -000.7216 -000.8348 -091.9563 -001.6349 +092.0371 0
L1 04    415 +008.3203 +007.5575 +001.7678 -047.9815 -000.1084 +000.3623 0
L1 05    415 +015.9243 -001.8954 -001.7802 -111.9010 +081.9307 +068.7180 0
L1 06    415 +014.4150 -001.7655 -003.3484 +175.4338 -000.9185 +001.2042 0
L1 07    415 +013.2249 -001.5887 -003.4756 +103.0623 +000.9043 +008.8488 0
L1 08    415 +012.4773 -001.5038 -003.3540 -010.5960 +004.2730 -001.2171 0
L1 01    419 +016.0185 +000.1398 +001.3334 -084.6077 +003.8107 +002.0366 0
L1 02    419 +005.5906 +007.1968 +001.7770 -159.4659 -000.3203 +178.9939 0
L1 03    419 +016.0961 -000.7215 -000.8352 -091.9545 -001.6357 +092.0335 0
L1 04    419 +008.3203 +007.5575 +001.7678 -047.9810 -000.1087 +000.3622 0
L1 05    419 +015.9242 -001.8949 -001.7805 -112.0019 +081.9577 +068.6181 0
L1 06    419 +014.4149 -001.7654 -003.3482 +175.4353 -000.9195 +001.2041 0
L1 07    419 +013.2248 -001.5884 -003.4758 +103.0659 +000.9029 +008.8518 0
L1 08    419 +012.4772 -001.5038 -003.3539 -010.5954 +004.2751 -001.2175 0
L1 01    423 +016.0185 +000.1398 +001.3334 -084.6093 +003.8095 +002.0359 0
L1 02    423 +005.5906 +007.1968 +001.7770 -159.4662 -000.3204 +178.9939 0
L1 03    423 +016.0960 -000.7214 -000.8351 -091.9540 -001.6355 +092.0338 0
L1 04    423 +008.3203 +007.5575 +001.7678 -047.9808 -000.1088 +000.3622 0
L1 05    423 +015.9242 -001.8952 -001.7802 -112.0708 +081.9859 +068.5699 0
L1 06    423 +014.4148 -001.7655 -003.3482 +175.4345 -000.9201 +001.2037 0
L1 07    423 +013.2247 -001.5884 -003.4758 +103.0653 +000.9031 +008.8517 0
L1 08    423 +012.4772 -001.5038 -003.3539 -010.5962 +004.2748 -001.2176 0
L1 01    427 +016.0185 +000.1399 +001.3335 -084.6093 +003.8063 +002.0366 0
L1 02    427 +005.5906 +007.1968 +001.7770 -159.4657 -000.3202 +178.9941 0
L1 03    427 +016.0960 -000.7215 -000.8350 -091.9539 -001.6362 +092.0343 0
L1 04    427 +008.3202 +007.5575 +001.7678 -047.9805 -000.1089 +000.3622 0
L1 05    427 +015.9241 -001.8951 -001.7802 -112.1573 +082.0124 +068.4927 0
L1 06    427 +014.4147 -001.7655 -003.3483 +175.4329 -000.9212 +001.2034 0
L1 07    427 +013.2246 -001.5884 -003.4757 +103.0656 +000.9036 +008.8524 0
L1 08    427 +012.4772 -001.5038 -003.3538 -010.5966 +004.2747 -001.2180 0
L1 01    431 +016.0186 +000.1399 +001.3334 -084.6098 +003.8050 +002.0352 0
L1 02    431 +005.5906 +007.1968 +001.7770 -159.4656 -000.3201 +178.9940 0
L1 03    431 +016.0960 -000.7214 -000.8351 -091.9536 -001.6365 +092.0337 0
L1 04    431 +008.3203 +007.5575 +001.7678 -047.9807 -000.1088 +000.3624 0
L1 05    431 +015.9241 -001.8952 -001.7803 -112.2437 +082.0357 +068.4164 0
L1 06    431 +014.4147 -001.7655 -003.3481 +175.4324 -000.9209 +001.2030 0
L1 07    431 +013.2246 -001.5883 -003.4758 +103.0663 +000.9029 +008.8535 0
L1 08    431 +012.4772 -001.5037 -003.3538 -010.5960 +004.2753 -001.2179 0
