L1 01      9 +012.7361 +006.6598 +001.3387 +007.6854 +002.8741 +001.7726 0
L1 02      9 +004.3978 +008.1443 +001.7629 -159.2676 +005.1319 -179.7459 0
L1 03      9 +013.6272 +006.7886 -000.8119 +001.4804 -002.9555 +091.8410 0
L1 04      9 +007.3923 +008.1730 +001.7621 -047.5893 +001.0841 +000.4453 0
L1 05      9 +014.8160 +006.7025 -001.7077 -020.6069 +085.1677 +065.8289 0
L1 06      9 +014.8140 +005.2250 -003.3173 -092.9245 +000.3829 +001.6943 0
L1 07      9 +014.6821 +003.9376 -002.2627 +177.4476 -014.8582 +092.0379 0
L1 08      9 +014.6890 +004.4158 -001.0845 -091.5778 +036.0081 -175.8688 0
L1 01     13 +012.7360 +006.6600 +001.3388 +007.6877 +002.8738 +001.7747 0
L1 02     13 +004.3978 +008.1443 +001.7630 -159.2679 +005.1319 -179.7462 0
L1 03     13 +013.6271 +006.7888 -000.8117 +001.4816 -002.9566 +091.8413 0
L1 04     13 +007.3923 +008.1730 +001.7621 -047.5892 +001.0843 +000.4451 0
L1 05     13 +014.8161 +006.7021 -001.7077 -020.6066 +085.1679 +065.8323 0
L1 06     13 +014.8139 +005.2252 -003.3177 -092.9237 +000.3831 +001.6924 0
L1 07     13 +014.6821 +003.9375 -002.2629 +177.4472 -014.8585 +092.0380 0
L1 08     13 +014.6890 +004.4159 -001.0846 -091.5781 +036.0084 -175.8698 0
L1 01     17 +012.7357 +006.6605 +001.3390 +007.6935 +002.8727 +001.7756 0
L1 02     17 +004.3977 +008.1444 +001.7629 -159.2672 +005.1316 -179.7461 0
L1 03     17 +013.6270 +006.7890 -000.8118 +001.4832 -002.9567 +091.8412 0
L1 04     17 +007.3923 +008.1731 +001.7621 -047.5887 +001.0844 +000.4453 0
L1 05     17 +014.8160 +006.7026 -001.7074 -020.5739 +085.1673 +065.8621 0
L1 06     17 +014.8139 +005.2256 -003.3174 -092.9213 +000.3845 +001.6943 0
L1 07     17 +014.6821 +003.9375 -002.2630 +177.4472 -014.8591 +092.0378 0
L1 08     17 +014.6890 +004.4159 -001.0846 -091.5770 +036.0087 -175.8696 0
L1 01     21 +012.7359 +006.6602 +001.3390 +007.6919 +002.8745 +001.7767 0
L1 02     21 +004.3978 +008.1443 +001.7629 -159.2677 +005.1316 -179.7462 0
L1 03     21 +013.6272 +006.7887 -000.8116 +001.4806 -002.9581 +091.8425 0
L1 04     21 +007.3923 +008.1730 +001.7622 -047.5893 +001.0849 +000.4455 0
L1 05     21 +014.8161 +006.7023 -001.7076 -020.5887 +085.1684 +065.8491 0
L1 06     21 +014.8141 +005.2252 -003.3174 -092.9246 +000.3846 +001.6943 0
L1 07     21 +014.6822 +003.9374 -002.2629 +177.4459 -014.8581 +092.0367 0
L1 08     21 +014.6891 +004.4158 -001.0846 -091.5772 +036.0084 -175.8686 0
L1 01     25 +012.7360 +006.6600 +001.3388 +007.6894 +002.8772 +001.7750 0
L1 02     25 +004.3977 +008.1443 +001.7629 -159.2673 +005.1317 -179.7461 0
L1 03     25 +013.6271 +006.7889 -000.8117 +001.4833 -002.9564 +091.8425 0
L1 04     25 +007.3923 +008.1731 +001.7622 -047.5886 +001.0846 +000.4455 0
L1 05     25 +014.8160 +006.7027 -001.7072 -020.5796 +085.1695 +065.8564 0
L1 06     25 +014.8139 +005.2256 -003.3172 -092.9210 +000.3860 +001.6955 0
L1 07     25 +014.6821 +003.9377 -002.2624 +177.4488 -014.8548 +092.0358 0
L1 08     25 +014.6890 +004.4159 -001.0845 -091.5757 +036.0086 -175.8675 0
L1 01     29 +012.7362 +006.6594 +001.3385 +007.6847 +002.8833 +001.7718 0
L1 02     29 +004.3978 +008.1443 +001.7629 -159.2676 +005.1318 -179.7457 0
L1 03     29 +013.6271 +006.7888 -000.8118 +001.4829 -002.9556 +091.8414 0
L1 04     29 +007.3923 +008.1730 +001.7622 -047.5892 +001.0842 +000.4456 0
L1 05     29 +014.8159 +006.7025 -001.7076 -020.6135 +085.1726 +065.8232 0
L1 06     29 +014.8140 +005.2252 -003.3171 -092.9237 +000.3831 +001.6955 0
L1 07     29 +014.6821 +003.9373 -002.2627 +177.4457 -014.8565 +092.0394 0
L1 08     29 +014.6891 +004.4156 -001.0845 -091.5791 +036.0082 -175.8684 0
L1 01     33 +012.7358 +006.6600 +001.3390 +007.6952 +002.8841 +001.7762 0
L1 02     33 +004.3978 +008.1443 +001.7629 -159.2679 +005.1316 -179.7451 0
L1 03     33 +013.6272 +006.7886 -000.8117 +001.4808 -002.9565 +091.8413 0
L1 04     33 +007.3924 +008.1730 +001.7621 -047.5897 +001.0843 +000.4453 0
L1 05     33 +014.8161 +006.7022 -001.7075 -020.6165 +085.1728 +065.8242 0
L1 06     33 +014.8141 +005.2248 -003.3173 -092.9262 +000.3831 +001.6939 0
L1 07     33 +014.6821 +003.9375 -002.2629 +177.4467 -014.8579 +092.0381 0
L1 08     33 +014.6890 +004.4157 -001.0845 -091.5791 +036.0081 -175.8696 0
L1 01     37 +012.7356 +006.6604 +001.3390 +007.7005 +002.8874 +001.7758 0
L1 02     37 +004.3978 +008.1443 +001.7629 -159.2673 +005.1316 -179.7450 0
L1 03     37 +013.6271 +006.7887 -000.8117 +001.4819 -002.9567 +091.8416 0
L1 04     37 +007.3924 +008.1730 +001.7621 -047.5894 +001.0843 +000.4453 0
L1 05     37 +014.8159 +006.7023 -001.7075 -020.6138 +085.1730 +065.8250 0
L1 06     37 +014.8142 +005.2247 -003.3174 -092.9272 +000.3829 +001.6943 0
L1 07     37 +014.6821 +003.9377 -002.2626 +177.4483 -014.8556 +092.0366 0
L1 08     37 +014.6890 +004.4158 -001.0846 -091.5777 +036.0082 -175.8706 0
L1 01     41 +012.7359 +006.6598 +001.3388 +007.6949 +002.8912 +001.7781 0
L1 02     41 +004.3978 +008.1443 +001.7629 -159.2676 +005.1316 -179.7455 0
L1 03     41 +013.6272 +006.7886 -000.8117 +001.4816 -002.9567 +091.8419 0
L1 04     41 +007.3924 +008.1730 +001.7621 -047.5895 +001.0846 +000.4454 0
L1 05     41 +014.8162 +006.7020 -001.7072 -020.5971 +085.1712 +065.8438 0
L1 06     41 +014.8141 +005.2250 -003.3174 -092.9261 +000.3832 +001.6946 0
L1 07     41 +014.6820 +003.9381 -002.2625 +177.4500 -014.8543 +092.0365 0
L1 08     41 +014.6890 +004.4157 -001.0845 -091.5785 +036.0084 -175.8687 0
L1 01     45 +012.7359 +006.6599 +001.3388 +007.6958 +002.8906 +001.7787 0
L1 02     45 +004.3978 +008.1443 +001.7629 -159.2677 +005.1316 -179.7462 0
L1 03     45 +013.6272 +006.7887 -000.8117 +001.4822 -002.9573 +091.8421 0
L1 04     45 +007.3924 +008.1730 +001.7622 -047.5895 +001.0849 +000.4455 0
L1 05     45 +014.8161 +006.7020 -001.7076 -020.6134 +085.1743 +065.8270 0
L1 06     45 +014.8141 +005.2250 -003.3174 -092.9265 +000.3836 +001.6943 0
L1 07     45 +014.6821 +003.9378 -002.2627 +177.4484 -014.8554 +092.0369 0
L1 08     45 +014.6891 +004.4157 -001.0845 -091.5777 +036.0088 -175.8689 0
L1 01     49 +012.7358 +006.6601 +001.3389 +007.6982 +002.8903 +001.7778 0
L1 02     49 +004.3978 +008.1443 +001.7629 -159.2677 +005.1318 -179.7468 0
L1 03     49 +013.6271 +006.7888 -000.8116 +001.4834 -002.9578 +091.8425 0
L1 04     49 +007.3923 +008.1730 +001.7622 -047.5891 +001.0850 +000.4455 0
L1 05     49 +014.8160 +006.7021 -001.7075 -020.6206 +085.1741 +065.8185 0
L1 06     49 +014.8142 +005.2249 -003.3174 -092.9268 +000.3841 +001.6942 0
L1 07     49 +014.6822 +003.9372 -002.2627 +177.4457 -014.8554 +092.0369 0
L1 08     49 +014.6891 +004.4158 -001.0845 -091.5768 +036.0090 -175.8692 0
L1 01     53 +012.7358 +006.6600 +001.3388 +007.6978 +002.8935 +001.7788 0
L1 02     53 +004.3978 +008.1443 +001.7629 -159.2688 +005.1315 -179.7476 0
L1 03     53 +013.6272 +006.7885 -000.8116 +001.4812 -002.9576 +091.8420 0
L1 04     53 +007.3924 +008.1730 +001.7622 -047.5903 +001.0858 +000.4458 0
L1 05     53 +014.8161 +006.7020 -001.7075 -020.6243 +085.1737 +065.8164 0
L1 06     53 +014.8143 +005.2245 -003.3171 -092.9299 +000.3833 +001.6965 0
L1 07     53 +014.6823 +003.9370 -002.2629 +177.4422 -014.8563 +092.0389 0
L1 08     53 +014.6891 +004.4157 -001.0846 -091.5788 +036.0085 -175.8698 0
L1 01     57 +012.7357 +006.6599 +001.3387 +007.7001 +002.9022 +001.7764 0
L1 02     57 +004.3978 +008.1443 +001.7629 -159.2679 +005.1316 -179.7464 0
L1 03     57 +013.6270 +006.7889 -000.8117 +001.4853 -002.9564 +091.8414 0
L1 04     57 +007.3923 +008.1730 +001.7622 -047.5890 +001.0850 +000.4455 0
L1 05     57 +014.8161 +006.7021 -001.7071 -020.6086 +085.1732 +065.8302 0
L1 06     57 +014.8141 +005.2248 -003.3172 -092.9255 +000.3840 +001.6954 0
L1 07     57 +014.6821 +003.9376 -002.2630 +177.4476 -014.8569 +092.0393 0
L1 08     57 +014.6890 +004.4158 -001.0845 -091.5773 +036.0085 -175.8702 0
L1 01     61 +012.7358 +006.6599 +001.3386 +007.6984 +002.9089 +001.7789 0
L1 02     61 +004.3978 +008.1443 +001.7629 -159.2676 +005.1321 -179.7458 0
L1 03     61 +013.6271 +006.7888 -000.8118 +001.4846 -002.9553 +091.8418 0
L1 04     61 +007.3923 +008.1731 +001.7621 -047.5890 +001.0846 +000.4453 0
L1 05     61 +014.8159 +006.7023 -001.7073 -020.6184 +085.1745 +065.8178 0
L1 06     61 +014.8140 +005.2249 -003.3174 -092.9250 +000.3836 +001.6936 0
L1 07     61 +014.6821 +003.9377 -002.2628 +177.4479 -014.8552 +092.0389 0
L1 08     61 +014.6891 +004.4158 -001.0846 -091.5771 +036.0078 -175.8704 0
L1 01     65 +012.7356 +006.6602 +001.3388 +007.7061 +002.9075 +001.7815 0
L1 02     65 +004.3978 +008.1443 +001.7629 -159.2682 +005.1319 -179.7456 0
L1 03     65 +013.6271 +006.7885 -000.8116 +001.4820 -002.9565 +091.8421 0
L1 04     65 +007.3924 +008.1730 +001.7621 -047.5897 +001.0847 +000.4453 0
L1 05     65 +014.8160 +006.7021 -001.7075 -020.6444 +085.1747 +065.7943 0
L1 06     65 +014.8142 +005.2247 -003.3171 -092.9274 +000.3833 +001.6966 0
L1 07     65 +014.6822 +003.9374 -002.2626 +177.4454 -014.8538 +092.0391 0
L1 08     65 +014.6891 +004.4157 -001.0845 -091.5778 +036.0084 -175.8707 0
L1 01     69 +012.7357 +006.6599 +001.3387 +007.7027 +002.9107 +001.7803 0
L1 02     69 +004.3978 +008.1443 +001.7629 -159.2675 +005.1318 -179.7455 0
L1 03     69 +013.6270 +006.7887 -000.8116 +001.4847 -002.9563 +091.8417 0
L1 04     69 +007.3923 +008.1730 +001.7621 -047.5891 +001.0845 +000.4453 0
L1 05     69 +014.8159 +006.7021 -001.7076 -020.6417 +085.1766 +065.7952 0
L1 06     69 +014.8140 +005.2249 -003.3174 -092.9250 +000.3833 +001.6933 0
L1 07     69 +014.6822 +003.9374 -002.2628 +177.4471 -014.8552 +092.0383 0
L1 08     69 +014.6891 +004.4157 -001.0846 -091.5770 +036.0081 -175.8703 0
L1 01     73 +012.7357 +006.6598 +001.3387 +007.7011 +002.9088 +001.7791 0
L1 02     73 +004.3978 +008.1443 +001.7629 -159.2678 +005.1317 -179.7465 0
L1 03     73 +013.6270 +006.7888 -000.8117 +001.4857 -002.9562 +091.8418 0
L1 04     73 +007.3924 +008.1730 +001.7621 -047.5893 +001.0848 +000.4452 0
L1 05     73 +014.8158 +006.7023 -001.7077 -020.6493 +085.1763 +065.7856 0
L1 06     73 +014.8140 +005.2250 -003.3176 -092.9243 +000.3832 +001.6922 0
L1 07     73 +014.6821 +003.9378 -002.2626 +177.4495 -014.8537 +092.0387 0
L1 08     73 +014.6891 +004.4157 -001.0844 -091.5762 +036.0081 -175.8690 0
L1 01     77 +012.7358 +006.6596 +001.3387 +007.7010 +002.9058 +001.7789 0
L1 02     77 +004.3978 +008.1443 +001.7629 -159.2682 +005.1315 -179.7464 0
L1 03     77 +013.6271 +006.7886 -000.8117 +001.4845 -002.9564 +091.8414 0
L1 04     77 +007.3924 +008.1730 +001.7621 -047.5895 +001.0847 +000.4455 0
L1 05     77 +014.8160 +006.7020 -001.7077 -020.6584 +085.1768 +065.7789 0
L1 06     77 +014.8140 +005.2249 -003.3174 -092.9253 +000.3827 +001.6941 0
L1 07     77 +014.6822 +003.9375 -002.2629 +177.4473 -014.8550 +092.0389 0
L1 08     77 +014.6892 +004.4156 -001.0845 -091.5774 +036.0080 -175.8696 0
L1 01     81 +012.7355 +006.6601 +001.3388 +007.7063 +002.9042 +001.7796 0
L1 02     81 +004.3978 +008.1443 +001.7629 -159.2683 +005.1313 -179.7454 0
L1 03     81 +013.6270 +006.7887 -000.8116 +001.4859 -002.9565 +091.8418 0
L1 04     81 +007.3923 +008.1730 +001.7622 -047.5891 +001.0842 +000.4455 0
L1 05     81 +014.8158 +006.7024 -001.7074 -020.6301 +085.1764 +065.8033 0
L1 06     81 +014.8141 +005.2246 -003.3175 -092.9272 +000.3825 +001.6939 0
L1 07     81 +014.6822 +003.9377 -002.2628 +177.4495 -014.8543 +092.0376 0
L1 08     81 +014.6891 +004.4158 -001.0845 -091.5749 +036.0085 -175.8697 0
L1 01     85 +012.7355 +006.6602 +001.3388 +007.7105 +002.9058 +001.7795 0
L1 02     85 +004.3978 +008.1443 +001.7629 -159.2681 +005.1312 -179.7448 0
L1 03     85 +013.6270 +006.7888 -000.8116 +001.4869 -002.9566 +091.8417 0
L1 04     85 +007.3923 +008.1731 +001.7621 -047.5890 +001.0839 +000.4454 0
L1 05     85 +014.8158 +006.7025 -001.7077 -020.6457 +085.1770 +065.7872 0
L1 06     85 +014.8141 +005.2248 -003.3176 -092.9258 +000.3818 +001.6932 0
L1 07     85 +014.6821 +003.9378 -002.2628 +177.4504 -014.8549 +092.0373 0
L1 08     85 +014.6891 +004.4159 -001.0845 -091.5739 +036.0083 -175.8703 0
L1 01     89 +012.7354 +006.6602 +001.3390 +007.7131 +002.9057 +001.7801 0
L1 02     89 +004.3978 +008.1443 +001.7629 -159.2681 +005.1313 -179.7452 0
L1 03     89 +013.6270 +006.7886 -000.8116 +001.4857 -002.9563 +091.8411 0
L1 04     89 +007.3924 +008.1730 +001.7621 -047.5895 +001.0842 +000.4453 0
L1 05     89 +014.8160 +006.7020 -001.7075 -020.6460 +085.1766 +065.7903 0
L1 06     89 +014.8141 +005.2246 -003.3173 -092.9270 +000.3817 +001.6950 0
L1 07     89 +014.6822 +003.9377 -002.2629 +177.4487 -014.8548 +092.0384 0
L1 08     89 +014.6891 +004.4158 -001.0846 -091.5754 +036.0074 -175.8718 0
L1 01     93 +012.7355 +006.6600 +001.3387 +007.7129 +002.9098 +001.7789 0
L1 02     93 +004.3978 +008.1443 +001.7629 -159.2674 +005.1316 -179.7457 0
L1 03     93 +013.6269 +006.7889 -000.8117 +001.4903 -002.9556 +091.8405 0
L1 04     93 +007.3923 +008.1731 +001.7622 -047.5890 +001.0843 +000.4455 0
L1 05     93 +014.8159 +006.7021 -001.7078 -020.6555 +085.1782 +065.7782 0
L1 06     93 +014.8141 +005.2247 -003.3173 -092.9258 +000.3819 +001.6940 0
L1 07     93 +014.6822 +003.9376 -002.2627 +177.4493 -014.8540 +092.0383 0
L1 08     93 +014.6891 +004.4159 -001.0846 -091.5746 +036.0077 -175.8718 0
L1 01     97 +012.7354 +006.6601 +001.3387 +007.7170 +002.9137 +001.7776 0
L1 02     97 +004.3978 +008.1443 +001.7629 -159.2676 +005.1318 -179.7463 0
L1 03     97 +013.6268 +006.7889 -000.8117 +001.4911 -002.9549 +091.8409 0
L1 04     97 +007.3923 +008.1731 +001.7621 -047.5888 +001.0844 +000.4455 0
L1 05     97 +014.8158 +006.7024 -001.7076 -020.6476 +085.1773 +065.7828 0
L1 06     97 +014.8140 +005.2248 -003.3174 -092.9247 +000.3821 +001.6928 0
L1 07     97 +014.6822 +003.9376 -002.2630 +177.4503 -014.8557 +092.0393 0
L1 08     97 +014.6891 +004.4159 -001.0845 -091.5729 +036.0077 -175.8716 0
L1 01    101 +012.7353 +006.6600 +001.3388 +007.7237 +002.9186 +001.7786 0
L1 02    101 +004.3978 +008.1443 +001.7629 -159.2684 +005.1314 -179.7476 0
L1 03    101 +013.6268 +006.7889 -000.8117 +001.4919 -002.9547 +091.8403 0
L1 04    101 +007.3923 +008.1730 +001.7622 -047.5891 +001.0853 +000.4459 0
L1 05    101 +014.8159 +006.7020 -001.7077 -020.6473 +085.1778 +065.7844 0
L1 06    101 +014.8140 +005.2248 -003.3175 -092.9233 +000.3816 +001.6921 0
L1 07    101 +014.6822 +003.9375 -002.2629 +177.4511 -014.8559 +092.0398 0
L1 08    101 +014.6890 +004.4160 -001.0846 -091.5716 +036.0077 -175.8729 0
L1 01    105 +012.7352 +006.6601 +001.3387 +007.7322 +002.9266 +001.7833 0
L1 02    105 +004.3978 +008.1443 +001.7629 -159.2678 +005.1318 -179.7479 0
L1 03    105 +013.6267 +006.7888 -000.8116 +001.4940 -002.9554 +091.8407 0
L1 04    105 +007.3924 +008.1730 +001.7621 -047.5894 +001.0859 +000.4450 0
L1 05    105 +014.8157 +006.7022 -001.7077 -020.6582 +085.1781 +065.7692 0
L1 06    105 +014.8138 +005.2252 -003.3179 -092.9167 +000.3813 +001.6896 0
L1 07    105 +014.6822 +003.9376 -002.2632 +177.4537 -014.8575 +092.0406 0
L1 08    105 +014.6891 +004.4160 -001.0846 -091.5702 +036.0076 -175.8746 0
L1 01    109 +012.7352 +006.6600 +001.3387 +007.7350 +002.9255 +001.7819 0
L1 02    109 +004.3978 +008.1443 +001.7629 -159.2676 +005.1317 -179.7467 0
L1 03    109 +013.6268 +006.7886 -000.8117 +001.4976 -002.9539 +091.8405 0
L1 04    109 +007.3923 +008.1731 +001.7621 -047.5887 +001.0854 +000.4453 0
L1 05    109 +014.8157 +006.7024 -001.7080 -020.6535 +085.1790 +065.7688 0
L1 06    109 +014.8141 +005.2250 -003.3176 -092.9164 +000.3820 +001.6919 0
L1 07    109 +014.6823 +003.9382 -002.2628 +177.4632 -014.8533 +092.0397 0
L1 08    109 +014.6893 +004.4161 -001.0845 -091.5637 +036.0056 -175.8727 0
L1 01    113 +012.7351 +006.6601 +001.3388 +007.7410 +002.9210 +001.7808 0
L1 02    113 +004.3978 +008.1443 +001.7629 -159.2675 +005.1321 -179.7450 0
L1 03    113 +013.6267 +006.7886 -000.8117 +001.4996 -002.9547 +091.8408 0
L1 04    113 +007.3923 +008.1731 +001.7622 -047.5888 +001.0842 +000.4458 0
L1 05    113 +014.8155 +006.7027 -001.7078 -020.6564 +085.1827 +065.7631 0
L1 06    113 +014.8140 +005.2254 -003.3175 -092.9113 +000.3822 +001.6927 0
L1 07    113 +014.6824 +003.9380 -002.2628 +177.4639 -014.8540 +092.0413 0
L1 08    113 +014.6893 +004.4162 -001.0846 -091.5610 +036.0060 -175.8730 0
L1 01    117 +012.7352 +006.6599 +001.3388 +007.7386 +002.9231 +001.7822 0
L1 02    117 +004.3978 +008.1443 +001.7629 -159.2681 +005.1318 -179.7455 0
L1 03    117 +013.6267 +006.7885 -000.8118 +001.5012 -002.9546 +091.8407 0
L1 04    117 +007.3923 +008.1730 +001.7622 -047.5891 +001.0841 +000.4457 0
L1 05    117 +014.8156 +006.7026 -001.7076 -020.6479 +085.1800 +065.7716 0
L1 06    117 +014.8141 +005.2253 -003.3173 -092.9106 +000.3819 +001.6938 0
L1 07    117 +014.6826 +003.9379 -002.2631 +177.4617 -014.8542 +092.0424 0
L1 08    117 +014.6894 +004.4162 -001.0846 -091.5602 +036.0060 -175.8720 0
L1 01    121 +012.7350 +006.6601 +001.3388 +007.7466 +002.9217 +001.7834 0
L1 02    121 +004.3978 +008.1443 +001.7629 -159.2676 +005.1316 -179.7467 0
L1 03    121 +013.6266 +006.7888 -000.8116 +001.5081 -002.9561 +091.8403 0
L1 04    121 +007.3923 +008.1731 +001.7622 -047.5886 +001.0847 +000.4460 0
L1 05    121 +014.8154 +006.7028 -001.7076 -020.6432 +085.1809 +065.7732 0
L1 06    121 +014.8140 +005.2253 -003.3176 -092.9085 +000.3817 +001.6919 0
L1 07    121 +014.6826 +003.9381 -002.2629 +177.4682 -014.8530 +092.0407 0
L1 08    121 +014.6894 +004.4163 -001.0846 -091.5573 +036.0079 -175.8737 0
L1 01    125 +012.7352 +006.6597 +001.3386 +007.7411 +002.9257 +001.7815 0
L1 02    125 +004.3978 +008.1443 +001.7629 -159.2679 +005.1323 -179.7480 0
L1 03    125 +013.6266 +006.7886 -000.8118 +001.5066 -002.9537 +091.8407 0
L1 04    125 +007.3923 +008.1730 +001.7622 -047.5889 +001.0852 +000.4459 0
L1 05    125 +014.8155 +006.7027 -001.7074 -020.6552 +085.1817 +065.7612 0
L1 06    125 +014.8139 +005.2257 -003.3176 -092.9048 +000.3821 +001.6895 0
L1 07    125 +014.6827 +003.9381 -002.2631 +177.4680 -014.8540 +092.0403 0
L1 08    125 +014.6895 +004.4164 -001.0845 -091.5558 +036.0073 -175.8732 0
L1 01    129 +012.7350 +006.6598 +001.3387 +007.7438 +002.9242 +001.7803 0
L1 02    129 +004.3978 +008.1443 +001.7629 -159.2683 +005.1318 -179.7479 0
L1 03    129 +013.6265 +006.7888 -000.8116 +001.5099 -002.9549 +091.8408 0
L1 04    129 +007.3923 +008.1730 +001.7622 -047.5893 +001.0854 +000.4458 0
L1 05    129 +014.8155 +006.7027 -001.7075 -020.6624 +085.1844 +065.7522 0
L1 06    129 +014.8140 +005.2255 -003.3176 -092.9055 +000.3819 +001.6905 0
L1 07    129 +014.6828 +003.9379 -002.2627 +177.4673 -014.8524 +092.0403 0
L1 08    129 +014.6895 +004.4162 -001.0845 -091.5571 +036.0070 -175.8737 0
L1 01    133 +012.7351 +006.6597 +001.3386 +007.7429 +002.9259 +001.7805 0
L1 02    133 +004.3978 +008.1443 +001.7629 -159.2681 +005.1319 -179.7467 0
L1 03    133 +013.6264 +006.7888 -000.8117 +001.5120 -002.9541 +091.8394 0
L1 04    133 +007.3923 +008.1731 +001.7622 -047.5888 +001.0847 +000.4458 0
L1 05    133 +014.8153 +006.7030 -001.7075 -020.6606 +085.1841 +065.7502 0
L1 06    133 +014.8140 +005.2255 -003.3174 -092.9027 +000.3816 +001.6908 0
L1 07    133 +014.6827 +003.9380 -002.2629 +177.4695 -014.8546 +092.0410 0
L1 08    133 +014.6895 +004.4163 -001.0845 -091.5549 +036.0064 -175.8739 0
L1 01    137 +012.7351 +006.6596 +001.3386 +007.7424 +002.9235 +001.7814 0
L1 02    137 +004.3978 +008.1443 +001.7630 -159.2680 +005.1321 -179.7458 0
L1 03    137 +013.6265 +006.7886 -000.8118 +001.5102 -002.9541 +091.8397 0
L1 04    137 +007.3924 +008.1730 +001.7622 -047.5899 +001.0843 +000.4456 0
L1 05    137 +014.8151 +006.7032 -001.7076 -020.6646 +085.1834 +065.7448 0
L1 06    137 +014.8141 +005.2251 -003.3175 -092.9065 +000.3798 +001.6913 0
L1 07    137 +014.6828 +003.9382 -002.2627 +177.4712 -014.8520 +092.0405 0
L1 08    137 +014.6896 +004.4162 -001.0844 -091.5552 +036.0060 -175.8731 0
L1 01    141 +012.7349 +006.6600 +001.3387 +007.7508 +002.9176 +001.7814 0
L1 02    141 +004.3978 +008.1443 +001.7629 -159.2678 +005.1317 -179.7464 0
L1 03    141 +013.6264 +006.7887 -000.8118 +001.5122 -002.9551 +091.8400 0
L1 04    141 +007.3924 +008.1730 +001.7621 -047.5897 +001.0845 +000.4452 0
L1 05    141 +014.8153 +006.7030 -001.7074 -020.6677 +085.1811 +065.7419 0
L1 06    141 +014.8142 +005.2252 -003.3176 -092.9045 +000.3804 +001.6913 0
L1 07    141 +014.6827 +003.9388 -002.2629 +177.4765 -014.8535 +092.0396 0
L1 08    141 +014.6896 +004.4163 -001.0845 -091.5524 +036.0065 -175.8736 0
L1 01    145 +012.7349 +006.6600 +001.3386 +007.7487 +002.9175 +001.7816 0
L1 02    145 +004.3978 +008.1443 +001.7629 -159.2682 +005.1316 -179.7473 0
L1 03    145 +013.6265 +006.7886 -000.8117 +001.5117 -002.9553 +091.8399 0
L1 04    145 +007.3924 +008.1730 +001.7621 -047.5897 +001.0849 +000.4454 0
L1 05    145 +014.8153 +006.7028 -001.7077 -020.6792 +085.1839 +065.7303 0
L1 06    145 +014.8140 +005.2257 -003.3177 -092.8999 +000.3810 +001.6907 0
L1 07    145 +014.6828 +003.9385 -002.2631 +177.4745 -014.8538 +092.0409 0
L1 08    145 +014.6896 +004.4164 -001.0846 -091.5521 +036.0060 -175.8744 0
L1 01    149 +012.7345 +006.6605 +001.3391 +007.7522 +002.9137 +001.7793 0
L1 02    149 +004.3978 +008.1443 +001.7629 -159.2687 +005.1310 -179.7476 0
L1 03    149 +013.6264 +006.7887 -000.8116 +001.5125 -002.9565 +091.8397 0
L1 04    149 +007.3924 +008.1730 +001.7622 -047.5898 +001.0852 +000.4460 0
L1 05    149 +014.8155 +006.7026 -001.7075 -020.6652 +085.1833 +065.7460 0
L1 06    149 +014.8141 +005.2255 -003.3175 -092.9023 +000.3805 +001.6928 0
L1 07    149 +014.6829 +003.9381 -002.2630 +177.4727 -014.8530 +092.0411 0
L1 08    149 +014.6897 +004.4163 -001.0845 -091.5525 +036.0061 -175.8743 0
L1 01    153 +012.7352 +006.6596 +001.3385 +007.7420 +002.9211 +001.7780 0
L1 02    153 +004.3978 +008.1443 +001.7629 -159.2681 +005.1319 -179.7473 0
L1 03    153 +013.6263 +006.7889 -000.8118 +001.5170 -002.9542 +091.8395 0
L1 04    153 +007.3923 +008.1731 +001.7622 -047.5886 +001.0847 +000.4456 0
L1 05    153 +014.8152 +006.7030 -001.7074 -020.6544 +085.1837 +065.7523 0
L1 06    153 +014.8141 +005.2256 -003.3176 -092.8998 +000.3809 +001.6918 0
L1 07    153 +014.6829 +003.9384 -002.2625 +177.4744 -014.8509 +092.0400 0
L1 08    153 +014.6897 +004.4163 -001.0845 -091.5510 +036.0052 -175.8737 0
L1 01    157 +012.7350 +006.6598 +001.3387 +007.7411 +002.9185 +001.7769 0
L1 02    157 +004.3978 +008.1443 +001.7629 -159.2683 +005.1318 -179.7468 0
L1 03    157 +013.6264 +006.7886 -000.8118 +001.5126 -002.9540 +091.8387 0
L1 04    157 +007.3924 +008.1730 +001.7622 -047.5897 +001.0846 +000.4457 0
L1 05    157 +014.8153 +006.7027 -001.7074 -020.6786 +085.1843 +065.7321 0
L1 06    157 +014.8141 +005.2254 -003.3174 -092.9015 +000.3789 +001.6922 0
L1 07    157 +014.6830 +003.9377 -002.2629 +177.4699 -014.8528 +092.0424 0
L1 08    157 +014.6896 +004.4163 -001.0846 -091.5524 +036.0045 -175.8752 0
L1 01    161 +012.7350 +006.6597 +001.3386 +007.7366 +002.9154 +001.7764 0
L1 02    161 +004.3978 +008.1443 +001.7629 -159.2686 +005.1316 -179.7469 0
L1 03    161 +013.6263 +006.7888 -000.8119 +001.5158 -002.9533 +091.8379 0
L1 04    161 +007.3924 +008.1730 +001.7621 -047.5896 +001.0844 +000.4454 0
L1 05    161 +014.8150 +006.7031 -001.7078 -020.7012 +085.1867 +065.7046 0
L1 06    161 +014.8141 +005.2252 -003.3175 -092.9024 +000.3789 +001.6910 0
L1 07    161 +014.6829 +003.9379 -002.2629 +177.4715 -014.8534 +092.0422 0
L1 08    161 +014.6896 +004.4162 -001.0845 -091.5523 +036.0049 -175.8746 0
L1 01    165 +012.7351 +006.6597 +001.3386 +007.7341 +002.9076 +001.7774 0
L1 02    165 +004.3978 +008.1443 +001.7629 -159.2684 +005.1317 -179.7477 0
L1 03    165 +013.6262 +006.7890 -000.8118 +001.5175 -002.9540 +091.8386 0
L1 04    165 +007.3924 +008.1730 +001.7621 -047.5894 +001.0848 +000.4453 0
L1 05    165 +014.8151 +006.7031 -001.7077 -020.6943 +085.1864 +065.7113 0
L1 06    165 +014.8141 +005.2253 -003.3177 -092.9019 +000.3796 +001.6899 0
L1 07    165 +014.6828 +003.9382 -002.2629 +177.4731 -014.8530 +092.0416 0
L1 08    165 +014.6896 +004.4164 -001.0845 -091.5514 +036.0055 -175.8742 0
L1 01    169 +012.7352 +006.6597 +001.3386 +007.7310 +002.9102 +001.7823 0
L1 02    169 +004.3978 +008.1443 +001.7629 -159.2690 +005.1318 -179.7505 0
L1 03    169 +013.6264 +006.7887 -000.8118 +001.5144 -002.9542 +091.8390 0
L1 04    169 +007.3924 +008.1730 +001.7622 -047.5901 +001.0863 +000.4458 0
L1 05    169 +014.8153 +006.7026 -001.7075 -020.6867 +085.1851 +065.7222 0
L1 06    169 +014.8141 +005.2251 -003.3179 -092.9047 +000.3789 +001.6895 0
L1 07    169 +014.6829 +003.9380 -002.2630 +177.4710 -014.8517 +092.0418 0
L1 08    169 +014.6897 +004.4164 -001.0844 -091.5514 +036.0057 -175.8732 0
L1 01    173 +012.7351 +006.6598 +001.3386 +007.7333 +002.9150 +001.7826 0
L1 02    173 +004.3978 +008.1443 +001.7630 -159.2685 +005.1318 -179.7503 0
L1 03    173 +013.6263 +006.7888 -000.8117 +001.5162 -002.9551 +091.8400 0
L1 04    173 +007.3924 +008.1730 +001.7622 -047.5891 +001.0864 +000.4458 0
L1 05    173 +014.8152 +006.7029 -001.7074 -020.6726 +085.1850 +065.7341 0
L1 06    173 +014.8141 +005.2254 -003.3176 -092.9014 +000.3812 +001.6913 0
L1 07    173 +014.6829 +003.9383 -002.2628 +177.4732 -014.8502 +092.0404 0
L1 08    173 +014.6897 +004.4165 -001.0844 -091.5500 +036.0064 -175.8731 0
L1 01    177 +012.7347 +006.6603 +001.3389 +007.7408 +002.9190 +001.7827 0
L1 02    177 +004.3977 +008.1444 +001.7629 -159.2675 +005.1318 -179.7480 0
L1 03    177 +013.6263 +006.7889 -000.8117 +001.5165 -002.9555 +091.8400 0
L1 04    177 +007.3923 +008.1731 +001.7622 -047.5888 +001.0857 +000.4458 0
L1 05    177 +014.8154 +006.7028 -001.7072 -020.6783 +085.1835 +065.7286 0
L1 06    177 +014.8139 +005.2258 -003.3179 -092.8983 +000.3805 +001.6895 0
L1 07    177 +014.6830 +003.9385 -002.2627 +177.4760 -014.8494 +092.0391 0
L1 08    177 +014.6897 +004.4166 -001.0845 -091.5477 +036.0064 -175.8745 0
L1 01    181 +012.7348 +006.6599 +001.3388 +007.7377 +002.9259 +001.7822 0
L1 02    181 +004.3978 +008.1443 +001.7629 -159.2683 +005.1316 -179.7465 0
L1 03    181 +013.6264 +006.7887 -000.8117 +001.5155 -002.9556 +091.8397 0
L1 04    181 +007.3924 +008.1730 +001.7622 -047.5900 +001.0848 +000.4455 0
L1 05    181 +014.8155 +006.7025 -001.7073 -020.6908 +085.1839 +065.7187 0
L1 06    181 +014.8141 +005.2253 -003.3178 -092.9018 +000.3804 +001.6901 0
L1 07    181 +014.6830 +003.9382 -002.2628 +177.4731 -014.8504 +092.0420 0
L1 08    181 +014.6897 +004.4164 -001.0845 -091.5509 +036.0059 -175.8750 0
L1 01    185 +012.7348 +006.6598 +001.3387 +007.7362 +002.9282 +001.7810 0
L1 02    185 +004.3978 +008.1443 +001.7629 -159.2677 +005.1316 -179.7464 0
L1 03    185 +013.6263 +006.7889 -000.8118 +001.5182 -002.9547 +091.8396 0
L1 04    185 +007.3923 +008.1731 +001.7622 -047.5888 +001.0843 +000.4455 0
L1 05    185 +014.8153 +006.7025 -001.7074 -020.6880 +085.1863 +065.7204 0
L1 06    185 +014.8141 +005.2256 -003.3175 -092.9000 +000.3809 +001.6914 0
L1 07    185 +014.6830 +003.9384 -002.2627 +177.4753 -014.8500 +092.0414 0
L1 08    185 +014.6896 +004.4165 -001.0845 -091.5490 +036.0057 -175.8749 0
L1 01    189 +012.7350 +006.6597 +001.3386 +007.7328 +002.9292 +001.7801 0
L1 02    189 +004.3978 +008.1443 +001.7630 -159.2686 +005.1322 -179.7484 0
L1 03    189 +013.6263 +006.7889 -000.8120 +001.5182 -002.9536 +091.8394 0
L1 04    189 +007.3923 +008.1731 +001.7621 -047.5890 +001.0850 +000.4452 0
L1 05    189 +014.8152 +006.7031 -001.7074 -020.6780 +085.1878 +065.7263 0
L1 06    189 +014.8141 +005.2257 -003.3175 -092.8998 +000.3809 +001.6913 0
L1 07    189 +014.6830 +003.9383 -002.2627 +177.4743 -014.8499 +092.0408 0
L1 08    189 +014.6897 +004.4164 -001.0845 -091.5499 +036.0056 -175.8741 0
L1 01    193 +012.7349 +006.6598 +001.3387 +007.7325 +002.9268 +001.7809 0
L1 02    193 +004.3978 +008.1443 +001.7629 -159.2682 +005.1317 -179.7493 0
L1 03    193 +013.6264 +006.7887 -000.8117 +001.5165 -002.9556 +091.8398 0
L1 04    193 +007.3924 +008.1730 +001.7622 -047.5895 +001.0860 +000.4457 0
L1 05    193 +014.8153 +006.7028 -001.7076 -020.6981 +085.1878 +065.7094 0
L1 06    193 +014.8144 +005.2251 -003.3170 -092.9041 +000.3808 +001.6956 0
L1 07    193 +014.6830 +003.9381 -002.2628 +177.4726 -014.8498 +092.0414 0
L1 08    193 +014.6897 +004.4164 -001.0846 -091.5505 +036.0062 -175.8746 0
L1 01    197 +012.7350 +006.6598 +001.3386 +007.7301 +002.9254 +001.7809 0
L1 02    197 +004.3978 +008.1443 +001.7630 -159.2681 +005.1320 -179.7496 0
L1 03    197 +013.6264 +006.7888 -000.8117 +001.5179 -002.9563 +091.8400 0
L1 04    197 +007.3923 +008.1731 +001.7621 -047.5890 +001.0857 +000.4455 0
L1 05    197 +014.8153 +006.7029 -001.7076 -020.6784 +085.1881 +065.7267 0
L1 06    197 +014.8143 +005.2254 -003.3176 -092.9019 +000.3806 +001.6914 0
L1 07    197 +014.6831 +003.9383 -002.2626 +177.4739 -014.8477 +092.0403 0
L1 08    197 +014.6898 +004.4165 -001.0845 -091.5487 +036.0061 -175.8731 0
L1 01    201 +012.7350 +006.6596 +001.3385 +007.7268 +002.9246 +001.7811 0
L1 02    201 +004.3978 +008.1443 +001.7629 -159.2680 +005.1321 -179.7491 0
L1 03    201 +013.6264 +006.7888 -000.8117 +001.5174 -002.9563 +091.8400 0
L1 04    201 +007.3924 +008.1730 +001.7621 -047.5894 +001.0855 +000.4453 0
L1 05    201 +014.8154 +006.7028 -001.7075 -020.6870 +085.1871 +065.7192 0
L1 06    201 +014.8143 +005.2257 -003.3172 -092.8994 +000.3804 +001.6947 0
L1 07    201 +014.6831 +003.9382 -002.2625 +177.4738 -014.8471 +092.0402 0
L1 08    201 +014.6898 +004.4164 -001.0845 -091.5498 +036.0064 -175.8727 0
L1 01    205 +012.7348 +006.6600 +001.3387 +007.7314 +002.9206 +001.7818 0
L1 02    205 +004.3978 +008.1443 +001.7629 -159.2684 +005.1317 -179.7480 0
L1 03    205 +013.6265 +006.7885 -000.8117 +001.5149 -002.9568 +091.8394 0
L1 04    205 +007.3924 +008.1730 +001.7621 -047.5898 +001.0853 +000.4451 0
L1 05    205 +014.8153 +006.7029 -001.7072 -020.6709 +085.1866 +065.7352 0
L1 06    205 +014.8142 +005.2257 -003.3172 -092.8993 +000.3803 +001.6944 0
L1 07    205 +014.6830 +003.9381 -002.2629 +177.4735 -014.8493 +092.0416 0
L1 08    205 +014.6898 +004.4164 -001.0845 -091.5495 +036.0062 -175.8738 0
L1 01    209 +012.7350 +006.6597 +001.3386 +007.7278 +002.9220 +001.7809 0
L1 02    209 +004.3978 +008.1443 +001.7629 -159.2683 +005.1320 -179.7479 0
L1 03    209 +013.6264 +006.7886 -000.8117 +001.5171 -002.9557 +091.8389 0
L1 04    209 +007.3923 +008.1730 +001.7621 -047.5893 +001.0849 +000.4453 0
L1 05    209 +014.8152 +006.7029 -001.7076 -020.6983 +085.1895 +065.7070 0
L1 06    209 +014.8140 +005.2259 -003.3177 -092.8983 +000.3791 +001.6906 0
L1 07    209 +014.6830 +003.9384 -002.2627 +177.4749 -014.8484 +092.0408 0
L1 08    209 +014.6897 +004.4164 -001.0845 -091.5495 +036.0056 -175.8739 0
L1 01    213 +012.7347 +006.6601 +001.3388 +007.7326 +002.9189 +001.7786 0
L1 02    213 +004.3978 +008.1443 +001.7629 -159.2679 +005.1315 -179.7479 0
L1 03    213 +013.6263 +006.7889 -000.8116 +001.5176 -002.9562 +091.8392 0
L1 04    213 +007.3924 +008.1730 +001.7621 -047.5895 +001.0849 +000.4453 0
L1 05    213 +014.8152 +006.7029 -001.7076 -020.7072 +085.1893 +065.6990 0
L1 06    213 +014.8142 +005.2254 -003.3177 -092.9028 +000.3786 +001.6911 0
L1 07    213 +014.6831 +003.9379 -002.2629 +177.4712 -014.8496 +092.0417 0
L1 08    213 +014.6897 +004.4165 -001.0846 -091.5501 +036.0059 -175.8755 0
L1 01    217 +012.7349 +006.6598 +001.3387 +007.7287 +002.9213 +001.7796 0
L1 02    217 +004.3978 +008.1443 +001.7629 -159.2684 +005.1317 -179.7483 0
L1 03    217 +013.6263 +006.7888 -000.8116 +001.5174 -002.9569 +091.8395 0
L1 04    217 +007.3924 +008.1730 +001.7621 -047.5898 +001.0851 +000.4456 0
L1 05    217 +014.8153 +006.7027 -001.7077 -020.7131 +085.1899 +065.6941 0
L1 06    217 +014.8142 +005.2253 -003.3175 -092.9038 +000.3797 +001.6923 0
L1 07    217 +014.6830 +003.9381 -002.2628 +177.4722 -014.8482 +092.0410 0
L1 08    217 +014.6898 +004.4163 -001.0845 -091.5508 +036.0061 -175.8737 0
L1 01    221 +012.7352 +006.6594 +001.3384 +007.7213 +002.9230 +001.7795 0
L1 02    221 +004.3978 +008.1443 +001.7629 -159.2686 +005.1317 -179.7487 0
L1 03    221 +013.6264 +006.7888 -000.8117 +001.5180 -002.9565 +091.8390 0
L1 04    221 +007.3924 +008.1730 +001.7621 -047.5898 +001.0851 +000.4455 0
L1 05    221 +014.8153 +006.7029 -001.7077 -020.7095 +085.1906 +065.6962 0
L1 06    221 +014.8143 +005.2253 -003.3175 -092.9041 +000.3802 +001.6916 0
L1 07    221 +014.6831 +003.9380 -002.2627 +177.4712 -014.8464 +092.0410 0
L1 08    221 +014.6898 +004.4163 -001.0844 -091.5500 +036.0059 -175.8722 0
L1 01    225 +012.7351 +006.6597 +001.3386 +007.7242 +002.9183 +001.7795 0
L1 02    225 +004.3978 +008.1443 +001.7629 -159.2690 +005.1317 -179.7490 0
L1 03    225 +013.6263 +006.7890 -000.8118 +001.5190 -002.9562 +091.8394 0
L1 04    225 +007.3923 +008.1730 +001.7621 -047.5893 +001.0850 +000.4453 0
L1 05    225 +014.8153 +006.7031 -001.7075 -020.6991 +085.1882 +065.7047 0
L1 06    225 +014.8143 +005.2254 -003.3174 -092.9037 +000.3802 +001.6933 0
L1 07    225 +014.6830 +003.9383 -002.2627 +177.4734 -014.8460 +092.0409 0
L1 08    225 +014.6898 +004.4164 -001.0843 -091.5482 +036.0067 -175.8708 0
L1 01    229 +012.7352 +006.6597 +001.3386 +007.7235 +002.9163 +001.7814 0
L1 02    229 +004.3978 +008.1443 +001.7629 -159.2685 +005.1316 -179.7490 0
L1 03    229 +013.6264 +006.7887 -000.8118 +001.5171 -002.9563 +091.8396 0
L1 04    229 +007.3924 +008.1730 +001.7621 -047.5897 +001.0853 +000.4455 0
L1 05    229 +014.8153 +006.7031 -001.7073 -020.6859 +085.1893 +065.7189 0
L1 06    229 +014.8142 +005.2256 -003.3176 -092.9024 +000.3806 +001.6928 0
L1 07    229 +014.6830 +003.9385 -002.2628 +177.4744 -014.8460 +092.0403 0
L1 08    229 +014.6898 +004.4164 -001.0844 -091.5490 +036.0066 -175.8715 0
L1 01    233 +012.7351 +006.6599 +001.3387 +007.7239 +002.9117 +001.7805 0
L1 02    233 +004.3978 +008.1443 +001.7629 -159.2686 +005.1316 -179.7488 0
L1 03    233 +013.6264 +006.7887 -000.8117 +001.5165 -002.9574 +091.8399 0
L1 04    233 +007.3924 +008.1730 +001.7621 -047.5900 +001.0852 +000.4454 0
L1 05    233 +014.8153 +006.7031 -001.7074 -020.6901 +085.1894 +065.7147 0
L1 06    233 +014.8143 +005.2255 -003.3175 -092.9035 +000.3800 +001.6939 0
L1 07    233 +014.6832 +003.9380 -002.2628 +177.4706 -014.8456 +092.0412 0
L1 08    233 +014.6899 +004.4163 -001.0844 -091.5492 +036.0066 -175.8708 0
L1 01    237 +012.7349 +006.6600 +001.3388 +007.7253 +002.9067 +001.7785 0
L1 02    237 +004.3977 +008.1443 +001.7629 -159.2675 +005.1316 -179.7477 0
L1 03    237 +013.6264 +006.7889 -000.8116 +001.5181 -002.9581 +091.8400 0
L1 04    237 +007.3924 +008.1730 +001.7622 -047.5897 +001.0844 +000.4456 0
L1 05    237 +014.8154 +006.7030 -001.7073 -020.6888 +085.1887 +065.7165 0
L1 06    237 +014.8144 +005.2254 -003.3172 -092.9036 +000.3811 +001.6955 0
L1 07    237 +014.6830 +003.9384 -002.2629 +177.4736 -014.8464 +092.0412 0
L1 08    237 +014.6898 +004.4164 -001.0844 -091.5483 +036.0067 -175.8718 0
L1 01    241 +012.7351 +006.6598 +001.3387 +007.7203 +002.9087 +001.7804 0
L1 02    241 +004.3978 +008.1443 +001.7629 -159.2679 +005.1317 -179.7469 0
L1 03    241 +013.6265 +006.7885 -000.8116 +001.5150 -002.9573 +091.8397 0
L1 04    241 +007.3924 +008.1730 +001.7621 -047.5900 +001.0840 +000.4449 0
L1 05    241 +014.8154 +006.7026 -001.7077 -020.7336 +085.1909 +065.6744 0
L1 06    241 +014.8143 +005.2256 -003.3172 -092.9038 +000.3810 +001.6946 0
L1 07    241 +014.6830 +003.9384 -002.2631 +177.4732 -014.8471 +092.0416 0
L1 08    241 +014.6898 +004.4165 -001.0845 -091.5492 +036.0056 -175.8725 0
L1 01    245 +012.7351 +006.6599 +001.3388 +007.7206 +002.9083 +001.7800 0
L1 02    245 +004.3977 +008.1443 +001.7629 -159.2676 +005.1320 -179.7466 0
L1 03    245 +013.6265 +006.7885 -000.8116 +001.5137 -002.9573 +091.8393 0
L1 04    245 +007.3924 +008.1730 +001.7621 -047.5901 +001.0840 +000.4448 0
L1 05    245 +014.8154 +006.7029 -001.7075 -020.7143 +085.1917 +065.6921 0
L1 06    245 +014.8142 +005.2258 -003.3172 -092.9028 +000.3810 +001.6947 0
L1 07    245 +014.6830 +003.9385 -002.2628 +177.4734 -014.8459 +092.0413 0
L1 08    245 +014.6898 +004.4166 -001.0845 -091.5482 +036.0052 -175.8730 0
L1 01    249 +012.7350 +006.6600 +001.3388 +007.7213 +002.9077 +001.7782 0
L1 02    249 +004.3978 +008.1443 +001.7629 -159.2678 +005.1317 -179.7471 0
L1 03    249 +013.6265 +006.7887 -000.8117 +001.5163 -002.9570 +091.8396 0
L1 04    249 +007.3924 +008.1730 +001.7620 -047.5898 +001.0839 +000.4446 0
L1 05    249 +014.8153 +006.7029 -001.7076 -020.7192 +085.1925 +065.6862 0
L1 06    249 +014.8144 +005.2252 -003.3176 -092.9056 +000.3802 +001.6926 0
L1 07    249 +014.6830 +003.9384 -002.2627 +177.4739 -014.8457 +092.0400 0
L1 08    249 +014.6897 +004.4166 -001.0844 -091.5470 +036.0059 -175.8723 0
L1 01    253 +012.7350 +006.6599 +001.3388 +007.7196 +002.9058 +001.7774 0
L1 02    253 +004.3978 +008.1443 +001.7629 -159.2682 +005.1320 -179.7477 0
L1 03    253 +013.6265 +006.7885 -000.8119 +001.5149 -002.9562 +091.8393 0
L1 04    253 +007.3925 +008.1729 +001.7620 -047.5905 +001.0844 +000.4444 0
L1 05    253 +014.8153 +006.7030 -001.7078 -020.7220 +085.1918 +065.6828 0
L1 06    253 +014.8145 +005.2252 -003.3173 -092.9065 +000.3799 +001.6944 0
L1 07    253 +014.6831 +003.9384 -002.2625 +177.4739 -014.8434 +092.0403 0
L1 08    253 +014.6898 +004.4165 -001.0845 -091.5479 +036.0056 -175.8723 0
L1 01    257 +012.7351 +006.6599 +001.3387 +007.7177 +002.9051 +001.7777 0
L1 02    257 +004.3978 +008.1443 +001.7629 -159.2678 +005.1321 -179.7483 0
L1 03    257 +013.6264 +006.7888 -000.8118 +001.5176 -002.9566 +091.8398 0
L1 04    257 +007.3924 +008.1730 +001.7620 -047.5899 +001.0846 +000.4442 0
L1 05    257 +014.8152 +006.7033 -001.7074 -020.6777 +085.1905 +065.7244 0
L1 06    257 +014.8144 +005.2254 -003.3172 -092.9040 +000.3815 +001.6948 0
L1 07    257 +014.6831 +003.9382 -002.2629 +177.4727 -014.8453 +092.0417 0
L1 08    257 +014.6898 +004.4166 -001.0845 -091.5475 +036.0065 -175.8721 0
L1 01    261 +012.7352 +006.6598 +001.3387 +007.7135 +002.9039 +001.7778 0
L1 02    261 +004.3978 +008.1443 +001.7629 -159.2685 +005.1322 -179.7487 0
L1 03    261 +013.6265 +006.7885 -000.8119 +001.5155 -002.9568 +091.8395 0
L1 04    261 +007.3924 +008.1729 +001.7620 -047.5902 +001.0847 +000.4445 0
L1 05    261 +014.8152 +006.7033 -001.7074 -020.6918 +085.1920 +065.7122 0
L1 06    261 +014.8143 +005.2255 -003.3173 -092.9050 +000.3807 +001.6946 0
L1 07    261 +014.6830 +003.9384 -002.2627 +177.4732 -014.8442 +092.0411 0
L1 08    261 +014.6898 +004.4165 -001.0844 -091.5485 +036.0060 -175.8714 0
L1 01    265 +012.7351 +006.6600 +001.3387 +007.7151 +002.8986 +001.7764 0
L1 02    265 +004.3978 +008.1443 +001.7629 -159.2679 +005.1319 -179.7479 0
L1 03    265 +013.6265 +006.7884 -000.8119 +001.5147 -002.9563 +091.8391 0
L1 04    265 +007.3924 +008.1730 +001.7620 -047.5901 +001.0844 +000.4445 0
L1 05    265 +014.8151 +006.7034 -001.7073 -020.6959 +085.1920 +065.7081 0
L1 06    265 +014.8143 +005.2256 -003.3172 -092.9047 +000.3813 +001.6946 0
L1 07    265 +014.6831 +003.9384 -002.2628 +177.4727 -014.8448 +092.0409 0
L1 08    265 +014.6898 +004.4166 -001.0845 -091.5481 +036.0053 -175.8727 0
L1 01    269 +012.7352 +006.6600 +001.3387 +007.7109 +002.8937 +001.7754 0
L1 02    269 +004.3977 +008.1444 +001.7629 -159.2671 +005.1323 -179.7474 0
L1 03    269 +013.6265 +006.7886 -000.8119 +001.5171 -002.9565 +091.8394 0
L1 04    269 +007.3923 +008.1731 +001.7620 -047.5886 +001.0837 +000.4447 0
L1 05    269 +014.8152 +006.7032 -001.7077 -020.7224 +085.1953 +065.6810 0
L1 06    269 +014.8142 +005.2257 -003.3175 -092.9038 +000.3827 +001.6919 0
L1 07    269 +014.6830 +003.9386 -002.2627 +177.4747 -014.8431 +092.0413 0
L1 08    269 +014.6897 +004.4167 -001.0844 -091.5459 +036.0055 -175.8720 0
L1 01    273 +012.7352 +006.6599 +001.3388 +007.7072 +002.8851 +001.7723 0
L1 02    273 +004.3978 +008.1443 +001.7629 -159.2682 +005.1319 -179.7466 0
L1 03    273 +013.6266 +006.7884 -000.8118 +001.5144 -002.9572 +091.8390 0
L1 04    273 +007.3924 +008.1730 +001.7621 -047.5902 +001.0831 +000.4448 0
L1 05    273 +014.8153 +006.7030 -001.7077 -020.7372 +085.1936 +065.6688 0
L1 06    273 +014.8144 +005.2255 -003.3171 -092.9055 +000.3813 +001.6949 0
L1 07    273 +014.6830 +003.9386 -002.2627 +177.4731 -014.8431 +092.0427 0
L1 08    273 +014.6897 +004.4166 -001.0845 -091.5477 +036.0050 -175.8725 0
L1 01    277 +012.7354 +006.6596 +001.3386 +007.7015 +002.8807 +001.7707 0
L1 02    277 +004.3978 +008.1443 +001.7629 -159.2679 +005.1317 -179.7463 0
L1 03    277 +013.6264 +006.7888 -000.8119 +001.5177 -002.9567 +091.8386 0
L1 04    277 +007.3924 +008.1730 +001.7621 -047.5898 +001.0828 +000.4447 0
L1 05    277 +014.8152 +006.7030 -001.7077 -020.7426 +085.1940 +065.6620 0
L1 06    277 +014.8143 +005.2256 -003.3172 -092.9042 +000.3815 +001.6944 0
L1 07    277 +014.6830 +003.9387 -002.2626 +177.4745 -014.8420 +092.0412 0
L1 08    277 +014.6898 +004.4166 -001.0844 -091.5478 +036.0056 -175.8720 0
L1 01    281 +012.7354 +006.6598 +001.3385 +007.7001 +002.8788 +001.7694 0
L1 02    281 +004.3978 +008.1443 +001.7629 -159.2681 +005.1318 -179.7472 0
L1 03    281 +013.6263 +006.7891 -000.8119 +001.5204 -002.9570 +091.8383 0
L1 04    281 +007.3924 +008.1730 +001.7620 -047.5891 +001.0830 +000.4444 0
L1 05    281 +014.8153 +006.7032 -001.7078 -020.7415 +085.1953 +065.6617 0
L1 06    281 +014.8143 +005.2257 -003.3172 -092.9037 +000.3808 +001.6948 0
L1 07    281 +014.6831 +003.9384 -002.2626 +177.4730 -014.8416 +092.0414 0
L1 08    281 +014.6898 +004.4167 -001.0844 -091.5467 +036.0059 -175.8714 0
L1 01    285 +012.7355 +006.6596 +001.3386 +007.6973 +002.8757 +001.7716 0
L1 02    285 +004.3978 +008.1443 +001.7629 -159.2686 +005.1316 -179.7479 0
L1 03    285 +013.6264 +006.7888 -000.8118 +001.5178 -002.9582 +091.8387 0
L1 04    285 +007.3924 +008.1730 +001.7620 -047.5898 +001.0837 +000.4446 0
L1 05    285 +014.8153 +006.7030 -001.7078 -020.7435 +085.1956 +065.6626 0
L1 06    285 +014.8143 +005.2258 -003.3173 -092.9042 +000.3813 +001.6947 0
L1 07    285 +014.6832 +003.9380 -002.2627 +177.4695 -014.8421 +092.0418 0
L1 08    285 +014.6898 +004.4165 -001.0845 -091.5482 +036.0060 -175.8713 0
L1 01    289 +012.7356 +006.6597 +001.3387 +007.6966 +002.8724 +001.7719 0
L1 02    289 +004.3978 +008.1444 +001.7629 -159.2679 +005.1319 -179.7476 0
L1 03    289 +013.6264 +006.7889 -000.8118 +001.5185 -002.9582 +091.8397 0
L1 04    289 +007.3924 +008.1730 +001.7621 -047.5895 +001.0835 +000.4449 0
L1 05    289 +014.8153 +006.7035 -001.7073 -020.7042 +085.1937 +065.6987 0
L1 06    289 +014.8144 +005.2257 -003.3172 -092.9042 +000.3817 +001.6961 0
L1 07    289 +014.6831 +003.9382 -002.2629 +177.4711 -014.8431 +092.0408 0
L1 08    289 +014.6898 +004.4165 -001.0844 -091.5467 +036.0060 -175.8699 0
L1 01    293 +012.7356 +006.6595 +001.3385 +007.6910 +002.8734 +001.7689 0
L1 02    293 +004.3978 +008.1443 +001.7629 -159.2682 +005.1315 -179.7471 0
L1 03    293 +013.6264 +006.7889 -000.8118 +001.5186 -002.9578 +091.8388 0
L1 04    293 +007.3924 +008.1730 +001.7620 -047.5897 +001.0831 +000.4444 0
L1 05    293 +014.8154 +006.7031 -001.7073 -020.7212 +085.1938 +065.6834 0
L1 06    293 +014.8143 +005.2259 -003.3173 -092.9025 +000.3813 +001.6946 0
L1 07    293 +014.6831 +003.9382 -002.2629 +177.4704 -014.8428 +092.0410 0
L1 08    293 +014.6899 +004.4164 -001.0843 -091.5482 +036.0060 -175.8700 0
L1 01    297 +012.7356 +006.6595 +001.3387 +007.6924 +002.8675 +001.7680 0
L1 02    297 +004.3978 +008.1443 +001.7629 -159.2681 +005.1315 -179.7465 0
L1 03    297 +013.6264 +006.7888 -000.8118 +001.5177 -002.9579 +091.8386 0
L1 04    297 +007.3925 +008.1729 +001.7620 -047.5903 +001.0829 +000.4443 0
L1 05    297 +014.8154 +006.7030 -001.7073 -020.7200 +085.1938 +065.6859 0
L1 06    297 +014.8143 +005.2257 -003.3173 -092.9044 +000.3805 +001.6950 0
L1 07    297 +014.6831 +003.9381 -002.2628 +177.4697 -014.8425 +092.0412 0
L1 08    297 +014.6898 +004.4164 -001.0844 -091.5488 +036.0058 -175.8712 0
L1 01    301 +012.7355 +006.6597 +001.3387 +007.6935 +002.8649 +001.7673 0
L1 02    301 +004.3977 +008.1444 +001.7629 -159.2672 +005.1311 -179.7452 0
L1 03    301 +013.6264 +006.7887 -000.8119 +001.5176 -002.9576 +091.8381 0
L1 04    301 +007.3924 +008.1730 +001.7620 -047.5899 +001.0824 +000.4442 0
L1 05    301 +014.8154 +006.7032 -001.7074 -020.7245 +085.1942 +065.6798 0
L1 06    301 +014.8144 +005.2255 -003.3171 -092.9055 +000.3806 +001.6963 0
L1 07    301 +014.6830 +003.9383 -002.2629 +177.4723 -014.8426 +092.0413 0
L1 08    301 +014.6898 +004.4165 -001.0845 -091.5484 +036.0050 -175.8721 0
L1 01    305 +012.7357 +006.6595 +001.3386 +007.6885 +002.8616 +001.7673 0
L1 02    305 +004.3977 +008.1443 +001.7629 -159.2676 +005.1316 -179.7454 0
L1 03    305 +013.6265 +006.7887 -000.8119 +001.5171 -002.9577 +091.8384 0
L1 04    305 +007.3924 +008.1730 +001.7621 -047.5897 +001.0821 +000.4445 0
L1 05    305 +014.8153 +006.7032 -001.7076 -020.7357 +085.1964 +065.6690 0
L1 06    305 +014.8145 +005.2253 -003.3170 -092.9070 +000.3804 +001.6972 0
L1 07    305 +014.6830 +003.9384 -002.2627 +177.4726 -014.8415 +092.0404 0
L1 08    305 +014.6898 +004.4164 -001.0844 -091.5485 +036.0054 -175.8706 0
L1 01    309 +012.7358 +006.6594 +001.3386 +007.6861 +002.8583 +001.7664 0
L1 02    309 +004.3977 +008.1444 +001.7629 -159.2674 +005.1315 -179.7455 0
L1 03    309 +013.6264 +006.7888 -000.8119 +001.5184 -002.9572 +091.8383 0
L1 04    309 +007.3924 +008.1730 +001.7621 -047.5895 +001.0821 +000.4446 0
L1 05    309 +014.8152 +006.7032 -001.7077 -020.7487 +085.1966 +065.6554 0
L1 06    309 +014.8144 +005.2254 -003.3171 -092.9070 +000.3807 +001.6961 0
L1 07    309 +014.6831 +003.9382 -002.2625 +177.4702 -014.8391 +092.0416 0
L1 08    309 +014.6898 +004.4165 -001.0844 -091.5474 +036.0055 -175.8703 0
L1 01    313 +012.7357 +006.6596 +001.3386 +007.6883 +002.8581 +001.7663 0
L1 02    313 +004.3978 +008.1444 +001.7629 -159.2679 +005.1315 -179.7464 0
L1 03    313 +013.6264 +006.7889 -000.8119 +001.5190 -002.9575 +091.8384 0
L1 04    313 +007.3924 +008.1730 +001.7620 -047.5891 +001.0822 +000.4444 0
L1 05    313 +014.8153 +006.7032 -001.7078 -020.7575 +085.1966 +065.6459 0
L1 06    313 +014.8144 +005.2257 -003.3171 -092.9059 +000.3822 +001.6964 0
L1 07    313 +014.6833 +003.9380 -002.2622 +177.4695 -014.8370 +092.0408 0
L1 08    313 +014.6898 +004.4165 -001.0844 -091.5472 +036.0058 -175.8704 0
L1 01    317 +012.7356 +006.6596 +001.3387 +007.6907 +002.8610 +001.7677 0
L1 02    317 +004.3978 +008.1443 +001.7629 -159.2684 +005.1319 -179.7477 0
L1 03    317 +013.6264 +006.7888 -000.8120 +001.5181 -002.9573 +091.8385 0
L1 04    317 +007.3924 +008.1730 +001.7620 -047.5897 +001.0828 +000.4446 0
L1 05    317 +014.8152 +006.7032 -001.7076 -020.7420 +085.1968 +065.6619 0
L1 06    317 +014.8144 +005.2256 -003.3174 -092.9062 +000.3804 +001.6939 0
L1 07    317 +014.6832 +003.9383 -002.2623 +177.4702 -014.8371 +092.0405 0
L1 08    317 +014.6898 +004.4165 -001.0844 -091.5477 +036.0059 -175.8705 0
L1 01    321 +012.7352 +006.6599 +001.3389 +007.7013 +002.8712 +001.7728 0
L1 02    321 +004.3978 +008.1443 +001.7629 -159.2682 +005.1317 -179.7475 0
L1 03    321 +013.6264 +006.7888 -000.8118 +001.5177 -002.9582 +091.8389 0
L1 04    321 +007.3924 +008.1730 +001.7620 -047.5901 +001.0835 +000.4446 0
L1 05    321 +014.8153 +006.7029 -001.7077 -020.7538 +085.1965 +065.6516 0
L1 06    321 +014.8145 +005.2253 -003.3173 -092.9085 +000.3796 +001.6947 0
L1 07    321 +014.6832 +003.9382 -002.2626 +177.4696 -014.8398 +092.0409 0
L1 08    321 +014.6898 +004.4165 -001.0845 -091.5490 +036.0066 -175.8727 0
L1 01    325 +012.7355 +006.6596 +001.3386 +007.6979 +002.8872 +001.7748 0
L1 02    325 +004.3978 +008.1443 +001.7629 -159.2682 +005.1319 -179.7476 0
L1 03    325 +013.6264 +006.7888 -000.8119 +001.5178 -002.9576 +091.8389 0
L1 04    325 +007.3924 +008.1730 +001.7620 -047.5896 +001.0836 +000.4448 0
L1 05    325 +014.8153 +006.7031 -001.7076 -020.7439 +085.1966 +065.6602 0
L1 06    325 +014.8143 +005.2256 -003.3175 -092.9058 +000.3802 +001.6930 0
L1 07    325 +014.6830 +003.9387 -002.2626 +177.4729 -014.8392 +092.0409 0
L1 08    325 +014.6898 +004.4165 -001.0845 -091.5483 +036.0061 -175.8718 0
L1 01    329 +012.7354 +006.6597 +001.3387 +007.7008 +002.8849 +001.7722 0
L1 02    329 +004.3977 +008.1443 +001.7629 -159.2678 +005.1322 -179.7475 0
L1 03    329 +013.6265 +006.7886 -000.8118 +001.5169 -002.9574 +091.8391 0
L1 04    329 +007.3924 +008.1730 +001.7620 -047.5900 +001.0834 +000.4446 0
L1 05    329 +014.8153 +006.7030 -001.7076 -020.7455 +085.1974 +065.6591 0
L1 06    329 +014.8144 +005.2257 -003.3172 -092.9063 +000.3802 +001.6946 0
L1 07    329 +014.6830 +003.9386 -002.2625 +177.4723 -014.8397 +092.0411 0
L1 08    329 +014.6898 +004.4166 -001.0845 -091.5483 +036.0056 -175.8725 0
L1 01    333 +012.7356 +006.6594 +001.3386 +007.6946 +002.8811 +001.7720 0
L1 02    333 +004.3978 +008.1443 +001.7629 -159.2679 +005.1320 -179.7471 0
L1 03    333 +013.6265 +006.7885 -000.8118 +001.5160 -002.9579 +091.8390 0
L1 04    333 +007.3924 +008.1729 +001.7620 -047.5903 +001.0832 +000.4445 0
L1 05    333 +014.8152 +006.7033 -001.7075 -020.7348 +085.1990 +065.6694 0
L1 06    333 +014.8143 +005.2255 -003.3175 -092.9077 +000.3798 +001.6930 0
L1 07    333 +014.6830 +003.9386 -002.2628 +177.4722 -014.8410 +092.0411 0
L1 08    333 +014.6898 +004.4165 -001.0845 -091.5489 +036.0055 -175.8720 0
L1 01    337 +012.7355 +006.6597 +001.3387 +007.6963 +002.8734 +001.7717 0
L1 02    337 +004.3978 +008.1443 +001.7629 -159.2679 +005.1321 -179.7471 0
L1 03    337 +013.6265 +006.7885 -000.8118 +001.5160 -002.9583 +091.8386 0
L1 04    337 +007.3924 +008.1730 +001.7620 -047.5898 +001.0830 +000.4446 0
L1 05    337 +014.8152 +006.7034 -001.7075 -020.7510 +085.1998 +065.6527 0
L1 06    337 +014.8144 +005.2254 -003.3174 -092.9088 +000.3805 +001.6945 0
L1 07    337 +014.6830 +003.9388 -002.2623 +177.4742 -014.8374 +092.0404 0
L1 08    337 +014.6898 +004.4167 -001.0845 -091.5476 +036.0059 -175.8721 0
L1 01    341 +012.7355 +006.6596 +001.3386 +007.6920 +002.8726 +001.7686 0
L1 02    341 +004.3978 +008.1443 +001.7629 -159.2682 +005.1319 -179.7473 0
L1 03    341 +013.6264 +006.7889 -000.8119 +001.5188 -002.9579 +091.8383 0
L1 04    341 +007.3924 +008.1730 +001.7620 -047.5900 +001.0828 +000.4444 0
L1 05    341 +014.8152 +006.7034 -001.7075 -020.7642 +085.1998 +065.6389 0
L1 06    341 +014.8145 +005.2255 -003.3172 -092.9086 +000.3803 +001.6952 0
L1 07    341 +014.6830 +003.9386 -002.2627 +177.4725 -014.8400 +092.0412 0
L1 08    341 +014.6898 +004.4167 -001.0844 -091.5476 +036.0058 -175.8716 0
L1 01    345 +012.7357 +006.6594 +001.3386 +007.6878 +002.8712 +001.7709 0
L1 02    345 +004.3978 +008.1443 +001.7629 -159.2684 +005.1319 -179.7472 0
L1 03    345 +013.6265 +006.7886 -000.8119 +001.5165 -002.9578 +091.8388 0
L1 04    345 +007.3925 +008.1729 +001.7620 -047.5905 +001.0830 +000.4445 0
L1 05    345 +014.8152 +006.7034 -001.7073 -020.7549 +085.2012 +065.6496 0
L1 06    345 +014.8144 +005.2257 -003.3171 -092.9081 +000.3813 +001.6959 0
L1 07    345 +014.6830 +003.9385 -002.2625 +177.4704 -014.8375 +092.0411 0
L1 08    345 +014.6898 +004.4165 -001.0844 -091.5490 +036.0053 -175.8703 0
L1 01    349 +012.7356 +006.6597 +001.3386 +007.6899 +002.8684 +001.7714 0
L1 02    349 +004.3977 +008.1444 +001.7629 -159.2673 +005.1322 -179.7468 0
L1 03    349 +013.6265 +006.7888 -000.8119 +001.5176 -002.9584 +091.8389 0
L1 04    349 +007.3924 +008.1730 +001.7620 -047.5898 +001.0827 +000.4444 0
L1 05    349 +014.8152 +006.7035 -001.7076 -020.7663 +085.2020 +065.6378 0
L1 06    349 +014.8143 +005.2261 -003.3172 -092.9051 +000.3816 +001.6949 0
L1 07    349 +014.6831 +003.9386 -002.2625 +177.4705 -014.8378 +092.0410 0
L1 08    349 +014.6898 +004.4167 -001.0845 -091.5479 +036.0057 -175.8715 0
L1 01    353 +012.7355 +006.6598 +001.3387 +007.6909 +002.8651 +001.7703 0
L1 02    353 +004.3977 +008.1444 +001.7629 -159.2665 +005.1315 -179.7468 0
L1 03    353 +013.6265 +006.7888 -000.8118 +001.5180 -002.9588 +091.8390 0
L1 04    353 +007.3924 +008.1730 +001.7620 -047.5894 +001.0830 +000.4444 0
L1 05    353 +014.8153 +006.7033 -001.7073 -020.7552 +085.2011 +065.6491 0
L1 06    353 +014.8143 +005.2262 -003.3170 -092.9041 +000.3816 +001.6964 0
L1 07    353 +014.6831 +003.9385 -002.2626 +177.4716 -014.8387 +092.0405 0
L1 08    353 +014.6898 +004.4167 -001.0844 -091.5463 +036.0065 -175.8703 0
L1 01    357 +012.7356 +006.6597 +001.3389 +007.6896 +002.8634 +001.7727 0
L1 02    357 +004.3978 +008.1443 +001.7629 -159.2684 +005.1320 -179.7477 0
L1 03    357 +013.6267 +006.7883 -000.8117 +001.5138 -002.9598 +091.8386 0
L1 04    357 +007.3925 +008.1729 +001.7620 -047.5903 +001.0832 +000.4442 0
L1 05    357 +014.8152 +006.7033 -001.7077 -020.7798 +085.2035 +065.6264 0
L1 06    357 +014.8144 +005.2258 -003.3171 -092.9079 +000.3813 +001.6963 0
L1 07    357 +014.6831 +003.9384 -002.2628 +177.4697 -014.8387 +092.0419 0
L1 08    357 +014.6899 +004.4164 -001.0845 -091.5491 +036.0059 -175.8711 0
L1 01    361 +012.7357 +006.6595 +001.3386 +007.6842 +002.8639 +001.7690 0
L1 02    361 +004.3977 +008.1444 +001.7629 -159.2678 +005.1317 -179.7475 0
L1 03    361 +013.6266 +006.7887 -000.8119 +001.5173 -002.9583 +091.8382 0
L1 04    361 +007.3924 +008.1730 +001.7620 -047.5900 +001.0830 +000.4440 0
L1 05    361 +014.8153 +006.7033 -001.7076 -020.7791 +085.2035 +065.6258 0
L1 06    361 +014.8144 +005.2254 -003.3175 -092.9087 +000.3798 +001.6932 0
L1 07    361 +014.6831 +003.9384 -002.2628 +177.4703 -014.8387 +092.0425 0
L1 08    361 +014.6899 +004.4165 -001.0844 -091.5488 +036.0058 -175.8713 0
L1 01    365 +012.7358 +006.6594 +001.3387 +007.6801 +002.8572 +001.7662 0
L1 02    365 +004.3978 +008.1443 +001.7629 -159.2677 +005.1315 -179.7464 0
L1 03    365 +013.6265 +006.7886 -000.8119 +001.5171 -002.9582 +091.8384 0
L1 04    365 +007.3924 +008.1730 +001.7620 -047.5897 +001.0825 +000.4444 0
L1 05    365 +014.8154 +006.7029 -001.7075 -020.7727 +085.2028 +065.6333 0
L1 06    365 +014.8145 +005.2252 -003.3175 -092.9102 +000.3770 +001.6938 0
L1 07    365 +014.6831 +003.9386 -002.2623 +177.4710 -014.8367 +092.0412 0
L1 08    365 +014.6899 +004.4163 -001.0844 -091.5494 +036.0054 -175.8708 0
L1 01    369 +012.7356 +006.6598 +001.3388 +007.6835 +002.8447 +001.7645 0
L1 02    369 +004.3978 +008.1443 +001.7629 -159.2681 +005.1315 -179.7453 0
L1 03    369 +013.6264 +006.7888 -000.8118 +001.5177 -002.9585 +091.8386 0
L1 04    369 +007.3924 +008.1730 +001.7620 -047.5896 +001.0816 +000.4442 0
L1 05    369 +014.8154 +006.7030 -001.7075 -020.7919 +085.2031 +065.6152 0
L1 06    369 +014.8144 +005.2254 -003.3173 -092.9099 +000.3778 +001.6954 0
L1 07    369 +014.6832 +003.9379 -002.2628 +177.4670 -014.8385 +092.0410 0
L1 08    369 +014.6898 +004.4164 -001.0843 -091.5487 +036.0057 -175.8707 0
L1 01    373 +012.7359 +006.6595 +001.3387 +007.6710 +002.8415 +001.7662 0
L1 02    373 +004.3978 +008.1443 +001.7629 -159.2682 +005.1320 -179.7462 0
L1 03    373 +013.6265 +006.7888 -000.8118 +001.5186 -002.9590 +091.8386 0
L1 04    373 +007.3924 +008.1730 +001.7621 -047.5891 +001.0817 +000.4446 0
L1 05    373 +014.8152 +006.7034 -001.7074 -020.7740 +085.2049 +065.6306 0
L1 06    373 +014.8143 +005.2258 -003.3173 -092.9078 +000.3794 +001.6952 0
L1 07    373 +014.6831 +003.9385 -002.2627 +177.4700 -014.8379 +092.0411 0
L1 08    373 +014.6898 +004.4165 -001.0842 -091.5473 +036.0057 -175.8692 0
L1 01    377 +012.7360 +006.6595 +001.3387 +007.6678 +002.8328 +001.7641 0
L1 02    377 +004.3978 +008.1443 +001.7629 -159.2683 +005.1318 -179.7470 0
L1 03    377 +013.6266 +006.7887 -000.8119 +001.5162 -002.9588 +091.8383 0
L1 04    377 +007.3925 +008.1729 +001.7620 -047.5904 +001.0821 +000.4441 0
L1 05    377 +014.8154 +006.7030 -001.7070 -020.7709 +085.2014 +065.6367 0
L1 06    377 +014.8145 +005.2254 -003.3173 -092.9115 +000.3792 +001.6958 0
L1 07    377 +014.6831 +003.9381 -002.2628 +177.4676 -014.8377 +092.0411 0
L1 08    377 +014.6898 +004.4165 -001.0844 -091.5490 +036.0055 -175.8699 0
L1 01    381 +012.7360 +006.6595 +001.3386 +007.6679 +002.8278 +001.7625 0
L1 02    381 +004.3978 +008.1443 +001.7629 -159.2681 +005.1316 -179.7472 0
L1 03    381 +013.6265 +006.7888 -000.8119 +001.5180 -002.9592 +091.8385 0
L1 04    381 +007.3924 +008.1730 +001.7620 -047.5896 +001.0822 +000.4443 0
L1 05    381 +014.8153 +006.7033 -001.7071 -020.7708 +085.2033 +065.6347 0
L1 06    381 +014.8144 +005.2255 -003.3174 -092.9100 +000.3782 +001.6955 0
L1 07    381 +014.6831 +003.9382 -002.2628 +177.4687 -014.8376 +092.0406 0
L1 08    381 +014.6898 +004.4165 -001.0844 -091.5490 +036.0062 -175.8703 0
L1 01    385 +012.7359 +006.6597 +001.3388 +007.6707 +002.8270 +001.7654 0
L1 02    385 +004.3978 +008.1443 +001.7629 -159.2682 +005.1317 -179.7470 0
L1 03    385 +013.6265 +006.7889 -000.8117 +001.5184 -002.9606 +091.8397 0
L1 04    385 +007.3924 +008.1730 +001.7621 -047.5894 +001.0821 +000.4448 0
L1 05    385 +014.8152 +006.7036 -001.7076 -020.7799 +085.2048 +065.6235 0
L1 06    385 +014.8144 +005.2258 -003.3174 -092.9088 +000.3793 +001.6961 0
L1 07    385 +014.6830 +003.9388 -002.2625 +177.4736 -014.8358 +092.0389 0
L1 08    385 +014.6899 +004.4164 -001.0844 -091.5482 +036.0064 -175.8695 0
L1 01    389 +012.7361 +006.6594 +001.3387 +007.6669 +002.8311 +001.7655 0
L1 02    389 +004.3978 +008.1443 +001.7629 -159.2687 +005.1316 -179.7462 0
L1 03    389 +013.6266 +006.7885 -000.8117 +001.5152 -002.9600 +091.8387 0
L1 04    389 +007.3925 +008.1729 +001.7620 -047.5907 +001.0818 +000.4443 0
L1 05    389 +014.8156 +006.7028 -001.7074 -020.7997 +085.2034 +065.6095 0
L1 06    389 +014.8146 +005.2252 -003.3173 -092.9130 +000.3793 +001.6967 0
L1 07    389 +014.6831 +003.9385 -002.2626 +177.4687 -014.8359 +092.0417 0
L1 08    389 +014.6899 +004.4163 -001.0844 -091.5513 +036.0058 -175.8703 0
L1 01    393 +012.7362 +006.6592 +001.3386 +007.6653 +002.8346 +001.7635 0
L1 02    393 +004.3977 +008.1443 +001.7629 -159.2673 +005.1318 -179.7452 0
L1 03    393 +013.6266 +006.7886 -000.8120 +001.5169 -002.9584 +091.8382 0
L1 04    393 +007.3924 +008.1729 +001.7621 -047.5900 +001.0814 +000.4445 0
L1 05    393 +014.8153 +006.7032 -001.7075 -020.7910 +085.2061 +065.6151 0
L1 06    393 +014.8144 +005.2255 -003.3175 -092.9107 +000.3791 +001.6944 0
L1 07    393 +014.6830 +003.9385 -002.2629 +177.4694 -014.8376 +092.0418 0
L1 08    393 +014.6899 +004.4164 -001.0843 -091.5495 +036.0055 -175.8698 0
L1 01    397 +012.7360 +006.6595 +001.3387 +007.6672 +002.8324 +001.7626 0
L1 02    397 +004.3977 +008.1444 +001.7629 -159.2672 +005.1317 -179.7453 0
L1 03    397 +013.6265 +006.7888 -000.8119 +001.5182 -002.9588 +091.8382 0
L1 04    397 +007.3924 +008.1730 +001.7621 -047.5897 +001.0814 +000.4443 0
L1 05    397 +014.8154 +006.7031 -001.7074 -020.7929 +085.2054 +065.6128 0
L1 06    397 +014.8144 +005.2256 -003.3175 -092.9095 +000.3799 +001.6940 0
L1 07    397 +014.6831 +003.9383 -002.2628 +177.4680 -014.8371 +092.0416 0
L1 08    397 +014.6899 +004.4165 -001.0844 -091.5489 +036.0053 -175.8707 0
L1 01    401 +012.7360 +006.6595 +001.3388 +007.6659 +002.8301 +001.7638 0
L1 02    401 +004.3977 +008.1443 +001.7629 -159.2678 +005.1316 -179.7461 0
L1 03    401 +013.6266 +006.7886 -000.8119 +001.5163 -002.9594 +091.8384 0
L1 04    401 +007.3924 +008.1730 +001.7621 -047.5899 +001.0818 +000.4445 0
L1 05    401 +014.8153 +006.7032 -001.7074 -020.7790 +085.2073 +065.6275 0
L1 06    401 +014.8143 +005.2258 -003.3173 -092.9093 +000.3808 +001.6950 0
L1 07    401 +014.6830 +003.9384 -002.2627 +177.4688 -014.8361 +092.0411 0
L1 08    401 +014.6899 +004.4164 -001.0844 -091.5492 +036.0059 -175.8701 0
L1 01    405 +012.7360 +006.6595 +001.3389 +007.6649 +002.8265 +001.7641 0
L1 02    405 +004.3977 +008.1443 +001.7629 -159.2680 +005.1316 -179.7466 0
L1 03    405 +013.6265 +006.7888 -000.8118 +001.5175 -002.9598 +091.8385 0
L1 04    405 +007.3924 +008.1730 +001.7621 -047.5896 +001.0818 +000.4444 0
L1 05    405 +014.8153 +006.7033 -001.7075 -020.7960 +085.2079 +065.6093 0
L1 06    405 +014.8144 +005.2256 -003.3173 -092.9116 +000.3810 +001.6954 0
L1 07    405 +014.6830 +003.9385 -002.2628 +177.4692 -014.8367 +092.0407 0
L1 08    405 +014.6899 +004.4165 -001.0843 -091.5485 +036.0065 -175.8697 0
L1 01    409 +012.7361 +006.6594 +001.3388 +007.6625 +002.8232 +001.7630 0
L1 02    409 +004.3978 +008.1443 +001.7629 -159.2682 +005.1316 -179.7468 0
L1 03    409 +013.6265 +006.7890 -000.8119 +001.5186 -002.9598 +091.8387 0
L1 04    409 +007.3924 +008.1730 +001.7621 -047.5896 +001.0819 +000.4444 0
L1 05    409 +014.8153 +006.7035 -001.7075 -020.7966 +085.2078 +065.6079 0
L1 06    409 +014.8145 +005.2257 -003.3173 -092.9110 +000.3814 +001.6962 0
L1 07    409 +014.6831 +003.9384 -002.2626 +177.4689 -014.8357 +092.0402 0
L1 08    409 +014.6899 +004.4165 -001.0844 -091.5487 +036.0061 -175.8701 0
L1 01    413 +012.7360 +006.6596 +001.3389 +007.6638 +002.8197 +001.7636 0
L1 02    413 +004.3978 +008.1443 +001.7629 -159.2683 +005.1312 -179.7462 0
L1 03    413 +013.6265 +006.7889 -000.8119 +001.5174 -002.9603 +091.8384 0
L1 04    413 +007.3924 +008.1730 +001.7620 -047.5901 +001.0818 +000.4443 0
L1 05    413 +014.8155 +006.7031 -001.7073 -020.7958 +085.2058 +065.6122 0
L1 06    413 +014.8146 +005.2255 -003.3173 -092.9130 +000.3811 +001.6956 0
L1 07    413 +014.6831 +003.9385 -002.2627 +177.4691 -014.8354 +092.0403 0
L1 08    413 +014.6899 +004.4164 -001.0844 -091.5494 +036.0067 -175.8704 0
L1 01    417 +012.7361 +006.6595 +001.3389 +007.6624 +002.8207 +001.7646 0
L1 02    417 +004.3977 +008.1443 +001.7629 -159.2679 +005.1314 -179.7458 0
L1 03    417 +013.6267 +006.7885 -000.8117 +001.5142 -002.9615 +091.8388 0
L1 04    417 +007.3925 +008.1729 +001.7620 -047.5903 +001.0817 +000.4442 0
L1 05    417 +014.8155 +006.7031 -001.7076 -020.8080 +085.2075 +065.5997 0
L1 06    417 +014.8146 +005.2253 -003.3173 -092.9143 +000.3797 +001.6965 0
L1 07    417 +014.6831 +003.9385 -002.2626 +177.4687 -014.8342 +092.0403 0
L1 08    417 +014.6899 +004.4165 -001.0845 -091.5493 +036.0063 -175.8704 0
L1 01    421 +012.7361 +006.6594 +001.3387 +007.6592 +002.8248 +001.7644 0
L1 02    421 +004.3978 +008.1443 +001.7629 -159.2681 +005.1314 -179.7460 0
L1 03    421 +013.6266 +006.7887 -000.8117 +001.5163 -002.9613 +091.8392 0
L1 04    421 +007.3925 +008.1729 +001.7620 -047.5904 +001.0818 +000.4440 0
L1 05    421 +014.8154 +006.7032 -001.7078 -020.8181 +085.2095 +065.5881 0
L1 06    421 +014.8144 +005.2255 -003.3176 -092.9124 +000.3789 +001.6955 0
L1 07    421 +014.6831 +003.9385 -002.2626 +177.4689 -014.8343 +092.0395 0
L1 08    421 +014.6899 +004.4164 -001.0845 -091.5497 +036.0064 -175.8704 0
L1 01    425 +012.7360 +006.6594 +001.3388 +007.6604 +002.8273 +001.7626 0
L1 02    425 +004.3978 +008.1443 +001.7629 -159.2681 +005.1314 -179.7460 0
L1 03    425 +013.6265 +006.7888 -000.8117 +001.5177 -002.9612 +091.8384 0
L1 04    425 +007.3925 +008.1729 +001.7620 -047.5903 +001.0818 +000.4440 0
L1 05    425 +014.8154 +006.7031 -001.7076 -020.8171 +085.2104 +065.5902 0
L1 06    425 +014.8144 +005.2254 -003.3175 -092.9127 +000.3790 +001.6947 0
L1 07    425 +014.6831 +003.9382 -002.2627 +177.4666 -014.8352 +092.0406 0
L1 08    425 +014.6899 +004.4165 -001.0844 -091.5487 +036.0063 -175.8700 0
L1 01    429 +012.7360 +006.6595 +001.3388 +007.6618 +002.8291 +001.7631 0
L1 02    429 +004.3978 +008.1443 +001.7629 -159.2681 +005.1315 -179.7462 0
L1 03    429 +013.6266 +006.7886 -000.8118 +001.5155 -002.9602 +091.8386 0
L1 04    429 +007.3925 +008.1729 +001.7620 -047.5904 +001.0819 +000.4444 0
L1 05    429 +014.8155 +006.7029 -001.7075 -020.8185 +085.2089 +065.5903 0
L1 06    429 +014.8144 +005.2255 -003.3175 -092.9135 +000.3794 +001.6952 0
L1 07    429 +014.6831 +003.9382 -002.2628 +177.4661 -014.8356 +092.0415 0
L1 08    429 +014.6899 +004.4164 -001.0844 -091.5498 +036.0058 -175.8705 0
L1 01    433 +012.7358 +006.6599 +001.3390 +007.6649 +002.8236 +001.7618 0
L1 02    433 +004.3978 +008.1443 +001.7629 -159.2683 +005.1317 -179.7464 0
L1 03    433 +013.6266 +006.7885 -000.8120 +001.5144 -002.9596 +091.8383 0
L1 04    433 +007.3925 +008.1729 +001.7621 -047.5905 +001.0818 +000.4444 0
L1 05    433 +014.8155 +006.7028 -001.7074 -020.8152 +085.2087 +065.5944 0
L1 06    433 +014.8145 +005.2256 -003.3173 -092.9133 +000.3804 +001.6962 0
L1 07    433 +014.6831 +003.9383 -002.2629 +177.4666 -014.8364 +092.0420 0
L1 08    433 +014.6898 +004.4165 -001.0843 -091.5486 +036.0058 -175.8703 0
L1 01    437 +012.7361 +006.6594 +001.3388 +007.6575 +002.8245 +001.7634 0
L1 02    437 +004.3978 +008.1443 +001.7629 -159.2683 +005.1316 -179.7465 0
L1 03    437 +013.6266 +006.7886 -000.8120 +001.5155 -002.9598 +091.8387 0
L1 04    437 +007.3924 +008.1729 +001.7621 -047.5902 +001.0820 +000.4445 0
L1 05    437 +014.8154 +006.7030 -001.7074 -020.8216 +085.2095 +065.5859 0
L1 06    437 +014.8145 +005.2256 -003.3173 -092.9133 +000.3805 +001.6959 0
L1 07    437 +014.6833 +003.9380 -002.2625 +177.4638 -014.8329 +092.0415 0
L1 08    437 +014.6899 +004.4164 -001.0843 -091.5492 +036.0059 -175.8693 0
L1 01    441 +012.7361 +006.6595 +001.3388 +007.6576 +002.8225 +001.7649 0
L1 02    441 +004.3978 +008.1443 +001.7629 -159.2681 +005.1317 -179.7468 0
L1 03    441 +013.6267 +006.7885 -000.8117 +001.5150 -002.9616 +091.8394 0
L1 04    441 +007.3924 +008.1730 +001.7621 -047.5900 +001.0822 +000.4445 0
L1 05    441 +014.8154 +006.7032 -001.7075 -020.8144 +085.2101 +065.5928 0
L1 06    441 +014.8145 +005.2258 -003.3172 -092.9125 +000.3815 +001.6970 0
L1 07    441 +014.6831 +003.9385 -002.2626 +177.4680 -014.8329 +092.0399 0
L1 08    441 +014.6899 +004.4165 -001.0843 -091.5484 +036.0062 -175.8687 0
L1 01    445 +012.7361 +006.6597 +001.3388 +007.6587 +002.8221 +001.7645 0
L1 02    445 +004.3977 +008.1443 +001.7629 -159.2678 +005.1319 -179.7471 0
L1 03    445 +013.6267 +006.7884 -000.8118 +001.5145 -002.9616 +091.8397 0
L1 04    445 +007.3924 +008.1730 +001.7621 -047.5900 +001.0822 +000.4447 0
L1 05    445 +014.8154 +006.7030 -001.7074 -020.8088 +085.2107 +065.5990 0
L1 06    445 +014.8147 +005.2255 -003.3171 -092.9149 +000.3817 +001.6982 0
L1 07    445 +014.6833 +003.9384 -002.2626 +177.4678 -014.8326 +092.0401 0
L1 08    445 +014.6899 +004.4165 -001.0844 -091.5483 +036.0062 -175.8694 0
L1 01    449 +012.7361 +006.6595 +001.3389 +007.6570 +002.8235 +001.7644 0
L1 02    449 +004.3978 +008.1443 +001.7629 -159.2682 +005.1315 -179.7467 0
L1 03    449 +013.6268 +006.7883 -000.8117 +001.5130 -002.9616 +091.8397 0
L1 04    449 +007.3925 +008.1729 +001.7620 -047.5907 +001.0824 +000.4443 0
L1 05    449 +014.8156 +006.7027 -001.7072 -020.8108 +085.2093 +065.5997 0
L1 06    449 +014.8147 +005.2253 -003.3171 -092.9161 +000.3811 +001.6984 0
L1 07    449 +014.6831 +003.9384 -002.2628 +177.4669 -014.8339 +092.0417 0
L1 08    449 +014.6900 +004.4164 -001.0844 -091.5498 +036.0058 -175.8694 0
L1 01    453 +012.7360 +006.6595 +001.3388 +007.6577 +002.8264 +001.7629 0
L1 02    453 +004.3978 +008.1443 +001.7629 -159.2679 +005.1314 -179.7462 0
L1 03    453 +013.6266 +006.7887 -000.8118 +001.5170 -002.9603 +091.8388 0
L1 04    453 +007.3925 +008.1729 +001.7621 -047.5905 +001.0819 +000.4444 0
L1 05    453 +014.8155 +006.7028 -001.7074 -020.8281 +085.2109 +065.5808 0
L1 06    453 +014.8146 +005.2253 -003.3172 -092.9158 +000.3799 +001.6971 0
L1 07    453 +014.6831 +003.9384 -002.2626 +177.4669 -014.8333 +092.0404 0
L1 08    453 +014.6899 +004.4165 -001.0844 -091.5494 +036.0063 -175.8705 0
L1 01    457 +012.7361 +006.6593 +001.3388 +007.6568 +002.8300 +001.7639 0
L1 02    457 +004.3978 +008.1443 +001.7629 -159.2681 +005.1311 -179.7457 0
L1 03    457 +013.6266 +006.7885 -000.8117 +001.5153 -002.9610 +091.8381 0
L1 04    457 +007.3925 +008.1729 +001.7621 -047.5909 +001.0818 +000.4446 0
L1 05    457 +014.8156 +006.7026 -001.7072 -020.8279 +085.2096 +065.5822 0
L1 06    457 +014.8146 +005.2254 -003.3171 -092.9156 +000.3793 +001.6972 0
L1 07    457 +014.6830 +003.9385 -002.2626 +177.4672 -014.8330 +092.0402 0
L1 08    457 +014.6899 +004.4164 -001.0844 -091.5505 +036.0063 -175.8704 0
