L1 01      5 +016.1039 +000.1947 +001.3484 -083.8910 +001.5006 +001.9491 0
L1 02      5 +005.5976 +007.1795 +001.7764 -160.4784 -000.3394 +179.0098 0
L1 03      5 +016.2060 -000.5244 -000.8303 -090.1727 +001.9841 +092.1625 0
L1 04      5 +008.3349 +007.5329 +001.7678 -049.8882 -000.4089 +000.3428 0
L1 05      5 +016.1140 -001.6113 -001.8281 -092.6181 +085.3391 +083.7000 0
L1 06      5 +015.9398 -001.6047 -003.7407 -148.1598 +085.5211 +035.0586 0
L1 07      5 +016.0085 -001.5796 -004.9198 +090.1350 +021.3461 -080.9026 0
L1 08      5 +015.8894 -001.6123 -005.5950 -053.8424 -083.6056 +050.6901 0
L1 01      9 +016.1039 +000.1948 +001.3484 -083.8899 +001.5008 +001.9502 0
L1 02      9 +005.5976 +007.1795 +001.7764 -160.4784 -000.3394 +179.0098 0
L1 03      9 +016.2060 -000.5242 -000.8303 -090.1711 +001.9863 +092.1637 0
L1 04      9 +008.3349 +007.5329 +001.7678 -049.8879 -000.4089 +000.3428 0
L1 05      9 +016.1142 -001.6112 -001.8281 -092.5733 +085.3413 +083.7444 0
L1 06      9 +015.9403 -001.6039 -003.7405 -148.1486 +085.5334 +035.0645 0
L1 07      9 +016.0092 -001.5788 -004.9195 +090.1366 +021.3413 -080.9133 0
L1 08      9 +015.8902 -001.6119 -005.5947 -053.9589 -083.6080 +050.8086 0
L1 01     13 +016.1039 +000.1947 +001.3484 -083.8906 +001.5011 +001.9508 0
L1 02     13 +005.5976 +007.1795 +001.7764 -160.4786 -000.3394 +179.0099 0
L1 03     13 +016.2061 -000.5243 -000.8302 -090.1719 +001.9857 +092.1654 0
L1 04     13 +008.3348 +007.5329 +001.7679 -049.8875 -000.4092 +000.3435 0
L1 05     13 +016.1142 -001.6113 -001.8278 -092.5221 +085.3407 +083.7974 0
L1 06     13 +015.9407 -001.6043 -003.7403 -148.1290 +085.5479 +035.0878 0
L1 07     13 +016.0097 -001.5791 -004.9192 +090.1288 +021.3381 -080.9245 0
L1 08     13 +015.8907 -001.6117 -005.5948 -054.0382 -083.6087 +050.8900 0
L1 01     17 +016.1039 +000.1945 +001.3485 -083.8913 +001.4999 +001.9510 0
L1 02     17 +005.5977 +007.1795 +001.7763 -160.4789 -000.3397 +179.0100 0
L1 03     17 +016.2061 -000.5241 -000.8302 -090.1696 +001.9835 +092.1653 0
L1 04     17 +008.3349 +007.5329 +001.7678 -049.8883 -000.4090 +000.3431 0
L1 05     17 +016.1143 -001.6111 -001.8280 -092.5155 +085.3367 +083.8003 0
L1 06     17 +015.9410 -001.6038 -003.7401 -148.0815 +085.5563 +035.1254 0
L1 07     17 +016.0102 -001.5787 -004.9193 +090.1327 +021.3355 -080.9333 0
L1 08     17 +015.8913 -001.6111 -005.5947 -054.1441 -083.6100 +051.0042 0
L1 01     21 +016.1039 +000.1947 +001.3485 -083.8905 +001.4992 +001.9506 0
L1 02     21 +005.5976 +007.1795 +001.7763 -160.4784 -000.3393 +179.0100 0
L1 03     21 +016.2061 -000.5243 -000.8302 -090.1700 +001.9818 +092.1645 0
L1 04     21 +008.3349 +007.5329 +001.7678 -049.8883 -000.4092 +000.3428 0
L1 05     21 +016.1143 -001.6113 -001.8279 -092.4693 +085.3343 +083.8450 0
L1 06     21 +015.9411 -001.6041 -003.7401 -148.0576 +085.5662 +035.1386 0
L1 07     21 +016.0105 -001.5786 -004.9193 +090.1417 +021.3279 -080.9431 0
L1 08     21 +015.8919 -001.6114 -005.5945 -054.2089 -083.6138 +051.0803 0
L1 01     25 +016.1038 +000.1948 +001.3483 -083.8884 +001.4982 +001.9483 0
L1 02     25 +005.5976 +007.1795 +001.7763 -160.4784 -000.3393 +179.0101 0
L1 03     25 +016.2060 -000.5243 -000.8302 -090.1683 +001.9797 +092.1644 0
L1 04     25 +008.3349 +007.5329 +001.7678 -049.8877 -000.4094 +000.3432 0
L1 05     25 +016.1144 -001.6113 -001.8277 -092.4034 +085.3297 +083.9056 0
L1 06     25 +015.9417 -001.6041 -003.7395 -148.0541 +085.5860 +035.1243 0
L1 07     25 +016.0110 -001.5784 -004.9191 +090.1557 +021.3169 -080.9544 0
L1 08     25 +015.8928 -001.6107 -005.5942 -054.3463 -083.6114 +051.2379 0
L1 01     29 +016.1039 +000.1947 +001.3484 -083.8905 +001.4978 +001.9491 0
L1 02     29 +005.5976 +007.1795 +001.7763 -160.4787 -000.3394 +179.0101 0
L1 03     29 +016.2060 -000.5246 -000.8304 -090.1708 +001.9790 +092.1643 0
L1 04     29 +008.3349 +007.5329 +001.7678 -049.8884 -000.4092 +000.3432 0
L1 05     29 +016.1145 -001.6114 -001.8279 -092.3873 +085.3290 +083.9212 0
L1 06     29 +015.9420 -001.6041 -003.7402 -148.2165 +085.5962 +034.9541 0
L1 07     29 +016.0117 -001.5779 -004.9188 +090.1594 +021.2948 -080.9721 0
L1 08     29 +015.8933 -001.6104 -005.5943 -054.4755 -083.6035 +051.3766 0
L1 01     33 +016.1039 +000.1946 +001.3483 -083.8912 +001.4976 +001.9482 0
L1 02     33 +005.5976 +007.1795 +001.7763 -160.4787 -000.3395 +179.0102 0
L1 03     33 +016.2060 -000.5247 -000.8304 -090.1718 +001.9785 +092.1632 0
L1 04     33 +008.3350 +007.5328 +001.7677 -049.8891 -000.4089 +000.3422 0
L1 05     33 +016.1144 -001.6115 -001.8282 -092.4253 +085.3295 +083.8826 0
L1 06     33 +015.9420 -001.6033 -003.7399 -148.4162 +085.6122 +034.7393 0
L1 07     33 +016.0120 -001.5757 -004.9191 +090.1750 +021.2759 -080.9700 0
L1 08     33 +015.8934 -001.6090 -005.5942 -054.5891 -083.5886 +051.4990 0
L1 01     37 +016.1039 +000.1946 +001.3484 -083.8906 +001.4966 +001.9478 0
L1 02     37 +005.5976 +007.1795 +001.7763 -160.4784 -000.3395 +179.0102 0
L1 03     37 +016.2060 -000.5246 -000.8304 -090.1702 +001.9779 +092.1614 0
L1 04     37 +008.3348 +007.5329 +001.7678 -049.8877 -000.4093 +000.3431 0
L1 05     37 +016.1143 -001.6113 -001.8282 -092.4793 +085.3302 +083.8256 0
L1 06     37 +015.9418 -001.6028 -003.7395 -148.5561 +085.6206 +034.6012 0
L1 07     37 +016.0117 -001.5762 -004.9183 +090.1707 +021.2699 -080.9723 0
L1 08     37 +015.8930 -001.6078 -005.5942 -054.6177 -083.5761 +051.5333 0
L1 01     41 +016.1038 +000.1947 +001.3483 -083.8895 +001.4956 +001.9456 0
L1 02     41 +005.5976 +007.1795 +001.7763 -160.4781 -000.3394 +179.0103 0
L1 03     41 +016.2059 -000.5246 -000.8303 -090.1699 +001.9772 +092.1592 0
L1 04     41 +008.3348 +007.5329 +001.7678 -049.8875 -000.4095 +000.3431 0
L1 05     41 +016.1141 -001.6115 -001.8280 -092.5257 +085.3289 +083.7815 0
L1 06     41 +015.9413 -001.6031 -003.7400 -148.6508 +085.6137 +034.5082 0
L1 07     41 +016.0113 -001.5757 -004.9184 +090.1743 +021.2690 -080.9675 0
L1 08     41 +015.8926 -001.6078 -005.5945 -054.5824 -083.5732 +051.4956 0
L1 01     45 +016.1038 +000.1947 +001.3483 -083.8896 +001.4953 +001.9450 0
L1 02     45 +005.5976 +007.1795 +001.7763 -160.4785 -000.3395 +179.0102 0
L1 03     45 +016.2058 -000.5246 -000.8305 -090.1707 +001.9769 +092.1575 0
L1 04     45 +008.3348 +007.5329 +001.7678 -049.8875 -000.4094 +000.3430 0
L1 05     45 +016.1141 -001.6115 -001.8280 -092.5578 +085.3263 +083.7497 0
L1 06     45 +015.9414 -001.6024 -003.7399 -148.5816 +085.6133 +034.5693 0
L1 07     45 +016.0112 -001.5760 -004.9184 +090.1744 +021.2736 -080.9676 0
L1 08     45 +015.8925 -001.6081 -005.5944 -054.5626 -083.5776 +051.4748 0
L1 01     49 +016.1039 +000.1946 +001.3484 -083.8907 +001.4959 +001.9464 0
L1 02     49 +005.5976 +007.1795 +001.7763 -160.4784 -000.3395 +179.0103 0
L1 03     49 +016.2059 -000.5246 -000.8305 -090.1708 +001.9776 +092.1584 0
L1 04     49 +008.3349 +007.5329 +001.7678 -049.8881 -000.4092 +000.3433 0
L1 05     49 +016.1141 -001.6118 -001.8278 -092.5254 +085.3277 +083.7858 0
L1 06     49 +015.9415 -001.6027 -003.7397 -148.5751 +085.6169 +034.5799 0
L1 07     49 +016.0113 -001.5763 -004.9185 +090.1705 +021.2728 -080.9704 0
L1 08     49 +015.8928 -001.6083 -005.5942 -054.6035 -083.5796 +051.5157 0
L1 01     53 +016.1038 +000.1946 +001.3484 -083.8907 +001.4964 +001.9472 0
L1 02     53 +005.5977 +007.1795 +001.7763 -160.4793 -000.3395 +179.0099 0
L1 03     53 +016.2059 -000.5245 -000.8305 -090.1706 +001.9783 +092.1599 0
L1 04     53 +008.3349 +007.5328 +001.7678 -049.8886 -000.4089 +000.3433 0
L1 05     53 +016.1141 -001.6115 -001.8278 -092.5148 +085.3296 +083.7946 0
L1 06     53 +015.9415 -001.6026 -003.7400 -148.5858 +085.6162 +034.5659 0
L1 07     53 +016.0113 -001.5759 -004.9188 +090.1741 +021.2704 -080.9688 0
L1 08     53 +015.8929 -001.6079 -005.5941 -054.6245 -083.5783 +051.5406 0
L1 01     57 +016.1038 +000.1946 +001.3484 -083.8905 +001.4972 +001.9481 0
L1 02     57 +005.5977 +007.1795 +001.7763 -160.4797 -000.3400 +179.0098 0
L1 03     57 +016.2060 -000.5244 -000.8303 -090.1700 +001.9790 +092.1624 0
L1 04     57 +008.3349 +007.5328 +001.7678 -049.8886 -000.4091 +000.3434 0
L1 05     57 +016.1140 -001.6117 -001.8280 -092.5315 +085.3291 +083.7792 0
L1 06     57 +015.9415 -001.6026 -003.7399 -148.5782 +085.6169 +034.5732 0
L1 07     57 +016.0116 -001.5753 -004.9184 +090.1784 +021.2679 -080.9722 0
L1 08     57 +015.8930 -001.6080 -005.5941 -054.6221 -083.5784 +051.5390 0
L1 01     61 +016.1038 +000.1947 +001.3484 -083.8899 +001.4972 +001.9478 0
L1 02     61 +005.5977 +007.1795 +001.7763 -160.4796 -000.3401 +179.0099 0
L1 03     61 +016.2059 -000.5244 -000.8304 -090.1703 +001.9782 +092.1617 0
L1 04     61 +008.3350 +007.5328 +001.7678 -049.8891 -000.4089 +000.3430 0
L1 05     61 +016.1141 -001.6116 -001.8278 -092.5177 +085.3260 +083.7928 0
L1 06     61 +015.9415 -001.6028 -003.7402 -148.5464 +085.6132 +034.6042 0
L1 07     61 +016.0113 -001.5761 -004.9188 +090.1764 +021.2727 -080.9693 0
L1 08     61 +015.8930 -001.6082 -005.5941 -054.5984 -083.5817 +051.5169 0
L1 01     65 +016.1039 +000.1947 +001.3483 -083.8899 +001.4962 +001.9465 0
L1 02     65 +005.5977 +007.1795 +001.7763 -160.4796 -000.3398 +179.0098 0
L1 03     65 +016.2059 -000.5246 -000.8304 -090.1710 +001.9774 +092.1614 0
L1 04     65 +008.3350 +007.5328 +001.7678 -049.8889 -000.4090 +000.3427 0
L1 05     65 +016.1142 -001.6114 -001.8275 -092.4873 +085.3216 +083.8206 0
L1 06     65 +015.9416 -001.6031 -003.7399 -148.4131 +085.6120 +034.7351 0
L1 07     65 +016.0113 -001.5768 -004.9189 +090.1795 +021.2840 -080.9679 0
L1 08     65 +015.8930 -001.6091 -005.5942 -054.5425 -083.5915 +051.4626 0
L1 01     69 +016.1039 +000.1947 +001.3483 -083.8896 +001.4955 +001.9461 0
L1 02     69 +005.5977 +007.1794 +001.7763 -160.4800 -000.3397 +179.0097 0
L1 03     69 +016.2060 -000.5246 -000.8305 -090.1706 +001.9757 +092.1604 0
L1 04     69 +008.3350 +007.5328 +001.7678 -049.8889 -000.4090 +000.3430 0
L1 05     69 +016.1141 -001.6119 -001.8279 -092.5086 +085.3213 +083.8010 0
L1 06     69 +015.9416 -001.6040 -003.7402 -148.3474 +085.6054 +034.7996 0
L1 07     69 +016.0117 -001.5772 -004.9184 +090.1821 +021.2894 -080.9751 0
L1 08     69 +015.8932 -001.6093 -005.5941 -054.5325 -083.5966 +051.4587 0
L1 01     73 +016.1039 +000.1949 +001.3482 -083.8879 +001.4960 +001.9462 0
L1 02     73 +005.5977 +007.1795 +001.7763 -160.4794 -000.3397 +179.0098 0
L1 03     73 +016.2060 -000.5245 -000.8304 -090.1700 +001.9761 +092.1625 0
L1 04     73 +008.3349 +007.5328 +001.7678 -049.8883 -000.4090 +000.3429 0
L1 05     73 +016.1143 -001.6115 -001.8276 -092.4574 +085.3218 +083.8487 0
L1 06     73 +015.9419 -001.6031 -003.7398 -148.3146 +085.6153 +034.8198 0
L1 07     73 +016.0118 -001.5768 -004.9186 +090.1909 +021.2855 -080.9769 0
L1 08     73 +015.8937 -001.6093 -005.5941 -054.5694 -083.6002 +051.5018 0
L1 01     77 +016.1039 +000.1947 +001.3482 -083.8903 +001.4973 +001.9473 0
L1 02     77 +005.5977 +007.1794 +001.7763 -160.4800 -000.3398 +179.0097 0
L1 03     77 +016.2060 -000.5248 -000.8303 -090.1732 +001.9770 +092.1645 0
L1 04     77 +008.3350 +007.5327 +001.7677 -049.8895 -000.4088 +000.3424 0
L1 05     77 +016.1144 -001.6117 -001.8275 -092.4200 +085.3201 +083.8868 0
L1 06     77 +015.9421 -001.6030 -003.7399 -148.3035 +085.6211 +034.8287 0
L1 07     77 +016.0123 -001.5772 -004.9184 +090.1835 +021.2857 -080.9859 0
L1 08     77 +015.8940 -001.6093 -005.5941 -054.6202 -083.6001 +051.5545 0
L1 01     81 +016.1039 +000.1946 +001.3482 -083.8912 +001.4971 +001.9470 0
L1 02     81 +005.5978 +007.1794 +001.7763 -160.4803 -000.3400 +179.0097 0
L1 03     81 +016.2060 -000.5250 -000.8303 -090.1742 +001.9772 +092.1642 0
L1 04     81 +008.3350 +007.5328 +001.7677 -049.8894 -000.4086 +000.3423 0
L1 05     81 +016.1143 -001.6122 -001.8276 -092.4374 +085.3204 +083.8745 0
L1 06     81 +015.9421 -001.6034 -003.7400 -148.3283 +085.6205 +034.8063 0
L1 07     81 +016.0123 -001.5773 -004.9181 +090.1827 +021.2810 -080.9873 0
L1 08     81 +015.8940 -001.6093 -005.5941 -054.6181 -083.5990 +051.5533 0
L1 01     85 +016.1038 +000.1946 +001.3481 -083.8908 +001.4958 +001.9461 0
L1 02     85 +005.5977 +007.1794 +001.7763 -160.4798 -000.3402 +179.0098 0
L1 03     85 +016.2060 -000.5246 -000.8302 -090.1719 +001.9758 +092.1637 0
L1 04     85 +008.3350 +007.5328 +001.7678 -049.8890 -000.4089 +000.3426 0
L1 05     85 +016.1143 -001.6118 -001.8276 -092.4581 +085.3187 +083.8494 0
L1 06     85 +015.9420 -001.6034 -003.7398 -148.2974 +085.6166 +034.8351 0
L1 07     85 +016.0121 -001.5769 -004.9185 +090.1904 +021.2829 -080.9819 0
L1 08     85 +015.8938 -001.6092 -005.5939 -054.5887 -083.5998 +051.5262 0
L1 01     89 +016.1038 +000.1945 +001.3482 -083.8907 +001.4956 +001.9459 0
L1 02     89 +005.5977 +007.1795 +001.7763 -160.4796 -000.3400 +179.0099 0
L1 03     89 +016.2059 -000.5245 -000.8304 -090.1699 +001.9751 +092.1615 0
L1 04     89 +008.3350 +007.5328 +001.7677 -049.8886 -000.4091 +000.3422 0
L1 05     89 +016.1142 -001.6118 -001.8277 -092.4727 +085.3159 +083.8343 0
L1 06     89 +015.9418 -001.6033 -003.7397 -148.2468 +085.6131 +034.8806 0
L1 07     89 +016.0120 -001.5769 -004.9181 +090.1933 +021.2880 -080.9825 0
L1 08     89 +015.8936 -001.6095 -005.5939 -054.5536 -083.6012 +051.4925 0
L1 01     93 +016.1038 +000.1947 +001.3481 -083.8897 +001.4942 +001.9446 0
L1 02     93 +005.5977 +007.1794 +001.7763 -160.4796 -000.3398 +179.0097 0
L1 03     93 +016.2059 -000.5245 -000.8304 -090.1699 +001.9730 +092.1620 0
L1 04     93 +008.3350 +007.5328 +001.7678 -049.8889 -000.4090 +000.3427 0
L1 05     93 +016.1141 -001.6119 -001.8278 -092.4939 +085.3146 +083.8128 0
L1 06     93 +015.9418 -001.6032 -003.7399 -148.2561 +085.6102 +034.8680 0
L1 07     93 +016.0119 -001.5771 -004.9183 +090.1964 +021.2901 -080.9797 0
L1 08     93 +015.8935 -001.6096 -005.5940 -054.5240 -083.6040 +051.4654 0
L1 01     97 +016.1038 +000.1946 +001.3482 -083.8903 +001.4942 +001.9451 0
L1 02     97 +005.5978 +007.1794 +001.7763 -160.4802 -000.3399 +179.0098 0
L1 03     97 +016.2059 -000.5248 -000.8304 -090.1717 +001.9726 +092.1616 0
L1 04     97 +008.3350 +007.5328 +001.7678 -049.8891 -000.4090 +000.3427 0
L1 05     97 +016.1142 -001.6118 -001.8276 -092.4827 +085.3145 +083.8237 0
L1 06     97 +015.9419 -001.6036 -003.7395 -148.1865 +085.6123 +034.9395 0
L1 07     97 +016.0118 -001.5779 -004.9187 +090.1950 +021.2918 -080.9788 0
L1 08     97 +015.8936 -001.6099 -005.5940 -054.5123 -083.6084 +051.4541 0
L1 01    101 +016.1038 +000.1945 +001.3482 -083.8909 +001.4943 +001.9452 0
L1 02    101 +005.5978 +007.1794 +001.7763 -160.4801 -000.3398 +179.0097 0
L1 03    101 +016.2059 -000.5248 -000.8303 -090.1723 +001.9727 +092.1628 0
L1 04    101 +008.3350 +007.5328 +001.7678 -049.8892 -000.4090 +000.3431 0
L1 05    101 +016.1143 -001.6117 -001.8278 -092.4894 +085.3142 +083.8168 0
L1 06    101 +015.9419 -001.6036 -003.7394 -148.1779 +085.6122 +034.9472 0
L1 07    101 +016.0120 -001.5776 -004.9185 +090.1957 +021.2924 -080.9804 0
L1 08    101 +015.8936 -001.6101 -005.5939 -054.5256 -083.6082 +051.4678 0
L1 01    105 +016.1038 +000.1945 +001.3483 -083.8908 +001.4941 +001.9460 0
L1 02    105 +005.5977 +007.1794 +001.7763 -160.4797 -000.3398 +179.0097 0
L1 03    105 +016.2059 -000.5247 -000.8304 -090.1716 +001.9719 +092.1622 0
L1 04    105 +008.3350 +007.5328 +001.7678 -049.8889 -000.4090 +000.3431 0
L1 05    105 +016.1142 -001.6120 -001.8277 -092.4873 +085.3123 +083.8209 0
L1 06    105 +015.9418 -001.6038 -003.7396 -148.1896 +085.6113 +034.9372 0
L1 07    105 +016.0119 -001.5775 -004.9186 +090.1958 +021.2931 -080.9798 0
L1 08    105 +015.8935 -001.6101 -005.5940 -054.5148 -083.6073 +051.4557 0
L1 01    109 +016.1038 +000.1944 +001.3482 -083.8920 +001.4933 +001.9446 0
L1 02    109 +005.5977 +007.1794 +001.7763 -160.4799 -000.3399 +179.0097 0
L1 03    109 +016.2058 -000.5249 -000.8303 -090.1728 +001.9709 +092.1616 0
L1 04    109 +008.3350 +007.5328 +001.7678 -049.8892 -000.4089 +000.3428 0
L1 05    109 +016.1139 -001.6125 -001.8277 -092.5292 +085.3112 +083.7821 0
L1 06    109 +015.9417 -001.6041 -003.7396 -148.1612 +085.6076 +034.9681 0
L1 07    109 +016.0118 -001.5775 -004.9184 +090.1975 +021.2970 -080.9768 0
L1 08    109 +015.8931 -001.6106 -005.5939 -054.4707 -083.6087 +051.4097 0
L1 01    113 +016.1038 +000.1945 +001.3482 -083.8911 +001.4933 +001.9438 0
L1 02    113 +005.5977 +007.1794 +001.7763 -160.4798 -000.3397 +179.0097 0
L1 03    113 +016.2058 -000.5250 -000.8304 -090.1731 +001.9711 +092.1604 0
L1 04    113 +008.3350 +007.5328 +001.7678 -049.8892 -000.4088 +000.3428 0
L1 05    113 +016.1139 -001.6125 -001.8276 -092.5358 +085.3097 +083.7747 0
L1 06    113 +015.9414 -001.6041 -003.7400 -148.2014 +085.5990 +034.9265 0
L1 07    113 +016.0114 -001.5777 -004.9183 +090.2001 +021.2997 -080.9722 0
L1 08    113 +015.8928 -001.6106 -005.5941 -054.4159 -083.6071 +051.3556 0
L1 01    117 +016.1038 +000.1946 +001.3483 -083.8905 +001.4938 +001.9444 0
L1 02    117 +005.5977 +007.1794 +001.7763 -160.4798 -000.3397 +179.0098 0
L1 03    117 +016.2058 -000.5249 -000.8305 -090.1724 +001.9720 +092.1595 0
L1 04    117 +008.3350 +007.5328 +001.7678 -049.8891 -000.4090 +000.3427 0
L1 05    117 +016.1139 -001.6124 -001.8277 -092.5546 +085.3122 +083.7557 0
L1 06    117 +015.9411 -001.6043 -003.7402 -148.2427 +085.5978 +034.8886 0
L1 07    117 +016.0112 -001.5778 -004.9185 +090.1982 +021.2971 -080.9693 0
L1 08    117 +015.8926 -001.6106 -005.5943 -054.4015 -083.6042 +051.3398 0
L1 01    121 +016.1038 +000.1947 +001.3481 -083.8893 +001.4939 +001.9432 0
L1 02    121 +005.5977 +007.1795 +001.7763 -160.4795 -000.3397 +179.0098 0
L1 03    121 +016.2058 -000.5244 -000.8304 -090.1686 +001.9731 +092.1593 0
L1 04    121 +008.3350 +007.5328 +001.7677 -049.8884 -000.4092 +000.3423 0
L1 05    121 +016.1139 -001.6122 -001.8278 -092.5671 +085.3132 +083.7417 0
L1 06    121 +015.9411 -001.6044 -003.7401 -148.2721 +085.5993 +034.8608 0
L1 07    121 +016.0111 -001.5777 -004.9186 +090.1974 +021.2956 -080.9670 0
L1 08    121 +015.8926 -001.6101 -005.5941 -054.4206 -083.6017 +051.3588 0
L1 01    125 +016.1038 +000.1947 +001.3483 -083.8893 +001.4934 +001.9442 0
L1 02    125 +005.5977 +007.1795 +001.7763 -160.4795 -000.3399 +179.0101 0
L1 03    125 +016.2058 -000.5246 -000.8304 -090.1707 +001.9724 +092.1598 0
L1 04    125 +008.3350 +007.5328 +001.7678 -049.8888 -000.4092 +000.3425 0
L1 05    125 +016.1138 -001.6121 -001.8281 -092.6100 +085.3112 +083.6990 0
L1 06    125 +015.9411 -001.6043 -003.7398 -148.2561 +085.5985 +034.8797 0
L1 07    125 +016.0111 -001.5772 -004.9184 +090.1970 +021.2948 -080.9677 0
L1 08    125 +015.8925 -001.6105 -005.5940 -054.4091 -083.6030 +051.3411 0
L1 01    129 +016.1038 +000.1946 +001.3483 -083.8902 +001.4932 +001.9446 0
L1 02    129 +005.5977 +007.1794 +001.7763 -160.4798 -000.3399 +179.0100 0
L1 03    129 +016.2058 -000.5250 -000.8303 -090.1740 +001.9714 +092.1605 0
L1 04    129 +008.3350 +007.5328 +001.7678 -049.8892 -000.4090 +000.3425 0
L1 05    129 +016.1138 -001.6128 -001.8277 -092.5738 +085.3080 +083.7414 0
L1 06    129 +015.9410 -001.6050 -003.7398 -148.2123 +085.5955 +034.9339 0
L1 07    129 +016.0111 -001.5779 -004.9183 +090.1894 +021.2977 -080.9682 0
L1 08    129 +015.8925 -001.6110 -005.5940 -054.4140 -083.6053 +051.3409 0
L1 01    133 +016.1038 +000.1946 +001.3484 -083.8900 +001.4925 +001.9448 0
L1 02    133 +005.5977 +007.1795 +001.7763 -160.4795 -000.3398 +179.0102 0
L1 03    133 +016.2058 -000.5249 -000.8304 -090.1718 +001.9701 +092.1598 0
L1 04    133 +008.3350 +007.5328 +001.7677 -049.8889 -000.4091 +000.3424 0
L1 05    133 +016.1139 -001.6125 -001.8280 -092.5530 +085.3075 +083.7585 0
L1 06    133 +015.9413 -001.6045 -003.7397 -148.1531 +085.6003 +034.9849 0
L1 07    133 +016.0113 -001.5780 -004.9183 +090.1907 +021.2993 -080.9727 0
L1 08    133 +015.8927 -001.6108 -005.5941 -054.4311 -083.6085 +051.3638 0
L1 01    137 +016.1038 +000.1946 +001.3483 -083.8903 +001.4927 +001.9446 0
L1 02    137 +005.5977 +007.1794 +001.7763 -160.4798 -000.3398 +179.0101 0
L1 03    137 +016.2058 -000.5251 -000.8305 -090.1729 +001.9705 +092.1593 0
L1 04    137 +008.3350 +007.5328 +001.7678 -049.8894 -000.4090 +000.3424 0
L1 05    137 +016.1140 -001.6125 -001.8275 -092.4756 +085.3066 +083.8338 0
L1 06    137 +015.9415 -001.6045 -003.7396 -148.0901 +085.6040 +035.0424 0
L1 07    137 +016.0115 -001.5783 -004.9184 +090.1920 +021.3023 -080.9768 0
L1 08    137 +015.8932 -001.6112 -005.5942 -054.4304 -083.6141 +051.3676 0
L1 01    141 +016.1038 +000.1947 +001.3483 -083.8898 +001.4928 +001.9444 0
L1 02    141 +005.5977 +007.1795 +001.7763 -160.4796 -000.3397 +179.0100 0
L1 03    141 +016.2058 -000.5249 -000.8305 -090.1718 +001.9708 +092.1597 0
L1 04    141 +008.3350 +007.5328 +001.7678 -049.8891 -000.4092 +000.3427 0
L1 05    141 +016.1141 -001.6119 -001.8277 -092.4772 +085.3076 +083.8269 0
L1 06    141 +015.9417 -001.6045 -003.7396 -148.0580 +085.6076 +035.0680 0
L1 07    141 +016.0118 -001.5784 -004.9185 +090.1954 +021.3024 -080.9797 0
L1 08    141 +015.8935 -001.6108 -005.5940 -054.4634 -083.6156 +051.4091 0
L1 01    145 +016.1038 +000.1945 +001.3484 -083.8917 +001.4931 +001.9454 0
L1 02    145 +005.5977 +007.1794 +001.7763 -160.4798 -000.3399 +179.0099 0
L1 03    145 +016.2059 -000.5249 -000.8305 -090.1726 +001.9708 +092.1609 0
L1 04    145 +008.3350 +007.5327 +001.7678 -049.8899 -000.4089 +000.3427 0
L1 05    145 +016.1142 -001.6122 -001.8275 -092.4488 +085.3082 +083.8588 0
L1 06    145 +015.9418 -001.6048 -003.7399 -148.0708 +085.6063 +035.0590 0
L1 07    145 +016.0120 -001.5786 -004.9185 +090.1923 +021.2986 -080.9821 0
L1 08    145 +015.8937 -001.6110 -005.5940 -054.4886 -083.6160 +051.4303 0
L1 01    149 +016.1038 +000.1947 +001.3484 -083.8898 +001.4929 +001.9458 0
L1 02    149 +005.5977 +007.1794 +001.7763 -160.4798 -000.3395 +179.0099 0
L1 03    149 +016.2059 -000.5249 -000.8304 -090.1723 +001.9706 +092.1623 0
L1 04    149 +008.3350 +007.5328 +001.7678 -049.8889 -000.4092 +000.3427 0
L1 05    149 +016.1142 -001.6122 -001.8276 -092.4441 +085.3059 +083.8626 0
L1 06    149 +015.9420 -001.6039 -003.7398 -148.0692 +085.6100 +035.0566 0
L1 07    149 +016.0121 -001.5784 -004.9184 +090.1914 +021.2976 -080.9842 0
L1 08    149 +015.8939 -001.6110 -005.5939 -054.5081 -083.6183 +051.4491 0
L1 01    153 +016.1038 +000.1946 +001.3483 -083.8903 +001.4928 +001.9455 0
L1 02    153 +005.5977 +007.1795 +001.7763 -160.4795 -000.3396 +179.0100 0
L1 03    153 +016.2060 -000.5245 -000.8304 -090.1690 +001.9704 +092.1628 0
L1 04    153 +008.3350 +007.5328 +001.7678 -049.8892 -000.4092 +000.3425 0
L1 05    153 +016.1143 -001.6122 -001.8278 -092.4469 +085.3079 +083.8594 0
L1 06    153 +015.9421 -001.6040 -003.7398 -148.0567 +085.6123 +035.0703 0
L1 07    153 +016.0125 -001.5775 -004.9184 +090.1952 +021.2975 -080.9873 0
L1 08    153 +015.8942 -001.6109 -005.5939 -054.5306 -083.6189 +051.4714 0
L1 01    157 +016.1038 +000.1947 +001.3483 -083.8892 +001.4936 +001.9461 0
L1 02    157 +005.5977 +007.1795 +001.7763 -160.4794 -000.3401 +179.0103 0
L1 03    157 +016.2060 -000.5243 -000.8304 -090.1678 +001.9727 +092.1635 0
L1 04    157 +008.3350 +007.5329 +001.7677 -049.8885 -000.4093 +000.3418 0
L1 05    157 +016.1145 -001.6118 -001.8277 -092.3927 +085.3094 +083.9095 0
L1 06    157 +015.9423 -001.6036 -003.7399 -148.0499 +085.6173 +035.0719 0
L1 07    157 +016.0129 -001.5778 -004.9182 +090.1906 +021.2954 -080.9967 0
L1 08    157 +015.8946 -001.6104 -005.5939 -054.5871 -083.6198 +051.5322 0
L1 01    161 +016.1038 +000.1945 +001.3483 -083.8911 +001.4968 +001.9476 0
L1 02    161 +005.5977 +007.1794 +001.7763 -160.4799 -000.3399 +179.0100 0
L1 03    161 +016.2060 -000.5247 -000.8304 -090.1718 +001.9757 +092.1648 0
L1 04    161 +008.3350 +007.5328 +001.7678 -049.8894 -000.4091 +000.3426 0
L1 05    161 +016.1144 -001.6122 -001.8279 -092.4132 +085.3130 +083.8942 0
L1 06    161 +015.9424 -001.6038 -003.7397 -148.0682 +085.6215 +035.0574 0
L1 07    161 +016.0129 -001.5778 -004.9184 +090.1908 +021.2917 -080.9941 0
L1 08    161 +015.8946 -001.6103 -005.5940 -054.5904 -083.6175 +051.5343 0
L1 01    165 +016.1039 +000.1945 +001.3483 -083.8913 +001.4968 +001.9475 0
L1 02    165 +005.5978 +007.1794 +001.7763 -160.4800 -000.3401 +179.0098 0
L1 03    165 +016.2060 -000.5246 -000.8302 -090.1707 +001.9764 +092.1646 0
L1 04    165 +008.3350 +007.5328 +001.7678 -049.8893 -000.4090 +000.3429 0
L1 05    165 +016.1144 -001.6119 -001.8274 -092.4009 +085.3129 +083.9039 0
L1 06    165 +015.9423 -001.6038 -003.7396 -148.0924 +085.6193 +035.0330 0
L1 07    165 +016.0127 -001.5774 -004.9181 +090.1935 +021.2892 -080.9913 0
L1 08    165 +015.8943 -001.6099 -005.5938 -054.5833 -083.6126 +051.5281 0
L1 01    169 +016.1038 +000.1944 +001.3484 -083.8919 +001.4951 +001.9467 0
L1 02    169 +005.5978 +007.1794 +001.7763 -160.4804 -000.3398 +179.0098 0
L1 03    169 +016.2059 -000.5247 -000.8303 -090.1714 +001.9749 +092.1624 0
L1 04    169 +008.3350 +007.5328 +001.7678 -049.8894 -000.4092 +000.3425 0
L1 05    169 +016.1142 -001.6118 -001.8277 -092.4614 +085.3117 +083.8427 0
L1 06    169 +015.9419 -001.6043 -003.7396 -148.1347 +085.6124 +034.9927 0
L1 07    169 +016.0120 -001.5779 -004.9185 +090.1956 +021.2951 -080.9786 0
L1 08    169 +015.8935 -001.6104 -005.5940 -054.4800 -083.6109 +051.4229 0
L1 01    173 +016.1038 +000.1946 +001.3483 -083.8900 +001.4924 +001.9444 0
L1 02    173 +005.5977 +007.1795 +001.7763 -160.4798 -000.3399 +179.0101 0
L1 03    173 +016.2058 -000.5247 -000.8304 -090.1702 +001.9702 +092.1592 0
L1 04    173 +008.3350 +007.5328 +001.7677 -049.8894 -000.4091 +000.3423 0
L1 05    173 +016.1140 -001.6124 -001.8277 -092.5162 +085.3046 +083.7899 0
L1 06    173 +015.9415 -001.6047 -003.7394 -148.0660 +085.6015 +035.0613 0
L1 07    173 +016.0113 -001.5792 -004.9187 +090.1946 +021.3034 -080.9722 0
L1 08    173 +015.8930 -001.6112 -005.5939 -054.3971 -083.6152 +051.3410 0
L1 01    177 +016.1038 +000.1946 +001.3482 -083.8899 +001.4900 +001.9414 0
L1 02    177 +005.5978 +007.1794 +001.7763 -160.4803 -000.3400 +179.0102 0
L1 03    177 +016.2057 -000.5252 -000.8304 -090.1736 +001.9657 +092.1568 0
L1 04    177 +008.3350 +007.5328 +001.7677 -049.8893 -000.4089 +000.3423 0
L1 05    177 +016.1138 -001.6136 -001.8276 -092.5454 +085.2986 +083.7680 0
L1 06    177 +015.9413 -001.6052 -003.7396 -147.9941 +085.5926 +035.1311 0
L1 07    177 +016.0114 -001.5796 -004.9183 +090.1981 +021.3105 -080.9746 0
L1 08    177 +015.8927 -001.6127 -005.5940 -054.3344 -083.6233 +051.2779 0
L1 01    181 +016.1038 +000.1948 +001.3482 -083.8879 +001.4882 +001.9411 0
L1 02    181 +005.5977 +007.1795 +001.7763 -160.4797 -000.3399 +179.0100 0
L1 03    181 +016.2057 -000.5248 -000.8305 -090.1678 +001.9639 +092.1568 0
L1 04    181 +008.3350 +007.5328 +001.7677 -049.8888 -000.4090 +000.3422 0
L1 05    181 +016.1138 -001.6130 -001.8277 -092.5291 +085.2973 +083.7771 0
L1 06    181 +015.9415 -001.6052 -003.7391 -147.8701 +085.5982 +035.2482 0
L1 07    181 +016.0114 -001.5799 -004.9184 +090.2032 +021.3167 -080.9752 0
L1 08    181 +015.8930 -001.6122 -005.5940 -054.3341 -083.6262 +051.2878 0
L1 01    185 +016.1038 +000.1948 +001.3482 -083.8887 +001.4885 +001.9412 0
L1 02    185 +005.5978 +007.1794 +001.7763 -160.4801 -000.3401 +179.0101 0
L1 03    185 +016.2057 -000.5250 -000.8305 -090.1702 +001.9653 +092.1573 0
L1 04    185 +008.3350 +007.5328 +001.7677 -049.8893 -000.4090 +000.3424 0
L1 05    185 +016.1139 -001.6128 -001.8275 -092.4954 +085.2956 +083.8088 0
L1 06    185 +015.9415 -001.6057 -003.7394 -147.8584 +085.5973 +035.2613 0
L1 07    185 +016.0114 -001.5796 -004.9191 +090.2086 +021.3157 -080.9748 0
L1 08    185 +015.8931 -001.6124 -005.5942 -054.3401 -083.6291 +051.2944 0
L1 01    189 +016.1038 +000.1947 +001.3480 -083.8893 +001.4900 +001.9415 0
L1 02    189 +005.5978 +007.1794 +001.7763 -160.4802 -000.3399 +179.0097 0
L1 03    189 +016.2058 -000.5249 -000.8303 -090.1702 +001.9673 +092.1598 0
L1 04    189 +008.3350 +007.5328 +001.7678 -049.8891 -000.4090 +000.3427 0
L1 05    189 +016.1140 -001.6130 -001.8278 -092.4884 +085.2998 +083.8165 0
L1 06    189 +015.9416 -001.6052 -003.7397 -147.8894 +085.5985 +035.2234 0
L1 07    189 +016.0118 -001.5791 -004.9188 +090.2105 +021.3125 -080.9791 0
L1 08    189 +015.8935 -001.6120 -005.5941 -054.3717 -083.6272 +051.3300 0
L1 01    193 +016.1038 +000.1942 +001.3484 -083.8934 +001.4916 +001.9452 0
L1 02    193 +005.5978 +007.1794 +001.7763 -160.4802 -000.3400 +179.0098 0
L1 03    193 +016.2058 -000.5251 -000.8303 -090.1725 +001.9679 +092.1603 0
L1 04    193 +008.3350 +007.5327 +001.7678 -049.8898 -000.4088 +000.3427 0
L1 05    193 +016.1140 -001.6130 -001.8277 -092.4563 +085.3002 +083.8494 0
L1 06    193 +015.9417 -001.6056 -003.7394 -147.8889 +085.6021 +035.2282 0
L1 07    193 +016.0119 -001.5798 -004.9182 +090.2033 +021.3123 -080.9836 0
L1 08    193 +015.8934 -001.6122 -005.5942 -054.3729 -083.6268 +051.3287 0
L1 01    197 +016.1038 +000.1945 +001.3482 -083.8905 +001.4905 +001.9425 0
L1 02    197 +005.5977 +007.1794 +001.7763 -160.4799 -000.3399 +179.0098 0
L1 03    197 +016.2058 -000.5250 -000.8304 -090.1712 +001.9679 +092.1592 0
L1 04    197 +008.3350 +007.5328 +001.7678 -049.8893 -000.4088 +000.3427 0
L1 05    197 +016.1140 -001.6128 -001.8279 -092.4841 +085.2999 +083.8197 0
L1 06    197 +015.9416 -001.6049 -003.7399 -147.9027 +085.5967 +035.2071 0
L1 07    197 +016.0118 -001.5794 -004.9185 +090.2110 +021.3124 -080.9795 0
L1 08    197 +015.8934 -001.6124 -005.5940 -054.3592 -083.6289 +051.3163 0
L1 01    201 +016.1038 +000.1945 +001.3481 -083.8905 +001.4900 +001.9411 0
L1 02    201 +005.5977 +007.1794 +001.7763 -160.4798 -000.3401 +179.0098 0
L1 03    201 +016.2057 -000.5250 -000.8305 -090.1705 +001.9669 +092.1580 0
L1 04    201 +008.3350 +007.5328 +001.7678 -049.8893 -000.4089 +000.3428 0
L1 05    201 +016.1139 -001.6126 -001.8279 -092.4991 +085.2991 +083.8028 0
L1 06    201 +015.9416 -001.6050 -003.7398 -147.8720 +085.5937 +035.2369 0
L1 07    201 +016.0118 -001.5795 -004.9183 +090.2148 +021.3208 -080.9783 0
L1 08    201 +015.8932 -001.6124 -005.5939 -054.3186 -083.6302 +051.2782 0
L1 01    205 +016.1038 +000.1945 +001.3481 -083.8908 +001.4889 +001.9404 0
L1 02    205 +005.5977 +007.1795 +001.7763 -160.4797 -000.3399 +179.0100 0
L1 03    205 +016.2057 -000.5251 -000.8304 -090.1707 +001.9656 +092.1575 0
L1 04    205 +008.3350 +007.5328 +001.7678 -049.8891 -000.4089 +000.3429 0
L1 05    205 +016.1139 -001.6128 -001.8276 -092.5048 +085.2938 +083.7985 0
L1 06    205 +015.9414 -001.6053 -003.7399 -147.8770 +085.5908 +035.2330 0
L1 07    205 +016.0117 -001.5795 -004.9180 +090.2151 +021.3206 -080.9786 0
L1 08    205 +015.8930 -001.6127 -005.5941 -054.2982 -083.6283 +051.2568 0
L1 01    209 +016.1038 +000.1943 +001.3482 -083.8912 +001.4874 +001.9402 0
L1 02    209 +005.5977 +007.1795 +001.7763 -160.4795 -000.3400 +179.0101 0
L1 03    209 +016.2057 -000.5251 -000.8304 -090.1704 +001.9639 +092.1563 0
L1 04    209 +008.3350 +007.5328 +001.7678 -049.8890 -000.4089 +000.3428 0
L1 05    209 +016.1138 -001.6128 -001.8278 -092.5443 +085.2926 +083.7574 0
L1 06    209 +015.9413 -001.6053 -003.7398 -147.8639 +085.5900 +035.2454 0
L1 07    209 +016.0113 -001.5798 -004.9183 +090.2154 +021.3234 -080.9744 0
L1 08    209 +015.8927 -001.6129 -005.5941 -054.2590 -083.6297 +051.2176 0
L1 01    213 +016.1038 +000.1945 +001.3480 -083.8899 +001.4867 +001.9380 0
L1 02    213 +005.5977 +007.1795 +001.7763 -160.4792 -000.3397 +179.0098 0
L1 03    213 +016.2056 -000.5252 -000.8305 -090.1705 +001.9611 +092.1544 0
L1 04    213 +008.3350 +007.5328 +001.7678 -049.8889 -000.4091 +000.3425 0
L1 05    213 +016.1138 -001.6129 -001.8278 -092.5500 +085.2927 +083.7503 0
L1 06    213 +015.9412 -001.6052 -003.7398 -147.8892 +085.5868 +035.2165 0
L1 07    213 +016.0109 -001.5799 -004.9187 +090.2192 +021.3234 -080.9682 0
L1 08    213 +015.8926 -001.6132 -005.5940 -054.2540 -083.6309 +051.2132 0
L1 01    217 +016.1038 +000.1945 +001.3480 -083.8905 +001.4858 +001.9383 0
L1 02    217 +005.5977 +007.1795 +001.7763 -160.4796 -000.3398 +179.0100 0
L1 03    217 +016.2056 -000.5254 -000.8306 -090.1711 +001.9616 +092.1534 0
L1 04    217 +008.3350 +007.5328 +001.7678 -049.8888 -000.4089 +000.3425 0
L1 05    217 +016.1137 -001.6132 -001.8278 -092.5451 +085.2918 +083.7579 0
L1 06    217 +015.9411 -001.6058 -003.7399 -147.8667 +085.5843 +035.2432 0
L1 07    217 +016.0109 -001.5799 -004.9187 +090.2190 +021.3247 -080.9691 0
L1 08    217 +015.8925 -001.6132 -005.5942 -054.2349 -083.6304 +051.1949 0
L1 01    221 +016.1038 +000.1942 +001.3480 -083.8929 +001.4868 +001.9380 0
L1 02    221 +005.5977 +007.1794 +001.7763 -160.4799 -000.3399 +179.0098 0
L1 03    221 +016.2056 -000.5255 -000.8306 -090.1732 +001.9623 +092.1547 0
L1 04    221 +008.3350 +007.5328 +001.7678 -049.8893 -000.4089 +000.3426 0
L1 05    221 +016.1138 -001.6131 -001.8276 -092.5193 +085.2904 +083.7817 0
L1 06    221 +015.9412 -001.6059 -003.7399 -147.8284 +085.5846 +035.2807 0
L1 07    221 +016.0111 -001.5804 -004.9186 +090.2169 +021.3280 -080.9709 0
L1 08    221 +015.8927 -001.6135 -005.5942 -054.2307 -083.6334 +051.1914 0
L1 01    225 +016.1038 +000.1941 +001.3480 -083.8933 +001.4879 +001.9389 0
L1 02    225 +005.5977 +007.1794 +001.7763 -160.4800 -000.3400 +179.0098 0
L1 03    225 +016.2057 -000.5254 -000.8305 -090.1725 +001.9631 +092.1560 0
L1 04    225 +008.3350 +007.5328 +001.7677 -049.8896 -000.4087 +000.3422 0
L1 05    225 +016.1138 -001.6131 -001.8278 -092.5200 +085.2903 +083.7812 0
L1 06    225 +015.9413 -001.6059 -003.7397 -147.7964 +085.5856 +035.3112 0
L1 07    225 +016.0112 -001.5803 -004.9189 +090.2187 +021.3280 -080.9697 0
L1 08    225 +015.8928 -001.6136 -005.5942 -054.2358 -083.6347 +051.1966 0
L1 01    229 +016.1038 +000.1943 +001.3479 -083.8919 +001.4876 +001.9388 0
L1 02    229 +005.5977 +007.1795 +001.7763 -160.4799 -000.3401 +179.0098 0
L1 03    229 +016.2057 -000.5252 -000.8305 -090.1708 +001.9631 +092.1558 0
L1 04    229 +008.3350 +007.5328 +001.7678 -049.8891 -000.4088 +000.3424 0
L1 05    229 +016.1138 -001.6132 -001.8277 -092.5100 +085.2902 +083.7912 0
L1 06    229 +015.9414 -001.6056 -003.7395 -147.7861 +085.5869 +035.3207 0
L1 07    229 +016.0112 -001.5806 -004.9186 +090.2167 +021.3297 -080.9717 0
L1 08    229 +015.8928 -001.6134 -005.5940 -054.2468 -083.6345 +051.2076 0
L1 01    233 +016.1038 +000.1946 +001.3481 -083.8896 +001.4874 +001.9394 0
L1 02    233 +005.5977 +007.1794 +001.7763 -160.4800 -000.3398 +179.0098 0
L1 03    233 +016.2056 -000.5253 -000.8306 -090.1705 +001.9627 +092.1547 0
L1 04    233 +008.3350 +007.5328 +001.7678 -049.8890 -000.4088 +000.3426 0
L1 05    233 +016.1137 -001.6128 -001.8281 -092.5436 +085.2911 +083.7563 0
L1 06    233 +015.9412 -001.6058 -003.7399 -147.8271 +085.5852 +035.2820 0
L1 07    233 +016.0112 -001.5804 -004.9186 +090.2166 +021.3288 -080.9721 0
L1 08    233 +015.8927 -001.6134 -005.5942 -054.2356 -083.6329 +051.1950 0
L1 01    237 +016.1038 +000.1946 +001.3480 -083.8901 +001.4867 +001.9388 0
L1 02    237 +005.5977 +007.1794 +001.7763 -160.4799 -000.3401 +179.0099 0
L1 03    237 +016.2056 -000.5252 -000.8305 -090.1705 +001.9621 +092.1555 0
L1 04    237 +008.3350 +007.5328 +001.7678 -049.8889 -000.4089 +000.3425 0
L1 05    237 +016.1139 -001.6127 -001.8279 -092.5283 +085.2902 +083.7711 0
L1 06    237 +015.9412 -001.6056 -003.7398 -147.8368 +085.5865 +035.2718 0
L1 07    237 +016.0111 -001.5802 -004.9189 +090.2165 +021.3259 -080.9699 0
L1 08    237 +015.8927 -001.6132 -005.5943 -054.2437 -083.6315 +051.2037 0
L1 01    241 +016.1038 +000.1945 +001.3482 -083.8903 +001.4869 +001.9402 0
L1 02    241 +005.5977 +007.1794 +001.7763 -160.4798 -000.3402 +179.0100 0
L1 03    241 +016.2056 -000.5253 -000.8304 -090.1704 +001.9626 +092.1558 0
L1 04    241 +008.3350 +007.5328 +001.7678 -049.8892 -000.4088 +000.3425 0
L1 05    241 +016.1138 -001.6132 -001.8277 -092.5128 +085.2917 +083.7888 0
L1 06    241 +015.9413 -001.6061 -003.7396 -147.8373 +085.5904 +035.2760 0
L1 07    241 +016.0113 -001.5801 -004.9186 +090.2152 +021.3219 -080.9741 0
L1 08    241 +015.8928 -001.6132 -005.5942 -054.2794 -083.6303 +051.2388 0
L1 01    245 +016.1038 +000.1945 +001.3481 -083.8901 +001.4858 +001.9384 0
L1 02    245 +005.5977 +007.1794 +001.7763 -160.4801 -000.3399 +179.0098 0
L1 03    245 +016.2056 -000.5253 -000.8306 -090.1705 +001.9617 +092.1545 0
L1 04    245 +008.3350 +007.5328 +001.7678 -049.8890 -000.4089 +000.3429 0
L1 05    245 +016.1137 -001.6129 -001.8280 -092.5307 +085.2908 +083.7677 0
L1 06    245 +015.9412 -001.6061 -003.7396 -147.8439 +085.5906 +035.2663 0
L1 07    245 +016.0112 -001.5802 -004.9187 +090.2163 +021.3232 -080.9729 0
L1 08    245 +015.8928 -001.6132 -005.5942 -054.2714 -083.6317 +051.2317 0
L1 01    249 +016.1037 +000.1946 +001.3482 -083.8897 +001.4843 +001.9382 0
L1 02    249 +005.5977 +007.1794 +001.7763 -160.4798 -000.3399 +179.0100 0
L1 03    249 +016.2055 -000.5253 -000.8307 -090.1697 +001.9598 +092.1520 0
L1 04    249 +008.3350 +007.5328 +001.7678 -049.8891 -000.4089 +000.3425 0
L1 05    249 +016.1137 -001.6131 -001.8278 -092.5226 +085.2877 +083.7762 0
L1 06    249 +015.9412 -001.6063 -003.7394 -147.7754 +085.5879 +035.3340 0
L1 07    249 +016.0111 -001.5805 -004.9187 +090.2168 +021.3271 -080.9719 0
L1 08    249 +015.8925 -001.6138 -005.5943 -054.2198 -083.6352 +051.1801 0
L1 01    253 +016.1037 +000.1946 +001.3481 -083.8901 +001.4840 +001.9375 0
L1 02    253 +005.5978 +007.1794 +001.7763 -160.4802 -000.3401 +179.0099 0
L1 03    253 +016.2055 -000.5257 -000.8306 -090.1726 +001.9582 +092.1521 0
L1 04    253 +008.3350 +007.5328 +001.7677 -049.8896 -000.4089 +000.3422 0
L1 05    253 +016.1137 -001.6134 -001.8277 -092.5348 +085.2821 +083.7660 0
L1 06    253 +015.9411 -001.6060 -003.7397 -147.7681 +085.5810 +035.3371 0
L1 07    253 +016.0109 -001.5813 -004.9184 +090.2172 +021.3333 -080.9705 0
L1 08    253 +015.8924 -001.6144 -005.5942 -054.1792 -083.6390 +051.1395 0
L1 01    257 +016.1037 +000.1944 +001.3480 -083.8908 +001.4842 +001.9367 0
L1 02    257 +005.5978 +007.1794 +001.7763 -160.4802 -000.3399 +179.0099 0
L1 03    257 +016.2055 -000.5255 -000.8307 -090.1710 +001.9582 +092.1524 0
L1 04    257 +008.3350 +007.5328 +001.7677 -049.8895 -000.4089 +000.3423 0
L1 05    257 +016.1136 -001.6140 -001.8279 -092.5503 +085.2821 +083.7522 0
L1 06    257 +015.9411 -001.6060 -003.7397 -147.7193 +085.5816 +035.3832 0
L1 07    257 +016.0110 -001.5816 -004.9183 +090.2160 +021.3355 -080.9738 0
L1 08    257 +015.8926 -001.6146 -005.5939 -054.1902 -083.6418 +051.1522 0
L1 01    261 +016.1037 +000.1945 +001.3481 -083.8900 +001.4849 +001.9379 0
L1 02    261 +005.5977 +007.1794 +001.7763 -160.4799 -000.3399 +179.0100 0
L1 03    261 +016.2055 -000.5256 -000.8306 -090.1715 +001.9589 +092.1537 0
L1 04    261 +008.3350 +007.5328 +001.7677 -049.8895 -000.4089 +000.3423 0
L1 05    261 +016.1137 -001.6136 -001.8280 -092.5260 +085.2857 +083.7736 0
L1 06    261 +015.9411 -001.6067 -003.7397 -147.7319 +085.5838 +035.3749 0
L1 07    261 +016.0112 -001.5808 -004.9188 +090.2234 +021.3322 -080.9710 0
L1 08    261 +015.8928 -001.6144 -005.5941 -054.2071 -083.6410 +051.1713 0
L1 01    265 +016.1037 +000.1944 +001.3480 -083.8903 +001.4855 +001.9378 0
L1 02    265 +005.5977 +007.1794 +001.7763 -160.4800 -000.3398 +179.0098 0
L1 03    265 +016.2056 -000.5252 -000.8305 -090.1696 +001.9590 +092.1550 0
L1 04    265 +008.3350 +007.5328 +001.7678 -049.8892 -000.4090 +000.3425 0
L1 05    265 +016.1137 -001.6130 -001.8282 -092.5392 +085.2866 +083.7580 0
L1 06    265 +015.9413 -001.6059 -003.7396 -147.7206 +085.5868 +035.3825 0
L1 07    265 +016.0113 -001.5809 -004.9187 +090.2208 +021.3308 -080.9737 0
L1 08    265 +015.8930 -001.6139 -005.5940 -054.2370 -083.6404 +051.2029 0
L1 01    269 +016.1038 +000.1944 +001.3479 -083.8908 +001.4853 +001.9372 0
L1 02    269 +005.5978 +007.1794 +001.7763 -160.4803 -000.3400 +179.0098 0
L1 03    269 +016.2055 -000.5254 -000.8306 -090.1703 +001.9591 +092.1542 0
L1 04    269 +008.3350 +007.5328 +001.7678 -049.8893 -000.4090 +000.3424 0
L1 05    269 +016.1137 -001.6133 -001.8281 -092.5380 +085.2853 +083.7610 0
L1 06    269 +015.9413 -001.6057 -003.7396 -147.7515 +085.5885 +035.3520 0
L1 07    269 +016.0113 -001.5809 -004.9186 +090.2186 +021.3303 -080.9742 0
L1 08    269 +015.8929 -001.6139 -005.5940 -054.2468 -083.6388 +051.2104 0
L1 01    273 +016.1038 +000.1944 +001.3480 -083.8908 +001.4846 +001.9365 0
L1 02    273 +005.5978 +007.1794 +001.7763 -160.4802 -000.3399 +179.0098 0
L1 03    273 +016.2055 -000.5255 -000.8306 -090.1710 +001.9585 +092.1526 0
L1 04    273 +008.3350 +007.5327 +001.7677 -049.8898 -000.4090 +000.3421 0
L1 05    273 +016.1136 -001.6133 -001.8279 -092.5416 +085.2837 +083.7572 0
L1 06    273 +015.9410 -001.6063 -003.7398 -147.7615 +085.5824 +035.3455 0
L1 07    273 +016.0110 -001.5813 -004.9189 +090.2170 +021.3317 -080.9683 0
L1 08    273 +015.8926 -001.6142 -005.5941 -054.2156 -083.6386 +051.1765 0
L1 01    277 +016.1037 +000.1945 +001.3481 -083.8894 +001.4834 +001.9366 0
L1 02    277 +005.5977 +007.1794 +001.7763 -160.4798 -000.3397 +179.0098 0
L1 03    277 +016.2055 -000.5254 -000.8305 -090.1689 +001.9576 +092.1518 0
L1 04    277 +008.3350 +007.5328 +001.7678 -049.8891 -000.4092 +000.3425 0
L1 05    277 +016.1135 -001.6133 -001.8278 -092.5581 +085.2830 +083.7408 0
L1 06    277 +015.9409 -001.6063 -003.7397 -147.7742 +085.5794 +035.3325 0
L1 07    277 +016.0107 -001.5812 -004.9187 +090.2203 +021.3342 -080.9661 0
L1 08    277 +015.8922 -001.6142 -005.5939 -054.1739 -083.6383 +051.1366 0
L1 01    281 +016.1037 +000.1943 +001.3480 -083.8913 +001.4834 +001.9358 0
L1 02    281 +005.5978 +007.1794 +001.7763 -160.4804 -000.3399 +179.0097 0
L1 03    281 +016.2054 -000.5253 -000.8306 -090.1699 +001.9575 +092.1512 0
L1 04    281 +008.3350 +007.5327 +001.7678 -049.8900 -000.4089 +000.3427 0
L1 05    281 +016.1135 -001.6131 -001.8280 -092.5809 +085.2828 +083.7161 0
L1 06    281 +015.9408 -001.6063 -003.7398 -147.7734 +085.5780 +035.3335 0
L1 07    281 +016.0108 -001.5815 -004.9186 +090.2177 +021.3363 -080.9662 0
L1 08    281 +015.8922 -001.6144 -005.5939 -054.1668 -083.6388 +051.1273 0
L1 01    285 +016.1037 +000.1943 +001.3480 -083.8914 +001.4837 +001.9363 0
L1 02    285 +005.5978 +007.1794 +001.7763 -160.4805 -000.3402 +179.0097 0
L1 03    285 +016.2055 -000.5254 -000.8305 -090.1705 +001.9580 +092.1526 0
L1 04    285 +008.3350 +007.5327 +001.7678 -049.8898 -000.4089 +000.3427 0
L1 05    285 +016.1136 -001.6132 -001.8278 -092.5509 +085.2813 +083.7465 0
L1 06    285 +015.9410 -001.6064 -003.7395 -147.7387 +085.5808 +035.3697 0
L1 07    285 +016.0109 -001.5811 -004.9187 +090.2186 +021.3351 -080.9677 0
L1 08    285 +015.8925 -001.6143 -005.5939 -054.1908 -083.6396 +051.1526 0
L1 01    289 +016.1038 +000.1941 +001.3481 -083.8929 +001.4848 +001.9383 0
L1 02    289 +005.5978 +007.1794 +001.7763 -160.4810 -000.3400 +179.0096 0
L1 03    289 +016.2055 -000.5257 -000.8305 -090.1734 +001.9588 +092.1547 0
L1 04    289 +008.3351 +007.5327 +001.7677 -049.8908 -000.4085 +000.3423 0
L1 05    289 +016.1137 -001.6132 -001.8277 -092.5140 +085.2829 +083.7854 0
L1 06    289 +015.9412 -001.6069 -003.7394 -147.7225 +085.5855 +035.3922 0
L1 07    289 +016.0111 -001.5816 -004.9185 +090.2117 +021.3352 -080.9741 0
L1 08    289 +015.8927 -001.6144 -005.5940 -054.2109 -083.6405 +051.1698 0
L1 01    293 +016.1038 +000.1945 +001.3480 -083.8901 +001.4856 +001.9377 0
L1 02    293 +005.5978 +007.1794 +001.7763 -160.4803 -000.3398 +179.0098 0
L1 03    293 +016.2056 -000.5254 -000.8304 -090.1703 +001.9597 +092.1547 0
L1 04    293 +008.3350 +007.5327 +001.7678 -049.8894 -000.4089 +000.3426 0
L1 05    293 +016.1138 -001.6128 -001.8277 -092.5095 +085.2835 +083.7859 0
L1 06    293 +015.9414 -001.6063 -003.7392 -147.7274 +085.5912 +035.3819 0
L1 07    293 +016.0113 -001.5811 -004.9184 +090.2137 +021.3289 -080.9768 0
L1 08    293 +015.8930 -001.6141 -005.5939 -054.2552 -083.6403 +051.2150 0
L1 01    297 +016.1038 +000.1945 +001.3480 -083.8894 +001.4852 +001.9376 0
L1 02    297 +005.5978 +007.1794 +001.7763 -160.4802 -000.3397 +179.0099 0
L1 03    297 +016.2055 -000.5255 -000.8304 -090.1699 +001.9590 +092.1548 0
L1 04    297 +008.3350 +007.5328 +001.7677 -049.8893 -000.4090 +000.3420 0
L1 05    297 +016.1137 -001.6129 -001.8278 -092.5144 +085.2836 +083.7817 0
L1 06    297 +015.9412 -001.6064 -003.7396 -147.7502 +085.5847 +035.3607 0
L1 07    297 +016.0112 -001.5809 -004.9184 +090.2145 +021.3302 -080.9737 0
L1 08    297 +015.8929 -001.6141 -005.5938 -054.2368 -083.6408 +051.1961 0
L1 01    301 +016.1038 +000.1945 +001.3479 -083.8893 +001.4841 +001.9362 0
L1 02    301 +005.5977 +007.1794 +001.7763 -160.4800 -000.3398 +179.0100 0
L1 03    301 +016.2055 -000.5254 -000.8305 -090.1695 +001.9583 +092.1534 0
L1 04    301 +008.3350 +007.5328 +001.7677 -049.8894 -000.4090 +000.3421 0
L1 05    301 +016.1137 -001.6129 -001.8276 -092.5233 +085.2812 +083.7725 0
L1 06    301 +015.9412 -001.6064 -003.7395 -147.7272 +085.5816 +035.3832 0
L1 07    301 +016.0110 -001.5812 -004.9185 +090.2139 +021.3336 -080.9704 0
L1 08    301 +015.8926 -001.6143 -005.5940 -054.2017 -083.6408 +051.1591 0
L1 01    305 +016.1038 +000.1945 +001.3480 -083.8896 +001.4834 +001.9360 0
L1 02    305 +005.5978 +007.1794 +001.7763 -160.4803 -000.3398 +179.0099 0
L1 03    305 +016.2055 -000.5254 -000.8306 -090.1693 +001.9575 +092.1522 0
L1 04    305 +008.3350 +007.5328 +001.7677 -049.8894 -000.4091 +000.3422 0
L1 05    305 +016.1136 -001.6133 -001.8278 -092.5422 +085.2811 +083.7562 0
L1 06    305 +015.9411 -001.6064 -003.7395 -147.7281 +085.5807 +035.3839 0
L1 07    305 +016.0110 -001.5814 -004.9183 +090.2106 +021.3354 -080.9720 0
L1 08    305 +015.8924 -001.6145 -005.5940 -054.1688 -083.6410 +051.1259 0
L1 01    309 +016.1037 +000.1943 +001.3480 -083.8910 +001.4833 +001.9358 0
L1 02    309 +005.5977 +007.1795 +001.7763 -160.4798 -000.3397 +179.0101 0
L1 03    309 +016.2054 -000.5253 -000.8307 -090.1684 +001.9578 +092.1510 0
L1 04    309 +008.3350 +007.5328 +001.7677 -049.8892 -000.4092 +000.3420 0
L1 05    309 +016.1136 -001.6135 -001.8279 -092.5411 +085.2809 +083.7579 0
L1 06    309 +015.9411 -001.6068 -003.7396 -147.7196 +085.5803 +035.3938 0
L1 07    309 +016.0110 -001.5811 -004.9184 +090.2138 +021.3347 -080.9723 0
L1 08    309 +015.8926 -001.6144 -005.5940 -054.1920 -083.6417 +051.1500 0
L1 01    313 +016.1037 +000.1945 +001.3480 -083.8894 +001.4839 +001.9374 0
L1 02    313 +005.5977 +007.1794 +001.7763 -160.4799 -000.3396 +179.0099 0
L1 03    313 +016.2054 -000.5254 -000.8305 -090.1697 +001.9587 +092.1537 0
L1 04    313 +008.3350 +007.5328 +001.7677 -049.8891 -000.4092 +000.3421 0
L1 05    313 +016.1137 -001.6134 -001.8277 -092.5003 +085.2818 +083.7990 0
L1 06    313 +015.9412 -001.6066 -003.7398 -147.7137 +085.5829 +035.3994 0
L1 07    313 +016.0111 -001.5811 -004.9186 +090.2130 +021.3348 -080.9748 0
L1 08    313 +015.8930 -001.6141 -005.5938 -054.2452 -083.6436 +051.2062 0
L1 01    317 +016.1038 +000.1943 +001.3480 -083.8923 +001.4860 +001.9384 0
L1 02    317 +005.5978 +007.1794 +001.7763 -160.4802 -000.3400 +179.0099 0
L1 03    317 +016.2055 -000.5253 -000.8305 -090.1704 +001.9605 +092.1547 0
L1 04    317 +008.3350 +007.5327 +001.7677 -049.8898 -000.4091 +000.3422 0
L1 05    317 +016.1139 -001.6130 -001.8272 -092.4245 +085.2845 +083.8732 0
L1 06    317 +015.9415 -001.6063 -003.7397 -147.7135 +085.5930 +035.3986 0
L1 07    317 +016.0117 -001.5811 -004.9181 +090.2082 +021.3330 -080.9867 0
L1 08    317 +015.8934 -001.6139 -005.5940 -054.3099 -083.6419 +051.2695 0
L1 01    321 +016.1038 +000.1942 +001.3481 -083.8922 +001.4868 +001.9394 0
L1 02    321 +005.5978 +007.1794 +001.7763 -160.4807 -000.3397 +179.0096 0
L1 03    321 +016.2056 -000.5254 -000.8304 -090.1710 +001.9607 +092.1562 0
L1 04    321 +008.3350 +007.5327 +001.7677 -049.8900 -000.4089 +000.3421 0
L1 05    321 +016.1139 -001.6134 -001.8275 -092.4279 +085.2840 +083.8707 0
L1 06    321 +015.9417 -001.6059 -003.7395 -147.7049 +085.5973 +035.4052 0
L1 07    321 +016.0119 -001.5808 -004.9182 +090.2086 +021.3271 -080.9855 0
L1 08    321 +015.8936 -001.6139 -005.5939 -054.3351 -083.6422 +051.2931 0
L1 01    325 +016.1038 +000.1943 +001.3480 -083.8918 +001.4853 +001.9383 0
L1 02    325 +005.5977 +007.1794 +001.7763 -160.4801 -000.3396 +179.0098 0
L1 03    325 +016.2056 -000.5253 -000.8305 -090.1697 +001.9591 +092.1554 0
L1 04    325 +008.3350 +007.5327 +001.7678 -049.8896 -000.4090 +000.3425 0
L1 05    325 +016.1139 -001.6131 -001.8276 -092.4518 +085.2825 +083.8445 0
L1 06    325 +015.9415 -001.6062 -003.7396 -147.7051 +085.5898 +035.4058 0
L1 07    325 +016.0117 -001.5808 -004.9184 +090.2122 +021.3314 -080.9807 0
L1 08    325 +015.8933 -001.6141 -005.5939 -054.2857 -083.6436 +051.2435 0
L1 01    329 +016.1038 +000.1945 +001.3478 -083.8895 +001.4837 +001.9352 0
L1 02    329 +005.5977 +007.1795 +001.7763 -160.4797 -000.3394 +179.0101 0
L1 03    329 +016.2055 -000.5254 -000.8305 -090.1691 +001.9569 +092.1536 0
L1 04    329 +008.3350 +007.5328 +001.7677 -049.8891 -000.4091 +000.3423 0
L1 05    329 +016.1137 -001.6132 -001.8277 -092.5132 +085.2784 +083.7829 0
L1 06    329 +015.9412 -001.6062 -003.7397 -147.6984 +085.5816 +035.4111 0
L1 07    329 +016.0114 -001.5807 -004.9186 +090.2171 +021.3341 -080.9742 0
L1 08    329 +015.8928 -001.6145 -005.5940 -054.1871 -083.6438 +051.1456 0
L1 01    333 +016.1037 +000.1946 +001.3480 -083.8887 +001.4819 +001.9358 0
L1 02    333 +005.5977 +007.1794 +001.7764 -160.4796 -000.3393 +179.0099 0
L1 03    333 +016.2054 -000.5256 -000.8305 -090.1704 +001.9550 +092.1520 0
L1 04    333 +008.3350 +007.5327 +001.7678 -049.8896 -000.4092 +000.3426 0
L1 05    333 +016.1136 -001.6134 -001.8279 -092.5396 +085.2771 +083.7578 0
L1 06    333 +015.9410 -001.6069 -003.7395 -147.6614 +085.5771 +035.4520 0
L1 07    333 +016.0109 -001.5815 -004.9188 +090.2160 +021.3424 -080.9669 0
L1 08    333 +015.8924 -001.6148 -005.5936 -054.1483 -083.6461 +051.1085 0
L1 01    337 +016.1037 +000.1945 +001.3480 -083.8899 +001.4826 +001.9356 0
L1 02    337 +005.5977 +007.1794 +001.7763 -160.4798 -000.3398 +179.0100 0
L1 03    337 +016.2054 -000.5254 -000.8305 -090.1687 +001.9557 +092.1522 0
L1 04    337 +008.3350 +007.5328 +001.7677 -049.8894 -000.4092 +000.3423 0
L1 05    337 +016.1137 -001.6135 -001.8278 -092.5288 +085.2791 +083.7688 0
L1 06    337 +015.9410 -001.6065 -003.7399 -147.7016 +085.5765 +035.4067 0
L1 07    337 +016.0109 -001.5814 -004.9186 +090.2186 +021.3435 -080.9682 0
L1 08    337 +015.8924 -001.6151 -005.5938 -054.1642 -083.6453 +051.1228 0
L1 01    341 +016.1037 +000.1944 +001.3479 -083.8902 +001.4838 +001.9358 0
L1 02    341 +005.5977 +007.1794 +001.7763 -160.4800 -000.3396 +179.0098 0
L1 03    341 +016.2055 -000.5256 -000.8306 -090.1700 +001.9566 +092.1524 0
L1 04    341 +008.3350 +007.5327 +001.7678 -049.8894 -000.4092 +000.3427 0
L1 05    341 +016.1137 -001.6135 -001.8280 -092.5134 +085.2801 +083.7841 0
L1 06    341 +015.9412 -001.6065 -003.7398 -147.6955 +085.5796 +035.4134 0
L1 07    341 +016.0111 -001.5817 -004.9185 +090.2144 +021.3405 -080.9720 0
L1 08    341 +015.8927 -001.6147 -005.5940 -054.1890 -083.6441 +051.1488 0
L1 01    345 +016.1038 +000.1944 +001.3479 -083.8902 +001.4840 +001.9364 0
L1 02    345 +005.5977 +007.1794 +001.7763 -160.4801 -000.3402 +179.0100 0
L1 03    345 +016.2055 -000.5252 -000.8307 -090.1679 +001.9580 +092.1530 0
L1 04    345 +008.3350 +007.5328 +001.7678 -049.8891 -000.4093 +000.3428 0
L1 05    345 +016.1139 -001.6130 -001.8280 -092.4778 +085.2808 +083.8167 0
L1 06    345 +015.9414 -001.6061 -003.7398 -147.7123 +085.5860 +035.3954 0
L1 07    345 +016.0114 -001.5815 -004.9186 +090.2135 +021.3381 -080.9752 0
L1 08    345 +015.8932 -001.6137 -005.5942 -054.2523 -083.6433 +051.2155 0
L1 01    349 +016.1038 +000.1942 +001.3481 -083.8922 +001.4853 +001.9383 0
L1 02    349 +005.5978 +007.1794 +001.7763 -160.4807 -000.3398 +179.0097 0
L1 03    349 +016.2055 -000.5255 -000.8307 -090.1709 +001.9589 +092.1539 0
L1 04    349 +008.3350 +007.5327 +001.7678 -049.8897 -000.4089 +000.3424 0
L1 05    349 +016.1139 -001.6131 -001.8280 -092.4733 +085.2818 +083.8217 0
L1 06    349 +015.9414 -001.6065 -003.7400 -147.7302 +085.5887 +035.3834 0
L1 07    349 +016.0114 -001.5818 -004.9188 +090.2076 +021.3354 -080.9769 0
L1 08    349 +015.8933 -001.6143 -005.5940 -054.2833 -083.6429 +051.2398 0
L1 01    353 +016.1038 +000.1944 +001.3480 -083.8912 +001.4847 +001.9377 0
L1 02    353 +005.5978 +007.1794 +001.7763 -160.4802 -000.3397 +179.0095 0
L1 03    353 +016.2056 -000.5254 -000.8307 -090.1704 +001.9587 +092.1539 0
L1 04    353 +008.3350 +007.5327 +001.7677 -049.8897 -000.4091 +000.3421 0
L1 05    353 +016.1139 -001.6128 -001.8281 -092.4859 +085.2825 +083.8069 0
L1 06    353 +015.9414 -001.6067 -003.7398 -147.7262 +085.5889 +035.3876 0
L1 07    353 +016.0115 -001.5813 -004.9188 +090.2118 +021.3315 -080.9765 0
L1 08    353 +015.8932 -001.6142 -005.5940 -054.2770 -083.6429 +051.2350 0
L1 01    357 +016.1037 +000.1944 +001.3480 -083.8911 +001.4850 +001.9366 0
L1 02    357 +005.5977 +007.1794 +001.7764 -160.4801 -000.3395 +179.0095 0
L1 03    357 +016.2055 -000.5256 -000.8306 -090.1712 +001.9585 +092.1534 0
L1 04    357 +008.3350 +007.5328 +001.7677 -049.8896 -000.4089 +000.3419 0
L1 05    357 +016.1138 -001.6130 -001.8283 -092.5241 +085.2815 +083.7687 0
L1 06    357 +015.9413 -001.6065 -003.7397 -147.7197 +085.5858 +035.3910 0
L1 07    357 +016.0115 -001.5811 -004.9182 +090.2137 +021.3332 -080.9778 0
L1 08    357 +015.8930 -001.6145 -005.5940 -054.2378 -083.6429 +051.1961 0
L1 01    361 +016.1037 +000.1944 +001.3479 -083.8911 +001.4837 +001.9353 0
L1 02    361 +005.5977 +007.1794 +001.7763 -160.4797 -000.3395 +179.0098 0
L1 03    361 +016.2055 -000.5256 -000.8305 -090.1704 +001.9572 +092.1532 0
L1 04    361 +008.3350 +007.5328 +001.7677 -049.8894 -000.4090 +000.3423 0
L1 05    361 +016.1137 -001.6132 -001.8281 -092.5096 +085.2798 +083.7841 0
L1 06    361 +015.9413 -001.6065 -003.7394 -147.6701 +085.5850 +035.4393 0
L1 07    361 +016.0114 -001.5813 -004.9183 +090.2149 +021.3354 -080.9764 0
L1 08    361 +015.8930 -001.6147 -005.5939 -054.2287 -083.6458 +051.1873 0
L1 01    365 +016.1037 +000.1943 +001.3479 -083.8912 +001.4830 +001.9355 0
L1 02    365 +005.5977 +007.1795 +001.7763 -160.4797 -000.3398 +179.0101 0
L1 03    365 +016.2054 -000.5256 -000.8305 -090.1697 +001.9563 +092.1528 0
L1 04    365 +008.3350 +007.5328 +001.7677 -049.8892 -000.4092 +000.3422 0
L1 05    365 +016.1138 -001.6132 -001.8277 -092.4607 +085.2772 +083.8329 0
L1 06    365 +015.9414 -001.6067 -003.7395 -147.6080 +085.5862 +035.5009 0
L1 07    365 +016.0114 -001.5815 -004.9186 +090.2144 +021.3378 -080.9778 0
L1 08    365 +015.8932 -001.6148 -005.5939 -054.2372 -083.6495 +051.1991 0
L1 01    369 +016.1037 +000.1943 +001.3481 -083.8910 +001.4830 +001.9368 0
L1 02    369 +005.5977 +007.1794 +001.7763 -160.4801 -000.3396 +179.0098 0
L1 03    369 +016.2055 -000.5255 -000.8306 -090.1694 +001.9559 +092.1531 0
L1 04    369 +008.3350 +007.5328 +001.7677 -049.8895 -000.4091 +000.3423 0
L1 05    369 +016.1139 -001.6131 -001.8275 -092.3901 +085.2768 +083.9019 0
L1 06    369 +015.9416 -001.6067 -003.7396 -147.5623 +085.5908 +035.5425 0
L1 07    369 +016.0118 -001.5819 -004.9185 +090.2132 +021.3393 -080.9846 0
L1 08    369 +015.8936 -001.6150 -005.5939 -054.2655 -083.6563 +051.2317 0
L1 01    373 +016.1038 +000.1943 +001.3481 -083.8910 +001.4838 +001.9375 0
L1 02    373 +005.5977 +007.1794 +001.7764 -160.4803 -000.3396 +179.0097 0
L1 03    373 +016.2056 -000.5255 -000.8306 -090.1701 +001.9566 +092.1542 0
L1 04    373 +008.3350 +007.5328 +001.7678 -049.8895 -000.4091 +000.3422 0
L1 05    373 +016.1140 -001.6134 -001.8275 -092.3648 +085.2749 +083.9278 0
L1 06    373 +015.9419 -001.6069 -003.7395 -147.5270 +085.5947 +035.5750 0
L1 07    373 +016.0121 -001.5821 -004.9186 +090.2143 +021.3416 -080.9866 0
L1 08    373 +015.8940 -001.6151 -005.5939 -054.2771 -083.6574 +051.2464 0
L1 01    377 +016.1038 +000.1945 +001.3480 -083.8901 +001.4860 +001.9394 0
L1 02    377 +005.5977 +007.1794 +001.7763 -160.4801 -000.3398 +179.0101 0
L1 03    377 +016.2056 -000.5252 -000.8304 -090.1676 +001.9591 +092.1584 0
L1 04    377 +008.3350 +007.5328 +001.7677 -049.8892 -000.4093 +000.3422 0
L1 05    377 +016.1140 -001.6134 -001.8277 -092.3525 +085.2776 +083.9397 0
L1 06    377 +015.9421 -001.6069 -003.7396 -147.5204 +085.5910 +035.5794 0
L1 07    377 +016.0123 -001.5813 -004.9185 +090.2243 +021.3372 -080.9878 0
L1 08    377 +015.8942 -001.6147 -005.5937 -054.2819 -083.6566 +051.2571 0
L1 01    381 +016.1038 +000.1945 +001.3481 -083.8892 +001.4873 +001.9415 0
L1 02    381 +005.5977 +007.1794 +001.7763 -160.4800 -000.3399 +179.0101 0
L1 03    381 +016.2057 -000.5252 -000.8305 -090.1681 +001.9615 +092.1587 0
L1 04    381 +008.3350 +007.5328 +001.7677 -049.8889 -000.4094 +000.3421 0
L1 05    381 +016.1141 -001.6132 -001.8277 -092.3400 +085.2825 +083.9516 0
L1 06    381 +015.9421 -001.6064 -003.7396 -147.5396 +085.5920 +035.5566 0
L1 07    381 +016.0124 -001.5814 -004.9182 +090.2208 +021.3329 -080.9906 0
L1 08    381 +015.8942 -001.6144 -005.5940 -054.2848 -083.6521 +051.2600 0
L1 01    385 +016.1038 +000.1948 +001.3481 -083.8873 +001.4883 +001.9410 0
L1 02    385 +005.5977 +007.1795 +001.7763 -160.4796 -000.3399 +179.0100 0
L1 03    385 +016.2057 -000.5249 -000.8305 -090.1663 +001.9629 +092.1581 0
L1 04    385 +008.3349 +007.5328 +001.7677 -049.8882 -000.4092 +000.3421 0
L1 05    385 +016.1142 -001.6122 -001.8279 -092.3573 +085.2856 +083.9279 0
L1 06    385 +015.9421 -001.6060 -003.7397 -147.6014 +085.5925 +035.4946 0
L1 07    385 +016.0123 -001.5805 -004.9185 +090.2233 +021.3317 -080.9871 0
L1 08    385 +015.8940 -001.6137 -005.5941 -054.2928 -083.6470 +051.2655 0
L1 01    389 +016.1038 +000.1947 +001.3483 -083.8883 +001.4888 +001.9423 0
L1 02    389 +005.5977 +007.1795 +001.7763 -160.4796 -000.3399 +179.0101 0
L1 03    389 +016.2057 -000.5250 -000.8304 -090.1682 +001.9643 +092.1587 0
L1 04    389 +008.3350 +007.5328 +001.7678 -049.8888 -000.4090 +000.3425 0
L1 05    389 +016.1141 -001.6127 -001.8280 -092.3858 +085.2865 +083.9049 0
L1 06    389 +015.9420 -001.6059 -003.7397 -147.6824 +085.5955 +035.4210 0
L1 07    389 +016.0122 -001.5810 -004.9184 +090.2163 +021.3312 -080.9854 0
L1 08    389 +015.8938 -001.6136 -005.5940 -054.3074 -083.6437 +051.2747 0
L1 01    393 +016.1038 +000.1946 +001.3481 -083.8896 +001.4894 +001.9407 0
L1 02    393 +005.5977 +007.1794 +001.7763 -160.4802 -000.3398 +179.0099 0
L1 03    393 +016.2057 -000.5253 -000.8304 -090.1711 +001.9649 +092.1581 0
L1 04    393 +008.3350 +007.5327 +001.7678 -049.8898 -000.4090 +000.3422 0
L1 05    393 +016.1141 -001.6127 -001.8279 -092.4050 +085.2867 +083.8866 0
L1 06    393 +015.9419 -001.6060 -003.7397 -147.7237 +085.5962 +035.3855 0
L1 07    393 +016.0120 -001.5804 -004.9186 +090.2155 +021.3277 -080.9837 0
L1 08    393 +015.8938 -001.6135 -005.5938 -054.3450 -083.6419 +051.3076 0
L1 01    397 +016.1038 +000.1947 +001.3481 -083.8890 +001.4880 +001.9399 0
L1 02    397 +005.5977 +007.1794 +001.7763 -160.4806 -000.3394 +179.0096 0
L1 03    397 +016.2057 -000.5252 -000.8304 -090.1694 +001.9634 +092.1565 0
L1 04    397 +008.3350 +007.5328 +001.7677 -049.8891 -000.4092 +000.3419 0
L1 05    397 +016.1140 -001.6127 -001.8277 -092.4135 +085.2864 +083.8772 0
L1 06    397 +015.9418 -001.6062 -003.7397 -147.7484 +085.5962 +035.3626 0
L1 07    397 +016.0118 -001.5808 -004.9190 +090.2129 +021.3275 -080.9815 0
L1 08    397 +015.8937 -001.6136 -005.5940 -054.3289 -083.6419 +051.2919 0
L1 01    401 +016.1038 +000.1945 +001.3480 -083.8907 +001.4855 +001.9382 0
L1 02    401 +005.5977 +007.1794 +001.7763 -160.4801 -000.3394 +179.0097 0
L1 03    401 +016.2056 -000.5253 -000.8305 -090.1694 +001.9607 +092.1551 0
L1 04    401 +008.3350 +007.5328 +001.7677 -049.8895 -000.4092 +000.3419 0
L1 05    401 +016.1139 -001.6128 -001.8276 -092.4249 +085.2839 +083.8646 0
L1 06    401 +015.9416 -001.6062 -003.7399 -147.7257 +085.5913 +035.3827 0
L1 07    401 +016.0117 -001.5808 -004.9188 +090.2152 +021.3287 -080.9798 0
L1 08    401 +015.8934 -001.6140 -005.5940 -054.2928 -083.6427 +051.2554 0
L1 01    405 +016.1037 +000.1945 +001.3478 -083.8893 +001.4839 +001.9351 0
L1 02    405 +005.5977 +007.1794 +001.7763 -160.4800 -000.3398 +179.0096 0
L1 03    405 +016.2055 -000.5252 -000.8305 -090.1679 +001.9580 +092.1535 0
L1 04    405 +008.3350 +007.5328 +001.7677 -049.8892 -000.4092 +000.3418 0
L1 05    405 +016.1138 -001.6129 -001.8278 -092.4551 +085.2810 +083.8329 0
L1 06    405 +015.9415 -001.6064 -003.7397 -147.7100 +085.5886 +035.3967 0
L1 07    405 +016.0116 -001.5807 -004.9186 +090.2185 +021.3301 -080.9791 0
L1 08    405 +015.8932 -001.6143 -005.5939 -054.2647 -083.6431 +051.2281 0
L1 01    409 +016.1037 +000.1947 +001.3479 -083.8876 +001.4832 +001.9356 0
L1 02    409 +005.5977 +007.1795 +001.7763 -160.4796 -000.3396 +179.0099 0
L1 03    409 +016.2055 -000.5252 -000.8305 -090.1672 +001.9577 +092.1528 0
L1 04    409 +008.3350 +007.5328 +001.7677 -049.8888 -000.4093 +000.3418 0
L1 05    409 +016.1138 -001.6130 -001.8277 -092.4631 +085.2763 +083.8246 0
L1 06    409 +015.9414 -001.6069 -003.7394 -147.6272 +085.5860 +035.4776 0
L1 07    409 +016.0115 -001.5812 -004.9183 +090.2184 +021.3356 -080.9781 0
L1 08    409 +015.8931 -001.6147 -005.5937 -054.2254 -083.6474 +051.1914 0
L1 01    413 +016.1037 +000.1945 +001.3479 -083.8900 +001.4847 +001.9365 0
L1 02    413 +005.5977 +007.1794 +001.7763 -160.4802 -000.3395 +179.0099 0
L1 03    413 +016.2055 -000.5255 -000.8306 -090.1701 +001.9587 +092.1530 0
L1 04    413 +008.3350 +007.5328 +001.7677 -049.8895 -000.4092 +000.3419 0
L1 05    413 +016.1138 -001.6136 -001.8278 -092.4451 +085.2775 +083.8480 0
L1 06    413 +015.9415 -001.6071 -003.7396 -147.6306 +085.5881 +035.4769 0
L1 07    413 +016.0115 -001.5819 -004.9185 +090.2136 +021.3371 -080.9794 0
L1 08    413 +015.8933 -001.6149 -005.5939 -054.2366 -083.6487 +051.2005 0
L1 01    417 +016.1037 +000.1945 +001.3479 -083.8908 +001.4863 +001.9370 0
L1 02    417 +005.5978 +007.1794 +001.7763 -160.4806 -000.3396 +179.0096 0
L1 03    417 +016.2056 -000.5254 -000.8305 -090.1708 +001.9614 +092.1557 0
L1 04    417 +008.3350 +007.5328 +001.7677 -049.8896 -000.4091 +000.3421 0
L1 05    417 +016.1140 -001.6128 -001.8279 -092.4295 +085.2797 +083.8608 0
L1 06    417 +015.9418 -001.6062 -003.7395 -147.6730 +085.5950 +035.4314 0
L1 07    417 +016.0121 -001.5809 -004.9183 +090.2148 +021.3308 -080.9855 0
L1 08    417 +015.8937 -001.6142 -005.5940 -054.3045 -083.6459 +051.2686 0
L1 01    421 +016.1038 +000.1942 +001.3480 -083.8933 +001.4887 +001.9394 0
L1 02    421 +005.5978 +007.1794 +001.7763 -160.4807 -000.3399 +179.0097 0
L1 03    421 +016.2057 -000.5253 -000.8305 -090.1719 +001.9636 +092.1567 0
L1 04    421 +008.3350 +007.5327 +001.7678 -049.8900 -000.4088 +000.3426 0
L1 05    421 +016.1140 -001.6129 -001.8279 -092.4134 +085.2834 +083.8781 0
L1 06    421 +015.9420 -001.6063 -003.7394 -147.6989 +085.6007 +035.4105 0
L1 07    421 +016.0122 -001.5807 -004.9186 +090.2128 +021.3272 -080.9865 0
L1 08    421 +015.8941 -001.6138 -005.5939 -054.3762 -083.6441 +051.3372 0
L1 01    425 +016.1037 +000.1946 +001.3480 -083.8904 +001.4879 +001.9388 0
L1 02    425 +005.5978 +007.1794 +001.7763 -160.4804 -000.3398 +179.0096 0
L1 03    425 +016.2056 -000.5253 -000.8306 -090.1711 +001.9633 +092.1560 0
L1 04    425 +008.3350 +007.5327 +001.7678 -049.8897 -000.4089 +000.3423 0
L1 05    425 +016.1139 -001.6129 -001.8278 -092.4096 +085.2856 +083.8820 0
L1 06    425 +015.9419 -001.6060 -003.7394 -147.7398 +085.6012 +035.3700 0
L1 07    425 +016.0121 -001.5804 -004.9184 +090.2117 +021.3250 -080.9884 0
L1 08    425 +015.8938 -001.6138 -005.5938 -054.3647 -083.6421 +051.3246 0
L1 01    429 +016.1037 +000.1945 +001.3480 -083.8903 +001.4861 +001.9378 0
L1 02    429 +005.5977 +007.1794 +001.7763 -160.4801 -000.3397 +179.0096 0
L1 03    429 +016.2056 -000.5252 -000.8305 -090.1692 +001.9621 +092.1548 0
L1 04    429 +008.3350 +007.5328 +001.7677 -049.8895 -000.4091 +000.3420 0
L1 05    429 +016.1139 -001.6129 -001.8278 -092.4483 +085.2831 +083.8423 0
L1 06    429 +015.9416 -001.6065 -003.7397 -147.7573 +085.5944 +035.3546 0
L1 07    429 +016.0118 -001.5806 -004.9181 +090.2119 +021.3278 -080.9852 0
L1 08    429 +015.8933 -001.6139 -005.5939 -054.3059 -083.6399 +051.2660 0
L1 01    433 +016.1037 +000.1943 +001.3481 -083.8922 +001.4849 +001.9378 0
L1 02    433 +005.5978 +007.1794 +001.7763 -160.4802 -000.3399 +179.0099 0
L1 03    433 +016.2055 -000.5252 -000.8305 -090.1702 +001.9602 +092.1535 0
L1 04    433 +008.3351 +007.5327 +001.7678 -049.8900 -000.4090 +000.3427 0
L1 05    433 +016.1137 -001.6131 -001.8279 -092.4924 +085.2803 +083.8002 0
L1 06    433 +015.9413 -001.6067 -003.7397 -147.7436 +085.5866 +035.3705 0
L1 07    433 +016.0114 -001.5808 -004.9182 +090.2147 +021.3325 -080.9782 0
L1 08    433 +015.8927 -001.6139 -005.5941 -054.2297 -083.6381 +051.1908 0
L1 01    437 +016.1037 +000.1942 +001.3480 -083.8924 +001.4844 +001.9364 0
L1 02    437 +005.5977 +007.1794 +001.7763 -160.4801 -000.3397 +179.0098 0
L1 03    437 +016.2055 -000.5254 -000.8305 -090.1708 +001.9588 +092.1521 0
L1 04    437 +008.3350 +007.5327 +001.7678 -049.8895 -000.4091 +000.3426 0
L1 05    437 +016.1136 -001.6131 -001.8279 -092.5239 +085.2806 +083.7685 0
L1 06    437 +015.9411 -001.6064 -003.7399 -147.7781 +085.5823 +035.3323 0
L1 07    437 +016.0113 -001.5809 -004.9183 +090.2166 +021.3342 -080.9739 0
L1 08    437 +015.8926 -001.6142 -005.5941 -054.2127 -083.6381 +051.1725 0
L1 01    441 +016.1037 +000.1945 +001.3480 -083.8908 +001.4846 +001.9365 0
L1 02    441 +005.5977 +007.1794 +001.7763 -160.4801 -000.3396 +179.0099 0
L1 03    441 +016.2055 -000.5256 -000.8305 -090.1715 +001.9592 +092.1527 0
L1 04    441 +008.3350 +007.5327 +001.7677 -049.8898 -000.4090 +000.3420 0
L1 05    441 +016.1136 -001.6131 -001.8279 -092.4952 +085.2809 +083.7974 0
L1 06    441 +015.9412 -001.6064 -003.7397 -147.7634 +085.5857 +035.3470 0
L1 07    441 +016.0113 -001.5811 -004.9183 +090.2135 +021.3341 -080.9756 0
L1 08    441 +015.8927 -001.6146 -005.5942 -054.2195 -083.6395 +051.1771 0
L1 01    445 +016.1037 +000.1946 +001.3481 -083.8894 +001.4853 +001.9382 0
L1 02    445 +005.5977 +007.1794 +001.7763 -160.4801 -000.3398 +179.0100 0
L1 03    445 +016.2055 -000.5255 -000.8305 -090.1709 +001.9601 +092.1542 0
L1 04    445 +008.3349 +007.5328 +001.7678 -049.8888 -000.4093 +000.3426 0
L1 05    445 +016.1137 -001.6135 -001.8278 -092.4651 +085.2807 +083.8282 0
L1 06    445 +015.9414 -001.6063 -003.7395 -147.7218 +085.5901 +035.3883 0
L1 07    445 +016.0115 -001.5812 -004.9183 +090.2106 +021.3318 -080.9799 0
L1 08    445 +015.8931 -001.6142 -005.5939 -054.2856 -083.6412 +051.2457 0
L1 01    449 +016.1037 +000.1946 +001.3481 -083.8898 +001.4862 +001.9395 0
L1 02    449 +005.5978 +007.1794 +001.7763 -160.4803 -000.3400 +179.0101 0
L1 03    449 +016.2056 -000.5254 -000.8304 -090.1700 +001.9613 +092.1559 0
L1 04    449 +008.3350 +007.5328 +001.7678 -049.8888 -000.4093 +000.3423 0
L1 05    449 +016.1138 -001.6134 -001.8278 -092.4412 +085.2801 +083.8523 0
L1 06    449 +015.9416 -001.6064 -003.7396 -147.7244 +085.5951 +035.3892 0
L1 07    449 +016.0119 -001.5804 -004.9184 +090.2118 +021.3292 -080.9834 0
L1 08    449 +015.8937 -001.6137 -005.5938 -054.3429 -083.6430 +051.3020 0
L1 01    453 +016.1038 +000.1947 +001.3482 -083.8893 +001.4872 +001.9402 0
L1 02    453 +005.5977 +007.1794 +001.7763 -160.4800 -000.3398 +179.0098 0
L1 03    453 +016.2056 -000.5254 -000.8306 -090.1705 +001.9625 +092.1563 0
L1 04    453 +008.3350 +007.5328 +001.7678 -049.8889 -000.4091 +000.3422 0
L1 05    453 +016.1139 -001.6131 -001.8279 -092.4313 +085.2820 +083.8616 0
L1 06    453 +015.9417 -001.6064 -003.7397 -147.7504 +085.5981 +035.3668 0
L1 07    453 +016.0121 -001.5805 -004.9182 +090.2050 +021.3251 -080.9878 0
L1 08    453 +015.8936 -001.6136 -005.5941 -054.3446 -083.6390 +051.3008 0
L1 01    457 +016.1038 +000.1945 +001.3481 -083.8910 +001.4886 +001.9405 0
L1 02    457 +005.5977 +007.1794 +001.7763 -160.4802 -000.3396 +179.0097 0
L1 03    457 +016.2057 -000.5255 -000.8305 -090.1719 +001.9632 +092.1568 0
L1 04    457 +008.3351 +007.5328 +001.7677 -049.8898 -000.4091 +000.3417 0
L1 05    457 +016.1139 -001.6132 -001.8279 -092.4326 +085.2839 +083.8613 0
L1 06    457 +015.9417 -001.6065 -003.7396 -147.7805 +085.5962 +035.3396 0
L1 07    457 +016.0119 -001.5812 -004.9185 +090.2016 +021.3256 -080.9817 0
L1 08    457 +015.8935 -001.6139 -005.5941 -054.3152 -083.6383 +051.2685 0
L1 01    461 +016.1038 +000.1945 +001.3481 -083.8905 +001.4875 +001.9396 0
L1 02    461 +005.5977 +007.1794 +001.7763 -160.4803 -000.3397 +179.0098 0
L1 03    461 +016.2056 -000.5253 -000.8306 -090.1702 +001.9632 +092.1553 0
L1 04    461 +008.3350 +007.5328 +001.7677 -049.8891 -000.4093 +000.3419 0
L1 05    461 +016.1139 -001.6130 -001.8277 -092.4388 +085.2839 +083.8540 0
L1 06    461 +015.9417 -001.6059 -003.7395 -147.7897 +085.5925 +035.3248 0
L1 07    461 +016.0116 -001.5809 -004.9185 +090.2064 +021.3264 -080.9767 0
L1 08    461 +015.8932 -001.6136 -005.5941 -054.2910 -083.6343 +051.2459 0
L1 01    465 +016.1038 +000.1945 +001.3480 -083.8900 +001.4865 +001.9382 0
L1 02    465 +005.5977 +007.1794 +001.7763 -160.4799 -000.3398 +179.0100 0
L1 03    465 +016.2056 -000.5253 -000.8304 -090.1696 +001.9614 +092.1549 0
L1 04    465 +008.3350 +007.5328 +001.7678 -049.8890 -000.4092 +000.3422 0
L1 05    465 +016.1138 -001.6129 -001.8277 -092.4545 +085.2781 +083.8361 0
L1 06    465 +015.9415 -001.6058 -003.7396 -147.7859 +085.5890 +035.3275 0
L1 07    465 +016.0113 -001.5807 -004.9186 +090.2095 +021.3274 -080.9744 0
L1 08    465 +015.8930 -001.6138 -005.5940 -054.2730 -083.6359 +051.2280 0
L1 01    469 +016.1037 +000.1947 +001.3480 -083.8879 +001.4847 +001.9363 0
L1 02    469 +005.5977 +007.1794 +001.7763 -160.4796 -000.3395 +179.0099 0
L1 03    469 +016.2055 -000.5252 -000.8306 -090.1667 +001.9593 +092.1520 0
L1 04    469 +008.3350 +007.5329 +001.7677 -049.8883 -000.4094 +000.3421 0
L1 05    469 +016.1137 -001.6129 -001.8279 -092.4659 +085.2747 +083.8208 0
L1 06    469 +015.9413 -001.6061 -003.7399 -147.7204 +085.5816 +035.3888 0
L1 07    469 +016.0111 -001.5812 -004.9188 +090.2121 +021.3331 -080.9715 0
L1 08    469 +015.8929 -001.6145 -005.5940 -054.2269 -083.6416 +051.1856 0
L1 01    473 +016.1037 +000.1946 +001.3479 -083.8889 +001.4854 +001.9359 0
L1 02    473 +005.5977 +007.1795 +001.7763 -160.4796 -000.3397 +179.0100 0
L1 03    473 +016.2055 -000.5254 -000.8306 -090.1698 +001.9589 +092.1527 0
L1 04    473 +008.3350 +007.5328 +001.7677 -049.8891 -000.4093 +000.3421 0
L1 05    473 +016.1137 -001.6134 -001.8277 -092.4260 +085.2742 +083.8659 0
L1 06    473 +015.9413 -001.6065 -003.7397 -147.6770 +085.5833 +035.4335 0
L1 07    473 +016.0113 -001.5813 -004.9187 +090.2146 +021.3346 -080.9748 0
L1 08    473 +015.8931 -001.6148 -005.5939 -054.2237 -083.6460 +051.1832 0
L1 01    477 +016.1037 +000.1945 +001.3480 -083.8908 +001.4850 +001.9377 0
L1 02    477 +005.5977 +007.1794 +001.7763 -160.4799 -000.3398 +179.0100 0
L1 03    477 +016.2055 -000.5253 -000.8306 -090.1696 +001.9594 +092.1544 0
L1 04    477 +008.3350 +007.5328 +001.7677 -049.8893 -000.4093 +000.3420 0
L1 05    477 +016.1138 -001.6132 -001.8275 -092.4148 +085.2767 +083.8758 0
L1 06    477 +015.9414 -001.6064 -003.7398 -147.6921 +085.5849 +035.4190 0
L1 07    477 +016.0115 -001.5811 -004.9186 +090.2111 +021.3328 -080.9775 0
L1 08    477 +015.8932 -001.6143 -005.5939 -054.2497 -083.6435 +051.2098 0
L1 01    481 +016.1038 +000.1944 +001.3481 -083.8905 +001.4859 +001.9391 0
L1 02    481 +005.5977 +007.1794 +001.7763 -160.4799 -000.3399 +179.0098 0
L1 03    481 +016.2056 -000.5252 -000.8305 -090.1687 +001.9606 +092.1562 0
L1 04    481 +008.3350 +007.5328 +001.7678 -049.8891 -000.4092 +000.3423 0
L1 05    481 +016.1139 -001.6131 -001.8279 -092.4382 +085.2785 +083.8521 0
L1 06    481 +015.9415 -001.6064 -003.7398 -147.7201 +085.5871 +035.3925 0
L1 07    481 +016.0115 -001.5813 -004.9188 +090.2109 +021.3300 -080.9740 0
L1 08    481 +015.8933 -001.6140 -005.5941 -054.2614 -083.6410 +051.2203 0
L1 01    485 +016.1038 +000.1945 +001.3481 -083.8903 +001.4882 +001.9402 0
L1 02    485 +005.5977 +007.1794 +001.7763 -160.4801 -000.3402 +179.0097 0
L1 03    485 +016.2057 -000.5248 -000.8303 -090.1672 +001.9639 +092.1594 0
L1 04    485 +008.3350 +007.5328 +001.7678 -049.8891 -000.4093 +000.3425 0
L1 05    485 +016.1142 -001.6123 -001.8273 -092.3773 +085.2807 +083.9091 0
L1 06    485 +015.9416 -001.6059 -003.7398 -147.7749 +085.5881 +035.3368 0
L1 07    485 +016.0117 -001.5805 -004.9182 +090.2117 +021.3267 -080.9779 0
L1 08    485 +015.8934 -001.6133 -005.5938 -054.2942 -083.6367 +051.2535 0
L1 01    489 +016.1038 +000.1945 +001.3481 -083.8897 +001.4892 +001.9409 0
L1 02    489 +005.5977 +007.1794 +001.7763 -160.4798 -000.3397 +179.0098 0
L1 03    489 +016.2057 -000.5250 -000.8305 -090.1690 +001.9653 +092.1580 0
L1 04    489 +008.3350 +007.5328 +001.7678 -049.8890 -000.4093 +000.3425 0
L1 05    489 +016.1142 -001.6124 -001.8274 -092.3782 +085.2838 +083.9093 0
L1 06    489 +015.9416 -001.6054 -003.7400 -147.8376 +085.5870 +035.2723 0
L1 07    489 +016.0116 -001.5808 -004.9185 +090.2093 +021.3259 -080.9756 0
L1 08    489 +015.8931 -001.6132 -005.5942 -054.2748 -083.6308 +051.2328 0
L1 01    493 +016.1037 +000.1947 +001.3480 -083.8884 +001.4878 +001.9395 0
L1 02    493 +005.5977 +007.1794 +001.7763 -160.4797 -000.3399 +179.0098 0
L1 03    493 +016.2056 -000.5249 -000.8305 -090.1672 +001.9632 +092.1565 0
L1 04    493 +008.3350 +007.5328 +001.7678 -049.8888 -000.4093 +000.3423 0
L1 05    493 +016.1141 -001.6126 -001.8278 -092.4276 +085.2821 +083.8603 0
L1 06    493 +015.9414 -001.6062 -003.7397 -147.7959 +085.5837 +035.3172 0
L1 07    493 +016.0115 -001.5802 -004.9186 +090.2150 +021.3272 -080.9725 0
L1 08    493 +015.8930 -001.6134 -005.5939 -054.2454 -083.6343 +051.2054 0
L1 01    497 +016.1037 +000.1946 +001.3480 -083.8900 +001.4869 +001.9383 0
L1 02    497 +005.5978 +007.1794 +001.7763 -160.4804 -000.3400 +179.0099 0
L1 03    497 +016.2056 -000.5252 -000.8305 -090.1694 +001.9607 +092.1554 0
L1 04    497 +008.3350 +007.5327 +001.7677 -049.8898 -000.4091 +000.3423 0
L1 05    497 +016.1139 -001.6134 -001.8276 -092.4281 +085.2754 +083.8637 0
L1 06    497 +015.9411 -001.6070 -003.7399 -147.7152 +085.5765 +035.3983 0
L1 07    497 +016.0114 -001.5809 -004.9185 +090.2187 +021.3381 -080.9700 0
L1 08    497 +015.8927 -001.6146 -005.5942 -054.1669 -083.6414 +051.1260 0
L1 01    501 +016.1037 +000.1946 +001.3480 -083.8901 +001.4864 +001.9385 0
L1 02    501 +005.5977 +007.1794 +001.7763 -160.4803 -000.3395 +179.0098 0
L1 03    501 +016.2056 -000.5255 -000.8306 -090.1706 +001.9607 +092.1549 0
L1 04    501 +008.3351 +007.5328 +001.7677 -049.8900 -000.4091 +000.3420 0
L1 05    501 +016.1139 -001.6138 -001.8277 -092.4264 +085.2755 +083.8668 0
L1 06    501 +015.9413 -001.6070 -003.7401 -147.6841 +085.5753 +035.4270 0
L1 07    501 +016.0112 -001.5820 -004.9186 +090.2157 +021.3420 -080.9720 0
L1 08    501 +015.8929 -001.6148 -005.5941 -054.1664 -083.6446 +051.1284 0
L1 01    505 +016.1038 +000.1944 +001.3481 -083.8918 +001.4870 +001.9394 0
L1 02    505 +005.5977 +007.1794 +001.7763 -160.4802 -000.3398 +179.0100 0
L1 03    505 +016.2056 -000.5256 -000.8306 -090.1726 +001.9615 +092.1561 0
L1 04    505 +008.3351 +007.5327 +001.7677 -049.8903 -000.4090 +000.3418 0
L1 05    505 +016.1139 -001.6137 -001.8276 -092.4092 +085.2757 +083.8851 0
L1 06    505 +015.9414 -001.6069 -003.7396 -147.6955 +085.5821 +035.4182 0
L1 07    505 +016.0114 -001.5820 -004.9185 +090.2127 +021.3401 -080.9727 0
L1 08    505 +015.8929 -001.6146 -005.5941 -054.1982 -083.6421 +051.1578 0
L1 01    509 +016.1038 +000.1944 +001.3480 -083.8917 +001.4882 +001.9395 0
L1 02    509 +005.5977 +007.1794 +001.7763 -160.4801 -000.3398 +179.0100 0
L1 03    509 +016.2056 -000.5254 -000.8306 -090.1717 +001.9627 +092.1562 0
L1 04    509 +008.3351 +007.5328 +001.7677 -049.8898 -000.4091 +000.3419 0
L1 05    509 +016.1139 -001.6133 -001.8280 -092.4415 +085.2767 +083.8501 0
L1 06    509 +015.9415 -001.6063 -003.7393 -147.7439 +085.5855 +035.3690 0
L1 07    509 +016.0113 -001.5809 -004.9187 +090.2150 +021.3335 -080.9709 0
L1 08    509 +015.8929 -001.6144 -005.5940 -054.2167 -083.6391 +051.1743 0
L1 01    513 +016.1038 +000.1946 +001.3480 -083.8900 +001.4890 +001.9396 0
L1 02    513 +005.5977 +007.1794 +001.7763 -160.4802 -000.3398 +179.0100 0
L1 03    513 +016.2056 -000.5254 -000.8305 -090.1715 +001.9638 +092.1570 0
L1 04    513 +008.3350 +007.5328 +001.7677 -049.8892 -000.4092 +000.3418 0
L1 05    513 +016.1139 -001.6133 -001.8276 -092.4271 +085.2783 +083.8657 0
L1 06    513 +015.9414 -001.6056 -003.7395 -147.7733 +085.5848 +035.3393 0
L1 07    513 +016.0113 -001.5801 -004.9186 +090.2162 +021.3309 -080.9700 0
L1 08    513 +015.8929 -001.6140 -005.5942 -054.2240 -083.6348 +051.1784 0
L1 01    517 +016.1038 +000.1943 +001.3481 -083.8923 +001.4882 +001.9407 0
L1 02    517 +005.5978 +007.1794 +001.7763 -160.4804 -000.3397 +179.0096 0
L1 03    517 +016.2057 -000.5253 -000.8306 -090.1720 +001.9634 +092.1569 0
L1 04    517 +008.3351 +007.5327 +001.7677 -049.8900 -000.4090 +000.3421 0
L1 05    517 +016.1139 -001.6130 -001.8278 -092.4447 +085.2796 +083.8478 0
L1 06    517 +015.9413 -001.6062 -003.7397 -147.8178 +085.5852 +035.3020 0
L1 07    517 +016.0112 -001.5807 -004.9190 +090.2081 +021.3284 -080.9673 0
L1 08    517 +015.8929 -001.6137 -005.5941 -054.2570 -083.6317 +051.2074 0
L1 01    521 +016.1038 +000.1943 +001.3482 -083.8921 +001.4879 +001.9407 0
L1 02    521 +005.5978 +007.1794 +001.7763 -160.4803 -000.3398 +179.0097 0
L1 03    521 +016.2057 -000.5253 -000.8306 -090.1717 +001.9629 +092.1560 0
L1 04    521 +008.3350 +007.5327 +001.7678 -049.8899 -000.4090 +000.3427 0
L1 05    521 +016.1139 -001.6130 -001.8281 -092.4702 +085.2794 +083.8226 0
L1 06    521 +015.9413 -001.6058 -003.7402 -147.8470 +085.5824 +035.2712 0
L1 07    521 +016.0112 -001.5811 -004.9188 +090.2013 +021.3286 -080.9705 0
L1 08    521 +015.8929 -001.6137 -005.5942 -054.2518 -083.6323 +051.2008 0
L1 01    525 +016.1038 +000.1944 +001.3482 -083.8919 +001.4883 +001.9406 0
L1 02    525 +005.5977 +007.1794 +001.7763 -160.4802 -000.3397 +179.0097 0
L1 03    525 +016.2056 -000.5256 -000.8305 -090.1735 +001.9626 +092.1566 0
L1 04    525 +008.3351 +007.5327 +001.7678 -049.8901 -000.4089 +000.3424 0
L1 05    525 +016.1138 -001.6134 -001.8278 -092.4493 +085.2787 +083.8459 0
L1 06    525 +015.9413 -001.6064 -003.7398 -147.7944 +085.5839 +035.3292 0
L1 07    525 +016.0112 -001.5814 -004.9188 +090.2015 +021.3351 -080.9701 0
L1 08    525 +015.8929 -001.6141 -005.5941 -054.2443 -083.6351 +051.1914 0
L1 01    529 +016.1038 +000.1943 +001.3482 -083.8924 +001.4888 +001.9406 0
L1 02    529 +005.5977 +007.1794 +001.7763 -160.4802 -000.3397 +179.0099 0
L1 03    529 +016.2056 -000.5255 -000.8306 -090.1731 +001.9635 +092.1563 0
L1 04    529 +008.3351 +007.5327 +001.7678 -049.8901 -000.4091 +000.3424 0
L1 05    529 +016.1139 -001.6131 -001.8276 -092.4182 +085.2803 +083.8755 0
L1 06    529 +015.9415 -001.6061 -003.7396 -147.7807 +085.5875 +035.3410 0
L1 07    529 +016.0113 -001.5811 -004.9188 +090.2028 +021.3330 -080.9718 0
L1 08    529 +015.8930 -001.6138 -005.5940 -054.2693 -083.6355 +051.2176 0
L1 01    533 +016.1037 +000.1943 +001.3481 -083.8915 +001.4890 +001.9404 0
L1 02    533 +005.5978 +007.1794 +001.7763 -160.4802 -000.3397 +179.0098 0
L1 03    533 +016.2057 -000.5252 -000.8306 -090.1707 +001.9645 +092.1564 0
L1 04    533 +008.3350 +007.5328 +001.7678 -049.8893 -000.4093 +000.3427 0
L1 05    533 +016.1140 -001.6128 -001.8279 -092.4241 +085.2825 +083.8657 0
L1 06    533 +015.9416 -001.6050 -003.7403 -147.8614 +085.5894 +035.2544 0
L1 07    533 +016.0116 -001.5803 -004.9186 +090.2037 +021.3285 -080.9754 0
L1 08    533 +015.8934 -001.6130 -005.5941 -054.3221 -083.6321 +051.2724 0
L1 01    537 +016.1038 +000.1944 +001.3481 -083.8907 +001.4888 +001.9416 0
L1 02    537 +005.5978 +007.1794 +001.7764 -160.4804 -000.3396 +179.0096 0
L1 03    537 +016.2057 -000.5249 -000.8305 -090.1677 +001.9654 +092.1582 0
L1 04    537 +008.3350 +007.5328 +001.7678 -049.8893 -000.4094 +000.3426 0
L1 05    537 +016.1140 -001.6125 -001.8279 -092.4103 +085.2837 +083.8784 0
L1 06    537 +015.9418 -001.6053 -003.7395 -147.8442 +085.5957 +035.2763 0
L1 07    537 +016.0119 -001.5795 -004.9184 +090.2052 +021.3238 -080.9783 0
L1 08    537 +015.8934 -001.6125 -005.5942 -054.3440 -083.6293 +051.2939 0
