L1 01      3 +016.0876 +000.1679 +001.3456 -084.0515 +001.4648 +001.8976 0
L1 02      3 +005.5977 +007.1795 +001.7767 -160.4795 -000.3393 +179.0034 0
L1 03      3 +016.1859 -000.5523 -000.8323 -090.3250 +001.9669 +092.1115 0
L1 04      3 +008.3350 +007.5328 +001.7681 -049.8901 -000.4020 +000.3452 0
L1 05      3 +016.1208 -001.6198 -001.8109 -071.7317 +084.9317 +102.7665 0
L1 06      3 +016.0052 -001.5211 -003.7164 +141.6686 +087.8074 -038.6723 0
L1 07      3 +016.1117 -001.4107 -004.8841 +092.6377 +016.5784 -083.1854 0
L1 08      3 +016.0183 -001.3975 -005.5644 -076.2319 -080.9715 +076.7330 0
L1 01      7 +016.0876 +000.1678 +001.3456 -084.0520 +001.4653 +001.8974 0
L1 02      7 +005.5977 +007.1795 +001.7767 -160.4798 -000.3391 +179.0033 0
L1 03      7 +016.1859 -000.5526 -000.8323 -090.3257 +001.9668 +092.1109 0
L1 04      7 +008.3350 +007.5328 +001.7681 -049.8905 -000.4017 +000.3458 0
L1 05      7 +016.1207 -001.6203 -001.8111 -071.7518 +084.9321 +102.7486 0
L1 06      7 +016.0051 -001.5211 -003.7165 +141.6895 +087.8070 -038.6516 0
L1 07      7 +016.1116 -001.4103 -004.8845 +092.6396 +016.5781 -083.1838 0
L1 08      7 +016.0182 -001.3977 -005.5645 -076.2248 -080.9722 +076.7249 0
L1 01     11 +016.0876 +000.1679 +001.3459 -084.0513 +001.4652 +001.8997 0
L1 02     11 +005.5977 +007.1795 +001.7768 -160.4797 -000.3389 +179.0029 0
L1 03     11 +016.1859 -000.5525 -000.8324 -090.3254 +001.9672 +092.1108 0
L1 04     11 +008.3350 +007.5328 +001.7681 -049.8897 -000.4018 +000.3455 0
L1 05     11 +016.1208 -001.6195 -001.8111 -071.7388 +084.9328 +102.7581 0
L1 06     11 +016.0052 -001.5211 -003.7164 +141.6487 +087.8080 -038.6923 0
L1 07     11 +016.1118 -001.4105 -004.8841 +092.6369 +016.5768 -083.1870 0
L1 08     11 +016.0183 -001.3974 -005.5645 -076.2279 -080.9710 +076.7297 0
L1 01     15 +016.0876 +000.1678 +001.3458 -084.0527 +001.4649 +001.8999 0
L1 02     15 +005.5977 +007.1795 +001.7767 -160.4798 -000.3392 +179.0032 0
L1 03     15 +016.1859 -000.5526 -000.8323 -090.3263 +001.9668 +092.1116 0
L1 04     15 +008.3350 +007.5328 +001.7682 -049.8902 -000.4017 +000.3460 0
L1 05     15 +016.1208 -001.6196 -001.8108 -071.7289 +084.9316 +102.7699 0
L1 06     15 +016.0052 -001.5215 -003.7164 +141.6333 +087.8077 -038.7052 0
L1 07     15 +016.1118 -001.4104 -004.8843 +092.6371 +016.5783 -083.1858 0
L1 08     15 +016.0182 -001.3976 -005.5647 -076.2202 -080.9717 +076.7200 0
L1 01     19 +016.0876 +000.1675 +001.3457 -084.0545 +001.4643 +001.8986 0
L1 02     19 +005.5977 +007.1795 +001.7767 -160.4797 -000.3392 +179.0032 0
L1 03     19 +016.1859 -000.5527 -000.8323 -090.3272 +001.9657 +092.1110 0
L1 04     19 +008.3350 +007.5328 +001.7681 -049.8907 -000.4019 +000.3454 0
L1 05     19 +016.1207 -001.6201 -001.8109 -071.7394 +084.9327 +102.7637 0
L1 06     19 +016.0052 -001.5213 -003.7167 +141.6923 +087.8063 -038.6470 0
L1 07     19 +016.1116 -001.4105 -004.8844 +092.6383 +016.5804 -083.1833 0
L1 08     19 +016.0182 -001.3980 -005.5646 -076.2194 -080.9738 +076.7164 0
L1 01     23 +016.0876 +000.1680 +001.3456 -084.0509 +001.4641 +001.8973 0
L1 02     23 +005.5977 +007.1795 +001.7767 -160.4792 -000.3389 +179.0033 0
L1 03     23 +016.1858 -000.5526 -000.8323 -090.3257 +001.9651 +092.1107 0
L1 04     23 +008.3350 +007.5328 +001.7681 -049.8898 -000.4021 +000.3453 0
L1 05     23 +016.1207 -001.6197 -001.8107 -071.7275 +084.9319 +102.7710 0
L1 06     23 +016.0051 -001.5213 -003.7165 +141.7262 +087.8075 -038.6150 0
L1 07     23 +016.1115 -001.4107 -004.8841 +092.6381 +016.5802 -083.1848 0
L1 08     23 +016.0181 -001.3979 -005.5645 -076.2143 -080.9734 +076.7151 0
L1 01     27 +016.0876 +000.1680 +001.3456 -084.0509 +001.4631 +001.8957 0
L1 02     27 +005.5977 +007.1795 +001.7767 -160.4790 -000.3389 +179.0033 0
L1 03     27 +016.1859 -000.5525 -000.8324 -090.3246 +001.9647 +092.1085 0
L1 04     27 +008.3349 +007.5329 +001.7681 -049.8892 -000.4024 +000.3452 0
L1 05     27 +016.1207 -001.6197 -001.8110 -071.7521 +084.9323 +102.7447 0
L1 06     27 +016.0051 -001.5213 -003.7164 +141.7280 +087.8070 -038.6141 0
L1 07     27 +016.1114 -001.4105 -004.8844 +092.6418 +016.5789 -083.1822 0
L1 08     27 +016.0181 -001.3975 -005.5647 -076.2098 -080.9717 +076.7126 0
L1 01     31 +016.0876 +000.1681 +001.3456 -084.0502 +001.4636 +001.8966 0
L1 02     31 +005.5977 +007.1795 +001.7767 -160.4792 -000.3390 +179.0033 0
L1 03     31 +016.1859 -000.5524 -000.8323 -090.3239 +001.9642 +092.1093 0
L1 04     31 +008.3350 +007.5329 +001.7681 -049.8895 -000.4022 +000.3452 0
L1 05     31 +016.1208 -001.6195 -001.8106 -071.7338 +084.9314 +102.7624 0
L1 06     31 +016.0051 -001.5213 -003.7164 +141.7491 +087.8070 -038.5923 0
L1 07     31 +016.1114 -001.4103 -004.8844 +092.6425 +016.5792 -083.1828 0
L1 08     31 +016.0181 -001.3977 -005.5645 -076.2182 -080.9723 +076.7201 0
L1 01     35 +016.0876 +000.1679 +001.3455 -084.0517 +001.4632 +001.8957 0
L1 02     35 +005.5977 +007.1795 +001.7768 -160.4801 -000.3387 +179.0030 0
L1 03     35 +016.1858 -000.5526 -000.8325 -090.3253 +001.9638 +092.1084 0
L1 04     35 +008.3350 +007.5328 +001.7682 -049.8902 -000.4021 +000.3459 0
L1 05     35 +016.1207 -001.6197 -001.8110 -071.7565 +084.9331 +102.7418 0
L1 06     35 +016.0051 -001.5210 -003.7163 +141.7071 +087.8068 -038.6358 0
L1 07     35 +016.1114 -001.4110 -004.8846 +092.6391 +016.5814 -083.1811 0
L1 08     35 +016.0180 -001.3976 -005.5646 -076.2151 -080.9722 +076.7169 0
L1 01     39 +016.0876 +000.1675 +001.3455 -084.0550 +001.4633 +001.8960 0
L1 02     39 +005.5978 +007.1795 +001.7767 -160.4806 -000.3396 +179.0030 0
L1 03     39 +016.1859 -000.5527 -000.8324 -090.3273 +001.9638 +092.1090 0
L1 04     39 +008.3351 +007.5327 +001.7681 -049.8917 -000.4015 +000.3454 0
L1 05     39 +016.1208 -001.6200 -001.8106 -071.7280 +084.9318 +102.7727 0
L1 06     39 +016.0050 -001.5213 -003.7165 +141.7324 +087.8069 -038.6079 0
L1 07     39 +016.1114 -001.4110 -004.8846 +092.6378 +016.5823 -083.1812 0
L1 08     39 +016.0181 -001.3979 -005.5646 -076.2151 -080.9743 +076.7133 0
L1 01     43 +016.0876 +000.1678 +001.3458 -084.0531 +001.4635 +001.8977 0
L1 02     43 +005.5977 +007.1795 +001.7767 -160.4801 -000.3391 +179.0032 0
L1 03     43 +016.1858 -000.5527 -000.8324 -090.3271 +001.9643 +092.1095 0
L1 04     43 +008.3350 +007.5327 +001.7682 -049.8906 -000.4016 +000.3460 0
L1 05     43 +016.1207 -001.6197 -001.8108 -071.7402 +084.9326 +102.7595 0
L1 06     43 +016.0050 -001.5220 -003.7164 +141.7306 +087.8080 -038.6056 0
L1 07     43 +016.1115 -001.4111 -004.8842 +092.6364 +016.5813 -083.1842 0
L1 08     43 +016.0181 -001.3980 -005.5645 -076.2184 -080.9740 +076.7169 0
L1 01     47 +016.0876 +000.1677 +001.3456 -084.0531 +001.4626 +001.8961 0
L1 02     47 +005.5977 +007.1795 +001.7767 -160.4801 -000.3391 +179.0031 0
L1 03     47 +016.1858 -000.5526 -000.8324 -090.3262 +001.9638 +092.1093 0
L1 04     47 +008.3350 +007.5328 +001.7681 -049.8905 -000.4018 +000.3460 0
L1 05     47 +016.1207 -001.6195 -001.8111 -071.7702 +084.9339 +102.7277 0
L1 06     47 +016.0050 -001.5217 -003.7164 +141.7550 +087.8080 -038.5834 0
L1 07     47 +016.1114 -001.4109 -004.8846 +092.6389 +016.5809 -083.1807 0
L1 08     47 +016.0181 -001.3980 -005.5645 -076.2168 -080.9738 +076.7161 0
L1 01     51 +016.0876 +000.1676 +001.3456 -084.0537 +001.4623 +001.8951 0
L1 02     51 +005.5977 +007.1795 +001.7767 -160.4801 -000.3391 +179.0030 0
L1 03     51 +016.1858 -000.5528 -000.8325 -090.3269 +001.9631 +092.1078 0
L1 04     51 +008.3350 +007.5328 +001.7682 -049.8902 -000.4018 +000.3461 0
L1 05     51 +016.1207 -001.6195 -001.8109 -071.7639 +084.9334 +102.7335 0
L1 06     51 +016.0049 -001.5220 -003.7166 +141.7896 +087.8065 -038.5471 0
L1 07     51 +016.1112 -001.4108 -004.8850 +092.6409 +016.5824 -083.1777 0
L1 08     51 +016.0180 -001.3982 -005.5645 -076.2070 -080.9753 +076.7059 0
L1 01     55 +016.0876 +000.1678 +001.3456 -084.0526 +001.4619 +001.8946 0
L1 02     55 +005.5977 +007.1795 +001.7767 -160.4801 -000.3393 +179.0031 0
L1 03     55 +016.1858 -000.5528 -000.8324 -090.3267 +001.9624 +092.1081 0
L1 04     55 +008.3350 +007.5328 +001.7682 -049.8898 -000.4019 +000.3463 0
L1 05     55 +016.1207 -001.6197 -001.8110 -071.7738 +084.9328 +102.7240 0
L1 06     55 +016.0049 -001.5219 -003.7163 +141.8022 +087.8086 -038.5368 0
L1 07     55 +016.1112 -001.4107 -004.8847 +092.6421 +016.5825 -083.1797 0
L1 08     55 +016.0179 -001.3982 -005.5645 -076.2078 -080.9753 +076.7075 0
L1 01     59 +016.0876 +000.1677 +001.3454 -084.0524 +001.4622 +001.8934 0
L1 02     59 +005.5977 +007.1795 +001.7768 -160.4801 -000.3389 +179.0029 0
L1 03     59 +016.1858 -000.5528 -000.8324 -090.3263 +001.9620 +092.1079 0
L1 04     59 +008.3350 +007.5328 +001.7681 -049.8902 -000.4017 +000.3457 0
L1 05     59 +016.1207 -001.6197 -001.8108 -071.7763 +084.9317 +102.7212 0
L1 06     59 +016.0049 -001.5217 -003.7165 +141.8613 +087.8068 -038.4792 0
L1 07     59 +016.1112 -001.4107 -004.8846 +092.6423 +016.5831 -083.1789 0
L1 08     59 +016.0179 -001.3981 -005.5644 -076.2085 -080.9750 +076.7092 0
L1 01     63 +016.0876 +000.1678 +001.3456 -084.0515 +001.4619 +001.8952 0
L1 02     63 +005.5977 +007.1795 +001.7767 -160.4793 -000.3391 +179.0031 0
L1 03     63 +016.1858 -000.5525 -000.8326 -090.3244 +001.9619 +092.1069 0
L1 04     63 +008.3350 +007.5328 +001.7681 -049.8898 -000.4019 +000.3458 0
L1 05     63 +016.1206 -001.6199 -001.8109 -071.7699 +084.9326 +102.7283 0
L1 06     63 +016.0048 -001.5216 -003.7166 +141.8247 +087.8055 -038.5160 0
L1 07     63 +016.1112 -001.4110 -004.8845 +092.6409 +016.5835 -083.1804 0
L1 08     63 +016.0179 -001.3978 -005.5644 -076.2082 -080.9735 +076.7118 0
L1 01     67 +016.0876 +000.1679 +001.3456 -084.0500 +001.4629 +001.8958 0
L1 02     67 +005.5977 +007.1795 +001.7767 -160.4791 -000.3389 +179.0030 0
L1 03     67 +016.1858 -000.5525 -000.8324 -090.3237 +001.9626 +092.1086 0
L1 04     67 +008.3349 +007.5329 +001.7682 -049.8884 -000.4020 +000.3465 0
L1 05     67 +016.1207 -001.6197 -001.8108 -071.7511 +084.9331 +102.7462 0
L1 06     67 +016.0050 -001.5213 -003.7165 +141.7733 +087.8060 -038.5696 0
L1 07     67 +016.1112 -001.4112 -004.8845 +092.6394 +016.5822 -083.1814 0
L1 08     67 +016.0179 -001.3977 -005.5645 -076.2099 -080.9734 +076.7133 0
L1 01     71 +016.0876 +000.1679 +001.3457 -084.0504 +001.4623 +001.8965 0
L1 02     71 +005.5977 +007.1795 +001.7768 -160.4793 -000.3388 +179.0029 0
L1 03     71 +016.1858 -000.5524 -000.8325 -090.3230 +001.9627 +092.1085 0
L1 04     71 +008.3349 +007.5329 +001.7682 -049.8885 -000.4019 +000.3467 0
L1 05     71 +016.1207 -001.6197 -001.8109 -071.7534 +084.9337 +102.7443 0
L1 06     71 +016.0050 -001.5211 -003.7164 +141.7296 +087.8069 -038.6139 0
L1 07     71 +016.1111 -001.4111 -004.8849 +092.6402 +016.5821 -083.1793 0
L1 08     71 +016.0179 -001.3975 -005.5647 -076.2051 -080.9724 +076.7087 0
L1 01     75 +016.0876 +000.1681 +001.3456 -084.0484 +001.4629 +001.8959 0
L1 02     75 +005.5976 +007.1796 +001.7767 -160.4785 -000.3387 +179.0033 0
L1 03     75 +016.1857 -000.5524 -000.8324 -090.3220 +001.9627 +092.1088 0
L1 04     75 +008.3349 +007.5329 +001.7682 -049.8881 -000.4022 +000.3461 0
L1 05     75 +016.1206 -001.6197 -001.8109 -071.7599 +084.9334 +102.7373 0
L1 06     75 +016.0050 -001.5205 -003.7166 +141.7207 +087.8050 -038.6281 0
L1 07     75 +016.1115 -001.4100 -004.8843 +092.6463 +016.5804 -083.1845 0
L1 08     75 +016.0180 -001.3974 -005.5646 -076.2081 -080.9711 +076.7137 0
L1 01     79 +016.0876 +000.1682 +001.3456 -084.0479 +001.4626 +001.8953 0
L1 02     79 +005.5977 +007.1796 +001.7768 -160.4789 -000.3388 +179.0031 0
L1 03     79 +016.1858 -000.5524 -000.8325 -090.3222 +001.9629 +092.1077 0
L1 04     79 +008.3349 +007.5329 +001.7681 -049.8884 -000.4021 +000.3456 0
L1 05     79 +016.1206 -001.6194 -001.8110 -071.7654 +084.9351 +102.7292 0
L1 06     79 +016.0050 -001.5206 -003.7164 +141.7067 +087.8057 -038.6421 0
L1 07     79 +016.1113 -001.4106 -004.8846 +092.6439 +016.5793 -083.1811 0
L1 08     79 +016.0180 -001.3973 -005.5646 -076.2045 -080.9716 +076.7110 0
L1 01     83 +016.0876 +000.1679 +001.3456 -084.0503 +001.4616 +001.8951 0
L1 02     83 +005.5977 +007.1795 +001.7768 -160.4791 -000.3388 +179.0031 0
L1 03     83 +016.1858 -000.5524 -000.8324 -090.3225 +001.9625 +092.1081 0
L1 04     83 +008.3349 +007.5329 +001.7682 -049.8892 -000.4019 +000.3464 0
L1 05     83 +016.1207 -001.6195 -001.8110 -071.7657 +084.9347 +102.7300 0
L1 06     83 +016.0050 -001.5211 -003.7163 +141.7286 +087.8063 -038.6158 0
L1 07     83 +016.1112 -001.4106 -004.8846 +092.6431 +016.5804 -083.1805 0
L1 08     83 +016.0179 -001.3975 -005.5646 -076.2014 -080.9718 +076.7063 0
L1 01     87 +016.0876 +000.1679 +001.3457 -084.0507 +001.4612 +001.8961 0
L1 02     87 +005.5977 +007.1795 +001.7768 -160.4794 -000.3388 +179.0028 0
L1 03     87 +016.1857 -000.5527 -000.8325 -090.3255 +001.9616 +092.1070 0
L1 04     87 +008.3350 +007.5328 +001.7682 -049.8896 -000.4018 +000.3462 0
L1 05     87 +016.1206 -001.6196 -001.8110 -071.7808 +084.9335 +102.7171 0
L1 06     87 +016.0049 -001.5215 -003.7161 +141.7372 +087.8074 -038.6047 0
L1 07     87 +016.1111 -001.4105 -004.8848 +092.6444 +016.5822 -083.1782 0
L1 08     87 +016.0176 -001.3979 -005.5648 -076.1860 -080.9734 +076.6884 0
L1 01     91 +016.0876 +000.1680 +001.3457 -084.0501 +001.4620 +001.8954 0
L1 02     91 +005.5977 +007.1795 +001.7768 -160.4798 -000.3387 +179.0026 0
L1 03     91 +016.1857 -000.5527 -000.8325 -090.3242 +001.9613 +092.1075 0
L1 04     91 +008.3350 +007.5328 +001.7682 -049.8894 -000.4018 +000.3464 0
L1 05     91 +016.1205 -001.6199 -001.8110 -071.7817 +084.9335 +102.7170 0
L1 06     91 +016.0048 -001.5219 -003.7165 +141.7608 +087.8061 -038.5791 0
L1 07     91 +016.1112 -001.4109 -004.8846 +092.6415 +016.5835 -083.1802 0
L1 08     91 +016.0177 -001.3978 -005.5647 -076.1948 -080.9725 +076.6975 0
L1 01     95 +016.0875 +000.1679 +001.3455 -084.0505 +001.4620 +001.8942 0
L1 02     95 +005.5977 +007.1795 +001.7768 -160.4794 -000.3387 +179.0028 0
L1 03     95 +016.1857 -000.5527 -000.8325 -090.3248 +001.9614 +092.1070 0
L1 04     95 +008.3350 +007.5328 +001.7682 -049.8895 -000.4016 +000.3463 0
L1 05     95 +016.1206 -001.6196 -001.8109 -071.7557 +084.9353 +102.7417 0
L1 06     95 +016.0049 -001.5217 -003.7164 +141.7606 +087.8060 -038.5784 0
L1 07     95 +016.1112 -001.4107 -004.8845 +092.6417 +016.5839 -083.1812 0
L1 08     95 +016.0178 -001.3977 -005.5647 -076.1976 -080.9727 +076.7003 0
L1 01     99 +016.0875 +000.1677 +001.3456 -084.0527 +001.4621 +001.8944 0
L1 02     99 +005.5977 +007.1795 +001.7767 -160.4798 -000.3390 +179.0026 0
L1 03     99 +016.1857 -000.5528 -000.8326 -090.3262 +001.9604 +092.1064 0
L1 04     99 +008.3350 +007.5328 +001.7682 -049.8899 -000.4015 +000.3463 0
L1 05     99 +016.1205 -001.6198 -001.8108 -071.7702 +084.9342 +102.7286 0
L1 06     99 +016.0047 -001.5221 -003.7166 +141.7857 +087.8047 -038.5519 0
L1 07     99 +016.1111 -001.4107 -004.8846 +092.6420 +016.5836 -083.1795 0
L1 08     99 +016.0177 -001.3979 -005.5645 -076.1972 -080.9743 +076.6992 0
L1 01    103 +016.0875 +000.1679 +001.3456 -084.0508 +001.4621 +001.8946 0
L1 02    103 +005.5977 +007.1795 +001.7768 -160.4795 -000.3388 +179.0027 0
L1 03    103 +016.1857 -000.5528 -000.8326 -090.3261 +001.9608 +092.1065 0
L1 04    103 +008.3350 +007.5328 +001.7682 -049.8896 -000.4015 +000.3462 0
L1 05    103 +016.1205 -001.6195 -001.8110 -071.7732 +084.9351 +102.7239 0
L1 06    103 +016.0048 -001.5217 -003.7166 +141.7923 +087.8053 -038.5487 0
L1 07    103 +016.1113 -001.4101 -004.8843 +092.6463 +016.5830 -083.1827 0
L1 08    103 +016.0177 -001.3979 -005.5646 -076.1987 -080.9745 +076.7010 0
L1 01    107 +016.0875 +000.1681 +001.3457 -084.0494 +001.4624 +001.8962 0
L1 02    107 +005.5977 +007.1795 +001.7768 -160.4792 -000.3386 +179.0027 0
L1 03    107 +016.1857 -000.5527 -000.8325 -090.3244 +001.9615 +092.1077 0
L1 04    107 +008.3349 +007.5329 +001.7682 -049.8892 -000.4016 +000.3464 0
L1 05    107 +016.1205 -001.6197 -001.8109 -071.7501 +084.9362 +102.7480 0
L1 06    107 +016.0047 -001.5217 -003.7167 +141.8159 +087.8038 -038.5251 0
L1 07    107 +016.1112 -001.4105 -004.8845 +092.6451 +016.5819 -083.1806 0
L1 08    107 +016.0178 -001.3978 -005.5645 -076.1996 -080.9730 +076.7029 0
L1 01    111 +016.0876 +000.1679 +001.3459 -084.0496 +001.4610 +001.8977 0
L1 02    111 +005.5977 +007.1795 +001.7768 -160.4792 -000.3390 +179.0028 0
L1 03    111 +016.1857 -000.5520 -000.8323 -090.3201 +001.9613 +092.1102 0
L1 04    111 +008.3350 +007.5329 +001.7682 -049.8893 -000.4016 +000.3465 0
L1 05    111 +016.1206 -001.6195 -001.8109 -071.7381 +084.9357 +102.7587 0
L1 06    111 +016.0049 -001.5216 -003.7164 +141.7963 +087.8067 -038.5455 0
L1 07    111 +016.1112 -001.4105 -004.8847 +092.6457 +016.5835 -083.1797 0
L1 08    111 +016.0179 -001.3976 -005.5646 -076.2035 -080.9728 +076.7087 0
L1 01    115 +016.0876 +000.1676 +001.3457 -084.0517 +001.4612 +001.8967 0
L1 02    115 +005.5977 +007.1795 +001.7768 -160.4794 -000.3390 +179.0027 0
L1 03    115 +016.1858 -000.5523 -000.8324 -090.3227 +001.9611 +092.1084 0
L1 04    115 +008.3350 +007.5328 +001.7682 -049.8901 -000.4013 +000.3464 0
L1 05    115 +016.1206 -001.6198 -001.8111 -071.7656 +084.9364 +102.7331 0
L1 06    115 +016.0050 -001.5216 -003.7161 +141.7480 +087.8080 -038.5930 0
L1 07    115 +016.1113 -001.4104 -004.8846 +092.6446 +016.5836 -083.1804 0
L1 08    115 +016.0178 -001.3978 -005.5646 -076.2040 -080.9722 +076.7071 0
L1 01    119 +016.0876 +000.1677 +001.3455 -084.0515 +001.4611 +001.8948 0
L1 02    119 +005.5977 +007.1795 +001.7767 -160.4797 -000.3391 +179.0027 0
L1 03    119 +016.1858 -000.5523 -000.8327 -090.3219 +001.9613 +092.1073 0
L1 04    119 +008.3349 +007.5328 +001.7682 -049.8894 -000.4016 +000.3467 0
L1 05    119 +016.1206 -001.6196 -001.8110 -071.7551 +084.9362 +102.7428 0
L1 06    119 +016.0051 -001.5214 -003.7161 +141.7207 +087.8072 -038.6216 0
L1 07    119 +016.1115 -001.4101 -004.8843 +092.6454 +016.5817 -083.1839 0
L1 08    119 +016.0179 -001.3978 -005.5646 -076.2074 -080.9729 +076.7103 0
L1 01    123 +016.0876 +000.1677 +001.3455 -084.0509 +001.4615 +001.8948 0
L1 02    123 +005.5977 +007.1795 +001.7767 -160.4800 -000.3389 +179.0029 0
L1 03    123 +016.1858 -000.5523 -000.8324 -090.3218 +001.9617 +092.1085 0
L1 04    123 +008.3350 +007.5328 +001.7682 -049.8893 -000.4015 +000.3468 0
L1 05    123 +016.1206 -001.6196 -001.8108 -071.7469 +084.9350 +102.7504 0
L1 06    123 +016.0050 -001.5215 -003.7162 +141.7456 +087.8072 -038.5967 0
L1 07    123 +016.1113 -001.4106 -004.8847 +092.6443 +016.5828 -083.1808 0
L1 08    123 +016.0179 -001.3976 -005.5646 -076.2068 -080.9720 +076.7106 0
L1 01    127 +016.0876 +000.1677 +001.3457 -084.0515 +001.4608 +001.8948 0
L1 02    127 +005.5977 +007.1795 +001.7768 -160.4804 -000.3388 +179.0027 0
L1 03    127 +016.1857 -000.5526 -000.8326 -090.3242 +001.9599 +092.1063 0
L1 04    127 +008.3350 +007.5328 +001.7682 -049.8897 -000.4016 +000.3464 0
L1 05    127 +016.1205 -001.6198 -001.8108 -071.7732 +084.9355 +102.7251 0
L1 06    127 +016.0048 -001.5217 -003.7165 +141.8443 +087.8051 -038.4975 0
L1 07    127 +016.1111 -001.4108 -004.8845 +092.6436 +016.5844 -083.1801 0
L1 08    127 +016.0176 -001.3979 -005.5648 -076.1814 -080.9733 +076.6837 0
L1 01    131 +016.0876 +000.1678 +001.3456 -084.0514 +001.4609 +001.8946 0
L1 02    131 +005.5977 +007.1795 +001.7767 -160.4797 -000.3391 +179.0030 0
L1 03    131 +016.1857 -000.5527 -000.8325 -090.3243 +001.9596 +092.1070 0
L1 04    131 +008.3350 +007.5328 +001.7681 -049.8900 -000.4017 +000.3460 0
L1 05    131 +016.1205 -001.6201 -001.8109 -071.7778 +084.9353 +102.7227 0
L1 06    131 +016.0048 -001.5218 -003.7166 +141.8582 +087.8053 -038.4829 0
L1 07    131 +016.1111 -001.4109 -004.8846 +092.6438 +016.5853 -083.1793 0
L1 08    131 +016.0177 -001.3980 -005.5646 -076.1904 -080.9746 +076.6928 0
L1 01    135 +016.0876 +000.1676 +001.3457 -084.0530 +001.4614 +001.8961 0
L1 02    135 +005.5978 +007.1795 +001.7767 -160.4806 -000.3392 +179.0028 0
L1 03    135 +016.1857 -000.5528 -000.8325 -090.3267 +001.9600 +092.1076 0
L1 04    135 +008.3350 +007.5328 +001.7681 -049.8905 -000.4014 +000.3461 0
L1 05    135 +016.1206 -001.6203 -001.8107 -071.7656 +084.9335 +102.7380 0
L1 06    135 +016.0048 -001.5219 -003.7166 +141.8650 +087.8054 -038.4738 0
L1 07    135 +016.1112 -001.4110 -004.8842 +092.6409 +016.5858 -083.1813 0
L1 08    135 +016.0177 -001.3983 -005.5646 -076.1897 -080.9750 +076.6900 0
L1 01    139 +016.0876 +000.1678 +001.3457 -084.0517 +001.4620 +001.8957 0
L1 02    139 +005.5977 +007.1795 +001.7767 -160.4800 -000.3390 +179.0028 0
L1 03    139 +016.1857 -000.5532 -000.8324 -090.3279 +001.9599 +092.1075 0
L1 04    139 +008.3350 +007.5328 +001.7682 -049.8905 -000.4014 +000.3463 0
L1 05    139 +016.1205 -001.6204 -001.8108 -071.7682 +084.9351 +102.7356 0
L1 06    139 +016.0047 -001.5224 -003.7165 +141.8469 +087.8058 -038.4895 0
L1 07    139 +016.1111 -001.4112 -004.8845 +092.6410 +016.5871 -083.1803 0
L1 08    139 +016.0177 -001.3988 -005.5646 -076.1923 -080.9768 +076.6904 0
L1 01    143 +016.0876 +000.1678 +001.3457 -084.0512 +001.4612 +001.8951 0
L1 02    143 +005.5977 +007.1795 +001.7767 -160.4801 -000.3388 +179.0025 0
L1 03    143 +016.1857 -000.5528 -000.8325 -090.3254 +001.9595 +092.1074 0
L1 04    143 +008.3350 +007.5328 +001.7682 -049.8901 -000.4013 +000.3465 0
L1 05    143 +016.1204 -001.6204 -001.8109 -071.7904 +084.9352 +102.7134 0
L1 06    143 +016.0047 -001.5218 -003.7164 +141.7981 +087.8065 -038.5418 0
L1 07    143 +016.1111 -001.4110 -004.8845 +092.6420 +016.5856 -083.1800 0
L1 08    143 +016.0177 -001.3981 -005.5645 -076.1959 -080.9743 +076.6974 0
L1 01    147 +016.0875 +000.1679 +001.3456 -084.0508 +001.4616 +001.8946 0
L1 02    147 +005.5977 +007.1795 +001.7767 -160.4801 -000.3386 +179.0027 0
L1 03    147 +016.1857 -000.5529 -000.8325 -090.3256 +001.9593 +092.1071 0
L1 04    147 +008.3350 +007.5328 +001.7682 -049.8899 -000.4014 +000.3463 0
L1 05    147 +016.1205 -001.6201 -001.8111 -071.7947 +084.9350 +102.7057 0
L1 06    147 +016.0048 -001.5213 -003.7164 +141.7864 +087.8057 -038.5557 0
L1 07    147 +016.1112 -001.4111 -004.8845 +092.6422 +016.5857 -083.1809 0
L1 08    147 +016.0177 -001.3981 -005.5645 -076.1954 -080.9745 +076.6974 0
L1 01    151 +016.0876 +000.1680 +001.3457 -084.0506 +001.4614 +001.8951 0
L1 02    151 +005.5977 +007.1795 +001.7767 -160.4800 -000.3387 +179.0028 0
L1 03    151 +016.1857 -000.5529 -000.8324 -090.3259 +001.9591 +092.1073 0
L1 04    151 +008.3350 +007.5328 +001.7682 -049.8900 -000.4015 +000.3465 0
L1 05    151 +016.1205 -001.6200 -001.8110 -071.7881 +084.9346 +102.7126 0
L1 06    151 +016.0048 -001.5214 -003.7164 +141.7838 +087.8055 -038.5592 0
L1 07    151 +016.1110 -001.4112 -004.8846 +092.6412 +016.5854 -083.1795 0
L1 08    151 +016.0176 -001.3982 -005.5647 -076.1855 -080.9745 +076.6868 0
L1 01    155 +016.0876 +000.1677 +001.3455 -084.0520 +001.4602 +001.8925 0
L1 02    155 +005.5977 +007.1795 +001.7767 -160.4796 -000.3387 +179.0028 0
L1 03    155 +016.1857 -000.5528 -000.8325 -090.3250 +001.9585 +092.1057 0
L1 04    155 +008.3350 +007.5328 +001.7682 -049.8897 -000.4017 +000.3463 0
L1 05    155 +016.1205 -001.6198 -001.8110 -071.7949 +084.9360 +102.7033 0
L1 06    155 +016.0048 -001.5213 -003.7163 +141.8059 +087.8062 -038.5386 0
L1 07    155 +016.1111 -001.4110 -004.8846 +092.6443 +016.5865 -083.1786 0
L1 08    155 +016.0176 -001.3982 -005.5647 -076.1819 -080.9748 +076.6843 0
L1 01    159 +016.0876 +000.1678 +001.3455 -084.0498 +001.4597 +001.8918 0
L1 02    159 +005.5977 +007.1795 +001.7767 -160.4793 -000.3387 +179.0031 0
L1 03    159 +016.1857 -000.5527 -000.8324 -090.3233 +001.9583 +092.1066 0
L1 04    159 +008.3349 +007.5329 +001.7682 -049.8890 -000.4021 +000.3462 0
L1 05    159 +016.1205 -001.6198 -001.8109 -071.8018 +084.9342 +102.6948 0
L1 06    159 +016.0047 -001.5213 -003.7166 +141.8348 +087.8039 -038.5105 0
L1 07    159 +016.1110 -001.4110 -004.8846 +092.6454 +016.5860 -083.1786 0
L1 08    159 +016.0175 -001.3982 -005.5647 -076.1805 -080.9744 +076.6834 0
L1 01    163 +016.0876 +000.1679 +001.3455 -084.0500 +001.4590 +001.8916 0
L1 02    163 +005.5977 +007.1795 +001.7768 -160.4795 -000.3387 +179.0028 0
L1 03    163 +016.1857 -000.5525 -000.8326 -090.3224 +001.9575 +092.1052 0
L1 04    163 +008.3349 +007.5328 +001.7682 -049.8894 -000.4019 +000.3463 0
L1 05    163 +016.1205 -001.6199 -001.8109 -071.7973 +084.9336 +102.7007 0
L1 06    163 +016.0047 -001.5214 -003.7167 +141.8334 +087.8032 -038.5113 0
L1 07    163 +016.1110 -001.4105 -004.8847 +092.6475 +016.5855 -083.1780 0
L1 08    163 +016.0175 -001.3980 -005.5647 -076.1787 -080.9744 +076.6824 0
L1 01    167 +016.0875 +000.1680 +001.3453 -084.0501 +001.4598 +001.8907 0
L1 02    167 +005.5977 +007.1795 +001.7768 -160.4798 -000.3387 +179.0027 0
L1 03    167 +016.1856 -000.5527 -000.8326 -090.3243 +001.9578 +092.1047 0
L1 04    167 +008.3350 +007.5328 +001.7682 -049.8896 -000.4018 +000.3463 0
L1 05    167 +016.1204 -001.6198 -001.8112 -071.8160 +084.9354 +102.6817 0
L1 06    167 +016.0046 -001.5216 -003.7167 +141.8516 +087.8038 -038.4918 0
L1 07    167 +016.1110 -001.4107 -004.8847 +092.6463 +016.5869 -083.1773 0
L1 08    167 +016.0175 -001.3982 -005.5647 -076.1784 -080.9752 +076.6808 0
L1 01    171 +016.0875 +000.1679 +001.3454 -084.0506 +001.4601 +001.8908 0
L1 02    171 +005.5977 +007.1795 +001.7767 -160.4799 -000.3388 +179.0027 0
L1 03    171 +016.1856 -000.5527 -000.8326 -090.3240 +001.9577 +092.1043 0
L1 04    171 +008.3350 +007.5328 +001.7682 -049.8899 -000.4018 +000.3463 0
L1 05    171 +016.1204 -001.6198 -001.8109 -071.8035 +084.9346 +102.6942 0
L1 06    171 +016.0046 -001.5222 -003.7163 +141.8687 +087.8056 -038.4718 0
L1 07    171 +016.1109 -001.4111 -004.8845 +092.6442 +016.5881 -083.1788 0
L1 08    171 +016.0174 -001.3983 -005.5647 -076.1756 -080.9752 +076.6773 0
L1 01    175 +016.0875 +000.1678 +001.3454 -084.0508 +001.4592 +001.8906 0
L1 02    175 +005.5977 +007.1795 +001.7768 -160.4798 -000.3386 +179.0029 0
L1 03    175 +016.1856 -000.5526 -000.8326 -090.3229 +001.9569 +092.1040 0
L1 04    175 +008.3350 +007.5328 +001.7681 -049.8897 -000.4020 +000.3459 0
L1 05    175 +016.1204 -001.6194 -001.8110 -071.8124 +084.9344 +102.6823 0
L1 06    175 +016.0046 -001.5220 -003.7163 +141.8711 +087.8061 -038.4706 0
L1 07    175 +016.1110 -001.4113 -004.8842 +092.6428 +016.5882 -083.1798 0
L1 08    175 +016.0174 -001.3982 -005.5647 -076.1726 -080.9748 +076.6755 0
L1 01    179 +016.0875 +000.1676 +001.3455 -084.0530 +001.4578 +001.8904 0
L1 02    179 +005.5977 +007.1795 +001.7767 -160.4801 -000.3390 +179.0028 0
L1 03    179 +016.1855 -000.5526 -000.8326 -090.3237 +001.9556 +092.1027 0
L1 04    179 +008.3350 +007.5328 +001.7681 -049.8900 -000.4020 +000.3460 0
L1 05    179 +016.1204 -001.6199 -001.8110 -071.8230 +084.9336 +102.6745 0
L1 06    179 +016.0046 -001.5220 -003.7163 +141.8938 +087.8060 -038.4475 0
L1 07    179 +016.1109 -001.4111 -004.8844 +092.6446 +016.5883 -083.1773 0
L1 08    179 +016.0174 -001.3982 -005.5646 -076.1710 -080.9755 +076.6742 0
L1 01    183 +016.0875 +000.1674 +001.3456 -084.0533 +001.4577 +001.8922 0
L1 02    183 +005.5977 +007.1795 +001.7767 -160.4802 -000.3393 +179.0032 0
L1 03    183 +016.1855 -000.5527 -000.8325 -090.3247 +001.9558 +092.1039 0
L1 04    183 +008.3350 +007.5327 +001.7681 -049.8905 -000.4019 +000.3460 0
L1 05    183 +016.1203 -001.6199 -001.8110 -071.8282 +084.9331 +102.6702 0
L1 06    183 +016.0044 -001.5220 -003.7165 +141.9317 +087.8050 -038.4094 0
L1 07    183 +016.1108 -001.4111 -004.8846 +092.6447 +016.5893 -083.1757 0
L1 08    183 +016.0172 -001.3984 -005.5646 -076.1677 -080.9760 +076.6700 0
L1 01    187 +016.0875 +000.1678 +001.3455 -084.0511 +001.4586 +001.8908 0
L1 02    187 +005.5977 +007.1795 +001.7767 -160.4799 -000.3388 +179.0032 0
L1 03    187 +016.1855 -000.5529 -000.8325 -090.3250 +001.9558 +092.1040 0
L1 04    187 +008.3350 +007.5328 +001.7681 -049.8899 -000.4019 +000.3457 0
L1 05    187 +016.1204 -001.6198 -001.8107 -071.8001 +084.9332 +102.6974 0
L1 06    187 +016.0046 -001.5217 -003.7160 +141.8710 +087.8073 -038.4727 0
L1 07    187 +016.1107 -001.4112 -004.8846 +092.6447 +016.5901 -083.1758 0
L1 08    187 +016.0173 -001.3984 -005.5646 -076.1687 -080.9762 +076.6714 0
L1 01    191 +016.0875 +000.1678 +001.3453 -084.0512 +001.4595 +001.8894 0
L1 02    191 +005.5977 +007.1795 +001.7767 -160.4803 -000.3389 +179.0031 0
L1 03    191 +016.1855 -000.5529 -000.8327 -090.3248 +001.9559 +092.1024 0
L1 04    191 +008.3350 +007.5328 +001.7681 -049.8898 -000.4019 +000.3458 0
L1 05    191 +016.1204 -001.6197 -001.8110 -071.8181 +084.9349 +102.6785 0
L1 06    191 +016.0045 -001.5220 -003.7162 +141.8497 +087.8057 -038.4920 0
L1 07    191 +016.1107 -001.4111 -004.8846 +092.6456 +016.5885 -083.1764 0
L1 08    191 +016.0173 -001.3984 -005.5646 -076.1705 -080.9758 +076.6733 0
L1 01    195 +016.0875 +000.1675 +001.3455 -084.0529 +001.4588 +001.8909 0
L1 02    195 +005.5977 +007.1795 +001.7767 -160.4802 -000.3390 +179.0031 0
L1 03    195 +016.1855 -000.5529 -000.8325 -090.3252 +001.9552 +092.1036 0
L1 04    195 +008.3350 +007.5328 +001.7682 -049.8902 -000.4018 +000.3462 0
L1 05    195 +016.1203 -001.6196 -001.8109 -071.8063 +084.9353 +102.6907 0
L1 06    195 +016.0045 -001.5219 -003.7163 +141.8645 +087.8056 -038.4767 0
L1 07    195 +016.1108 -001.4115 -004.8842 +092.6422 +016.5901 -083.1787 0
L1 08    195 +016.0173 -001.3983 -005.5646 -076.1670 -080.9758 +076.6693 0
L1 01    199 +016.0875 +000.1677 +001.3456 -084.0515 +001.4590 +001.8914 0
L1 02    199 +005.5977 +007.1795 +001.7767 -160.4799 -000.3389 +179.0032 0
L1 03    199 +016.1855 -000.5530 -000.8325 -090.3257 +001.9554 +092.1041 0
L1 04    199 +008.3350 +007.5328 +001.7682 -049.8900 -000.4018 +000.3461 0
L1 05    199 +016.1202 -001.6205 -001.8108 -071.8109 +084.9339 +102.6901 0
L1 06    199 +016.0045 -001.5219 -003.7162 +141.8762 +087.8048 -038.4655 0
L1 07    199 +016.1109 -001.4109 -004.8844 +092.6468 +016.5909 -083.1771 0
L1 08    199 +016.0172 -001.3984 -005.5647 -076.1645 -080.9757 +076.6665 0
L1 01    203 +016.0875 +000.1678 +001.3456 -084.0507 +001.4590 +001.8920 0
L1 02    203 +005.5977 +007.1795 +001.7767 -160.4801 -000.3389 +179.0031 0
L1 03    203 +016.1855 -000.5528 -000.8324 -090.3246 +001.9556 +092.1047 0
L1 04    203 +008.3350 +007.5328 +001.7681 -049.8896 -000.4019 +000.3459 0
L1 05    203 +016.1204 -001.6200 -001.8111 -071.8161 +084.9361 +102.6829 0
L1 06    203 +016.0046 -001.5220 -003.7162 +141.8873 +087.8060 -038.4544 0
L1 07    203 +016.1108 -001.4114 -004.8844 +092.6443 +016.5908 -083.1776 0
L1 08    203 +016.0173 -001.3984 -005.5646 -076.1691 -080.9761 +076.6717 0
L1 01    207 +016.0875 +000.1679 +001.3458 -084.0513 +001.4587 +001.8928 0
L1 02    207 +005.5977 +007.1795 +001.7767 -160.4803 -000.3388 +179.0031 0
L1 03    207 +016.1855 -000.5530 -000.8325 -090.3260 +001.9553 +092.1042 0
L1 04    207 +008.3350 +007.5328 +001.7681 -049.8902 -000.4019 +000.3460 0
L1 05    207 +016.1203 -001.6202 -001.8108 -071.8026 +084.9356 +102.6980 0
L1 06    207 +016.0045 -001.5222 -003.7162 +141.8940 +087.8070 -038.4459 0
L1 07    207 +016.1109 -001.4115 -004.8844 +092.6429 +016.5911 -083.1783 0
L1 08    207 +016.0173 -001.3985 -005.5647 -076.1647 -080.9767 +076.6663 0
L1 01    211 +016.0875 +000.1678 +001.3456 -084.0518 +001.4593 +001.8916 0
L1 02    211 +005.5977 +007.1795 +001.7767 -160.4805 -000.3390 +179.0031 0
L1 03    211 +016.1856 -000.5529 -000.8325 -090.3255 +001.9554 +092.1042 0
L1 04    211 +008.3350 +007.5328 +001.7681 -049.8903 -000.4020 +000.3457 0
L1 05    211 +016.1203 -001.6202 -001.8110 -071.8144 +084.9359 +102.6859 0
L1 06    211 +016.0045 -001.5222 -003.7162 +141.8813 +087.8063 -038.4584 0
L1 07    211 +016.1109 -001.4119 -004.8843 +092.6408 +016.5900 -083.1790 0
L1 08    211 +016.0174 -001.3985 -005.5645 -076.1740 -080.9766 +076.6754 0
L1 01    215 +016.0875 +000.1675 +001.3456 -084.0527 +001.4585 +001.8893 0
L1 02    215 +005.5978 +007.1795 +001.7767 -160.4802 -000.3391 +179.0034 0
L1 03    215 +016.1856 -000.5527 -000.8327 -090.3236 +001.9560 +092.1028 0
L1 04    215 +008.3350 +007.5328 +001.7680 -049.8898 -000.4022 +000.3453 0
L1 05    215 +016.1204 -001.6202 -001.8111 -071.8277 +084.9355 +102.6714 0
L1 06    215 +016.0045 -001.5219 -003.7165 +141.8766 +087.8033 -038.4651 0
L1 07    215 +016.1108 -001.4112 -004.8846 +092.6453 +016.5889 -083.1772 0
L1 08    215 +016.0174 -001.3986 -005.5645 -076.1770 -080.9765 +076.6788 0
L1 01    219 +016.0875 +000.1677 +001.3455 -084.0511 +001.4577 +001.8892 0
L1 02    219 +005.5977 +007.1795 +001.7767 -160.4797 -000.3389 +179.0034 0
L1 03    219 +016.1856 -000.5527 -000.8326 -090.3219 +001.9549 +092.1027 0
L1 04    219 +008.3349 +007.5329 +001.7681 -049.8886 -000.4024 +000.3451 0
L1 05    219 +016.1203 -001.6199 -001.8113 -071.8460 +084.9363 +102.6506 0
L1 06    219 +016.0045 -001.5218 -003.7163 +141.8849 +087.8046 -038.4596 0
L1 07    219 +016.1109 -001.4109 -004.8845 +092.6469 +016.5886 -083.1784 0
L1 08    219 +016.0173 -001.3979 -005.5647 -076.1602 -080.9742 +076.6668 0
L1 01    223 +016.0875 +000.1675 +001.3452 -084.0518 +001.4579 +001.8869 0
L1 02    223 +005.5976 +007.1796 +001.7767 -160.4782 -000.3389 +179.0036 0
L1 03    223 +016.1856 -000.5526 -000.8325 -090.3217 +001.9547 +092.1029 0
L1 04    223 +008.3349 +007.5329 +001.7681 -049.8883 -000.4024 +000.3452 0
L1 05    223 +016.1203 -001.6197 -001.8111 -071.8286 +084.9358 +102.6668 0
L1 06    223 +016.0045 -001.5215 -003.7164 +141.9034 +087.8033 -038.4431 0
L1 07    223 +016.1107 -001.4111 -004.8848 +092.6482 +016.5882 -083.1755 0
L1 08    223 +016.0172 -001.3980 -005.5647 -076.1592 -080.9750 +076.6650 0
L1 01    227 +016.0875 +000.1676 +001.3453 -084.0520 +001.4586 +001.8876 0
L1 02    227 +005.5977 +007.1795 +001.7768 -160.4788 -000.3385 +179.0029 0
L1 03    227 +016.1856 -000.5527 -000.8327 -090.3230 +001.9547 +092.1022 0
L1 04    227 +008.3349 +007.5329 +001.7681 -049.8886 -000.4022 +000.3453 0
L1 05    227 +016.1203 -001.6197 -001.8110 -071.8187 +084.9371 +102.6767 0
L1 06    227 +016.0046 -001.5215 -003.7162 +141.8649 +087.8047 -038.4813 0
L1 07    227 +016.1108 -001.4112 -004.8845 +092.6466 +016.5893 -083.1770 0
L1 08    227 +016.0172 -001.3983 -005.5648 -076.1560 -080.9752 +076.6596 0
L1 01    231 +016.0875 +000.1678 +001.3453 -084.0497 +001.4583 +001.8885 0
L1 02    231 +005.5977 +007.1796 +001.7767 -160.4786 -000.3390 +179.0033 0
L1 03    231 +016.1856 -000.5524 -000.8327 -090.3204 +001.9552 +092.1030 0
L1 04    231 +008.3349 +007.5329 +001.7681 -049.8881 -000.4024 +000.3453 0
L1 05    231 +016.1204 -001.6196 -001.8110 -071.8081 +084.9374 +102.6857 0
L1 06    231 +016.0045 -001.5213 -003.7167 +141.8976 +087.8024 -038.4505 0
L1 07    231 +016.1108 -001.4109 -004.8847 +092.6488 +016.5895 -083.1763 0
L1 08    231 +016.0173 -001.3981 -005.5647 -076.1660 -080.9738 +076.6718 0
L1 01    235 +016.0875 +000.1677 +001.3455 -084.0504 +001.4583 +001.8902 0
L1 02    235 +005.5977 +007.1795 +001.7767 -160.4790 -000.3388 +179.0033 0
L1 03    235 +016.1856 -000.5525 -000.8327 -090.3213 +001.9553 +092.1032 0
L1 04    235 +008.3349 +007.5329 +001.7681 -049.8882 -000.4024 +000.3452 0
L1 05    235 +016.1204 -001.6195 -001.8108 -071.7906 +084.9373 +102.7041 0
L1 06    235 +016.0045 -001.5215 -003.7164 +141.8487 +087.8034 -038.4981 0
L1 07    235 +016.1108 -001.4106 -004.8845 +092.6499 +016.5893 -083.1780 0
L1 08    235 +016.0173 -001.3979 -005.5646 -076.1709 -080.9747 +076.6773 0
L1 01    239 +016.0875 +000.1676 +001.3455 -084.0514 +001.4580 +001.8906 0
L1 02    239 +005.5977 +007.1795 +001.7767 -160.4793 -000.3388 +179.0031 0
L1 03    239 +016.1856 -000.5525 -000.8326 -090.3220 +001.9551 +092.1035 0
L1 04    239 +008.3349 +007.5329 +001.7681 -049.8882 -000.4024 +000.3454 0
L1 05    239 +016.1204 -001.6200 -001.8109 -071.8074 +084.9370 +102.6900 0
L1 06    239 +016.0045 -001.5215 -003.7165 +141.8913 +087.8042 -038.4546 0
L1 07    239 +016.1109 -001.4108 -004.8841 +092.6481 +016.5909 -083.1803 0
L1 08    239 +016.0173 -001.3979 -005.5647 -076.1684 -080.9748 +076.6745 0
L1 01    243 +016.0875 +000.1679 +001.3455 -084.0494 +001.4577 +001.8902 0
L1 02    243 +005.5977 +007.1795 +001.7767 -160.4789 -000.3387 +179.0032 0
L1 03    243 +016.1856 -000.5525 -000.8328 -090.3215 +001.9545 +092.1026 0
L1 04    243 +008.3349 +007.5329 +001.7682 -049.8879 -000.4024 +000.3464 0
L1 05    243 +016.1204 -001.6196 -001.8111 -071.8147 +084.9374 +102.6811 0
L1 06    243 +016.0046 -001.5216 -003.7162 +141.8394 +087.8055 -038.5070 0
L1 07    243 +016.1108 -001.4109 -004.8842 +092.6478 +016.5897 -083.1800 0
L1 08    243 +016.0172 -001.3980 -005.5648 -076.1603 -080.9747 +076.6669 0
L1 01    247 +016.0875 +000.1676 +001.3452 -084.0509 +001.4575 +001.8879 0
L1 02    247 +005.5977 +007.1796 +001.7768 -160.4788 -000.3388 +179.0031 0
L1 03    247 +016.1856 -000.5526 -000.8327 -090.3220 +001.9550 +092.1020 0
L1 04    247 +008.3349 +007.5329 +001.7681 -049.8887 -000.4021 +000.3459 0
L1 05    247 +016.1203 -001.6200 -001.8110 -071.8322 +084.9356 +102.6653 0
L1 06    247 +016.0044 -001.5223 -003.7162 +141.8814 +087.8051 -038.4621 0
L1 07    247 +016.1108 -001.4109 -004.8843 +092.6497 +016.5917 -083.1780 0
L1 08    247 +016.0172 -001.3981 -005.5646 -076.1593 -080.9761 +076.6657 0
L1 01    251 +016.0875 +000.1676 +001.3455 -084.0511 +001.4576 +001.8900 0
L1 02    251 +005.5977 +007.1795 +001.7767 -160.4793 -000.3389 +179.0030 0
L1 03    251 +016.1855 -000.5529 -000.8327 -090.3240 +001.9562 +092.1023 0
L1 04    251 +008.3350 +007.5328 +001.7681 -049.8893 -000.4018 +000.3461 0
L1 05    251 +016.1203 -001.6200 -001.8110 -071.8362 +084.9352 +102.6620 0
L1 06    251 +016.0045 -001.5221 -003.7164 +141.9417 +087.8047 -038.4006 0
L1 07    251 +016.1107 -001.4115 -004.8844 +092.6451 +016.5933 -083.1764 0
L1 08    251 +016.0173 -001.3984 -005.5644 -076.1642 -080.9774 +076.6685 0
L1 01    255 +016.0875 +000.1672 +001.3456 -084.0558 +001.4582 +001.8915 0
L1 02    255 +005.5977 +007.1795 +001.7767 -160.4797 -000.3390 +179.0031 0
L1 03    255 +016.1856 -000.5530 -000.8327 -090.3262 +001.9579 +092.1029 0
L1 04    255 +008.3350 +007.5328 +001.7681 -049.8900 -000.4017 +000.3459 0
L1 05    255 +016.1203 -001.6202 -001.8110 -071.8175 +084.9367 +102.6840 0
L1 06    255 +016.0045 -001.5223 -003.7164 +141.9291 +087.8055 -038.4105 0
L1 07    255 +016.1107 -001.4116 -004.8845 +092.6436 +016.5930 -083.1773 0
L1 08    255 +016.0173 -001.3987 -005.5646 -076.1668 -080.9772 +076.6680 0
L1 01    259 +016.0875 +000.1675 +001.3456 -084.0524 +001.4579 +001.8905 0
L1 02    259 +005.5977 +007.1795 +001.7768 -160.4796 -000.3386 +179.0029 0
L1 03    259 +016.1856 -000.5530 -000.8326 -090.3255 +001.9567 +092.1034 0
L1 04    259 +008.3350 +007.5328 +001.7681 -049.8899 -000.4019 +000.3456 0
L1 05    259 +016.1203 -001.6202 -001.8108 -071.8094 +084.9352 +102.6910 0
L1 06    259 +016.0045 -001.5222 -003.7163 +141.9191 +087.8058 -038.4222 0
L1 07    259 +016.1107 -001.4116 -004.8847 +092.6436 +016.5930 -083.1756 0
L1 08    259 +016.0173 -001.3984 -005.5646 -076.1676 -080.9768 +076.6707 0
L1 01    263 +016.0875 +000.1676 +001.3456 -084.0512 +001.4585 +001.8903 0
L1 02    263 +005.5977 +007.1795 +001.7767 -160.4793 -000.3388 +179.0032 0
L1 03    263 +016.1856 -000.5528 -000.8326 -090.3241 +001.9567 +092.1035 0
L1 04    263 +008.3350 +007.5328 +001.7680 -049.8894 -000.4020 +000.3450 0
L1 05    263 +016.1204 -001.6201 -001.8106 -071.7939 +084.9361 +102.7054 0
L1 06    263 +016.0046 -001.5220 -003.7161 +141.9207 +087.8070 -038.4227 0
L1 07    263 +016.1107 -001.4115 -004.8845 +092.6441 +016.5932 -083.1775 0
L1 08    263 +016.0173 -001.3983 -005.5646 -076.1660 -080.9758 +076.6698 0
L1 01    267 +016.0875 +000.1674 +001.3456 -084.0530 +001.4576 +001.8909 0
L1 02    267 +005.5977 +007.1795 +001.7767 -160.4797 -000.3389 +179.0032 0
L1 03    267 +016.1856 -000.5527 -000.8327 -090.3237 +001.9564 +092.1030 0
L1 04    267 +008.3350 +007.5328 +001.7681 -049.8893 -000.4021 +000.3454 0
L1 05    267 +016.1203 -001.6201 -001.8109 -071.8219 +084.9360 +102.6771 0
L1 06    267 +016.0046 -001.5220 -003.7161 +141.8840 +087.8071 -038.4593 0
L1 07    267 +016.1108 -001.4110 -004.8845 +092.6474 +016.5931 -083.1775 0
L1 08    267 +016.0172 -001.3985 -005.5646 -076.1654 -080.9764 +076.6684 0
L1 01    271 +016.0876 +000.1677 +001.3456 -084.0509 +001.4574 +001.8902 0
L1 02    271 +005.5977 +007.1795 +001.7767 -160.4795 -000.3389 +179.0032 0
L1 03    271 +016.1856 -000.5528 -000.8325 -090.3239 +001.9547 +092.1032 0
L1 04    271 +008.3350 +007.5329 +001.7681 -049.8891 -000.4019 +000.3457 0
L1 05    271 +016.1203 -001.6201 -001.8107 -071.8269 +084.9342 +102.6718 0
L1 06    271 +016.0045 -001.5220 -003.7161 +141.9569 +087.8072 -038.3869 0
L1 07    271 +016.1107 -001.4117 -004.8844 +092.6452 +016.5949 -083.1769 0
L1 08    271 +016.0172 -001.3984 -005.5647 -076.1548 -080.9768 +076.6589 0
L1 01    275 +016.0875 +000.1678 +001.3455 -084.0503 +001.4574 +001.8897 0
L1 02    275 +005.5977 +007.1795 +001.7767 -160.4793 -000.3389 +179.0030 0
L1 03    275 +016.1856 -000.5529 -000.8326 -090.3244 +001.9537 +092.1025 0
L1 04    275 +008.3350 +007.5329 +001.7681 -049.8893 -000.4019 +000.3454 0
L1 05    275 +016.1203 -001.6202 -001.8107 -071.8294 +084.9337 +102.6697 0
L1 06    275 +016.0044 -001.5221 -003.7164 +141.9477 +087.8052 -038.3948 0
L1 07    275 +016.1107 -001.4117 -004.8846 +092.6457 +016.5944 -083.1758 0
L1 08    275 +016.0171 -001.3987 -005.5648 -076.1537 -080.9769 +076.6558 0
L1 01    279 +016.0875 +000.1676 +001.3454 -084.0514 +001.4572 +001.8896 0
L1 02    279 +005.5977 +007.1796 +001.7767 -160.4784 -000.3392 +179.0033 0
L1 03    279 +016.1857 -000.5526 -000.8326 -090.3226 +001.9535 +092.1037 0
L1 04    279 +008.3349 +007.5330 +001.7681 -049.8879 -000.4025 +000.3452 0
L1 05    279 +016.1204 -001.6198 -001.8109 -071.8052 +084.9351 +102.6913 0
L1 06    279 +016.0046 -001.5218 -003.7165 +141.8854 +087.8049 -038.4592 0
L1 07    279 +016.1109 -001.4115 -004.8845 +092.6466 +016.5941 -083.1782 0
L1 08    279 +016.0174 -001.3980 -005.5648 -076.1682 -080.9759 +076.6742 0
L1 01    283 +016.0875 +000.1677 +001.3456 -084.0502 +001.4570 +001.8909 0
L1 02    283 +005.5977 +007.1795 +001.7768 -160.4790 -000.3387 +179.0030 0
L1 03    283 +016.1856 -000.5527 -000.8326 -090.3230 +001.9525 +092.1035 0
L1 04    283 +008.3349 +007.5329 +001.7681 -049.8884 -000.4022 +000.3457 0
L1 05    283 +016.1204 -001.6203 -001.8110 -071.8267 +084.9345 +102.6735 0
L1 06    283 +016.0044 -001.5223 -003.7166 +141.9230 +087.8040 -038.4181 0
L1 07    283 +016.1108 -001.4113 -004.8844 +092.6478 +016.5943 -083.1795 0
L1 08    283 +016.0172 -001.3984 -005.5647 -076.1637 -080.9770 +076.6680 0
L1 01    287 +016.0875 +000.1676 +001.3456 -084.0508 +001.4571 +001.8902 0
L1 02    287 +005.5977 +007.1795 +001.7767 -160.4789 -000.3389 +179.0031 0
L1 03    287 +016.1855 -000.5528 -000.8326 -090.3236 +001.9515 +092.1020 0
L1 04    287 +008.3350 +007.5329 +001.7681 -049.8891 -000.4016 +000.3457 0
L1 05    287 +016.1202 -001.6204 -001.8111 -071.8500 +084.9337 +102.6509 0
L1 06    287 +016.0044 -001.5223 -003.7164 +141.9683 +087.8052 -038.3731 0
L1 07    287 +016.1105 -001.4115 -004.8844 +092.6454 +016.5957 -083.1769 0
L1 08    287 +016.0170 -001.3988 -005.5645 -076.1542 -080.9786 +076.6570 0
L1 01    291 +016.0875 +000.1678 +001.3456 -084.0493 +001.4582 +001.8902 0
L1 02    291 +005.5977 +007.1796 +001.7768 -160.4787 -000.3387 +179.0031 0
L1 03    291 +016.1856 -000.5526 -000.8327 -090.3215 +001.9540 +092.1016 0
L1 04    291 +008.3349 +007.5329 +001.7681 -049.8885 -000.4018 +000.3453 0
L1 05    291 +016.1203 -001.6197 -001.8109 -071.8104 +084.9359 +102.6856 0
L1 06    291 +016.0044 -001.5218 -003.7164 +141.8791 +087.8032 -038.4658 0
L1 07    291 +016.1106 -001.4109 -004.8845 +092.6499 +016.5913 -083.1762 0
L1 08    291 +016.0172 -001.3982 -005.5646 -076.1609 -080.9742 +076.6671 0
L1 01    295 +016.0875 +000.1677 +001.3454 -084.0504 +001.4582 +001.8896 0
L1 02    295 +005.5977 +007.1795 +001.7768 -160.4790 -000.3388 +179.0030 0
L1 03    295 +016.1856 -000.5525 -000.8328 -090.3211 +001.9543 +092.1016 0
L1 04    295 +008.3349 +007.5329 +001.7681 -049.8883 -000.4020 +000.3451 0
L1 05    295 +016.1204 -001.6196 -001.8110 -071.8113 +084.9378 +102.6839 0
L1 06    295 +016.0045 -001.5217 -003.7161 +141.8416 +087.8046 -038.5033 0
L1 07    295 +016.1108 -001.4112 -004.8843 +092.6481 +016.5915 -083.1789 0
L1 08    295 +016.0173 -001.3980 -005.5646 -076.1697 -080.9732 +076.6760 0
L1 01    299 +016.0875 +000.1676 +001.3453 -084.0517 +001.4580 +001.8890 0
L1 02    299 +005.5977 +007.1795 +001.7767 -160.4793 -000.3391 +179.0029 0
L1 03    299 +016.1856 -000.5526 -000.8328 -090.3223 +001.9528 +092.1021 0
L1 04    299 +008.3350 +007.5329 +001.7681 -049.8890 -000.4019 +000.3455 0
L1 05    299 +016.1203 -001.6197 -001.8109 -071.8151 +084.9362 +102.6810 0
L1 06    299 +016.0046 -001.5216 -003.7159 +141.8405 +087.8062 -038.5049 0
L1 07    299 +016.1108 -001.4111 -004.8844 +092.6488 +016.5924 -083.1787 0
L1 08    299 +016.0173 -001.3983 -005.5646 -076.1693 -080.9753 +076.6741 0
L1 01    303 +016.0875 +000.1675 +001.3454 -084.0523 +001.4583 +001.8894 0
L1 02    303 +005.5977 +007.1795 +001.7767 -160.4794 -000.3391 +179.0030 0
L1 03    303 +016.1856 -000.5526 -000.8328 -090.3225 +001.9529 +092.1020 0
L1 04    303 +008.3350 +007.5329 +001.7681 -049.8890 -000.4019 +000.3455 0
L1 05    303 +016.1204 -001.6197 -001.8109 -071.8000 +084.9370 +102.6969 0
L1 06    303 +016.0046 -001.5218 -003.7159 +141.8533 +087.8066 -038.4910 0
L1 07    303 +016.1108 -001.4110 -004.8847 +092.6481 +016.5915 -083.1778 0
L1 08    303 +016.0173 -001.3982 -005.5646 -076.1706 -080.9752 +076.6755 0
L1 01    307 +016.0875 +000.1675 +001.3454 -084.0518 +001.4584 +001.8895 0
L1 02    307 +005.5977 +007.1795 +001.7768 -160.4793 -000.3388 +179.0029 0
L1 03    307 +016.1856 -000.5525 -000.8328 -090.3221 +001.9529 +092.1020 0
L1 04    307 +008.3349 +007.5329 +001.7681 -049.8886 -000.4020 +000.3455 0
L1 05    307 +016.1204 -001.6197 -001.8112 -071.8250 +084.9376 +102.6713 0
L1 06    307 +016.0046 -001.5220 -003.7162 +141.8718 +087.8045 -038.4710 0
L1 07    307 +016.1107 -001.4107 -004.8847 +092.6508 +016.5919 -083.1764 0
L1 08    307 +016.0173 -001.3981 -005.5646 -076.1729 -080.9740 +076.6780 0
L1 01    311 +016.0875 +000.1675 +001.3454 -084.0526 +001.4565 +001.8883 0
L1 02    311 +005.5977 +007.1795 +001.7767 -160.4797 -000.3391 +179.0031 0
L1 03    311 +016.1855 -000.5529 -000.8326 -090.3248 +001.9486 +092.1012 0
L1 04    311 +008.3350 +007.5328 +001.7681 -049.8892 -000.4018 +000.3459 0
L1 05    311 +016.1203 -001.6200 -001.8111 -071.8501 +084.9355 +102.6475 0
L1 06    311 +016.0043 -001.5223 -003.7163 +141.9876 +087.8049 -038.3549 0
L1 07    311 +016.1105 -001.4114 -004.8845 +092.6475 +016.5952 -083.1763 0
L1 08    311 +016.0170 -001.3986 -005.5646 -076.1455 -080.9779 +076.6490 0
L1 01    315 +016.0875 +000.1669 +001.3455 -084.0565 +001.4570 +001.8885 0
L1 02    315 +005.5977 +007.1795 +001.7767 -160.4798 -000.3391 +179.0029 0
L1 03    315 +016.1855 -000.5531 -000.8327 -090.3266 +001.9491 +092.1004 0
L1 04    315 +008.3350 +007.5328 +001.7681 -049.8902 -000.4014 +000.3461 0
L1 05    315 +016.1202 -001.6200 -001.8110 -071.8544 +084.9360 +102.6443 0
L1 06    315 +016.0042 -001.5225 -003.7167 +142.0606 +087.8023 -038.2786 0
L1 07    315 +016.1103 -001.4116 -004.8847 +092.6462 +016.5966 -083.1738 0
L1 08    315 +016.0170 -001.3990 -005.5646 -076.1459 -080.9805 +076.6461 0
L1 01    319 +016.0876 +000.1675 +001.3456 -084.0530 +001.4595 +001.8917 0
L1 02    319 +005.5977 +007.1795 +001.7768 -160.4795 -000.3387 +179.0025 0
L1 03    319 +016.1856 -000.5529 -000.8327 -090.3252 +001.9534 +092.1038 0
L1 04    319 +008.3350 +007.5328 +001.7681 -049.8894 -000.4017 +000.3461 0
L1 05    319 +016.1205 -001.6200 -001.8109 -071.8014 +084.9381 +102.6986 0
L1 06    319 +016.0046 -001.5220 -003.7166 +141.8551 +087.8031 -038.4874 0
L1 07    319 +016.1107 -001.4113 -004.8849 +092.6462 +016.5942 -083.1767 0
L1 08    319 +016.0175 -001.3985 -005.5649 -076.1762 -080.9745 +076.6784 0
L1 01    323 +016.0876 +000.1676 +001.3454 -084.0523 +001.4600 +001.8912 0
L1 02    323 +005.5977 +007.1795 +001.7768 -160.4796 -000.3388 +179.0026 0
L1 03    323 +016.1856 -000.5528 -000.8327 -090.3247 +001.9533 +092.1040 0
L1 04    323 +008.3350 +007.5329 +001.7681 -049.8893 -000.4017 +000.3459 0
L1 05    323 +016.1204 -001.6199 -001.8111 -071.8089 +084.9381 +102.6910 0
L1 06    323 +016.0047 -001.5221 -003.7163 +141.7978 +087.8046 -038.5430 0
L1 07    323 +016.1107 -001.4114 -004.8851 +092.6459 +016.5944 -083.1758 0
L1 08    323 +016.0174 -001.3984 -005.5647 -076.1785 -080.9744 +076.6812 0
L1 01    327 +016.0875 +000.1675 +001.3455 -084.0531 +001.4582 +001.8908 0
L1 02    327 +005.5977 +007.1795 +001.7768 -160.4796 -000.3388 +179.0028 0
L1 03    327 +016.1855 -000.5530 -000.8326 -090.3255 +001.9511 +092.1027 0
L1 04    327 +008.3350 +007.5328 +001.7681 -049.8896 -000.4016 +000.3457 0
L1 05    327 +016.1202 -001.6207 -001.8110 -071.8384 +084.9353 +102.6637 0
L1 06    327 +016.0044 -001.5224 -003.7164 +141.9854 +087.8045 -038.3537 0
L1 07    327 +016.1105 -001.4116 -004.8852 +092.6451 +016.5965 -083.1732 0
L1 08    327 +016.0171 -001.3988 -005.5647 -076.1557 -080.9779 +076.6570 0
L1 01    331 +016.0875 +000.1675 +001.3455 -084.0528 +001.4585 +001.8903 0
L1 02    331 +005.5977 +007.1795 +001.7768 -160.4796 -000.3386 +179.0027 0
L1 03    331 +016.1856 -000.5528 -000.8327 -090.3241 +001.9517 +092.1027 0
L1 04    331 +008.3350 +007.5329 +001.7681 -049.8892 -000.4016 +000.3456 0
L1 05    331 +016.1204 -001.6200 -001.8112 -071.8215 +084.9372 +102.6779 0
L1 06    331 +016.0045 -001.5225 -003.7162 +141.8946 +087.8053 -038.4455 0
L1 07    331 +016.1106 -001.4114 -004.8851 +092.6463 +016.5940 -083.1745 0
L1 08    331 +016.0172 -001.3986 -005.5646 -076.1655 -080.9766 +076.6683 0
L1 01    335 +016.0876 +000.1677 +001.3455 -084.0507 +001.4587 +001.8906 0
L1 02    335 +005.5977 +007.1795 +001.7768 -160.4794 -000.3387 +179.0028 0
L1 03    335 +016.1856 -000.5528 -000.8327 -090.3238 +001.9523 +092.1030 0
L1 04    335 +008.3349 +007.5329 +001.7681 -049.8888 -000.4017 +000.3458 0
L1 05    335 +016.1204 -001.6199 -001.8111 -071.8216 +084.9368 +102.6767 0
L1 06    335 +016.0044 -001.5225 -003.7165 +141.9134 +087.8049 -038.4270 0
L1 07    335 +016.1106 -001.4115 -004.8847 +092.6461 +016.5930 -083.1759 0
L1 08    335 +016.0172 -001.3985 -005.5647 -076.1627 -080.9751 +076.6661 0
L1 01    339 +016.0875 +000.1676 +001.3456 -084.0512 +001.4572 +001.8912 0
L1 02    339 +005.5977 +007.1795 +001.7768 -160.4792 -000.3388 +179.0029 0
L1 03    339 +016.1855 -000.5527 -000.8326 -090.3228 +001.9510 +092.1028 0
L1 04    339 +008.3349 +007.5329 +001.7681 -049.8891 -000.4016 +000.3458 0
L1 05    339 +016.1203 -001.6202 -001.8109 -071.8225 +084.9365 +102.6769 0
L1 06    339 +016.0043 -001.5223 -003.7168 +141.9539 +087.8017 -038.3872 0
L1 07    339 +016.1106 -001.4114 -004.8846 +092.6465 +016.5954 -083.1762 0
L1 08    339 +016.0171 -001.3984 -005.5647 -076.1527 -080.9753 +076.6571 0
L1 01    343 +016.0875 +000.1677 +001.3453 -084.0506 +001.4580 +001.8895 0
L1 02    343 +005.5977 +007.1795 +001.7768 -160.4790 -000.3386 +179.0027 0
L1 03    343 +016.1856 -000.5527 -000.8327 -090.3229 +001.9517 +092.1027 0
L1 04    343 +008.3349 +007.5329 +001.7681 -049.8889 -000.4018 +000.3459 0
L1 05    343 +016.1203 -001.6201 -001.8111 -071.8221 +084.9366 +102.6768 0
L1 06    343 +016.0045 -001.5218 -003.7164 +141.8644 +087.8038 -038.4805 0
L1 07    343 +016.1107 -001.4115 -004.8847 +092.6465 +016.5936 -083.1764 0
L1 08    343 +016.0171 -001.3983 -005.5648 -076.1562 -080.9745 +076.6611 0
L1 01    347 +016.0875 +000.1677 +001.3454 -084.0501 +001.4581 +001.8902 0
L1 02    347 +005.5977 +007.1795 +001.7768 -160.4790 -000.3385 +179.0025 0
L1 03    347 +016.1856 -000.5525 -000.8327 -090.3216 +001.9523 +092.1030 0
L1 04    347 +008.3349 +007.5329 +001.7681 -049.8888 -000.4019 +000.3459 0
L1 05    347 +016.1204 -001.6197 -001.8110 -071.7980 +084.9376 +102.6984 0
L1 06    347 +016.0046 -001.5212 -003.7166 +141.8325 +087.8023 -038.5148 0
L1 07    347 +016.1107 -001.4114 -004.8845 +092.6462 +016.5927 -083.1786 0
L1 08    347 +016.0173 -001.3980 -005.5649 -076.1687 -080.9725 +076.6745 0
L1 01    351 +016.0875 +000.1678 +001.3453 -084.0493 +001.4583 +001.8884 0
L1 02    351 +005.5977 +007.1795 +001.7768 -160.4790 -000.3385 +179.0027 0
L1 03    351 +016.1856 -000.5525 -000.8327 -090.3209 +001.9513 +092.1025 0
L1 04    351 +008.3349 +007.5329 +001.7681 -049.8886 -000.4020 +000.3459 0
L1 05    351 +016.1204 -001.6196 -001.8107 -071.7973 +084.9368 +102.6965 0
L1 06    351 +016.0046 -001.5215 -003.7163 +141.8779 +087.8031 -038.4697 0
L1 07    351 +016.1108 -001.4110 -004.8843 +092.6496 +016.5924 -083.1792 0
L1 08    351 +016.0172 -001.3981 -005.5647 -076.1592 -080.9746 +076.6657 0
L1 01    355 +016.0875 +000.1679 +001.3455 -084.0488 +001.4582 +001.8897 0
L1 02    355 +005.5977 +007.1795 +001.7768 -160.4792 -000.3385 +179.0027 0
L1 03    355 +016.1856 -000.5526 -000.8327 -090.3214 +001.9511 +092.1023 0
L1 04    355 +008.3349 +007.5329 +001.7681 -049.8883 -000.4019 +000.3453 0
L1 05    355 +016.1203 -001.6200 -001.8107 -071.8099 +084.9368 +102.6865 0
L1 06    355 +016.0045 -001.5221 -003.7162 +141.8881 +087.8046 -038.4561 0
L1 07    355 +016.1108 -001.4107 -004.8842 +092.6509 +016.5928 -083.1794 0
L1 08    355 +016.0171 -001.3983 -005.5648 -076.1540 -080.9752 +076.6591 0
L1 01    359 +016.0875 +000.1677 +001.3455 -084.0508 +001.4593 +001.8905 0
L1 02    359 +005.5977 +007.1795 +001.7768 -160.4793 -000.3385 +179.0026 0
L1 03    359 +016.1856 -000.5529 -000.8327 -090.3243 +001.9518 +092.1027 0
L1 04    359 +008.3349 +007.5329 +001.7681 -049.8886 -000.4019 +000.3456 0
L1 05    359 +016.1203 -001.6200 -001.8106 -071.7980 +084.9369 +102.7004 0
L1 06    359 +016.0044 -001.5222 -003.7163 +141.8811 +087.8048 -038.4608 0
L1 07    359 +016.1107 -001.4106 -004.8845 +092.6501 +016.5922 -083.1780 0
L1 08    359 +016.0172 -001.3983 -005.5647 -076.1605 -080.9749 +076.6649 0
L1 01    363 +016.0874 +000.1676 +001.3456 -084.0518 +001.4587 +001.8912 0
L1 02    363 +005.5977 +007.1795 +001.7768 -160.4794 -000.3385 +179.0028 0
L1 03    363 +016.1856 -000.5529 -000.8328 -090.3248 +001.9510 +092.1022 0
L1 04    363 +008.3349 +007.5329 +001.7681 -049.8889 -000.4019 +000.3460 0
L1 05    363 +016.1203 -001.6200 -001.8107 -071.7942 +084.9370 +102.7046 0
L1 06    363 +016.0045 -001.5221 -003.7162 +141.8703 +087.8051 -038.4718 0
L1 07    363 +016.1106 -001.4113 -004.8845 +092.6465 +016.5937 -083.1775 0
L1 08    363 +016.0172 -001.3982 -005.5647 -076.1582 -080.9754 +076.6627 0
L1 01    367 +016.0874 +000.1677 +001.3453 -084.0511 +001.4585 +001.8890 0
L1 02    367 +005.5977 +007.1795 +001.7768 -160.4795 -000.3385 +179.0027 0
L1 03    367 +016.1856 -000.5527 -000.8327 -090.3230 +001.9511 +092.1021 0
L1 04    367 +008.3349 +007.5329 +001.7681 -049.8885 -000.4021 +000.3455 0
L1 05    367 +016.1203 -001.6200 -001.8108 -071.7986 +084.9379 +102.6992 0
L1 06    367 +016.0044 -001.5218 -003.7165 +141.8991 +087.8029 -038.4449 0
L1 07    367 +016.1107 -001.4106 -004.8846 +092.6515 +016.5937 -083.1771 0
L1 08    367 +016.0174 -001.3980 -005.5644 -076.1717 -080.9755 +076.6781 0
L1 01    371 +016.0875 +000.1678 +001.3454 -084.0498 +001.4588 +001.8897 0
L1 02    371 +005.5977 +007.1795 +001.7768 -160.4791 -000.3385 +179.0028 0
L1 03    371 +016.1856 -000.5527 -000.8328 -090.3226 +001.9515 +092.1023 0
L1 04    371 +008.3349 +007.5329 +001.7681 -049.8886 -000.4021 +000.3453 0
L1 05    371 +016.1203 -001.6200 -001.8110 -071.8118 +084.9390 +102.6865 0
L1 06    371 +016.0044 -001.5219 -003.7163 +141.8569 +087.8042 -038.4873 0
L1 07    371 +016.1109 -001.4107 -004.8845 +092.6508 +016.5939 -083.1794 0
L1 08    371 +016.0174 -001.3981 -005.5645 -076.1757 -080.9756 +076.6822 0
L1 01    375 +016.0875 +000.1676 +001.3454 -084.0516 +001.4585 +001.8895 0
L1 02    375 +005.5977 +007.1795 +001.7767 -160.4790 -000.3388 +179.0029 0
L1 03    375 +016.1856 -000.5528 -000.8328 -090.3236 +001.9510 +092.1020 0
L1 04    375 +008.3350 +007.5329 +001.7681 -049.8891 -000.4020 +000.3454 0
L1 05    375 +016.1203 -001.6201 -001.8110 -071.8183 +084.9383 +102.6805 0
L1 06    375 +016.0044 -001.5216 -003.7165 +141.9123 +087.8030 -038.4334 0
L1 07    375 +016.1108 -001.4106 -004.8847 +092.6510 +016.5931 -083.1777 0
L1 08    375 +016.0173 -001.3983 -005.5646 -076.1702 -080.9755 +076.6753 0
L1 01    379 +016.0875 +000.1678 +001.3453 -084.0499 +001.4583 +001.8883 0
L1 02    379 +005.5977 +007.1795 +001.7767 -160.4792 -000.3387 +179.0029 0
L1 03    379 +016.1856 -000.5527 -000.8328 -090.3225 +001.9511 +092.1009 0
L1 04    379 +008.3350 +007.5329 +001.7681 -049.8893 -000.4019 +000.3453 0
L1 05    379 +016.1203 -001.6200 -001.8110 -071.8242 +084.9381 +102.6733 0
L1 06    379 +016.0043 -001.5215 -003.7167 +141.9235 +087.8015 -038.4233 0
L1 07    379 +016.1107 -001.4109 -004.8843 +092.6493 +016.5940 -083.1793 0
L1 08    379 +016.0171 -001.3982 -005.5646 -076.1618 -080.9746 +076.6676 0
L1 01    383 +016.0875 +000.1679 +001.3454 -084.0489 +001.4580 +001.8887 0
L1 02    383 +005.5977 +007.1795 +001.7768 -160.4791 -000.3387 +179.0031 0
L1 03    383 +016.1856 -000.5526 -000.8327 -090.3212 +001.9512 +092.1018 0
L1 04    383 +008.3349 +007.5329 +001.7681 -049.8887 -000.4022 +000.3456 0
L1 05    383 +016.1203 -001.6200 -001.8107 -071.7921 +084.9380 +102.7049 0
L1 06    383 +016.0044 -001.5216 -003.7164 +141.8812 +087.8021 -038.4650 0
L1 07    383 +016.1106 -001.4111 -004.8847 +092.6496 +016.5931 -083.1770 0
L1 08    383 +016.0172 -001.3979 -005.5647 -076.1622 -080.9725 +076.6707 0
L1 01    387 +016.0875 +000.1680 +001.3454 -084.0480 +001.4582 +001.8891 0
L1 02    387 +005.5977 +007.1795 +001.7767 -160.4790 -000.3389 +179.0033 0
L1 03    387 +016.1856 -000.5526 -000.8328 -090.3209 +001.9511 +092.1021 0
L1 04    387 +008.3349 +007.5329 +001.7681 -049.8886 -000.4024 +000.3454 0
L1 05    387 +016.1204 -001.6200 -001.8107 -071.7895 +084.9372 +102.7071 0
L1 06    387 +016.0045 -001.5218 -003.7165 +141.8686 +087.8036 -038.4770 0
L1 07    387 +016.1108 -001.4108 -004.8844 +092.6513 +016.5915 -083.1795 0
L1 08    387 +016.0172 -001.3981 -005.5648 -076.1582 -080.9740 +076.6653 0
L1 01    391 +016.0874 +000.1676 +001.3455 -084.0502 +001.4581 +001.8899 0
L1 02    391 +005.5977 +007.1795 +001.7767 -160.4790 -000.3389 +179.0032 0
L1 03    391 +016.1856 -000.5527 -000.8328 -090.3217 +001.9507 +092.1017 0
L1 04    391 +008.3349 +007.5329 +001.7681 -049.8886 -000.4024 +000.3453 0
L1 05    391 +016.1203 -001.6202 -001.8108 -071.8052 +084.9364 +102.6936 0
L1 06    391 +016.0045 -001.5223 -003.7162 +141.8916 +087.8045 -038.4498 0
L1 07    391 +016.1106 -001.4109 -004.8848 +092.6502 +016.5932 -083.1777 0
L1 08    391 +016.0172 -001.3982 -005.5646 -076.1643 -080.9747 +076.6706 0
L1 01    395 +016.0875 +000.1671 +001.3456 -084.0536 +001.4569 +001.8900 0
L1 02    395 +005.5977 +007.1795 +001.7767 -160.4794 -000.3389 +179.0030 0
L1 03    395 +016.1855 -000.5526 -000.8329 -090.3223 +001.9502 +092.1012 0
L1 04    395 +008.3350 +007.5328 +001.7681 -049.8893 -000.4021 +000.3460 0
L1 05    395 +016.1203 -001.6202 -001.8108 -071.8144 +084.9357 +102.6842 0
L1 06    395 +016.0044 -001.5219 -003.7163 +141.9035 +087.8034 -038.4408 0
L1 07    395 +016.1106 -001.4111 -004.8848 +092.6489 +016.5954 -083.1774 0
L1 08    395 +016.0171 -001.3984 -005.5646 -076.1634 -080.9754 +076.6676 0
L1 01    399 +016.0874 +000.1674 +001.3458 -084.0524 +001.4576 +001.8918 0
L1 02    399 +005.5977 +007.1795 +001.7767 -160.4796 -000.3389 +179.0030 0
L1 03    399 +016.1855 -000.5526 -000.8327 -090.3224 +001.9508 +092.1024 0
L1 04    399 +008.3350 +007.5328 +001.7682 -049.8894 -000.4020 +000.3462 0
L1 05    399 +016.1202 -001.6200 -001.8109 -071.8169 +084.9372 +102.6811 0
L1 06    399 +016.0044 -001.5221 -003.7164 +141.9252 +087.8031 -038.4169 0
L1 07    399 +016.1107 -001.4112 -004.8845 +092.6486 +016.5955 -083.1781 0
L1 08    399 +016.0171 -001.3984 -005.5646 -076.1626 -080.9747 +076.6662 0
L1 01    403 +016.0875 +000.1678 +001.3454 -084.0507 +001.4586 +001.8899 0
L1 02    403 +005.5977 +007.1795 +001.7767 -160.4795 -000.3390 +179.0033 0
L1 03    403 +016.1856 -000.5527 -000.8326 -090.3226 +001.9512 +092.1029 0
L1 04    403 +008.3350 +007.5329 +001.7681 -049.8892 -000.4021 +000.3455 0
L1 05    403 +016.1202 -001.6205 -001.8110 -071.8210 +084.9375 +102.6792 0
L1 06    403 +016.0044 -001.5218 -003.7165 +141.8931 +087.8020 -038.4514 0
L1 07    403 +016.1108 -001.4108 -004.8843 +092.6505 +016.5941 -083.1788 0
L1 08    403 +016.0172 -001.3986 -005.5645 -076.1676 -080.9750 +076.6712 0
L1 01    407 +016.0875 +000.1677 +001.3455 -084.0506 +001.4579 +001.8900 0
L1 02    407 +005.5977 +007.1795 +001.7767 -160.4796 -000.3389 +179.0031 0
L1 03    407 +016.1855 -000.5527 -000.8328 -090.3227 +001.9501 +092.1016 0
L1 04    407 +008.3350 +007.5329 +001.7681 -049.8890 -000.4021 +000.3456 0
L1 05    407 +016.1202 -001.6199 -001.8112 -071.8247 +084.9384 +102.6732 0
L1 06    407 +016.0043 -001.5217 -003.7163 +141.8983 +087.8037 -038.4474 0
L1 07    407 +016.1107 -001.4111 -004.8845 +092.6501 +016.5965 -083.1779 0
L1 08    407 +016.0171 -001.3984 -005.5647 -076.1575 -080.9742 +076.6627 0
L1 01    411 +016.0875 +000.1674 +001.3455 -084.0521 +001.4572 +001.8904 0
L1 02    411 +005.5977 +007.1795 +001.7767 -160.4795 -000.3393 +179.0034 0
L1 03    411 +016.1855 -000.5527 -000.8326 -090.3225 +001.9489 +092.1027 0
L1 04    411 +008.3350 +007.5329 +001.7681 -049.8890 -000.4022 +000.3453 0
L1 05    411 +016.1202 -001.6203 -001.8111 -071.8348 +084.9369 +102.6650 0
L1 06    411 +016.0043 -001.5219 -003.7162 +141.9083 +087.8046 -038.4356 0
L1 07    411 +016.1108 -001.4112 -004.8842 +092.6481 +016.5981 -083.1803 0
L1 08    411 +016.0171 -001.3982 -005.5645 -076.1594 -080.9748 +076.6656 0
L1 01    415 +016.0875 +000.1677 +001.3455 -084.0504 +001.4572 +001.8895 0
L1 02    415 +005.5977 +007.1795 +001.7767 -160.4789 -000.3389 +179.0033 0
L1 03    415 +016.1855 -000.5527 -000.8326 -090.3221 +001.9496 +092.1021 0
L1 04    415 +008.3349 +007.5329 +001.7681 -049.8883 -000.4024 +000.3454 0
L1 05    415 +016.1203 -001.6200 -001.8110 -071.8243 +084.9381 +102.6728 0
L1 06    415 +016.0043 -001.5220 -003.7164 +141.8994 +087.8038 -038.4449 0
L1 07    415 +016.1108 -001.4114 -004.8840 +092.6472 +016.5967 -083.1818 0
L1 08    415 +016.0171 -001.3982 -005.5646 -076.1566 -080.9748 +076.6637 0
L1 01    419 +016.0875 +000.1678 +001.3455 -084.0491 +001.4577 +001.8896 0
L1 02    419 +005.5977 +007.1795 +001.7767 -160.4790 -000.3388 +179.0032 0
L1 03    419 +016.1855 -000.5527 -000.8326 -090.3216 +001.9496 +092.1020 0
L1 04    419 +008.3349 +007.5330 +001.7680 -049.8876 -000.4022 +000.3448 0
L1 05    419 +016.1203 -001.6201 -001.8107 -071.8081 +084.9361 +102.6892 0
L1 06    419 +016.0043 -001.5222 -003.7166 +141.9562 +087.8028 -038.3877 0
L1 07    419 +016.1107 -001.4111 -004.8843 +092.6495 +016.5958 -083.1798 0
L1 08    419 +016.0171 -001.3981 -005.5645 -076.1578 -080.9741 +076.6654 0
L1 01    423 +016.0875 +000.1678 +001.3454 -084.0501 +001.4580 +001.8886 0
L1 02    423 +005.5977 +007.1795 +001.7767 -160.4795 -000.3388 +179.0031 0
L1 03    423 +016.1856 -000.5529 -000.8326 -090.3233 +001.9497 +092.1020 0
L1 04    423 +008.3349 +007.5329 +001.7682 -049.8889 -000.4022 +000.3460 0
L1 05    423 +016.1203 -001.6200 -001.8109 -071.8199 +084.9377 +102.6778 0
L1 06    423 +016.0043 -001.5219 -003.7167 +141.9473 +087.8012 -038.3982 0
L1 07    423 +016.1105 -001.4111 -004.8846 +092.6501 +016.5967 -083.1766 0
L1 08    423 +016.0171 -001.3982 -005.5647 -076.1510 -080.9749 +076.6576 0
L1 01    427 +016.0875 +000.1676 +001.3455 -084.0511 +001.4584 +001.8893 0
L1 02    427 +005.5977 +007.1795 +001.7767 -160.4794 -000.3389 +179.0030 0
L1 03    427 +016.1856 -000.5527 -000.8326 -090.3223 +001.9501 +092.1025 0
L1 04    427 +008.3350 +007.5329 +001.7681 -049.8890 -000.4021 +000.3453 0
L1 05    427 +016.1203 -001.6200 -001.8109 -071.8061 +084.9390 +102.6914 0
L1 06    427 +016.0044 -001.5218 -003.7165 +141.9198 +087.8027 -038.4259 0
L1 07    427 +016.1107 -001.4113 -004.8843 +092.6485 +016.5966 -083.1794 0
L1 08    427 +016.0171 -001.3981 -005.5647 -076.1561 -080.9737 +076.6625 0
L1 01    431 +016.0875 +000.1675 +001.3456 -084.0513 +001.4579 +001.8900 0
L1 02    431 +005.5977 +007.1795 +001.7767 -160.4793 -000.3389 +179.0031 0
L1 03    431 +016.1855 -000.5528 -000.8326 -090.3232 +001.9492 +092.1023 0
L1 04    431 +008.3350 +007.5328 +001.7681 -049.8893 -000.4021 +000.3453 0
L1 05    431 +016.1202 -001.6200 -001.8110 -071.8238 +084.9386 +102.6738 0
L1 06    431 +016.0043 -001.5217 -003.7164 +141.9251 +087.8031 -038.4208 0
L1 07    431 +016.1106 -001.4113 -004.8846 +092.6492 +016.5982 -083.1774 0
L1 08    431 +016.0170 -001.3984 -005.5647 -076.1543 -080.9742 +076.6590 0
L1 01    435 +016.0875 +000.1677 +001.3455 -084.0507 +001.4571 +001.8893 0
L1 02    435 +005.5977 +007.1795 +001.7767 -160.4796 -000.3390 +179.0032 0
L1 03    435 +016.1855 -000.5529 -000.8327 -090.3235 +001.9484 +092.1016 0
L1 04    435 +008.3350 +007.5328 +001.7680 -049.8898 -000.4023 +000.3448 0
L1 05    435 +016.1202 -001.6201 -001.8107 -071.8120 +084.9370 +102.6864 0
L1 06    435 +016.0043 -001.5222 -003.7163 +141.9379 +087.8044 -038.4046 0
L1 07    435 +016.1105 -001.4115 -004.8847 +092.6476 +016.5987 -083.1768 0
L1 08    435 +016.0170 -001.3985 -005.5647 -076.1499 -080.9757 +076.6548 0
L1 01    439 +016.0875 +000.1673 +001.3455 -084.0532 +001.4565 +001.8893 0
L1 02    439 +005.5977 +007.1795 +001.7768 -160.4798 -000.3389 +179.0030 0
L1 03    439 +016.1855 -000.5529 -000.8328 -090.3239 +001.9482 +092.1007 0
L1 04    439 +008.3350 +007.5328 +001.7680 -049.8896 -000.4022 +000.3450 0
L1 05    439 +016.1202 -001.6203 -001.8111 -071.8475 +084.9372 +102.6518 0
L1 06    439 +016.0044 -001.5221 -003.7162 +141.9241 +087.8046 -038.4187 0
L1 07    439 +016.1106 -001.4112 -004.8845 +092.6486 +016.5991 -083.1779 0
L1 08    439 +016.0170 -001.3986 -005.5646 -076.1575 -080.9770 +076.6616 0
L1 01    443 +016.0875 +000.1673 +001.3455 -084.0537 +001.4566 +001.8893 0
L1 02    443 +005.5978 +007.1795 +001.7767 -160.4803 -000.3393 +179.0030 0
L1 03    443 +016.1855 -000.5529 -000.8327 -090.3242 +001.9483 +092.1009 0
L1 04    443 +008.3350 +007.5328 +001.7681 -049.8900 -000.4019 +000.3454 0
L1 05    443 +016.1202 -001.6202 -001.8111 -071.8473 +084.9368 +102.6527 0
L1 06    443 +016.0043 -001.5220 -003.7161 +141.9441 +087.8053 -038.3994 0
L1 07    443 +016.1104 -001.4113 -004.8849 +092.6494 +016.5988 -083.1745 0
L1 08    443 +016.0170 -001.3986 -005.5645 -076.1577 -080.9765 +076.6605 0
L1 01    447 +016.0875 +000.1673 +001.3455 -084.0541 +001.4577 +001.8895 0
L1 02    447 +005.5978 +007.1794 +001.7767 -160.4806 -000.3395 +179.0031 0
L1 03    447 +016.1855 -000.5530 -000.8327 -090.3253 +001.9489 +092.1020 0
L1 04    447 +008.3350 +007.5328 +001.7681 -049.8902 -000.4019 +000.3453 0
L1 05    447 +016.1202 -001.6203 -001.8111 -071.8429 +084.9370 +102.6575 0
L1 06    447 +016.0043 -001.5222 -003.7164 +141.9398 +087.8037 -038.4018 0
L1 07    447 +016.1106 -001.4112 -004.8848 +092.6484 +016.5980 -083.1761 0
L1 08    447 +016.0171 -001.3987 -005.5646 -076.1599 -080.9763 +076.6621 0
L1 01    451 +016.0875 +000.1673 +001.3456 -084.0536 +001.4578 +001.8899 0
L1 02    451 +005.5978 +007.1795 +001.7767 -160.4804 -000.3393 +179.0032 0
L1 03    451 +016.1856 -000.5530 -000.8327 -090.3254 +001.9494 +092.1019 0
L1 04    451 +008.3350 +007.5328 +001.7681 -049.8902 -000.4019 +000.3451 0
L1 05    451 +016.1203 -001.6201 -001.8108 -071.8056 +084.9377 +102.6936 0
L1 06    451 +016.0044 -001.5221 -003.7165 +141.9158 +087.8025 -038.4259 0
L1 07    451 +016.1106 -001.4117 -004.8846 +092.6457 +016.5970 -083.1782 0
L1 08    451 +016.0171 -001.3985 -005.5647 -076.1600 -080.9749 +076.6633 0
L1 01    455 +016.0875 +000.1674 +001.3456 -084.0528 +001.4571 +001.8908 0
L1 02    455 +005.5977 +007.1795 +001.7767 -160.4798 -000.3394 +179.0033 0
L1 03    455 +016.1855 -000.5528 -000.8325 -090.3235 +001.9488 +092.1022 0
L1 04    455 +008.3350 +007.5328 +001.7681 -049.8899 -000.4023 +000.3457 0
L1 05    455 +016.1203 -001.6197 -001.8108 -071.8021 +084.9381 +102.6942 0
L1 06    455 +016.0043 -001.5223 -003.7164 +141.9043 +087.8035 -038.4373 0
L1 07    455 +016.1106 -001.4115 -004.8845 +092.6483 +016.5984 -083.1780 0
L1 08    455 +016.0171 -001.3983 -005.5647 -076.1533 -080.9743 +076.6591 0
L1 01    459 +016.0875 +000.1674 +001.3456 -084.0529 +001.4569 +001.8900 0
L1 02    459 +005.5977 +007.1795 +001.7767 -160.4797 -000.3393 +179.0032 0
L1 03    459 +016.1855 -000.5529 -000.8326 -090.3243 +001.9480 +092.1014 0
L1 04    459 +008.3350 +007.5328 +001.7681 -049.8895 -000.4023 +000.3453 0
L1 05    459 +016.1203 -001.6200 -001.8107 -071.8044 +084.9370 +102.6936 0
L1 06    459 +016.0044 -001.5220 -003.7164 +141.9389 +087.8031 -038.4049 0
L1 07    459 +016.1106 -001.4115 -004.8844 +092.6478 +016.6000 -083.1778 0
L1 08    459 +016.0170 -001.3984 -005.5648 -076.1503 -080.9753 +076.6552 0
L1 01    463 +016.0875 +000.1675 +001.3456 -084.0522 +001.4573 +001.8895 0
L1 02    463 +005.5977 +007.1795 +001.7768 -160.4792 -000.3387 +179.0031 0
L1 03    463 +016.1855 -000.5531 -000.8327 -090.3250 +001.9480 +092.1011 0
L1 04    463 +008.3350 +007.5329 +001.7681 -049.8894 -000.4024 +000.3454 0
L1 05    463 +016.1202 -001.6200 -001.8109 -071.8245 +084.9372 +102.6742 0
L1 06    463 +016.0043 -001.5226 -003.7163 +141.9295 +087.8043 -038.4109 0
L1 07    463 +016.1105 -001.4115 -004.8846 +092.6485 +016.5996 -083.1768 0
L1 08    463 +016.0170 -001.3985 -005.5648 -076.1485 -080.9759 +076.6529 0
L1 01    467 +016.0875 +000.1677 +001.3456 -084.0497 +001.4567 +001.8898 0
L1 02    467 +005.5977 +007.1795 +001.7768 -160.4794 -000.3388 +179.0033 0
L1 03    467 +016.1855 -000.5529 -000.8326 -090.3232 +001.9485 +092.1016 0
L1 04    467 +008.3349 +007.5329 +001.7681 -049.8882 -000.4027 +000.3458 0
L1 05    467 +016.1203 -001.6197 -001.8109 -071.8300 +084.9371 +102.6652 0
L1 06    467 +016.0042 -001.5223 -003.7164 +141.9296 +087.8030 -038.4121 0
L1 07    467 +016.1105 -001.4114 -004.8847 +092.6503 +016.5994 -083.1762 0
L1 08    467 +016.0170 -001.3983 -005.5647 -076.1446 -080.9749 +076.6517 0
L1 01    471 +016.0875 +000.1678 +001.3454 -084.0494 +001.4564 +001.8891 0
L1 02    471 +005.5977 +007.1796 +001.7767 -160.4792 -000.3391 +179.0033 0
L1 03    471 +016.1855 -000.5525 -000.8327 -090.3202 +001.9478 +092.1008 0
L1 04    471 +008.3349 +007.5330 +001.7680 -049.8881 -000.4027 +000.3450 0
L1 05    471 +016.1202 -001.6201 -001.8107 -071.8155 +084.9364 +102.6823 0
L1 06    471 +016.0042 -001.5224 -003.7163 +141.9063 +087.8033 -038.4355 0
L1 07    471 +016.1105 -001.4112 -004.8845 +092.6513 +016.5995 -083.1770 0
L1 08    471 +016.0170 -001.3981 -005.5647 -076.1436 -080.9747 +076.6517 0
L1 01    475 +016.0875 +000.1678 +001.3454 -084.0502 +001.4576 +001.8885 0
L1 02    475 +005.5977 +007.1795 +001.7767 -160.4791 -000.3390 +179.0034 0
L1 03    475 +016.1855 -000.5527 -000.8325 -090.3220 +001.9481 +092.1020 0
L1 04    475 +008.3349 +007.5329 +001.7680 -049.8884 -000.4027 +000.3448 0
L1 05    475 +016.1202 -001.6202 -001.8109 -071.8299 +084.9375 +102.6688 0
L1 06    475 +016.0044 -001.5218 -003.7159 +141.8883 +087.8048 -038.4573 0
L1 07    475 +016.1106 -001.4111 -004.8843 +092.6508 +016.5996 -083.1789 0
L1 08    475 +016.0170 -001.3985 -005.5646 -076.1499 -080.9758 +076.6558 0
L1 01    479 +016.0875 +000.1678 +001.3454 -084.0493 +001.4571 +001.8882 0
L1 02    479 +005.5977 +007.1796 +001.7767 -160.4790 -000.3391 +179.0034 0
L1 03    479 +016.1856 -000.5526 -000.8327 -090.3208 +001.9479 +092.1014 0
L1 04    479 +008.3349 +007.5330 +001.7680 -049.8878 -000.4029 +000.3449 0
L1 05    479 +016.1202 -001.6203 -001.8107 -071.8166 +084.9377 +102.6822 0
L1 06    479 +016.0043 -001.5219 -003.7162 +141.8834 +087.8025 -038.4618 0
L1 07    479 +016.1106 -001.4109 -004.8844 +092.6526 +016.5989 -083.1785 0
L1 08    479 +016.0171 -001.3983 -005.5647 -076.1510 -080.9752 +076.6581 0
L1 01    483 +016.0875 +000.1679 +001.3456 -084.0485 +001.4568 +001.8897 0
L1 02    483 +005.5977 +007.1796 +001.7767 -160.4790 -000.3391 +179.0036 0
L1 03    483 +016.1856 -000.5526 -000.8326 -090.3205 +001.9483 +092.1021 0
L1 04    483 +008.3349 +007.5330 +001.7681 -049.8879 -000.4029 +000.3451 0
L1 05    483 +016.1203 -001.6200 -001.8106 -071.8054 +084.9378 +102.6913 0
L1 06    483 +016.0044 -001.5217 -003.7162 +141.9018 +087.8029 -038.4453 0
L1 07    483 +016.1107 -001.4107 -004.8843 +092.6534 +016.5986 -083.1794 0
L1 08    483 +016.0171 -001.3982 -005.5646 -076.1555 -080.9740 +076.6634 0
