L1 01      3 +015.4462 +006.7018 +001.3874 -052.5025 +008.3170 +002.9794 0
L1 02      3 +002.4788 +007.8069 +001.7731 -150.4185 +001.7446 -179.7958 0
L1 03      3 +016.0680 +005.9398 -000.7627 -059.9462 -004.8012 +092.5575 0
L1 04      3 +008.0948 +007.4825 +001.7666 -037.5742 +000.6543 +000.4652 0
L1 05      3 +016.0770 +004.3650 -001.8023 -159.4412 +060.2106 +026.2927 0
L1 06      3 +014.9188 +004.1355 -003.4269 -173.5682 +052.1146 +023.5646 0
L1 07      3 +014.3319 +003.9954 -004.4736 +091.3644 +032.8170 -044.8966 0
L1 08      3 +013.7938 +003.9076 -004.9815 +001.3745 -050.4397 -019.0311 0
L1 01      7 +015.4463 +006.7016 +001.3874 -052.5052 +008.3161 +002.9788 0
L1 02      7 +002.4788 +007.8069 +001.7731 -150.4183 +001.7451 -179.7961 0
L1 03      7 +016.0679 +005.9397 -000.7627 -059.9464 -004.8012 +092.5572 0
L1 04      7 +008.0949 +007.4824 +001.7665 -037.5753 +000.6547 +000.4649 0
L1 05      7 +016.0770 +004.3649 -001.8020 -159.4397 +060.2121 +026.2955 0
L1 06      7 +014.9187 +004.1356 -003.4269 -173.5653 +052.1139 +023.5658 0
L1 07      7 +014.3317 +003.9954 -004.4736 +091.3668 +032.8186 -044.8949 0
L1 08      7 +013.7938 +003.9074 -004.9813 +001.3743 -050.4388 -019.0328 0
L1 01     11 +015.4462 +006.7019 +001.3876 -052.5032 +008.3186 +002.9821 0
L1 02     11 +002.4788 +007.8069 +001.7731 -150.4186 +001.7452 -179.7961 0
L1 03     11 +016.0681 +005.9391 -000.7625 -059.9497 -004.8017 +092.5579 0
L1 04     11 +008.0949 +007.4824 +001.7665 -037.5752 +000.6548 +000.4647 0
L1 05     11 +016.0770 +004.3646 -001.8021 -159.4423 +060.2104 +026.2955 0
L1 06     11 +014.9188 +004.1349 -003.4262 -173.5679 +052.1164 +023.5673 0
L1 07     11 +014.3318 +003.9952 -004.4731 +091.3635 +032.8171 -044.8980 0
L1 08     11 +013.7938 +003.9071 -004.9813 +001.3736 -050.4379 -019.0338 0
L1 01     15 +015.4462 +006.7017 +001.3877 -052.5042 +008.3175 +002.9812 0
L1 02     15 +002.4788 +007.8069 +001.7731 -150.4185 +001.7448 -179.7960 0
L1 03     15 +016.0680 +005.9391 -000.7627 -059.9491 -004.8015 +092.5567 0
L1 04     15 +008.0949 +007.4823 +001.7665 -037.5756 +000.6547 +000.4648 0
L1 05     15 +016.0769 +004.3647 -001.8023 -159.4411 +060.2096 +026.2964 0
L1 06     15 +014.9188 +004.1351 -003.4263 -173.5663 +052.1158 +023.5676 0
L1 07     15 +014.3318 +003.9949 -004.4731 +091.3641 +032.8160 -044.8969 0
L1 08     15 +013.7937 +003.9071 -004.9813 +001.3751 -050.4376 -019.0333 0
L1 01     19 +015.4462 +006.7017 +001.3875 -052.5050 +008.3180 +002.9802 0
L1 02     19 +002.4788 +007.8069 +001.7731 -150.4187 +001.7450 -179.7962 0
L1 03     19 +016.0681 +005.9391 -000.7626 -059.9501 -004.8021 +092.5571 0
L1 04     19 +008.0949 +007.4824 +001.7665 -037.5752 +000.6544 +000.4649 0
L1 05     19 +016.0769 +004.3647 -001.8024 -159.4420 +060.2098 +026.2956 0
L1 06     19 +014.9188 +004.1350 -003.4267 -173.5677 +052.1156 +023.5667 0
L1 07     19 +014.3319 +003.9949 -004.4732 +091.3639 +032.8143 -044.8980 0
L1 08     19 +013.7939 +003.9072 -004.9813 +001.3751 -050.4401 -019.0325 0
L1 01     23 +015.4462 +006.7019 +001.3876 -052.5048 +008.3189 +002.9826 0
L1 02     23 +002.4788 +007.8069 +001.7731 -150.4187 +001.7449 -179.7960 0
L1 03     23 +016.0682 +005.9390 -000.7625 -059.9514 -004.8016 +092.5589 0
L1 04     23 +008.0949 +007.4824 +001.7665 -037.5753 +000.6546 +000.4648 0
L1 05     23 +016.0769 +004.3648 -001.8026 -159.4435 +060.2097 +026.2938 0
L1 06     23 +014.9189 +004.1351 -003.4268 -173.5695 +052.1185 +023.5647 0
L1 07     23 +014.3321 +003.9951 -004.4733 +091.3615 +032.8130 -044.9029 0
L1 08     23 +013.7942 +003.9073 -004.9814 +001.3735 -050.4457 -019.0306 0
L1 01     27 +015.4461 +006.7021 +001.3880 -052.5024 +008.3167 +002.9866 0
L1 02     27 +002.4788 +007.8069 +001.7731 -150.4184 +001.7449 -179.7960 0
L1 03     27 +016.0682 +005.9390 -000.7624 -059.9506 -004.8016 +092.5599 0
L1 04     27 +008.0948 +007.4824 +001.7665 -037.5748 +000.6543 +000.4649 0
L1 05     27 +016.0771 +004.3645 -001.8022 -159.4444 +060.2134 +026.2948 0
L1 06     27 +014.9191 +004.1350 -003.4268 -173.5709 +052.1217 +023.5663 0
L1 07     27 +014.3322 +003.9954 -004.4731 +091.3580 +032.8132 -044.9108 0
L1 08     27 +013.7943 +003.9075 -004.9814 +001.3717 -050.4482 -019.0280 0
L1 01     31 +015.4461 +006.7021 +001.3882 -052.5030 +008.3171 +002.9864 0
L1 02     31 +002.4788 +007.8069 +001.7731 -150.4184 +001.7451 -179.7960 0
L1 03     31 +016.0681 +005.9393 -000.7626 -059.9490 -004.8020 +092.5590 0
L1 04     31 +008.0949 +007.4824 +001.7666 -037.5750 +000.6543 +000.4654 0
L1 05     31 +016.0770 +004.3650 -001.8024 -159.4416 +060.2129 +026.2945 0
L1 06     31 +014.9191 +004.1351 -003.4267 -173.5676 +052.1241 +023.5666 0
L1 07     31 +014.3323 +003.9951 -004.4733 +091.3586 +032.8149 -044.9080 0
L1 08     31 +013.7944 +003.9074 -004.9816 +001.3753 -050.4477 -019.0307 0
L1 01     35 +015.4461 +006.7023 +001.3876 -052.5029 +008.3193 +002.9820 0
L1 02     35 +002.4788 +007.8069 +001.7731 -150.4182 +001.7450 -179.7959 0
L1 03     35 +016.0681 +005.9395 -000.7626 -059.9468 -004.8017 +092.5584 0
L1 04     35 +008.0948 +007.4825 +001.7665 -037.5741 +000.6545 +000.4647 0
L1 05     35 +016.0771 +004.3647 -001.8021 -159.4419 +060.2146 +026.2952 0
L1 06     35 +014.9191 +004.1354 -003.4266 -173.5616 +052.1259 +023.5664 0
L1 07     35 +014.3324 +003.9953 -004.4733 +091.3632 +032.8134 -044.9106 0
L1 08     35 +013.7945 +003.9074 -004.9816 +001.3776 -050.4492 -019.0309 0
L1 01     39 +015.4462 +006.7022 +001.3876 -052.5050 +008.3206 +002.9816 0
L1 02     39 +002.4788 +007.8069 +001.7731 -150.4181 +001.7450 -179.7959 0
L1 03     39 +016.0681 +005.9394 -000.7629 -059.9480 -004.8023 +092.5567 0
L1 04     39 +008.0948 +007.4825 +001.7665 -037.5743 +000.6542 +000.4649 0
L1 05     39 +016.0772 +004.3647 -001.8022 -159.4381 +060.2130 +026.2984 0
L1 06     39 +014.9192 +004.1352 -003.4266 -173.5601 +052.1290 +023.5690 0
L1 07     39 +014.3324 +003.9950 -004.4736 +091.3641 +032.8137 -044.9085 0
L1 08     39 +013.7946 +003.9071 -004.9817 +001.3809 -050.4513 -019.0346 0
L1 01     43 +015.4460 +006.7025 +001.3877 -052.5029 +008.3205 +002.9819 0
L1 02     43 +002.4788 +007.8069 +001.7731 -150.4180 +001.7450 -179.7959 0
L1 03     43 +016.0681 +005.9395 -000.7628 -059.9464 -004.8029 +092.5571 0
L1 04     43 +008.0948 +007.4825 +001.7665 -037.5742 +000.6544 +000.4647 0
L1 05     43 +016.0771 +004.3646 -001.8023 -159.4376 +060.2121 +026.2989 0
L1 06     43 +014.9193 +004.1348 -003.4268 -173.5603 +052.1297 +023.5697 0
L1 07     43 +014.3325 +003.9950 -004.4737 +091.3656 +032.8116 -044.9108 0
L1 08     43 +013.7947 +003.9070 -004.9816 +001.3833 -050.4539 -019.0343 0
L1 01     47 +015.4462 +006.7020 +001.3877 -052.5074 +008.3191 +002.9812 0
L1 02     47 +002.4788 +007.8069 +001.7731 -150.4184 +001.7448 -179.7958 0
L1 03     47 +016.0681 +005.9394 -000.7628 -059.9473 -004.8025 +092.5574 0
L1 04     47 +008.0948 +007.4825 +001.7665 -037.5742 +000.6544 +000.4646 0
L1 05     47 +016.0772 +004.3647 -001.8020 -159.4370 +060.2139 +026.2995 0
L1 06     47 +014.9191 +004.1354 -003.4272 -173.5589 +052.1271 +023.5678 0
L1 07     47 +014.3325 +003.9953 -004.4734 +091.3628 +032.8097 -044.9169 0
L1 08     47 +013.7947 +003.9071 -004.9816 +001.3795 -050.4549 -019.0324 0
L1 01     51 +015.4462 +006.7022 +001.3876 -052.5077 +008.3223 +002.9809 0
L1 02     51 +002.4788 +007.8069 +001.7731 -150.4187 +001.7448 -179.7960 0
L1 03     51 +016.0683 +005.9389 -000.7628 -059.9515 -004.8024 +092.5573 0
L1 04     51 +008.0948 +007.4825 +001.7665 -037.5744 +000.6545 +000.4645 0
L1 05     51 +016.0772 +004.3644 -001.8024 -159.4409 +060.2117 +026.3001 0
L1 06     51 +014.9192 +004.1350 -003.4269 -173.5661 +052.1287 +023.5659 0
L1 07     51 +014.3328 +003.9948 -004.4734 +091.3536 +032.8102 -044.9169 0
L1 08     51 +013.7948 +003.9070 -004.9816 +001.3746 -050.4552 -019.0312 0
L1 01     55 +015.4462 +006.7020 +001.3872 -052.5089 +008.3220 +002.9793 0
L1 02     55 +002.4788 +007.8069 +001.7731 -150.4188 +001.7447 -179.7958 0
L1 03     55 +016.0682 +005.9392 -000.7628 -059.9490 -004.8014 +092.5578 0
L1 04     55 +008.0949 +007.4824 +001.7665 -037.5747 +000.6546 +000.4646 0
L1 05     55 +016.0772 +004.3646 -001.8022 -159.4431 +060.2137 +026.2950 0
L1 06     55 +014.9192 +004.1352 -003.4270 -173.5652 +052.1298 +023.5654 0
L1 07     55 +014.3326 +003.9953 -004.4736 +091.3594 +032.8082 -044.9154 0
L1 08     55 +013.7949 +003.9072 -004.9817 +001.3729 -050.4567 -019.0268 0
L1 01     59 +015.4462 +006.7019 +001.3873 -052.5102 +008.3222 +002.9799 0
L1 02     59 +002.4788 +007.8069 +001.7731 -150.4189 +001.7449 -179.7962 0
L1 03     59 +016.0681 +005.9393 -000.7627 -059.9491 -004.8012 +092.5582 0
L1 04     59 +008.0949 +007.4824 +001.7665 -037.5749 +000.6548 +000.4647 0
L1 05     59 +016.0772 +004.3647 -001.8021 -159.4412 +060.2147 +026.2974 0
L1 06     59 +014.9192 +004.1353 -003.4269 -173.5680 +052.1322 +023.5622 0
L1 07     59 +014.3327 +003.9952 -004.4736 +091.3565 +032.8073 -044.9179 0
L1 08     59 +013.7949 +003.9075 -004.9818 +001.3691 -050.4583 -019.0241 0
L1 01     63 +015.4463 +006.7018 +001.3876 -052.5108 +008.3217 +002.9827 0
L1 02     63 +002.4788 +007.8069 +001.7731 -150.4188 +001.7448 -179.7960 0
L1 03     63 +016.0681 +005.9392 -000.7626 -059.9499 -004.8009 +092.5599 0
L1 04     63 +008.0949 +007.4824 +001.7665 -037.5749 +000.6549 +000.4645 0
L1 05     63 +016.0771 +004.3648 -001.8021 -159.4465 +060.2153 +026.2928 0
L1 06     63 +014.9193 +004.1354 -003.4269 -173.5777 +052.1369 +023.5560 0
L1 07     63 +014.3328 +003.9954 -004.4736 +091.3496 +032.8027 -044.9232 0
L1 08     63 +013.7950 +003.9078 -004.9819 +001.3589 -050.4610 -019.0169 0
L1 01     67 +015.4463 +006.7016 +001.3877 -052.5111 +008.3200 +002.9837 0
L1 02     67 +002.4788 +007.8069 +001.7731 -150.4189 +001.7447 -179.7960 0
L1 03     67 +016.0681 +005.9394 -000.7625 -059.9493 -004.8007 +092.5606 0
L1 04     67 +008.0949 +007.4824 +001.7665 -037.5757 +000.6548 +000.4647 0
L1 05     67 +016.0771 +004.3650 -001.8022 -159.4481 +060.2155 +026.2904 0
L1 06     67 +014.9193 +004.1359 -003.4266 -173.5845 +052.1413 +023.5475 0
L1 07     67 +014.3328 +003.9959 -004.4734 +091.3471 +032.7982 -044.9259 0
L1 08     67 +013.7949 +003.9084 -004.9820 +001.3527 -050.4611 -019.0090 0
L1 01     71 +015.4459 +006.7029 +001.3881 -052.5018 +008.3211 +002.9870 0
L1 02     71 +002.4788 +007.8069 +001.7731 -150.4185 +001.7449 -179.7959 0
L1 03     71 +016.0680 +005.9397 -000.7625 -059.9456 -004.8007 +092.5607 0
L1 04     71 +008.0948 +007.4825 +001.7666 -037.5743 +000.6547 +000.4650 0
L1 05     71 +016.0770 +004.3651 -001.8022 -159.4505 +060.2147 +026.2865 0
L1 06     71 +014.9193 +004.1358 -003.4265 -173.5872 +052.1383 +023.5456 0
L1 07     71 +014.3327 +003.9958 -004.4733 +091.3463 +032.8003 -044.9238 0
L1 08     71 +013.7946 +003.9085 -004.9818 +001.3535 -050.4578 -019.0083 0
L1 01     75 +015.4462 +006.7023 +001.3878 -052.5056 +008.3197 +002.9824 0
L1 02     75 +002.4788 +007.8069 +001.7731 -150.4183 +001.7450 -179.7959 0
L1 03     75 +016.0678 +005.9402 -000.7627 -059.9424 -004.8012 +092.5571 0
L1 04     75 +008.0948 +007.4825 +001.7665 -037.5736 +000.6544 +000.4645 0
L1 05     75 +016.0769 +004.3653 -001.8021 -159.4491 +060.2128 +026.2854 0
L1 06     75 +014.9189 +004.1360 -003.4269 -173.5826 +052.1271 +023.5463 0
L1 07     75 +014.3321 +003.9963 -004.4736 +091.3596 +032.8013 -044.9091 0
L1 08     75 +013.7942 +003.9084 -004.9817 +001.3574 -050.4517 -019.0118 0
L1 01     79 +015.4461 +006.7024 +001.3876 -052.5065 +008.3230 +002.9812 0
L1 02     79 +002.4788 +007.8069 +001.7731 -150.4185 +001.7450 -179.7959 0
L1 03     79 +016.0681 +005.9393 -000.7627 -059.9479 -004.8006 +092.5567 0
L1 04     79 +008.0948 +007.4825 +001.7665 -037.5743 +000.6544 +000.4646 0
L1 05     79 +016.0769 +004.3649 -001.8024 -159.4521 +060.2093 +026.2861 0
L1 06     79 +014.9189 +004.1354 -003.4268 -173.5864 +052.1257 +023.5507 0
L1 07     79 +014.3320 +003.9958 -004.4734 +091.3538 +032.8033 -044.9082 0
L1 08     79 +013.7941 +003.9080 -004.9816 +001.3563 -050.4496 -019.0153 0
L1 01     83 +015.4461 +006.7024 +001.3878 -052.5063 +008.3232 +002.9829 0
L1 02     83 +002.4788 +007.8069 +001.7731 -150.4183 +001.7452 -179.7959 0
L1 03     83 +016.0681 +005.9392 -000.7626 -059.9490 -004.8003 +092.5572 0
L1 04     83 +008.0949 +007.4824 +001.7666 -037.5750 +000.6543 +000.4652 0
L1 05     83 +016.0770 +004.3642 -001.8022 -159.4587 +060.2108 +026.2848 0
L1 06     83 +014.9188 +004.1354 -003.4271 -173.5928 +052.1236 +023.5448 0
L1 07     83 +014.3321 +003.9961 -004.4730 +091.3503 +032.8010 -044.9124 0
L1 08     83 +013.7941 +003.9082 -004.9815 +001.3511 -050.4500 -019.0107 0
L1 01     87 +015.4461 +006.7021 +001.3875 -052.5074 +008.3215 +002.9811 0
L1 02     87 +002.4788 +007.8069 +001.7731 -150.4183 +001.7449 -179.7957 0
L1 03     87 +016.0680 +005.9395 -000.7626 -059.9474 -004.7995 +092.5581 0
L1 04     87 +008.0948 +007.4825 +001.7665 -037.5742 +000.6543 +000.4649 0
L1 05     87 +016.0768 +004.3652 -001.8022 -159.4574 +060.2117 +026.2805 0
L1 06     87 +014.9187 +004.1362 -003.4271 -173.5940 +052.1250 +023.5395 0
L1 07     87 +014.3322 +003.9961 -004.4732 +091.3471 +032.8016 -044.9137 0
L1 08     87 +013.7941 +003.9086 -004.9817 +001.3425 -050.4501 -019.0027 0
L1 01     91 +015.4461 +006.7022 +001.3875 -052.5060 +008.3230 +002.9810 0
L1 02     91 +002.4788 +007.8069 +001.7731 -150.4182 +001.7451 -179.7959 0
L1 03     91 +016.0680 +005.9396 -000.7626 -059.9469 -004.7995 +092.5582 0
L1 04     91 +008.0948 +007.4825 +001.7665 -037.5741 +000.6545 +000.4650 0
L1 05     91 +016.0768 +004.3654 -001.8021 -159.4603 +060.2125 +026.2769 0
L1 06     91 +014.9187 +004.1362 -003.4269 -173.6008 +052.1252 +023.5366 0
L1 07     91 +014.3320 +003.9966 -004.4735 +091.3446 +032.7997 -044.9079 0
L1 08     91 +013.7940 +003.9092 -004.9815 +001.3296 -050.4489 -018.9942 0
L1 01     95 +015.4461 +006.7022 +001.3873 -052.5068 +008.3245 +002.9796 0
L1 02     95 +002.4788 +007.8069 +001.7731 -150.4185 +001.7450 -179.7959 0
L1 03     95 +016.0680 +005.9394 -000.7627 -059.9491 -004.7992 +092.5573 0
L1 04     95 +008.0949 +007.4824 +001.7665 -037.5753 +000.6547 +000.4649 0
L1 05     95 +016.0767 +004.3652 -001.8022 -159.4690 +060.2108 +026.2715 0
L1 06     95 +014.9186 +004.1361 -003.4268 -173.6052 +052.1216 +023.5368 0
L1 07     95 +014.3317 +003.9965 -004.4733 +091.3393 +032.8031 -044.9036 0
L1 08     95 +013.7936 +003.9089 -004.9815 +001.3286 -050.4424 -019.0000 0
L1 01     99 +015.4461 +006.7023 +001.3878 -052.5052 +008.3250 +002.9834 0
L1 02     99 +002.4788 +007.8069 +001.7731 -150.4183 +001.7451 -179.7960 0
L1 03     99 +016.0681 +005.9389 -000.7626 -059.9519 -004.7992 +092.5565 0
L1 04     99 +008.0949 +007.4824 +001.7665 -037.5748 +000.6545 +000.4650 0
L1 05     99 +016.0768 +004.3645 -001.8015 -159.4732 +060.2124 +026.2732 0
L1 06     99 +014.9185 +004.1351 -003.4263 -173.6149 +052.1145 +023.5401 0
L1 07     99 +014.3313 +003.9962 -004.4731 +091.3413 +032.8083 -044.8937 0
L1 08     99 +013.7931 +003.9086 -004.9812 +001.3290 -050.4341 -019.0040 0
L1 01    103 +015.4461 +006.7022 +001.3876 -052.5063 +008.3248 +002.9811 0
L1 02    103 +002.4788 +007.8069 +001.7731 -150.4184 +001.7451 -179.7961 0
L1 03    103 +016.0680 +005.9391 -000.7627 -059.9499 -004.7992 +092.5542 0
L1 04    103 +008.0949 +007.4824 +001.7665 -037.5747 +000.6544 +000.4647 0
L1 05    103 +016.0766 +004.3651 -001.8019 -159.4713 +060.2072 +026.2700 0
L1 06    103 +014.9181 +004.1359 -003.4264 -173.6096 +052.1101 +023.5386 0
L1 07    103 +014.3310 +003.9960 -004.4732 +091.3432 +032.8110 -044.8884 0
L1 08    103 +013.7929 +003.9089 -004.9810 +001.3280 -050.4321 -019.0017 0
L1 01    107 +015.4461 +006.7023 +001.3879 -052.5055 +008.3239 +002.9834 0
L1 02    107 +002.4788 +007.8069 +001.7731 -150.4185 +001.7450 -179.7960 0
L1 03    107 +016.0679 +005.9392 -000.7628 -059.9502 -004.7988 +092.5553 0
L1 04    107 +008.0949 +007.4824 +001.7665 -037.5747 +000.6544 +000.4647 0
L1 05    107 +016.0765 +004.3653 -001.8022 -159.4726 +060.2075 +026.2680 0
L1 06    107 +014.9181 +004.1359 -003.4265 -173.6153 +052.1123 +023.5354 0
L1 07    107 +014.3312 +003.9959 -004.4733 +091.3363 +032.8081 -044.8950 0
L1 08    107 +013.7930 +003.9091 -004.9813 +001.3234 -050.4342 -018.9977 0
L1 01    111 +015.4462 +006.7021 +001.3877 -052.5066 +008.3231 +002.9815 0
L1 02    111 +002.4788 +007.8069 +001.7731 -150.4185 +001.7450 -179.7960 0
L1 03    111 +016.0679 +005.9395 -000.7628 -059.9487 -004.7994 +092.5547 0
L1 04    111 +008.0949 +007.4824 +001.7665 -037.5746 +000.6545 +000.4647 0
L1 05    111 +016.0767 +004.3650 -001.8023 -159.4768 +060.2075 +026.2660 0
L1 06    111 +014.9182 +004.1360 -003.4266 -173.6177 +052.1126 +023.5339 0
L1 07    111 +014.3311 +003.9967 -004.4734 +091.3399 +032.8066 -044.8938 0
L1 08    111 +013.7930 +003.9094 -004.9814 +001.3194 -050.4350 -018.9941 0
L1 01    115 +015.4462 +006.7022 +001.3871 -052.5061 +008.3272 +002.9776 0
L1 02    115 +002.4788 +007.8069 +001.7731 -150.4185 +001.7450 -179.7961 0
L1 03    115 +016.0681 +005.9393 -000.7629 -059.9491 -004.7987 +092.5549 0
L1 04    115 +008.0949 +007.4825 +001.7666 -037.5745 +000.6545 +000.4650 0
L1 05    115 +016.0766 +004.3651 -001.8023 -159.4783 +060.2073 +026.2633 0
L1 06    115 +014.9181 +004.1360 -003.4269 -173.6212 +052.1083 +023.5312 0
L1 07    115 +014.3310 +003.9969 -004.4732 +091.3387 +032.8090 -044.8926 0
L1 08    115 +013.7929 +003.9094 -004.9814 +001.3157 -050.4324 -018.9936 0
L1 01    119 +015.4462 +006.7019 +001.3873 -052.5072 +008.3236 +002.9778 0
L1 02    119 +002.4788 +007.8069 +001.7731 -150.4184 +001.7449 -179.7960 0
L1 03    119 +016.0679 +005.9398 -000.7627 -059.9468 -004.7982 +092.5558 0
L1 04    119 +008.0948 +007.4825 +001.7665 -037.5737 +000.6544 +000.4647 0
L1 05    119 +016.0766 +004.3655 -001.8023 -159.4815 +060.2070 +026.2584 0
L1 06    119 +014.9179 +004.1366 -003.4270 -173.6211 +052.1046 +023.5292 0
L1 07    119 +014.3309 +003.9973 -004.4731 +091.3385 +032.8091 -044.8898 0
L1 08    119 +013.7926 +003.9100 -004.9814 +001.3105 -050.4290 -018.9874 0
L1 01    123 +015.4463 +006.7020 +001.3870 -052.5086 +008.3271 +002.9749 0
L1 02    123 +002.4788 +007.8069 +001.7731 -150.4184 +001.7451 -179.7963 0
L1 03    123 +016.0680 +005.9396 -000.7628 -059.9486 -004.7980 +092.5554 0
L1 04    123 +008.0948 +007.4825 +001.7665 -037.5742 +000.6545 +000.4650 0
L1 05    123 +016.0766 +004.3653 -001.8021 -159.4867 +060.2069 +026.2549 0
L1 06    123 +014.9179 +004.1363 -003.4271 -173.6254 +052.1015 +023.5263 0
L1 07    123 +014.3308 +003.9969 -004.4734 +091.3374 +032.8107 -044.8825 0
L1 08    123 +013.7926 +003.9096 -004.9813 +001.3089 -050.4275 -018.9899 0
L1 01    127 +015.4462 +006.7021 +001.3870 -052.5082 +008.3282 +002.9756 0
L1 02    127 +002.4788 +007.8069 +001.7731 -150.4185 +001.7452 -179.7963 0
L1 03    127 +016.0680 +005.9393 -000.7628 -059.9501 -004.7981 +092.5542 0
L1 04    127 +008.0948 +007.4825 +001.7665 -037.5746 +000.6545 +000.4649 0
L1 05    127 +016.0767 +004.3647 -001.8023 -159.4909 +060.2046 +026.2549 0
L1 06    127 +014.9179 +004.1364 -003.4267 -173.6250 +052.1018 +023.5273 0
L1 07    127 +014.3307 +003.9970 -004.4731 +091.3361 +032.8105 -044.8837 0
L1 08    127 +013.7924 +003.9097 -004.9812 +001.3076 -050.4253 -018.9890 0
L1 01    131 +015.4462 +006.7020 +001.3874 -052.5076 +008.3258 +002.9785 0
L1 02    131 +002.4788 +007.8069 +001.7731 -150.4182 +001.7451 -179.7961 0
L1 03    131 +016.0679 +005.9395 -000.7628 -059.9493 -004.7979 +092.5539 0
L1 04    131 +008.0949 +007.4825 +001.7665 -037.5746 +000.6543 +000.4649 0
L1 05    131 +016.0765 +004.3650 -001.8023 -159.4906 +060.2033 +026.2548 0
L1 06    131 +014.9177 +004.1364 -003.4267 -173.6304 +052.0986 +023.5247 0
L1 07    131 +014.3304 +003.9972 -004.4731 +091.3348 +032.8134 -044.8814 0
L1 08    131 +013.7921 +003.9098 -004.9810 +001.3027 -050.4204 -018.9870 0
L1 01    135 +015.4460 +006.7024 +001.3871 -052.5056 +008.3282 +002.9766 0
L1 02    135 +002.4788 +007.8069 +001.7731 -150.4185 +001.7451 -179.7960 0
L1 03    135 +016.0680 +005.9393 -000.7627 -059.9499 -004.7973 +092.5543 0
L1 04    135 +008.0949 +007.4824 +001.7666 -037.5748 +000.6545 +000.4651 0
L1 05    135 +016.0764 +004.3650 -001.8022 -159.4955 +060.2031 +026.2494 0
L1 06    135 +014.9175 +004.1364 -003.4265 -173.6384 +052.0909 +023.5192 0
L1 07    135 +014.3301 +003.9971 -004.4731 +091.3358 +032.8145 -044.8707 0
L1 08    135 +013.7917 +003.9099 -004.9809 +001.2992 -050.4135 -018.9882 0
L1 01    139 +015.4462 +006.7021 +001.3875 -052.5064 +008.3270 +002.9799 0
L1 02    139 +002.4788 +007.8069 +001.7731 -150.4186 +001.7450 -179.7960 0
L1 03    139 +016.0679 +005.9392 -000.7627 -059.9507 -004.7972 +092.5539 0
L1 04    139 +008.0949 +007.4824 +001.7665 -037.5752 +000.6546 +000.4649 0
L1 05    139 +016.0764 +004.3648 -001.8023 -159.5010 +060.2007 +026.2467 0
L1 06    139 +014.9175 +004.1360 -003.4265 -173.6405 +052.0872 +023.5247 0
L1 07    139 +014.3299 +003.9971 -004.4729 +091.3369 +032.8135 -044.8663 0
L1 08    139 +013.7915 +003.9099 -004.9807 +001.2966 -050.4112 -018.9858 0
L1 01    143 +015.4462 +006.7020 +001.3874 -052.5069 +008.3272 +002.9777 0
L1 02    143 +002.4788 +007.8069 +001.7731 -150.4189 +001.7452 -179.7963 0
L1 03    143 +016.0679 +005.9393 -000.7630 -059.9488 -004.7969 +092.5524 0
L1 04    143 +008.0949 +007.4824 +001.7665 -037.5745 +000.6546 +000.4647 0
L1 05    143 +016.0764 +004.3648 -001.8024 -159.5014 +060.2015 +026.2459 0
L1 06    143 +014.9173 +004.1364 -003.4268 -173.6413 +052.0843 +023.5185 0
L1 07    143 +014.3300 +003.9972 -004.4728 +091.3350 +032.8102 -044.8685 0
L1 08    143 +013.7914 +003.9103 -004.9810 +001.2949 -050.4105 -018.9813 0
L1 01    147 +015.4462 +006.7018 +001.3871 -052.5079 +008.3263 +002.9751 0
L1 02    147 +002.4788 +007.8069 +001.7731 -150.4187 +001.7451 -179.7962 0
L1 03    147 +016.0678 +005.9397 -000.7629 -059.9466 -004.7967 +092.5529 0
L1 04    147 +008.0949 +007.4824 +001.7666 -037.5745 +000.6545 +000.4651 0
L1 05    147 +016.0763 +004.3655 -001.8024 -159.4964 +060.2030 +026.2467 0
L1 06    147 +014.9174 +004.1369 -003.4269 -173.6405 +052.0868 +023.5168 0
L1 07    147 +014.3299 +003.9976 -004.4730 +091.3357 +032.8093 -044.8694 0
L1 08    147 +013.7916 +003.9106 -004.9810 +001.2915 -050.4136 -018.9782 0
L1 01    151 +015.4463 +006.7019 +001.3874 -052.5071 +008.3263 +002.9772 0
L1 02    151 +002.4788 +007.8069 +001.7731 -150.4186 +001.7452 -179.7962 0
L1 03    151 +016.0679 +005.9396 -000.7631 -059.9480 -004.7966 +092.5519 0
L1 04    151 +008.0949 +007.4824 +001.7665 -037.5748 +000.6548 +000.4647 0
L1 05    151 +016.0764 +004.3652 -001.8024 -159.5003 +060.2022 +026.2448 0
L1 06    151 +014.9173 +004.1368 -003.4268 -173.6433 +052.0868 +023.5153 0
L1 07    151 +014.3299 +003.9974 -004.4729 +091.3334 +032.8130 -044.8700 0
L1 08    151 +013.7915 +003.9103 -004.9809 +001.2928 -050.4127 -018.9813 0
L1 01    155 +015.4461 +006.7023 +001.3875 -052.5036 +008.3275 +002.9791 0
L1 02    155 +002.4788 +007.8069 +001.7731 -150.4182 +001.7451 -179.7958 0
L1 03    155 +016.0678 +005.9396 -000.7628 -059.9475 -004.7966 +092.5526 0
L1 04    155 +008.0948 +007.4825 +001.7665 -037.5743 +000.6546 +000.4648 0
L1 05    155 +016.0763 +004.3651 -001.8022 -159.5001 +060.2017 +026.2461 0
L1 06    155 +014.9172 +004.1365 -003.4263 -173.6423 +052.0860 +023.5191 0
L1 07    155 +014.3297 +003.9972 -004.4728 +091.3343 +032.8165 -044.8653 0
L1 08    155 +013.7911 +003.9103 -004.9807 +001.2953 -050.4076 -018.9834 0
L1 01    159 +015.4460 +006.7024 +001.3877 -052.5031 +008.3267 +002.9806 0
L1 02    159 +002.4788 +007.8069 +001.7731 -150.4182 +001.7452 -179.7960 0
L1 03    159 +016.0678 +005.9394 -000.7627 -059.9489 -004.7968 +092.5522 0
L1 04    159 +008.0949 +007.4825 +001.7666 -037.5745 +000.6545 +000.4651 0
L1 05    159 +016.0761 +004.3655 -001.8023 -159.5033 +060.1996 +026.2401 0
L1 06    159 +014.9170 +004.1362 -003.4263 -173.6429 +052.0793 +023.5225 0
L1 07    159 +014.3293 +003.9972 -004.4727 +091.3385 +032.8216 -044.8559 0
L1 08    159 +013.7907 +003.9102 -004.9804 +001.2964 -050.4012 -018.9862 0
L1 01    163 +015.4461 +006.7023 +001.3876 -052.5048 +008.3275 +002.9806 0
L1 02    163 +002.4788 +007.8069 +001.7731 -150.4184 +001.7452 -179.7960 0
L1 03    163 +016.0679 +005.9391 -000.7627 -059.9512 -004.7966 +092.5521 0
L1 04    163 +008.0949 +007.4824 +001.7666 -037.5751 +000.6546 +000.4653 0
L1 05    163 +016.0762 +004.3650 -001.8023 -159.5086 +060.2002 +026.2391 0
L1 06    163 +014.9171 +004.1360 -003.4260 -173.6468 +052.0795 +023.5210 0
L1 07    163 +014.3293 +003.9970 -004.4726 +091.3369 +032.8203 -044.8543 0
L1 08    163 +013.7908 +003.9101 -004.9804 +001.2921 -050.4008 -018.9845 0
L1 01    167 +015.4460 +006.7024 +001.3877 -052.5044 +008.3293 +002.9813 0
L1 02    167 +002.4788 +007.8069 +001.7731 -150.4187 +001.7453 -179.7962 0
L1 03    167 +016.0679 +005.9388 -000.7630 -059.9530 -004.7961 +092.5516 0
L1 04    167 +008.0949 +007.4824 +001.7666 -037.5758 +000.6549 +000.4652 0
L1 05    167 +016.0763 +004.3648 -001.8023 -159.5115 +060.2024 +026.2380 0
L1 06    167 +014.9172 +004.1357 -003.4265 -173.6499 +052.0799 +023.5194 0
L1 07    167 +014.3295 +003.9968 -004.4726 +091.3277 +032.8195 -044.8619 0
L1 08    167 +013.7911 +003.9100 -004.9805 +001.2885 -050.4053 -018.9823 0
L1 01    171 +015.4461 +006.7022 +001.3880 -052.5044 +008.3276 +002.9847 0
L1 02    171 +002.4788 +007.8069 +001.7731 -150.4185 +001.7452 -179.7961 0
L1 03    171 +016.0679 +005.9391 -000.7628 -059.9516 -004.7963 +092.5536 0
L1 04    171 +008.0948 +007.4824 +001.7666 -037.5744 +000.6546 +000.4655 0
L1 05    171 +016.0764 +004.3648 -001.8023 -159.5119 +060.2047 +026.2374 0
L1 06    171 +014.9172 +004.1363 -003.4266 -173.6539 +052.0829 +023.5125 0
L1 07    171 +014.3297 +003.9970 -004.4728 +091.3269 +032.8180 -044.8648 0
L1 08    171 +013.7912 +003.9106 -004.9807 +001.2840 -050.4084 -018.9755 0
L1 01    175 +015.4462 +006.7023 +001.3876 -052.5057 +008.3298 +002.9807 0
L1 02    175 +002.4788 +007.8069 +001.7731 -150.4183 +001.7452 -179.7960 0
L1 03    175 +016.0680 +005.9391 -000.7627 -059.9517 -004.7960 +092.5537 0
L1 04    175 +008.0949 +007.4824 +001.7666 -037.5747 +000.6545 +000.4656 0
L1 05    175 +016.0762 +004.3654 -001.8024 -159.5104 +060.2031 +026.2356 0
L1 06    175 +014.9171 +004.1365 -003.4265 -173.6543 +052.0820 +023.5123 0
L1 07    175 +014.3295 +003.9973 -004.4728 +091.3287 +032.8175 -044.8625 0
L1 08    175 +013.7910 +003.9105 -004.9808 +001.2823 -050.4052 -018.9770 0
L1 01    179 +015.4460 +006.7025 +001.3878 -052.5043 +008.3289 +002.9814 0
L1 02    179 +002.4788 +007.8069 +001.7731 -150.4183 +001.7455 -179.7961 0
L1 03    179 +016.0679 +005.9393 -000.7628 -059.9498 -004.7968 +092.5522 0
L1 04    179 +008.0948 +007.4825 +001.7665 -037.5738 +000.6546 +000.4650 0
L1 05    179 +016.0761 +004.3652 -001.8024 -159.5110 +060.2002 +026.2355 0
L1 06    179 +014.9170 +004.1361 -003.4264 -173.6540 +052.0750 +023.5177 0
L1 07    179 +014.3292 +003.9973 -004.4727 +091.3313 +032.8207 -044.8538 0
L1 08    179 +013.7904 +003.9106 -004.9804 +001.2841 -050.3980 -018.9797 0
L1 01    183 +015.4461 +006.7021 +001.3868 -052.5095 +008.3318 +002.9728 0
L1 02    183 +002.4788 +007.8069 +001.7731 -150.4185 +001.7454 -179.7962 0
L1 03    183 +016.0679 +005.9391 -000.7626 -059.9514 -004.7971 +092.5521 0
L1 04    183 +008.0948 +007.4825 +001.7665 -037.5743 +000.6548 +000.4649 0
L1 05    183 +016.0762 +004.3647 -001.8023 -159.5150 +060.1977 +026.2368 0
L1 06    183 +014.9168 +004.1362 -003.4263 -173.6501 +052.0678 +023.5215 0
L1 07    183 +014.3288 +003.9973 -004.4727 +091.3342 +032.8267 -044.8428 0
L1 08    183 +013.7902 +003.9101 -004.9802 +001.2821 -050.3906 -018.9851 0
L1 01    187 +015.4461 +006.7024 +001.3872 -052.5051 +008.3309 +002.9763 0
L1 02    187 +002.4788 +007.8069 +001.7731 -150.4185 +001.7456 -179.7963 0
L1 03    187 +016.0678 +005.9392 -000.7628 -059.9499 -004.7969 +092.5506 0
L1 04    187 +008.0949 +007.4825 +001.7665 -037.5746 +000.6545 +000.4645 0
L1 05    187 +016.0762 +004.3648 -001.8023 -159.5143 +060.1987 +026.2356 0
L1 06    187 +014.9166 +004.1361 -003.4265 -173.6498 +052.0636 +023.5232 0
L1 07    187 +014.3289 +003.9971 -004.4723 +091.3297 +032.8263 -044.8490 0
L1 08    187 +013.7901 +003.9104 -004.9801 +001.2841 -050.3919 -018.9840 0
L1 01    191 +015.4462 +006.7021 +001.3874 -052.5061 +008.3304 +002.9778 0
L1 02    191 +002.4788 +007.8069 +001.7731 -150.4190 +001.7454 -179.7965 0
L1 03    191 +016.0679 +005.9391 -000.7629 -059.9512 -004.7964 +092.5505 0
L1 04    191 +008.0949 +007.4824 +001.7665 -037.5752 +000.6544 +000.4647 0
L1 05    191 +016.0762 +004.3646 -001.8026 -159.5172 +060.1975 +026.2350 0
L1 06    191 +014.9167 +004.1361 -003.4265 -173.6577 +052.0668 +023.5189 0
L1 07    191 +014.3287 +003.9972 -004.4727 +091.3301 +032.8262 -044.8445 0
L1 08    191 +013.7902 +003.9104 -004.9802 +001.2797 -050.3939 -018.9829 0
L1 01    195 +015.4461 +006.7022 +001.3879 -052.5024 +008.3292 +002.9834 0
L1 02    195 +002.4788 +007.8069 +001.7731 -150.4188 +001.7451 -179.7962 0
L1 03    195 +016.0678 +005.9392 -000.7627 -059.9512 -004.7968 +092.5519 0
L1 04    195 +008.0949 +007.4824 +001.7665 -037.5753 +000.6547 +000.4649 0
L1 05    195 +016.0760 +004.3653 -001.8029 -159.5204 +060.1972 +026.2289 0
L1 06    195 +014.9167 +004.1361 -003.4263 -173.6681 +052.0693 +023.5135 0
L1 07    195 +014.3287 +003.9975 -004.4725 +091.3245 +032.8252 -044.8481 0
L1 08    195 +013.7901 +003.9111 -004.9801 +001.2697 -050.3922 -018.9739 0
L1 01    199 +015.4461 +006.7022 +001.3878 -052.5028 +008.3305 +002.9819 0
L1 02    199 +002.4788 +007.8069 +001.7731 -150.4187 +001.7451 -179.7962 0
L1 03    199 +016.0679 +005.9390 -000.7628 -059.9523 -004.7958 +092.5516 0
L1 04    199 +008.0949 +007.4824 +001.7666 -037.5755 +000.6546 +000.4652 0
L1 05    199 +016.0759 +004.3652 -001.8025 -159.5251 +060.1979 +026.2248 0
L1 06    199 +014.9166 +004.1362 -003.4266 -173.6756 +052.0616 +023.5072 0
L1 07    199 +014.3287 +003.9975 -004.4724 +091.3185 +032.8233 -044.8419 0
L1 08    199 +013.7898 +003.9113 -004.9802 +001.2608 -050.3857 -018.9682 0
L1 01    203 +015.4462 +006.7020 +001.3875 -052.5037 +008.3299 +002.9788 0
L1 02    203 +002.4788 +007.8069 +001.7731 -150.4189 +001.7452 -179.7963 0
L1 03    203 +016.0679 +005.9391 -000.7630 -059.9520 -004.7946 +092.5504 0
L1 04    203 +008.0949 +007.4824 +001.7666 -037.5752 +000.6546 +000.4654 0
L1 05    203 +016.0759 +004.3650 -001.8026 -159.5333 +060.1970 +026.2186 0
L1 06    203 +014.9162 +004.1366 -003.4267 -173.6803 +052.0486 +023.5039 0
L1 07    203 +014.3281 +003.9979 -004.4724 +091.3244 +032.8254 -044.8313 0
L1 08    203 +013.7892 +003.9113 -004.9801 +001.2531 -050.3732 -018.9666 0
L1 01    207 +015.4461 +006.7021 +001.3874 -052.5028 +008.3301 +002.9777 0
L1 02    207 +002.4788 +007.8069 +001.7731 -150.4189 +001.7454 -179.7964 0
L1 03    207 +016.0678 +005.9393 -000.7631 -059.9511 -004.7939 +092.5493 0
L1 04    207 +008.0949 +007.4824 +001.7666 -037.5749 +000.6547 +000.4656 0
L1 05    207 +016.0758 +004.3654 -001.8027 -159.5330 +060.1958 +026.2164 0
L1 06    207 +014.9160 +004.1369 -003.4264 -173.6829 +052.0467 +023.4998 0
L1 07    207 +014.3277 +003.9983 -004.4719 +091.3267 +032.8253 -044.8271 0
L1 08    207 +013.7889 +003.9115 -004.9799 +001.2530 -050.3709 -018.9652 0
L1 01    211 +015.4462 +006.7020 +001.3872 -052.5050 +008.3302 +002.9762 0
L1 02    211 +002.4788 +007.8069 +001.7731 -150.4189 +001.7455 -179.7965 0
L1 03    211 +016.0679 +005.9391 -000.7630 -059.9524 -004.7937 +092.5496 0
L1 04    211 +008.0948 +007.4825 +001.7666 -037.5746 +000.6546 +000.4655 0
L1 05    211 +016.0759 +004.3654 -001.8023 -159.5321 +060.1983 +026.2170 0
L1 06    211 +014.9160 +004.1365 -003.4266 -173.6828 +052.0469 +023.5022 0
L1 07    211 +014.3279 +003.9979 -004.4722 +091.3256 +032.8278 -044.8269 0
L1 08    211 +013.7890 +003.9115 -004.9800 +001.2557 -050.3731 -018.9677 0
L1 01    215 +015.4461 +006.7022 +001.3875 -052.5020 +008.3289 +002.9795 0
L1 02    215 +002.4788 +007.8069 +001.7731 -150.4188 +001.7455 -179.7964 0
L1 03    215 +016.0678 +005.9394 -000.7630 -059.9499 -004.7939 +092.5500 0
L1 04    215 +008.0949 +007.4825 +001.7666 -037.5746 +000.6547 +000.4653 0
L1 05    215 +016.0758 +004.3655 -001.8024 -159.5307 +060.1982 +026.2176 0
L1 06    215 +014.9163 +004.1361 -003.4265 -173.6785 +052.0525 +023.5072 0
L1 07    215 +014.3280 +003.9976 -004.4725 +091.3251 +032.8289 -044.8301 0
L1 08    215 +013.7892 +003.9115 -004.9800 +001.2631 -050.3786 -018.9686 0
L1 01    219 +015.4461 +006.7022 +001.3873 -052.5030 +008.3287 +002.9771 0
L1 02    219 +002.4788 +007.8069 +001.7731 -150.4187 +001.7453 -179.7964 0
L1 03    219 +016.0678 +005.9393 -000.7629 -059.9507 -004.7948 +092.5501 0
L1 04    219 +008.0948 +007.4824 +001.7666 -037.5747 +000.6546 +000.4654 0
L1 05    219 +016.0759 +004.3652 -001.8026 -159.5278 +060.1967 +026.2211 0
L1 06    219 +014.9163 +004.1365 -003.4263 -173.6705 +052.0556 +023.5094 0
L1 07    219 +014.3281 +003.9977 -004.4725 +091.3281 +032.8318 -044.8329 0
L1 08    219 +013.7894 +003.9111 -004.9800 +001.2683 -050.3812 -018.9750 0
L1 01    223 +015.4460 +006.7023 +001.3877 -052.5025 +008.3278 +002.9797 0
L1 02    223 +002.4788 +007.8069 +001.7731 -150.4186 +001.7452 -179.7962 0
L1 03    223 +016.0677 +005.9393 -000.7628 -059.9503 -004.7955 +092.5499 0
L1 04    223 +008.0949 +007.4824 +001.7666 -037.5750 +000.6547 +000.4655 0
L1 05    223 +016.0759 +004.3653 -001.8025 -159.5297 +060.1966 +026.2194 0
L1 06    223 +014.9162 +004.1363 -003.4263 -173.6708 +052.0515 +023.5122 0
L1 07    223 +014.3280 +003.9976 -004.4721 +091.3258 +032.8343 -044.8334 0
L1 08    223 +013.7891 +003.9109 -004.9799 +001.2693 -050.3746 -018.9774 0
L1 01    227 +015.4460 +006.7023 +001.3877 -052.5015 +008.3289 +002.9803 0
L1 02    227 +002.4788 +007.8069 +001.7731 -150.4187 +001.7452 -179.7961 0
L1 03    227 +016.0677 +005.9394 -000.7628 -059.9495 -004.7951 +092.5495 0
L1 04    227 +008.0949 +007.4824 +001.7666 -037.5748 +000.6545 +000.4654 0
L1 05    227 +016.0759 +004.3650 -001.8022 -159.5338 +060.1968 +026.2177 0
L1 06    227 +014.9158 +004.1368 -003.4259 -173.6721 +052.0444 +023.5079 0
L1 07    227 +014.3276 +003.9973 -004.4722 +091.3300 +032.8360 -044.8154 0
L1 08    227 +013.7884 +003.9109 -004.9796 +001.2642 -050.3633 -018.9753 0
L1 01    231 +015.4457 +006.7033 +001.3878 -052.4969 +008.3363 +002.9828 0
L1 02    231 +002.4788 +007.8069 +001.7731 -150.4191 +001.7448 -179.7957 0
L1 03    231 +016.0680 +005.9386 -000.7626 -059.9547 -004.7934 +092.5486 0
L1 04    231 +008.0950 +007.4824 +001.7665 -037.5757 +000.6555 +000.4644 0
L1 05    231 +016.0758 +004.3648 -001.8020 -159.5462 +060.1972 +026.2085 0
L1 06    231 +014.9158 +004.1360 -003.4259 -173.6850 +052.0368 +023.5043 0
L1 07    231 +014.3273 +003.9970 -004.4715 +091.3269 +032.8363 -044.8095 0
L1 08    231 +013.7882 +003.9112 -004.9789 +001.2561 -050.3598 -018.9710 0
L1 01    235 +015.4458 +006.7029 +001.3880 -052.4974 +008.3342 +002.9841 0
L1 02    235 +002.4788 +007.8069 +001.7732 -150.4188 +001.7457 -179.7966 0
L1 03    235 +016.0678 +005.9390 -000.7626 -059.9520 -004.7928 +092.5502 0
L1 04    235 +008.0949 +007.4824 +001.7667 -037.5743 +000.6549 +000.4664 0
L1 05    235 +016.0757 +004.3652 -001.8024 -159.5478 +060.1946 +026.2037 0
L1 06    235 +014.9156 +004.1366 -003.4260 -173.6869 +052.0341 +023.4984 0
L1 07    235 +014.3272 +003.9980 -004.4714 +091.3296 +032.8324 -044.8117 0
L1 08    235 +013.7880 +003.9115 -004.9796 +001.2536 -050.3561 -018.9675 0
L1 01    239 +015.4462 +006.7019 +001.3876 -052.5055 +008.3317 +002.9797 0
L1 02    239 +002.4788 +007.8069 +001.7732 -150.4193 +001.7458 -179.7969 0
L1 03    239 +016.0678 +005.9392 -000.7629 -059.9527 -004.7931 +092.5494 0
L1 04    239 +008.0949 +007.4824 +001.7667 -037.5754 +000.6548 +000.4661 0
L1 05    239 +016.0757 +004.3654 -001.8026 -159.5487 +060.1951 +026.2044 0
L1 06    239 +014.9155 +004.1373 -003.4264 -173.6835 +052.0340 +023.4998 0
L1 07    239 +014.3273 +003.9977 -004.4719 +091.3243 +032.8348 -044.8121 0
L1 08    239 +013.7882 +003.9117 -004.9797 +001.2495 -050.3605 -018.9661 0
L1 01    243 +015.4460 +006.7025 +001.3880 -052.5009 +008.3322 +002.9835 0
L1 02    243 +002.4788 +007.8069 +001.7732 -150.4192 +001.7460 -179.7970 0
L1 03    243 +016.0679 +005.9391 -000.7629 -059.9531 -004.7935 +092.5505 0
L1 04    243 +008.0949 +007.4824 +001.7667 -037.5752 +000.6548 +000.4662 0
L1 05    243 +016.0758 +004.3653 -001.8024 -159.5507 +060.1972 +026.2029 0
L1 06    243 +014.9157 +004.1368 -003.4269 -173.6904 +052.0340 +023.4995 0
L1 07    243 +014.3275 +003.9977 -004.4721 +091.3207 +032.8338 -044.8142 0
L1 08    243 +013.7883 +003.9118 -004.9798 +001.2478 -050.3616 -018.9651 0
L1 01    247 +015.4460 +006.7023 +001.3879 -052.5021 +008.3312 +002.9834 0
L1 02    247 +002.4788 +007.8069 +001.7732 -150.4194 +001.7456 -179.7968 0
L1 03    247 +016.0678 +005.9392 -000.7626 -059.9527 -004.7939 +092.5513 0
L1 04    247 +008.0949 +007.4824 +001.7667 -037.5754 +000.6548 +000.4662 0
L1 05    247 +016.0758 +004.3651 -001.8023 -159.5471 +060.1973 +026.2074 0
L1 06    247 +014.9157 +004.1367 -003.4264 -173.6871 +052.0351 +023.5046 0
L1 07    247 +014.3273 +003.9979 -004.4720 +091.3230 +032.8370 -044.8141 0
L1 08    247 +013.7883 +003.9115 -004.9796 +001.2507 -050.3614 -018.9707 0
L1 01    251 +015.4461 +006.7020 +001.3866 -052.5058 +008.3348 +002.9724 0
L1 02    251 +002.4788 +007.8069 +001.7732 -150.4193 +001.7458 -179.7970 0
L1 03    251 +016.0678 +005.9389 -000.7626 -059.9536 -004.7947 +092.5498 0
L1 04    251 +008.0949 +007.4824 +001.7666 -037.5750 +000.6550 +000.4662 0
L1 05    251 +016.0757 +004.3650 -001.8027 -159.5442 +060.1930 +026.2096 0
L1 06    251 +014.9156 +004.1364 -003.4262 -173.6778 +052.0321 +023.5130 0
L1 07    251 +014.3271 +003.9977 -004.4718 +091.3317 +032.8439 -044.8093 0
L1 08    251 +013.7880 +003.9108 -004.9793 +001.2632 -050.3577 -018.9819 0
L1 01    255 +015.4460 +006.7022 +001.3872 -052.5034 +008.3325 +002.9752 0
L1 02    255 +002.4788 +007.8069 +001.7732 -150.4191 +001.7457 -179.7969 0
L1 03    255 +016.0677 +005.9392 -000.7626 -059.9515 -004.7957 +092.5483 0
L1 04    255 +008.0948 +007.4825 +001.7667 -037.5745 +000.6549 +000.4663 0
L1 05    255 +016.0757 +004.3652 -001.8023 -159.5388 +060.1931 +026.2130 0
L1 06    255 +014.9155 +004.1362 -003.4263 -173.6700 +052.0261 +023.5200 0
L1 07    255 +014.3269 +003.9972 -004.4718 +091.3354 +032.8496 -044.8027 0
L1 08    255 +013.7877 +003.9106 -004.9792 +001.2722 -050.3516 -018.9891 0
L1 01    259 +015.4460 +006.7020 +001.3870 -052.5059 +008.3347 +002.9743 0
L1 02    259 +002.4788 +007.8069 +001.7732 -150.4193 +001.7457 -179.7970 0
L1 03    259 +016.0677 +005.9389 -000.7625 -059.9539 -004.7966 +092.5477 0
L1 04    259 +008.0949 +007.4824 +001.7666 -037.5750 +000.6545 +000.4661 0
L1 05    259 +016.0756 +004.3649 -001.8022 -159.5405 +060.1918 +026.2146 0
L1 06    259 +014.9154 +004.1359 -003.4260 -173.6701 +052.0216 +023.5236 0
L1 07    259 +014.3267 +003.9966 -004.4716 +091.3323 +032.8526 -044.7969 0
L1 08    259 +013.7874 +003.9102 -004.9790 +001.2701 -050.3454 -018.9919 0
L1 01    263 +015.4460 +006.7021 +001.3875 -052.5054 +008.3341 +002.9776 0
L1 02    263 +002.4789 +007.8069 +001.7732 -150.4194 +001.7458 -179.7970 0
L1 03    263 +016.0677 +005.9390 -000.7627 -059.9535 -004.7959 +092.5470 0
L1 04    263 +008.0949 +007.4824 +001.7666 -037.5750 +000.6546 +000.4658 0
L1 05    263 +016.0755 +004.3648 -001.8025 -159.5490 +060.1903 +026.2075 0
L1 06    263 +014.9151 +004.1363 -003.4260 -173.6736 +052.0174 +023.5203 0
L1 07    263 +014.3265 +003.9967 -004.4713 +091.3294 +032.8549 -044.7938 0
L1 08    263 +013.7871 +003.9105 -004.9789 +001.2638 -050.3420 -018.9883 0
L1 01    267 +015.4461 +006.7020 +001.3871 -052.5058 +008.3358 +002.9751 0
L1 02    267 +002.4788 +007.8069 +001.7732 -150.4192 +001.7459 -179.7971 0
L1 03    267 +016.0677 +005.9390 -000.7626 -059.9538 -004.7944 +092.5477 0
L1 04    267 +008.0949 +007.4824 +001.7666 -037.5751 +000.6549 +000.4658 0
L1 05    267 +016.0755 +004.3650 -001.8025 -159.5571 +060.1913 +026.2003 0
L1 06    267 +014.9150 +004.1362 -003.4262 -173.6877 +052.0110 +023.5117 0
L1 07    267 +014.3263 +003.9972 -004.4716 +091.3296 +032.8528 -044.7873 0
L1 08    267 +013.7870 +003.9112 -004.9790 +001.2499 -050.3385 -018.9785 0
L1 01    271 +015.4460 +006.7022 +001.3868 -052.5041 +008.3378 +002.9731 0
L1 02    271 +002.4788 +007.8069 +001.7732 -150.4188 +001.7461 -179.7970 0
L1 03    271 +016.0678 +005.9390 -000.7628 -059.9531 -004.7930 +092.5477 0
L1 04    271 +008.0948 +007.4825 +001.7666 -037.5741 +000.6544 +000.4659 0
L1 05    271 +016.0754 +004.3654 -001.8029 -159.5604 +060.1885 +026.1933 0
L1 06    271 +014.9149 +004.1368 -003.4261 -173.6950 +052.0108 +023.5026 0
L1 07    271 +014.3260 +003.9981 -004.4719 +091.3298 +032.8498 -044.7851 0
L1 08    271 +013.7869 +003.9116 -004.9790 +001.2423 -050.3388 -018.9734 0
L1 01    275 +015.4460 +006.7022 +001.3872 -052.5039 +008.3363 +002.9755 0
L1 02    275 +002.4788 +007.8069 +001.7732 -150.4191 +001.7461 -179.7971 0
L1 03    275 +016.0677 +005.9392 -000.7628 -059.9529 -004.7929 +092.5478 0
L1 04    275 +008.0949 +007.4825 +001.7667 -037.5744 +000.6548 +000.4661 0
L1 05    275 +016.0754 +004.3654 -001.8026 -159.5597 +060.1897 +026.1944 0
L1 06    275 +014.9149 +004.1366 -003.4263 -173.6956 +052.0081 +023.5082 0
L1 07    275 +014.3259 +003.9978 -004.4719 +091.3243 +032.8492 -044.7818 0
L1 08    275 +013.7866 +003.9117 -004.9790 +001.2412 -050.3352 -018.9736 0
L1 01    279 +015.4460 +006.7023 +001.3876 -052.5028 +008.3354 +002.9781 0
L1 02    279 +002.4788 +007.8069 +001.7732 -150.4191 +001.7462 -179.7972 0
L1 03    279 +016.0677 +005.9390 -000.7628 -059.9532 -004.7942 +092.5469 0
L1 04    279 +008.0949 +007.4824 +001.7667 -037.5749 +000.6549 +000.4664 0
L1 05    279 +016.0754 +004.3650 -001.8025 -159.5586 +060.1892 +026.1982 0
L1 06    279 +014.9148 +004.1362 -003.4263 -173.6918 +052.0038 +023.5148 0
L1 07    279 +014.3256 +003.9975 -004.4718 +091.3291 +032.8544 -044.7771 0
L1 08    279 +013.7864 +003.9111 -004.9787 +001.2484 -050.3310 -018.9822 0
L1 01    283 +015.4460 +006.7022 +001.3877 -052.5026 +008.3348 +002.9784 0
L1 02    283 +002.4788 +007.8069 +001.7732 -150.4189 +001.7461 -179.7969 0
L1 03    283 +016.0676 +005.9392 -000.7629 -059.9514 -004.7942 +092.5442 0
L1 04    283 +008.0949 +007.4824 +001.7667 -037.5746 +000.6548 +000.4662 0
L1 05    283 +016.0753 +004.3650 -001.8025 -159.5574 +060.1878 +026.1994 0
L1 06    283 +014.9145 +004.1365 -003.4260 -173.6823 +052.0012 +023.5193 0
L1 07    283 +014.3255 +003.9973 -004.4715 +091.3341 +032.8573 -044.7727 0
L1 08    283 +013.7861 +003.9108 -004.9785 +001.2603 -050.3259 -018.9931 0
L1 01    287 +015.4460 +006.7020 +001.3875 -052.5049 +008.3359 +002.9768 0
L1 02    287 +002.4788 +007.8069 +001.7732 -150.4193 +001.7460 -179.7971 0
L1 03    287 +016.0677 +005.9390 -000.7628 -059.9530 -004.7945 +092.5434 0
L1 04    287 +008.0949 +007.4824 +001.7666 -037.5749 +000.6549 +000.4661 0
L1 05    287 +016.0753 +004.3649 -001.8025 -159.5560 +060.1866 +026.2018 0
L1 06    287 +014.9144 +004.1362 -003.4261 -173.6786 +051.9952 +023.5260 0
L1 07    287 +014.3254 +003.9968 -004.4711 +091.3342 +032.8623 -044.7713 0
L1 08    287 +013.7860 +003.9103 -004.9786 +001.2619 -050.3218 -018.9990 0
L1 01    291 +015.4460 +006.7022 +001.3875 -052.5040 +008.3365 +002.9767 0
L1 02    291 +002.4788 +007.8069 +001.7732 -150.4189 +001.7461 -179.7970 0
L1 03    291 +016.0677 +005.9390 -000.7629 -059.9529 -004.7945 +092.5440 0
L1 04    291 +008.0949 +007.4824 +001.7667 -037.5750 +000.6549 +000.4662 0
L1 05    291 +016.0753 +004.3650 -001.8023 -159.5585 +060.1882 +026.1993 0
L1 06    291 +014.9143 +004.1361 -003.4261 -173.6815 +051.9936 +023.5254 0
L1 07    291 +014.3253 +003.9967 -004.4712 +091.3317 +032.8639 -044.7679 0
L1 08    291 +013.7859 +003.9106 -004.9785 +001.2575 -050.3207 -018.9940 0
L1 01    295 +015.4460 +006.7022 +001.3877 -052.5036 +008.3347 +002.9784 0
L1 02    295 +002.4788 +007.8069 +001.7732 -150.4189 +001.7462 -179.7971 0
L1 03    295 +016.0675 +005.9393 -000.7628 -059.9511 -004.7942 +092.5451 0
L1 04    295 +008.0949 +007.4824 +001.7667 -037.5751 +000.6551 +000.4663 0
L1 05    295 +016.0753 +004.3653 -001.8022 -159.5613 +060.1896 +026.1950 0
L1 06    295 +014.9143 +004.1367 -003.4260 -173.6871 +051.9938 +023.5179 0
L1 07    295 +014.3253 +003.9971 -004.4712 +091.3301 +032.8639 -044.7675 0
L1 08    295 +013.7858 +003.9111 -004.9786 +001.2506 -050.3190 -018.9880 0
L1 01    299 +015.4460 +006.7023 +001.3875 -052.5031 +008.3361 +002.9780 0
L1 02    299 +002.4788 +007.8069 +001.7732 -150.4188 +001.7462 -179.7971 0
L1 03    299 +016.0676 +005.9391 -000.7628 -059.9533 -004.7933 +092.5453 0
L1 04    299 +008.0949 +007.4824 +001.7667 -037.5745 +000.6549 +000.4664 0
L1 05    299 +016.0753 +004.3650 -001.8023 -159.5720 +060.1906 +026.1862 0
L1 06    299 +014.9143 +004.1366 -003.4259 -173.6935 +051.9928 +023.5151 0
L1 07    299 +014.3250 +003.9977 -004.4715 +091.3301 +032.8623 -044.7621 0
L1 08    299 +013.7856 +003.9116 -004.9786 +001.2404 -050.3158 -018.9811 0
L1 01    303 +015.4459 +006.7025 +001.3879 -052.5014 +008.3367 +002.9810 0
L1 02    303 +002.4788 +007.8069 +001.7732 -150.4187 +001.7463 -179.7971 0
L1 03    303 +016.0676 +005.9389 -000.7627 -059.9543 -004.7934 +092.5454 0
L1 04    303 +008.0949 +007.4824 +001.7667 -037.5747 +000.6549 +000.4665 0
L1 05    303 +016.0753 +004.3650 -001.8022 -159.5732 +060.1896 +026.1865 0
L1 06    303 +014.9140 +004.1364 -003.4260 -173.7014 +051.9833 +023.5124 0
L1 07    303 +014.3245 +003.9977 -004.4715 +091.3325 +032.8641 -044.7512 0
L1 08    303 +013.7850 +003.9115 -004.9781 +001.2398 -050.3087 -018.9832 0
L1 01    307 +015.4461 +006.7019 +001.3879 -052.5060 +008.3359 +002.9785 0
L1 02    307 +002.4788 +007.8069 +001.7732 -150.4192 +001.7462 -179.7971 0
L1 03    307 +016.0675 +005.9390 -000.7630 -059.9535 -004.7931 +092.5410 0
L1 04    307 +008.0949 +007.4824 +001.7667 -037.5747 +000.6549 +000.4664 0
L1 05    307 +016.0752 +004.3649 -001.8025 -159.5814 +060.1842 +026.1798 0
L1 06    307 +014.9137 +004.1365 -003.4259 -173.7012 +051.9720 +023.5133 0
L1 07    307 +014.3241 +003.9973 -004.4710 +091.3339 +032.8666 -044.7400 0
L1 08    307 +013.7843 +003.9112 -004.9781 +001.2445 -050.2925 -018.9915 0
L1 01    311 +015.4460 +006.7022 +001.3875 -052.5049 +008.3366 +002.9747 0
L1 02    311 +002.4788 +007.8069 +001.7732 -150.4191 +001.7462 -179.7971 0
L1 03    311 +016.0676 +005.9391 -000.7629 -059.9523 -004.7933 +092.5413 0
L1 04    311 +008.0948 +007.4825 +001.7667 -037.5737 +000.6548 +000.4663 0
L1 05    311 +016.0750 +004.3652 -001.8028 -159.5797 +060.1803 +026.1767 0
L1 06    311 +014.9134 +004.1366 -003.4262 -173.7004 +051.9587 +023.5156 0
L1 07    311 +014.3237 +003.9972 -004.4710 +091.3398 +032.8702 -044.7277 0
L1 08    311 +013.7839 +003.9111 -004.9778 +001.2430 -050.2863 -018.9940 0
L1 01    315 +015.4459 +006.7023 +001.3874 -052.5037 +008.3382 +002.9744 0
L1 02    315 +002.4788 +007.8069 +001.7732 -150.4192 +001.7463 -179.7972 0
L1 03    315 +016.0676 +005.9389 -000.7628 -059.9540 -004.7929 +092.5414 0
L1 04    315 +008.0949 +007.4825 +001.7666 -037.5742 +000.6549 +000.4660 0
L1 05    315 +016.0750 +004.3647 -001.8030 -159.5809 +060.1776 +026.1799 0
L1 06    315 +014.9134 +004.1357 -003.4260 -173.7049 +051.9563 +023.5207 0
L1 07    315 +014.3236 +003.9971 -004.4709 +091.3371 +032.8752 -044.7236 0
L1 08    315 +013.7837 +003.9110 -004.9776 +001.2435 -050.2835 -018.9960 0
L1 01    319 +015.4460 +006.7021 +001.3873 -052.5049 +008.3366 +002.9729 0
L1 02    319 +002.4788 +007.8069 +001.7732 -150.4192 +001.7463 -179.7972 0
L1 03    319 +016.0676 +005.9390 -000.7631 -059.9528 -004.7927 +092.5399 0
L1 04    319 +008.0948 +007.4825 +001.7666 -037.5737 +000.6547 +000.4658 0
L1 05    319 +016.0750 +004.3650 -001.8025 -159.5831 +060.1804 +026.1768 0
L1 06    319 +014.9132 +004.1363 -003.4259 -173.6991 +051.9534 +023.5230 0
L1 07    319 +014.3234 +003.9973 -004.4707 +091.3383 +032.8775 -044.7198 0
L1 08    319 +013.7835 +003.9111 -004.9776 +001.2416 -050.2789 -018.9963 0
L1 01    323 +015.4460 +006.7022 +001.3874 -052.5047 +008.3366 +002.9730 0
L1 02    323 +002.4788 +007.8069 +001.7732 -150.4193 +001.7463 -179.7973 0
L1 03    323 +016.0675 +005.9390 -000.7630 -059.9533 -004.7934 +092.5403 0
L1 04    323 +008.0949 +007.4824 +001.7667 -037.5746 +000.6547 +000.4664 0
L1 05    323 +016.0750 +004.3647 -001.8024 -159.5857 +060.1817 +026.1770 0
L1 06    323 +014.9130 +004.1364 -003.4260 -173.7028 +051.9479 +023.5209 0
L1 07    323 +014.3232 +003.9972 -004.4705 +091.3376 +032.8775 -044.7169 0
L1 08    323 +013.7832 +003.9112 -004.9774 +001.2389 -050.2749 -018.9965 0
L1 01    327 +015.4460 +006.7023 +001.3872 -052.5044 +008.3379 +002.9712 0
L1 02    327 +002.4788 +007.8069 +001.7732 -150.4191 +001.7464 -179.7973 0
L1 03    327 +016.0675 +005.9390 -000.7630 -059.9533 -004.7935 +092.5393 0
L1 04    327 +008.0949 +007.4824 +001.7667 -037.5746 +000.6545 +000.4669 0
L1 05    327 +016.0750 +004.3649 -001.8026 -159.5885 +060.1787 +026.1729 0
L1 06    327 +014.9128 +004.1366 -003.4260 -173.7056 +051.9395 +023.5179 0
L1 07    327 +014.3228 +003.9969 -004.4708 +091.3403 +032.8773 -044.7041 0
L1 08    327 +013.7827 +003.9112 -004.9773 +001.2372 -050.2651 -018.9972 0
L1 01    331 +015.4459 +006.7023 +001.3877 -052.5027 +008.3355 +002.9758 0
L1 02    331 +002.4788 +007.8069 +001.7732 -150.4191 +001.7462 -179.7970 0
L1 03    331 +016.0674 +005.9390 -000.7629 -059.9533 -004.7932 +092.5390 0
L1 04    331 +008.0949 +007.4824 +001.7667 -037.5746 +000.6549 +000.4667 0
L1 05    331 +016.0748 +004.3649 -001.8026 -159.5907 +060.1784 +026.1712 0
L1 06    331 +014.9126 +004.1364 -003.4256 -173.7106 +051.9318 +023.5186 0
L1 07    331 +014.3223 +003.9973 -004.4703 +091.3459 +032.8796 -044.6942 0
L1 08    331 +013.7820 +003.9113 -004.9768 +001.2344 -050.2533 -018.9955 0
L1 01    335 +015.4458 +006.7024 +001.3875 -052.5021 +008.3372 +002.9752 0
L1 02    335 +002.4788 +007.8069 +001.7732 -150.4191 +001.7462 -179.7971 0
L1 03    335 +016.0674 +005.9389 -000.7627 -059.9537 -004.7934 +092.5401 0
L1 04    335 +008.0949 +007.4824 +001.7667 -037.5747 +000.6551 +000.4664 0
L1 05    335 +016.0748 +004.3647 -001.8028 -159.5963 +060.1765 +026.1667 0
L1 06    335 +014.9121 +004.1366 -003.4255 -173.7169 +051.8977 +023.5119 0
L1 07    335 +014.3213 +003.9973 -004.4699 +091.3567 +032.8808 -044.6578 0
L1 08    335 +013.7807 +003.9114 -004.9762 +001.2268 -050.2247 -018.9939 0
L1 01    339 +015.4460 +006.7022 +001.3878 -052.5029 +008.3366 +002.9764 0
L1 02    339 +002.4788 +007.8069 +001.7732 -150.4190 +001.7461 -179.7970 0
L1 03    339 +016.0674 +005.9389 -000.7628 -059.9534 -004.7933 +092.5394 0
L1 04    339 +008.0949 +007.4825 +001.7667 -037.5741 +000.6550 +000.4663 0
L1 05    339 +016.0747 +004.3649 -001.8026 -159.5998 +060.1782 +026.1622 0
L1 06    339 +014.9117 +004.1360 -003.4254 -173.7395 +051.8668 +023.5098 0
L1 07    339 +014.3203 +003.9972 -004.4687 +091.3625 +032.8809 -044.6274 0
L1 08    339 +013.7790 +003.9116 -004.9757 +001.2187 -050.1905 -018.9933 0
L1 01    343 +015.4460 +006.7020 +001.3879 -052.5042 +008.3358 +002.9771 0
L1 02    343 +002.4788 +007.8069 +001.7732 -150.4191 +001.7462 -179.7970 0
L1 03    343 +016.0673 +005.9391 -000.7629 -059.9529 -004.7936 +092.5389 0
L1 04    343 +008.0949 +007.4824 +001.7667 -037.5746 +000.6549 +000.4665 0
L1 05    343 +016.0747 +004.3650 -001.8026 -159.6042 +060.1799 +026.1588 0
L1 06    343 +014.9112 +004.1363 -003.4255 -173.7434 +051.8457 +023.5033 0
L1 07    343 +014.3192 +003.9978 -004.4692 +091.3788 +032.8826 -044.5925 0
L1 08    343 +013.7782 +003.9117 -004.9755 +001.2100 -050.1667 -018.9927 0
L1 01    347 +015.4460 +006.7022 +001.3878 -052.5027 +008.3371 +002.9777 0
L1 02    347 +002.4788 +007.8069 +001.7732 -150.4190 +001.7461 -179.7969 0
L1 03    347 +016.0674 +005.9389 -000.7629 -059.9537 -004.7930 +092.5394 0
L1 04    347 +008.0949 +007.4824 +001.7667 -037.5748 +000.6549 +000.4664 0
L1 05    347 +016.0747 +004.3651 -001.8025 -159.6109 +060.1839 +026.1527 0
L1 06    347 +014.9111 +004.1363 -003.4254 -173.7499 +051.8355 +023.4987 0
L1 07    347 +014.3189 +003.9976 -004.4692 +091.3804 +032.8804 -044.5804 0
L1 08    347 +013.7779 +003.9120 -004.9753 +001.2024 -050.1605 -018.9862 0
L1 01    351 +015.4460 +006.7021 +001.3879 -052.5024 +008.3369 +002.9790 0
L1 02    351 +002.4788 +007.8069 +001.7732 -150.4192 +001.7462 -179.7971 0
L1 03    351 +016.0674 +005.9387 -000.7629 -059.9552 -004.7929 +092.5406 0
L1 04    351 +008.0950 +007.4823 +001.7667 -037.5762 +000.6554 +000.4665 0
L1 05    351 +016.0747 +004.3654 -001.8026 -159.6123 +060.1852 +026.1494 0
L1 06    351 +014.9110 +004.1360 -003.4254 -173.7541 +051.8355 +023.4973 0
L1 07    351 +014.3189 +003.9977 -004.4693 +091.3792 +032.8796 -044.5812 0
L1 08    351 +013.7779 +003.9121 -004.9752 +001.2017 -050.1618 -018.9855 0
L1 01    355 +015.4461 +006.7020 +001.3873 -052.5045 +008.3383 +002.9732 0
L1 02    355 +002.4788 +007.8069 +001.7732 -150.4190 +001.7462 -179.7971 0
L1 03    355 +016.0674 +005.9390 -000.7630 -059.9535 -004.7932 +092.5393 0
L1 04    355 +008.0949 +007.4824 +001.7667 -037.5746 +000.6549 +000.4664 0
L1 05    355 +016.0747 +004.3652 -001.8023 -159.6093 +060.1855 +026.1525 0
L1 06    355 +014.9109 +004.1362 -003.4256 -173.7479 +051.8322 +023.5005 0
L1 07    355 +014.3188 +003.9979 -004.4694 +091.3843 +032.8819 -044.5766 0
L1 08    355 +013.7778 +003.9118 -004.9750 +001.2074 -050.1602 -018.9929 0
L1 01    359 +015.4462 +006.7017 +001.3876 -052.5071 +008.3371 +002.9729 0
L1 02    359 +002.4788 +007.8069 +001.7732 -150.4190 +001.7462 -179.7971 0
L1 03    359 +016.0674 +005.9390 -000.7630 -059.9538 -004.7941 +092.5371 0
L1 04    359 +008.0949 +007.4824 +001.7667 -037.5748 +000.6549 +000.4668 0
L1 05    359 +016.0747 +004.3650 -001.8025 -159.6086 +060.1825 +026.1556 0
L1 06    359 +014.9106 +004.1364 -003.4257 -173.7416 +051.8240 +023.5058 0
L1 07    359 +014.3185 +003.9975 -004.4693 +091.3867 +032.8864 -044.5698 0
L1 08    359 +013.7773 +003.9116 -004.9747 +001.2155 -050.1523 -019.0014 0
L1 01    363 +015.4460 +006.7019 +001.3875 -052.5042 +008.3388 +002.9748 0
L1 02    363 +002.4788 +007.8069 +001.7732 -150.4191 +001.7462 -179.7971 0
L1 03    363 +016.0673 +005.9389 -000.7628 -059.9542 -004.7943 +092.5374 0
L1 04    363 +008.0949 +007.4824 +001.7667 -037.5750 +000.6552 +000.4665 0
L1 05    363 +016.0746 +004.3649 -001.8024 -159.6097 +060.1812 +026.1553 0
L1 06    363 +014.9104 +004.1362 -003.4252 -173.7381 +051.8209 +023.5119 0
L1 07    363 +014.3181 +003.9972 -004.4691 +091.3936 +032.8936 -044.5597 0
L1 08    363 +013.7768 +003.9114 -004.9744 +001.2181 -050.1428 -019.0025 0
L1 01    367 +015.4459 +006.7023 +001.3875 -052.5011 +008.3410 +002.9743 0
L1 02    367 +002.4788 +007.8069 +001.7732 -150.4191 +001.7462 -179.7971 0
L1 03    367 +016.0673 +005.9389 -000.7629 -059.9539 -004.7935 +092.5372 0
L1 04    367 +008.0949 +007.4824 +001.7667 -037.5745 +000.6548 +000.4664 0
L1 05    367 +016.0746 +004.3647 -001.8024 -159.6183 +060.1809 +026.1483 0
L1 06    367 +014.9103 +004.1360 -003.4252 -173.7437 +051.8135 +023.5077 0
L1 07    367 +014.3179 +003.9977 -004.4686 +091.3953 +032.8893 -044.5566 0
L1 08    367 +013.7767 +003.9114 -004.9744 +001.2129 -050.1374 -019.0005 0
L1 01    371 +015.4459 +006.7023 +001.3876 -052.5013 +008.3401 +002.9743 0
L1 02    371 +002.4788 +007.8069 +001.7732 -150.4191 +001.7463 -179.7972 0
L1 03    371 +016.0674 +005.9389 -000.7629 -059.9535 -004.7930 +092.5375 0
L1 04    371 +008.0949 +007.4824 +001.7667 -037.5745 +000.6548 +000.4666 0
L1 05    371 +016.0746 +004.3649 -001.8026 -159.6219 +060.1814 +026.1430 0
L1 06    371 +014.9104 +004.1360 -003.4251 -173.7528 +051.8109 +023.5011 0
L1 07    371 +014.3177 +003.9978 -004.4688 +091.3955 +032.8875 -044.5497 0
L1 08    371 +013.7765 +003.9118 -004.9744 +001.2063 -050.1338 -018.9940 0
L1 01    375 +015.4459 +006.7023 +001.3872 -052.5019 +008.3416 +002.9725 0
L1 02    375 +002.4788 +007.8069 +001.7732 -150.4192 +001.7463 -179.7972 0
L1 03    375 +016.0675 +005.9389 -000.7629 -059.9541 -004.7924 +092.5383 0
L1 04    375 +008.0949 +007.4824 +001.7667 -037.5746 +000.6547 +000.4662 0
L1 05    375 +016.0747 +004.3650 -001.8027 -159.6210 +060.1831 +026.1433 0
L1 06    375 +014.9103 +004.1364 -003.4251 -173.7527 +051.8100 +023.4974 0
L1 07    375 +014.3178 +003.9978 -004.4691 +091.3933 +032.8863 -044.5466 0
L1 08    375 +013.7766 +003.9120 -004.9746 +001.2012 -050.1347 -018.9915 0
L1 01    379 +015.4459 +006.7023 +001.3876 -052.5012 +008.3402 +002.9759 0
L1 02    379 +002.4788 +007.8069 +001.7732 -150.4189 +001.7463 -179.7972 0
L1 03    379 +016.0674 +005.9391 -000.7628 -059.9532 -004.7924 +092.5398 0
L1 04    379 +008.0948 +007.4825 +001.7667 -037.5743 +000.6548 +000.4664 0
L1 05    379 +016.0748 +004.3649 -001.8025 -159.6230 +060.1865 +026.1428 0
L1 06    379 +014.9105 +004.1365 -003.4252 -173.7542 +051.8140 +023.4977 0
L1 07    379 +014.3180 +003.9978 -004.4691 +091.3900 +032.8859 -044.5537 0
L1 08    379 +013.7769 +003.9123 -004.9746 +001.2013 -050.1403 -018.9897 0
L1 01    383 +015.4459 +006.7024 +001.3872 -052.5019 +008.3418 +002.9737 0
L1 02    383 +002.4788 +007.8069 +001.7732 -150.4189 +001.7463 -179.7972 0
L1 03    383 +016.0675 +005.9390 -000.7629 -059.9536 -004.7921 +092.5395 0
L1 04    383 +008.0949 +007.4824 +001.7666 -037.5747 +000.6548 +000.4662 0
L1 05    383 +016.0748 +004.3648 -001.8027 -159.6192 +060.1860 +026.1466 0
L1 06    383 +014.9105 +004.1365 -003.4252 -173.7510 +051.8165 +023.4983 0
L1 07    383 +014.3180 +003.9982 -004.4690 +091.3948 +032.8848 -044.5570 0
L1 08    383 +013.7771 +003.9119 -004.9747 +001.2054 -050.1425 -018.9934 0
L1 01    387 +015.4459 +006.7023 +001.3873 -052.5037 +008.3427 +002.9732 0
L1 02    387 +002.4788 +007.8069 +001.7732 -150.4189 +001.7464 -179.7972 0
L1 03    387 +016.0676 +005.9385 -000.7628 -059.9570 -004.7935 +092.5395 0
L1 04    387 +008.0949 +007.4824 +001.7667 -037.5751 +000.6547 +000.4664 0
L1 05    387 +016.0749 +004.3645 -001.8028 -159.6223 +060.1845 +026.1459 0
L1 06    387 +014.9105 +004.1364 -003.4251 -173.7467 +051.8152 +023.5030 0
L1 07    387 +014.3180 +003.9978 -004.4690 +091.3965 +032.8876 -044.5532 0
L1 08    387 +013.7769 +003.9113 -004.9746 +001.2121 -050.1394 -019.0015 0
L1 01    391 +015.4460 +006.7019 +001.3876 -052.5052 +008.3408 +002.9761 0
L1 02    391 +002.4788 +007.8069 +001.7732 -150.4191 +001.7463 -179.7972 0
L1 03    391 +016.0673 +005.9389 -000.7626 -059.9560 -004.7943 +092.5401 0
L1 04    391 +008.0949 +007.4824 +001.7667 -037.5752 +000.6549 +000.4666 0
L1 05    391 +016.0749 +004.3643 -001.8027 -159.6202 +060.1842 +026.1497 0
L1 06    391 +014.9104 +004.1363 -003.4250 -173.7434 +051.8132 +023.5059 0
L1 07    391 +014.3180 +003.9970 -004.4690 +091.3972 +032.8888 -044.5510 0
L1 08    391 +013.7767 +003.9114 -004.9745 +001.2171 -050.1362 -019.0035 0
L1 01    395 +015.4459 +006.7023 +001.3878 -052.5014 +008.3401 +002.9765 0
L1 02    395 +002.4788 +007.8069 +001.7732 -150.4188 +001.7465 -179.7972 0
L1 03    395 +016.0673 +005.9391 -000.7630 -059.9523 -004.7942 +092.5379 0
L1 04    395 +008.0949 +007.4824 +001.7667 -037.5746 +000.6547 +000.4663 0
L1 05    395 +016.0747 +004.3648 -001.8026 -159.6167 +060.1854 +026.1487 0
L1 06    395 +014.9106 +004.1360 -003.4253 -173.7408 +051.8121 +023.5075 0
L1 07    395 +014.3181 +003.9971 -004.4690 +091.4001 +032.8856 -044.5509 0
L1 08    395 +013.7769 +003.9113 -004.9746 +001.2207 -050.1378 -019.0040 0
L1 01    399 +015.4459 +006.7024 +001.3872 -052.5018 +008.3430 +002.9713 0
L1 02    399 +002.4788 +007.8069 +001.7732 -150.4190 +001.7464 -179.7972 0
L1 03    399 +016.0675 +005.9392 -000.7628 -059.9516 -004.7942 +092.5391 0
L1 04    399 +008.0949 +007.4825 +001.7667 -037.5743 +000.6549 +000.4661 0
L1 05    399 +016.0747 +004.3652 -001.8029 -159.6111 +060.1834 +026.1484 0
L1 06    399 +014.9106 +004.1363 -003.4254 -173.7313 +051.8130 +023.5089 0
L1 07    399 +014.3181 +003.9972 -004.4692 +091.4082 +032.8845 -044.5511 0
L1 08    399 +013.7770 +003.9113 -004.9746 +001.2237 -050.1400 -019.0047 0
L1 01    403 +015.4460 +006.7023 +001.3874 -052.5021 +008.3436 +002.9742 0
L1 02    403 +002.4788 +007.8069 +001.7732 -150.4190 +001.7463 -179.7970 0
L1 03    403 +016.0674 +005.9390 -000.7627 -059.9541 -004.7941 +092.5394 0
L1 04    403 +008.0949 +007.4824 +001.7667 -037.5749 +000.6551 +000.4663 0
L1 05    403 +016.0748 +004.3650 -001.8026 -159.6122 +060.1866 +026.1513 0
L1 06    403 +014.9107 +004.1360 -003.4253 -173.7282 +051.8146 +023.5122 0
L1 07    403 +014.3183 +003.9970 -004.4690 +091.4044 +032.8869 -044.5573 0
L1 08    403 +013.7772 +003.9110 -004.9747 +001.2289 -050.1413 -019.0077 0
L1 01    407 +015.4459 +006.7024 +001.3871 -052.5011 +008.3448 +002.9733 0
L1 02    407 +002.4788 +007.8069 +001.7732 -150.4187 +001.7464 -179.7971 0
L1 03    407 +016.0674 +005.9391 -000.7628 -059.9528 -004.7937 +092.5399 0
L1 04    407 +008.0949 +007.4825 +001.7667 -037.5741 +000.6549 +000.4664 0
L1 05    407 +016.0747 +004.3656 -001.8026 -159.6144 +060.1895 +026.1442 0
L1 06    407 +014.9107 +004.1362 -003.4255 -173.7280 +051.8178 +023.5090 0
L1 07    407 +014.3184 +003.9974 -004.4691 +091.4085 +032.8833 -044.5602 0
L1 08    407 +013.7775 +003.9112 -004.9747 +001.2273 -050.1464 -019.0014 0
L1 01    411 +015.4460 +006.7022 +001.3872 -052.5028 +008.3431 +002.9740 0
L1 02    411 +002.4788 +007.8069 +001.7732 -150.4187 +001.7464 -179.7971 0
L1 03    411 +016.0674 +005.9391 -000.7630 -059.9532 -004.7933 +092.5402 0
L1 04    411 +008.0949 +007.4824 +001.7666 -037.5750 +000.6550 +000.4661 0
L1 05    411 +016.0749 +004.3654 -001.8026 -159.6169 +060.1911 +026.1442 0
L1 06    411 +014.9109 +004.1362 -003.4257 -173.7349 +051.8195 +023.5041 0
L1 07    411 +014.3185 +003.9979 -004.4692 +091.4055 +032.8810 -044.5623 0
L1 08    411 +013.7776 +003.9115 -004.9750 +001.2207 -050.1470 -018.9972 0
L1 01    415 +015.4461 +006.7019 +001.3874 -052.5050 +008.3429 +002.9741 0
L1 02    415 +002.4788 +007.8069 +001.7732 -150.4189 +001.7463 -179.7972 0
L1 03    415 +016.0675 +005.9390 -000.7629 -059.9540 -004.7935 +092.5402 0
L1 04    415 +008.0949 +007.4824 +001.7667 -037.5749 +000.6549 +000.4661 0
L1 05    415 +016.0749 +004.3652 -001.8026 -159.6161 +060.1901 +026.1470 0
L1 06    415 +014.9109 +004.1364 -003.4255 -173.7359 +051.8195 +023.5033 0
L1 07    415 +014.3186 +003.9978 -004.4691 +091.4043 +032.8819 -044.5622 0
L1 08    415 +013.7775 +003.9115 -004.9748 +001.2208 -050.1463 -018.9982 0
L1 01    419 +015.4460 +006.7022 +001.3877 -052.5007 +008.3438 +002.9773 0
L1 02    419 +002.4788 +007.8069 +001.7732 -150.4189 +001.7463 -179.7971 0
L1 03    419 +016.0675 +005.9387 -000.7628 -059.9554 -004.7948 +092.5396 0
L1 04    419 +008.0949 +007.4824 +001.7667 -037.5751 +000.6551 +000.4661 0
L1 05    419 +016.0749 +004.3649 -001.8024 -159.6147 +060.1896 +026.1506 0
L1 06    419 +014.9108 +004.1359 -003.4253 -173.7335 +051.8183 +023.5087 0
L1 07    419 +014.3185 +003.9973 -004.4688 +091.4049 +032.8825 -044.5596 0
L1 08    419 +013.7773 +003.9112 -004.9746 +001.2270 -050.1434 -019.0038 0
L1 01    423 +015.4460 +006.7021 +001.3879 -052.4995 +008.3433 +002.9784 0
L1 02    423 +002.4789 +007.8069 +001.7732 -150.4194 +001.7461 -179.7971 0
L1 03    423 +016.0674 +005.9388 -000.7628 -059.9546 -004.7953 +092.5391 0
L1 04    423 +008.0949 +007.4824 +001.7667 -037.5754 +000.6552 +000.4666 0
L1 05    423 +016.0748 +004.3650 -001.8024 -159.6111 +060.1889 +026.1530 0
L1 06    423 +014.9109 +004.1357 -003.4252 -173.7262 +051.8191 +023.5143 0
L1 07    423 +014.3184 +003.9970 -004.4689 +091.4101 +032.8826 -044.5575 0
L1 08    423 +013.7774 +003.9106 -004.9745 +001.2378 -050.1443 -019.0103 0
L1 01    427 +015.4459 +006.7023 +001.3879 -052.4964 +008.3433 +002.9792 0
L1 02    427 +002.4788 +007.8069 +001.7732 -150.4191 +001.7461 -179.7970 0
L1 03    427 +016.0674 +005.9389 -000.7629 -059.9538 -004.7956 +092.5387 0
L1 04    427 +008.0949 +007.4824 +001.7667 -037.5752 +000.6548 +000.4667 0
L1 05    427 +016.0749 +004.3650 -001.8023 -159.6105 +060.1902 +026.1539 0
L1 06    427 +014.9109 +004.1358 -003.4252 -173.7211 +051.8211 +023.5135 0
L1 07    427 +014.3185 +003.9969 -004.4690 +091.4146 +032.8795 -044.5585 0
L1 08    427 +013.7775 +003.9108 -004.9747 +001.2404 -050.1452 -019.0075 0
L1 01    431 +015.4460 +006.7023 +001.3878 -052.4972 +008.3445 +002.9798 0
L1 02    431 +002.4788 +007.8069 +001.7732 -150.4193 +001.7462 -179.7972 0
L1 03    431 +016.0675 +005.9388 -000.7629 -059.9551 -004.7943 +092.5402 0
L1 04    431 +008.0949 +007.4824 +001.7667 -037.5750 +000.6551 +000.4667 0
L1 05    431 +016.0751 +004.3645 -001.8023 -159.6160 +060.1929 +026.1514 0
L1 06    431 +014.9110 +004.1357 -003.4255 -173.7300 +051.8230 +023.5053 0
L1 07    431 +014.3188 +003.9970 -004.4694 +091.4126 +032.8747 -044.5607 0
L1 08    431 +013.7778 +003.9111 -004.9749 +001.2334 -050.1488 -019.0009 0
L1 01    435 +015.4461 +006.7023 +001.3878 -052.4974 +008.3416 +002.9789 0
L1 02    435 +002.4788 +007.8069 +001.7732 -150.4191 +001.7465 -179.7973 0
L1 03    435 +016.0675 +005.9392 -000.7630 -059.9528 -004.7939 +092.5404 0
L1 04    435 +008.0949 +007.4825 +001.7667 -037.5743 +000.6551 +000.4663 0
L1 05    435 +016.0750 +004.3654 -001.8023 -159.6163 +060.1958 +026.1446 0
L1 06    435 +014.9110 +004.1364 -003.4258 -173.7336 +051.8239 +023.4966 0
L1 07    435 +014.3188 +003.9977 -004.4695 +091.4120 +032.8695 -044.5632 0
L1 08    435 +013.7778 +003.9118 -004.9752 +001.2262 -050.1496 -018.9924 0
L1 01    439 +015.4460 +006.7023 +001.3874 -052.4984 +008.3403 +002.9763 0
L1 02    439 +002.4788 +007.8069 +001.7732 -150.4189 +001.7464 -179.7972 0
L1 03    439 +016.0674 +005.9395 -000.7628 -059.9503 -004.7944 +092.5410 0
L1 04    439 +008.0949 +007.4825 +001.7666 -037.5742 +000.6550 +000.4660 0
L1 05    439 +016.0749 +004.3654 -001.8027 -159.6127 +060.1914 +026.1480 0
L1 06    439 +014.9108 +004.1368 -003.4259 -173.7308 +051.8222 +023.4973 0
L1 07    439 +014.3188 +003.9977 -004.4694 +091.4135 +032.8710 -044.5641 0
L1 08    439 +013.7778 +003.9114 -004.9750 +001.2276 -050.1490 -018.9949 0
L1 01    443 +015.4460 +006.7021 +001.3875 -052.5011 +008.3393 +002.9752 0
L1 02    443 +002.4788 +007.8069 +001.7732 -150.4188 +001.7465 -179.7973 0
L1 03    443 +016.0674 +005.9393 -000.7630 -059.9507 -004.7956 +092.5390 0
L1 04    443 +008.0948 +007.4825 +001.7666 -037.5740 +000.6549 +000.4659 0
L1 05    443 +016.0750 +004.3651 -001.8027 -159.6090 +060.1910 +026.1533 0
L1 06    443 +014.9109 +004.1365 -003.4256 -173.7237 +051.8230 +023.5027 0
L1 07    443 +014.3189 +003.9973 -004.4692 +091.4146 +032.8732 -044.5640 0
L1 08    443 +013.7778 +003.9108 -004.9748 +001.2397 -050.1492 -019.0043 0
L1 01    447 +015.4460 +006.7020 +001.3876 -052.5021 +008.3378 +002.9748 0
L1 02    447 +002.4788 +007.8069 +001.7732 -150.4187 +001.7462 -179.7972 0
L1 03    447 +016.0673 +005.9393 -000.7632 -059.9502 -004.7964 +092.5368 0
L1 04    447 +008.0949 +007.4825 +001.7667 -037.5743 +000.6548 +000.4664 0
L1 05    447 +016.0749 +004.3652 -001.8026 -159.6009 +060.1889 +026.1603 0
L1 06    447 +014.9109 +004.1360 -003.4258 -173.7115 +051.8230 +023.5137 0
L1 07    447 +014.3187 +003.9971 -004.4693 +091.4278 +032.8766 -044.5630 0
L1 08    447 +013.7779 +003.9102 -004.9747 +001.2545 -050.1507 -019.0139 0
L1 01    451 +015.4460 +006.7021 +001.3872 -052.5027 +008.3410 +002.9725 0
L1 02    451 +002.4788 +007.8069 +001.7732 -150.4187 +001.7463 -179.7971 0
L1 03    451 +016.0676 +005.9388 -000.7631 -059.9544 -004.7968 +092.5377 0
L1 04    451 +008.0949 +007.4824 +001.7666 -037.5749 +000.6550 +000.4657 0
L1 05    451 +016.0750 +004.3651 -001.8026 -159.5994 +060.1909 +026.1621 0
L1 06    451 +014.9113 +004.1355 -003.4258 -173.7096 +051.8273 +023.5131 0
L1 07    451 +014.3190 +003.9967 -004.4694 +091.4276 +032.8751 -044.5686 0
L1 08    451 +013.7784 +003.9102 -004.9749 +001.2590 -050.1562 -019.0139 0
L1 01    455 +015.4460 +006.7022 +001.3872 -052.5017 +008.3410 +002.9731 0
L1 02    455 +002.4788 +007.8069 +001.7732 -150.4184 +001.7462 -179.7970 0
L1 03    455 +016.0674 +005.9393 -000.7632 -059.9507 -004.7958 +092.5378 0
L1 04    455 +008.0948 +007.4825 +001.7667 -037.5739 +000.6548 +000.4662 0
L1 05    455 +016.0749 +004.3655 -001.8025 -159.5989 +060.1933 +026.1610 0
L1 06    455 +014.9115 +004.1358 -003.4256 -173.7103 +051.8331 +023.5101 0
L1 07    455 +014.3192 +003.9969 -004.4695 +091.4257 +032.8703 -044.5711 0
L1 08    455 +013.7785 +003.9105 -004.9752 +001.2523 -050.1576 -019.0064 0
L1 01    459 +015.4460 +006.7021 +001.3873 -052.5026 +008.3410 +002.9755 0
L1 02    459 +002.4788 +007.8069 +001.7732 -150.4184 +001.7463 -179.7971 0
L1 03    459 +016.0675 +005.9390 -000.7629 -059.9538 -004.7956 +092.5416 0
L1 04    459 +008.0949 +007.4824 +001.7667 -037.5746 +000.6549 +000.4663 0
L1 05    459 +016.0749 +004.3653 -001.8026 -159.6040 +060.1953 +026.1575 0
L1 06    459 +014.9117 +004.1356 -003.4254 -173.7191 +051.8375 +023.5051 0
L1 07    459 +014.3194 +003.9972 -004.4692 +091.4201 +032.8665 -044.5767 0
L1 08    459 +013.7787 +003.9107 -004.9751 +001.2437 -050.1613 -019.0006 0
L1 01    463 +015.4460 +006.7021 +001.3876 -052.5029 +008.3408 +002.9782 0
L1 02    463 +002.4788 +007.8069 +001.7732 -150.4185 +001.7463 -179.7971 0
L1 03    463 +016.0675 +005.9391 -000.7628 -059.9535 -004.7956 +092.5427 0
L1 04    463 +008.0949 +007.4825 +001.7666 -037.5743 +000.6551 +000.4661 0
L1 05    463 +016.0751 +004.3653 -001.8024 -159.6036 +060.1977 +026.1579 0
L1 06    463 +014.9115 +004.1361 -003.4257 -173.7174 +051.8377 +023.5035 0
L1 07    463 +014.3195 +003.9974 -004.4695 +091.4204 +032.8623 -044.5789 0
L1 08    463 +013.7788 +003.9109 -004.9752 +001.2431 -050.1647 -018.9979 0
L1 01    467 +015.4460 +006.7021 +001.3875 -052.5042 +008.3430 +002.9781 0
L1 02    467 +002.4788 +007.8069 +001.7732 -150.4185 +001.7464 -179.7972 0
L1 03    467 +016.0676 +005.9388 -000.7628 -059.9565 -004.7967 +092.5429 0
L1 04    467 +008.0949 +007.4824 +001.7667 -037.5746 +000.6550 +000.4663 0
L1 05    467 +016.0752 +004.3652 -001.8022 -159.6005 +060.2008 +026.1626 0
L1 06    467 +014.9118 +004.1355 -003.4261 -173.7174 +051.8403 +023.5036 0
L1 07    467 +014.3200 +003.9972 -004.4694 +091.4213 +032.8584 -044.5900 0
L1 08    467 +013.7793 +003.9103 -004.9753 +001.2483 -050.1698 -019.0021 0
L1 01    471 +015.4461 +006.7018 +001.3871 -052.5075 +008.3434 +002.9758 0
L1 02    471 +002.4788 +007.8069 +001.7731 -150.4188 +001.7454 -179.7964 0
L1 03    471 +016.0677 +005.9388 -000.7628 -059.9559 -004.7970 +092.5417 0
L1 04    471 +008.0949 +007.4825 +001.7666 -037.5746 +000.6550 +000.4654 0
L1 05    471 +016.0753 +004.3650 -001.8024 -159.5959 +060.1998 +026.1671 0
L1 06    471 +014.9120 +004.1359 -003.4256 -173.6994 +051.8537 +023.5106 0
L1 07    471 +014.3203 +003.9966 -004.4696 +091.4232 +032.8585 -044.5980 0
L1 08    471 +013.7800 +003.9101 -004.9754 +001.2649 -050.1824 -019.0084 0
L1 01    475 +015.4460 +006.7020 +001.3876 -052.5055 +008.3411 +002.9802 0
L1 02    475 +002.4788 +007.8069 +001.7732 -150.4190 +001.7459 -179.7968 0
L1 03    475 +016.0675 +005.9388 -000.7629 -059.9541 -004.7981 +092.5412 0
L1 04    475 +008.0949 +007.4824 +001.7666 -037.5749 +000.6551 +000.4660 0
L1 05    475 +016.0753 +004.3649 -001.8022 -159.5872 +060.2011 +026.1756 0
L1 06    475 +014.9122 +004.1352 -003.4256 -173.6938 +051.8577 +023.5204 0
L1 07    475 +014.3204 +003.9965 -004.4698 +091.4283 +032.8656 -044.5975 0
L1 08    475 +013.7799 +003.9096 -004.9756 +001.2749 -050.1806 -019.0162 0
L1 01    479 +015.4460 +006.7021 +001.3874 -052.5055 +008.3408 +002.9770 0
L1 02    479 +002.4788 +007.8069 +001.7732 -150.4184 +001.7461 -179.7968 0
L1 03    479 +016.0675 +005.9390 -000.7628 -059.9521 -004.7993 +092.5412 0
L1 04    479 +008.0949 +007.4824 +001.7667 -037.5746 +000.6550 +000.4662 0
L1 05    479 +016.0753 +004.3649 -001.8022 -159.5831 +060.2000 +026.1766 0
L1 06    479 +014.9120 +004.1354 -003.4258 -173.6845 +051.8509 +023.5223 0
L1 07    479 +014.3203 +003.9964 -004.4695 +091.4350 +032.8647 -044.5946 0
L1 08    479 +013.7796 +003.9095 -004.9755 +001.2823 -050.1755 -019.0193 0
L1 01    483 +015.4460 +006.7021 +001.3874 -052.5064 +008.3422 +002.9769 0
L1 02    483 +002.4788 +007.8069 +001.7732 -150.4185 +001.7460 -179.7967 0
L1 03    483 +016.0676 +005.9387 -000.7629 -059.9542 -004.7987 +092.5402 0
L1 04    483 +008.0949 +007.4824 +001.7667 -037.5747 +000.6552 +000.4662 0
L1 05    483 +016.0753 +004.3648 -001.8023 -159.5877 +060.1988 +026.1751 0
L1 06    483 +014.9120 +004.1352 -003.4256 -173.6882 +051.8526 +023.5197 0
L1 07    483 +014.3204 +003.9962 -004.4693 +091.4314 +032.8625 -044.5941 0
L1 08    483 +013.7796 +003.9093 -004.9754 +001.2783 -050.1746 -019.0189 0
L1 01    487 +015.4460 +006.7020 +001.3877 -052.5075 +008.3415 +002.9796 0
L1 02    487 +002.4788 +007.8069 +001.7732 -150.4189 +001.7460 -179.7968 0
L1 03    487 +016.0676 +005.9387 -000.7628 -059.9547 -004.7985 +092.5417 0
L1 04    487 +008.0949 +007.4824 +001.7666 -037.5751 +000.6553 +000.4660 0
L1 05    487 +016.0754 +004.3644 -001.8020 -159.5958 +060.2019 +026.1711 0
L1 06    487 +014.9121 +004.1352 -003.4254 -173.6943 +051.8545 +023.5158 0
L1 07    487 +014.3204 +003.9964 -004.4693 +091.4299 +032.8590 -044.5957 0
L1 08    487 +013.7796 +003.9096 -004.9755 +001.2717 -050.1757 -019.0128 0
L1 01    491 +015.4458 +006.7025 +001.3877 -052.5040 +008.3436 +002.9813 0
L1 02    491 +002.4788 +007.8069 +001.7732 -150.4186 +001.7461 -179.7966 0
L1 03    491 +016.0677 +005.9387 -000.7627 -059.9552 -004.7975 +092.5438 0
L1 04    491 +008.0949 +007.4824 +001.7666 -037.5750 +000.6553 +000.4660 0
L1 05    491 +016.0756 +004.3643 -001.8022 -159.6031 +060.2045 +026.1652 0
L1 06    491 +014.9123 +004.1354 -003.4255 -173.7065 +051.8600 +023.5035 0
L1 07    491 +014.3205 +003.9965 -004.4698 +091.4248 +032.8513 -044.5966 0
L1 08    491 +013.7801 +003.9101 -004.9757 +001.2589 -050.1816 -019.0009 0
L1 01    495 +015.4459 +006.7025 +001.3879 -052.5012 +008.3408 +002.9857 0
L1 02    495 +002.4788 +007.8069 +001.7732 -150.4185 +001.7460 -179.7966 0
L1 03    495 +016.0676 +005.9391 -000.7625 -059.9523 -004.7972 +092.5476 0
L1 04    495 +008.0949 +007.4824 +001.7667 -037.5749 +000.6550 +000.4664 0
L1 05    495 +016.0755 +004.3650 -001.8023 -159.5967 +060.2063 +026.1652 0
L1 06    495 +014.9125 +004.1355 -003.4256 -173.7145 +051.8676 +023.4982 0
L1 07    495 +014.3210 +003.9971 -004.4698 +091.4193 +032.8477 -044.6090 0
L1 08    495 +013.7805 +003.9110 -004.9759 +001.2540 -050.1904 -018.9916 0
L1 01    499 +015.4459 +006.7026 +001.3878 -052.5019 +008.3439 +002.9834 0
L1 02    499 +002.4788 +007.8069 +001.7732 -150.4185 +001.7461 -179.7967 0
L1 03    499 +016.0677 +005.9387 -000.7626 -059.9547 -004.7972 +092.5463 0
L1 04    499 +008.0949 +007.4824 +001.7667 -037.5746 +000.6551 +000.4663 0
L1 05    499 +016.0756 +004.3644 -001.8021 -159.5983 +060.2070 +026.1680 0
L1 06    499 +014.9125 +004.1356 -003.4257 -173.7113 +051.8680 +023.5008 0
L1 07    499 +014.3210 +003.9969 -004.4699 +091.4195 +032.8469 -044.6086 0
L1 08    499 +013.7805 +003.9102 -004.9760 +001.2575 -050.1893 -018.9993 0
L1 01    503 +015.4460 +006.7020 +001.3866 -052.5094 +008.3468 +002.9712 0
L1 02    503 +002.4788 +007.8069 +001.7732 -150.4187 +001.7462 -179.7969 0
L1 03    503 +016.0677 +005.9388 -000.7626 -059.9543 -004.7974 +092.5447 0
L1 04    503 +008.0949 +007.4824 +001.7666 -037.5747 +000.6551 +000.4659 0
L1 05    503 +016.0756 +004.3647 -001.8022 -159.5916 +060.2042 +026.1714 0
L1 06    503 +014.9124 +004.1356 -003.4258 -173.6989 +051.8630 +023.5080 0
L1 07    503 +014.3209 +003.9968 -004.4700 +091.4269 +032.8508 -044.6047 0
L1 08    503 +013.7804 +003.9097 -004.9758 +001.2667 -050.1870 -019.0077 0
L1 01    507 +015.4461 +006.7020 +001.3875 -052.5074 +008.3414 +002.9785 0
L1 02    507 +002.4788 +007.8069 +001.7732 -150.4186 +001.7460 -179.7967 0
L1 03    507 +016.0675 +005.9391 -000.7626 -059.9519 -004.7980 +092.5439 0
L1 04    507 +008.0949 +007.4824 +001.7666 -037.5749 +000.6548 +000.4660 0
L1 05    507 +016.0755 +004.3647 -001.8025 -159.5875 +060.2018 +026.1751 0
L1 06    507 +014.9124 +004.1355 -003.4257 -173.6910 +051.8645 +023.5142 0
L1 07    507 +014.3209 +003.9964 -004.4697 +091.4283 +032.8520 -044.6060 0
L1 08    507 +013.7803 +003.9096 -004.9758 +001.2764 -050.1873 -019.0113 0
L1 01    511 +015.4461 +006.7019 +001.3876 -052.5093 +008.3407 +002.9795 0
L1 02    511 +002.4788 +007.8069 +001.7732 -150.4190 +001.7461 -179.7969 0
L1 03    511 +016.0676 +005.9389 -000.7627 -059.9537 -004.7986 +092.5438 0
L1 04    511 +008.0949 +007.4824 +001.7667 -037.5754 +000.6550 +000.4663 0
L1 05    511 +016.0756 +004.3645 -001.8021 -159.5847 +060.2047 +026.1805 0
L1 06    511 +014.9125 +004.1355 -003.4257 -173.6896 +051.8675 +023.5143 0
L1 07    511 +014.3210 +003.9962 -004.4701 +091.4299 +032.8529 -044.6064 0
L1 08    511 +013.7807 +003.9093 -004.9758 +001.2759 -050.1916 -019.0120 0
L1 01    515 +015.4459 +006.7026 +001.3876 -052.5055 +008.3427 +002.9807 0
L1 02    515 +002.4788 +007.8069 +001.7732 -150.4188 +001.7462 -179.7969 0
L1 03    515 +016.0677 +005.9387 -000.7629 -059.9541 -004.7976 +092.5439 0
L1 04    515 +008.0949 +007.4825 +001.7666 -037.5743 +000.6550 +000.4660 0
L1 05    515 +016.0755 +004.3647 -001.8023 -159.5860 +060.2055 +026.1775 0
L1 06    515 +014.9126 +004.1353 -003.4257 -173.6965 +051.8718 +023.5061 0
L1 07    515 +014.3213 +003.9964 -004.4700 +091.4254 +032.8462 -044.6146 0
L1 08    515 +013.7809 +003.9097 -004.9761 +001.2707 -050.1956 -019.0039 0
L1 01    519 +015.4459 +006.7026 +001.3874 -052.5057 +008.3424 +002.9786 0
L1 02    519 +002.4788 +007.8069 +001.7732 -150.4187 +001.7463 -179.7969 0
L1 03    519 +016.0677 +005.9390 -000.7630 -059.9524 -004.7968 +092.5436 0
L1 04    519 +008.0948 +007.4825 +001.7666 -037.5737 +000.6550 +000.4653 0
L1 05    519 +016.0755 +004.3651 -001.8023 -159.5883 +060.2055 +026.1729 0
L1 06    519 +014.9126 +004.1357 -003.4261 -173.7043 +051.8712 +023.4966 0
L1 07    519 +014.3212 +003.9969 -004.4703 +091.4274 +032.8400 -044.6124 0
L1 08    519 +013.7808 +003.9103 -004.9763 +001.2603 -050.1951 -018.9928 0
L1 01    523 +015.4459 +006.7024 +001.3876 -052.5057 +008.3416 +002.9794 0
L1 02    523 +002.4788 +007.8069 +001.7732 -150.4183 +001.7463 -179.7968 0
L1 03    523 +016.0676 +005.9392 -000.7630 -059.9509 -004.7968 +092.5434 0
L1 04    523 +008.0948 +007.4825 +001.7666 -037.5733 +000.6548 +000.4657 0
L1 05    523 +016.0755 +004.3651 -001.8025 -159.5931 +060.2044 +026.1681 0
L1 06    523 +014.9124 +004.1363 -003.4261 -173.7094 +051.8685 +023.4878 0
L1 07    523 +014.3211 +003.9970 -004.4701 +091.4263 +032.8373 -044.6114 0
L1 08    523 +013.7806 +003.9107 -004.9762 +001.2571 -050.1925 -018.9879 0
L1 01    527 +015.4460 +006.7022 +001.3877 -052.5065 +008.3418 +002.9813 0
L1 02    527 +002.4788 +007.8069 +001.7732 -150.4185 +001.7463 -179.7969 0
L1 03    527 +016.0676 +005.9391 -000.7628 -059.9526 -004.7974 +092.5442 0
L1 04    527 +008.0949 +007.4825 +001.7666 -037.5743 +000.6551 +000.4660 0
L1 05    527 +016.0755 +004.3650 -001.8022 -159.5936 +060.2054 +026.1693 0
L1 06    527 +014.9125 +004.1360 -003.4259 -173.7075 +051.8711 +023.4908 0
L1 07    527 +014.3210 +003.9973 -004.4698 +091.4278 +032.8358 -044.6129 0
L1 08    527 +013.7805 +003.9105 -004.9761 +001.2590 -050.1915 -018.9888 0
L1 01    531 +015.4460 +006.7021 +001.3877 -052.5066 +008.3395 +002.9802 0
L1 02    531 +002.4788 +007.8069 +001.7732 -150.4186 +001.7460 -179.7968 0
L1 03    531 +016.0673 +005.9399 -000.7627 -059.9483 -004.7975 +092.5445 0
L1 04    531 +008.0949 +007.4825 +001.7666 -037.5743 +000.6550 +000.4658 0
L1 05    531 +016.0757 +004.3646 -001.8022 -159.5935 +060.2051 +026.1713 0
L1 06    531 +014.9125 +004.1363 -003.4259 -173.7005 +051.8724 +023.4916 0
L1 07    531 +014.3211 +003.9974 -004.4698 +091.4300 +032.8350 -044.6152 0
L1 08    531 +013.7806 +003.9105 -004.9762 +001.2628 -050.1942 -018.9871 0
L1 01    535 +015.4460 +006.7022 +001.3874 -052.5073 +008.3405 +002.9757 0
L1 02    535 +002.4788 +007.8069 +001.7732 -150.4183 +001.7463 -179.7969 0
L1 03    535 +016.0675 +005.9397 -000.7635 -059.9472 -004.7967 +092.5401 0
L1 04    535 +008.0948 +007.4825 +001.7666 -037.5740 +000.6548 +000.4655 0
L1 05    535 +016.0756 +004.3651 -001.8026 -159.5893 +060.2031 +026.1711 0
L1 06    535 +014.9126 +004.1361 -003.4264 -173.6980 +051.8718 +023.4888 0
L1 07    535 +014.3212 +003.9973 -004.4704 +091.4361 +032.8351 -044.6134 0
L1 08    535 +013.7808 +003.9104 -004.9764 +001.2710 -050.1970 -018.9895 0
L1 01    539 +015.4461 +006.7020 +001.3873 -052.5090 +008.3395 +002.9742 0
L1 02    539 +002.4788 +007.8069 +001.7732 -150.4184 +001.7461 -179.7967 0
L1 03    539 +016.0675 +005.9394 -000.7631 -059.9496 -004.7976 +092.5403 0
L1 04    539 +008.0948 +007.4825 +001.7666 -037.5739 +000.6548 +000.4657 0
L1 05    539 +016.0754 +004.3651 -001.8022 -159.5875 +060.2039 +026.1719 0
L1 06    539 +014.9125 +004.1360 -003.4264 -173.6969 +051.8678 +023.4890 0
L1 07    539 +014.3209 +003.9972 -004.4703 +091.4403 +032.8353 -044.6104 0
L1 08    539 +013.7806 +003.9103 -004.9761 +001.2720 -050.1916 -018.9904 0
L1 01    543 +015.4461 +006.7021 +001.3875 -052.5075 +008.3394 +002.9759 0
L1 02    543 +002.4788 +007.8069 +001.7732 -150.4185 +001.7461 -179.7967 0
L1 03    543 +016.0674 +005.9393 -000.7631 -059.9494 -004.7982 +092.5392 0
L1 04    543 +008.0948 +007.4825 +001.7667 -037.5742 +000.6547 +000.4662 0
L1 05    543 +016.0754 +004.3648 -001.8022 -159.5906 +060.2009 +026.1720 0
L1 06    543 +014.9121 +004.1360 -003.4262 -173.6963 +051.8610 +023.4904 0
L1 07    543 +014.3208 +003.9967 -004.4698 +091.4387 +032.8382 -044.6075 0
L1 08    543 +013.7800 +003.9099 -004.9758 +001.2753 -050.1848 -018.9951 0
L1 01    547 +015.4459 +006.7025 +001.3878 -052.5037 +008.3403 +002.9790 0
L1 02    547 +002.4788 +007.8069 +001.7732 -150.4184 +001.7462 -179.7967 0
L1 03    547 +016.0674 +005.9393 -000.7632 -059.9493 -004.7978 +092.5388 0
L1 04    547 +008.0948 +007.4825 +001.7667 -037.5736 +000.6545 +000.4663 0
L1 05    547 +016.0753 +004.3648 -001.8023 -159.5933 +060.2007 +026.1691 0
L1 06    547 +014.9122 +004.1358 -003.4257 -173.7004 +051.8653 +023.4889 0
L1 07    547 +014.3206 +003.9972 -004.4699 +091.4436 +032.8354 -044.6038 0
L1 08    547 +013.7800 +003.9100 -004.9759 +001.2724 -050.1836 -018.9922 0
L1 01    551 +015.4458 +006.7028 +001.3881 -052.5011 +008.3429 +002.9822 0
L1 02    551 +002.4788 +007.8069 +001.7732 -150.4184 +001.7463 -179.7969 0
L1 03    551 +016.0675 +005.9391 -000.7631 -059.9514 -004.7973 +092.5404 0
L1 04    551 +008.0948 +007.4825 +001.7667 -037.5736 +000.6548 +000.4663 0
L1 05    551 +016.0754 +004.3645 -001.8022 -159.5957 +060.2024 +026.1691 0
L1 06    551 +014.9123 +004.1357 -003.4259 -173.7061 +051.8670 +023.4848 0
L1 07    551 +014.3207 +003.9974 -004.4700 +091.4413 +032.8315 -044.6066 0
L1 08    551 +013.7803 +003.9102 -004.9760 +001.2674 -050.1879 -018.9882 0
L1 01    555 +015.4459 +006.7025 +001.3881 -052.5028 +008.3420 +002.9819 0
L1 02    555 +002.4788 +007.8069 +001.7732 -150.4184 +001.7463 -179.7967 0
L1 03    555 +016.0676 +005.9388 -000.7633 -059.9529 -004.7968 +092.5398 0
L1 04    555 +008.0948 +007.4825 +001.7667 -037.5736 +000.6548 +000.4664 0
L1 05    555 +016.0754 +004.3647 -001.8021 -159.5963 +060.2040 +026.1679 0
L1 06    555 +014.9123 +004.1359 -003.4261 -173.7097 +051.8682 +023.4797 0
L1 07    555 +014.3208 +003.9972 -004.4703 +091.4374 +032.8299 -044.6089 0
L1 08    555 +013.7804 +003.9106 -004.9761 +001.2632 -050.1918 -018.9817 0
L1 01    559 +015.4460 +006.7026 +001.3878 -052.5025 +008.3409 +002.9794 0
L1 02    559 +002.4788 +007.8069 +001.7732 -150.4182 +001.7462 -179.7967 0
L1 03    559 +016.0675 +005.9393 -000.7631 -059.9498 -004.7967 +092.5410 0
L1 04    559 +008.0948 +007.4825 +001.7667 -037.5736 +000.6547 +000.4661 0
L1 05    559 +016.0755 +004.3650 -001.8020 -159.5982 +060.2042 +026.1638 0
L1 06    559 +014.9123 +004.1361 -003.4260 -173.7128 +051.8690 +023.4755 0
L1 07    559 +014.3209 +003.9974 -004.4701 +091.4359 +032.8257 -044.6099 0
L1 08    559 +013.7802 +003.9110 -004.9762 +001.2588 -050.1892 -018.9775 0
L1 01    563 +015.4459 +006.7025 +001.3876 -052.5035 +008.3407 +002.9768 0
L1 02    563 +002.4788 +007.8069 +001.7732 -150.4182 +001.7463 -179.7967 0
L1 03    563 +016.0675 +005.9393 -000.7631 -059.9496 -004.7967 +092.5397 0
L1 04    563 +008.0948 +007.4825 +001.7667 -037.5735 +000.6546 +000.4662 0
L1 05    563 +016.0753 +004.3651 -001.8022 -159.6009 +060.2019 +026.1611 0
L1 06    563 +014.9120 +004.1362 -003.4261 -173.7149 +051.8637 +023.4746 0
L1 07    563 +014.3206 +003.9973 -004.4702 +091.4362 +032.8268 -044.6024 0
L1 08    563 +013.7799 +003.9109 -004.9759 +001.2562 -050.1850 -018.9784 0
L1 01    567 +015.4459 +006.7024 +001.3874 -052.5050 +008.3430 +002.9752 0
L1 02    567 +002.4788 +007.8069 +001.7732 -150.4183 +001.7461 -179.7966 0
L1 03    567 +016.0674 +005.9392 -000.7629 -059.9510 -004.7972 +092.5397 0
L1 04    567 +008.0949 +007.4824 +001.7667 -037.5746 +000.6548 +000.4662 0
L1 05    567 +016.0753 +004.3648 -001.8020 -159.6042 +060.2004 +026.1611 0
L1 06    567 +014.9119 +004.1358 -003.4259 -173.7188 +051.8566 +023.4771 0
L1 07    567 +014.3202 +003.9968 -004.4701 +091.4360 +032.8310 -044.5902 0
L1 08    567 +013.7795 +003.9103 -004.9756 +001.2546 -050.1754 -018.9841 0
L1 01    571 +015.4461 +006.7019 +001.3875 -052.5080 +008.3408 +002.9759 0
L1 02    571 +002.4788 +007.8069 +001.7732 -150.4184 +001.7460 -179.7966 0
L1 03    571 +016.0674 +005.9393 -000.7630 -059.9505 -004.7975 +092.5389 0
L1 04    571 +008.0948 +007.4825 +001.7667 -037.5743 +000.6548 +000.4663 0
L1 05    571 +016.0752 +004.3646 -001.8022 -159.6055 +060.1984 +026.1609 0
L1 06    571 +014.9118 +004.1358 -003.4259 -173.7170 +051.8537 +023.4794 0
L1 07    571 +014.3200 +003.9972 -004.4700 +091.4419 +032.8301 -044.5905 0
L1 08    571 +013.7794 +003.9104 -004.9756 +001.2564 -050.1756 -018.9832 0
L1 01    575 +015.4461 +006.7020 +001.3875 -052.5076 +008.3424 +002.9759 0
L1 02    575 +002.4788 +007.8069 +001.7732 -150.4186 +001.7460 -179.7966 0
L1 03    575 +016.0675 +005.9391 -000.7631 -059.9520 -004.7973 +092.5392 0
L1 04    575 +008.0948 +007.4825 +001.7667 -037.5744 +000.6549 +000.4661 0
L1 05    575 +016.0752 +004.3648 -001.8026 -159.6067 +060.1981 +026.1592 0
L1 06    575 +014.9119 +004.1361 -003.4262 -173.7213 +051.8580 +023.4734 0
L1 07    575 +014.3202 +003.9975 -004.4700 +091.4373 +032.8245 -044.5970 0
L1 08    575 +013.7798 +003.9105 -004.9759 +001.2518 -050.1817 -018.9804 0
L1 01    579 +015.4461 +006.7021 +001.3875 -052.5060 +008.3430 +002.9775 0
L1 02    579 +002.4788 +007.8069 +001.7732 -150.4185 +001.7460 -179.7966 0
L1 03    579 +016.0675 +005.9392 -000.7629 -059.9511 -004.7979 +092.5407 0
L1 04    579 +008.0948 +007.4825 +001.7667 -037.5743 +000.6550 +000.4661 0
L1 05    579 +016.0753 +004.3648 -001.8022 -159.6055 +060.2019 +026.1603 0
L1 06    579 +014.9120 +004.1360 -003.4260 -173.7257 +051.8645 +023.4725 0
L1 07    579 +014.3203 +003.9977 -004.4701 +091.4318 +032.8233 -044.6024 0
L1 08    579 +013.7800 +003.9109 -004.9759 +001.2468 -050.1872 -018.9759 0
L1 01    583 +015.4460 +006.7022 +001.3873 -052.5050 +008.3452 +002.9767 0
L1 02    583 +002.4788 +007.8069 +001.7732 -150.4185 +001.7462 -179.7968 0
L1 03    583 +016.0676 +005.9390 -000.7628 -059.9527 -004.7970 +092.5417 0
L1 04    583 +008.0948 +007.4825 +001.7666 -037.5741 +000.6549 +000.4660 0
L1 05    583 +016.0753 +004.3649 -001.8024 -159.6053 +060.2009 +026.1599 0
L1 06    583 +014.9121 +004.1363 -003.4258 -173.7254 +051.8668 +023.4708 0
L1 07    583 +014.3205 +003.9975 -004.4699 +091.4266 +032.8235 -044.6067 0
L1 08    583 +013.7801 +003.9107 -004.9760 +001.2468 -050.1868 -018.9789 0
L1 01    587 +015.4460 +006.7023 +001.3873 -052.5038 +008.3459 +002.9771 0
L1 02    587 +002.4788 +007.8069 +001.7732 -150.4184 +001.7463 -179.7968 0
L1 03    587 +016.0676 +005.9391 -000.7628 -059.9518 -004.7974 +092.5417 0
L1 04    587 +008.0949 +007.4825 +001.7666 -037.5742 +000.6550 +000.4660 0
L1 05    587 +016.0752 +004.3650 -001.8026 -159.6049 +060.2001 +026.1592 0
L1 06    587 +014.9120 +004.1365 -003.4258 -173.7216 +051.8648 +023.4730 0
L1 07    587 +014.3206 +003.9975 -004.4697 +091.4277 +032.8245 -044.6064 0
L1 08    587 +013.7799 +003.9107 -004.9760 +001.2501 -050.1832 -018.9796 0
L1 01    591 +015.4461 +006.7020 +001.3875 -052.5061 +008.3441 +002.9780 0
L1 02    591 +002.4788 +007.8069 +001.7732 -150.4187 +001.7460 -179.7966 0
L1 03    591 +016.0675 +005.9390 -000.7629 -059.9526 -004.7974 +092.5412 0
L1 04    591 +008.0949 +007.4824 +001.7666 -037.5747 +000.6552 +000.4660 0
L1 05    591 +016.0751 +004.3653 -001.8026 -159.6050 +060.1992 +026.1593 0
L1 06    591 +014.9119 +004.1365 -003.4259 -173.7224 +051.8625 +023.4727 0
L1 07    591 +014.3205 +003.9974 -004.4696 +091.4281 +032.8248 -044.6045 0
L1 08    591 +013.7799 +003.9107 -004.9759 +001.2472 -050.1829 -018.9784 0
L1 01    595 +015.4461 +006.7019 +001.3871 -052.5086 +008.3462 +002.9761 0
L1 02    595 +002.4788 +007.8069 +001.7732 -150.4187 +001.7459 -179.7965 0
L1 03    595 +016.0676 +005.9389 -000.7627 -059.9541 -004.7972 +092.5420 0
L1 04    595 +008.0949 +007.4824 +001.7666 -037.5751 +000.6551 +000.4658 0
L1 05    595 +016.0752 +004.3648 -001.8025 -159.6094 +060.1991 +026.1575 0
L1 06    595 +014.9120 +004.1361 -003.4256 -173.7267 +051.8642 +023.4713 0
L1 07    595 +014.3205 +003.9974 -004.4696 +091.4271 +032.8246 -044.6039 0
L1 08    595 +013.7799 +003.9107 -004.9758 +001.2422 -050.1837 -018.9744 0
L1 01    599 +015.4460 +006.7025 +001.3873 -052.5049 +008.3473 +002.9778 0
L1 02    599 +002.4788 +007.8069 +001.7732 -150.4187 +001.7461 -179.7967 0
L1 03    599 +016.0676 +005.9389 -000.7627 -059.9531 -004.7971 +092.5422 0
L1 04    599 +008.0948 +007.4825 +001.7666 -037.5742 +000.6549 +000.4657 0
L1 05    599 +016.0753 +004.3646 -001.8023 -159.6115 +060.2015 +026.1552 0
L1 06    599 +014.9121 +004.1360 -003.4256 -173.7271 +051.8646 +023.4701 0
L1 07    599 +014.3206 +003.9970 -004.4699 +091.4267 +032.8227 -044.6027 0
L1 08    599 +013.7799 +003.9108 -004.9759 +001.2433 -050.1839 -018.9720 0
L1 01    603 +015.4461 +006.7022 +001.3871 -052.5073 +008.3471 +002.9754 0
L1 02    603 +002.4788 +007.8069 +001.7732 -150.4188 +001.7460 -179.7966 0
L1 03    603 +016.0675 +005.9391 -000.7630 -059.9522 -004.7970 +092.5403 0
L1 04    603 +008.0949 +007.4825 +001.7666 -037.5745 +000.6550 +000.4656 0
L1 05    603 +016.0754 +004.3647 -001.8024 -159.6067 +060.2012 +026.1592 0
L1 06    603 +014.9120 +004.1361 -003.4262 -173.7150 +051.8629 +023.4741 0
L1 07    603 +014.3207 +003.9969 -004.4702 +091.4310 +032.8246 -044.6029 0
L1 08    603 +013.7801 +003.9107 -004.9759 +001.2565 -050.1885 -018.9777 0
L1 01    607 +015.4460 +006.7022 +001.3872 -052.5074 +008.3462 +002.9765 0
L1 02    607 +002.4788 +007.8069 +001.7732 -150.4189 +001.7460 -179.7966 0
L1 03    607 +016.0676 +005.9389 -000.7629 -059.9531 -004.7982 +092.5413 0
L1 04    607 +008.0949 +007.4824 +001.7666 -037.5747 +000.6551 +000.4656 0
L1 05    607 +016.0754 +004.3646 -001.8021 -159.6028 +060.2030 +026.1637 0
L1 06    607 +014.9122 +004.1358 -003.4260 -173.7011 +051.8694 +023.4859 0
L1 07    607 +014.3208 +003.9972 -004.4700 +091.4403 +032.8275 -044.6099 0
L1 08    607 +013.7806 +003.9099 -004.9759 +001.2656 -050.1929 -018.9833 0
L1 01    611 +015.4461 +006.7020 +001.3875 -052.5083 +008.3439 +002.9787 0
L1 02    611 +002.4788 +007.8069 +001.7732 -150.4186 +001.7461 -179.7967 0
L1 03    611 +016.0675 +005.9392 -000.7628 -059.9515 -004.7987 +092.5420 0
L1 04    611 +008.0949 +007.4825 +001.7666 -037.5743 +000.6551 +000.4658 0
L1 05    611 +016.0755 +004.3645 -001.8022 -159.6021 +060.2039 +026.1649 0
L1 06    611 +014.9124 +004.1358 -003.4259 -173.6961 +051.8743 +023.4878 0
L1 07    611 +014.3211 +003.9968 -004.4699 +091.4362 +032.8285 -044.6173 0
L1 08    611 +013.7808 +003.9100 -004.9760 +001.2684 -050.1962 -018.9823 0
L1 01    615 +015.4462 +006.7018 +001.3882 -052.5085 +008.3401 +002.9826 0
L1 02    615 +002.4788 +007.8069 +001.7732 -150.4186 +001.7460 -179.7966 0
L1 03    615 +016.0675 +005.9393 -000.7629 -059.9511 -004.7990 +092.5421 0
L1 04    615 +008.0949 +007.4825 +001.7667 -037.5744 +000.6549 +000.4661 0
L1 05    615 +016.0755 +004.3646 -001.8023 -159.5989 +060.2048 +026.1677 0
L1 06    615 +014.9125 +004.1359 -003.4259 -173.6954 +051.8754 +023.4868 0
L1 07    615 +014.3212 +003.9969 -004.4701 +091.4369 +032.8290 -044.6184 0
L1 08    615 +013.7807 +003.9101 -004.9762 +001.2703 -050.1964 -018.9837 0
L1 01    619 +015.4462 +006.7019 +001.3878 -052.5095 +008.3463 +002.9816 0
L1 02    619 +002.4788 +007.8069 +001.7732 -150.4187 +001.7459 -179.7966 0
L1 03    619 +016.0676 +005.9387 -000.7628 -059.9545 -004.7986 +092.5422 0
L1 04    619 +008.0949 +007.4824 +001.7667 -037.5746 +000.6551 +000.4661 0
L1 05    619 +016.0754 +004.3645 -001.8023 -159.6010 +060.2038 +026.1657 0
L1 06    619 +014.9125 +004.1356 -003.4257 -173.6987 +051.8753 +023.4852 0
L1 07    619 +014.3212 +003.9968 -004.4698 +091.4371 +032.8271 -044.6171 0
L1 08    619 +013.7807 +003.9098 -004.9760 +001.2689 -050.1947 -018.9849 0
