L1 01      7 +016.1531 +000.2071 +001.3489 -084.6903 +001.4750 +001.9297 0
L1 02      7 +005.3067 +006.9152 +001.7008 -152.5977 -002.9733 -158.4340 0
L1 03      7 +016.2402 -000.5121 -000.8328 -091.5743 +002.5237 +092.1645 0
L1 04      7 +008.4120 +008.0406 +001.7756 -030.6732 -000.6069 +000.3822 0
L1 05      7 +014.4530 +010.4404 +001.9671 -109.1986 +000.3981 -013.3558 0
L1 06      7 +015.2324 -000.6539 -004.2166 +173.9982 +041.9896 -003.4658 0
L1 07      7 +014.5112 -000.5116 -005.1745 +098.6010 +009.3840 -040.2304 0
L1 08      7 +013.9723 -000.4279 -005.5815 -015.7240 -044.4322 +010.8713 0
L1 01     11 +016.1531 +000.2074 +001.3488 -084.6874 +001.4777 +001.9283 0
L1 02     11 +005.3067 +006.9152 +001.7008 -152.5976 -002.9731 -158.4340 0
L1 03     11 +016.2402 -000.5122 -000.8327 -091.5741 +002.5243 +092.1647 0
L1 04     11 +008.4120 +008.0406 +001.7756 -030.6728 -000.6067 +000.3819 0
L1 05     11 +014.4526 +010.4408 +001.9673 -109.1960 +000.3990 -013.3567 0
L1 06     11 +015.2324 -000.6540 -004.2168 +173.9978 +041.9884 -003.4652 0
L1 07     11 +014.5112 -000.5113 -005.1745 +098.6030 +009.3836 -040.2298 0
L1 08     11 +013.9723 -000.4279 -005.5815 -015.7234 -044.4326 +010.8706 0
L1 01     15 +016.1531 +000.2074 +001.3488 -084.6872 +001.4760 +001.9272 0
L1 02     15 +005.3067 +006.9152 +001.7008 -152.5976 -002.9734 -158.4336 0
L1 03     15 +016.2402 -000.5120 -000.8328 -091.5727 +002.5244 +092.1643 0
L1 04     15 +008.4120 +008.0406 +001.7756 -030.6726 -000.6068 +000.3819 0
L1 05     15 +014.4523 +010.4415 +001.9674 -109.1903 +000.3986 -013.3571 0
L1 06     15 +015.2324 -000.6540 -004.2168 +173.9989 +041.9884 -003.4651 0
L1 07     15 +014.5113 -000.5111 -005.1743 +098.6074 +009.3848 -040.2314 0
L1 08     15 +013.9723 -000.4278 -005.5816 -015.7215 -044.4322 +010.8706 0
L1 01     19 +016.1531 +000.2074 +001.3486 -084.6880 +001.4770 +001.9258 0
L1 02     19 +005.3067 +006.9152 +001.7008 -152.5976 -002.9731 -158.4337 0
L1 03     19 +016.2402 -000.5120 -000.8328 -091.5731 +002.5240 +092.1648 0
L1 04     19 +008.4120 +008.0406 +001.7756 -030.6729 -000.6068 +000.3821 0
L1 05     19 +014.4522 +010.4415 +001.9673 -109.1906 +000.3984 -013.3564 0
L1 06     19 +015.2324 -000.6541 -004.2167 +173.9980 +041.9886 -003.4646 0
L1 07     19 +014.5112 -000.5113 -005.1746 +098.6066 +009.3857 -040.2293 0
L1 08     19 +013.9723 -000.4279 -005.5815 -015.7210 -044.4328 +010.8693 0
L1 01     23 +016.1531 +000.2076 +001.3485 -084.6864 +001.4786 +001.9254 0
L1 02     23 +005.3067 +006.9152 +001.7008 -152.5973 -002.9732 -158.4337 0
L1 03     23 +016.2402 -000.5120 -000.8329 -091.5727 +002.5239 +092.1641 0
L1 04     23 +008.4120 +008.0406 +001.7756 -030.6732 -000.6066 +000.3822 0
L1 05     23 +014.4524 +010.4411 +001.9674 -109.1934 +000.3998 -013.3562 0
L1 06     23 +015.2324 -000.6538 -004.2171 +173.9989 +041.9874 -003.4655 0
L1 07     23 +014.5112 -000.5111 -005.1747 +098.6075 +009.3853 -040.2290 0
L1 08     23 +013.9724 -000.4279 -005.5815 -015.7202 -044.4330 +010.8689 0
L1 01     27 +016.1531 +000.2076 +001.3488 -084.6853 +001.4777 +001.9285 0
L1 02     27 +005.3066 +006.9152 +001.7008 -152.5973 -002.9732 -158.4339 0
L1 03     27 +016.2402 -000.5120 -000.8328 -091.5727 +002.5240 +092.1647 0
L1 04     27 +008.4120 +008.0406 +001.7756 -030.6729 -000.6066 +000.3821 0
L1 05     27 +014.4521 +010.4416 +001.9676 -109.1901 +000.4004 -013.3556 0
L1 06     27 +015.2324 -000.6541 -004.2169 +173.9981 +041.9882 -003.4646 0
L1 07     27 +014.5112 -000.5111 -005.1747 +098.6073 +009.3854 -040.2288 0
L1 08     27 +013.9724 -000.4278 -005.5815 -015.7194 -044.4331 +010.8690 0
L1 01     31 +016.1531 +000.2073 +001.3484 -084.6874 +001.4785 +001.9241 0
L1 02     31 +005.3067 +006.9152 +001.7008 -152.5976 -002.9733 -158.4344 0
L1 03     31 +016.2402 -000.5121 -000.8328 -091.5738 +002.5240 +092.1646 0
L1 04     31 +008.4120 +008.0406 +001.7756 -030.6734 -000.6066 +000.3822 0
L1 05     31 +014.4523 +010.4411 +001.9678 -109.1927 +000.4022 -013.3548 0
L1 06     31 +015.2322 -000.6539 -004.2171 +173.9989 +041.9861 -003.4651 0
L1 07     31 +014.5111 -000.5111 -005.1749 +098.6073 +009.3853 -040.2272 0
L1 08     31 +013.9724 -000.4279 -005.5815 -015.7192 -044.4332 +010.8680 0
L1 01     35 +016.1531 +000.2072 +001.3486 -084.6871 +001.4789 +001.9259 0
L1 02     35 +005.3067 +006.9152 +001.7008 -152.5980 -002.9734 -158.4347 0
L1 03     35 +016.2402 -000.5124 -000.8328 -091.5765 +002.5239 +092.1639 0
L1 04     35 +008.4121 +008.0405 +001.7756 -030.6741 -000.6065 +000.3820 0
L1 05     35 +014.4525 +010.4407 +001.9677 -109.1965 +000.4006 -013.3548 0
L1 06     35 +015.2323 -000.6541 -004.2168 +173.9984 +041.9885 -003.4633 0
L1 07     35 +014.5111 -000.5112 -005.1748 +098.6060 +009.3864 -040.2272 0
L1 08     35 +013.9723 -000.4280 -005.5815 -015.7197 -044.4326 +010.8668 0
L1 01     39 +016.1531 +000.2073 +001.3485 -084.6857 +001.4803 +001.9249 0
L1 02     39 +005.3067 +006.9152 +001.7008 -152.5976 -002.9729 -158.4344 0
L1 03     39 +016.2402 -000.5124 -000.8328 -091.5769 +002.5243 +092.1643 0
L1 04     39 +008.4121 +008.0406 +001.7756 -030.6737 -000.6065 +000.3818 0
L1 05     39 +014.4527 +010.4404 +001.9673 -109.1989 +000.3982 -013.3554 0
L1 06     39 +015.2324 -000.6543 -004.2166 +173.9970 +041.9894 -003.4638 0
L1 07     39 +014.5111 -000.5115 -005.1747 +098.6051 +009.3882 -040.2272 0
L1 08     39 +013.9723 -000.4280 -005.5815 -015.7195 -044.4324 +010.8667 0
L1 01     43 +016.1531 +000.2073 +001.3483 -084.6857 +001.4803 +001.9228 0
L1 02     43 +005.3067 +006.9152 +001.7009 -152.5976 -002.9727 -158.4340 0
L1 03     43 +016.2403 -000.5124 -000.8327 -091.5763 +002.5239 +092.1650 0
L1 04     43 +008.4120 +008.0406 +001.7756 -030.6731 -000.6066 +000.3818 0
L1 05     43 +014.4525 +010.4409 +001.9674 -109.1942 +000.3981 -013.3552 0
L1 06     43 +015.2324 -000.6542 -004.2167 +173.9994 +041.9888 -003.4631 0
L1 07     43 +014.5111 -000.5116 -005.1747 +098.6056 +009.3903 -040.2276 0
L1 08     43 +013.9723 -000.4280 -005.5815 -015.7186 -044.4331 +010.8669 0
L1 01     47 +016.1531 +000.2074 +001.3482 -084.6852 +001.4794 +001.9232 0
L1 02     47 +005.3066 +006.9152 +001.7008 -152.5973 -002.9731 -158.4333 0
L1 03     47 +016.2403 -000.5121 -000.8328 -091.5742 +002.5244 +092.1647 0
L1 04     47 +008.4120 +008.0407 +001.7756 -030.6727 -000.6068 +000.3817 0
L1 05     47 +014.4522 +010.4413 +001.9671 -109.1914 +000.3964 -013.3556 0
L1 06     47 +015.2324 -000.6541 -004.2166 +173.9996 +041.9910 -003.4642 0
L1 07     47 +014.5112 -000.5116 -005.1747 +098.6076 +009.3910 -040.2294 0
L1 08     47 +013.9724 -000.4279 -005.5816 -015.7159 -044.4338 +010.8658 0
L1 01     51 +016.1531 +000.2075 +001.3485 -084.6857 +001.4789 +001.9254 0
L1 02     51 +005.3066 +006.9152 +001.7008 -152.5971 -002.9735 -158.4329 0
L1 03     51 +016.2403 -000.5122 -000.8329 -091.5741 +002.5246 +092.1650 0
L1 04     51 +008.4120 +008.0407 +001.7756 -030.6724 -000.6067 +000.3817 0
L1 05     51 +014.4520 +010.4415 +001.9673 -109.1904 +000.3995 -013.3555 0
L1 06     51 +015.2325 -000.6542 -004.2166 +173.9990 +041.9908 -003.4637 0
L1 07     51 +014.5113 -000.5115 -005.1746 +098.6070 +009.3890 -040.2311 0
L1 08     51 +013.9725 -000.4279 -005.5816 -015.7150 -044.4343 +010.8657 0
L1 01     55 +016.1531 +000.2074 +001.3484 -084.6867 +001.4799 +001.9247 0
L1 02     55 +005.3066 +006.9152 +001.7008 -152.5971 -002.9732 -158.4337 0
L1 03     55 +016.2403 -000.5123 -000.8329 -091.5751 +002.5246 +092.1645 0
L1 04     55 +008.4120 +008.0406 +001.7755 -030.6727 -000.6066 +000.3816 0
L1 05     55 +014.4523 +010.4410 +001.9678 -109.1928 +000.4022 -013.3541 0
L1 06     55 +015.2324 -000.6540 -004.2168 +173.9994 +041.9890 -003.4641 0
L1 07     55 +014.5113 -000.5114 -005.1746 +098.6074 +009.3879 -040.2301 0
L1 08     55 +013.9724 -000.4278 -005.5817 -015.7150 -044.4332 +010.8655 0
L1 01     59 +016.1530 +000.2073 +001.3483 -084.6851 +001.4802 +001.9232 0
L1 02     59 +005.3066 +006.9153 +001.7008 -152.5972 -002.9732 -158.4342 0
L1 03     59 +016.2402 -000.5122 -000.8329 -091.5745 +002.5249 +092.1642 0
L1 04     59 +008.4120 +008.0406 +001.7756 -030.6727 -000.6069 +000.3817 0
L1 05     59 +014.4523 +010.4410 +001.9679 -109.1908 +000.4027 -013.3549 0
L1 06     59 +015.2324 -000.6538 -004.2166 +173.9996 +041.9895 -003.4661 0
L1 07     59 +014.5111 -000.5112 -005.1749 +098.6085 +009.3875 -040.2274 0
L1 08     59 +013.9724 -000.4277 -005.5815 -015.7146 -044.4331 +010.8660 0
L1 01     63 +016.1530 +000.2072 +001.3483 -084.6851 +001.4794 +001.9228 0
L1 02     63 +005.3067 +006.9152 +001.7008 -152.5975 -002.9733 -158.4342 0
L1 03     63 +016.2402 -000.5121 -000.8329 -091.5741 +002.5251 +092.1636 0
L1 04     63 +008.4120 +008.0406 +001.7756 -030.6730 -000.6069 +000.3817 0
L1 05     63 +014.4525 +010.4405 +001.9688 -109.1934 +000.4043 -013.3531 0
L1 06     63 +015.2323 -000.6540 -004.2168 +173.9987 +041.9884 -003.4655 0
L1 07     63 +014.5112 -000.5111 -005.1745 +098.6075 +009.3879 -040.2293 0
L1 08     63 +013.9722 -000.4279 -005.5815 -015.7145 -044.4323 +010.8641 0
L1 01     67 +016.1530 +000.2076 +001.3488 -084.6818 +001.4797 +001.9269 0
L1 02     67 +005.3067 +006.9152 +001.7008 -152.5982 -002.9731 -158.4337 0
L1 03     67 +016.2402 -000.5123 -000.8328 -091.5751 +002.5246 +092.1644 0
L1 04     67 +008.4120 +008.0406 +001.7756 -030.6728 -000.6070 +000.3816 0
L1 05     67 +014.4525 +010.4408 +001.9682 -109.1925 +000.4019 -013.3529 0
L1 06     67 +015.2323 -000.6541 -004.2168 +173.9986 +041.9876 -003.4640 0
L1 07     67 +014.5111 -000.5112 -005.1746 +098.6086 +009.3891 -040.2277 0
L1 08     67 +013.9723 -000.4279 -005.5815 -015.7134 -044.4325 +010.8637 0
L1 01     71 +016.1530 +000.2072 +001.3488 -084.6850 +001.4784 +001.9278 0
L1 02     71 +005.3067 +006.9152 +001.7008 -152.5978 -002.9736 -158.4330 0
L1 03     71 +016.2402 -000.5122 -000.8329 -091.5753 +002.5241 +092.1640 0
L1 04     71 +008.4120 +008.0406 +001.7755 -030.6732 -000.6070 +000.3814 0
L1 05     71 +014.4525 +010.4407 +001.9681 -109.1944 +000.4016 -013.3532 0
L1 06     71 +015.2323 -000.6544 -004.2168 +173.9991 +041.9887 -003.4616 0
L1 07     71 +014.5111 -000.5115 -005.1748 +098.6082 +009.3907 -040.2269 0
L1 08     71 +013.9723 -000.4279 -005.5816 -015.7121 -044.4328 +010.8620 0
L1 01     75 +016.1531 +000.2072 +001.3489 -084.6864 +001.4791 +001.9292 0
L1 02     75 +005.3067 +006.9152 +001.7008 -152.5977 -002.9736 -158.4328 0
L1 03     75 +016.2402 -000.5124 -000.8329 -091.5764 +002.5238 +092.1645 0
L1 04     75 +008.4121 +008.0406 +001.7755 -030.6736 -000.6067 +000.3815 0
L1 05     75 +014.4526 +010.4405 +001.9675 -109.1959 +000.3995 -013.3556 0
L1 06     75 +015.2324 -000.6543 -004.2166 +173.9989 +041.9901 -003.4622 0
L1 07     75 +014.5111 -000.5115 -005.1748 +098.6084 +009.3907 -040.2271 0
L1 08     75 +013.9724 -000.4280 -005.5816 -015.7113 -044.4339 +010.8612 0
L1 01     79 +016.1531 +000.2073 +001.3492 -084.6871 +001.4770 +001.9301 0
L1 02     79 +005.3067 +006.9152 +001.7008 -152.5975 -002.9735 -158.4333 0
L1 03     79 +016.2402 -000.5120 -000.8329 -091.5734 +002.5237 +092.1644 0
L1 04     79 +008.4120 +008.0406 +001.7756 -030.6733 -000.6069 +000.3816 0
L1 05     79 +014.4527 +010.4405 +001.9677 -109.1948 +000.4006 -013.3559 0
L1 06     79 +015.2325 -000.6542 -004.2165 +173.9995 +041.9907 -003.4637 0
L1 07     79 +014.5111 -000.5114 -005.1748 +098.6086 +009.3911 -040.2276 0
L1 08     79 +013.9723 -000.4278 -005.5817 -015.7096 -044.4325 +010.8619 0
L1 01     83 +016.1531 +000.2073 +001.3489 -084.6881 +001.4789 +001.9280 0
L1 02     83 +005.3067 +006.9152 +001.7008 -152.5977 -002.9736 -158.4338 0
L1 03     83 +016.2402 -000.5122 -000.8327 -091.5749 +002.5247 +092.1652 0
L1 04     83 +008.4121 +008.0406 +001.7756 -030.6736 -000.6069 +000.3818 0
L1 05     83 +014.4526 +010.4407 +001.9673 -109.1937 +000.3988 -013.3557 0
L1 06     83 +015.2324 -000.6542 -004.2166 +173.9998 +041.9897 -003.4623 0
L1 07     83 +014.5111 -000.5113 -005.1747 +098.6095 +009.3922 -040.2282 0
L1 08     83 +013.9723 -000.4279 -005.5816 -015.7091 -044.4328 +010.8608 0
L1 01     87 +016.1531 +000.2073 +001.3487 -084.6876 +001.4795 +001.9254 0
L1 02     87 +005.3067 +006.9152 +001.7008 -152.5975 -002.9733 -158.4337 0
L1 03     87 +016.2402 -000.5122 -000.8329 -091.5742 +002.5245 +092.1637 0
L1 04     87 +008.4121 +008.0406 +001.7756 -030.6735 -000.6070 +000.3816 0
L1 05     87 +014.4527 +010.4406 +001.9676 -109.1950 +000.3996 -013.3549 0
L1 06     87 +015.2324 -000.6538 -004.2167 +174.0020 +041.9891 -003.4628 0
L1 07     87 +014.5111 -000.5114 -005.1745 +098.6103 +009.3937 -040.2281 0
L1 08     87 +013.9723 -000.4279 -005.5817 -015.7085 -044.4322 +010.8605 0
L1 01     91 +016.1530 +000.2072 +001.3484 -084.6866 +001.4809 +001.9236 0
L1 02     91 +005.3067 +006.9152 +001.7008 -152.5974 -002.9733 -158.4332 0
L1 03     91 +016.2402 -000.5123 -000.8329 -091.5752 +002.5243 +092.1641 0
L1 04     91 +008.4121 +008.0406 +001.7756 -030.6734 -000.6071 +000.3816 0
L1 05     91 +014.4528 +010.4406 +001.9674 -109.1960 +000.3983 -013.3561 0
L1 06     91 +015.2324 -000.6538 -004.2166 +174.0011 +041.9894 -003.4637 0
L1 07     91 +014.5111 -000.5114 -005.1748 +098.6106 +009.3943 -040.2268 0
L1 08     91 +013.9723 -000.4279 -005.5817 -015.7085 -044.4326 +010.8598 0
L1 01     95 +016.1530 +000.2074 +001.3484 -084.6856 +001.4817 +001.9239 0
L1 02     95 +005.3066 +006.9152 +001.7008 -152.5972 -002.9733 -158.4330 0
L1 03     95 +016.2402 -000.5123 -000.8329 -091.5749 +002.5242 +092.1638 0
L1 04     95 +008.4120 +008.0406 +001.7756 -030.6731 -000.6071 +000.3815 0
L1 05     95 +014.4525 +010.4409 +001.9676 -109.1941 +000.4005 -013.3552 0
L1 06     95 +015.2323 -000.6541 -004.2168 +174.0003 +041.9884 -003.4631 0
L1 07     95 +014.5111 -000.5115 -005.1750 +098.6108 +009.3934 -040.2258 0
L1 08     95 +013.9723 -000.4279 -005.5818 -015.7077 -044.4325 +010.8592 0
L1 01     99 +016.1530 +000.2072 +001.3484 -084.6884 +001.4814 +001.9246 0
L1 02     99 +005.3066 +006.9152 +001.7008 -152.5970 -002.9731 -158.4332 0
L1 03     99 +016.2402 -000.5122 -000.8328 -091.5744 +002.5241 +092.1646 0
L1 04     99 +008.4120 +008.0406 +001.7755 -030.6731 -000.6071 +000.3814 0
L1 05     99 +014.4524 +010.4408 +001.9676 -109.1938 +000.4023 -013.3561 0
L1 06     99 +015.2324 -000.6541 -004.2166 +174.0006 +041.9897 -003.4629 0
L1 07     99 +014.5110 -000.5114 -005.1750 +098.6106 +009.3928 -040.2254 0
L1 08     99 +013.9722 -000.4279 -005.5817 -015.7071 -044.4330 +010.8587 0
L1 01    103 +016.1530 +000.2074 +001.3484 -084.6878 +001.4818 +001.9243 0
L1 02    103 +005.3067 +006.9152 +001.7008 -152.5977 -002.9726 -158.4340 0
L1 03    103 +016.2402 -000.5123 -000.8327 -091.5756 +002.5245 +092.1649 0
L1 04    103 +008.4120 +008.0406 +001.7756 -030.6732 -000.6071 +000.3818 0
L1 05    103 +014.4526 +010.4408 +001.9677 -109.1946 +000.4027 -013.3560 0
L1 06    103 +015.2323 -000.6541 -004.2167 +174.0008 +041.9889 -003.4625 0
L1 07    103 +014.5111 -000.5113 -005.1748 +098.6115 +009.3932 -040.2262 0
L1 08    103 +013.9722 -000.4279 -005.5817 -015.7071 -044.4323 +010.8588 0
L1 01    107 +016.1530 +000.2073 +001.3484 -084.6871 +001.4824 +001.9242 0
L1 02    107 +005.3067 +006.9152 +001.7008 -152.5977 -002.9729 -158.4341 0
L1 03    107 +016.2402 -000.5123 -000.8330 -091.5758 +002.5245 +092.1634 0
L1 04    107 +008.4121 +008.0406 +001.7756 -030.6733 -000.6069 +000.3816 0
L1 05    107 +014.4527 +010.4406 +001.9677 -109.1963 +000.4024 -013.3557 0
L1 06    107 +015.2323 -000.6541 -004.2168 +174.0007 +041.9880 -003.4627 0
L1 07    107 +014.5110 -000.5116 -005.1749 +098.6099 +009.3946 -040.2253 0
L1 08    107 +013.9722 -000.4280 -005.5816 -015.7062 -044.4328 +010.8575 0
L1 01    111 +016.1530 +000.2074 +001.3486 -084.6861 +001.4820 +001.9259 0
L1 02    111 +005.3067 +006.9152 +001.7008 -152.5980 -002.9732 -158.4335 0
L1 03    111 +016.2402 -000.5123 -000.8329 -091.5757 +002.5245 +092.1638 0
L1 04    111 +008.4121 +008.0406 +001.7756 -030.6734 -000.6069 +000.3815 0
L1 05    111 +014.4529 +010.4403 +001.9674 -109.1982 +000.3997 -013.3567 0
L1 06    111 +015.2323 -000.6543 -004.2165 +174.0005 +041.9903 -003.4615 0
L1 07    111 +014.5110 -000.5119 -005.1749 +098.6092 +009.3960 -040.2252 0
L1 08    111 +013.9722 -000.4279 -005.5817 -015.7053 -044.4328 +010.8574 0
L1 01    115 +016.1530 +000.2073 +001.3482 -084.6885 +001.4817 +001.9208 0
L1 02    115 +005.3067 +006.9152 +001.7008 -152.5975 -002.9731 -158.4331 0
L1 03    115 +016.2402 -000.5123 -000.8329 -091.5756 +002.5248 +092.1633 0
L1 04    115 +008.4120 +008.0406 +001.7756 -030.6730 -000.6072 +000.3816 0
L1 05    115 +014.4525 +010.4409 +001.9675 -109.1939 +000.3986 -013.3551 0
L1 06    115 +015.2324 -000.6540 -004.2166 +174.0015 +041.9897 -003.4622 0
L1 07    115 +014.5111 -000.5115 -005.1748 +098.6130 +009.3964 -040.2265 0
L1 08    115 +013.9722 -000.4280 -005.5817 -015.7044 -044.4329 +010.8564 0
L1 01    119 +016.1530 +000.2073 +001.3487 -084.6881 +001.4810 +001.9263 0
L1 02    119 +005.3066 +006.9152 +001.7008 -152.5972 -002.9731 -158.4329 0
L1 03    119 +016.2402 -000.5122 -000.8328 -091.5748 +002.5249 +092.1644 0
L1 04    119 +008.4120 +008.0406 +001.7756 -030.6728 -000.6071 +000.3817 0
L1 05    119 +014.4527 +010.4407 +001.9677 -109.1956 +000.4008 -013.3549 0
L1 06    119 +015.2324 -000.6541 -004.2167 +174.0024 +041.9890 -003.4614 0
L1 07    119 +014.5111 -000.5111 -005.1749 +098.6141 +009.3945 -040.2262 0
L1 08    119 +013.9723 -000.4278 -005.5817 -015.7033 -044.4333 +010.8576 0
L1 01    123 +016.1530 +000.2072 +001.3483 -084.6894 +001.4822 +001.9226 0
L1 02    123 +005.3066 +006.9152 +001.7008 -152.5973 -002.9734 -158.4333 0
L1 03    123 +016.2403 -000.5124 -000.8329 -091.5755 +002.5249 +092.1634 0
L1 04    123 +008.4120 +008.0406 +001.7756 -030.6732 -000.6072 +000.3815 0
L1 05    123 +014.4526 +010.4409 +001.9677 -109.1941 +000.4027 -013.3559 0
L1 06    123 +015.2323 -000.6539 -004.2167 +174.0018 +041.9881 -003.4636 0
L1 07    123 +014.5112 -000.5113 -005.1747 +098.6136 +009.3963 -040.2270 0
L1 08    123 +013.9722 -000.4280 -005.5818 -015.7034 -044.4321 +010.8559 0
L1 01    127 +016.1530 +000.2073 +001.3484 -084.6882 +001.4820 +001.9236 0
L1 02    127 +005.3067 +006.9152 +001.7008 -152.5974 -002.9731 -158.4336 0
L1 03    127 +016.2402 -000.5122 -000.8329 -091.5746 +002.5246 +092.1634 0
L1 04    127 +008.4120 +008.0406 +001.7756 -030.6731 -000.6071 +000.3815 0
L1 05    127 +014.4526 +010.4408 +001.9678 -109.1943 +000.4027 -013.3553 0
L1 06    127 +015.2323 -000.6540 -004.2168 +174.0016 +041.9875 -003.4627 0
L1 07    127 +014.5110 -000.5113 -005.1749 +098.6131 +009.3956 -040.2255 0
L1 08    127 +013.9722 -000.4279 -005.5817 -015.7024 -044.4320 +010.8558 0
L1 01    131 +016.1530 +000.2070 +001.3485 -084.6892 +001.4803 +001.9251 0
L1 02    131 +005.3067 +006.9152 +001.7008 -152.5974 -002.9731 -158.4337 0
L1 03    131 +016.2402 -000.5120 -000.8329 -091.5734 +002.5243 +092.1632 0
L1 04    131 +008.4121 +008.0406 +001.7755 -030.6734 -000.6071 +000.3814 0
L1 05    131 +014.4528 +010.4407 +001.9675 -109.1947 +000.4010 -013.3566 0
L1 06    131 +015.2323 -000.6542 -004.2169 +174.0023 +041.9874 -003.4606 0
L1 07    131 +014.5111 -000.5113 -005.1747 +098.6133 +009.3969 -040.2263 0
L1 08    131 +013.9721 -000.4278 -005.5817 -015.7016 -044.4321 +010.8558 0
L1 01    135 +016.1530 +000.2074 +001.3485 -084.6883 +001.4823 +001.9254 0
L1 02    135 +005.3067 +006.9152 +001.7008 -152.5975 -002.9729 -158.4337 0
L1 03    135 +016.2402 -000.5122 -000.8326 -091.5744 +002.5248 +092.1649 0
L1 04    135 +008.4121 +008.0405 +001.7756 -030.6741 -000.6070 +000.3820 0
L1 05    135 +014.4522 +010.4412 +001.9677 -109.1906 +000.4010 -013.3551 0
L1 06    135 +015.2323 -000.6541 -004.2167 +174.0032 +041.9883 -003.4600 0
L1 07    135 +014.5111 -000.5115 -005.1747 +098.6121 +009.3970 -040.2265 0
L1 08    135 +013.9721 -000.4279 -005.5817 -015.7011 -044.4323 +010.8548 0
L1 01    139 +016.1531 +000.2074 +001.3487 -084.6884 +001.4815 +001.9270 0
L1 02    139 +005.3067 +006.9152 +001.7008 -152.5979 -002.9729 -158.4336 0
L1 03    139 +016.2402 -000.5123 -000.8328 -091.5751 +002.5246 +092.1642 0
L1 04    139 +008.4121 +008.0406 +001.7756 -030.6737 -000.6071 +000.3822 0
L1 05    139 +014.4524 +010.4409 +001.9680 -109.1931 +000.4022 -013.3537 0
L1 06    139 +015.2322 -000.6542 -004.2170 +174.0027 +041.9867 -003.4602 0
L1 07    139 +014.5110 -000.5115 -005.1748 +098.6133 +009.3978 -040.2256 0
L1 08    139 +013.9722 -000.4279 -005.5817 -015.7002 -044.4327 +010.8546 0
L1 01    143 +016.1530 +000.2071 +001.3488 -084.6911 +001.4813 +001.9268 0
L1 02    143 +005.3067 +006.9152 +001.7008 -152.5982 -002.9728 -158.4335 0
L1 03    143 +016.2401 -000.5123 -000.8329 -091.5763 +002.5243 +092.1634 0
L1 04    143 +008.4121 +008.0405 +001.7756 -030.6740 -000.6071 +000.3819 0
L1 05    143 +014.4525 +010.4409 +001.9679 -109.1936 +000.4020 -013.3542 0
L1 06    143 +015.2323 -000.6543 -004.2167 +174.0007 +041.9885 -003.4611 0
L1 07    143 +014.5110 -000.5114 -005.1748 +098.6134 +009.3981 -040.2255 0
L1 08    143 +013.9721 -000.4279 -005.5817 -015.6993 -044.4329 +010.8534 0
L1 01    147 +016.1530 +000.2072 +001.3487 -084.6905 +001.4815 +001.9269 0
L1 02    147 +005.3067 +006.9152 +001.7008 -152.5978 -002.9732 -158.4333 0
L1 03    147 +016.2402 -000.5121 -000.8329 -091.5744 +002.5245 +092.1635 0
L1 04    147 +008.4121 +008.0406 +001.7756 -030.6736 -000.6070 +000.3816 0
L1 05    147 +014.4527 +010.4407 +001.9674 -109.1954 +000.4003 -013.3570 0
L1 06    147 +015.2323 -000.6543 -004.2167 +174.0012 +041.9890 -003.4607 0
L1 07    147 +014.5110 -000.5115 -005.1747 +098.6135 +009.3984 -040.2263 0
L1 08    147 +013.9721 -000.4279 -005.5817 -015.6986 -044.4329 +010.8527 0
L1 01    151 +016.1530 +000.2072 +001.3488 -084.6902 +001.4819 +001.9267 0
L1 02    151 +005.3067 +006.9152 +001.7008 -152.5975 -002.9730 -158.4334 0
L1 03    151 +016.2401 -000.5121 -000.8329 -091.5746 +002.5246 +092.1633 0
L1 04    151 +008.4121 +008.0406 +001.7755 -030.6731 -000.6068 +000.3815 0
L1 05    151 +014.4526 +010.4407 +001.9676 -109.1946 +000.4011 -013.3553 0
L1 06    151 +015.2323 -000.6544 -004.2164 +174.0016 +041.9903 -003.4600 0
L1 07    151 +014.5110 -000.5112 -005.1746 +098.6151 +009.3980 -040.2267 0
L1 08    151 +013.9721 -000.4280 -005.5817 -015.6986 -044.4328 +010.8525 0
L1 01    155 +016.1530 +000.2073 +001.3486 -084.6911 +001.4832 +001.9248 0
L1 02    155 +005.3067 +006.9152 +001.7008 -152.5976 -002.9729 -158.4337 0
L1 03    155 +016.2401 -000.5123 -000.8329 -091.5756 +002.5248 +092.1635 0
L1 04    155 +008.4121 +008.0406 +001.7756 -030.6737 -000.6069 +000.3816 0
L1 05    155 +014.4524 +010.4408 +001.9676 -109.1928 +000.4015 -013.3556 0
L1 06    155 +015.2323 -000.6541 -004.2165 +174.0020 +041.9899 -003.4614 0
L1 07    155 +014.5110 -000.5117 -005.1747 +098.6119 +009.3982 -040.2259 0
L1 08    155 +013.9721 -000.4280 -005.5817 -015.6985 -044.4328 +010.8518 0
L1 01    159 +016.1529 +000.2072 +001.3483 -084.6917 +001.4837 +001.9215 0
L1 02    159 +005.3066 +006.9152 +001.7008 -152.5973 -002.9729 -158.4337 0
L1 03    159 +016.2401 -000.5122 -000.8328 -091.5746 +002.5250 +092.1633 0
L1 04    159 +008.4121 +008.0406 +001.7756 -030.6735 -000.6070 +000.3816 0
L1 05    159 +014.4523 +010.4410 +001.9680 -109.1905 +000.4025 -013.3542 0
L1 06    159 +015.2322 -000.6540 -004.2167 +174.0032 +041.9881 -003.4604 0
L1 07    159 +014.5109 -000.5115 -005.1749 +098.6128 +009.3969 -040.2249 0
L1 08    159 +013.9721 -000.4279 -005.5817 -015.6976 -044.4321 +010.8521 0
L1 01    163 +016.1530 +000.2073 +001.3485 -084.6893 +001.4836 +001.9240 0
L1 02    163 +005.3067 +006.9152 +001.7008 -152.5974 -002.9727 -158.4339 0
L1 03    163 +016.2402 -000.5121 -000.8329 -091.5744 +002.5251 +092.1630 0
L1 04    163 +008.4120 +008.0406 +001.7756 -030.6732 -000.6070 +000.3819 0
L1 05    163 +014.4525 +010.4408 +001.9678 -109.1910 +000.4021 -013.3546 0
L1 06    163 +015.2322 -000.6537 -004.2167 +174.0054 +041.9885 -003.4618 0
L1 07    163 +014.5109 -000.5114 -005.1750 +098.6143 +009.3948 -040.2239 0
L1 08    163 +013.9721 -000.4279 -005.5818 -015.6969 -044.4318 +010.8518 0
L1 01    167 +016.1530 +000.2077 +001.3483 -084.6865 +001.4863 +001.9217 0
L1 02    167 +005.3066 +006.9152 +001.7008 -152.5971 -002.9728 -158.4337 0
L1 03    167 +016.2402 -000.5122 -000.8329 -091.5740 +002.5255 +092.1633 0
L1 04    167 +008.4120 +008.0406 +001.7756 -030.6728 -000.6069 +000.3816 0
L1 05    167 +014.4523 +010.4412 +001.9675 -109.1896 +000.4022 -013.3564 0
L1 06    167 +015.2323 -000.6539 -004.2167 +174.0049 +041.9885 -003.4618 0
L1 07    167 +014.5109 -000.5114 -005.1750 +098.6132 +009.3932 -040.2241 0
L1 08    167 +013.9721 -000.4278 -005.5818 -015.6961 -044.4317 +010.8520 0
L1 01    171 +016.1530 +000.2074 +001.3486 -084.6891 +001.4853 +001.9230 0
L1 02    171 +005.3066 +006.9152 +001.7008 -152.5972 -002.9729 -158.4338 0
L1 03    171 +016.2402 -000.5122 -000.8330 -091.5745 +002.5254 +092.1629 0
L1 04    171 +008.4120 +008.0406 +001.7756 -030.6729 -000.6070 +000.3822 0
L1 05    171 +014.4520 +010.4414 +001.9675 -109.1873 +000.4026 -013.3570 0
L1 06    171 +015.2323 -000.6539 -004.2169 +174.0044 +041.9872 -003.4614 0
L1 07    171 +014.5110 -000.5117 -005.1747 +098.6100 +009.3951 -040.2270 0
L1 08    171 +013.9721 -000.4279 -005.5817 -015.6963 -044.4326 +010.8519 0
L1 01    175 +016.1529 +000.2073 +001.3483 -084.6915 +001.4860 +001.9198 0
L1 02    175 +005.3066 +006.9152 +001.7008 -152.5972 -002.9729 -158.4340 0
L1 03    175 +016.2402 -000.5124 -000.8330 -091.5760 +002.5252 +092.1630 0
L1 04    175 +008.4121 +008.0406 +001.7756 -030.6735 -000.6067 +000.3819 0
L1 05    175 +014.4523 +010.4411 +001.9673 -109.1902 +000.4024 -013.3569 0
L1 06    175 +015.2323 -000.6540 -004.2167 +174.0042 +041.9883 -003.4614 0
L1 07    175 +014.5110 -000.5114 -005.1748 +098.6125 +009.3953 -040.2260 0
L1 08    175 +013.9722 -000.4279 -005.5817 -015.6954 -044.4328 +010.8507 0
L1 01    179 +016.1530 +000.2073 +001.3482 -084.6927 +001.4858 +001.9187 0
L1 02    179 +005.3067 +006.9152 +001.7008 -152.5973 -002.9730 -158.4339 0
L1 03    179 +016.2402 -000.5123 -000.8331 -091.5759 +002.5253 +092.1623 0
L1 04    179 +008.4121 +008.0406 +001.7756 -030.6736 -000.6067 +000.3820 0
L1 05    179 +014.4523 +010.4410 +001.9675 -109.1907 +000.4029 -013.3565 0
L1 06    179 +015.2324 -000.6542 -004.2166 +174.0038 +041.9892 -003.4609 0
L1 07    179 +014.5110 -000.5114 -005.1748 +098.6117 +009.3945 -040.2257 0
L1 08    179 +013.9721 -000.4279 -005.5818 -015.6950 -044.4325 +010.8504 0
L1 01    183 +016.1530 +000.2073 +001.3489 -084.6916 +001.4859 +001.9236 0
L1 02    183 +005.3066 +006.9152 +001.7008 -152.5974 -002.9730 -158.4339 0
L1 03    183 +016.2402 -000.5124 -000.8331 -091.5765 +002.5252 +092.1624 0
L1 04    183 +008.4121 +008.0406 +001.7756 -030.6738 -000.6068 +000.3821 0
L1 05    183 +014.4525 +010.4408 +001.9670 -109.1926 +000.4009 -013.3581 0
L1 06    183 +015.2324 -000.6541 -004.2165 +174.0041 +041.9902 -003.4607 0
L1 07    183 +014.5111 -000.5115 -005.1747 +098.6109 +009.3952 -040.2261 0
L1 08    183 +013.9722 -000.4278 -005.5817 -015.6940 -044.4331 +010.8500 0
L1 01    187 +016.1530 +000.2073 +001.3487 -084.6912 +001.4869 +001.9233 0
L1 02    187 +005.3067 +006.9152 +001.7008 -152.5975 -002.9731 -158.4339 0
L1 03    187 +016.2401 -000.5124 -000.8329 -091.5766 +002.5248 +092.1634 0
L1 04    187 +008.4121 +008.0406 +001.7756 -030.6737 -000.6067 +000.3818 0
L1 05    187 +014.4525 +010.4409 +001.9672 -109.1912 +000.4015 -013.3576 0
L1 06    187 +015.2322 -000.6541 -004.2167 +174.0046 +041.9885 -003.4597 0
L1 07    187 +014.5110 -000.5116 -005.1748 +098.6102 +009.3952 -040.2256 0
L1 08    187 +013.9722 -000.4279 -005.5816 -015.6943 -044.4337 +010.8497 0
L1 01    191 +016.1530 +000.2072 +001.3488 -084.6920 +001.4856 +001.9248 0
L1 02    191 +005.3067 +006.9152 +001.7008 -152.5977 -002.9732 -158.4338 0
L1 03    191 +016.2401 -000.5125 -000.8329 -091.5776 +002.5252 +092.1632 0
L1 04    191 +008.4121 +008.0406 +001.7755 -030.6736 -000.6067 +000.3815 0
L1 05    191 +014.4523 +010.4410 +001.9673 -109.1904 +000.4005 -013.3567 0
L1 06    191 +015.2322 -000.6541 -004.2169 +174.0030 +041.9876 -003.4611 0
L1 07    191 +014.5110 -000.5115 -005.1746 +098.6095 +009.3938 -040.2269 0
L1 08    191 +013.9721 -000.4279 -005.5816 -015.6933 -044.4334 +010.8489 0
L1 01    195 +016.1530 +000.2073 +001.3487 -084.6925 +001.4869 +001.9244 0
L1 02    195 +005.3067 +006.9152 +001.7008 -152.5980 -002.9730 -158.4339 0
L1 03    195 +016.2402 -000.5126 -000.8328 -091.5780 +002.5260 +092.1641 0
L1 04    195 +008.4120 +008.0406 +001.7755 -030.6734 -000.6067 +000.3812 0
L1 05    195 +014.4523 +010.4411 +001.9671 -109.1911 +000.3999 -013.3569 0
L1 06    195 +015.2323 -000.6542 -004.2169 +174.0020 +041.9879 -003.4618 0
L1 07    195 +014.5111 -000.5115 -005.1746 +098.6099 +009.3944 -040.2265 0
L1 08    195 +013.9721 -000.4280 -005.5817 -015.6933 -044.4331 +010.8488 0
L1 01    199 +016.1530 +000.2072 +001.3486 -084.6940 +001.4855 +001.9243 0
L1 02    199 +005.3067 +006.9152 +001.7008 -152.5978 -002.9731 -158.4337 0
L1 03    199 +016.2401 -000.5122 -000.8330 -091.5750 +002.5261 +092.1630 0
L1 04    199 +008.4120 +008.0406 +001.7756 -030.6731 -000.6068 +000.3816 0
L1 05    199 +014.4524 +010.4410 +001.9674 -109.1915 +000.3999 -013.3554 0
L1 06    199 +015.2323 -000.6542 -004.2167 +174.0027 +041.9884 -003.4616 0
L1 07    199 +014.5111 -000.5115 -005.1746 +098.6092 +009.3933 -040.2270 0
L1 08    199 +013.9722 -000.4278 -005.5816 -015.6918 -044.4338 +010.8492 0
L1 01    203 +016.1530 +000.2073 +001.3490 -084.6956 +001.4847 +001.9269 0
L1 02    203 +005.3067 +006.9152 +001.7008 -152.5975 -002.9736 -158.4335 0
L1 03    203 +016.2401 -000.5121 -000.8331 -091.5743 +002.5258 +092.1623 0
L1 04    203 +008.4120 +008.0406 +001.7756 -030.6729 -000.6069 +000.3816 0
L1 05    203 +014.4525 +010.4410 +001.9670 -109.1912 +000.3986 -013.3574 0
L1 06    203 +015.2322 -000.6540 -004.2168 +174.0047 +041.9875 -003.4607 0
L1 07    203 +014.5111 -000.5114 -005.1747 +098.6105 +009.3930 -040.2263 0
L1 08    203 +013.9721 -000.4279 -005.5817 -015.6911 -044.4331 +010.8485 0
L1 01    207 +016.1530 +000.2072 +001.3489 -084.6999 +001.4840 +001.9263 0
L1 02    207 +005.3066 +006.9153 +001.7008 -152.5969 -002.9731 -158.4334 0
L1 03    207 +016.2401 -000.5121 -000.8331 -091.5743 +002.5253 +092.1626 0
L1 04    207 +008.4120 +008.0407 +001.7756 -030.6726 -000.6070 +000.3820 0
L1 05    207 +014.4525 +010.4409 +001.9675 -109.1923 +000.3997 -013.3544 0
L1 06    207 +015.2324 -000.6540 -004.2165 +174.0031 +041.9897 -003.4618 0
L1 07    207 +014.5109 -000.5115 -005.1750 +098.6102 +009.3920 -040.2243 0
L1 08    207 +013.9721 -000.4278 -005.5817 -015.6899 -044.4330 +010.8479 0
L1 01    211 +016.1529 +000.2070 +001.3484 -084.7073 +001.4833 +001.9201 0
L1 02    211 +005.3067 +006.9152 +001.7008 -152.5972 -002.9730 -158.4335 0
L1 03    211 +016.2402 -000.5122 -000.8330 -091.5749 +002.5260 +092.1625 0
L1 04    211 +008.4120 +008.0406 +001.7756 -030.6726 -000.6071 +000.3819 0
L1 05    211 +014.4526 +010.4408 +001.9676 -109.1922 +000.3976 -013.3540 0
L1 06    211 +015.2323 -000.6542 -004.2166 +174.0040 +041.9889 -003.4602 0
L1 07    211 +014.5110 -000.5112 -005.1748 +098.6133 +009.3938 -040.2254 0
L1 08    211 +013.9721 -000.4277 -005.5817 -015.6884 -044.4324 +010.8474 0
L1 01    215 +016.1529 +000.2070 +001.3485 -084.7109 +001.4819 +001.9215 0
L1 02    215 +005.3067 +006.9152 +001.7008 -152.5976 -002.9733 -158.4336 0
L1 03    215 +016.2402 -000.5122 -000.8330 -091.5750 +002.5254 +092.1628 0
L1 04    215 +008.4120 +008.0406 +001.7756 -030.6730 -000.6071 +000.3822 0
L1 05    215 +014.4525 +010.4409 +001.9679 -109.1911 +000.3997 -013.3541 0
L1 06    215 +015.2322 -000.6543 -004.2167 +174.0035 +041.9879 -003.4600 0
L1 07    215 +014.5110 -000.5115 -005.1747 +098.6119 +009.3952 -040.2263 0
L1 08    215 +013.9721 -000.4278 -005.5817 -015.6883 -044.4328 +010.8467 0
L1 01    219 +016.1529 +000.2071 +001.3485 -084.7122 +001.4827 +001.9214 0
L1 02    219 +005.3067 +006.9152 +001.7008 -152.5975 -002.9731 -158.4337 0
L1 03    219 +016.2402 -000.5123 -000.8329 -091.5757 +002.5256 +092.1635 0
L1 04    219 +008.4120 +008.0406 +001.7756 -030.6730 -000.6067 +000.3819 0
L1 05    219 +014.4522 +010.4410 +001.9682 -109.1900 +000.4007 -013.3528 0
L1 06    219 +015.2322 -000.6540 -004.2168 +174.0045 +041.9877 -003.4607 0
L1 07    219 +014.5111 -000.5116 -005.1746 +098.6105 +009.3951 -040.2268 0
L1 08    219 +013.9721 -000.4277 -005.5817 -015.6875 -044.4333 +010.8462 0
L1 01    223 +016.1528 +000.2072 +001.3486 -084.7131 +001.4828 +001.9224 0
L1 02    223 +005.3067 +006.9152 +001.7008 -152.5975 -002.9730 -158.4337 0
L1 03    223 +016.2401 -000.5123 -000.8329 -091.5758 +002.5263 +092.1636 0
L1 04    223 +008.4120 +008.0406 +001.7756 -030.6730 -000.6068 +000.3820 0
L1 05    223 +014.4520 +010.4414 +001.9678 -109.1877 +000.3981 -013.3536 0
L1 06    223 +015.2322 -000.6542 -004.2168 +174.0027 +041.9883 -003.4609 0
L1 07    223 +014.5111 -000.5113 -005.1747 +098.6108 +009.3940 -040.2269 0
L1 08    223 +013.9721 -000.4278 -005.5817 -015.6877 -044.4335 +010.8459 0
L1 01    227 +016.1528 +000.2072 +001.3487 -084.7148 +001.4825 +001.9232 0
L1 02    227 +005.3067 +006.9152 +001.7008 -152.5975 -002.9729 -158.4339 0
L1 03    227 +016.2401 -000.5122 -000.8329 -091.5756 +002.5265 +092.1634 0
L1 04    227 +008.4120 +008.0406 +001.7756 -030.6732 -000.6069 +000.3820 0
L1 05    227 +014.4529 +010.4403 +001.9678 -109.1944 +000.3996 -013.3557 0
L1 06    227 +015.2323 -000.6542 -004.2167 +174.0029 +041.9886 -003.4612 0
L1 07    227 +014.5110 -000.5114 -005.1747 +098.6104 +009.3937 -040.2261 0
L1 08    227 +013.9721 -000.4277 -005.5817 -015.6874 -044.4333 +010.8460 0
L1 01    231 +016.1528 +000.2072 +001.3487 -084.7154 +001.4822 +001.9230 0
L1 02    231 +005.3067 +006.9152 +001.7008 -152.5975 -002.9729 -158.4338 0
L1 03    231 +016.2401 -000.5122 -000.8329 -091.5750 +002.5264 +092.1634 0
L1 04    231 +008.4120 +008.0407 +001.7756 -030.6725 -000.6070 +000.3820 0
L1 05    231 +014.4527 +010.4406 +001.9673 -109.1930 +000.3974 -013.3577 0
L1 06    231 +015.2322 -000.6541 -004.2167 +174.0048 +041.9893 -003.4595 0
L1 07    231 +014.5111 -000.5114 -005.1747 +098.6101 +009.3942 -040.2264 0
L1 08    231 +013.9721 -000.4277 -005.5817 -015.6866 -044.4330 +010.8462 0
L1 01    235 +016.1528 +000.2072 +001.3487 -084.7154 +001.4819 +001.9223 0
L1 02    235 +005.3067 +006.9152 +001.7008 -152.5974 -002.9731 -158.4336 0
L1 03    235 +016.2401 -000.5122 -000.8329 -091.5747 +002.5265 +092.1632 0
L1 04    235 +008.4120 +008.0407 +001.7756 -030.6724 -000.6070 +000.3820 0
L1 05    235 +014.4523 +010.4411 +001.9675 -109.1898 +000.3990 -013.3571 0
L1 06    235 +015.2320 -000.6541 -004.2172 +174.0039 +041.9854 -003.4605 0
L1 07    235 +014.5110 -000.5115 -005.1746 +098.6107 +009.3951 -040.2267 0
L1 08    235 +013.9720 -000.4277 -005.5818 -015.6854 -044.4327 +010.8451 0
L1 01    239 +016.1528 +000.2075 +001.3486 -084.7138 +001.4832 +001.9216 0
L1 02    239 +005.3066 +006.9152 +001.7008 -152.5972 -002.9732 -158.4335 0
L1 03    239 +016.2401 -000.5121 -000.8329 -091.5739 +002.5264 +092.1630 0
L1 04    239 +008.4119 +008.0407 +001.7756 -030.6719 -000.6072 +000.3818 0
L1 05    239 +014.4525 +010.4411 +001.9672 -109.1899 +000.3974 -013.3581 0
L1 06    239 +015.2322 -000.6540 -004.2167 +174.0054 +041.9886 -003.4609 0
L1 07    239 +014.5110 -000.5115 -005.1746 +098.6107 +009.3939 -040.2268 0
L1 08    239 +013.9720 -000.4277 -005.5817 -015.6850 -044.4329 +010.8458 0
L1 01    243 +016.1528 +000.2072 +001.3487 -084.7162 +001.4815 +001.9217 0
L1 02    243 +005.3066 +006.9152 +001.7008 -152.5973 -002.9731 -158.4336 0
L1 03    243 +016.2401 -000.5121 -000.8330 -091.5740 +002.5261 +092.1623 0
L1 04    243 +008.4120 +008.0407 +001.7756 -030.6725 -000.6071 +000.3819 0
L1 05    243 +014.4522 +010.4412 +001.9673 -109.1889 +000.3980 -013.3569 0
L1 06    243 +015.2321 -000.6539 -004.2167 +174.0031 +041.9879 -003.4628 0
L1 07    243 +014.5109 -000.5116 -005.1748 +098.6108 +009.3937 -040.2252 0
L1 08    243 +013.9720 -000.4277 -005.5818 -015.6839 -044.4326 +010.8444 0
L1 01    247 +016.1528 +000.2070 +001.3483 -084.7186 +001.4821 +001.9191 0
L1 02    247 +005.3066 +006.9152 +001.7008 -152.5973 -002.9729 -158.4338 0
L1 03    247 +016.2401 -000.5122 -000.8330 -091.5753 +002.5261 +092.1625 0
L1 04    247 +008.4120 +008.0406 +001.7755 -030.6727 -000.6070 +000.3816 0
L1 05    247 +014.4525 +010.4408 +001.9672 -109.1924 +000.4002 -013.3573 0
L1 06    247 +015.2321 -000.6542 -004.2168 +174.0031 +041.9871 -003.4608 0
L1 07    247 +014.5110 -000.5115 -005.1746 +098.6113 +009.3944 -040.2263 0
L1 08    247 +013.9720 -000.4277 -005.5817 -015.6840 -044.4328 +010.8438 0
L1 01    251 +016.1528 +000.2073 +001.3483 -084.7171 +001.4836 +001.9192 0
L1 02    251 +005.3067 +006.9152 +001.7008 -152.5975 -002.9727 -158.4339 0
L1 03    251 +016.2401 -000.5123 -000.8329 -091.5756 +002.5265 +092.1626 0
L1 04    251 +008.4120 +008.0406 +001.7756 -030.6730 -000.6068 +000.3818 0
L1 05    251 +014.4527 +010.4407 +001.9676 -109.1929 +000.4015 -013.3558 0
L1 06    251 +015.2321 -000.6541 -004.2169 +174.0048 +041.9863 -003.4605 0
L1 07    251 +014.5109 -000.5113 -005.1747 +098.6119 +009.3937 -040.2258 0
L1 08    251 +013.9720 -000.4277 -005.5817 -015.6828 -044.4332 +010.8433 0
L1 01    255 +016.1528 +000.2072 +001.3484 -084.7169 +001.4816 +001.9194 0
L1 02    255 +005.3066 +006.9152 +001.7008 -152.5972 -002.9730 -158.4336 0
L1 03    255 +016.2401 -000.5122 -000.8330 -091.5752 +002.5266 +092.1627 0
L1 04    255 +008.4120 +008.0406 +001.7756 -030.6730 -000.6067 +000.3816 0
L1 05    255 +014.4524 +010.4410 +001.9679 -109.1906 +000.4024 -013.3542 0
L1 06    255 +015.2322 -000.6539 -004.2168 +174.0047 +041.9877 -003.4608 0
L1 07    255 +014.5110 -000.5116 -005.1747 +098.6103 +009.3939 -040.2259 0
L1 08    255 +013.9721 -000.4277 -005.5817 -015.6826 -044.4337 +010.8432 0
L1 01    259 +016.1527 +000.2072 +001.3482 -084.7174 +001.4825 +001.9174 0
L1 02    259 +005.3067 +006.9152 +001.7008 -152.5975 -002.9728 -158.4338 0
L1 03    259 +016.2401 -000.5123 -000.8331 -091.5757 +002.5262 +092.1620 0
L1 04    259 +008.4120 +008.0406 +001.7756 -030.6736 -000.6067 +000.3818 0
L1 05    259 +014.4526 +010.4408 +001.9676 -109.1919 +000.4021 -013.3560 0
L1 06    259 +015.2322 -000.6541 -004.2168 +174.0041 +041.9879 -003.4606 0
L1 07    259 +014.5110 -000.5116 -005.1746 +098.6089 +009.3941 -040.2268 0
L1 08    259 +013.9720 -000.4278 -005.5818 -015.6826 -044.4333 +010.8427 0
L1 01    263 +016.1527 +000.2069 +001.3480 -084.7186 +001.4824 +001.9163 0
L1 02    263 +005.3066 +006.9152 +001.7008 -152.5973 -002.9730 -158.4339 0
L1 03    263 +016.2401 -000.5122 -000.8329 -091.5752 +002.5260 +092.1625 0
L1 04    263 +008.4120 +008.0406 +001.7756 -030.6731 -000.6067 +000.3817 0
L1 05    263 +014.4528 +010.4406 +001.9674 -109.1934 +000.4009 -013.3561 0
L1 06    263 +015.2322 -000.6541 -004.2166 +174.0053 +041.9894 -003.4600 0
L1 07    263 +014.5110 -000.5117 -005.1745 +098.6081 +009.3947 -040.2272 0
L1 08    263 +013.9720 -000.4277 -005.5818 -015.6819 -044.4331 +010.8426 0
L1 01    267 +016.1527 +000.2068 +001.3479 -084.7203 +001.4825 +001.9140 0
L1 02    267 +005.3066 +006.9152 +001.7008 -152.5972 -002.9730 -158.4338 0
L1 03    267 +016.2401 -000.5122 -000.8330 -091.5750 +002.5264 +092.1619 0
L1 04    267 +008.4120 +008.0406 +001.7756 -030.6730 -000.6067 +000.3816 0
L1 05    267 +014.4525 +010.4408 +001.9679 -109.1915 +000.4024 -013.3540 0
L1 06    267 +015.2322 -000.6541 -004.2168 +174.0054 +041.9872 -003.4597 0
L1 07    267 +014.5110 -000.5116 -005.1745 +098.6100 +009.3946 -040.2266 0
L1 08    267 +013.9720 -000.4276 -005.5818 -015.6808 -044.4329 +010.8424 0
L1 01    271 +016.1527 +000.2070 +001.3482 -084.7190 +001.4818 +001.9164 0
L1 02    271 +005.3066 +006.9152 +001.7008 -152.5970 -002.9729 -158.4338 0
L1 03    271 +016.2401 -000.5121 -000.8330 -091.5745 +002.5264 +092.1624 0
L1 04    271 +008.4120 +008.0406 +001.7756 -030.6727 -000.6071 +000.3820 0
L1 05    271 +014.4524 +010.4409 +001.9678 -109.1906 +000.4028 -013.3558 0
L1 06    271 +015.2322 -000.6541 -004.2167 +174.0051 +041.9886 -003.4596 0
L1 07    271 +014.5110 -000.5113 -005.1748 +098.6121 +009.3939 -040.2247 0
L1 08    271 +013.9720 -000.4275 -005.5818 -015.6786 -044.4325 +010.8414 0
L1 01    275 +016.1528 +000.2071 +001.3485 -084.7172 +001.4806 +001.9190 0
L1 02    275 +005.3066 +006.9152 +001.7008 -152.5970 -002.9730 -158.4335 0
L1 03    275 +016.2401 -000.5120 -000.8330 -091.5732 +002.5263 +092.1620 0
L1 04    275 +008.4119 +008.0407 +001.7756 -030.6719 -000.6072 +000.3817 0
L1 05    275 +014.4525 +010.4413 +001.9671 -109.1892 +000.3992 -013.3573 0
L1 06    275 +015.2322 -000.6538 -004.2168 +174.0073 +041.9870 -003.4602 0
L1 07    275 +014.5110 -000.5111 -005.1746 +098.6133 +009.3924 -040.2264 0
L1 08    275 +013.9720 -000.4276 -005.5818 -015.6777 -044.4328 +010.8406 0
L1 01    279 +016.1528 +000.2073 +001.3486 -084.7156 +001.4822 +001.9203 0
L1 02    279 +005.3066 +006.9152 +001.7008 -152.5972 -002.9730 -158.4335 0
L1 03    279 +016.2401 -000.5121 -000.8330 -091.5744 +002.5267 +092.1624 0
L1 04    279 +008.4120 +008.0407 +001.7756 -030.6723 -000.6070 +000.3816 0
L1 05    279 +014.4527 +010.4409 +001.9671 -109.1916 +000.4000 -013.3598 0
L1 06    279 +015.2322 -000.6541 -004.2168 +174.0058 +041.9877 -003.4595 0
L1 07    279 +014.5109 -000.5113 -005.1747 +098.6114 +009.3919 -040.2258 0
L1 08    279 +013.9720 -000.4277 -005.5818 -015.6770 -044.4328 +010.8398 0
L1 01    283 +016.1528 +000.2071 +001.3491 -084.7145 +001.4821 +001.9256 0
L1 02    283 +005.3067 +006.9152 +001.7008 -152.5975 -002.9732 -158.4335 0
L1 03    283 +016.2401 -000.5121 -000.8328 -091.5745 +002.5265 +092.1638 0
L1 04    283 +008.4119 +008.0407 +001.7756 -030.6723 -000.6069 +000.3818 0
L1 05    283 +014.4529 +010.4404 +001.9679 -109.1949 +000.4049 -013.3561 0
L1 06    283 +015.2321 -000.6541 -004.2168 +174.0061 +041.9879 -003.4589 0
L1 07    283 +014.5110 -000.5111 -005.1747 +098.6124 +009.3922 -040.2260 0
L1 08    283 +013.9720 -000.4277 -005.5817 -015.6769 -044.4335 +010.8395 0
L1 01    287 +016.1527 +000.2070 +001.3488 -084.7137 +001.4831 +001.9220 0
L1 02    287 +005.3067 +006.9152 +001.7008 -152.5978 -002.9730 -158.4339 0
L1 03    287 +016.2401 -000.5123 -000.8330 -091.5757 +002.5260 +092.1627 0
L1 04    287 +008.4120 +008.0407 +001.7756 -030.6724 -000.6068 +000.3818 0
L1 05    287 +014.4528 +010.4405 +001.9677 -109.1937 +000.4026 -013.3549 0
L1 06    287 +015.2322 -000.6538 -004.2166 +174.0071 +041.9888 -003.4597 0
L1 07    287 +014.5110 -000.5112 -005.1747 +098.6112 +009.3933 -040.2258 0
L1 08    287 +013.9720 -000.4276 -005.5818 -015.6768 -044.4332 +010.8396 0
L1 01    291 +016.1528 +000.2073 +001.3487 -084.7090 +001.4833 +001.9220 0
L1 02    291 +005.3067 +006.9152 +001.7008 -152.5974 -002.9729 -158.4339 0
L1 03    291 +016.2401 -000.5123 -000.8329 -091.5751 +002.5267 +092.1635 0
L1 04    291 +008.4120 +008.0407 +001.7756 -030.6725 -000.6068 +000.3817 0
L1 05    291 +014.4531 +010.4402 +001.9676 -109.1964 +000.4022 -013.3558 0
L1 06    291 +015.2322 -000.6539 -004.2166 +174.0075 +041.9888 -003.4588 0
L1 07    291 +014.5110 -000.5116 -005.1745 +098.6088 +009.3938 -040.2270 0
L1 08    291 +013.9720 -000.4277 -005.5818 -015.6760 -044.4332 +010.8389 0
L1 01    295 +016.1527 +000.2072 +001.3487 -084.7084 +001.4839 +001.9206 0
L1 02    295 +005.3066 +006.9152 +001.7008 -152.5972 -002.9731 -158.4342 0
L1 03    295 +016.2401 -000.5123 -000.8329 -091.5755 +002.5271 +092.1633 0
L1 04    295 +008.4119 +008.0407 +001.7756 -030.6721 -000.6067 +000.3819 0
L1 05    295 +014.4526 +010.4408 +001.9673 -109.1929 +000.4007 -013.3558 0
L1 06    295 +015.2322 -000.6542 -004.2167 +174.0049 +041.9884 -003.4591 0
L1 07    295 +014.5110 -000.5116 -005.1747 +098.6094 +009.3936 -040.2255 0
L1 08    295 +013.9720 -000.4276 -005.5818 -015.6755 -044.4336 +010.8385 0
L1 01    299 +016.1527 +000.2071 +001.3485 -084.7067 +001.4839 +001.9187 0
L1 02    299 +005.3067 +006.9152 +001.7008 -152.5974 -002.9731 -158.4344 0
L1 03    299 +016.2401 -000.5121 -000.8329 -091.5743 +002.5273 +092.1633 0
L1 04    299 +008.4119 +008.0407 +001.7756 -030.6724 -000.6069 +000.3822 0
L1 05    299 +014.4526 +010.4408 +001.9676 -109.1918 +000.4014 -013.3551 0
L1 06    299 +015.2321 -000.6543 -004.2168 +174.0051 +041.9878 -003.4588 0
L1 07    299 +014.5110 -000.5116 -005.1747 +098.6099 +009.3934 -040.2261 0
L1 08    299 +013.9720 -000.4276 -005.5817 -015.6747 -044.4343 +010.8387 0
L1 01    303 +016.1527 +000.2072 +001.3486 -084.7045 +001.4836 +001.9191 0
L1 02    303 +005.3067 +006.9152 +001.7008 -152.5975 -002.9731 -158.4341 0
L1 03    303 +016.2401 -000.5121 -000.8330 -091.5745 +002.5271 +092.1629 0
L1 04    303 +008.4120 +008.0406 +001.7756 -030.6730 -000.6068 +000.3820 0
L1 05    303 +014.4525 +010.4407 +001.9677 -109.1910 +000.4018 -013.3536 0
L1 06    303 +015.2323 -000.6545 -004.2163 +174.0056 +041.9897 -003.4588 0
L1 07    303 +014.5110 -000.5113 -005.1748 +098.6135 +009.3946 -040.2265 0
L1 08    303 +013.9720 -000.4278 -005.5817 -015.6740 -044.4344 +010.8378 0
L1 01    307 +016.1527 +000.2074 +001.3487 -084.7027 +001.4836 +001.9209 0
L1 02    307 +005.3067 +006.9152 +001.7008 -152.5974 -002.9729 -158.4335 0
L1 03    307 +016.2401 -000.5122 -000.8330 -091.5746 +002.5269 +092.1633 0
L1 04    307 +008.4120 +008.0406 +001.7756 -030.6730 -000.6068 +000.3821 0
L1 05    307 +014.4524 +010.4409 +001.9678 -109.1907 +000.4027 -013.3539 0
L1 06    307 +015.2324 -000.6544 -004.2164 +174.0061 +041.9908 -003.4589 0
L1 07    307 +014.5110 -000.5115 -005.1749 +098.6123 +009.3952 -040.2259 0
L1 08    307 +013.9720 -000.4277 -005.5819 -015.6733 -044.4340 +010.8373 0
L1 01    311 +016.1528 +000.2077 +001.3490 -084.6988 +001.4859 +001.9265 0
L1 02    311 +005.3066 +006.9152 +001.7008 -152.5973 -002.9733 -158.4329 0
L1 03    311 +016.2402 -000.5122 -000.8328 -091.5743 +002.5269 +092.1652 0
L1 04    311 +008.4120 +008.0407 +001.7756 -030.6726 -000.6067 +000.3820 0
L1 05    311 +014.4528 +010.4403 +001.9683 -109.1959 +000.4078 -013.3532 0
L1 06    311 +015.2324 -000.6544 -004.2164 +174.0053 +041.9916 -003.4583 0
L1 07    311 +014.5111 -000.5115 -005.1748 +098.6110 +009.3947 -040.2272 0
L1 08    311 +013.9721 -000.4278 -005.5818 -015.6734 -044.4356 +010.8369 0
L1 01    315 +016.1528 +000.2071 +001.3483 -084.7023 +001.4869 +001.9186 0
L1 02    315 +005.3067 +006.9152 +001.7008 -152.5977 -002.9730 -158.4338 0
L1 03    315 +016.2402 -000.5122 -000.8329 -091.5756 +002.5267 +092.1638 0
L1 04    315 +008.4120 +008.0406 +001.7756 -030.6731 -000.6067 +000.3821 0
L1 05    315 +014.4526 +010.4406 +001.9678 -109.1916 +000.4061 -013.3559 0
L1 06    315 +015.2324 -000.6543 -004.2166 +174.0059 +041.9904 -003.4583 0
L1 07    315 +014.5111 -000.5115 -005.1748 +098.6094 +009.3934 -040.2260 0
L1 08    315 +013.9721 -000.4278 -005.5818 -015.6730 -044.4352 +010.8360 0
L1 01    319 +016.1528 +000.2072 +001.3483 -084.6991 +001.4878 +001.9193 0
L1 02    319 +005.3066 +006.9152 +001.7008 -152.5974 -002.9727 -158.4346 0
L1 03    319 +016.2401 -000.5123 -000.8329 -091.5760 +002.5272 +092.1635 0
L1 04    319 +008.4120 +008.0406 +001.7755 -030.6727 -000.6067 +000.3815 0
L1 05    319 +014.4527 +010.4406 +001.9673 -109.1925 +000.4048 -013.3583 0
L1 06    319 +015.2323 -000.6542 -004.2166 +174.0073 +041.9893 -003.4577 0
L1 07    319 +014.5110 -000.5112 -005.1746 +098.6115 +009.3919 -040.2267 0
L1 08    319 +013.9721 -000.4278 -005.5817 -015.6725 -044.4349 +010.8357 0
L1 01    323 +016.1527 +000.2073 +001.3484 -084.6976 +001.4892 +001.9194 0
L1 02    323 +005.3067 +006.9152 +001.7008 -152.5975 -002.9729 -158.4344 0
L1 03    323 +016.2401 -000.5126 -000.8328 -091.5780 +002.5271 +092.1633 0
L1 04    323 +008.4120 +008.0406 +001.7756 -030.6735 -000.6070 +000.3816 0
L1 05    323 +014.4529 +010.4404 +001.9671 -109.1949 +000.4040 -013.3591 0
L1 06    323 +015.2321 -000.6545 -004.2167 +174.0046 +041.9886 -003.4574 0
L1 07    323 +014.5110 -000.5115 -005.1746 +098.6096 +009.3923 -040.2257 0
L1 08    323 +013.9720 -000.4279 -005.5816 -015.6723 -044.4351 +010.8350 0
L1 01    327 +016.1527 +000.2073 +001.3484 -084.6965 +001.4873 +001.9201 0
L1 02    327 +005.3067 +006.9152 +001.7008 -152.5975 -002.9730 -158.4338 0
L1 03    327 +016.2401 -000.5123 -000.8327 -091.5757 +002.5268 +092.1644 0
L1 04    327 +008.4120 +008.0406 +001.7756 -030.6729 -000.6072 +000.3818 0
L1 05    327 +014.4531 +010.4402 +001.9676 -109.1953 +000.4057 -013.3569 0
L1 06    327 +015.2321 -000.6541 -004.2168 +174.0073 +041.9875 -003.4588 0
L1 07    327 +014.5109 -000.5114 -005.1748 +098.6108 +009.3913 -040.2242 0
L1 08    327 +013.9720 -000.4279 -005.5816 -015.6714 -044.4351 +010.8346 0
L1 01    331 +016.1527 +000.2071 +001.3479 -084.7000 +001.4861 +001.9142 0
L1 02    331 +005.3066 +006.9152 +001.7008 -152.5969 -002.9730 -158.4331 0
L1 03    331 +016.2402 -000.5122 -000.8328 -091.5744 +002.5268 +092.1636 0
L1 04    331 +008.4120 +008.0407 +001.7756 -030.6724 -000.6072 +000.3816 0
L1 05    331 +014.4530 +010.4402 +001.9677 -109.1954 +000.4052 -013.3564 0
L1 06    331 +015.2322 -000.6539 -004.2167 +174.0085 +041.9874 -003.4594 0
L1 07    331 +014.5109 -000.5117 -005.1748 +098.6091 +009.3921 -040.2251 0
L1 08    331 +013.9721 -000.4278 -005.5817 -015.6689 -044.4352 +010.8338 0
L1 01    335 +016.1528 +000.2072 +001.3485 -084.6999 +001.4851 +001.9196 0
L1 02    335 +005.3066 +006.9152 +001.7008 -152.5970 -002.9729 -158.4327 0
L1 03    335 +016.2402 -000.5121 -000.8330 -091.5734 +002.5269 +092.1631 0
L1 04    335 +008.4120 +008.0407 +001.7756 -030.6724 -000.6074 +000.3818 0
L1 05    335 +014.4528 +010.4406 +001.9678 -109.1919 +000.4050 -013.3564 0
L1 06    335 +015.2323 -000.6539 -004.2169 +174.0098 +041.9872 -003.4589 0
L1 07    335 +014.5110 -000.5118 -005.1748 +098.6092 +009.3931 -040.2252 0
L1 08    335 +013.9720 -000.4278 -005.5818 -015.6678 -044.4345 +010.8330 0
L1 01    339 +016.1528 +000.2075 +001.3487 -084.6990 +001.4850 +001.9234 0
L1 02    339 +005.3066 +006.9152 +001.7008 -152.5969 -002.9731 -158.4330 0
L1 03    339 +016.2402 -000.5121 -000.8329 -091.5741 +002.5268 +092.1636 0
L1 04    339 +008.4120 +008.0406 +001.7756 -030.6728 -000.6072 +000.3820 0
L1 05    339 +014.4529 +010.4404 +001.9677 -109.1916 +000.4052 -013.3568 0
L1 06    339 +015.2322 -000.6543 -004.2169 +174.0088 +041.9875 -003.4570 0
L1 07    339 +014.5110 -000.5113 -005.1747 +098.6117 +009.3937 -040.2259 0
L1 08    339 +013.9721 -000.4279 -005.5817 -015.6679 -044.4356 +010.8325 0
L1 01    343 +016.1528 +000.2072 +001.3485 -084.7005 +001.4859 +001.9224 0
L1 02    343 +005.3066 +006.9152 +001.7008 -152.5973 -002.9730 -158.4334 0
L1 03    343 +016.2402 -000.5123 -000.8329 -091.5764 +002.5270 +092.1636 0
L1 04    343 +008.4120 +008.0406 +001.7756 -030.6727 -000.6070 +000.3820 0
L1 05    343 +014.4527 +010.4404 +001.9677 -109.1925 +000.4049 -013.3554 0
L1 06    343 +015.2322 -000.6542 -004.2168 +174.0071 +041.9878 -003.4591 0
L1 07    343 +014.5110 -000.5114 -005.1747 +098.6114 +009.3941 -040.2256 0
L1 08    343 +013.9721 -000.4279 -005.5818 -015.6679 -044.4352 +010.8324 0
L1 01    347 +016.1527 +000.2068 +001.3483 -084.7009 +001.4854 +001.9198 0
L1 02    347 +005.3067 +006.9152 +001.7008 -152.5977 -002.9727 -158.4338 0
L1 03    347 +016.2402 -000.5122 -000.8329 -091.5753 +002.5269 +092.1633 0
L1 04    347 +008.4120 +008.0406 +001.7756 -030.6731 -000.6071 +000.3819 0
L1 05    347 +014.4524 +010.4409 +001.9677 -109.1894 +000.4048 -013.3564 0
L1 06    347 +015.2322 -000.6541 -004.2169 +174.0088 +041.9876 -003.4577 0
L1 07    347 +014.5110 -000.5113 -005.1750 +098.6125 +009.3935 -040.2240 0
L1 08    347 +013.9721 -000.4278 -005.5819 -015.6669 -044.4348 +010.8320 0
L1 01    351 +016.1527 +000.2074 +001.3484 -084.6962 +001.4870 +001.9199 0
L1 02    351 +005.3067 +006.9152 +001.7008 -152.5979 -002.9730 -158.4339 0
L1 03    351 +016.2402 -000.5122 -000.8329 -091.5746 +002.5272 +092.1633 0
L1 04    351 +008.4120 +008.0406 +001.7756 -030.6733 -000.6070 +000.3817 0
L1 05    351 +014.4524 +010.4410 +001.9676 -109.1891 +000.4042 -013.3568 0
L1 06    351 +015.2323 -000.6541 -004.2167 +174.0077 +041.9887 -003.4582 0
L1 07    351 +014.5109 -000.5114 -005.1750 +098.6121 +009.3930 -040.2244 0
L1 08    351 +013.9721 -000.4278 -005.5818 -015.6669 -044.4349 +010.8322 0
L1 01    355 +016.1527 +000.2071 +001.3488 -084.6958 +001.4849 +001.9241 0
L1 02    355 +005.3067 +006.9152 +001.7008 -152.5975 -002.9732 -158.4339 0
L1 03    355 +016.2402 -000.5122 -000.8330 -091.5751 +002.5270 +092.1626 0
L1 04    355 +008.4120 +008.0406 +001.7756 -030.6731 -000.6070 +000.3818 0
L1 05    355 +014.4527 +010.4406 +001.9673 -109.1911 +000.4052 -013.3591 0
L1 06    355 +015.2322 -000.6540 -004.2168 +174.0089 +041.9886 -003.4579 0
L1 07    355 +014.5111 -000.5112 -005.1747 +098.6123 +009.3938 -040.2266 0
L1 08    355 +013.9721 -000.4278 -005.5817 -015.6668 -044.4355 +010.8314 0
L1 01    359 +016.1527 +000.2071 +001.3485 -084.6962 +001.4849 +001.9213 0
L1 02    359 +005.3066 +006.9152 +001.7008 -152.5971 -002.9729 -158.4336 0
L1 03    359 +016.2402 -000.5121 -000.8329 -091.5740 +002.5272 +092.1636 0
L1 04    359 +008.4120 +008.0406 +001.7756 -030.6727 -000.6070 +000.3817 0
L1 05    359 +014.4522 +010.4412 +001.9678 -109.1871 +000.4061 -013.3551 0
L1 06    359 +015.2323 -000.6542 -004.2166 +174.0081 +041.9898 -003.4583 0
L1 07    359 +014.5110 -000.5114 -005.1747 +098.6132 +009.3945 -040.2265 0
L1 08    359 +013.9721 -000.4279 -005.5818 -015.6655 -044.4352 +010.8309 0
L1 01    363 +016.1527 +000.2073 +001.3484 -084.6958 +001.4848 +001.9211 0
L1 02    363 +005.3066 +006.9152 +001.7008 -152.5970 -002.9730 -158.4330 0
L1 03    363 +016.2402 -000.5122 -000.8328 -091.5743 +002.5272 +092.1641 0
L1 04    363 +008.4120 +008.0406 +001.7755 -030.6729 -000.6071 +000.3814 0
L1 05    363 +014.4523 +010.4411 +001.9676 -109.1880 +000.4046 -013.3556 0
L1 06    363 +015.2323 -000.6542 -004.2165 +174.0093 +041.9901 -003.4571 0
L1 07    363 +014.5110 -000.5112 -005.1747 +098.6150 +009.3958 -040.2261 0
L1 08    363 +013.9721 -000.4278 -005.5818 -015.6636 -044.4357 +010.8301 0
L1 01    367 +016.1527 +000.2072 +001.3483 -084.6963 +001.4846 +001.9201 0
L1 02    367 +005.3067 +006.9152 +001.7008 -152.5974 -002.9730 -158.4330 0
L1 03    367 +016.2402 -000.5123 -000.8330 -091.5750 +002.5269 +092.1630 0
L1 04    367 +008.4120 +008.0406 +001.7755 -030.6730 -000.6074 +000.3814 0
L1 05    367 +014.4525 +010.4407 +001.9671 -109.1904 +000.4025 -013.3588 0
L1 06    367 +015.2322 -000.6542 -004.2170 +174.0101 +041.9870 -003.4564 0
L1 07    367 +014.5110 -000.5114 -005.1749 +098.6128 +009.3949 -040.2254 0
L1 08    367 +013.9721 -000.4278 -005.5818 -015.6629 -044.4359 +010.8295 0
L1 01    371 +016.1527 +000.2072 +001.3482 -084.6945 +001.4868 +001.9182 0
L1 02    371 +005.3066 +006.9152 +001.7008 -152.5968 -002.9726 -158.4331 0
L1 03    371 +016.2402 -000.5123 -000.8329 -091.5739 +002.5270 +092.1633 0
L1 04    371 +008.4120 +008.0407 +001.7755 -030.6725 -000.6073 +000.3812 0
L1 05    371 +014.4524 +010.4409 +001.9676 -109.1889 +000.4049 -013.3567 0
L1 06    371 +015.2322 -000.6542 -004.2169 +174.0094 +041.9879 -003.4579 0
L1 07    371 +014.5110 -000.5120 -005.1746 +098.6105 +009.3947 -040.2262 0
L1 08    371 +013.9721 -000.4278 -005.5818 -015.6616 -044.4356 +010.8297 0
L1 01    375 +016.1527 +000.2072 +001.3485 -084.6918 +001.4857 +001.9208 0
L1 02    375 +005.3066 +006.9152 +001.7008 -152.5974 -002.9728 -158.4336 0
L1 03    375 +016.2402 -000.5122 -000.8330 -091.5741 +002.5271 +092.1630 0
L1 04    375 +008.4120 +008.0407 +001.7756 -030.6724 -000.6075 +000.3816 0
L1 05    375 +014.4523 +010.4409 +001.9682 -109.1888 +000.4079 -013.3540 0
L1 06    375 +015.2323 -000.6542 -004.2166 +174.0087 +041.9895 -003.4586 0
L1 07    375 +014.5109 -000.5116 -005.1749 +098.6116 +009.3939 -040.2251 0
L1 08    375 +013.9720 -000.4278 -005.5818 -015.6617 -044.4349 +010.8292 0
L1 01    379 +016.1527 +000.2073 +001.3489 -084.6888 +001.4867 +001.9239 0
L1 02    379 +005.3067 +006.9152 +001.7008 -152.5977 -002.9728 -158.4340 0
L1 03    379 +016.2401 -000.5124 -000.8329 -091.5760 +002.5271 +092.1635 0
L1 04    379 +008.4120 +008.0406 +001.7756 -030.6727 -000.6075 +000.3820 0
L1 05    379 +014.4522 +010.4410 +001.9679 -109.1877 +000.4065 -013.3543 0
L1 06    379 +015.2323 -000.6541 -004.2166 +174.0080 +041.9895 -003.4591 0
L1 07    379 +014.5108 -000.5114 -005.1752 +098.6129 +009.3942 -040.2218 0
L1 08    379 +013.9720 -000.4279 -005.5818 -015.6613 -044.4348 +010.8278 0
L1 01    383 +016.1527 +000.2073 +001.3489 -084.6872 +001.4869 +001.9241 0
L1 02    383 +005.3067 +006.9152 +001.7008 -152.5975 -002.9729 -158.4336 0
L1 03    383 +016.2401 -000.5125 -000.8328 -091.5762 +002.5275 +092.1639 0
L1 04    383 +008.4120 +008.0406 +001.7756 -030.6729 -000.6073 +000.3817 0
L1 05    383 +014.4527 +010.4404 +001.9678 -109.1918 +000.4067 -013.3554 0
L1 06    383 +015.2322 -000.6543 -004.2166 +174.0081 +041.9897 -003.4580 0
L1 07    383 +014.5108 -000.5116 -005.1751 +098.6116 +009.3945 -040.2227 0
L1 08    383 +013.9720 -000.4278 -005.5817 -015.6608 -044.4357 +010.8278 0
L1 01    387 +016.1527 +000.2071 +001.3483 -084.6898 +001.4872 +001.9193 0
L1 02    387 +005.3067 +006.9152 +001.7008 -152.5974 -002.9733 -158.4333 0
L1 03    387 +016.2402 -000.5123 -000.8328 -091.5751 +002.5276 +092.1640 0
L1 04    387 +008.4120 +008.0406 +001.7756 -030.6726 -000.6073 +000.3816 0
L1 05    387 +014.4524 +010.4408 +001.9678 -109.1890 +000.4057 -013.3548 0
L1 06    387 +015.2322 -000.6542 -004.2167 +174.0100 +041.9885 -003.4570 0
L1 07    387 +014.5109 -000.5116 -005.1750 +098.6119 +009.3943 -040.2240 0
L1 08    387 +013.9720 -000.4278 -005.5818 -015.6603 -044.4356 +010.8273 0
L1 01    391 +016.1527 +000.2072 +001.3485 -084.6907 +001.4861 +001.9217 0
L1 02    391 +005.3066 +006.9152 +001.7008 -152.5973 -002.9731 -158.4328 0
L1 03    391 +016.2401 -000.5121 -000.8328 -091.5741 +002.5275 +092.1640 0
L1 04    391 +008.4120 +008.0407 +001.7756 -030.6723 -000.6073 +000.3814 0
L1 05    391 +014.4525 +010.4406 +001.9680 -109.1907 +000.4067 -013.3546 0
L1 06    391 +015.2323 -000.6541 -004.2168 +174.0116 +041.9884 -003.4563 0
L1 07    391 +014.5109 -000.5115 -005.1749 +098.6119 +009.3951 -040.2242 0
L1 08    391 +013.9721 -000.4279 -005.5818 -015.6603 -044.4362 +010.8274 0
L1 01    395 +016.1527 +000.2073 +001.3486 -084.6913 +001.4871 +001.9226 0
L1 02    395 +005.3067 +006.9152 +001.7008 -152.5977 -002.9728 -158.4331 0
L1 03    395 +016.2401 -000.5123 -000.8329 -091.5751 +002.5273 +092.1637 0
L1 04    395 +008.4120 +008.0407 +001.7755 -030.6725 -000.6074 +000.3813 0
L1 05    395 +014.4524 +010.4409 +001.9678 -109.1888 +000.4061 -013.3545 0
L1 06    395 +015.2323 -000.6543 -004.2167 +174.0102 +041.9890 -003.4560 0
L1 07    395 +014.5110 -000.5115 -005.1748 +098.6113 +009.3952 -040.2253 0
L1 08    395 +013.9720 -000.4279 -005.5818 -015.6592 -044.4354 +010.8264 0
L1 01    399 +016.1527 +000.2073 +001.3485 -084.6909 +001.4868 +001.9224 0
L1 02    399 +005.3067 +006.9152 +001.7008 -152.5976 -002.9731 -158.4331 0
L1 03    399 +016.2402 -000.5122 -000.8328 -091.5740 +002.5271 +092.1642 0
L1 04    399 +008.4120 +008.0406 +001.7756 -030.6726 -000.6075 +000.3817 0
L1 05    399 +014.4522 +010.4411 +001.9679 -109.1866 +000.4066 -013.3543 0
L1 06    399 +015.2323 -000.6543 -004.2167 +174.0097 +041.9892 -003.4565 0
L1 07    399 +014.5110 -000.5115 -005.1746 +098.6131 +009.3964 -040.2260 0
L1 08    399 +013.9720 -000.4278 -005.5817 -015.6589 -044.4360 +010.8269 0
L1 01    403 +016.1527 +000.2074 +001.3477 -084.6902 +001.4877 +001.9142 0
L1 02    403 +005.3067 +006.9152 +001.7008 -152.5975 -002.9728 -158.4335 0
L1 03    403 +016.2402 -000.5120 -000.8329 -091.5727 +002.5276 +092.1633 0
L1 04    403 +008.4120 +008.0407 +001.7756 -030.6720 -000.6075 +000.3814 0
L1 05    403 +014.4523 +010.4412 +001.9675 -109.1866 +000.4052 -013.3563 0
L1 06    403 +015.2322 -000.6541 -004.2168 +174.0110 +041.9880 -003.4578 0
L1 07    403 +014.5110 -000.5115 -005.1748 +098.6143 +009.3944 -040.2244 0
L1 08    403 +013.9721 -000.4277 -005.5817 -015.6572 -044.4359 +010.8267 0
L1 01    407 +016.1527 +000.2075 +001.3484 -084.6882 +001.4877 +001.9207 0
L1 02    407 +005.3066 +006.9152 +001.7008 -152.5973 -002.9727 -158.4336 0
L1 03    407 +016.2402 -000.5120 -000.8328 -091.5726 +002.5278 +092.1640 0
L1 04    407 +008.4120 +008.0407 +001.7756 -030.6721 -000.6073 +000.3816 0
L1 05    407 +014.4525 +010.4409 +001.9676 -109.1882 +000.4055 -013.3568 0
L1 06    407 +015.2322 -000.6541 -004.2167 +174.0108 +041.9889 -003.4569 0
L1 07    407 +014.5110 -000.5112 -005.1748 +098.6145 +009.3939 -040.2253 0
L1 08    407 +013.9720 -000.4277 -005.5818 -015.6563 -044.4353 +010.8262 0
L1 01    411 +016.1527 +000.2073 +001.3486 -084.6876 +001.4874 +001.9224 0
L1 02    411 +005.3066 +006.9152 +001.7008 -152.5974 -002.9727 -158.4335 0
L1 03    411 +016.2401 -000.5121 -000.8328 -091.5733 +002.5283 +092.1644 0
L1 04    411 +008.4120 +008.0407 +001.7755 -030.6726 -000.6071 +000.3814 0
L1 05    411 +014.4522 +010.4412 +001.9676 -109.1871 +000.4042 -013.3553 0
L1 06    411 +015.2322 -000.6543 -004.2168 +174.0103 +041.9883 -003.4566 0
L1 07    411 +014.5109 -000.5115 -005.1748 +098.6114 +009.3932 -040.2251 0
L1 08    411 +013.9721 -000.4279 -005.5817 -015.6566 -044.4361 +010.8253 0
L1 01    415 +016.1527 +000.2073 +001.3485 -084.6874 +001.4866 +001.9212 0
L1 02    415 +005.3067 +006.9152 +001.7008 -152.5973 -002.9729 -158.4335 0
L1 03    415 +016.2402 -000.5120 -000.8328 -091.5729 +002.5283 +092.1642 0
L1 04    415 +008.4120 +008.0407 +001.7756 -030.6724 -000.6073 +000.3818 0
L1 05    415 +014.4523 +010.4412 +001.9678 -109.1868 +000.4057 -013.3546 0
L1 06    415 +015.2323 -000.6544 -004.2167 +174.0104 +041.9890 -003.4563 0
L1 07    415 +014.5110 -000.5115 -005.1748 +098.6122 +009.3928 -040.2255 0
L1 08    415 +013.9721 -000.4278 -005.5817 -015.6560 -044.4362 +010.8258 0
L1 01    419 +016.1527 +000.2071 +001.3484 -084.6890 +001.4863 +001.9213 0
L1 02    419 +005.3067 +006.9152 +001.7008 -152.5977 -002.9729 -158.4335 0
L1 03    419 +016.2401 -000.5123 -000.8328 -091.5747 +002.5278 +092.1646 0
L1 04    419 +008.4120 +008.0406 +001.7756 -030.6726 -000.6073 +000.3818 0
L1 05    419 +014.4528 +010.4405 +001.9675 -109.1905 +000.4057 -013.3568 0
L1 06    419 +015.2322 -000.6544 -004.2170 +174.0103 +041.9867 -003.4556 0
L1 07    419 +014.5110 -000.5115 -005.1747 +098.6114 +009.3934 -040.2261 0
L1 08    419 +013.9721 -000.4278 -005.5817 -015.6565 -044.4367 +010.8255 0
L1 01    423 +016.1527 +000.2075 +001.3486 -084.6877 +001.4870 +001.9222 0
L1 02    423 +005.3067 +006.9152 +001.7008 -152.5975 -002.9734 -158.4331 0
L1 03    423 +016.2401 -000.5124 -000.8329 -091.5749 +002.5281 +092.1643 0
L1 04    423 +008.4120 +008.0407 +001.7756 -030.6722 -000.6074 +000.3816 0
L1 05    423 +014.4530 +010.4402 +001.9677 -109.1929 +000.4058 -013.3559 0
L1 06    423 +015.2323 -000.6542 -004.2169 +174.0099 +041.9876 -003.4583 0
L1 07    423 +014.5110 -000.5114 -005.1749 +098.6118 +009.3929 -040.2246 0
L1 08    423 +013.9721 -000.4278 -005.5818 -015.6551 -044.4364 +010.8243 0
L1 01    427 +016.1527 +000.2073 +001.3485 -084.6891 +001.4873 +001.9216 0
L1 02    427 +005.3067 +006.9152 +001.7008 -152.5975 -002.9732 -158.4330 0
L1 03    427 +016.2402 -000.5123 -000.8328 -091.5746 +002.5286 +092.1645 0
L1 04    427 +008.4120 +008.0406 +001.7756 -030.6727 -000.6074 +000.3820 0
L1 05    427 +014.4530 +010.4401 +001.9682 -109.1944 +000.4082 -013.3542 0
L1 06    427 +015.2322 -000.6541 -004.2170 +174.0101 +041.9867 -003.4577 0
L1 07    427 +014.5110 -000.5114 -005.1748 +098.6112 +009.3927 -040.2258 0
L1 08    427 +013.9720 -000.4277 -005.5818 -015.6541 -044.4361 +010.8243 0
L1 01    431 +016.1527 +000.2071 +001.3485 -084.6904 +001.4868 +001.9219 0
L1 02    431 +005.3067 +006.9152 +001.7008 -152.5979 -002.9732 -158.4333 0
L1 03    431 +016.2402 -000.5123 -000.8328 -091.5752 +002.5282 +092.1641 0
L1 04    431 +008.4120 +008.0406 +001.7756 -030.6731 -000.6072 +000.3818 0
L1 05    431 +014.4525 +010.4408 +001.9675 -109.1908 +000.4059 -013.3573 0
L1 06    431 +015.2322 -000.6541 -004.2171 +174.0116 +041.9861 -003.4561 0
L1 07    431 +014.5110 -000.5115 -005.1748 +098.6108 +009.3925 -040.2256 0
L1 08    431 +013.9720 -000.4278 -005.5818 -015.6537 -044.4362 +010.8233 0
L1 01    435 +016.1527 +000.2074 +001.3488 -084.6880 +001.4873 +001.9239 0
L1 02    435 +005.3067 +006.9152 +001.7008 -152.5977 -002.9731 -158.4335 0
L1 03    435 +016.2402 -000.5123 -000.8329 -091.5749 +002.5283 +092.1638 0
L1 04    435 +008.4120 +008.0406 +001.7756 -030.6728 -000.6073 +000.3818 0
L1 05    435 +014.4523 +010.4409 +001.9677 -109.1881 +000.4081 -013.3572 0
L1 06    435 +015.2322 -000.6540 -004.2171 +174.0119 +041.9865 -003.4567 0
L1 07    435 +014.5110 -000.5113 -005.1747 +098.6124 +009.3928 -040.2263 0
L1 08    435 +013.9720 -000.4278 -005.5818 -015.6535 -044.4360 +010.8232 0
L1 01    439 +016.1527 +000.2074 +001.3487 -084.6873 +001.4878 +001.9231 0
L1 02    439 +005.3067 +006.9152 +001.7008 -152.5977 -002.9731 -158.4336 0
L1 03    439 +016.2402 -000.5123 -000.8328 -091.5745 +002.5286 +092.1641 0
L1 04    439 +008.4120 +008.0407 +001.7756 -030.6725 -000.6072 +000.3819 0
L1 05    439 +014.4526 +010.4406 +001.9680 -109.1904 +000.4096 -013.3553 0
L1 06    439 +015.2323 -000.6542 -004.2168 +174.0114 +041.9876 -003.4563 0
L1 07    439 +014.5110 -000.5113 -005.1746 +098.6117 +009.3925 -040.2273 0
L1 08    439 +013.9720 -000.4277 -005.5818 -015.6518 -044.4359 +010.8229 0
L1 01    443 +016.1527 +000.2072 +001.3486 -084.6887 +001.4860 +001.9223 0
L1 02    443 +005.3067 +006.9152 +001.7008 -152.5977 -002.9732 -158.4335 0
L1 03    443 +016.2402 -000.5121 -000.8329 -091.5737 +002.5285 +092.1640 0
L1 04    443 +008.4120 +008.0406 +001.7756 -030.6728 -000.6071 +000.3817 0
L1 05    443 +014.4526 +010.4408 +001.9679 -109.1894 +000.4109 -013.3559 0
L1 06    443 +015.2323 -000.6545 -004.2167 +174.0101 +041.9893 -003.4560 0
L1 07    443 +014.5110 -000.5111 -005.1748 +098.6128 +009.3926 -040.2263 0
L1 08    443 +013.9721 -000.4277 -005.5819 -015.6516 -044.4362 +010.8230 0
L1 01    447 +016.1527 +000.2071 +001.3485 -084.6905 +001.4856 +001.9206 0
L1 02    447 +005.3067 +006.9152 +001.7008 -152.5978 -002.9733 -158.4335 0
L1 03    447 +016.2402 -000.5120 -000.8330 -091.5735 +002.5283 +092.1636 0
L1 04    447 +008.4120 +008.0406 +001.7756 -030.6726 -000.6071 +000.3821 0
L1 05    447 +014.4528 +010.4404 +001.9676 -109.1916 +000.4093 -013.3574 0
L1 06    447 +015.2323 -000.6543 -004.2170 +174.0117 +041.9873 -003.4552 0
L1 07    447 +014.5110 -000.5111 -005.1749 +098.6141 +009.3933 -040.2258 0
L1 08    447 +013.9721 -000.4277 -005.5818 -015.6509 -044.4366 +010.8224 0
L1 01    451 +016.1527 +000.2074 +001.3489 -084.6892 +001.4853 +001.9248 0
L1 02    451 +005.3067 +006.9152 +001.7008 -152.5975 -002.9731 -158.4333 0
L1 03    451 +016.2401 -000.5121 -000.8329 -091.5736 +002.5290 +092.1639 0
L1 04    451 +008.4120 +008.0406 +001.7756 -030.6726 -000.6070 +000.3820 0
L1 05    451 +014.4527 +010.4406 +001.9675 -109.1904 +000.4074 -013.3583 0
L1 06    451 +015.2323 -000.6542 -004.2168 +174.0117 +041.9892 -003.4555 0
L1 07    451 +014.5110 -000.5115 -005.1748 +098.6122 +009.3945 -040.2259 0
L1 08    451 +013.9720 -000.4277 -005.5819 -015.6504 -044.4365 +010.8217 0
L1 01    455 +016.1527 +000.2073 +001.3486 -084.6920 +001.4878 +001.9224 0
L1 02    455 +005.3067 +006.9152 +001.7008 -152.5978 -002.9733 -158.4335 0
L1 03    455 +016.2402 -000.5122 -000.8328 -091.5747 +002.5287 +092.1643 0
L1 04    455 +008.4120 +008.0406 +001.7756 -030.6727 -000.6071 +000.3820 0
L1 05    455 +014.4524 +010.4408 +001.9675 -109.1874 +000.4076 -013.3564 0
L1 06    455 +015.2322 -000.6541 -004.2169 +174.0114 +041.9883 -003.4555 0
L1 07    455 +014.5110 -000.5116 -005.1749 +098.6123 +009.3955 -040.2250 0
L1 08    455 +013.9720 -000.4278 -005.5818 -015.6507 -044.4366 +010.8214 0
L1 01    459 +016.1527 +000.2071 +001.3487 -084.6937 +001.4856 +001.9236 0
L1 02    459 +005.3067 +006.9152 +001.7008 -152.5977 -002.9732 -158.4334 0
L1 03    459 +016.2401 -000.5121 -000.8328 -091.5738 +002.5283 +092.1645 0
L1 04    459 +008.4120 +008.0406 +001.7756 -030.6725 -000.6072 +000.3821 0
L1 05    459 +014.4524 +010.4409 +001.9681 -109.1865 +000.4091 -013.3543 0
L1 06    459 +015.2322 -000.6542 -004.2168 +174.0121 +041.9891 -003.4548 0
L1 07    459 +014.5109 -000.5115 -005.1750 +098.6132 +009.3956 -040.2237 0
L1 08    459 +013.9720 -000.4276 -005.5818 -015.6496 -044.4368 +010.8217 0
L1 01    463 +016.1527 +000.2072 +001.3485 -084.6946 +001.4874 +001.9223 0
L1 02    463 +005.3067 +006.9152 +001.7008 -152.5979 -002.9731 -158.4335 0
L1 03    463 +016.2401 -000.5122 -000.8328 -091.5749 +002.5282 +092.1645 0
L1 04    463 +008.4120 +008.0406 +001.7756 -030.6730 -000.6070 +000.3821 0
L1 05    463 +014.4525 +010.4407 +001.9677 -109.1889 +000.4077 -013.3560 0
L1 06    463 +015.2322 -000.6543 -004.2168 +174.0109 +041.9877 -003.4552 0
L1 07    463 +014.5109 -000.5115 -005.1750 +098.6130 +009.3946 -040.2232 0
L1 08    463 +013.9720 -000.4278 -005.5818 -015.6488 -044.4370 +010.8198 0
L1 01    467 +016.1528 +000.2073 +001.3485 -084.6947 +001.4877 +001.9218 0
L1 02    467 +005.3067 +006.9152 +001.7008 -152.5976 -002.9730 -158.4336 0
L1 03    467 +016.2402 -000.5124 -000.8329 -091.5757 +002.5283 +092.1638 0
L1 04    467 +008.4120 +008.0406 +001.7756 -030.6734 -000.6071 +000.3821 0
L1 05    467 +014.4525 +010.4408 +001.9676 -109.1884 +000.4073 -013.3565 0
L1 06    467 +015.2323 -000.6542 -004.2167 +174.0107 +041.9883 -003.4565 0
L1 07    467 +014.5110 -000.5114 -005.1749 +098.6133 +009.3955 -040.2244 0
L1 08    467 +013.9720 -000.4278 -005.5818 -015.6477 -044.4366 +010.8189 0
L1 01    471 +016.1528 +000.2073 +001.3485 -084.6954 +001.4876 +001.9213 0
L1 02    471 +005.3067 +006.9152 +001.7008 -152.5975 -002.9730 -158.4338 0
L1 03    471 +016.2402 -000.5123 -000.8330 -091.5752 +002.5290 +092.1633 0
L1 04    471 +008.4120 +008.0407 +001.7756 -030.6724 -000.6071 +000.3820 0
L1 05    471 +014.4523 +010.4410 +001.9674 -109.1865 +000.4078 -013.3576 0
L1 06    471 +015.2322 -000.6541 -004.2170 +174.0112 +041.9860 -003.4565 0
L1 07    471 +014.5110 -000.5114 -005.1749 +098.6134 +009.3938 -040.2246 0
L1 08    471 +013.9721 -000.4277 -005.5819 -015.6470 -044.4364 +010.8196 0
L1 01    475 +016.1527 +000.2070 +001.3477 -084.6983 +001.4867 +001.9142 0
L1 02    475 +005.3067 +006.9152 +001.7008 -152.5973 -002.9730 -158.4340 0
L1 03    475 +016.2402 -000.5121 -000.8330 -091.5741 +002.5291 +092.1630 0
L1 04    475 +008.4120 +008.0407 +001.7756 -030.6722 -000.6071 +000.3819 0
L1 05    475 +014.4524 +010.4411 +001.9678 -109.1861 +000.4087 -013.3555 0
L1 06    475 +015.2322 -000.6534 -004.2170 +174.0164 +041.9859 -003.4573 0
L1 07    475 +014.5110 -000.5110 -005.1750 +098.6165 +009.3926 -040.2235 0
L1 08    475 +013.9720 -000.4275 -005.5819 -015.6462 -044.4359 +010.8202 0
L1 01    479 +016.1527 +000.2073 +001.3484 -084.6960 +001.4867 +001.9215 0
L1 02    479 +005.3066 +006.9152 +001.7008 -152.5974 -002.9730 -158.4339 0
L1 03    479 +016.2402 -000.5121 -000.8329 -091.5739 +002.5291 +092.1642 0
L1 04    479 +008.4120 +008.0407 +001.7756 -030.6722 -000.6069 +000.3821 0
L1 05    479 +014.4526 +010.4407 +001.9681 -109.1889 +000.4106 -013.3551 0
L1 06    479 +015.2323 -000.6538 -004.2167 +174.0141 +041.9885 -003.4565 0
L1 07    479 +014.5110 -000.5111 -005.1750 +098.6150 +009.3933 -040.2240 0
L1 08    479 +013.9721 -000.4275 -005.5818 -015.6464 -044.4370 +010.8207 0
L1 01    483 +016.1527 +000.2073 +001.3484 -084.6976 +001.4859 +001.9216 0
L1 02    483 +005.3067 +006.9152 +001.7008 -152.5976 -002.9730 -158.4336 0
L1 03    483 +016.2401 -000.5122 -000.8329 -091.5745 +002.5291 +092.1639 0
L1 04    483 +008.4120 +008.0407 +001.7756 -030.6724 -000.6069 +000.3820 0
L1 05    483 +014.4527 +010.4405 +001.9678 -109.1898 +000.4074 -013.3563 0
L1 06    483 +015.2322 -000.6539 -004.2170 +174.0125 +041.9873 -003.4572 0
L1 07    483 +014.5110 -000.5113 -005.1749 +098.6131 +009.3937 -040.2248 0
L1 08    483 +013.9721 -000.4277 -005.5818 -015.6471 -044.4370 +010.8198 0
L1 01    487 +016.1527 +000.2073 +001.3486 -084.6995 +001.4845 +001.9228 0
L1 02    487 +005.3067 +006.9152 +001.7008 -152.5975 -002.9731 -158.4333 0
L1 03    487 +016.2401 -000.5121 -000.8329 -091.5737 +002.5292 +092.1640 0
L1 04    487 +008.4120 +008.0407 +001.7756 -030.6725 -000.6069 +000.3821 0
L1 05    487 +014.4529 +010.4403 +001.9676 -109.1934 +000.4056 -013.3573 0
L1 06    487 +015.2322 -000.6540 -004.2171 +174.0128 +041.9867 -003.4565 0
L1 07    487 +014.5110 -000.5114 -005.1747 +098.6137 +009.3950 -040.2248 0
L1 08    487 +013.9720 -000.4276 -005.5818 -015.6463 -044.4366 +010.8196 0
L1 01    491 +016.1527 +000.2071 +001.3482 -084.7066 +001.4834 +001.9193 0
L1 02    491 +005.3067 +006.9152 +001.7008 -152.5976 -002.9730 -158.4334 0
L1 03    491 +016.2402 -000.5122 -000.8327 -091.5749 +002.5292 +092.1651 0
L1 04    491 +008.4120 +008.0407 +001.7756 -030.6723 -000.6069 +000.3822 0
L1 05    491 +014.4526 +010.4404 +001.9680 -109.1910 +000.4084 -013.3553 0
L1 06    491 +015.2322 -000.6540 -004.2168 +174.0134 +041.9879 -003.4556 0
L1 07    491 +014.5110 -000.5114 -005.1749 +098.6134 +009.3952 -040.2241 0
L1 08    491 +013.9720 -000.4277 -005.5819 -015.6455 -044.4366 +010.8182 0
L1 01    495 +016.1527 +000.2071 +001.3487 -084.7059 +001.4817 +001.9252 0
L1 02    495 +005.3067 +006.9152 +001.7008 -152.5974 -002.9729 -158.4334 0
L1 03    495 +016.2401 -000.5123 -000.8328 -091.5754 +002.5294 +092.1641 0
L1 04    495 +008.4120 +008.0407 +001.7757 -030.6721 -000.6071 +000.3823 0
L1 05    495 +014.4523 +010.4409 +001.9679 -109.1874 +000.4082 -013.3545 0
L1 06    495 +015.2322 -000.6543 -004.2168 +174.0109 +041.9884 -003.4562 0
L1 07    495 +014.5109 -000.5114 -005.1750 +098.6132 +009.3942 -040.2240 0
L1 08    495 +013.9720 -000.4276 -005.5818 -015.6443 -044.4367 +010.8183 0
