L1 01      2 +014.0017 +003.9749 +001.3334 -012.9236 +001.0233 +001.6786 0
L1 02      2 +005.3067 +006.9152 +001.7011 -152.5971 -002.9658 -158.4333 0
L1 03      2 +014.7473 +003.8110 -000.8306 -020.1298 +001.6327 +092.0213 0
L1 04      2 +008.4121 +008.0407 +001.7761 -030.6728 -000.6049 +000.3911 0
L1 05      2 +014.4512 +010.4528 +001.9716 -109.2182 +000.6736 -013.1910 0
L1 06      2 +014.5993 +002.8018 -004.2084 -116.0607 +041.8440 -003.9750 0
L1 07      2 +014.2475 +002.1656 -005.1430 +169.4659 +009.5825 -040.3917 0
L1 08      2 +013.9810 +001.6883 -005.5637 +055.2477 -044.3282 +010.6344 0
L1 01      6 +014.0016 +003.9750 +001.3334 -012.9224 +001.0237 +001.6784 0
L1 02      6 +005.3067 +006.9152 +001.7011 -152.5970 -002.9657 -158.4333 0
L1 03      6 +014.7472 +003.8112 -000.8307 -020.1281 +001.6331 +092.0209 0
L1 04      6 +008.4121 +008.0407 +001.7761 -030.6725 -000.6050 +000.3911 0
L1 05      6 +014.4511 +010.4530 +001.9712 -109.2164 +000.6708 -013.1918 0
L1 06      6 +014.5993 +002.8017 -004.2086 -116.0626 +041.8446 -003.9773 0
L1 07      6 +014.2476 +002.1654 -005.1429 +169.4645 +009.5825 -040.3920 0
L1 08      6 +013.9810 +001.6884 -005.5637 +055.2484 -044.3287 +010.6347 0
L1 01     10 +014.0017 +003.9749 +001.3334 -012.9237 +001.0235 +001.6786 0
L1 02     10 +005.3067 +006.9152 +001.7011 -152.5968 -002.9657 -158.4333 0
L1 03     10 +014.7472 +003.8113 -000.8307 -020.1276 +001.6330 +092.0206 0
L1 04     10 +008.4121 +008.0407 +001.7762 -030.6726 -000.6050 +000.3912 0
L1 05     10 +014.4511 +010.4529 +001.9713 -109.2178 +000.6729 -013.1910 0
L1 06     10 +014.5993 +002.8018 -004.2085 -116.0619 +041.8437 -003.9764 0
L1 07     10 +014.2476 +002.1654 -005.1429 +169.4646 +009.5828 -040.3921 0
L1 08     10 +013.9810 +001.6884 -005.5636 +055.2491 -044.3286 +010.6334 0
L1 01     14 +014.0017 +003.9748 +001.3334 -012.9245 +001.0240 +001.6784 0
L1 02     14 +005.3067 +006.9152 +001.7011 -152.5968 -002.9656 -158.4332 0
L1 03     14 +014.7473 +003.8112 -000.8307 -020.1287 +001.6333 +092.0208 0
L1 04     14 +008.4121 +008.0407 +001.7761 -030.6729 -000.6049 +000.3910 0
L1 05     14 +014.4510 +010.4531 +001.9715 -109.2169 +000.6729 -013.1905 0
L1 06     14 +014.5994 +002.8018 -004.2082 -116.0611 +041.8447 -003.9742 0
L1 07     14 +014.2475 +002.1656 -005.1430 +169.4659 +009.5820 -040.3914 0
L1 08     14 +013.9810 +001.6883 -005.5636 +055.2482 -044.3281 +010.6339 0
L1 01     18 +014.0017 +003.9748 +001.3332 -012.9246 +001.0246 +001.6776 0
L1 02     18 +005.3067 +006.9153 +001.7011 -152.5966 -002.9657 -158.4332 0
L1 03     18 +014.7473 +003.8112 -000.8307 -020.1278 +001.6333 +092.0204 0
L1 04     18 +008.4121 +008.0407 +001.7761 -030.6728 -000.6051 +000.3911 0
L1 05     18 +014.4511 +010.4530 +001.9714 -109.2158 +000.6724 -013.1901 0
L1 06     18 +014.5994 +002.8018 -004.2083 -116.0611 +041.8450 -003.9764 0
L1 07     18 +014.2475 +002.1658 -005.1429 +169.4672 +009.5825 -040.3924 0
L1 08     18 +013.9809 +001.6886 -005.5637 +055.2489 -044.3287 +010.6351 0
L1 01     22 +014.0017 +003.9748 +001.3333 -012.9249 +001.0240 +001.6779 0
L1 02     22 +005.3068 +006.9152 +001.7011 -152.5973 -002.9658 -158.4334 0
L1 03     22 +014.7473 +003.8111 -000.8306 -020.1289 +001.6330 +092.0208 0
L1 04     22 +008.4122 +008.0406 +001.7761 -030.6741 -000.6047 +000.3911 0
L1 05     22 +014.4511 +010.4528 +001.9712 -109.2170 +000.6723 -013.1928 0
L1 06     22 +014.5994 +002.8016 -004.2083 -116.0633 +041.8446 -003.9756 0
L1 07     22 +014.2476 +002.1657 -005.1427 +169.4662 +009.5835 -040.3922 0
L1 08     22 +013.9809 +001.6885 -005.5637 +055.2484 -044.3282 +010.6350 0
L1 01     26 +014.0017 +003.9747 +001.3334 -012.9251 +001.0235 +001.6781 0
L1 02     26 +005.3068 +006.9152 +001.7011 -152.5973 -002.9659 -158.4334 0
L1 03     26 +014.7473 +003.8112 -000.8308 -020.1284 +001.6334 +092.0205 0
L1 04     26 +008.4121 +008.0406 +001.7761 -030.6736 -000.6047 +000.3909 0
L1 05     26 +014.4513 +010.4527 +001.9713 -109.2181 +000.6730 -013.1937 0
L1 06     26 +014.5993 +002.8018 -004.2084 -116.0621 +041.8442 -003.9760 0
L1 07     26 +014.2477 +002.1657 -005.1426 +169.4661 +009.5846 -040.3930 0
L1 08     26 +013.9809 +001.6885 -005.5638 +055.2483 -044.3278 +010.6354 0
L1 01     30 +014.0017 +003.9747 +001.3334 -012.9251 +001.0236 +001.6786 0
L1 02     30 +005.3068 +006.9152 +001.7011 -152.5977 -002.9660 -158.4335 0
L1 03     30 +014.7472 +003.8112 -000.8307 -020.1288 +001.6331 +092.0203 0
L1 04     30 +008.4122 +008.0406 +001.7762 -030.6738 -000.6048 +000.3915 0
L1 05     30 +014.4513 +010.4527 +001.9715 -109.2185 +000.6735 -013.1908 0
L1 06     30 +014.5993 +002.8017 -004.2084 -116.0636 +041.8433 -003.9765 0
L1 07     30 +014.2477 +002.1653 -005.1428 +169.4645 +009.5832 -040.3908 0
L1 08     30 +013.9809 +001.6885 -005.5637 +055.2481 -044.3278 +010.6349 0
L1 01     34 +014.0017 +003.9748 +001.3334 -012.9250 +001.0236 +001.6783 0
L1 02     34 +005.3067 +006.9152 +001.7011 -152.5974 -002.9660 -158.4336 0
L1 03     34 +014.7472 +003.8112 -000.8307 -020.1286 +001.6329 +092.0205 0
L1 04     34 +008.4121 +008.0406 +001.7762 -030.6735 -000.6048 +000.3914 0
L1 05     34 +014.4508 +010.4529 +001.9716 -109.2162 +000.6734 -013.1907 0
L1 06     34 +014.5993 +002.8009 -004.2087 -116.0668 +041.8425 -003.9768 0
L1 07     34 +014.2478 +002.1651 -005.1425 +169.4637 +009.5833 -040.3911 0
L1 08     34 +013.9811 +001.6881 -005.5635 +055.2484 -044.3275 +010.6328 0
L1 01     38 +014.0017 +003.9748 +001.3334 -012.9240 +001.0233 +001.6785 0
L1 02     38 +005.3067 +006.9152 +001.7011 -152.5972 -002.9660 -158.4334 0
L1 03     38 +014.7473 +003.8112 -000.8306 -020.1287 +001.6328 +092.0208 0
L1 04     38 +008.4121 +008.0407 +001.7761 -030.6730 -000.6049 +000.3912 0
L1 05     38 +014.4508 +010.4533 +001.9713 -109.2142 +000.6723 -013.1933 0
L1 06     38 +014.5994 +002.8013 -004.2085 -116.0650 +041.8432 -003.9767 0
L1 07     38 +014.2476 +002.1658 -005.1426 +169.4671 +009.5839 -040.3925 0
L1 08     38 +013.9810 +001.6885 -005.5637 +055.2490 -044.3284 +010.6347 0
L1 01     42 +014.0017 +003.9747 +001.3333 -012.9251 +001.0238 +001.6787 0
L1 02     42 +005.3068 +006.9152 +001.7011 -152.5974 -002.9660 -158.4335 0
L1 03     42 +014.7473 +003.8111 -000.8307 -020.1302 +001.6328 +092.0205 0
L1 04     42 +008.4122 +008.0406 +001.7761 -030.6739 -000.6047 +000.3912 0
L1 05     42 +014.4511 +010.4529 +001.9712 -109.2170 +000.6714 -013.1932 0
L1 06     42 +014.5993 +002.8016 -004.2084 -116.0654 +041.8437 -003.9770 0
L1 07     42 +014.2475 +002.1654 -005.1430 +169.4645 +009.5820 -040.3905 0
L1 08     42 +013.9810 +001.6883 -005.5636 +055.2476 -044.3281 +010.6337 0
L1 01     46 +014.0017 +003.9748 +001.3334 -012.9241 +001.0233 +001.6786 0
L1 02     46 +005.3067 +006.9152 +001.7011 -152.5969 -002.9660 -158.4332 0
L1 03     46 +014.7472 +003.8112 -000.8306 -020.1293 +001.6324 +092.0213 0
L1 04     46 +008.4121 +008.0406 +001.7761 -030.6737 -000.6046 +000.3912 0
L1 05     46 +014.4509 +010.4530 +001.9716 -109.2152 +000.6729 -013.1913 0
L1 06     46 +014.5993 +002.8018 -004.2084 -116.0642 +041.8447 -003.9776 0
L1 07     46 +014.2476 +002.1655 -005.1430 +169.4641 +009.5818 -040.3919 0
L1 08     46 +013.9810 +001.6884 -005.5636 +055.2485 -044.3283 +010.6336 0
L1 01     50 +014.0017 +003.9747 +001.3334 -012.9245 +001.0232 +001.6783 0
L1 02     50 +005.3067 +006.9153 +001.7011 -152.5968 -002.9661 -158.4332 0
L1 03     50 +014.7472 +003.8113 -000.8306 -020.1281 +001.6328 +092.0212 0
L1 04     50 +008.4121 +008.0407 +001.7761 -030.6729 -000.6048 +000.3912 0
L1 05     50 +014.4511 +010.4529 +001.9717 -109.2160 +000.6736 -013.1911 0
L1 06     50 +014.5993 +002.8020 -004.2083 -116.0630 +041.8451 -003.9769 0
L1 07     50 +014.2476 +002.1656 -005.1429 +169.4647 +009.5825 -040.3920 0
L1 08     50 +013.9810 +001.6886 -005.5637 +055.2488 -044.3283 +010.6348 0
L1 01     54 +014.0017 +003.9747 +001.3335 -012.9246 +001.0227 +001.6788 0
L1 02     54 +005.3067 +006.9152 +001.7011 -152.5971 -002.9661 -158.4333 0
L1 03     54 +014.7473 +003.8110 -000.8307 -020.1301 +001.6332 +092.0213 0
L1 04     54 +008.4121 +008.0406 +001.7761 -030.6735 -000.6048 +000.3914 0
L1 05     54 +014.4515 +010.4523 +001.9715 -109.2206 +000.6737 -013.1916 0
L1 06     54 +014.5993 +002.8017 -004.2084 -116.0649 +041.8441 -003.9767 0
L1 07     54 +014.2476 +002.1654 -005.1429 +169.4642 +009.5827 -040.3907 0
L1 08     54 +013.9810 +001.6884 -005.5636 +055.2485 -044.3280 +010.6335 0
L1 01     58 +014.0017 +003.9749 +001.3334 -012.9232 +001.0230 +001.6786 0
L1 02     58 +005.3067 +006.9153 +001.7011 -152.5967 -002.9659 -158.4332 0
L1 03     58 +014.7473 +003.8112 -000.8306 -020.1289 +001.6330 +092.0211 0
L1 04     58 +008.4121 +008.0407 +001.7762 -030.6730 -000.6050 +000.3916 0
L1 05     58 +014.4512 +010.4528 +001.9712 -109.2167 +000.6716 -013.1926 0
L1 06     58 +014.5994 +002.8016 -004.2084 -116.0663 +041.8441 -003.9781 0
L1 07     58 +014.2476 +002.1654 -005.1430 +169.4649 +009.5822 -040.3909 0
L1 08     58 +013.9810 +001.6885 -005.5636 +055.2490 -044.3287 +010.6337 0
L1 01     62 +014.0017 +003.9748 +001.3334 -012.9240 +001.0237 +001.6793 0
L1 02     62 +005.3067 +006.9153 +001.7011 -152.5965 -002.9658 -158.4335 0
L1 03     62 +014.7473 +003.8110 -000.8306 -020.1293 +001.6329 +092.0213 0
L1 04     62 +008.4121 +008.0407 +001.7762 -030.6727 -000.6050 +000.3917 0
L1 05     62 +014.4511 +010.4529 +001.9713 -109.2154 +000.6721 -013.1927 0
L1 06     62 +014.5994 +002.8017 -004.2083 -116.0651 +041.8449 -003.9772 0
L1 07     62 +014.2477 +002.1656 -005.1428 +169.4649 +009.5826 -040.3930 0
L1 08     62 +013.9810 +001.6884 -005.5636 +055.2481 -044.3289 +010.6340 0
L1 01     66 +014.0017 +003.9748 +001.3333 -012.9241 +001.0238 +001.6783 0
L1 02     66 +005.3067 +006.9152 +001.7011 -152.5968 -002.9658 -158.4336 0
L1 03     66 +014.7473 +003.8113 -000.8307 -020.1280 +001.6330 +092.0209 0
L1 04     66 +008.4121 +008.0406 +001.7762 -030.6735 -000.6048 +000.3915 0
L1 05     66 +014.4511 +010.4528 +001.9712 -109.2169 +000.6714 -013.1925 0
L1 06     66 +014.5993 +002.8017 -004.2086 -116.0676 +041.8447 -003.9796 0
L1 07     66 +014.2476 +002.1656 -005.1429 +169.4653 +009.5818 -040.3921 0
L1 08     66 +013.9810 +001.6885 -005.5637 +055.2482 -044.3284 +010.6349 0
L1 01     70 +014.0017 +003.9748 +001.3334 -012.9237 +001.0236 +001.6782 0
L1 02     70 +005.3067 +006.9153 +001.7011 -152.5968 -002.9655 -158.4334 0
L1 03     70 +014.7473 +003.8114 -000.8307 -020.1271 +001.6332 +092.0205 0
L1 04     70 +008.4121 +008.0407 +001.7761 -030.6731 -000.6048 +000.3913 0
L1 05     70 +014.4512 +010.4529 +001.9718 -109.2171 +000.6741 -013.1898 0
L1 06     70 +014.5994 +002.8018 -004.2084 -116.0666 +041.8455 -003.9793 0
L1 07     70 +014.2476 +002.1656 -005.1429 +169.4652 +009.5821 -040.3931 0
L1 08     70 +013.9810 +001.6885 -005.5638 +055.2484 -044.3283 +010.6351 0
L1 01     74 +014.0017 +003.9748 +001.3335 -012.9232 +001.0230 +001.6789 0
L1 02     74 +005.3067 +006.9152 +001.7011 -152.5969 -002.9655 -158.4333 0
L1 03     74 +014.7473 +003.8113 -000.8307 -020.1277 +001.6330 +092.0205 0
L1 04     74 +008.4121 +008.0407 +001.7761 -030.6726 -000.6050 +000.3910 0
L1 05     74 +014.4508 +010.4534 +001.9711 -109.2135 +000.6709 -013.1926 0
L1 06     74 +014.5994 +002.8018 -004.2083 -116.0665 +041.8454 -003.9790 0
L1 07     74 +014.2475 +002.1656 -005.1430 +169.4654 +009.5813 -040.3918 0
L1 08     74 +013.9810 +001.6885 -005.5637 +055.2480 -044.3282 +010.6350 0
L1 01     78 +014.0017 +003.9748 +001.3334 -012.9238 +001.0230 +001.6785 0
L1 02     78 +005.3067 +006.9153 +001.7011 -152.5966 -002.9656 -158.4332 0
L1 03     78 +014.7473 +003.8113 -000.8306 -020.1276 +001.6326 +092.0212 0
L1 04     78 +008.4121 +008.0407 +001.7762 -030.6730 -000.6050 +000.3914 0
L1 05     78 +014.4511 +010.4529 +001.9717 -109.2174 +000.6746 -013.1904 0
L1 06     78 +014.5994 +002.8017 -004.2085 -116.0681 +041.8441 -003.9804 0
L1 07     78 +014.2476 +002.1654 -005.1430 +169.4645 +009.5823 -040.3919 0
L1 08     78 +013.9810 +001.6885 -005.5637 +055.2489 -044.3284 +010.6345 0
L1 01     82 +014.0017 +003.9749 +001.3334 -012.9234 +001.0231 +001.6782 0
L1 02     82 +005.3067 +006.9153 +001.7011 -152.5967 -002.9657 -158.4331 0
L1 03     82 +014.7472 +003.8113 -000.8307 -020.1272 +001.6330 +092.0210 0
L1 04     82 +008.4121 +008.0407 +001.7761 -030.6726 -000.6052 +000.3910 0
L1 05     82 +014.4508 +010.4534 +001.9717 -109.2132 +000.6742 -013.1896 0
L1 06     82 +014.5993 +002.8021 -004.2086 -116.0673 +041.8446 -003.9825 0
L1 07     82 +014.2476 +002.1653 -005.1430 +169.4645 +009.5811 -040.3916 0
L1 08     82 +013.9810 +001.6884 -005.5637 +055.2484 -044.3282 +010.6348 0
L1 01     86 +014.0017 +003.9749 +001.3334 -012.9232 +001.0232 +001.6778 0
L1 02     86 +005.3067 +006.9152 +001.7011 -152.5968 -002.9656 -158.4332 0
L1 03     86 +014.7472 +003.8113 -000.8307 -020.1274 +001.6333 +092.0208 0
L1 04     86 +008.4121 +008.0407 +001.7761 -030.6727 -000.6051 +000.3911 0
L1 05     86 +014.4510 +010.4532 +001.9715 -109.2147 +000.6740 -013.1918 0
L1 06     86 +014.5994 +002.8016 -004.2086 -116.0692 +041.8435 -003.9814 0
L1 07     86 +014.2475 +002.1654 -005.1431 +169.4647 +009.5807 -040.3907 0
L1 08     86 +013.9809 +001.6884 -005.5637 +055.2477 -044.3281 +010.6357 0
L1 01     90 +014.0017 +003.9748 +001.3333 -012.9238 +001.0246 +001.6783 0
L1 02     90 +005.3067 +006.9152 +001.7011 -152.5968 -002.9656 -158.4335 0
L1 03     90 +014.7472 +003.8113 -000.8307 -020.1275 +001.6337 +092.0211 0
L1 04     90 +008.4121 +008.0407 +001.7761 -030.6726 -000.6050 +000.3908 0
L1 05     90 +014.4507 +010.4535 +001.9715 -109.2120 +000.6753 -013.1915 0
L1 06     90 +014.5992 +002.8020 -004.2087 -116.0686 +041.8437 -003.9835 0
L1 07     90 +014.2475 +002.1654 -005.1430 +169.4649 +009.5811 -040.3911 0
L1 08     90 +013.9809 +001.6885 -005.5638 +055.2471 -044.3281 +010.6370 0
L1 01     94 +014.0017 +003.9748 +001.3334 -012.9235 +001.0238 +001.6778 0
L1 02     94 +005.3067 +006.9152 +001.7011 -152.5970 -002.9656 -158.4336 0
L1 03     94 +014.7472 +003.8113 -000.8307 -020.1272 +001.6335 +092.0210 0
L1 04     94 +008.4121 +008.0407 +001.7761 -030.6728 -000.6051 +000.3911 0
L1 05     94 +014.4509 +010.4532 +001.9712 -109.2135 +000.6746 -013.1930 0
L1 06     94 +014.5993 +002.8018 -004.2085 -116.0691 +041.8442 -003.9823 0
L1 07     94 +014.2475 +002.1655 -005.1429 +169.4656 +009.5819 -040.3908 0
L1 08     94 +013.9809 +001.6886 -005.5638 +055.2464 -044.3281 +010.6376 0
L1 01     98 +014.0017 +003.9748 +001.3334 -012.9237 +001.0238 +001.6780 0
L1 02     98 +005.3067 +006.9152 +001.7011 -152.5969 -002.9656 -158.4335 0
L1 03     98 +014.7472 +003.8113 -000.8307 -020.1274 +001.6336 +092.0209 0
L1 04     98 +008.4121 +008.0407 +001.7761 -030.6727 -000.6051 +000.3911 0
L1 05     98 +014.4513 +010.4528 +001.9715 -109.2177 +000.6748 -013.1917 0
L1 06     98 +014.5994 +002.8017 -004.2084 -116.0685 +041.8440 -003.9803 0
L1 07     98 +014.2478 +002.1656 -005.1425 +169.4649 +009.5854 -040.3929 0
L1 08     98 +013.9809 +001.6886 -005.5637 +055.2476 -044.3285 +010.6360 0
L1 01    102 +014.0017 +003.9748 +001.3333 -012.9238 +001.0241 +001.6777 0
L1 02    102 +005.3067 +006.9153 +001.7011 -152.5967 -002.9656 -158.4332 0
L1 03    102 +014.7472 +003.8114 -000.8307 -020.1266 +001.6331 +092.0209 0
L1 04    102 +008.4121 +008.0407 +001.7761 -030.6728 -000.6050 +000.3911 0
L1 05    102 +014.4511 +010.4530 +001.9716 -109.2156 +000.6749 -013.1907 0
L1 06    102 +014.5993 +002.8021 -004.2085 -116.0676 +041.8441 -003.9819 0
L1 07    102 +014.2476 +002.1658 -005.1429 +169.4669 +009.5827 -040.3918 0
L1 08    102 +013.9809 +001.6886 -005.5637 +055.2482 -044.3284 +010.6356 0
L1 01    106 +014.0017 +003.9748 +001.3333 -012.9237 +001.0243 +001.6781 0
L1 02    106 +005.3067 +006.9153 +001.7011 -152.5959 -002.9658 -158.4328 0
L1 03    106 +014.7472 +003.8113 -000.8307 -020.1273 +001.6335 +092.0207 0
L1 04    106 +008.4121 +008.0407 +001.7761 -030.6730 -000.6051 +000.3910 0
L1 05    106 +014.4511 +010.4531 +001.9712 -109.2145 +000.6749 -013.1937 0
L1 06    106 +014.5992 +002.8021 -004.2085 -116.0671 +041.8448 -003.9817 0
L1 07    106 +014.2475 +002.1656 -005.1432 +169.4663 +009.5804 -040.3908 0
L1 08    106 +013.9809 +001.6884 -005.5637 +055.2478 -044.3276 +010.6351 0
L1 01    110 +014.0017 +003.9748 +001.3333 -012.9237 +001.0243 +001.6777 0
L1 02    110 +005.3067 +006.9153 +001.7011 -152.5961 -002.9656 -158.4331 0
L1 03    110 +014.7472 +003.8114 -000.8308 -020.1267 +001.6337 +092.0203 0
L1 04    110 +008.4121 +008.0407 +001.7761 -030.6730 -000.6052 +000.3911 0
L1 05    110 +014.4510 +010.4532 +001.9712 -109.2140 +000.6739 -013.1920 0
L1 06    110 +014.5994 +002.8019 -004.2084 -116.0693 +041.8444 -003.9816 0
L1 07    110 +014.2475 +002.1656 -005.1430 +169.4657 +009.5806 -040.3915 0
L1 08    110 +013.9809 +001.6885 -005.5637 +055.2483 -044.3279 +010.6352 0
L1 01    114 +014.0017 +003.9747 +001.3333 -012.9245 +001.0244 +001.6779 0
L1 02    114 +005.3067 +006.9153 +001.7011 -152.5968 -002.9655 -158.4336 0
L1 03    114 +014.7472 +003.8113 -000.8308 -020.1275 +001.6339 +092.0201 0
L1 04    114 +008.4121 +008.0407 +001.7761 -030.6730 -000.6051 +000.3910 0
L1 05    114 +014.4511 +010.4530 +001.9713 -109.2151 +000.6736 -013.1931 0
L1 06    114 +014.5994 +002.8020 -004.2082 -116.0677 +041.8452 -003.9800 0
L1 07    114 +014.2475 +002.1657 -005.1430 +169.4665 +009.5812 -040.3919 0
L1 08    114 +013.9809 +001.6885 -005.5636 +055.2478 -044.3280 +010.6357 0
L1 01    118 +014.0017 +003.9748 +001.3334 -012.9236 +001.0237 +001.6785 0
L1 02    118 +005.3067 +006.9153 +001.7011 -152.5966 -002.9654 -158.4333 0
L1 03    118 +014.7472 +003.8111 -000.8306 -020.1283 +001.6328 +092.0212 0
L1 04    118 +008.4121 +008.0407 +001.7761 -030.6730 -000.6049 +000.3911 0
L1 05    118 +014.4516 +010.4525 +001.9715 -109.2197 +000.6762 -013.1939 0
L1 06    118 +014.5993 +002.8018 -004.2083 -116.0700 +041.8439 -003.9812 0
L1 07    118 +014.2475 +002.1658 -005.1428 +169.4661 +009.5819 -040.3931 0
L1 08    118 +013.9809 +001.6884 -005.5636 +055.2476 -044.3280 +010.6350 0
L1 01    122 +014.0017 +003.9749 +001.3334 -012.9231 +001.0232 +001.6784 0
L1 02    122 +005.3067 +006.9153 +001.7011 -152.5967 -002.9655 -158.4332 0
L1 03    122 +014.7472 +003.8113 -000.8306 -020.1273 +001.6332 +092.0209 0
L1 04    122 +008.4121 +008.0407 +001.7761 -030.6729 -000.6050 +000.3911 0
L1 05    122 +014.4516 +010.4523 +001.9716 -109.2209 +000.6743 -013.1904 0
L1 06    122 +014.5994 +002.8017 -004.2084 -116.0710 +041.8441 -003.9816 0
L1 07    122 +014.2475 +002.1656 -005.1430 +169.4659 +009.5811 -040.3912 0
L1 08    122 +013.9809 +001.6884 -005.5637 +055.2472 -044.3279 +010.6350 0
L1 01    126 +014.0017 +003.9748 +001.3334 -012.9239 +001.0235 +001.6783 0
L1 02    126 +005.3067 +006.9153 +001.7011 -152.5966 -002.9656 -158.4330 0
L1 03    126 +014.7472 +003.8112 -000.8307 -020.1280 +001.6333 +092.0207 0
L1 04    126 +008.4121 +008.0406 +001.7761 -030.6734 -000.6049 +000.3911 0
L1 05    126 +014.4513 +010.4527 +001.9713 -109.2185 +000.6746 -013.1927 0
L1 06    126 +014.5993 +002.8017 -004.2083 -116.0705 +041.8438 -003.9806 0
L1 07    126 +014.2475 +002.1655 -005.1429 +169.4646 +009.5820 -040.3911 0
L1 08    126 +013.9809 +001.6883 -005.5637 +055.2467 -044.3275 +010.6351 0
L1 01    130 +014.0017 +003.9748 +001.3333 -012.9238 +001.0239 +001.6778 0
L1 02    130 +005.3067 +006.9153 +001.7011 -152.5965 -002.9657 -158.4331 0
L1 03    130 +014.7472 +003.8113 -000.8308 -020.1276 +001.6333 +092.0202 0
L1 04    130 +008.4121 +008.0407 +001.7761 -030.6728 -000.6049 +000.3910 0
L1 05    130 +014.4513 +010.4528 +001.9713 -109.2183 +000.6736 -013.1922 0
L1 06    130 +014.5993 +002.8015 -004.2083 -116.0715 +041.8440 -003.9807 0
L1 07    130 +014.2476 +002.1655 -005.1429 +169.4652 +009.5827 -040.3917 0
L1 08    130 +013.9810 +001.6883 -005.5637 +055.2475 -044.3276 +010.6345 0
L1 01    134 +014.0017 +003.9747 +001.3333 -012.9244 +001.0242 +001.6783 0
L1 02    134 +005.3067 +006.9153 +001.7011 -152.5965 -002.9656 -158.4333 0
L1 03    134 +014.7472 +003.8112 -000.8307 -020.1286 +001.6334 +092.0207 0
L1 04    134 +008.4121 +008.0407 +001.7761 -030.6730 -000.6048 +000.3911 0
L1 05    134 +014.4511 +010.4531 +001.9710 -109.2168 +000.6719 -013.1928 0
L1 06    134 +014.5994 +002.8016 -004.2083 -116.0710 +041.8434 -003.9799 0
L1 07    134 +014.2475 +002.1657 -005.1428 +169.4661 +009.5825 -040.3923 0
L1 08    134 +013.9810 +001.6883 -005.5636 +055.2476 -044.3276 +010.6340 0
L1 01    138 +014.0017 +003.9748 +001.3333 -012.9235 +001.0236 +001.6780 0
L1 02    138 +005.3067 +006.9152 +001.7011 -152.5968 -002.9656 -158.4335 0
L1 03    138 +014.7472 +003.8112 -000.8306 -020.1280 +001.6325 +092.0204 0
L1 04    138 +008.4121 +008.0407 +001.7761 -030.6731 -000.6050 +000.3912 0
L1 05    138 +014.4509 +010.4534 +001.9708 -109.2136 +000.6716 -013.1930 0
L1 06    138 +014.5994 +002.8018 -004.2083 -116.0704 +041.8440 -003.9811 0
L1 07    138 +014.2475 +002.1656 -005.1431 +169.4663 +009.5814 -040.3908 0
L1 08    138 +013.9810 +001.6884 -005.5636 +055.2477 -044.3276 +010.6345 0
L1 01    142 +014.0017 +003.9749 +001.3334 -012.9229 +001.0231 +001.6788 0
L1 02    142 +005.3068 +006.9152 +001.7011 -152.5974 -002.9654 -158.4337 0
L1 03    142 +014.7472 +003.8111 -000.8306 -020.1287 +001.6323 +092.0209 0
L1 04    142 +008.4121 +008.0407 +001.7762 -030.6733 -000.6050 +000.3913 0
L1 05    142 +014.4515 +010.4527 +001.9710 -109.2179 +000.6716 -013.1936 0
L1 06    142 +014.5994 +002.8016 -004.2083 -116.0729 +041.8436 -003.9818 0
L1 07    142 +014.2476 +002.1656 -005.1428 +169.4655 +009.5839 -040.3917 0
L1 08    142 +013.9810 +001.6884 -005.5636 +055.2476 -044.3277 +010.6342 0
L1 01    146 +014.0017 +003.9748 +001.3333 -012.9240 +001.0238 +001.6780 0
L1 02    146 +005.3067 +006.9152 +001.7011 -152.5970 -002.9658 -158.4334 0
L1 03    146 +014.7472 +003.8113 -000.8306 -020.1280 +001.6324 +092.0206 0
L1 04    146 +008.4121 +008.0407 +001.7762 -030.6728 -000.6052 +000.3913 0
L1 05    146 +014.4514 +010.4527 +001.9709 -109.2181 +000.6703 -013.1940 0
L1 06    146 +014.5994 +002.8016 -004.2084 -116.0741 +041.8436 -003.9829 0
L1 07    146 +014.2475 +002.1653 -005.1431 +169.4635 +009.5811 -040.3905 0
L1 08    146 +013.9810 +001.6884 -005.5637 +055.2472 -044.3277 +010.6353 0
L1 01    150 +014.0017 +003.9748 +001.3333 -012.9234 +001.0237 +001.6780 0
L1 02    150 +005.3067 +006.9153 +001.7011 -152.5968 -002.9660 -158.4332 0
L1 03    150 +014.7472 +003.8114 -000.8306 -020.1271 +001.6325 +092.0208 0
L1 04    150 +008.4121 +008.0407 +001.7762 -030.6724 -000.6051 +000.3914 0
L1 05    150 +014.4513 +010.4529 +001.9712 -109.2173 +000.6720 -013.1930 0
L1 06    150 +014.5994 +002.8016 -004.2084 -116.0744 +041.8446 -003.9827 0
L1 07    150 +014.2476 +002.1652 -005.1430 +169.4635 +009.5822 -040.3910 0
L1 08    150 +013.9810 +001.6885 -005.5636 +055.2479 -044.3284 +010.6354 0
L1 01    154 +014.0018 +003.9746 +001.3333 -012.9247 +001.0241 +001.6775 0
L1 02    154 +005.3067 +006.9153 +001.7011 -152.5967 -002.9661 -158.4332 0
L1 03    154 +014.7472 +003.8115 -000.8307 -020.1268 +001.6331 +092.0205 0
L1 04    154 +008.4121 +008.0407 +001.7762 -030.6730 -000.6051 +000.3912 0
L1 05    154 +014.4515 +010.4525 +001.9719 -109.2194 +000.6749 -013.1890 0
L1 06    154 +014.5993 +002.8020 -004.2084 -116.0716 +041.8440 -003.9827 0
L1 07    154 +014.2476 +002.1654 -005.1428 +169.4640 +009.5826 -040.3910 0
L1 08    154 +013.9809 +001.6885 -005.5637 +055.2474 -044.3276 +010.6358 0
L1 01    158 +014.0017 +003.9749 +001.3333 -012.9233 +001.0240 +001.6776 0
L1 02    158 +005.3067 +006.9153 +001.7011 -152.5959 -002.9658 -158.4330 0
L1 03    158 +014.7472 +003.8114 -000.8307 -020.1270 +001.6335 +092.0207 0
L1 04    158 +008.4121 +008.0407 +001.7762 -030.6724 -000.6054 +000.3918 0
L1 05    158 +014.4510 +010.4531 +001.9715 -109.2142 +000.6728 -013.1917 0
L1 06    158 +014.5993 +002.8019 -004.2084 -116.0729 +041.8438 -003.9838 0
L1 07    158 +014.2476 +002.1654 -005.1428 +169.4650 +009.5832 -040.3919 0
L1 08    158 +013.9810 +001.6885 -005.5636 +055.2480 -044.3282 +010.6357 0
L1 01    162 +014.0017 +003.9750 +001.3335 -012.9221 +001.0224 +001.6780 0
L1 02    162 +005.3067 +006.9153 +001.7011 -152.5960 -002.9657 -158.4332 0
L1 03    162 +014.7472 +003.8114 -000.8306 -020.1271 +001.6327 +092.0210 0
L1 04    162 +008.4120 +008.0407 +001.7762 -030.6722 -000.6055 +000.3919 0
L1 05    162 +014.4508 +010.4533 +001.9717 -109.2126 +000.6750 -013.1919 0
L1 06    162 +014.5994 +002.8019 -004.2083 -116.0730 +041.8447 -003.9836 0
L1 07    162 +014.2477 +002.1653 -005.1426 +169.4637 +009.5846 -040.3919 0
L1 08    162 +013.9810 +001.6885 -005.5637 +055.2476 -044.3280 +010.6354 0
L1 01    166 +014.0017 +003.9749 +001.3334 -012.9228 +001.0238 +001.6774 0
L1 02    166 +005.3066 +006.9153 +001.7011 -152.5956 -002.9652 -158.4331 0
L1 03    166 +014.7472 +003.8114 -000.8306 -020.1268 +001.6330 +092.0206 0
L1 04    166 +008.4120 +008.0407 +001.7763 -030.6722 -000.6057 +000.3919 0
L1 05    166 +014.4508 +010.4534 +001.9716 -109.2119 +000.6743 -013.1920 0
L1 06    166 +014.5993 +002.8021 -004.2083 -116.0719 +041.8448 -003.9839 0
L1 07    166 +014.2475 +002.1656 -005.1429 +169.4660 +009.5822 -040.3917 0
L1 08    166 +013.9809 +001.6885 -005.5637 +055.2476 -044.3276 +010.6363 0
L1 01    170 +014.0017 +003.9750 +001.3334 -012.9223 +001.0233 +001.6776 0
L1 02    170 +005.3066 +006.9153 +001.7011 -152.5955 -002.9656 -158.4329 0
L1 03    170 +014.7472 +003.8115 -000.8307 -020.1258 +001.6331 +092.0206 0
L1 04    170 +008.4119 +008.0408 +001.7763 -030.6715 -000.6059 +000.3918 0
L1 05    170 +014.4510 +010.4532 +001.9714 -109.2132 +000.6734 -013.1929 0
L1 06    170 +014.5994 +002.8018 -004.2083 -116.0733 +041.8443 -003.9839 0
L1 07    170 +014.2475 +002.1653 -005.1430 +169.4653 +009.5821 -040.3908 0
L1 08    170 +013.9809 +001.6886 -005.5637 +055.2479 -044.3282 +010.6370 0
L1 01    174 +014.0017 +003.9748 +001.3334 -012.9239 +001.0242 +001.6780 0
L1 02    174 +005.3066 +006.9153 +001.7011 -152.5956 -002.9657 -158.4331 0
L1 03    174 +014.7472 +003.8113 -000.8306 -020.1278 +001.6328 +092.0208 0
L1 04    174 +008.4120 +008.0407 +001.7763 -030.6724 -000.6057 +000.3919 0
L1 05    174 +014.4516 +010.4523 +001.9713 -109.2218 +000.6735 -013.1938 0
L1 06    174 +014.5993 +002.8016 -004.2085 -116.0781 +041.8446 -003.9866 0
L1 07    174 +014.2475 +002.1653 -005.1432 +169.4648 +009.5815 -040.3895 0
L1 08    174 +013.9810 +001.6885 -005.5636 +055.2479 -044.3278 +010.6350 0
L1 01    178 +014.0017 +003.9750 +001.3334 -012.9222 +001.0242 +001.6778 0
L1 02    178 +005.3066 +006.9153 +001.7011 -152.5955 -002.9655 -158.4330 0
L1 03    178 +014.7472 +003.8114 -000.8306 -020.1265 +001.6327 +092.0209 0
L1 04    178 +008.4120 +008.0408 +001.7763 -030.6719 -000.6058 +000.3920 0
L1 05    178 +014.4511 +010.4531 +001.9714 -109.2143 +000.6731 -013.1925 0
L1 06    178 +014.5992 +002.8022 -004.2085 -116.0742 +041.8449 -003.9883 0
L1 07    178 +014.2474 +002.1657 -005.1431 +169.4665 +009.5814 -040.3907 0
L1 08    178 +013.9809 +001.6885 -005.5637 +055.2480 -044.3281 +010.6360 0
L1 01    182 +014.0016 +003.9750 +001.3335 -012.9215 +001.0229 +001.6779 0
L1 02    182 +005.3066 +006.9153 +001.7011 -152.5954 -002.9654 -158.4330 0
L1 03    182 +014.7472 +003.8114 -000.8306 -020.1268 +001.6326 +092.0211 0
L1 04    182 +008.4120 +008.0407 +001.7762 -030.6720 -000.6055 +000.3918 0
L1 05    182 +014.4513 +010.4529 +001.9714 -109.2163 +000.6728 -013.1926 0
L1 06    182 +014.5994 +002.8020 -004.2083 -116.0746 +041.8450 -003.9846 0
L1 07    182 +014.2475 +002.1654 -005.1431 +169.4642 +009.5813 -040.3900 0
L1 08    182 +013.9809 +001.6885 -005.5636 +055.2473 -044.3281 +010.6356 0
L1 01    186 +014.0017 +003.9749 +001.3335 -012.9219 +001.0233 +001.6781 0
L1 02    186 +005.3066 +006.9153 +001.7011 -152.5955 -002.9653 -158.4331 0
L1 03    186 +014.7472 +003.8113 -000.8306 -020.1273 +001.6331 +092.0210 0
L1 04    186 +008.4120 +008.0407 +001.7763 -030.6722 -000.6056 +000.3919 0
L1 05    186 +014.4514 +010.4526 +001.9716 -109.2185 +000.6737 -013.1922 0
L1 06    186 +014.5994 +002.8017 -004.2081 -116.0754 +041.8448 -003.9833 0
L1 07    186 +014.2474 +002.1659 -005.1430 +169.4669 +009.5810 -040.3920 0
L1 08    186 +013.9809 +001.6885 -005.5637 +055.2471 -044.3278 +010.6362 0
L1 01    190 +014.0017 +003.9750 +001.3335 -012.9218 +001.0230 +001.6782 0
L1 02    190 +005.3066 +006.9153 +001.7011 -152.5956 -002.9654 -158.4330 0
L1 03    190 +014.7472 +003.8114 -000.8307 -020.1272 +001.6332 +092.0210 0
L1 04    190 +008.4120 +008.0407 +001.7763 -030.6725 -000.6055 +000.3918 0
L1 05    190 +014.4513 +010.4527 +001.9713 -109.2171 +000.6725 -013.1933 0
L1 06    190 +014.5994 +002.8015 -004.2083 -116.0775 +041.8437 -003.9848 0
L1 07    190 +014.2475 +002.1656 -005.1428 +169.4657 +009.5824 -040.3922 0
L1 08    190 +013.9809 +001.6884 -005.5637 +055.2471 -044.3275 +010.6356 0
L1 01    194 +014.0017 +003.9749 +001.3335 -012.9227 +001.0225 +001.6784 0
L1 02    194 +005.3066 +006.9153 +001.7011 -152.5958 -002.9655 -158.4329 0
L1 03    194 +014.7472 +003.8113 -000.8306 -020.1281 +001.6321 +092.0207 0
L1 04    194 +008.4121 +008.0406 +001.7762 -030.6735 -000.6053 +000.3919 0
L1 05    194 +014.4514 +010.4526 +001.9711 -109.2194 +000.6712 -013.1946 0
L1 06    194 +014.5993 +002.8015 -004.2085 -116.0781 +041.8427 -003.9854 0
L1 07    194 +014.2477 +002.1653 -005.1428 +169.4638 +009.5833 -040.3908 0
L1 08    194 +013.9810 +001.6884 -005.5636 +055.2471 -044.3279 +010.6347 0
L1 01    198 +014.0017 +003.9750 +001.3335 -012.9212 +001.0219 +001.6777 0
L1 02    198 +005.3066 +006.9153 +001.7011 -152.5952 -002.9656 -158.4328 0
L1 03    198 +014.7472 +003.8115 -000.8306 -020.1262 +001.6322 +092.0207 0
L1 04    198 +008.4121 +008.0407 +001.7762 -030.6728 -000.6055 +000.3917 0
L1 05    198 +014.4510 +010.4533 +001.9714 -109.2144 +000.6710 -013.1923 0
L1 06    198 +014.5994 +002.8014 -004.2084 -116.0784 +041.8425 -003.9851 0
L1 07    198 +014.2476 +002.1653 -005.1431 +169.4646 +009.5813 -040.3905 0
L1 08    198 +013.9810 +001.6885 -005.5636 +055.2482 -044.3282 +010.6354 0
L1 01    202 +014.0017 +003.9750 +001.3335 -012.9220 +001.0225 +001.6780 0
L1 02    202 +005.3066 +006.9153 +001.7011 -152.5955 -002.9656 -158.4329 0
L1 03    202 +014.7473 +003.8113 -000.8306 -020.1283 +001.6323 +092.0210 0
L1 04    202 +008.4120 +008.0407 +001.7762 -030.6727 -000.6055 +000.3918 0
L1 05    202 +014.4512 +010.4529 +001.9711 -109.2173 +000.6712 -013.1949 0
L1 06    202 +014.5994 +002.8016 -004.2083 -116.0777 +041.8434 -003.9846 0
L1 07    202 +014.2477 +002.1654 -005.1428 +169.4649 +009.5831 -040.3913 0
L1 08    202 +013.9809 +001.6884 -005.5637 +055.2470 -044.3274 +010.6358 0
L1 01    206 +014.0017 +003.9749 +001.3335 -012.9227 +001.0230 +001.6783 0
L1 02    206 +005.3066 +006.9153 +001.7011 -152.5956 -002.9655 -158.4330 0
L1 03    206 +014.7473 +003.8113 -000.8304 -020.1278 +001.6317 +092.0216 0
L1 04    206 +008.4120 +008.0407 +001.7763 -030.6728 -000.6056 +000.3919 0
L1 05    206 +014.4512 +010.4529 +001.9713 -109.2161 +000.6722 -013.1925 0
L1 06    206 +014.5994 +002.8016 -004.2083 -116.0775 +041.8435 -003.9856 0
L1 07    206 +014.2476 +002.1654 -005.1429 +169.4642 +009.5826 -040.3911 0
L1 08    206 +013.9810 +001.6884 -005.5636 +055.2475 -044.3277 +010.6355 0
L1 01    210 +014.0017 +003.9750 +001.3335 -012.9216 +001.0230 +001.6780 0
L1 02    210 +005.3066 +006.9153 +001.7011 -152.5955 -002.9654 -158.4329 0
L1 03    210 +014.7472 +003.8114 -000.8305 -020.1270 +001.6325 +092.0209 0
L1 04    210 +008.4120 +008.0407 +001.7763 -030.6723 -000.6058 +000.3919 0
L1 05    210 +014.4513 +010.4526 +001.9717 -109.2174 +000.6730 -013.1907 0
L1 06    210 +014.5994 +002.8016 -004.2084 -116.0784 +041.8432 -003.9859 0
L1 07    210 +014.2475 +002.1659 -005.1428 +169.4676 +009.5820 -040.3922 0
L1 08    210 +013.9809 +001.6885 -005.5637 +055.2477 -044.3277 +010.6364 0
L1 01    214 +014.0017 +003.9749 +001.3335 -012.9228 +001.0221 +001.6771 0
L1 02    214 +005.3067 +006.9153 +001.7011 -152.5964 -002.9657 -158.4330 0
L1 03    214 +014.7472 +003.8115 -000.8306 -020.1268 +001.6325 +092.0201 0
L1 04    214 +008.4121 +008.0407 +001.7763 -030.6729 -000.6056 +000.3918 0
L1 05    214 +014.4513 +010.4526 +001.9718 -109.2179 +000.6730 -013.1911 0
L1 06    214 +014.5994 +002.8018 -004.2083 -116.0771 +041.8432 -003.9855 0
L1 07    214 +014.2476 +002.1655 -005.1428 +169.4649 +009.5835 -040.3908 0
L1 08    214 +013.9809 +001.6885 -005.5636 +055.2479 -044.3271 +010.6353 0
L1 01    218 +014.0017 +003.9749 +001.3335 -012.9223 +001.0229 +001.6785 0
L1 02    218 +005.3066 +006.9153 +001.7011 -152.5956 -002.9655 -158.4327 0
L1 03    218 +014.7473 +003.8112 -000.8306 -020.1280 +001.6325 +092.0209 0
L1 04    218 +008.4120 +008.0407 +001.7762 -030.6728 -000.6055 +000.3915 0
L1 05    218 +014.4515 +010.4526 +001.9705 -109.2174 +000.6686 -013.1952 0
L1 06    218 +014.5994 +002.8016 -004.2083 -116.0791 +041.8433 -003.9856 0
L1 07    218 +014.2476 +002.1655 -005.1427 +169.4651 +009.5830 -040.3918 0
L1 08    218 +013.9809 +001.6884 -005.5637 +055.2476 -044.3269 +010.6354 0
L1 01    222 +014.0017 +003.9750 +001.3335 -012.9215 +001.0226 +001.6781 0
L1 02    222 +005.3066 +006.9153 +001.7011 -152.5955 -002.9654 -158.4331 0
L1 03    222 +014.7472 +003.8113 -000.8305 -020.1276 +001.6320 +092.0209 0
L1 04    222 +008.4120 +008.0407 +001.7762 -030.6723 -000.6055 +000.3914 0
L1 05    222 +014.4512 +010.4529 +001.9709 -109.2164 +000.6702 -013.1935 0
L1 06    222 +014.5993 +002.8015 -004.2085 -116.0798 +041.8421 -003.9866 0
L1 07    222 +014.2476 +002.1657 -005.1427 +169.4668 +009.5832 -040.3913 0
L1 08    222 +013.9809 +001.6885 -005.5637 +055.2476 -044.3272 +010.6361 0
L1 01    226 +014.0017 +003.9749 +001.3336 -012.9219 +001.0222 +001.6786 0
L1 02    226 +005.3066 +006.9153 +001.7011 -152.5959 -002.9652 -158.4333 0
L1 03    226 +014.7473 +003.8112 -000.8306 -020.1286 +001.6323 +092.0208 0
L1 04    226 +008.4121 +008.0407 +001.7762 -030.6731 -000.6054 +000.3918 0
L1 05    226 +014.4514 +010.4524 +001.9715 -109.2191 +000.6737 -013.1928 0
L1 06    226 +014.5993 +002.8017 -004.2083 -116.0788 +041.8433 -003.9851 0
L1 07    226 +014.2476 +002.1654 -005.1429 +169.4643 +009.5824 -040.3907 0
L1 08    226 +013.9809 +001.6884 -005.5637 +055.2476 -044.3271 +010.6350 0
L1 01    230 +014.0016 +003.9751 +001.3335 -012.9208 +001.0223 +001.6782 0
L1 02    230 +005.3066 +006.9153 +001.7011 -152.5957 -002.9651 -158.4332 0
L1 03    230 +014.7472 +003.8114 -000.8305 -020.1271 +001.6316 +092.0208 0
L1 04    230 +008.4120 +008.0407 +001.7762 -030.6726 -000.6055 +000.3919 0
L1 05    230 +014.4512 +010.4528 +001.9716 -109.2157 +000.6736 -013.1912 0
L1 06    230 +014.5993 +002.8018 -004.2083 -116.0779 +041.8438 -003.9855 0
L1 07    230 +014.2476 +002.1653 -005.1428 +169.4637 +009.5831 -040.3913 0
L1 08    230 +013.9809 +001.6885 -005.5636 +055.2479 -044.3273 +010.6354 0
L1 01    234 +014.0017 +003.9749 +001.3335 -012.9219 +001.0225 +001.6782 0
L1 02    234 +005.3066 +006.9153 +001.7011 -152.5957 -002.9654 -158.4329 0
L1 03    234 +014.7472 +003.8113 -000.8306 -020.1282 +001.6319 +092.0206 0
L1 04    234 +008.4121 +008.0407 +001.7762 -030.6729 -000.6054 +000.3916 0
L1 05    234 +014.4511 +010.4528 +001.9717 -109.2158 +000.6736 -013.1911 0
L1 06    234 +014.5993 +002.8019 -004.2084 -116.0783 +041.8434 -003.9868 0
L1 07    234 +014.2476 +002.1656 -005.1428 +169.4652 +009.5829 -040.3907 0
L1 08    234 +013.9809 +001.6884 -005.5637 +055.2474 -044.3267 +010.6352 0
L1 01    238 +014.0017 +003.9750 +001.3334 -012.9219 +001.0236 +001.6778 0
L1 02    238 +005.3066 +006.9153 +001.7011 -152.5956 -002.9652 -158.4329 0
L1 03    238 +014.7472 +003.8114 -000.8307 -020.1267 +001.6328 +092.0206 0
L1 04    238 +008.4120 +008.0407 +001.7762 -030.6725 -000.6054 +000.3915 0
L1 05    238 +014.4511 +010.4529 +001.9713 -109.2155 +000.6726 -013.1934 0
L1 06    238 +014.5993 +002.8019 -004.2084 -116.0785 +041.8433 -003.9873 0
L1 07    238 +014.2476 +002.1653 -005.1428 +169.4636 +009.5826 -040.3911 0
L1 08    238 +013.9809 +001.6883 -005.5638 +055.2467 -044.3265 +010.6363 0
L1 01    242 +014.0017 +003.9750 +001.3335 -012.9213 +001.0231 +001.6777 0
L1 02    242 +005.3066 +006.9153 +001.7011 -152.5954 -002.9651 -158.4330 0
L1 03    242 +014.7472 +003.8114 -000.8306 -020.1264 +001.6331 +092.0210 0
L1 04    242 +008.4120 +008.0407 +001.7762 -030.6723 -000.6054 +000.3918 0
L1 05    242 +014.4512 +010.4530 +001.9711 -109.2144 +000.6718 -013.1930 0
L1 06    242 +014.5993 +002.8017 -004.2086 -116.0808 +041.8428 -003.9893 0
L1 07    242 +014.2476 +002.1652 -005.1428 +169.4626 +009.5829 -040.3911 0
L1 08    242 +013.9809 +001.6885 -005.5637 +055.2472 -044.3269 +010.6370 0
L1 01    246 +014.0017 +003.9749 +001.3334 -012.9228 +001.0234 +001.6776 0
L1 02    246 +005.3066 +006.9153 +001.7011 -152.5959 -002.9652 -158.4333 0
L1 03    246 +014.7473 +003.8112 -000.8306 -020.1281 +001.6325 +092.0209 0
L1 04    246 +008.4121 +008.0406 +001.7762 -030.6736 -000.6052 +000.3920 0
L1 05    246 +014.4514 +010.4525 +001.9715 -109.2188 +000.6744 -013.1926 0
L1 06    246 +014.5993 +002.8016 -004.2086 -116.0823 +041.8419 -003.9894 0
L1 07    246 +014.2476 +002.1653 -005.1428 +169.4627 +009.5826 -040.3910 0
L1 08    246 +013.9809 +001.6883 -005.5638 +055.2461 -044.3264 +010.6360 0
L1 01    250 +014.0017 +003.9749 +001.3334 -012.9220 +001.0233 +001.6781 0
L1 02    250 +005.3066 +006.9153 +001.7011 -152.5955 -002.9652 -158.4334 0
L1 03    250 +014.7473 +003.8113 -000.8307 -020.1275 +001.6328 +092.0206 0
L1 04    250 +008.4120 +008.0407 +001.7762 -030.6724 -000.6054 +000.3919 0
L1 05    250 +014.4511 +010.4530 +001.9716 -109.2150 +000.6748 -013.1911 0
L1 06    250 +014.5993 +002.8017 -004.2085 -116.0821 +041.8432 -003.9899 0
L1 07    250 +014.2475 +002.1656 -005.1429 +169.4653 +009.5820 -040.3918 0
L1 08    250 +013.9809 +001.6884 -005.5637 +055.2473 -044.3273 +010.6362 0
L1 01    254 +014.0017 +003.9749 +001.3334 -012.9216 +001.0230 +001.6779 0
L1 02    254 +005.3066 +006.9153 +001.7011 -152.5959 -002.9654 -158.4332 0
L1 03    254 +014.7473 +003.8113 -000.8308 -020.1282 +001.6332 +092.0204 0
L1 04    254 +008.4121 +008.0407 +001.7762 -030.6729 -000.6053 +000.3917 0
L1 05    254 +014.4510 +010.4528 +001.9715 -109.2156 +000.6746 -013.1914 0
L1 06    254 +014.5994 +002.8017 -004.2085 -116.0822 +041.8430 -003.9891 0
L1 07    254 +014.2478 +002.1651 -005.1427 +169.4626 +009.5841 -040.3914 0
L1 08    254 +013.9809 +001.6884 -005.5638 +055.2473 -044.3265 +010.6360 0
L1 01    258 +014.0017 +003.9749 +001.3334 -012.9218 +001.0228 +001.6770 0
L1 02    258 +005.3066 +006.9153 +001.7011 -152.5957 -002.9654 -158.4332 0
L1 03    258 +014.7472 +003.8116 -000.8306 -020.1260 +001.6325 +092.0202 0
L1 04    258 +008.4120 +008.0407 +001.7762 -030.6727 -000.6054 +000.3917 0
L1 05    258 +014.4512 +010.4529 +001.9717 -109.2159 +000.6743 -013.1902 0
L1 06    258 +014.5994 +002.8017 -004.2084 -116.0827 +041.8442 -003.9892 0
L1 07    258 +014.2476 +002.1653 -005.1429 +169.4635 +009.5824 -040.3908 0
L1 08    258 +013.9810 +001.6885 -005.5638 +055.2477 -044.3268 +010.6360 0
L1 01    262 +014.0017 +003.9750 +001.3335 -012.9211 +001.0214 +001.6773 0
L1 02    262 +005.3066 +006.9153 +001.7011 -152.5955 -002.9655 -158.4330 0
L1 03    262 +014.7472 +003.8114 -000.8307 -020.1267 +001.6322 +092.0204 0
L1 04    262 +008.4120 +008.0407 +001.7763 -030.6725 -000.6056 +000.3918 0
L1 05    262 +014.4511 +010.4530 +001.9716 -109.2149 +000.6747 -013.1910 0
L1 06    262 +014.5994 +002.8019 -004.2083 -116.0809 +041.8443 -003.9888 0
L1 07    262 +014.2477 +002.1656 -005.1427 +169.4653 +009.5838 -040.3912 0
L1 08    262 +013.9809 +001.6885 -005.5637 +055.2476 -044.3270 +010.6360 0
L1 01    266 +014.0017 +003.9750 +001.3336 -012.9212 +001.0215 +001.6778 0
L1 02    266 +005.3066 +006.9153 +001.7011 -152.5955 -002.9655 -158.4330 0
L1 03    266 +014.7473 +003.8113 -000.8306 -020.1279 +001.6320 +092.0206 0
L1 04    266 +008.4121 +008.0407 +001.7763 -030.6729 -000.6055 +000.3921 0
L1 05    266 +014.4513 +010.4527 +001.9719 -109.2172 +000.6757 -013.1905 0
L1 06    266 +014.5995 +002.8016 -004.2082 -116.0817 +041.8439 -003.9874 0
L1 07    266 +014.2476 +002.1657 -005.1429 +169.4654 +009.5823 -040.3917 0
L1 08    266 +013.9810 +001.6884 -005.5636 +055.2478 -044.3269 +010.6352 0
L1 01    270 +014.0017 +003.9750 +001.3335 -012.9207 +001.0223 +001.6777 0
L1 02    270 +005.3066 +006.9154 +001.7011 -152.5948 -002.9653 -158.4326 0
L1 03    270 +014.7473 +003.8114 -000.8306 -020.1265 +001.6322 +092.0210 0
L1 04    270 +008.4120 +008.0407 +001.7763 -030.6723 -000.6058 +000.3918 0
L1 05    270 +014.4510 +010.4532 +001.9714 -109.2139 +000.6730 -013.1925 0
L1 06    270 +014.5993 +002.8018 -004.2085 -116.0816 +041.8430 -003.9904 0
L1 07    270 +014.2475 +002.1655 -005.1430 +169.4659 +009.5807 -040.3901 0
L1 08    270 +013.9809 +001.6885 -005.5637 +055.2476 -044.3272 +010.6363 0
L1 01    274 +014.0017 +003.9749 +001.3335 -012.9216 +001.0222 +001.6777 0
L1 02    274 +005.3066 +006.9153 +001.7011 -152.5955 -002.9653 -158.4332 0
L1 03    274 +014.7472 +003.8114 -000.8305 -020.1272 +001.6317 +092.0209 0
L1 04    274 +008.4120 +008.0407 +001.7762 -030.6728 -000.6055 +000.3917 0
L1 05    274 +014.4510 +010.4531 +001.9710 -109.2159 +000.6721 -013.1925 0
L1 06    274 +014.5994 +002.8019 -004.2084 -116.0828 +041.8435 -003.9909 0
L1 07    274 +014.2479 +002.1659 -005.1420 +169.4659 +009.5838 -040.3916 0
L1 08    274 +013.9810 +001.6886 -005.5637 +055.2483 -044.3266 +010.6354 0
L1 01    278 +014.0017 +003.9749 +001.3335 -012.9218 +001.0219 +001.6775 0
L1 02    278 +005.3066 +006.9153 +001.7011 -152.5954 -002.9655 -158.4330 0
L1 03    278 +014.7473 +003.8113 -000.8307 -020.1279 +001.6323 +092.0209 0
L1 04    278 +008.4120 +008.0407 +001.7762 -030.6727 -000.6055 +000.3915 0
L1 05    278 +014.4513 +010.4527 +001.9713 -109.2182 +000.6725 -013.1937 0
L1 06    278 +014.5994 +002.8019 -004.2083 -116.0818 +041.8438 -003.9887 0
L1 07    278 +014.2477 +002.1655 -005.1428 +169.4641 +009.5824 -040.3902 0
L1 08    278 +013.9810 +001.6884 -005.5638 +055.2472 -044.3262 +010.6351 0
L1 01    282 +014.0017 +003.9751 +001.3337 -012.9195 +001.0206 +001.6788 0
L1 02    282 +005.3066 +006.9154 +001.7011 -152.5949 -002.9655 -158.4328 0
L1 03    282 +014.7473 +003.8113 -000.8305 -020.1278 +001.6310 +092.0214 0
L1 04    282 +008.4120 +008.0408 +001.7762 -030.6718 -000.6055 +000.3914 0
L1 05    282 +014.4509 +010.4534 +001.9716 -109.2138 +000.6726 -013.1896 0
L1 06    282 +014.5994 +002.8017 -004.2085 -116.0837 +041.8430 -003.9908 0
L1 07    282 +014.2476 +002.1656 -005.1430 +169.4650 +009.5819 -040.3907 0
L1 08    282 +013.9810 +001.6885 -005.5637 +055.2480 -044.3272 +010.6356 0
L1 01    286 +014.0017 +003.9750 +001.3336 -012.9206 +001.0210 +001.6787 0
L1 02    286 +005.3066 +006.9153 +001.7011 -152.5954 -002.9655 -158.4330 0
L1 03    286 +014.7473 +003.8111 -000.8304 -020.1296 +001.6297 +092.0214 0
L1 04    286 +008.4120 +008.0407 +001.7762 -030.6723 -000.6053 +000.3916 0
L1 05    286 +014.4508 +010.4534 +001.9713 -109.2126 +000.6724 -013.1923 0
L1 06    286 +014.5994 +002.8015 -004.2086 -116.0853 +041.8420 -003.9905 0
L1 07    286 +014.2476 +002.1653 -005.1431 +169.4635 +009.5819 -040.3891 0
L1 08    286 +013.9810 +001.6883 -005.5636 +055.2478 -044.3269 +010.6344 0
L1 01    290 +014.0017 +003.9750 +001.3335 -012.9208 +001.0220 +001.6778 0
L1 02    290 +005.3066 +006.9153 +001.7011 -152.5957 -002.9655 -158.4330 0
L1 03    290 +014.7473 +003.8113 -000.8306 -020.1274 +001.6316 +092.0205 0
L1 04    290 +008.4120 +008.0407 +001.7762 -030.6723 -000.6055 +000.3914 0
L1 05    290 +014.4509 +010.4532 +001.9715 -109.2142 +000.6729 -013.1911 0
L1 06    290 +014.5995 +002.8015 -004.2083 -116.0855 +041.8430 -003.9894 0
L1 07    290 +014.2475 +002.1657 -005.1430 +169.4656 +009.5813 -040.3904 0
L1 08    290 +013.9810 +001.6885 -005.5637 +055.2480 -044.3272 +010.6356 0
L1 01    294 +014.0017 +003.9750 +001.3335 -012.9214 +001.0223 +001.6777 0
L1 02    294 +005.3066 +006.9153 +001.7011 -152.5956 -002.9654 -158.4331 0
L1 03    294 +014.7473 +003.8114 -000.8306 -020.1272 +001.6319 +092.0203 0
L1 04    294 +008.4120 +008.0407 +001.7762 -030.6729 -000.6055 +000.3916 0
L1 05    294 +014.4508 +010.4533 +001.9714 -109.2135 +000.6725 -013.1920 0
L1 06    294 +014.5994 +002.8012 -004.2084 -116.0870 +041.8419 -003.9901 0
L1 07    294 +014.2476 +002.1653 -005.1431 +169.4633 +009.5809 -040.3903 0
L1 08    294 +013.9810 +001.6885 -005.5637 +055.2479 -044.3270 +010.6355 0
L1 01    298 +014.0017 +003.9750 +001.3336 -012.9206 +001.0219 +001.6786 0
L1 02    298 +005.3066 +006.9153 +001.7011 -152.5955 -002.9652 -158.4329 0
L1 03    298 +014.7473 +003.8113 -000.8305 -020.1280 +001.6314 +092.0210 0
L1 04    298 +008.4120 +008.0407 +001.7762 -030.6729 -000.6054 +000.3916 0
L1 05    298 +014.4511 +010.4530 +001.9714 -109.2157 +000.6733 -013.1932 0
L1 06    298 +014.5995 +002.8013 -004.2083 -116.0871 +041.8431 -003.9893 0
L1 07    298 +014.2476 +002.1652 -005.1431 +169.4627 +009.5811 -040.3902 0
L1 08    298 +013.9810 +001.6883 -005.5636 +055.2476 -044.3268 +010.6347 0
L1 01    302 +014.0017 +003.9750 +001.3335 -012.9203 +001.0230 +001.6786 0
L1 02    302 +005.3066 +006.9153 +001.7011 -152.5954 -002.9653 -158.4329 0
L1 03    302 +014.7473 +003.8113 -000.8305 -020.1274 +001.6313 +092.0209 0
L1 04    302 +008.4120 +008.0407 +001.7762 -030.6724 -000.6055 +000.3917 0
L1 05    302 +014.4507 +010.4535 +001.9713 -109.2120 +000.6725 -013.1932 0
L1 06    302 +014.5993 +002.8017 -004.2085 -116.0847 +041.8435 -003.9908 0
L1 07    302 +014.2475 +002.1657 -005.1431 +169.4659 +009.5809 -040.3914 0
L1 08    302 +013.9810 +001.6884 -005.5636 +055.2480 -044.3271 +010.6352 0
L1 01    306 +014.0017 +003.9749 +001.3335 -012.9212 +001.0225 +001.6784 0
L1 02    306 +005.3066 +006.9153 +001.7011 -152.5962 -002.9654 -158.4331 0
L1 03    306 +014.7472 +003.8113 -000.8306 -020.1277 +001.6316 +092.0210 0
L1 04    306 +008.4121 +008.0407 +001.7762 -030.6734 -000.6054 +000.3919 0
L1 05    306 +014.4511 +010.4530 +001.9712 -109.2148 +000.6727 -013.1937 0
L1 06    306 +014.5993 +002.8019 -004.2085 -116.0846 +041.8420 -003.9911 0
L1 07    306 +014.2475 +002.1654 -005.1430 +169.4642 +009.5812 -040.3905 0
L1 08    306 +013.9810 +001.6883 -005.5637 +055.2471 -044.3265 +010.6349 0
L1 01    310 +014.0017 +003.9750 +001.3334 -012.9211 +001.0234 +001.6779 0
L1 02    310 +005.3066 +006.9153 +001.7011 -152.5957 -002.9655 -158.4332 0
L1 03    310 +014.7473 +003.8114 -000.8306 -020.1266 +001.6322 +092.0209 0
L1 04    310 +008.4120 +008.0407 +001.7762 -030.6725 -000.6055 +000.3919 0
L1 05    310 +014.4511 +010.4533 +001.9712 -109.2135 +000.6715 -013.1928 0
L1 06    310 +014.5993 +002.8021 -004.2085 -116.0835 +041.8426 -003.9915 0
L1 07    310 +014.2476 +002.1653 -005.1430 +169.4630 +009.5806 -040.3903 0
L1 08    310 +013.9809 +001.6884 -005.5638 +055.2472 -044.3265 +010.6363 0
L1 01    314 +014.0017 +003.9749 +001.3334 -012.9210 +001.0230 +001.6777 0
L1 02    314 +005.3066 +006.9153 +001.7011 -152.5953 -002.9655 -158.4329 0
L1 03    314 +014.7473 +003.8114 -000.8305 -020.1269 +001.6320 +092.0213 0
L1 04    314 +008.4120 +008.0408 +001.7762 -030.6721 -000.6056 +000.3913 0
L1 05    314 +014.4509 +010.4532 +001.9717 -109.2132 +000.6719 -013.1901 0
L1 06    314 +014.5993 +002.8020 -004.2084 -116.0834 +041.8424 -003.9912 0
L1 07    314 +014.2475 +002.1653 -005.1431 +169.4634 +009.5793 -040.3907 0
L1 08    314 +013.9809 +001.6884 -005.5637 +055.2479 -044.3265 +010.6360 0
L1 01    318 +014.0017 +003.9750 +001.3335 -012.9212 +001.0223 +001.6782 0
L1 02    318 +005.3066 +006.9153 +001.7011 -152.5957 -002.9653 -158.4329 0
L1 03    318 +014.7473 +003.8112 -000.8306 -020.1282 +001.6320 +092.0210 0
L1 04    318 +008.4120 +008.0407 +001.7762 -030.6726 -000.6055 +000.3915 0
L1 05    318 +014.4507 +010.4534 +001.9715 -109.2115 +000.6721 -013.1900 0
L1 06    318 +014.5994 +002.8017 -004.2083 -116.0844 +041.8425 -003.9898 0
L1 07    318 +014.2475 +002.1655 -005.1430 +169.4642 +009.5807 -040.3909 0
L1 08    318 +013.9809 +001.6884 -005.5636 +055.2483 -044.3266 +010.6353 0
L1 01    322 +014.0017 +003.9751 +001.3335 -012.9198 +001.0218 +001.6775 0
L1 02    322 +005.3066 +006.9153 +001.7011 -152.5956 -002.9653 -158.4328 0
L1 03    322 +014.7472 +003.8113 -000.8306 -020.1268 +001.6321 +092.0208 0
L1 04    322 +008.4120 +008.0408 +001.7762 -030.6718 -000.6059 +000.3916 0
L1 05    322 +014.4509 +010.4533 +001.9717 -109.2130 +000.6734 -013.1911 0
L1 06    322 +014.5994 +002.8018 -004.2082 -116.0841 +041.8435 -003.9902 0
L1 07    322 +014.2476 +002.1655 -005.1428 +169.4646 +009.5820 -040.3914 0
L1 08    322 +013.9809 +001.6885 -005.5637 +055.2486 -044.3269 +010.6360 0
L1 01    326 +014.0017 +003.9750 +001.3335 -012.9203 +001.0220 +001.6773 0
L1 02    326 +005.3066 +006.9153 +001.7011 -152.5958 -002.9654 -158.4327 0
L1 03    326 +014.7472 +003.8113 -000.8305 -020.1272 +001.6317 +092.0208 0
L1 04    326 +008.4120 +008.0407 +001.7762 -030.6723 -000.6058 +000.3917 0
L1 05    326 +014.4513 +010.4528 +001.9715 -109.2156 +000.6730 -013.1927 0
L1 06    326 +014.5994 +002.8016 -004.2083 -116.0858 +041.8431 -003.9906 0
L1 07    326 +014.2475 +002.1656 -005.1429 +169.4651 +009.5812 -040.3909 0
L1 08    326 +013.9809 +001.6885 -005.5637 +055.2476 -044.3266 +010.6372 0
L1 01    330 +014.0017 +003.9750 +001.3334 -012.9206 +001.0231 +001.6770 0
L1 02    330 +005.3066 +006.9153 +001.7011 -152.5956 -002.9655 -158.4327 0
L1 03    330 +014.7473 +003.8113 -000.8306 -020.1271 +001.6321 +092.0206 0
L1 04    330 +008.4120 +008.0407 +001.7763 -030.6724 -000.6058 +000.3919 0
L1 05    330 +014.4510 +010.4531 +001.9714 -109.2130 +000.6722 -013.1924 0
L1 06    330 +014.5994 +002.8018 -004.2082 -116.0857 +041.8438 -003.9910 0
L1 07    330 +014.2475 +002.1657 -005.1430 +169.4659 +009.5806 -040.3907 0
L1 08    330 +013.9809 +001.6885 -005.5637 +055.2481 -044.3267 +010.6366 0
L1 01    334 +014.0017 +003.9750 +001.3334 -012.9204 +001.0232 +001.6769 0
L1 02    334 +005.3066 +006.9153 +001.7011 -152.5955 -002.9652 -158.4329 0
L1 03    334 +014.7472 +003.8115 -000.8306 -020.1258 +001.6330 +092.0205 0
L1 04    334 +008.4120 +008.0407 +001.7762 -030.6723 -000.6057 +000.3917 0
L1 05    334 +014.4510 +010.4531 +001.9717 -109.2126 +000.6726 -013.1927 0
L1 06    334 +014.5993 +002.8019 -004.2084 -116.0873 +041.8427 -003.9942 0
L1 07    334 +014.2475 +002.1656 -005.1430 +169.4657 +009.5805 -040.3898 0
L1 08    334 +013.9809 +001.6885 -005.5637 +055.2477 -044.3265 +010.6372 0
L1 01    338 +014.0017 +003.9751 +001.3336 -012.9197 +001.0219 +001.6782 0
L1 02    338 +005.3066 +006.9153 +001.7011 -152.5956 -002.9653 -158.4329 0
L1 03    338 +014.7472 +003.8111 -000.8306 -020.1285 +001.6322 +092.0210 0
L1 04    338 +008.4120 +008.0407 +001.7763 -030.6726 -000.6058 +000.3921 0
L1 05    338 +014.4508 +010.4531 +001.9715 -109.2132 +000.6722 -013.1932 0
L1 06    338 +014.5993 +002.8017 -004.2085 -116.0880 +041.8421 -003.9942 0
L1 07    338 +014.2476 +002.1654 -005.1429 +169.4630 +009.5810 -040.3907 0
L1 08    338 +013.9809 +001.6884 -005.5636 +055.2479 -044.3264 +010.6353 0
L1 01    342 +014.0017 +003.9750 +001.3335 -012.9203 +001.0228 +001.6776 0
L1 02    342 +005.3066 +006.9153 +001.7011 -152.5960 -002.9654 -158.4330 0
L1 03    342 +014.7473 +003.8113 -000.8307 -020.1276 +001.6327 +092.0203 0
L1 04    342 +008.4120 +008.0407 +001.7763 -030.6724 -000.6058 +000.3918 0
L1 05    342 +014.4513 +010.4527 +001.9713 -109.2162 +000.6719 -013.1934 0
L1 06    342 +014.5993 +002.8020 -004.2084 -116.0870 +041.8427 -003.9943 0
L1 07    342 +014.2476 +002.1654 -005.1429 +169.4637 +009.5813 -040.3911 0
L1 08    342 +013.9809 +001.6885 -005.5637 +055.2482 -044.3262 +010.6364 0
L1 01    346 +014.0017 +003.9749 +001.3335 -012.9213 +001.0229 +001.6783 0
L1 02    346 +005.3066 +006.9153 +001.7011 -152.5958 -002.9653 -158.4330 0
L1 03    346 +014.7473 +003.8112 -000.8306 -020.1280 +001.6319 +092.0208 0
L1 04    346 +008.4120 +008.0407 +001.7763 -030.6721 -000.6057 +000.3919 0
L1 05    346 +014.4508 +010.4532 +001.9715 -109.2124 +000.6723 -013.1929 0
L1 06    346 +014.5994 +002.8017 -004.2083 -116.0885 +041.8435 -003.9937 0
L1 07    346 +014.2475 +002.1655 -005.1429 +169.4642 +009.5816 -040.3911 0
L1 08    346 +013.9810 +001.6884 -005.5636 +055.2477 -044.3269 +010.6353 0
L1 01    350 +014.0017 +003.9750 +001.3336 -012.9211 +001.0218 +001.6779 0
L1 02    350 +005.3066 +006.9153 +001.7011 -152.5958 -002.9654 -158.4330 0
L1 03    350 +014.7472 +003.8114 -000.8305 -020.1273 +001.6316 +092.0209 0
L1 04    350 +008.4120 +008.0407 +001.7763 -030.6724 -000.6056 +000.3922 0
L1 05    350 +014.4512 +010.4527 +001.9717 -109.2162 +000.6738 -013.1934 0
L1 06    350 +014.5994 +002.8015 -004.2085 -116.0900 +041.8422 -003.9939 0
L1 07    350 +014.2476 +002.1655 -005.1428 +169.4646 +009.5832 -040.3902 0
L1 08    350 +013.9809 +001.6884 -005.5637 +055.2476 -044.3266 +010.6354 0
L1 01    354 +014.0017 +003.9750 +001.3335 -012.9209 +001.0221 +001.6775 0
L1 02    354 +005.3066 +006.9153 +001.7011 -152.5957 -002.9655 -158.4328 0
L1 03    354 +014.7473 +003.8112 -000.8306 -020.1279 +001.6318 +092.0208 0
L1 04    354 +008.4120 +008.0407 +001.7763 -030.6724 -000.6057 +000.3922 0
L1 05    354 +014.4509 +010.4532 +001.9715 -109.2133 +000.6721 -013.1935 0
L1 06    354 +014.5993 +002.8017 -004.2086 -116.0902 +041.8414 -003.9951 0
L1 07    354 +014.2476 +002.1657 -005.1429 +169.4656 +009.5814 -040.3908 0
L1 08    354 +013.9809 +001.6883 -005.5637 +055.2470 -044.3259 +010.6357 0
L1 01    358 +014.0017 +003.9750 +001.3336 -012.9207 +001.0214 +001.6774 0
L1 02    358 +005.3066 +006.9153 +001.7011 -152.5957 -002.9655 -158.4330 0
L1 03    358 +014.7472 +003.8113 -000.8306 -020.1280 +001.6317 +092.0206 0
L1 04    358 +008.4120 +008.0407 +001.7763 -030.6726 -000.6055 +000.3920 0
L1 05    358 +014.4512 +010.4529 +001.9714 -109.2151 +000.6724 -013.1950 0
L1 06    358 +014.5994 +002.8017 -004.2085 -116.0902 +041.8427 -003.9939 0
L1 07    358 +014.2475 +002.1656 -005.1430 +169.4657 +009.5813 -040.3898 0
L1 08    358 +013.9809 +001.6884 -005.5638 +055.2471 -044.3255 +010.6362 0
L1 01    362 +014.0017 +003.9750 +001.3336 -012.9208 +001.0218 +001.6780 0
L1 02    362 +005.3067 +006.9153 +001.7011 -152.5962 -002.9655 -158.4330 0
L1 03    362 +014.7473 +003.8111 -000.8306 -020.1290 +001.6316 +092.0206 0
L1 04    362 +008.4121 +008.0407 +001.7762 -030.6730 -000.6056 +000.3919 0
L1 05    362 +014.4514 +010.4525 +001.9715 -109.2175 +000.6728 -013.1938 0
L1 06    362 +014.5993 +002.8017 -004.2086 -116.0915 +041.8427 -003.9955 0
L1 07    362 +014.2474 +002.1655 -005.1431 +169.4646 +009.5804 -040.3896 0
L1 08    362 +013.9809 +001.6882 -005.5637 +055.2468 -044.3255 +010.6354 0
L1 01    366 +014.0017 +003.9750 +001.3336 -012.9208 +001.0215 +001.6776 0
L1 02    366 +005.3067 +006.9153 +001.7011 -152.5962 -002.9655 -158.4331 0
L1 03    366 +014.7472 +003.8111 -000.8306 -020.1291 +001.6317 +092.0208 0
L1 04    366 +008.4121 +008.0406 +001.7763 -030.6732 -000.6055 +000.3921 0
L1 05    366 +014.4511 +010.4528 +001.9714 -109.2151 +000.6724 -013.1927 0
L1 06    366 +014.5993 +002.8018 -004.2083 -116.0901 +041.8435 -003.9945 0
L1 07    366 +014.2476 +002.1654 -005.1428 +169.4638 +009.5825 -040.3895 0
L1 08    366 +013.9809 +001.6883 -005.5636 +055.2468 -044.3261 +010.6356 0
L1 01    370 +014.0017 +003.9751 +001.3336 -012.9197 +001.0216 +001.6781 0
L1 02    370 +005.3067 +006.9153 +001.7011 -152.5961 -002.9655 -158.4330 0
L1 03    370 +014.7473 +003.8112 -000.8305 -020.1291 +001.6318 +092.0213 0
L1 04    370 +008.4120 +008.0407 +001.7763 -030.6728 -000.6056 +000.3921 0
L1 05    370 +014.4505 +010.4538 +001.9714 -109.2099 +000.6706 -013.1930 0
L1 06    370 +014.5994 +002.8017 -004.2085 -116.0911 +041.8428 -003.9947 0
L1 07    370 +014.2476 +002.1653 -005.1428 +169.4625 +009.5820 -040.3905 0
L1 08    370 +013.9810 +001.6883 -005.5637 +055.2468 -044.3260 +010.6355 0
L1 01    374 +014.0017 +003.9750 +001.3335 -012.9199 +001.0219 +001.6780 0
L1 02    374 +005.3066 +006.9153 +001.7011 -152.5959 -002.9655 -158.4330 0
L1 03    374 +014.7473 +003.8111 -000.8304 -020.1289 +001.6309 +092.0214 0
L1 04    374 +008.4120 +008.0407 +001.7763 -030.6726 -000.6056 +000.3920 0
L1 05    374 +014.4510 +010.4533 +001.9711 -109.2120 +000.6709 -013.1956 0
L1 06    374 +014.5993 +002.8019 -004.2085 -116.0910 +041.8429 -003.9958 0
L1 07    374 +014.2477 +002.1653 -005.1427 +169.4628 +009.5831 -040.3907 0
L1 08    374 +013.9809 +001.6884 -005.5637 +055.2474 -044.3264 +010.6356 0
L1 01    378 +014.0017 +003.9750 +001.3335 -012.9202 +001.0223 +001.6769 0
L1 02    378 +005.3066 +006.9153 +001.7011 -152.5956 -002.9653 -158.4330 0
L1 03    378 +014.7473 +003.8112 -000.8305 -020.1281 +001.6311 +092.0209 0
L1 04    378 +008.4120 +008.0407 +001.7763 -030.6723 -000.6057 +000.3921 0
L1 05    378 +014.4511 +010.4531 +001.9717 -109.2128 +000.6737 -013.1935 0
L1 06    378 +014.5994 +002.8017 -004.2083 -116.0909 +041.8432 -003.9946 0
L1 07    378 +014.2477 +002.1654 -005.1427 +169.4632 +009.5827 -040.3910 0
L1 08    378 +013.9810 +001.6884 -005.5637 +055.2480 -044.3265 +010.6357 0
L1 01    382 +014.0017 +003.9751 +001.3334 -012.9197 +001.0232 +001.6765 0
L1 02    382 +005.3066 +006.9153 +001.7011 -152.5955 -002.9655 -158.4329 0
L1 03    382 +014.7473 +003.8113 -000.8305 -020.1274 +001.6314 +092.0210 0
L1 04    382 +008.4120 +008.0407 +001.7763 -030.6725 -000.6056 +000.3919 0
L1 05    382 +014.4509 +010.4534 +001.9709 -109.2107 +000.6708 -013.1966 0
L1 06    382 +014.5994 +002.8016 -004.2083 -116.0911 +041.8424 -003.9946 0
L1 07    382 +014.2475 +002.1657 -005.1428 +169.4651 +009.5811 -040.3917 0
L1 08    382 +013.9809 +001.6885 -005.5637 +055.2479 -044.3264 +010.6364 0
L1 01    386 +014.0016 +003.9751 +001.3335 -012.9191 +001.0227 +001.6775 0
L1 02    386 +005.3066 +006.9153 +001.7011 -152.5955 -002.9654 -158.4330 0
L1 03    386 +014.7472 +003.8113 -000.8305 -020.1272 +001.6310 +092.0211 0
L1 04    386 +008.4120 +008.0407 +001.7762 -030.6722 -000.6056 +000.3918 0
L1 05    386 +014.4508 +010.4535 +001.9712 -109.2099 +000.6722 -013.1939 0
L1 06    386 +014.5994 +002.8016 -004.2082 -116.0901 +041.8433 -003.9936 0
L1 07    386 +014.2475 +002.1657 -005.1430 +169.4650 +009.5814 -040.3909 0
L1 08    386 +013.9809 +001.6885 -005.5636 +055.2486 -044.3269 +010.6359 0
L1 01    390 +014.0017 +003.9751 +001.3335 -012.9196 +001.0225 +001.6775 0
L1 02    390 +005.3066 +006.9153 +001.7011 -152.5958 -002.9654 -158.4330 0
L1 03    390 +014.7473 +003.8112 -000.8305 -020.1286 +001.6314 +092.0208 0
L1 04    390 +008.4121 +008.0407 +001.7762 -030.6729 -000.6056 +000.3918 0
L1 05    390 +014.4507 +010.4535 +001.9714 -109.2105 +000.6730 -013.1921 0
L1 06    390 +014.5994 +002.8016 -004.2084 -116.0920 +041.8426 -003.9956 0
L1 07    390 +014.2475 +002.1654 -005.1430 +169.4632 +009.5809 -040.3900 0
L1 08    390 +013.9809 +001.6885 -005.5636 +055.2485 -044.3264 +010.6357 0
L1 01    394 +014.0017 +003.9748 +001.3335 -012.9201 +001.0226 +001.6781 0
L1 02    394 +005.3067 +006.9153 +001.7011 -152.5958 -002.9653 -158.4331 0
L1 03    394 +014.7472 +003.8111 -000.8304 -020.1285 +001.6310 +092.0215 0
L1 04    394 +008.4121 +008.0406 +001.7763 -030.6728 -000.6055 +000.3921 0
L1 05    394 +014.4508 +010.4533 +001.9716 -109.2115 +000.6748 -013.1928 0
L1 06    394 +014.5994 +002.8016 -004.2084 -116.0921 +041.8425 -003.9959 0
L1 07    394 +014.2475 +002.1653 -005.1431 +169.4630 +009.5805 -040.3901 0
L1 08    394 +013.9809 +001.6886 -005.5636 +055.2486 -044.3268 +010.6361 0
L1 01    398 +014.0017 +003.9748 +001.3335 -012.9209 +001.0230 +001.6781 0
L1 02    398 +005.3067 +006.9153 +001.7011 -152.5962 -002.9653 -158.4331 0
L1 03    398 +014.7473 +003.8110 -000.8305 -020.1293 +001.6317 +092.0211 0
L1 04    398 +008.4121 +008.0406 +001.7763 -030.6730 -000.6054 +000.3918 0
L1 05    398 +014.4510 +010.4531 +001.9718 -109.2134 +000.6759 -013.1926 0
L1 06    398 +014.5993 +002.8020 -004.2086 -116.0911 +041.8421 -003.9958 0
L1 07    398 +014.2475 +002.1653 -005.1431 +169.4628 +009.5807 -040.3898 0
L1 08    398 +013.9809 +001.6884 -005.5636 +055.2474 -044.3263 +010.6361 0
L1 01    402 +014.0017 +003.9749 +001.3335 -012.9211 +001.0231 +001.6780 0
L1 02    402 +005.3067 +006.9153 +001.7011 -152.5966 -002.9654 -158.4331 0
L1 03    402 +014.7473 +003.8111 -000.8305 -020.1290 +001.6317 +092.0208 0
L1 04    402 +008.4122 +008.0405 +001.7763 -030.6741 -000.6051 +000.3921 0
L1 05    402 +014.4513 +010.4527 +001.9718 -109.2142 +000.6747 -013.1916 0
L1 06    402 +014.5993 +002.8017 -004.2085 -116.0932 +041.8425 -003.9966 0
L1 07    402 +014.2475 +002.1654 -005.1430 +169.4634 +009.5809 -040.3906 0
L1 08    402 +013.9810 +001.6883 -005.5636 +055.2470 -044.3261 +010.6355 0
L1 01    406 +014.0017 +003.9750 +001.3335 -012.9201 +001.0224 +001.6783 0
L1 02    406 +005.3067 +006.9153 +001.7011 -152.5965 -002.9654 -158.4329 0
L1 03    406 +014.7473 +003.8111 -000.8305 -020.1289 +001.6313 +092.0211 0
L1 04    406 +008.4121 +008.0406 +001.7763 -030.6733 -000.6055 +000.3923 0
L1 05    406 +014.4514 +010.4526 +001.9713 -109.2158 +000.6728 -013.1942 0
L1 06    406 +014.5992 +002.8020 -004.2086 -116.0920 +041.8425 -003.9979 0
L1 07    406 +014.2475 +002.1657 -005.1430 +169.4646 +009.5813 -040.3909 0
L1 08    406 +013.9810 +001.6882 -005.5636 +055.2473 -044.3262 +010.6345 0
L1 01    410 +014.0017 +003.9749 +001.3335 -012.9207 +001.0225 +001.6779 0
L1 02    410 +005.3067 +006.9153 +001.7011 -152.5968 -002.9655 -158.4329 0
L1 03    410 +014.7473 +003.8111 -000.8305 -020.1294 +001.6311 +092.0210 0
L1 04    410 +008.4121 +008.0406 +001.7763 -030.6739 -000.6054 +000.3923 0
L1 05    410 +014.4515 +010.4525 +001.9716 -109.2185 +000.6741 -013.1934 0
L1 06    410 +014.5993 +002.8021 -004.2084 -116.0913 +041.8426 -003.9966 0
L1 07    410 +014.2477 +002.1655 -005.1427 +169.4643 +009.5832 -040.3905 0
L1 08    410 +013.9809 +001.6883 -005.5638 +055.2465 -044.3252 +010.6357 0
L1 01    414 +014.0017 +003.9750 +001.3335 -012.9197 +001.0224 +001.6780 0
L1 02    414 +005.3067 +006.9153 +001.7011 -152.5965 -002.9652 -158.4331 0
L1 03    414 +014.7473 +003.8110 -000.8305 -020.1295 +001.6316 +092.0211 0
L1 04    414 +008.4121 +008.0406 +001.7763 -030.6732 -000.6058 +000.3922 0
L1 05    414 +014.4512 +010.4529 +001.9713 -109.2154 +000.6721 -013.1937 0
L1 06    414 +014.5994 +002.8019 -004.2083 -116.0924 +041.8435 -003.9956 0
L1 07    414 +014.2476 +002.1653 -005.1430 +169.4636 +009.5814 -040.3903 0
L1 08    414 +013.9809 +001.6884 -005.5636 +055.2479 -044.3264 +010.6353 0
L1 01    418 +014.0017 +003.9750 +001.3336 -012.9200 +001.0218 +001.6780 0
L1 02    418 +005.3067 +006.9153 +001.7011 -152.5966 -002.9654 -158.4331 0
L1 03    418 +014.7473 +003.8112 -000.8305 -020.1285 +001.6314 +092.0209 0
L1 04    418 +008.4121 +008.0406 +001.7763 -030.6734 -000.6056 +000.3923 0
L1 05    418 +014.4512 +010.4528 +001.9712 -109.2150 +000.6732 -013.1952 0
L1 06    418 +014.5994 +002.8015 -004.2083 -116.0944 +041.8420 -003.9956 0
L1 07    418 +014.2476 +002.1651 -005.1430 +169.4620 +009.5813 -040.3892 0
L1 08    418 +013.9809 +001.6883 -005.5637 +055.2472 -044.3258 +010.6354 0
L1 01    422 +014.0016 +003.9751 +001.3336 -012.9190 +001.0215 +001.6781 0
L1 02    422 +005.3067 +006.9153 +001.7011 -152.5961 -002.9653 -158.4329 0
L1 03    422 +014.7473 +003.8112 -000.8305 -020.1281 +001.6312 +092.0209 0
L1 04    422 +008.4121 +008.0406 +001.7763 -030.6729 -000.6057 +000.3923 0
L1 05    422 +014.4509 +010.4532 +001.9714 -109.2124 +000.6734 -013.1937 0
L1 06    422 +014.5993 +002.8018 -004.2085 -116.0951 +041.8425 -003.9986 0
L1 07    422 +014.2476 +002.1653 -005.1429 +169.4634 +009.5819 -040.3897 0
L1 08    422 +013.9809 +001.6884 -005.5636 +055.2475 -044.3263 +010.6361 0
L1 01    426 +014.0016 +003.9750 +001.3335 -012.9195 +001.0216 +001.6773 0
L1 02    426 +005.3067 +006.9153 +001.7011 -152.5965 -002.9655 -158.4328 0
L1 03    426 +014.7473 +003.8112 -000.8305 -020.1282 +001.6311 +092.0208 0
L1 04    426 +008.4121 +008.0406 +001.7763 -030.6730 -000.6057 +000.3921 0
L1 05    426 +014.4509 +010.4533 +001.9714 -109.2124 +000.6727 -013.1930 0
L1 06    426 +014.5993 +002.8018 -004.2086 -116.0954 +041.8417 -003.9994 0
L1 07    426 +014.2475 +002.1655 -005.1430 +169.4646 +009.5814 -040.3894 0
L1 08    426 +013.9809 +001.6885 -005.5636 +055.2481 -044.3264 +010.6360 0
L1 01    430 +014.0017 +003.9749 +001.3335 -012.9203 +001.0227 +001.6771 0
L1 02    430 +005.3067 +006.9153 +001.7011 -152.5964 -002.9654 -158.4329 0
L1 03    430 +014.7472 +003.8113 -000.8306 -020.1277 +001.6324 +092.0208 0
L1 04    430 +008.4121 +008.0406 +001.7763 -030.6731 -000.6057 +000.3918 0
L1 05    430 +014.4511 +010.4530 +001.9717 -109.2144 +000.6737 -013.1928 0
L1 06    430 +014.5993 +002.8019 -004.2083 -116.0930 +041.8440 -003.9971 0
L1 07    430 +014.2475 +002.1653 -005.1430 +169.4639 +009.5810 -040.3897 0
L1 08    430 +013.9809 +001.6884 -005.5636 +055.2474 -044.3263 +010.6363 0
L1 01    434 +014.0017 +003.9749 +001.3335 -012.9202 +001.0223 +001.6771 0
L1 02    434 +005.3067 +006.9153 +001.7011 -152.5961 -002.9654 -158.4328 0
L1 03    434 +014.7472 +003.8113 -000.8306 -020.1273 +001.6322 +092.0204 0
L1 04    434 +008.4121 +008.0406 +001.7763 -030.6728 -000.6057 +000.3922 0
L1 05    434 +014.4510 +010.4531 +001.9719 -109.2130 +000.6739 -013.1917 0
L1 06    434 +014.5994 +002.8019 -004.2082 -116.0925 +041.8444 -003.9961 0
L1 07    434 +014.2475 +002.1653 -005.1430 +169.4626 +009.5813 -040.3898 0
L1 08    434 +013.9809 +001.6885 -005.5636 +055.2478 -044.3265 +010.6362 0
L1 01    438 +014.0017 +003.9749 +001.3335 -012.9204 +001.0216 +001.6772 0
L1 02    438 +005.3067 +006.9153 +001.7011 -152.5966 -002.9654 -158.4328 0
L1 03    438 +014.7472 +003.8113 -000.8306 -020.1280 +001.6314 +092.0204 0
L1 04    438 +008.4121 +008.0406 +001.7763 -030.6734 -000.6056 +000.3923 0
L1 05    438 +014.4511 +010.4529 +001.9717 -109.2155 +000.6739 -013.1924 0
L1 06    438 +014.5995 +002.8015 -004.2083 -116.0951 +041.8428 -003.9959 0
L1 07    438 +014.2476 +002.1650 -005.1429 +169.4610 +009.5815 -040.3893 0
L1 08    438 +013.9810 +001.6884 -005.5635 +055.2482 -044.3266 +010.6346 0
L1 01    442 +014.0017 +003.9751 +001.3335 -012.9191 +001.0218 +001.6765 0
L1 02    442 +005.3067 +006.9153 +001.7011 -152.5963 -002.9656 -158.4328 0
L1 03    442 +014.7473 +003.8112 -000.8306 -020.1283 +001.6317 +092.0205 0
L1 04    442 +008.4120 +008.0407 +001.7763 -030.6726 -000.6056 +000.3920 0
L1 05    442 +014.4513 +010.4529 +001.9712 -109.2152 +000.6712 -013.1942 0
L1 06    442 +014.5994 +002.8017 -004.2083 -116.0950 +041.8431 -003.9966 0
L1 07    442 +014.2476 +002.1651 -005.1431 +169.4622 +009.5803 -040.3892 0
L1 08    442 +013.9810 +001.6884 -005.5636 +055.2480 -044.3266 +010.6353 0
L1 01    446 +014.0017 +003.9750 +001.3334 -012.9201 +001.0222 +001.6767 0
L1 02    446 +005.3067 +006.9152 +001.7011 -152.5973 -002.9657 -158.4331 0
L1 03    446 +014.7472 +003.8113 -000.8307 -020.1279 +001.6323 +092.0203 0
L1 04    446 +008.4121 +008.0406 +001.7763 -030.6734 -000.6056 +000.3921 0
L1 05    446 +014.4514 +010.4528 +001.9713 -109.2160 +000.6719 -013.1942 0
L1 06    446 +014.5995 +002.8014 -004.2082 -116.0963 +041.8419 -003.9962 0
L1 07    446 +014.2476 +002.1652 -005.1431 +169.4622 +009.5801 -040.3894 0
L1 08    446 +013.9809 +001.6884 -005.5637 +055.2478 -044.3260 +010.6356 0
L1 01    450 +014.0017 +003.9751 +001.3335 -012.9193 +001.0228 +001.6768 0
L1 02    450 +005.3067 +006.9153 +001.7011 -152.5961 -002.9656 -158.4329 0
L1 03    450 +014.7472 +003.8114 -000.8306 -020.1262 +001.6319 +092.0208 0
L1 04    450 +008.4120 +008.0406 +001.7763 -030.6729 -000.6059 +000.3922 0
L1 05    450 +014.4509 +010.4534 +001.9710 -109.2098 +000.6708 -013.1960 0
L1 06    450 +014.5994 +002.8017 -004.2085 -116.0967 +041.8419 -003.9995 0
L1 07    450 +014.2476 +002.1653 -005.1430 +169.4630 +009.5804 -040.3895 0
L1 08    450 +013.9809 +001.6885 -005.5636 +055.2487 -044.3265 +010.6362 0
L1 01    454 +014.0017 +003.9750 +001.3335 -012.9196 +001.0223 +001.6776 0
L1 02    454 +005.3067 +006.9153 +001.7011 -152.5965 -002.9657 -158.4330 0
L1 03    454 +014.7473 +003.8110 -000.8305 -020.1298 +001.6311 +092.0214 0
L1 04    454 +008.4121 +008.0406 +001.7763 -030.6733 -000.6057 +000.3921 0
L1 05    454 +014.4510 +010.4531 +001.9717 -109.2129 +000.6735 -013.1943 0
L1 06    454 +014.5994 +002.8017 -004.2083 -116.0965 +041.8428 -003.9981 0
L1 07    454 +014.2475 +002.1653 -005.1431 +169.4625 +009.5800 -040.3893 0
L1 08    454 +013.9809 +001.6884 -005.5636 +055.2472 -044.3258 +010.6360 0
L1 01    458 +014.0017 +003.9750 +001.3335 -012.9203 +001.0225 +001.6780 0
L1 02    458 +005.3067 +006.9153 +001.7011 -152.5963 -002.9655 -158.4329 0
L1 03    458 +014.7473 +003.8110 -000.8306 -020.1293 +001.6323 +092.0205 0
L1 04    458 +008.4121 +008.0406 +001.7763 -030.6737 -000.6056 +000.3920 0
L1 05    458 +014.4511 +010.4529 +001.9718 -109.2140 +000.6738 -013.1933 0
L1 06    458 +014.5994 +002.8019 -004.2083 -116.0958 +041.8427 -003.9985 0
L1 07    458 +014.2477 +002.1651 -005.1427 +169.4619 +009.5825 -040.3898 0
L1 08    458 +013.9809 +001.6883 -005.5637 +055.2465 -044.3254 +010.6366 0
L1 01    462 +014.0017 +003.9751 +001.3335 -012.9190 +001.0228 +001.6773 0
L1 02    462 +005.3067 +006.9153 +001.7011 -152.5964 -002.9656 -158.4328 0
L1 03    462 +014.7473 +003.8113 -000.8306 -020.1274 +001.6324 +092.0206 0
L1 04    462 +008.4121 +008.0406 +001.7763 -030.6735 -000.6055 +000.3922 0
L1 05    462 +014.4511 +010.4530 +001.9714 -109.2127 +000.6720 -013.1948 0
L1 06    462 +014.5993 +002.8018 -004.2085 -116.0978 +041.8425 -004.0006 0
L1 07    462 +014.2476 +002.1652 -005.1430 +169.4629 +009.5800 -040.3890 0
L1 08    462 +013.9809 +001.6884 -005.5637 +055.2470 -044.3258 +010.6370 0
L1 01    466 +014.0017 +003.9750 +001.3335 -012.9193 +001.0225 +001.6778 0
L1 02    466 +005.3067 +006.9153 +001.7011 -152.5965 -002.9653 -158.4332 0
L1 03    466 +014.7473 +003.8111 -000.8305 -020.1291 +001.6315 +092.0209 0
L1 04    466 +008.4121 +008.0406 +001.7763 -030.6739 -000.6053 +000.3924 0
L1 05    466 +014.4510 +010.4530 +001.9712 -109.2130 +000.6720 -013.1953 0
L1 06    466 +014.5994 +002.8016 -004.2085 -116.0987 +041.8428 -004.0001 0
L1 07    466 +014.2475 +002.1656 -005.1430 +169.4641 +009.5800 -040.3900 0
L1 08    466 +013.9809 +001.6882 -005.5636 +055.2469 -044.3257 +010.6355 0
L1 01    470 +014.0017 +003.9750 +001.3335 -012.9191 +001.0223 +001.6772 0
L1 02    470 +005.3067 +006.9153 +001.7011 -152.5963 -002.9655 -158.4331 0
L1 03    470 +014.7473 +003.8112 -000.8306 -020.1282 +001.6319 +092.0205 0
L1 04    470 +008.4121 +008.0406 +001.7763 -030.6734 -000.6053 +000.3923 0
L1 05    470 +014.4511 +010.4530 +001.9714 -109.2137 +000.6716 -013.1939 0
L1 06    470 +014.5993 +002.8020 -004.2086 -116.0975 +041.8434 -004.0021 0
L1 07    470 +014.2475 +002.1657 -005.1431 +169.4646 +009.5797 -040.3902 0
L1 08    470 +013.9809 +001.6884 -005.5638 +055.2468 -044.3255 +010.6369 0
L1 01    474 +014.0017 +003.9750 +001.3335 -012.9194 +001.0220 +001.6785 0
L1 02    474 +005.3067 +006.9153 +001.7011 -152.5968 -002.9656 -158.4331 0
L1 03    474 +014.7474 +003.8109 -000.8305 -020.1312 +001.6308 +092.0216 0
L1 04    474 +008.4121 +008.0406 +001.7763 -030.6740 -000.6051 +000.3925 0
L1 05    474 +014.4511 +010.4529 +001.9718 -109.2140 +000.6736 -013.1921 0
L1 06    474 +014.5993 +002.8016 -004.2086 -116.1004 +041.8425 -004.0013 0
L1 07    474 +014.2476 +002.1655 -005.1427 +169.4630 +009.5822 -040.3904 0
L1 08    474 +013.9810 +001.6882 -005.5636 +055.2469 -044.3261 +010.6347 0
L1 01    478 +014.0017 +003.9749 +001.3334 -012.9202 +001.0222 +001.6772 0
L1 02    478 +005.3067 +006.9153 +001.7011 -152.5965 -002.9656 -158.4330 0
L1 03    478 +014.7473 +003.8112 -000.8306 -020.1283 +001.6315 +092.0211 0
L1 04    478 +008.4121 +008.0406 +001.7763 -030.6738 -000.6053 +000.3922 0
L1 05    478 +014.4514 +010.4525 +001.9715 -109.2162 +000.6723 -013.1936 0
L1 06    478 +014.5992 +002.8019 -004.2088 -116.0988 +041.8405 -004.0024 0
L1 07    478 +014.2476 +002.1652 -005.1431 +169.4620 +009.5805 -040.3887 0
L1 08    478 +013.9810 +001.6884 -005.5637 +055.2473 -044.3259 +010.6358 0
L1 01    483 +014.0017 +003.9750 +001.3335 -012.9193 +001.0217 +001.6772 0
L1 02    483 +005.3067 +006.9153 +001.7011 -152.5966 -002.9657 -158.4330 0
L1 03    483 +014.7473 +003.8111 -000.8305 -020.1288 +001.6309 +092.0209 0
L1 04    483 +008.4121 +008.0406 +001.7763 -030.6734 -000.6054 +000.3922 0
L1 05    483 +014.4512 +010.4529 +001.9716 -109.2144 +000.6723 -013.1927 0
L1 06    483 +014.5993 +002.8015 -004.2085 -116.1008 +041.8423 -004.0014 0
L1 07    483 +014.2476 +002.1652 -005.1431 +169.4616 +009.5803 -040.3893 0
L1 08    483 +013.9810 +001.6884 -005.5636 +055.2476 -044.3261 +010.6357 0
L1 01    487 +014.0017 +003.9750 +001.3336 -012.9192 +001.0214 +001.6776 0
L1 02    487 +005.3067 +006.9153 +001.7011 -152.5967 -002.9656 -158.4331 0
L1 03    487 +014.7473 +003.8112 -000.8304 -020.1290 +001.6309 +092.0214 0
L1 04    487 +008.4121 +008.0406 +001.7763 -030.6732 -000.6054 +000.3923 0
L1 05    487 +014.4513 +010.4527 +001.9719 -109.2160 +000.6737 -013.1921 0
L1 06    487 +014.5994 +002.8016 -004.2085 -116.0999 +041.8420 -004.0003 0
L1 07    487 +014.2475 +002.1653 -005.1431 +169.4621 +009.5796 -040.3898 0
L1 08    487 +013.9810 +001.6884 -005.5636 +055.2475 -044.3261 +010.6355 0
L1 01    491 +014.0017 +003.9750 +001.3335 -012.9192 +001.0227 +001.6776 0
L1 02    491 +005.3066 +006.9153 +001.7011 -152.5960 -002.9654 -158.4328 0
L1 03    491 +014.7473 +003.8113 -000.8305 -020.1272 +001.6318 +092.0212 0
L1 04    491 +008.4121 +008.0406 +001.7763 -030.6731 -000.6054 +000.3920 0
L1 05    491 +014.4509 +010.4533 +001.9712 -109.2112 +000.6708 -013.1945 0
L1 06    491 +014.5993 +002.8018 -004.2084 -116.0982 +041.8428 -004.0001 0
L1 07    491 +014.2474 +002.1656 -005.1431 +169.4651 +009.5787 -040.3905 0
L1 08    491 +013.9810 +001.6884 -005.5636 +055.2475 -044.3263 +010.6364 0
L1 01    495 +014.0017 +003.9750 +001.3334 -012.9194 +001.0225 +001.6770 0
L1 02    495 +005.3067 +006.9153 +001.7011 -152.5961 -002.9655 -158.4331 0
L1 03    495 +014.7472 +003.8114 -000.8306 -020.1271 +001.6316 +092.0207 0
L1 04    495 +008.4121 +008.0406 +001.7763 -030.6736 -000.6053 +000.3922 0
L1 05    495 +014.4514 +010.4526 +001.9707 -109.2157 +000.6689 -013.1955 0
L1 06    495 +014.5993 +002.8017 -004.2085 -116.0995 +041.8416 -004.0007 0
L1 07    495 +014.2474 +002.1654 -005.1430 +169.4639 +009.5789 -040.3899 0
L1 08    495 +013.9810 +001.6884 -005.5636 +055.2474 -044.3264 +010.6363 0
L1 01    499 +014.0017 +003.9751 +001.3334 -012.9189 +001.0228 +001.6772 0
L1 02    499 +005.3067 +006.9153 +001.7011 -152.5960 -002.9656 -158.4330 0
L1 03    499 +014.7473 +003.8115 -000.8305 -020.1263 +001.6314 +092.0210 0
L1 04    499 +008.4121 +008.0406 +001.7763 -030.6734 -000.6054 +000.3921 0
L1 05    499 +014.4510 +010.4532 +001.9707 -109.2123 +000.6678 -013.1963 0
L1 06    499 +014.5994 +002.8019 -004.2083 -116.0985 +041.8426 -004.0004 0
L1 07    499 +014.2475 +002.1656 -005.1430 +169.4638 +009.5793 -040.3906 0
L1 08    499 +013.9810 +001.6884 -005.5636 +055.2477 -044.3265 +010.6363 0
L1 01    503 +014.0016 +003.9751 +001.3335 -012.9185 +001.0221 +001.6779 0
L1 02    503 +005.3067 +006.9153 +001.7011 -152.5961 -002.9656 -158.4328 0
L1 03    503 +014.7473 +003.8112 -000.8305 -020.1277 +001.6310 +092.0211 0
L1 04    503 +008.4121 +008.0406 +001.7763 -030.6735 -000.6054 +000.3924 0
L1 05    503 +014.4512 +010.4530 +001.9705 -109.2145 +000.6674 -013.1972 0
L1 06    503 +014.5994 +002.8017 -004.2085 -116.1014 +041.8425 -004.0021 0
L1 07    503 +014.2476 +002.1655 -005.1429 +169.4625 +009.5799 -040.3905 0
L1 08    503 +013.9810 +001.6884 -005.5636 +055.2471 -044.3262 +010.6362 0
L1 01    507 +014.0016 +003.9751 +001.3335 -012.9185 +001.0216 +001.6776 0
L1 02    507 +005.3067 +006.9153 +001.7011 -152.5966 -002.9657 -158.4329 0
L1 03    507 +014.7473 +003.8112 -000.8306 -020.1282 +001.6307 +092.0209 0
L1 04    507 +008.4121 +008.0406 +001.7763 -030.6739 -000.6055 +000.3924 0
L1 05    507 +014.4511 +010.4528 +001.9714 -109.2151 +000.6696 -013.1932 0
L1 06    507 +014.5994 +002.8019 -004.2083 -116.0993 +041.8432 -004.0005 0
L1 07    507 +014.2475 +002.1654 -005.1432 +169.4625 +009.5784 -040.3900 0
L1 08    507 +013.9809 +001.6883 -005.5637 +055.2465 -044.3256 +010.6364 0
L1 01    511 +014.0016 +003.9751 +001.3335 -012.9186 +001.0217 +001.6777 0
L1 02    511 +005.3067 +006.9153 +001.7011 -152.5965 -002.9657 -158.4328 0
L1 03    511 +014.7473 +003.8112 -000.8305 -020.1283 +001.6303 +092.0213 0
L1 04    511 +008.4121 +008.0406 +001.7763 -030.6739 -000.6055 +000.3926 0
L1 05    511 +014.4511 +010.4529 +001.9711 -109.2138 +000.6695 -013.1958 0
L1 06    511 +014.5994 +002.8017 -004.2083 -116.0990 +041.8424 -003.9990 0
L1 07    511 +014.2476 +002.1652 -005.1430 +169.4610 +009.5806 -040.3904 0
L1 08    511 +013.9810 +001.6883 -005.5637 +055.2474 -044.3259 +010.6355 0
L1 01    515 +014.0017 +003.9750 +001.3335 -012.9196 +001.0219 +001.6774 0
L1 02    515 +005.3067 +006.9153 +001.7011 -152.5962 -002.9655 -158.4330 0
L1 03    515 +014.7473 +003.8111 -000.8305 -020.1288 +001.6304 +092.0213 0
L1 04    515 +008.4121 +008.0405 +001.7763 -030.6743 -000.6054 +000.3926 0
L1 05    515 +014.4517 +010.4519 +001.9718 -109.2186 +000.6718 -013.1940 0
L1 06    515 +014.5995 +002.8009 -004.2085 -116.1050 +041.8409 -004.0013 0
L1 07    515 +014.2475 +002.1652 -005.1432 +169.4607 +009.5791 -040.3893 0
L1 08    515 +013.9810 +001.6881 -005.5636 +055.2461 -044.3254 +010.6355 0
L1 01    519 +014.0017 +003.9750 +001.3334 -012.9193 +001.0228 +001.6777 0
L1 02    519 +005.3067 +006.9153 +001.7011 -152.5961 -002.9653 -158.4330 0
L1 03    519 +014.7473 +003.8111 -000.8304 -020.1291 +001.6308 +092.0215 0
L1 04    519 +008.4121 +008.0406 +001.7763 -030.6737 -000.6055 +000.3925 0
L1 05    519 +014.4515 +010.4524 +001.9717 -109.2161 +000.6731 -013.1933 0
L1 06    519 +014.5993 +002.8015 -004.2085 -116.1043 +041.8417 -004.0033 0
L1 07    519 +014.2474 +002.1653 -005.1433 +169.4620 +009.5777 -040.3890 0
L1 08    519 +013.9810 +001.6880 -005.5636 +055.2457 -044.3252 +010.6357 0
L1 01    523 +014.0016 +003.9750 +001.3335 -012.9197 +001.0225 +001.6780 0
L1 02    523 +005.3067 +006.9153 +001.7011 -152.5962 -002.9652 -158.4332 0
L1 03    523 +014.7473 +003.8110 -000.8305 -020.1295 +001.6313 +092.0210 0
L1 04    523 +008.4121 +008.0405 +001.7763 -030.6742 -000.6055 +000.3925 0
L1 05    523 +014.4511 +010.4528 +001.9712 -109.2141 +000.6719 -013.1952 0
L1 06    523 +014.5994 +002.8017 -004.2084 -116.1028 +041.8429 -004.0030 0
L1 07    523 +014.2475 +002.1653 -005.1432 +169.4617 +009.5782 -040.3898 0
L1 08    523 +013.9809 +001.6882 -005.5636 +055.2458 -044.3250 +010.6362 0
L1 01    527 +014.0016 +003.9750 +001.3335 -012.9196 +001.0221 +001.6780 0
L1 02    527 +005.3067 +006.9153 +001.7011 -152.5966 -002.9652 -158.4331 0
L1 03    527 +014.7473 +003.8110 -000.8306 -020.1299 +001.6317 +092.0207 0
L1 04    527 +008.4121 +008.0405 +001.7763 -030.6742 -000.6056 +000.3925 0
L1 05    527 +014.4515 +010.4525 +001.9710 -109.2166 +000.6710 -013.1956 0
L1 06    527 +014.5994 +002.8018 -004.2083 -116.1016 +041.8429 -004.0017 0
L1 07    527 +014.2475 +002.1653 -005.1430 +169.4617 +009.5790 -040.3895 0
L1 08    527 +013.9809 +001.6881 -005.5637 +055.2449 -044.3247 +010.6365 0
L1 01    531 +014.0016 +003.9750 +001.3336 -012.9190 +001.0210 +001.6779 0
L1 02    531 +005.3067 +006.9153 +001.7011 -152.5966 -002.9653 -158.4330 0
L1 03    531 +014.7473 +003.8110 -000.8305 -020.1298 +001.6310 +092.0208 0
L1 04    531 +008.4121 +008.0406 +001.7763 -030.6738 -000.6054 +000.3922 0
L1 05    531 +014.4512 +010.4527 +001.9714 -109.2137 +000.6723 -013.1939 0
L1 06    531 +014.5995 +002.8017 -004.2083 -116.1028 +041.8427 -004.0015 0
L1 07    531 +014.2475 +002.1651 -005.1432 +169.4607 +009.5786 -040.3890 0
L1 08    531 +013.9809 +001.6881 -005.5636 +055.2459 -044.3254 +010.6356 0
L1 01    535 +014.0017 +003.9748 +001.3335 -012.9205 +001.0220 +001.6774 0
L1 02    535 +005.3067 +006.9153 +001.7011 -152.5965 -002.9652 -158.4331 0
L1 03    535 +014.7473 +003.8110 -000.8305 -020.1297 +001.6307 +092.0207 0
L1 04    535 +008.4121 +008.0405 +001.7763 -030.6742 -000.6053 +000.3924 0
L1 05    535 +014.4512 +010.4527 +001.9715 -109.2156 +000.6736 -013.1945 0
L1 06    535 +014.5994 +002.8016 -004.2085 -116.1040 +041.8417 -004.0025 0
L1 07    535 +014.2476 +002.1655 -005.1428 +169.4639 +009.5807 -040.3896 0
L1 08    535 +013.9810 +001.6881 -005.5637 +055.2460 -044.3252 +010.6354 0
L1 01    539 +014.0017 +003.9750 +001.3336 -012.9186 +001.0211 +001.6777 0
L1 02    539 +005.3067 +006.9153 +001.7012 -152.5961 -002.9650 -158.4330 0
L1 03    539 +014.7473 +003.8110 -000.8305 -020.1294 +001.6305 +092.0212 0
L1 04    539 +008.4121 +008.0406 +001.7763 -030.6739 -000.6054 +000.3920 0
L1 05    539 +014.4511 +010.4531 +001.9711 -109.2139 +000.6713 -013.1940 0
L1 06    539 +014.5993 +002.8017 -004.2085 -116.1043 +041.8419 -004.0039 0
L1 07    539 +014.2476 +002.1654 -005.1430 +169.4633 +009.5798 -040.3900 0
L1 08    539 +013.9810 +001.6882 -005.5636 +055.2464 -044.3256 +010.6355 0
L1 01    543 +014.0016 +003.9752 +001.3335 -012.9177 +001.0214 +001.6770 0
L1 02    543 +005.3067 +006.9153 +001.7011 -152.5963 -002.9653 -158.4331 0
L1 03    543 +014.7473 +003.8112 -000.8306 -020.1283 +001.6311 +092.0208 0
L1 04    543 +008.4121 +008.0406 +001.7763 -030.6739 -000.6056 +000.3924 0
L1 05    543 +014.4512 +010.4528 +001.9713 -109.2137 +000.6722 -013.1951 0
L1 06    543 +014.5993 +002.8016 -004.2087 -116.1056 +041.8421 -004.0051 0
L1 07    543 +014.2476 +002.1651 -005.1430 +169.4618 +009.5802 -040.3898 0
L1 08    543 +013.9809 +001.6882 -005.5637 +055.2458 -044.3256 +010.6366 0
L1 01    547 +014.0017 +003.9751 +001.3335 -012.9182 +001.0222 +001.6771 0
L1 02    547 +005.3067 +006.9153 +001.7011 -152.5962 -002.9653 -158.4329 0
L1 03    547 +014.7473 +003.8112 -000.8307 -020.1281 +001.6321 +092.0206 0
L1 04    547 +008.4121 +008.0406 +001.7763 -030.6738 -000.6057 +000.3925 0
L1 05    547 +014.4513 +010.4527 +001.9713 -109.2157 +000.6725 -013.1946 0
L1 06    547 +014.5994 +002.8016 -004.2086 -116.1052 +041.8414 -004.0047 0
L1 07    547 +014.2475 +002.1653 -005.1431 +169.4629 +009.5782 -040.3899 0
L1 08    547 +013.9809 +001.6882 -005.5637 +055.2452 -044.3249 +010.6374 0
L1 01    551 +014.0016 +003.9751 +001.3335 -012.9182 +001.0216 +001.6772 0
L1 02    551 +005.3067 +006.9153 +001.7011 -152.5963 -002.9655 -158.4327 0
L1 03    551 +014.7473 +003.8112 -000.8306 -020.1283 +001.6317 +092.0208 0
L1 04    551 +008.4121 +008.0406 +001.7763 -030.6737 -000.6057 +000.3925 0
L1 05    551 +014.4509 +010.4533 +001.9710 -109.2120 +000.6708 -013.1954 0
L1 06    551 +014.5994 +002.8016 -004.2084 -116.1037 +041.8417 -004.0026 0
L1 07    551 +014.2474 +002.1653 -005.1432 +169.4628 +009.5780 -040.3890 0
L1 08    551 +013.9808 +001.6883 -005.5638 +055.2458 -044.3248 +010.6378 0
