L1 01      5 +011.2819 +005.6674 +001.3150 +005.3834 +001.1666 +001.5200 0
L1 02      5 +005.2049 +006.9252 +001.7017 -150.8306 -002.9497 -158.7312 0
L1 03      5 +012.0374 +005.7419 -000.8525 -001.6154 +001.6126 +091.7868 0
L1 04      5 +008.2588 +008.1414 +001.7763 -032.7821 -000.5658 +000.4001 0
L1 05      5 +014.3107 +010.9057 +001.9768 -111.5149 +000.7754 -013.7867 0
L1 06      5 +012.1940 +004.2076 -003.8590 -096.6555 +004.9594 -002.6758 0
L1 07      5 +012.0638 +002.8868 -002.7998 +174.0259 -014.9715 +091.4631 0
L1 08      5 +012.0911 +003.3649 -001.6431 -096.1889 +038.1204 -179.2245 0
L1 01      9 +011.2819 +005.6675 +001.3150 +005.3852 +001.1650 +001.5190 0
L1 02      9 +005.2050 +006.9252 +001.7017 -150.8310 -002.9500 -158.7311 0
L1 03      9 +012.0374 +005.7418 -000.8525 -001.6167 +001.6125 +091.7866 0
L1 04      9 +008.2588 +008.1414 +001.7763 -032.7826 -000.5658 +000.4001 0
L1 05      9 +014.3110 +010.9053 +001.9774 -111.5182 +000.7781 -013.7844 0
L1 06      9 +012.1940 +004.2075 -003.8588 -096.6561 +004.9590 -002.6747 0
L1 07      9 +012.0638 +002.8865 -002.7998 +174.0238 -014.9714 +091.4637 0
L1 08      9 +012.0911 +003.3648 -001.6431 -096.1898 +038.1204 -179.2248 0
L1 01     13 +011.2819 +005.6675 +001.3149 +005.3872 +001.1676 +001.5174 0
L1 02     13 +005.2049 +006.9252 +001.7017 -150.8305 -002.9498 -158.7310 0
L1 03     13 +012.0373 +005.7420 -000.8526 -001.6141 +001.6130 +091.7862 0
L1 04     13 +008.2587 +008.1415 +001.7763 -032.7810 -000.5662 +000.3998 0
L1 05     13 +014.3106 +010.9058 +001.9772 -111.5133 +000.7768 -013.7862 0
L1 06     13 +012.1939 +004.2077 -003.8589 -096.6546 +004.9594 -002.6760 0
L1 07     13 +012.0637 +002.8867 -002.7999 +174.0259 -014.9725 +091.4638 0
L1 08     13 +012.0911 +003.3649 -001.6431 -096.1886 +038.1203 -179.2251 0
L1 01     17 +011.2819 +005.6674 +001.3150 +005.3881 +001.1669 +001.5180 0
L1 02     17 +005.2049 +006.9252 +001.7017 -150.8306 -002.9497 -158.7312 0
L1 03     17 +012.0373 +005.7419 -000.8525 -001.6159 +001.6131 +091.7861 0
L1 04     17 +008.2588 +008.1414 +001.7763 -032.7824 -000.5662 +000.4003 0
L1 05     17 +014.3108 +010.9055 +001.9773 -111.5166 +000.7777 -013.7855 0
L1 06     17 +012.1940 +004.2073 -003.8589 -096.6574 +004.9580 -002.6761 0
L1 07     17 +012.0637 +002.8865 -002.8000 +174.0243 -014.9737 +091.4640 0
L1 08     17 +012.0911 +003.3648 -001.6431 -096.1905 +038.1200 -179.2261 0
L1 01     21 +011.2818 +005.6674 +001.3150 +005.3886 +001.1667 +001.5178 0
L1 02     21 +005.2050 +006.9252 +001.7017 -150.8308 -002.9497 -158.7313 0
L1 03     21 +012.0373 +005.7419 -000.8525 -001.6160 +001.6126 +091.7860 0
L1 04     21 +008.2588 +008.1414 +001.7763 -032.7827 -000.5663 +000.4005 0
L1 05     21 +014.3112 +010.9050 +001.9772 -111.5193 +000.7774 -013.7879 0
L1 06     21 +012.1939 +004.2075 -003.8589 -096.6571 +004.9581 -002.6758 0
L1 07     21 +012.0637 +002.8865 -002.7999 +174.0237 -014.9730 +091.4642 0
L1 08     21 +012.0911 +003.3648 -001.6431 -096.1908 +038.1199 -179.2266 0
L1 01     25 +011.2818 +005.6675 +001.3150 +005.3896 +001.1670 +001.5176 0
L1 02     25 +005.2049 +006.9252 +001.7017 -150.8305 -002.9499 -158.7313 0
L1 03     25 +012.0373 +005.7419 -000.8525 -001.6150 +001.6129 +091.7862 0
L1 04     25 +008.2587 +008.1414 +001.7763 -032.7818 -000.5663 +000.4004 0
L1 05     25 +014.3109 +010.9055 +001.9771 -111.5169 +000.7761 -013.7870 0
L1 06     25 +012.1940 +004.2073 -003.8589 -096.6590 +004.9578 -002.6762 0
L1 07     25 +012.0638 +002.8867 -002.7998 +174.0254 -014.9719 +091.4636 0
L1 08     25 +012.0911 +003.3648 -001.6431 -096.1906 +038.1200 -179.2267 0
L1 01     29 +011.2819 +005.6674 +001.3149 +005.3896 +001.1681 +001.5169 0
L1 02     29 +005.2050 +006.9252 +001.7017 -150.8306 -002.9497 -158.7312 0
L1 03     29 +012.0373 +005.7419 -000.8526 -001.6153 +001.6132 +091.7860 0
L1 04     29 +008.2588 +008.1414 +001.7763 -032.7821 -000.5661 +000.4005 0
L1 05     29 +014.3111 +010.9054 +001.9774 -111.5177 +000.7782 -013.7867 0
L1 06     29 +012.1939 +004.2075 -003.8589 -096.6575 +004.9580 -002.6761 0
L1 07     29 +012.0638 +002.8866 -002.7997 +174.0241 -014.9716 +091.4634 0
L1 08     29 +012.0911 +003.3648 -001.6431 -096.1907 +038.1201 -179.2265 0
L1 01     33 +011.2818 +005.6675 +001.3150 +005.3918 +001.1665 +001.5163 0
L1 02     33 +005.2050 +006.9252 +001.7017 -150.8307 -002.9499 -158.7312 0
L1 03     33 +012.0372 +005.7421 -000.8525 -001.6134 +001.6121 +091.7859 0
L1 04     33 +008.2588 +008.1414 +001.7763 -032.7818 -000.5662 +000.4002 0
L1 05     33 +014.3113 +010.9051 +001.9769 -111.5193 +000.7751 -013.7894 0
L1 06     33 +012.1940 +004.2073 -003.8590 -096.6590 +004.9579 -002.6766 0
L1 07     33 +012.0638 +002.8865 -002.7998 +174.0241 -014.9720 +091.4637 0
L1 08     33 +012.0911 +003.3649 -001.6431 -096.1905 +038.1205 -179.2271 0
L1 01     37 +011.2818 +005.6674 +001.3151 +005.3932 +001.1658 +001.5169 0
L1 02     37 +005.2050 +006.9252 +001.7017 -150.8307 -002.9498 -158.7312 0
L1 03     37 +012.0373 +005.7419 -000.8525 -001.6158 +001.6118 +091.7862 0
L1 04     37 +008.2588 +008.1414 +001.7763 -032.7824 -000.5662 +000.4004 0
L1 05     37 +014.3111 +010.9052 +001.9757 -111.5190 +000.7691 -013.7916 0
L1 06     37 +012.1939 +004.2076 -003.8591 -096.6587 +004.9575 -002.6769 0
L1 07     37 +012.0637 +002.8867 -002.7997 +174.0251 -014.9717 +091.4631 0
L1 08     37 +012.0911 +003.3649 -001.6430 -096.1904 +038.1207 -179.2267 0
L1 01     41 +011.2818 +005.6675 +001.3151 +005.3951 +001.1661 +001.5167 0
L1 02     41 +005.2050 +006.9252 +001.7017 -150.8306 -002.9499 -158.7313 0
L1 03     41 +012.0373 +005.7419 -000.8525 -001.6150 +001.6122 +091.7862 0
L1 04     41 +008.2588 +008.1414 +001.7763 -032.7825 -000.5662 +000.4004 0
L1 05     41 +014.3111 +010.9052 +001.9768 -111.5179 +000.7734 -013.7895 0
L1 06     41 +012.1939 +004.2076 -003.8590 -096.6579 +004.9578 -002.6767 0
L1 07     41 +012.0637 +002.8868 -002.7998 +174.0268 -014.9723 +091.4630 0
L1 08     41 +012.0911 +003.3649 -001.6431 -096.1907 +038.1206 -179.2276 0
L1 01     45 +011.2818 +005.6674 +001.3151 +005.3962 +001.1668 +001.5166 0
L1 02     45 +005.2050 +006.9252 +001.7017 -150.8304 -002.9500 -158.7310 0
L1 03     45 +012.0373 +005.7419 -000.8525 -001.6151 +001.6126 +091.7861 0
L1 04     45 +008.2588 +008.1414 +001.7763 -032.7827 -000.5660 +000.3999 0
L1 05     45 +014.3109 +010.9054 +001.9765 -111.5177 +000.7717 -013.7905 0
L1 06     45 +012.1939 +004.2075 -003.8590 -096.6590 +004.9580 -002.6772 0
L1 07     45 +012.0637 +002.8866 -002.7998 +174.0256 -014.9724 +091.4642 0
L1 08     45 +012.0911 +003.3649 -001.6431 -096.1909 +038.1202 -179.2277 0
L1 01     49 +011.2818 +005.6673 +001.3150 +005.3967 +001.1679 +001.5168 0
L1 02     49 +005.2049 +006.9252 +001.7017 -150.8304 -002.9497 -158.7309 0
L1 03     49 +012.0373 +005.7418 -000.8525 -001.6151 +001.6129 +091.7862 0
L1 04     49 +008.2588 +008.1414 +001.7762 -032.7822 -000.5658 +000.3999 0
L1 05     49 +014.3112 +010.9050 +001.9765 -111.5188 +000.7721 -013.7920 0
L1 06     49 +012.1938 +004.2076 -003.8590 -096.6578 +004.9583 -002.6779 0
L1 07     49 +012.0636 +002.8866 -002.7999 +174.0257 -014.9741 +091.4646 0
L1 08     49 +012.0910 +003.3649 -001.6431 -096.1911 +038.1201 -179.2283 0
L1 01     53 +011.2818 +005.6674 +001.3151 +005.3990 +001.1684 +001.5166 0
L1 02     53 +005.2049 +006.9252 +001.7017 -150.8305 -002.9496 -158.7309 0
L1 03     53 +012.0373 +005.7418 -000.8525 -001.6152 +001.6133 +091.7856 0
L1 04     53 +008.2588 +008.1414 +001.7763 -032.7822 -000.5661 +000.4004 0
L1 05     53 +014.3106 +010.9056 +001.9773 -111.5145 +000.7756 -013.7892 0
L1 06     53 +012.1939 +004.2075 -003.8589 -096.6585 +004.9582 -002.6773 0
L1 07     53 +012.0637 +002.8865 -002.7998 +174.0250 -014.9732 +091.4646 0
L1 08     53 +012.0910 +003.3649 -001.6431 -096.1909 +038.1200 -179.2285 0
L1 01     57 +011.2818 +005.6674 +001.3150 +005.3999 +001.1694 +001.5164 0
L1 02     57 +005.2049 +006.9252 +001.7017 -150.8304 -002.9495 -158.7312 0
L1 03     57 +012.0373 +005.7419 -000.8526 -001.6149 +001.6134 +091.7857 0
L1 04     57 +008.2588 +008.1414 +001.7763 -032.7821 -000.5661 +000.4003 0
L1 05     57 +014.3107 +010.9057 +001.9770 -111.5141 +000.7742 -013.7894 0
L1 06     57 +012.1939 +004.2074 -003.8590 -096.6601 +004.9581 -002.6785 0
L1 07     57 +012.0637 +002.8867 -002.7997 +174.0265 -014.9726 +091.4642 0
L1 08     57 +012.0910 +003.3650 -001.6431 -096.1902 +038.1196 -179.2290 0
L1 01     61 +011.2818 +005.6673 +001.3150 +005.4010 +001.1687 +001.5160 0
L1 02     61 +005.2050 +006.9252 +001.7017 -150.8307 -002.9496 -158.7313 0
L1 03     61 +012.0373 +005.7419 -000.8526 -001.6148 +001.6135 +091.7854 0
L1 04     61 +008.2588 +008.1413 +001.7763 -032.7826 -000.5658 +000.4002 0
L1 05     61 +014.3110 +010.9053 +001.9769 -111.5161 +000.7745 -013.7902 0
L1 06     61 +012.1939 +004.2074 -003.8590 -096.6606 +004.9577 -002.6779 0
L1 07     61 +012.0637 +002.8866 -002.7997 +174.0261 -014.9722 +091.4637 0
L1 08     61 +012.0910 +003.3649 -001.6431 -096.1910 +038.1200 -179.2288 0
L1 01     65 +011.2817 +005.6674 +001.3151 +005.4034 +001.1677 +001.5162 0
L1 02     65 +005.2049 +006.9252 +001.7017 -150.8306 -002.9496 -158.7312 0
L1 03     65 +012.0373 +005.7418 -000.8525 -001.6153 +001.6129 +091.7857 0
L1 04     65 +008.2588 +008.1414 +001.7763 -032.7823 -000.5660 +000.4003 0
L1 05     65 +014.3107 +010.9057 +001.9768 -111.5135 +000.7733 -013.7908 0
L1 06     65 +012.1939 +004.2074 -003.8589 -096.6601 +004.9578 -002.6776 0
L1 07     65 +012.0637 +002.8866 -002.7998 +174.0256 -014.9732 +091.4642 0
L1 08     65 +012.0910 +003.3649 -001.6431 -096.1911 +038.1199 -179.2295 0
L1 01     69 +011.2817 +005.6674 +001.3150 +005.4029 +001.1690 +001.5153 0
L1 02     69 +005.2049 +006.9252 +001.7017 -150.8301 -002.9495 -158.7311 0
L1 03     69 +012.0372 +005.7420 -000.8526 -001.6134 +001.6136 +091.7860 0
L1 04     69 +008.2588 +008.1414 +001.7763 -032.7819 -000.5660 +000.4002 0
L1 05     69 +014.3106 +010.9059 +001.9772 -111.5110 +000.7752 -013.7901 0
L1 06     69 +012.1939 +004.2073 -003.8590 -096.6613 +004.9572 -002.6778 0
L1 07     69 +012.0637 +002.8866 -002.7998 +174.0258 -014.9729 +091.4643 0
L1 08     69 +012.0910 +003.3650 -001.6431 -096.1906 +038.1200 -179.2297 0
L1 01     73 +011.2818 +005.6674 +001.3150 +005.4011 +001.1684 +001.5159 0
L1 02     73 +005.2049 +006.9252 +001.7017 -150.8303 -002.9498 -158.7310 0
L1 03     73 +012.0373 +005.7418 -000.8526 -001.6158 +001.6131 +091.7858 0
L1 04     73 +008.2588 +008.1414 +001.7763 -032.7825 -000.5660 +000.4002 0
L1 05     73 +014.3109 +010.9054 +001.9770 -111.5161 +000.7749 -013.7907 0
L1 06     73 +012.1939 +004.2073 -003.8590 -096.6624 +004.9572 -002.6780 0
L1 07     73 +012.0637 +002.8866 -002.7998 +174.0255 -014.9727 +091.4641 0
L1 08     73 +012.0910 +003.3649 -001.6432 -096.1918 +038.1202 -179.2298 0
L1 01     77 +011.2818 +005.6674 +001.3150 +005.4025 +001.1685 +001.5160 0
L1 02     77 +005.2049 +006.9252 +001.7017 -150.8299 -002.9495 -158.7309 0
L1 03     77 +012.0372 +005.7419 -000.8526 -001.6138 +001.6137 +091.7862 0
L1 04     77 +008.2587 +008.1414 +001.7763 -032.7817 -000.5661 +000.4002 0
L1 05     77 +014.3108 +010.9058 +001.9772 -111.5131 +000.7749 -013.7894 0
L1 06     77 +012.1939 +004.2074 -003.8590 -096.6615 +004.9577 -002.6783 0
L1 07     77 +012.0637 +002.8866 -002.7998 +174.0259 -014.9732 +091.4640 0
L1 08     77 +012.0910 +003.3650 -001.6432 -096.1909 +038.1204 -179.2304 0
L1 01     81 +011.2817 +005.6675 +001.3150 +005.4039 +001.1680 +001.5148 0
L1 02     81 +005.2049 +006.9252 +001.7017 -150.8301 -002.9496 -158.7311 0
L1 03     81 +012.0371 +005.7421 -000.8526 -001.6119 +001.6137 +091.7853 0
L1 04     81 +008.2587 +008.1414 +001.7763 -032.7817 -000.5664 +000.4004 0
L1 05     81 +014.3111 +010.9053 +001.9772 -111.5154 +000.7758 -013.7898 0
L1 06     81 +012.1939 +004.2073 -003.8590 -096.6621 +004.9573 -002.6777 0
L1 07     81 +012.0637 +002.8866 -002.7999 +174.0260 -014.9735 +091.4643 0
L1 08     81 +012.0910 +003.3650 -001.6431 -096.1907 +038.1205 -179.2296 0
L1 01     85 +011.2818 +005.6673 +001.3151 +005.4032 +001.1681 +001.5166 0
L1 02     85 +005.2050 +006.9252 +001.7017 -150.8309 -002.9495 -158.7315 0
L1 03     85 +012.0373 +005.7417 -000.8526 -001.6157 +001.6131 +091.7858 0
L1 04     85 +008.2588 +008.1413 +001.7763 -032.7831 -000.5658 +000.4006 0
L1 05     85 +014.3111 +010.9053 +001.9769 -111.5168 +000.7751 -013.7914 0
L1 06     85 +012.1940 +004.2073 -003.8589 -096.6638 +004.9576 -002.6771 0
L1 07     85 +012.0637 +002.8865 -002.7999 +174.0250 -014.9731 +091.4649 0
L1 08     85 +012.0911 +003.3649 -001.6431 -096.1924 +038.1204 -179.2298 0
L1 01     89 +011.2818 +005.6674 +001.3150 +005.4038 +001.1689 +001.5156 0
L1 02     89 +005.2049 +006.9252 +001.7017 -150.8303 -002.9494 -158.7312 0
L1 03     89 +012.0372 +005.7419 -000.8526 -001.6138 +001.6135 +091.7856 0
L1 04     89 +008.2587 +008.1414 +001.7763 -032.7817 -000.5663 +000.4003 0
L1 05     89 +014.3107 +010.9057 +001.9771 -111.5124 +000.7750 -013.7909 0
L1 06     89 +012.1939 +004.2074 -003.8590 -096.6628 +004.9571 -002.6772 0
L1 07     89 +012.0637 +002.8866 -002.7998 +174.0265 -014.9727 +091.4639 0
L1 08     89 +012.0910 +003.3649 -001.6432 -096.1922 +038.1203 -179.2309 0
L1 01     93 +011.2818 +005.6674 +001.3150 +005.4049 +001.1681 +001.5155 0
L1 02     93 +005.2049 +006.9252 +001.7017 -150.8302 -002.9496 -158.7311 0
L1 03     93 +012.0373 +005.7419 -000.8526 -001.6143 +001.6130 +091.7856 0
L1 04     93 +008.2588 +008.1414 +001.7763 -032.7819 -000.5662 +000.4004 0
L1 05     93 +014.3107 +010.9058 +001.9772 -111.5123 +000.7754 -013.7910 0
L1 06     93 +012.1939 +004.2074 -003.8589 -096.6629 +004.9571 -002.6768 0
L1 07     93 +012.0637 +002.8867 -002.7997 +174.0270 -014.9721 +091.4638 0
L1 08     93 +012.0910 +003.3650 -001.6432 -096.1920 +038.1202 -179.2310 0
L1 01     97 +011.2818 +005.6673 +001.3150 +005.4053 +001.1683 +001.5155 0
L1 02     97 +005.2049 +006.9252 +001.7017 -150.8306 -002.9498 -158.7312 0
L1 03     97 +012.0373 +005.7418 -000.8526 -001.6151 +001.6130 +091.7854 0
L1 04     97 +008.2589 +008.1413 +001.7763 -032.7834 -000.5658 +000.4002 0
L1 05     97 +014.3110 +010.9053 +001.9769 -111.5172 +000.7746 -013.7937 0
L1 06     97 +012.1939 +004.2074 -003.8590 -096.6638 +004.9571 -002.6776 0
L1 07     97 +012.0637 +002.8865 -002.7999 +174.0256 -014.9729 +091.4652 0
L1 08     97 +012.0910 +003.3649 -001.6432 -096.1931 +038.1199 -179.2307 0
L1 01    101 +011.2818 +005.6673 +001.3149 +005.4074 +001.1697 +001.5149 0
L1 02    101 +005.2049 +006.9252 +001.7017 -150.8302 -002.9497 -158.7311 0
L1 03    101 +012.0372 +005.7419 -000.8526 -001.6138 +001.6133 +091.7856 0
L1 04    101 +008.2588 +008.1414 +001.7763 -032.7819 -000.5660 +000.4001 0
L1 05    101 +014.3108 +010.9057 +001.9771 -111.5132 +000.7745 -013.7935 0
L1 06    101 +012.1939 +004.2075 -003.8590 -096.6633 +004.9578 -002.6779 0
L1 07    101 +012.0637 +002.8866 -002.7998 +174.0267 -014.9727 +091.4645 0
L1 08    101 +012.0911 +003.3649 -001.6432 -096.1927 +038.1204 -179.2307 0
L1 01    105 +011.2818 +005.6673 +001.3149 +005.4077 +001.1693 +001.5144 0
L1 02    105 +005.2049 +006.9252 +001.7017 -150.8302 -002.9497 -158.7312 0
L1 03    105 +012.0373 +005.7420 -000.8526 -001.6133 +001.6133 +091.7856 0
L1 04    105 +008.2588 +008.1414 +001.7763 -032.7822 -000.5659 +000.4002 0
L1 05    105 +014.3109 +010.9053 +001.9771 -111.5150 +000.7755 -013.7927 0
L1 06    105 +012.1939 +004.2074 -003.8591 -096.6637 +004.9572 -002.6786 0
L1 07    105 +012.0637 +002.8866 -002.7998 +174.0264 -014.9721 +091.4648 0
L1 08    105 +012.0911 +003.3649 -001.6431 -096.1924 +038.1207 -179.2304 0
L1 01    109 +011.2817 +005.6673 +001.3149 +005.4079 +001.1688 +001.5142 0
L1 02    109 +005.2049 +006.9252 +001.7017 -150.8304 -002.9499 -158.7312 0
L1 03    109 +012.0372 +005.7420 -000.8526 -001.6134 +001.6129 +091.7856 0
L1 04    109 +008.2588 +008.1413 +001.7763 -032.7827 -000.5658 +000.4002 0
L1 05    109 +014.3110 +010.9054 +001.9766 -111.5150 +000.7718 -013.7942 0
L1 06    109 +012.1939 +004.2072 -003.8590 -096.6652 +004.9568 -002.6779 0
L1 07    109 +012.0637 +002.8866 -002.7998 +174.0261 -014.9723 +091.4647 0
L1 08    109 +012.0911 +003.3649 -001.6432 -096.1931 +038.1203 -179.2309 0
L1 01    113 +011.2818 +005.6673 +001.3150 +005.4083 +001.1685 +001.5149 0
L1 02    113 +005.2049 +006.9252 +001.7017 -150.8304 -002.9499 -158.7310 0
L1 03    113 +012.0372 +005.7420 -000.8526 -001.6129 +001.6130 +091.7859 0
L1 04    113 +008.2588 +008.1414 +001.7763 -032.7822 -000.5661 +000.4004 0
L1 05    113 +014.3108 +010.9057 +001.9769 -111.5127 +000.7728 -013.7925 0
L1 06    113 +012.1939 +004.2073 -003.8591 -096.6653 +004.9569 -002.6784 0
L1 07    113 +012.0637 +002.8868 -002.7998 +174.0278 -014.9723 +091.4646 0
L1 08    113 +012.0911 +003.3649 -001.6432 -096.1929 +038.1202 -179.2311 0
L1 01    117 +011.2817 +005.6674 +001.3150 +005.4090 +001.1687 +001.5147 0
L1 02    117 +005.2049 +006.9252 +001.7017 -150.8305 -002.9497 -158.7312 0
L1 03    117 +012.0372 +005.7421 -000.8526 -001.6127 +001.6130 +091.7856 0
L1 04    117 +008.2587 +008.1414 +001.7763 -032.7819 -000.5662 +000.4004 0
L1 05    117 +014.3111 +010.9052 +001.9770 -111.5167 +000.7732 -013.7933 0
L1 06    117 +012.1940 +004.2072 -003.8590 -096.6671 +004.9569 -002.6785 0
L1 07    117 +012.0637 +002.8866 -002.7999 +174.0265 -014.9732 +091.4643 0
L1 08    117 +012.0910 +003.3649 -001.6432 -096.1931 +038.1203 -179.2317 0
L1 01    121 +011.2817 +005.6674 +001.3150 +005.4097 +001.1684 +001.5153 0
L1 02    121 +005.2050 +006.9252 +001.7017 -150.8306 -002.9494 -158.7314 0
L1 03    121 +012.0372 +005.7419 -000.8526 -001.6134 +001.6129 +091.7855 0
L1 04    121 +008.2588 +008.1414 +001.7763 -032.7821 -000.5661 +000.4003 0
L1 05    121 +014.3109 +010.9055 +001.9768 -111.5137 +000.7713 -013.7928 0
L1 06    121 +012.1939 +004.2074 -003.8589 -096.6650 +004.9578 -002.6773 0
L1 07    121 +012.0637 +002.8866 -002.7998 +174.0266 -014.9727 +091.4636 0
L1 08    121 +012.0910 +003.3649 -001.6432 -096.1927 +038.1206 -179.2316 0
L1 01    125 +011.2817 +005.6674 +001.3151 +005.4105 +001.1666 +001.5163 0
L1 02    125 +005.2049 +006.9252 +001.7017 -150.8305 -002.9499 -158.7314 0
L1 03    125 +012.0373 +005.7419 -000.8526 -001.6140 +001.6130 +091.7858 0
L1 04    125 +008.2588 +008.1414 +001.7763 -032.7822 -000.5659 +000.4001 0
L1 05    125 +014.3107 +010.9056 +001.9770 -111.5133 +000.7727 -013.7935 0
L1 06    125 +012.1939 +004.2075 -003.8589 -096.6649 +004.9581 -002.6773 0
L1 07    125 +012.0638 +002.8866 -002.7998 +174.0265 -014.9718 +091.4641 0
L1 08    125 +012.0911 +003.3649 -001.6432 -096.1931 +038.1209 -179.2317 0
L1 01    129 +011.2818 +005.6673 +001.3150 +005.4098 +001.1686 +001.5156 0
L1 02    129 +005.2049 +006.9252 +001.7017 -150.8302 -002.9496 -158.7313 0
L1 03    129 +012.0372 +005.7419 -000.8526 -001.6137 +001.6129 +091.7860 0
L1 04    129 +008.2587 +008.1414 +001.7763 -032.7818 -000.5660 +000.4006 0
L1 05    129 +014.3108 +010.9058 +001.9768 -111.5137 +000.7722 -013.7946 0
L1 06    129 +012.1939 +004.2076 -003.8590 -096.6647 +004.9577 -002.6778 0
L1 07    129 +012.0637 +002.8867 -002.7999 +174.0272 -014.9728 +091.4642 0
L1 08    129 +012.0911 +003.3650 -001.6432 -096.1923 +038.1209 -179.2315 0
L1 01    133 +011.2817 +005.6673 +001.3150 +005.4117 +001.1686 +001.5157 0
L1 02    133 +005.2049 +006.9252 +001.7017 -150.8303 -002.9496 -158.7312 0
L1 03    133 +012.0372 +005.7419 -000.8525 -001.6138 +001.6124 +091.7857 0
L1 04    133 +008.2588 +008.1414 +001.7763 -032.7823 -000.5659 +000.4004 0
L1 05    133 +014.3113 +010.9052 +001.9767 -111.5164 +000.7716 -013.7962 0
L1 06    133 +012.1939 +004.2074 -003.8590 -096.6657 +004.9574 -002.6780 0
L1 07    133 +012.0637 +002.8867 -002.7998 +174.0270 -014.9720 +091.4648 0
L1 08    133 +012.0911 +003.3649 -001.6432 -096.1931 +038.1206 -179.2320 0
L1 01    137 +011.2817 +005.6674 +001.3151 +005.4130 +001.1676 +001.5155 0
L1 02    137 +005.2049 +006.9252 +001.7017 -150.8303 -002.9499 -158.7309 0
L1 03    137 +012.0372 +005.7419 -000.8525 -001.6138 +001.6123 +091.7857 0
L1 04    137 +008.2588 +008.1414 +001.7763 -032.7823 -000.5658 +000.4003 0
L1 05    137 +014.3112 +010.9052 +001.9772 -111.5160 +000.7741 -013.7946 0
L1 06    137 +012.1939 +004.2073 -003.8589 -096.6666 +004.9568 -002.6773 0
L1 07    137 +012.0637 +002.8865 -002.7999 +174.0257 -014.9725 +091.4651 0
L1 08    137 +012.0911 +003.3649 -001.6432 -096.1936 +038.1205 -179.2321 0
L1 01    141 +011.2817 +005.6673 +001.3150 +005.4120 +001.1690 +001.5146 0
L1 02    141 +005.2049 +006.9252 +001.7017 -150.8306 -002.9497 -158.7310 0
L1 03    141 +012.0372 +005.7419 -000.8525 -001.6133 +001.6123 +091.7854 0
L1 04    141 +008.2588 +008.1414 +001.7763 -032.7822 -000.5661 +000.4001 0
L1 05    141 +014.3108 +010.9057 +001.9769 -111.5117 +000.7723 -013.7941 0
L1 06    141 +012.1939 +004.2074 -003.8589 -096.6666 +004.9570 -002.6775 0
L1 07    141 +012.0637 +002.8867 -002.7999 +174.0271 -014.9727 +091.4642 0
L1 08    141 +012.0911 +003.3649 -001.6431 -096.1933 +038.1204 -179.2319 0
L1 01    145 +011.2817 +005.6673 +001.3151 +005.4130 +001.1669 +001.5149 0
L1 02    145 +005.2049 +006.9252 +001.7017 -150.8307 -002.9498 -158.7312 0
L1 03    145 +012.0372 +005.7418 -000.8525 -001.6143 +001.6119 +091.7854 0
L1 04    145 +008.2588 +008.1414 +001.7763 -032.7825 -000.5660 +000.4004 0
L1 05    145 +014.3111 +010.9053 +001.9770 -111.5138 +000.7730 -013.7952 0
L1 06    145 +012.1939 +004.2074 -003.8588 -096.6674 +004.9571 -002.6767 0
L1 07    145 +012.0637 +002.8866 -002.7998 +174.0264 -014.9729 +091.4641 0
L1 08    145 +012.0911 +003.3648 -001.6431 -096.1937 +038.1207 -179.2319 0
L1 01    149 +011.2818 +005.6673 +001.3150 +005.4118 +001.1685 +001.5144 0
L1 02    149 +005.2049 +006.9252 +001.7017 -150.8306 -002.9498 -158.7317 0
L1 03    149 +012.0372 +005.7420 -000.8526 -001.6128 +001.6127 +091.7856 0
L1 04    149 +008.2588 +008.1413 +001.7763 -032.7830 -000.5657 +000.4002 0
L1 05    149 +014.3108 +010.9057 +001.9767 -111.5117 +000.7713 -013.7953 0
L1 06    149 +012.1939 +004.2076 -003.8589 -096.6663 +004.9575 -002.6775 0
L1 07    149 +012.0637 +002.8867 -002.7998 +174.0276 -014.9724 +091.4636 0
L1 08    149 +012.0911 +003.3649 -001.6432 -096.1938 +038.1209 -179.2321 0
L1 01    153 +011.2818 +005.6673 +001.3149 +005.4118 +001.1691 +001.5138 0
L1 02    153 +005.2049 +006.9252 +001.7017 -150.8303 -002.9498 -158.7316 0
L1 03    153 +012.0372 +005.7420 -000.8526 -001.6119 +001.6124 +091.7856 0
L1 04    153 +008.2588 +008.1414 +001.7763 -032.7819 -000.5660 +000.4000 0
L1 05    153 +014.3108 +010.9059 +001.9767 -111.5103 +000.7706 -013.7965 0
L1 06    153 +012.1939 +004.2076 -003.8589 -096.6665 +004.9583 -002.6771 0
L1 07    153 +012.0638 +002.8866 -002.7999 +174.0275 -014.9722 +091.4637 0
L1 08    153 +012.0911 +003.3649 -001.6431 -096.1930 +038.1213 -179.2316 0
L1 01    157 +011.2817 +005.6673 +001.3150 +005.4125 +001.1679 +001.5138 0
L1 02    157 +005.2050 +006.9252 +001.7017 -150.8307 -002.9500 -158.7315 0
L1 03    157 +012.0372 +005.7419 -000.8527 -001.6129 +001.6125 +091.7854 0
L1 04    157 +008.2589 +008.1413 +001.7762 -032.7829 -000.5657 +000.4000 0
L1 05    157 +014.3111 +010.9052 +001.9770 -111.5152 +000.7738 -013.7957 0
L1 06    157 +012.1940 +004.2073 -003.8590 -096.6681 +004.9568 -002.6771 0
L1 07    157 +012.0638 +002.8866 -002.7998 +174.0267 -014.9712 +091.4641 0
L1 08    157 +012.0911 +003.3649 -001.6432 -096.1936 +038.1208 -179.2317 0
L1 01    161 +011.2816 +005.6674 +001.3150 +005.4137 +001.1686 +001.5144 0
L1 02    161 +005.2049 +006.9252 +001.7016 -150.8303 -002.9505 -158.7308 0
L1 03    161 +012.0372 +005.7419 -000.8527 -001.6131 +001.6128 +091.7850 0
L1 04    161 +008.2589 +008.1413 +001.7762 -032.7827 -000.5654 +000.3993 0
L1 05    161 +014.3110 +010.9053 +001.9771 -111.5150 +000.7734 -013.7946 0
L1 06    161 +012.1939 +004.2074 -003.8590 -096.6679 +004.9562 -002.6774 0
L1 07    161 +012.0637 +002.8865 -002.7999 +174.0268 -014.9725 +091.4646 0
L1 08    161 +012.0911 +003.3649 -001.6432 -096.1937 +038.1207 -179.2325 0
L1 01    165 +011.2816 +005.6674 +001.3150 +005.4153 +001.1691 +001.5138 0
L1 02    165 +005.2049 +006.9252 +001.7016 -150.8296 -002.9505 -158.7307 0
L1 03    165 +012.0372 +005.7419 -000.8528 -001.6126 +001.6136 +091.7846 0
L1 04    165 +008.2588 +008.1414 +001.7762 -032.7821 -000.5658 +000.3996 0
L1 05    165 +014.3104 +010.9061 +001.9774 -111.5086 +000.7745 -013.7939 0
L1 06    165 +012.1939 +004.2074 -003.8590 -096.6675 +004.9569 -002.6780 0
L1 07    165 +012.0637 +002.8865 -002.7998 +174.0277 -014.9718 +091.4648 0
L1 08    165 +012.0911 +003.3649 -001.6432 -096.1933 +038.1204 -179.2330 0
L1 01    169 +011.2817 +005.6672 +001.3149 +005.4149 +001.1707 +001.5140 0
L1 02    169 +005.2049 +006.9252 +001.7016 -150.8301 -002.9505 -158.7309 0
L1 03    169 +012.0372 +005.7418 -000.8528 -001.6124 +001.6143 +091.7849 0
L1 04    169 +008.2588 +008.1414 +001.7762 -032.7822 -000.5656 +000.3994 0
L1 05    169 +014.3108 +010.9055 +001.9770 -111.5125 +000.7735 -013.7952 0
L1 06    169 +012.1940 +004.2073 -003.8590 -096.6688 +004.9563 -002.6782 0
L1 07    169 +012.0637 +002.8866 -002.7998 +174.0284 -014.9723 +091.4645 0
L1 08    169 +012.0911 +003.3648 -001.6431 -096.1939 +038.1201 -179.2330 0
L1 01    173 +011.2818 +005.6672 +001.3147 +005.4147 +001.1719 +001.5124 0
L1 02    173 +005.2049 +006.9252 +001.7016 -150.8298 -002.9505 -158.7309 0
L1 03    173 +012.0372 +005.7420 -000.8529 -001.6110 +001.6147 +091.7845 0
L1 04    173 +008.2588 +008.1414 +001.7761 -032.7823 -000.5656 +000.3990 0
L1 05    173 +014.3110 +010.9056 +001.9766 -111.5124 +000.7712 -013.7966 0
L1 06    173 +012.1940 +004.2073 -003.8589 -096.6688 +004.9565 -002.6776 0
L1 07    173 +012.0637 +002.8867 -002.7998 +174.0294 -014.9725 +091.4643 0
L1 08    173 +012.0911 +003.3648 -001.6431 -096.1935 +038.1205 -179.2328 0
L1 01    177 +011.2817 +005.6674 +001.3149 +005.4153 +001.1693 +001.5134 0
L1 02    177 +005.2049 +006.9253 +001.7016 -150.8296 -002.9504 -158.7309 0
L1 03    177 +012.0372 +005.7420 -000.8528 -001.6112 +001.6131 +091.7852 0
L1 04    177 +008.2588 +008.1414 +001.7762 -032.7820 -000.5656 +000.3992 0
L1 05    177 +014.3109 +010.9058 +001.9767 -111.5114 +000.7711 -013.7984 0
L1 06    177 +012.1940 +004.2074 -003.8589 -096.6688 +004.9573 -002.6770 0
L1 07    177 +012.0638 +002.8867 -002.7998 +174.0292 -014.9717 +091.4636 0
L1 08    177 +012.0911 +003.3649 -001.6432 -096.1929 +038.1208 -179.2330 0
L1 01    181 +011.2817 +005.6674 +001.3149 +005.4150 +001.1686 +001.5131 0
L1 02    181 +005.2049 +006.9252 +001.7016 -150.8296 -002.9504 -158.7310 0
L1 03    181 +012.0372 +005.7420 -000.8528 -001.6110 +001.6131 +091.7855 0
L1 04    181 +008.2588 +008.1414 +001.7762 -032.7820 -000.5656 +000.3994 0
L1 05    181 +014.3111 +010.9056 +001.9766 -111.5132 +000.7708 -013.7999 0
L1 06    181 +012.1941 +004.2075 -003.8588 -096.6689 +004.9579 -002.6761 0
L1 07    181 +012.0638 +002.8866 -002.7999 +174.0289 -014.9716 +091.4633 0
L1 08    181 +012.0912 +003.3650 -001.6432 -096.1925 +038.1213 -179.2326 0
L1 01    185 +011.2818 +005.6672 +001.3147 +005.4135 +001.1699 +001.5137 0
L1 02    185 +005.2049 +006.9252 +001.7016 -150.8298 -002.9504 -158.7313 0
L1 03    185 +012.0372 +005.7419 -000.8529 -001.6116 +001.6132 +091.7853 0
L1 04    185 +008.2588 +008.1414 +001.7762 -032.7822 -000.5655 +000.3997 0
L1 05    185 +014.3111 +010.9052 +001.9776 -111.5151 +000.7761 -013.7969 0
L1 06    185 +012.1940 +004.2075 -003.8589 -096.6698 +004.9576 -002.6771 0
L1 07    185 +012.0638 +002.8867 -002.7999 +174.0290 -014.9717 +091.4635 0
L1 08    185 +012.0912 +003.3649 -001.6432 -096.1934 +038.1213 -179.2326 0
L1 01    189 +011.2817 +005.6673 +001.3149 +005.4154 +001.1687 +001.5140 0
L1 02    189 +005.2049 +006.9252 +001.7016 -150.8297 -002.9504 -158.7312 0
L1 03    189 +012.0372 +005.7420 -000.8528 -001.6115 +001.6129 +091.7856 0
L1 04    189 +008.2588 +008.1414 +001.7762 -032.7822 -000.5655 +000.3997 0
L1 05    189 +014.3109 +010.9055 +001.9773 -111.5131 +000.7749 -013.7989 0
L1 06    189 +012.1940 +004.2075 -003.8590 -096.6700 +004.9578 -002.6773 0
L1 07    189 +012.0638 +002.8866 -002.7999 +174.0282 -014.9716 +091.4635 0
L1 08    189 +012.0912 +003.3649 -001.6432 -096.1934 +038.1213 -179.2328 0
L1 01    193 +011.2817 +005.6674 +001.3149 +005.4178 +001.1678 +001.5130 0
L1 02    193 +005.2049 +006.9252 +001.7016 -150.8297 -002.9504 -158.7310 0
L1 03    193 +012.0372 +005.7420 -000.8528 -001.6114 +001.6124 +091.7854 0
L1 04    193 +008.2588 +008.1414 +001.7762 -032.7821 -000.5655 +000.3994 0
L1 05    193 +014.3106 +010.9059 +001.9770 -111.5099 +000.7733 -013.7992 0
L1 06    193 +012.1940 +004.2075 -003.8591 -096.6694 +004.9572 -002.6782 0
L1 07    193 +012.0639 +002.8864 -002.7999 +174.0274 -014.9717 +091.4638 0
L1 08    193 +012.0912 +003.3649 -001.6432 -096.1932 +038.1216 -179.2330 0
L1 01    197 +011.2816 +005.6674 +001.3149 +005.4203 +001.1678 +001.5124 0
L1 02    197 +005.2049 +006.9252 +001.7016 -150.8297 -002.9507 -158.7308 0
L1 03    197 +012.0372 +005.7420 -000.8527 -001.6110 +001.6120 +091.7851 0
L1 04    197 +008.2588 +008.1414 +001.7762 -032.7825 -000.5654 +000.3995 0
L1 05    197 +014.3106 +010.9059 +001.9771 -111.5115 +000.7738 -013.7983 0
L1 06    197 +012.1941 +004.2073 -003.8590 -096.6704 +004.9568 -002.6774 0
L1 07    197 +012.0639 +002.8865 -002.7998 +174.0278 -014.9715 +091.4645 0
L1 08    197 +012.0912 +003.3649 -001.6431 -096.1932 +038.1215 -179.2333 0
L1 01    201 +011.2816 +005.6673 +001.3150 +005.4209 +001.1682 +001.5132 0
L1 02    201 +005.2049 +006.9253 +001.7016 -150.8294 -002.9505 -158.7308 0
L1 03    201 +012.0372 +005.7419 -000.8527 -001.6111 +001.6121 +091.7850 0
L1 04    201 +008.2588 +008.1414 +001.7762 -032.7822 -000.5655 +000.3994 0
L1 05    201 +014.3106 +010.9059 +001.9769 -111.5099 +000.7725 -013.8001 0
L1 06    201 +012.1940 +004.2073 -003.8589 -096.6707 +004.9567 -002.6769 0
L1 07    201 +012.0638 +002.8866 -002.7999 +174.0285 -014.9726 +091.4644 0
L1 08    201 +012.0911 +003.3649 -001.6431 -096.1933 +038.1212 -179.2337 0
L1 01    205 +011.2816 +005.6673 +001.3150 +005.4216 +001.1684 +001.5132 0
L1 02    205 +005.2049 +006.9252 +001.7016 -150.8296 -002.9502 -158.7311 0
L1 03    205 +012.0371 +005.7420 -000.8527 -001.6106 +001.6128 +091.7852 0
L1 04    205 +008.2588 +008.1414 +001.7762 -032.7818 -000.5655 +000.3994 0
L1 05    205 +014.3107 +010.9057 +001.9773 -111.5106 +000.7745 -013.8004 0
L1 06    205 +012.1940 +004.2073 -003.8590 -096.6709 +004.9567 -002.6781 0
L1 07    205 +012.0638 +002.8865 -002.7998 +174.0284 -014.9718 +091.4643 0
L1 08    205 +012.0911 +003.3649 -001.6431 -096.1928 +038.1210 -179.2341 0
L1 01    209 +011.2817 +005.6673 +001.3149 +005.4206 +001.1692 +001.5133 0
L1 02    209 +005.2049 +006.9253 +001.7016 -150.8296 -002.9507 -158.7311 0
L1 03    209 +012.0372 +005.7420 -000.8527 -001.6107 +001.6125 +091.7853 0
L1 04    209 +008.2588 +008.1414 +001.7762 -032.7818 -000.5656 +000.3994 0
L1 05    209 +014.3104 +010.9061 +001.9772 -111.5083 +000.7732 -013.7994 0
L1 06    209 +012.1941 +004.2073 -003.8589 -096.6718 +004.9570 -002.6776 0
L1 07    209 +012.0639 +002.8865 -002.7998 +174.0280 -014.9712 +091.4644 0
L1 08    209 +012.0912 +003.3649 -001.6432 -096.1935 +038.1213 -179.2343 0
L1 01    213 +011.2817 +005.6673 +001.3149 +005.4210 +001.1683 +001.5137 0
L1 02    213 +005.2049 +006.9253 +001.7016 -150.8295 -002.9506 -158.7310 0
L1 03    213 +012.0372 +005.7420 -000.8527 -001.6107 +001.6120 +091.7855 0
L1 04    213 +008.2588 +008.1414 +001.7762 -032.7817 -000.5656 +000.3996 0
L1 05    213 +014.3103 +010.9064 +001.9771 -111.5059 +000.7732 -013.7996 0
L1 06    213 +012.1941 +004.2073 -003.8591 -096.6722 +004.9570 -002.6785 0
L1 07    213 +012.0639 +002.8866 -002.7999 +174.0289 -014.9715 +091.4637 0
L1 08    213 +012.0912 +003.3650 -001.6432 -096.1930 +038.1216 -179.2341 0
L1 01    217 +011.2816 +005.6674 +001.3150 +005.4218 +001.1662 +001.5148 0
L1 02    217 +005.2049 +006.9253 +001.7016 -150.8296 -002.9504 -158.7309 0
L1 03    217 +012.0372 +005.7419 -000.8526 -001.6119 +001.6112 +091.7859 0
L1 04    217 +008.2588 +008.1414 +001.7762 -032.7826 -000.5654 +000.3999 0
L1 05    217 +014.3103 +010.9064 +001.9766 -111.5072 +000.7713 -013.8013 0
L1 06    217 +012.1941 +004.2074 -003.8589 -096.6728 +004.9576 -002.6771 0
L1 07    217 +012.0639 +002.8866 -002.7999 +174.0284 -014.9717 +091.4638 0
L1 08    217 +012.0912 +003.3650 -001.6432 -096.1929 +038.1216 -179.2338 0
L1 01    221 +011.2816 +005.6673 +001.3151 +005.4220 +001.1663 +001.5151 0
L1 02    221 +005.2049 +006.9252 +001.7016 -150.8300 -002.9505 -158.7309 0
L1 03    221 +012.0373 +005.7418 -000.8526 -001.6124 +001.6109 +091.7857 0
L1 04    221 +008.2588 +008.1414 +001.7762 -032.7825 -000.5652 +000.3995 0
L1 05    221 +014.3109 +010.9056 +001.9768 -111.5114 +000.7721 -013.8009 0
L1 06    221 +012.1941 +004.2074 -003.8590 -096.6723 +004.9565 -002.6773 0
L1 07    221 +012.0639 +002.8866 -002.7999 +174.0287 -014.9715 +091.4643 0
L1 08    221 +012.0912 +003.3649 -001.6432 -096.1933 +038.1217 -179.2339 0
L1 01    225 +011.2816 +005.6673 +001.3150 +005.4242 +001.1674 +001.5144 0
L1 02    225 +005.2049 +006.9253 +001.7016 -150.8296 -002.9506 -158.7308 0
L1 03    225 +012.0372 +005.7420 -000.8527 -001.6100 +001.6115 +091.7856 0
L1 04    225 +008.2587 +008.1415 +001.7762 -032.7814 -000.5655 +000.3995 0
L1 05    225 +014.3107 +010.9059 +001.9771 -111.5096 +000.7724 -013.8006 0
L1 06    225 +012.1940 +004.2075 -003.8591 -096.6709 +004.9569 -002.6783 0
L1 07    225 +012.0639 +002.8866 -002.7999 +174.0296 -014.9715 +091.4640 0
L1 08    225 +012.0912 +003.3650 -001.6432 -096.1925 +038.1221 -179.2343 0
L1 01    229 +011.2816 +005.6672 +001.3149 +005.4252 +001.1692 +001.5138 0
L1 02    229 +005.2049 +006.9252 +001.7016 -150.8298 -002.9505 -158.7310 0
L1 03    229 +012.0372 +005.7419 -000.8527 -001.6106 +001.6117 +091.7853 0
L1 04    229 +008.2588 +008.1414 +001.7762 -032.7826 -000.5654 +000.3994 0
L1 05    229 +014.3108 +010.9055 +001.9766 -111.5121 +000.7704 -013.8030 0
L1 06    229 +012.1940 +004.2075 -003.8592 -096.6713 +004.9559 -002.6791 0
L1 07    229 +012.0639 +002.8866 -002.7998 +174.0294 -014.9709 +091.4641 0
L1 08    229 +012.0912 +003.3649 -001.6432 -096.1927 +038.1218 -179.2343 0
L1 01    233 +011.2817 +005.6672 +001.3149 +005.4266 +001.1693 +001.5134 0
L1 02    233 +005.2049 +006.9252 +001.7016 -150.8297 -002.9505 -158.7310 0
L1 03    233 +012.0372 +005.7419 -000.8527 -001.6100 +001.6121 +091.7853 0
L1 04    233 +008.2588 +008.1414 +001.7761 -032.7817 -000.5654 +000.3992 0
L1 05    233 +014.3106 +010.9060 +001.9764 -111.5096 +000.7691 -013.8024 0
L1 06    233 +012.1940 +004.2073 -003.8591 -096.6716 +004.9555 -002.6786 0
L1 07    233 +012.0640 +002.8865 -002.7998 +174.0298 -014.9710 +091.4645 0
L1 08    233 +012.0912 +003.3649 -001.6432 -096.1929 +038.1216 -179.2350 0
L1 01    237 +011.2816 +005.6673 +001.3149 +005.4286 +001.1692 +001.5128 0
L1 02    237 +005.2049 +006.9253 +001.7016 -150.8294 -002.9505 -158.7309 0
L1 03    237 +012.0371 +005.7420 -000.8527 -001.6080 +001.6119 +091.7854 0
L1 04    237 +008.2588 +008.1415 +001.7762 -032.7816 -000.5656 +000.3994 0
L1 05    237 +014.3108 +010.9057 +001.9768 -111.5106 +000.7713 -013.8023 0
L1 06    237 +012.1940 +004.2075 -003.8589 -096.6705 +004.9563 -002.6777 0
L1 07    237 +012.0639 +002.8866 -002.7998 +174.0305 -014.9715 +091.4640 0
L1 08    237 +012.0912 +003.3649 -001.6432 -096.1926 +038.1216 -179.2354 0
L1 01    241 +011.2816 +005.6673 +001.3149 +005.4282 +001.1683 +001.5120 0
L1 02    241 +005.2049 +006.9252 +001.7016 -150.8297 -002.9504 -158.7309 0
L1 03    241 +012.0371 +005.7420 -000.8527 -001.6084 +001.6118 +091.7853 0
L1 04    241 +008.2588 +008.1414 +001.7762 -032.7822 -000.5655 +000.3997 0
L1 05    241 +014.3111 +010.9055 +001.9768 -111.5145 +000.7723 -013.8044 0
L1 06    241 +012.1940 +004.2075 -003.8590 -096.6707 +004.9567 -002.6776 0
L1 07    241 +012.0639 +002.8866 -002.7999 +174.0306 -014.9717 +091.4643 0
L1 08    241 +012.0912 +003.3649 -001.6432 -096.1930 +038.1214 -179.2354 0
L1 01    245 +011.2816 +005.6673 +001.3148 +005.4285 +001.1695 +001.5117 0
L1 02    245 +005.2049 +006.9252 +001.7016 -150.8296 -002.9505 -158.7309 0
L1 03    245 +012.0371 +005.7421 -000.8528 -001.6078 +001.6126 +091.7851 0
L1 04    245 +008.2588 +008.1414 +001.7761 -032.7824 -000.5654 +000.3992 0
L1 05    245 +014.3112 +010.9053 +001.9765 -111.5146 +000.7697 -013.8050 0
L1 06    245 +012.1941 +004.2074 -003.8590 -096.6722 +004.9569 -002.6778 0
L1 07    245 +012.0639 +002.8867 -002.7999 +174.0321 -014.9715 +091.4639 0
L1 08    245 +012.0913 +003.3649 -001.6432 -096.1928 +038.1216 -179.2351 0
L1 01    249 +011.2816 +005.6673 +001.3149 +005.4302 +001.1692 +001.5123 0
L1 02    249 +005.2049 +006.9252 +001.7016 -150.8296 -002.9503 -158.7311 0
L1 03    249 +012.0372 +005.7420 -000.8528 -001.6080 +001.6122 +091.7852 0
L1 04    249 +008.2588 +008.1414 +001.7761 -032.7821 -000.5652 +000.3990 0
L1 05    249 +014.3105 +010.9060 +001.9768 -111.5091 +000.7713 -013.8047 0
L1 06    249 +012.1940 +004.2075 -003.8590 -096.6709 +004.9563 -002.6782 0
L1 07    249 +012.0639 +002.8867 -002.7998 +174.0322 -014.9710 +091.4637 0
L1 08    249 +012.0913 +003.3649 -001.6432 -096.1922 +038.1218 -179.2351 0
L1 01    253 +011.2816 +005.6672 +001.3149 +005.4315 +001.1694 +001.5123 0
L1 02    253 +005.2049 +006.9252 +001.7016 -150.8297 -002.9503 -158.7311 0
L1 03    253 +012.0371 +005.7420 -000.8528 -001.6074 +001.6125 +091.7851 0
L1 04    253 +008.2588 +008.1414 +001.7761 -032.7820 -000.5655 +000.3991 0
L1 05    253 +014.3107 +010.9058 +001.9769 -111.5099 +000.7725 -013.8036 0
L1 06    253 +012.1939 +004.2076 -003.8591 -096.6696 +004.9561 -002.6788 0
L1 07    253 +012.0639 +002.8866 -002.7998 +174.0323 -014.9717 +091.4640 0
L1 08    253 +012.0913 +003.3649 -001.6432 -096.1919 +038.1218 -179.2356 0
L1 01    257 +011.2815 +005.6673 +001.3150 +005.4355 +001.1677 +001.5121 0
L1 02    257 +005.2049 +006.9253 +001.7016 -150.8294 -002.9503 -158.7309 0
L1 03    257 +012.0371 +005.7420 -000.8527 -001.6067 +001.6121 +091.7852 0
L1 04    257 +008.2588 +008.1415 +001.7761 -032.7817 -000.5656 +000.3992 0
L1 05    257 +014.3105 +010.9062 +001.9768 -111.5073 +000.7711 -013.8029 0
L1 06    257 +012.1939 +004.2075 -003.8592 -096.6707 +004.9557 -002.6793 0
L1 07    257 +012.0640 +002.8865 -002.7998 +174.0321 -014.9713 +091.4643 0
L1 08    257 +012.0913 +003.3649 -001.6432 -096.1907 +038.1210 -179.2370 0
L1 01    261 +011.2816 +005.6672 +001.3149 +005.4347 +001.1708 +001.5119 0
L1 02    261 +005.2049 +006.9252 +001.7016 -150.8297 -002.9506 -158.7309 0
L1 03    261 +012.0371 +005.7420 -000.8528 -001.6057 +001.6130 +091.7849 0
L1 04    261 +008.2588 +008.1415 +001.7761 -032.7815 -000.5657 +000.3990 0
L1 05    261 +014.3108 +010.9057 +001.9768 -111.5102 +000.7705 -013.8029 0
L1 06    261 +012.1939 +004.2076 -003.8591 -096.6693 +004.9564 -002.6795 0
L1 07    261 +012.0640 +002.8866 -002.7998 +174.0339 -014.9716 +091.4641 0
L1 08    261 +012.0913 +003.3649 -001.6432 -096.1909 +038.1214 -179.2369 0
L1 01    265 +011.2815 +005.6672 +001.3149 +005.4376 +001.1691 +001.5119 0
L1 02    265 +005.2049 +006.9252 +001.7016 -150.8299 -002.9509 -158.7309 0
L1 03    265 +012.0371 +005.7419 -000.8528 -001.6056 +001.6125 +091.7846 0
L1 04    265 +008.2588 +008.1414 +001.7761 -032.7820 -000.5655 +000.3988 0
L1 05    265 +014.3109 +010.9056 +001.9763 -111.5105 +000.7689 -013.8060 0
L1 06    265 +012.1939 +004.2075 -003.8591 -096.6699 +004.9561 -002.6795 0
L1 07    265 +012.0640 +002.8867 -002.7999 +174.0350 -014.9717 +091.4649 0
L1 08    265 +012.0913 +003.3649 -001.6432 -096.1911 +038.1213 -179.2370 0
L1 01    269 +011.2815 +005.6672 +001.3149 +005.4400 +001.1711 +001.5125 0
L1 02    269 +005.2049 +006.9253 +001.7016 -150.8295 -002.9506 -158.7309 0
L1 03    269 +012.0371 +005.7419 -000.8528 -001.6034 +001.6128 +091.7850 0
L1 04    269 +008.2587 +008.1415 +001.7762 -032.7815 -000.5656 +000.3994 0
L1 05    269 +014.3107 +010.9059 +001.9764 -111.5090 +000.7684 -013.8052 0
L1 06    269 +012.1939 +004.2077 -003.8589 -096.6671 +004.9578 -002.6790 0
L1 07    269 +012.0640 +002.8868 -002.7998 +174.0391 -014.9712 +091.4641 0
L1 08    269 +012.0913 +003.3650 -001.6432 -096.1872 +038.1216 -179.2372 0
L1 01    273 +011.2815 +005.6672 +001.3149 +005.4425 +001.1694 +001.5116 0
L1 02    273 +005.2049 +006.9253 +001.7016 -150.8293 -002.9506 -158.7308 0
L1 03    273 +012.0370 +005.7420 -000.8528 -001.6010 +001.6125 +091.7850 0
L1 04    273 +008.2587 +008.1415 +001.7762 -032.7813 -000.5655 +000.3994 0
L1 05    273 +014.3107 +010.9059 +001.9764 -111.5076 +000.7692 -013.8065 0
L1 06    273 +012.1940 +004.2077 -003.8589 -096.6658 +004.9572 -002.6789 0
L1 07    273 +012.0641 +002.8867 -002.7998 +174.0392 -014.9712 +091.4644 0
L1 08    273 +012.0914 +003.3650 -001.6432 -096.1863 +038.1220 -179.2376 0
L1 01    277 +011.2815 +005.6671 +001.3150 +005.4414 +001.1689 +001.5127 0
L1 02    277 +005.2049 +006.9252 +001.7016 -150.8298 -002.9505 -158.7311 0
L1 03    277 +012.0370 +005.7419 -000.8527 -001.6021 +001.6120 +091.7849 0
L1 04    277 +008.2588 +008.1414 +001.7762 -032.7823 -000.5653 +000.3995 0
L1 05    277 +014.3105 +010.9060 +001.9770 -111.5078 +000.7728 -013.8063 0
L1 06    277 +012.1940 +004.2076 -003.8590 -096.6666 +004.9567 -002.6788 0
L1 07    277 +012.0641 +002.8868 -002.7997 +174.0405 -014.9710 +091.4635 0
L1 08    277 +012.0915 +003.3650 -001.6432 -096.1858 +038.1217 -179.2369 0
L1 01    281 +011.2815 +005.6671 +001.3149 +005.4447 +001.1702 +001.5111 0
L1 02    281 +005.2049 +006.9253 +001.7016 -150.8296 -002.9503 -158.7311 0
L1 03    281 +012.0369 +005.7421 -000.8528 -001.5956 +001.6128 +091.7843 0
L1 04    281 +008.2588 +008.1415 +001.7762 -032.7815 -000.5656 +000.3992 0
L1 05    281 +014.3106 +010.9061 +001.9765 -111.5067 +000.7699 -013.8080 0
L1 06    281 +012.1941 +004.2076 -003.8590 -096.6654 +004.9571 -002.6794 0
L1 07    281 +012.0642 +002.8868 -002.7998 +174.0437 -014.9720 +091.4636 0
L1 08    281 +012.0915 +003.3651 -001.6432 -096.1835 +038.1219 -179.2386 0
L1 01    285 +011.2814 +005.6672 +001.3149 +005.4474 +001.1692 +001.5118 0
L1 02    285 +005.2049 +006.9253 +001.7016 -150.8294 -002.9505 -158.7308 0
L1 03    285 +012.0370 +005.7420 -000.8528 -001.5977 +001.6125 +091.7846 0
L1 04    285 +008.2588 +008.1414 +001.7762 -032.7819 -000.5656 +000.3993 0
L1 05    285 +014.3107 +010.9060 +001.9766 -111.5062 +000.7692 -013.8078 0
L1 06    285 +012.1942 +004.2074 -003.8590 -096.6654 +004.9568 -002.6788 0
L1 07    285 +012.0643 +002.8867 -002.7999 +174.0427 -014.9718 +091.4635 0
L1 08    285 +012.0915 +003.3651 -001.6432 -096.1826 +038.1218 -179.2377 0
L1 01    289 +011.2814 +005.6671 +001.3150 +005.4491 +001.1683 +001.5132 0
L1 02    289 +005.2049 +006.9252 +001.7016 -150.8297 -002.9505 -158.7309 0
L1 03    289 +012.0370 +005.7418 -000.8527 -001.5978 +001.6113 +091.7851 0
L1 04    289 +008.2588 +008.1414 +001.7762 -032.7826 -000.5656 +000.3994 0
L1 05    289 +014.3108 +010.9057 +001.9767 -111.5094 +000.7711 -013.8078 0
L1 06    289 +012.1942 +004.2075 -003.8590 -096.6645 +004.9564 -002.6788 0
L1 07    289 +012.0644 +002.8867 -002.7999 +174.0443 -014.9714 +091.4634 0
L1 08    289 +012.0915 +003.3650 -001.6433 -096.1832 +038.1211 -179.2392 0
L1 01    293 +011.2812 +005.6673 +001.3152 +005.4575 +001.1652 +001.5127 0
L1 02    293 +005.2049 +006.9253 +001.7016 -150.8294 -002.9505 -158.7308 0
L1 03    293 +012.0369 +005.7420 -000.8527 -001.5927 +001.6119 +091.7854 0
L1 04    293 +008.2588 +008.1415 +001.7762 -032.7815 -000.5655 +000.3993 0
L1 05    293 +014.3108 +010.9056 +001.9767 -111.5095 +000.7716 -013.8091 0
L1 06    293 +012.1941 +004.2078 -003.8591 -096.6574 +004.9570 -002.6805 0
L1 07    293 +012.0645 +002.8866 -002.7998 +174.0463 -014.9711 +091.4638 0
L1 08    293 +012.0916 +003.3651 -001.6432 -096.1776 +038.1218 -179.2396 0
L1 01    297 +011.2813 +005.6671 +001.3150 +005.4576 +001.1690 +001.5116 0
L1 02    297 +005.2049 +006.9252 +001.7016 -150.8299 -002.9506 -158.7309 0
L1 03    297 +012.0369 +005.7420 -000.8527 -001.5887 +001.6118 +091.7849 0
L1 04    297 +008.2588 +008.1415 +001.7761 -032.7815 -000.5653 +000.3991 0
L1 05    297 +014.3104 +010.9062 +001.9767 -111.5055 +000.7703 -013.8083 0
L1 06    297 +012.1941 +004.2078 -003.8590 -096.6555 +004.9566 -002.6789 0
L1 07    297 +012.0646 +002.8866 -002.7999 +174.0489 -014.9721 +091.4649 0
L1 08    297 +012.0917 +003.3651 -001.6432 -096.1767 +038.1219 -179.2401 0
L1 01    301 +011.2813 +005.6671 +001.3148 +005.4585 +001.1689 +001.5102 0
L1 02    301 +005.2049 +006.9252 +001.7016 -150.8300 -002.9508 -158.7311 0
L1 03    301 +012.0368 +005.7421 -000.8528 -001.5868 +001.6118 +091.7848 0
L1 04    301 +008.2588 +008.1414 +001.7761 -032.7820 -000.5653 +000.3989 0
L1 05    301 +014.3106 +010.9059 +001.9766 -111.5078 +000.7705 -013.8085 0
L1 06    301 +012.1942 +004.2076 -003.8590 -096.6557 +004.9558 -002.6788 0
L1 07    301 +012.0647 +002.8865 -002.7999 +174.0507 -014.9715 +091.4647 0
L1 08    301 +012.0918 +003.3651 -001.6431 -096.1741 +038.1221 -179.2381 0
L1 01    305 +011.2813 +005.6671 +001.3149 +005.4583 +001.1690 +001.5118 0
L1 02    305 +005.2049 +006.9253 +001.7016 -150.8295 -002.9505 -158.7310 0
L1 03    305 +012.0368 +005.7421 -000.8528 -001.5851 +001.6115 +091.7851 0
L1 04    305 +008.2588 +008.1415 +001.7761 -032.7813 -000.5654 +000.3989 0
L1 05    305 +014.3106 +010.9061 +001.9769 -111.5069 +000.7700 -013.8080 0
L1 06    305 +012.1942 +004.2079 -003.8590 -096.6519 +004.9562 -002.6786 0
L1 07    305 +012.0648 +002.8867 -002.7998 +174.0538 -014.9703 +091.4634 0
L1 08    305 +012.0918 +003.3652 -001.6432 -096.1726 +038.1223 -179.2396 0
L1 01    309 +011.2813 +005.6671 +001.3148 +005.4588 +001.1702 +001.5114 0
L1 02    309 +005.2049 +006.9252 +001.7016 -150.8298 -002.9505 -158.7311 0
L1 03    309 +012.0368 +005.7422 -000.8528 -001.5835 +001.6122 +091.7849 0
L1 04    309 +008.2588 +008.1414 +001.7761 -032.7818 -000.5654 +000.3992 0
L1 05    309 +014.3106 +010.9060 +001.9769 -111.5065 +000.7704 -013.8090 0
L1 06    309 +012.1944 +004.2077 -003.8588 -096.6532 +004.9568 -002.6767 0
L1 07    309 +012.0649 +002.8867 -002.7998 +174.0549 -014.9705 +091.4636 0
L1 08    309 +012.0919 +003.3652 -001.6433 -096.1723 +038.1220 -179.2401 0
L1 01    313 +011.2813 +005.6670 +001.3147 +005.4601 +001.1706 +001.5115 0
L1 02    313 +005.2049 +006.9252 +001.7016 -150.8296 -002.9506 -158.7309 0
L1 03    313 +012.0368 +005.7421 -000.8528 -001.5818 +001.6121 +091.7852 0
L1 04    313 +008.2588 +008.1414 +001.7761 -032.7821 -000.5652 +000.3989 0
L1 05    313 +014.3105 +010.9060 +001.9773 -111.5057 +000.7735 -013.8081 0
L1 06    313 +012.1944 +004.2078 -003.8589 -096.6511 +004.9565 -002.6780 0
L1 07    313 +012.0649 +002.8868 -002.7997 +174.0576 -014.9690 +091.4631 0
L1 08    313 +012.0919 +003.3652 -001.6433 -096.1707 +038.1221 -179.2397 0
L1 01    317 +011.2812 +005.6671 +001.3149 +005.4650 +001.1676 +001.5114 0
L1 02    317 +005.2049 +006.9253 +001.7016 -150.8293 -002.9507 -158.7309 0
L1 03    317 +012.0368 +005.7423 -000.8527 -001.5795 +001.6108 +091.7854 0
L1 04    317 +008.2588 +008.1415 +001.7762 -032.7814 -000.5655 +000.3993 0
L1 05    317 +014.3105 +010.9059 +001.9773 -111.5064 +000.7744 -013.8084 0
L1 06    317 +012.1944 +004.2078 -003.8590 -096.6506 +004.9567 -002.6781 0
L1 07    317 +012.0650 +002.8867 -002.7999 +174.0580 -014.9701 +091.4643 0
L1 08    317 +012.0920 +003.3653 -001.6433 -096.1682 +038.1222 -179.2401 0
L1 01    321 +011.2812 +005.6670 +001.3148 +005.4643 +001.1696 +001.5121 0
L1 02    321 +005.2049 +006.9253 +001.7016 -150.8294 -002.9505 -158.7310 0
L1 03    321 +012.0367 +005.7422 -000.8528 -001.5787 +001.6117 +091.7851 0
L1 04    321 +008.2588 +008.1415 +001.7761 -032.7816 -000.5654 +000.3990 0
L1 05    321 +014.3109 +010.9056 +001.9772 -111.5098 +000.7735 -013.8078 0
L1 06    321 +012.1944 +004.2077 -003.8590 -096.6500 +004.9567 -002.6786 0
L1 07    321 +012.0650 +002.8869 -002.7999 +174.0615 -014.9706 +091.4639 0
L1 08    321 +012.0920 +003.3653 -001.6432 -096.1675 +038.1219 -179.2400 0
L1 01    325 +011.2811 +005.6670 +001.3149 +005.4703 +001.1667 +001.5117 0
L1 02    325 +005.2049 +006.9253 +001.7016 -150.8294 -002.9506 -158.7308 0
L1 03    325 +012.0367 +005.7422 -000.8527 -001.5772 +001.6110 +091.7849 0
L1 04    325 +008.2588 +008.1415 +001.7761 -032.7818 -000.5654 +000.3988 0
L1 05    325 +014.3109 +010.9056 +001.9769 -111.5099 +000.7717 -013.8086 0
L1 06    325 +012.1944 +004.2077 -003.8590 -096.6478 +004.9564 -002.6788 0
L1 07    325 +012.0651 +002.8867 -002.7998 +174.0607 -014.9699 +091.4647 0
L1 08    325 +012.0920 +003.3652 -001.6432 -096.1667 +038.1218 -179.2411 0
L1 01    329 +011.2811 +005.6671 +001.3149 +005.4754 +001.1677 +001.5108 0
L1 02    329 +005.2049 +006.9253 +001.7016 -150.8297 -002.9507 -158.7309 0
L1 03    329 +012.0367 +005.7422 -000.8528 -001.5743 +001.6110 +091.7850 0
L1 04    329 +008.2588 +008.1414 +001.7761 -032.7822 -000.5654 +000.3990 0
L1 05    329 +014.3104 +010.9061 +001.9770 -111.5057 +000.7728 -013.8094 0
L1 06    329 +012.1945 +004.2078 -003.8590 -096.6456 +004.9562 -002.6782 0
L1 07    329 +012.0652 +002.8869 -002.7997 +174.0661 -014.9688 +091.4632 0
L1 08    329 +012.0921 +003.3654 -001.6432 -096.1614 +038.1228 -179.2403 0
L1 01    333 +011.2811 +005.6670 +001.3149 +005.4748 +001.1680 +001.5117 0
L1 02    333 +005.2049 +006.9252 +001.7016 -150.8302 -002.9506 -158.7311 0
L1 03    333 +012.0367 +005.7421 -000.8528 -001.5732 +001.6110 +091.7850 0
L1 04    333 +008.2588 +008.1414 +001.7761 -032.7818 -000.5653 +000.3991 0
L1 05    333 +014.3106 +010.9058 +001.9769 -111.5078 +000.7719 -013.8093 0
L1 06    333 +012.1946 +004.2076 -003.8590 -096.6462 +004.9564 -002.6782 0
L1 07    333 +012.0653 +002.8869 -002.7998 +174.0669 -014.9691 +091.4634 0
L1 08    333 +012.0922 +003.3652 -001.6433 -096.1630 +038.1222 -179.2405 0
L1 01    337 +011.2811 +005.6669 +001.3150 +005.4752 +001.1667 +001.5131 0
L1 02    337 +005.2049 +006.9252 +001.7016 -150.8300 -002.9506 -158.7311 0
L1 03    337 +012.0368 +005.7419 -000.8527 -001.5742 +001.6102 +091.7852 0
L1 04    337 +008.2589 +008.1414 +001.7761 -032.7828 -000.5653 +000.3991 0
L1 05    337 +014.3109 +010.9056 +001.9765 -111.5096 +000.7701 -013.8106 0
L1 06    337 +012.1946 +004.2077 -003.8590 -096.6447 +004.9563 -002.6785 0
L1 07    337 +012.0653 +002.8870 -002.7998 +174.0691 -014.9695 +091.4631 0
L1 08    337 +012.0923 +003.3652 -001.6433 -096.1630 +038.1224 -179.2407 0
L1 01    341 +011.2811 +005.6670 +001.3149 +005.4775 +001.1688 +001.5116 0
L1 02    341 +005.2049 +006.9253 +001.7016 -150.8293 -002.9504 -158.7309 0
L1 03    341 +012.0366 +005.7423 -000.8529 -001.5672 +001.6123 +091.7847 0
L1 04    341 +008.2588 +008.1414 +001.7761 -032.7821 -000.5653 +000.3992 0
L1 05    341 +014.3109 +010.9057 +001.9770 -111.5095 +000.7725 -013.8085 0
L1 06    341 +012.1946 +004.2078 -003.8591 -096.6425 +004.9569 -002.6795 0
L1 07    341 +012.0653 +002.8870 -002.7998 +174.0709 -014.9702 +091.4642 0
L1 08    341 +012.0923 +003.3653 -001.6432 -096.1596 +038.1224 -179.2411 0
L1 01    345 +011.2810 +005.6671 +001.3149 +005.4794 +001.1684 +001.5112 0
L1 02    345 +005.2049 +006.9253 +001.7016 -150.8292 -002.9506 -158.7310 0
L1 03    345 +012.0366 +005.7423 -000.8528 -001.5670 +001.6110 +091.7849 0
L1 04    345 +008.2588 +008.1415 +001.7761 -032.7815 -000.5655 +000.3991 0
L1 05    345 +014.3109 +010.9058 +001.9765 -111.5082 +000.7693 -013.8104 0
L1 06    345 +012.1945 +004.2079 -003.8591 -096.6395 +004.9571 -002.6795 0
L1 07    345 +012.0654 +002.8870 -002.7998 +174.0726 -014.9703 +091.4634 0
L1 08    345 +012.0923 +003.3653 -001.6432 -096.1584 +038.1224 -179.2416 0
L1 01    349 +011.2811 +005.6669 +001.3149 +005.4786 +001.1688 +001.5133 0
L1 02    349 +005.2049 +006.9252 +001.7016 -150.8302 -002.9507 -158.7312 0
L1 03    349 +012.0366 +005.7420 -000.8528 -001.5698 +001.6111 +091.7851 0
L1 04    349 +008.2588 +008.1414 +001.7761 -032.7823 -000.5652 +000.3993 0
L1 05    349 +014.3106 +010.9059 +001.9768 -111.5083 +000.7705 -013.8111 0
L1 06    349 +012.1946 +004.2079 -003.8590 -096.6400 +004.9559 -002.6780 0
L1 07    349 +012.0654 +002.8869 -002.7998 +174.0723 -014.9702 +091.4636 0
L1 08    349 +012.0924 +003.3653 -001.6433 -096.1591 +038.1224 -179.2420 0
L1 01    353 +011.2811 +005.6669 +001.3148 +005.4789 +001.1701 +001.5132 0
L1 02    353 +005.2049 +006.9253 +001.7016 -150.8294 -002.9503 -158.7311 0
L1 03    353 +012.0366 +005.7422 -000.8528 -001.5660 +001.6113 +091.7850 0
L1 04    353 +008.2588 +008.1414 +001.7761 -032.7818 -000.5654 +000.3992 0
L1 05    353 +014.3104 +010.9063 +001.9764 -111.5042 +000.7680 -013.8118 0
L1 06    353 +012.1945 +004.2081 -003.8591 -096.6379 +004.9565 -002.6798 0
L1 07    353 +012.0654 +002.8872 -002.7999 +174.0767 -014.9707 +091.4632 0
L1 08    353 +012.0924 +003.3654 -001.6433 -096.1571 +038.1226 -179.2425 0
L1 01    357 +011.2810 +005.6670 +001.3148 +005.4815 +001.1695 +001.5116 0
L1 02    357 +005.2049 +006.9253 +001.7016 -150.8291 -002.9504 -158.7311 0
L1 03    357 +012.0364 +005.7425 -000.8528 -001.5624 +001.6105 +091.7847 0
L1 04    357 +008.2587 +008.1416 +001.7762 -032.7805 -000.5654 +000.3993 0
L1 05    357 +014.3103 +010.9066 +001.9771 -111.5018 +000.7711 -013.8096 0
L1 06    357 +012.1946 +004.2080 -003.8591 -096.6385 +004.9559 -002.6791 0
L1 07    357 +012.0655 +002.8871 -002.7999 +174.0753 -014.9706 +091.4638 0
L1 08    357 +012.0924 +003.3654 -001.6433 -096.1563 +038.1228 -179.2426 0
L1 01    361 +011.2810 +005.6670 +001.3149 +005.4825 +001.1680 +001.5121 0
L1 02    361 +005.2049 +006.9253 +001.7016 -150.8296 -002.9506 -158.7309 0
L1 03    361 +012.0365 +005.7423 -000.8528 -001.5648 +001.6106 +091.7849 0
L1 04    361 +008.2588 +008.1414 +001.7761 -032.7820 -000.5653 +000.3992 0
L1 05    361 +014.3106 +010.9060 +001.9767 -111.5052 +000.7702 -013.8114 0
L1 06    361 +012.1946 +004.2079 -003.8589 -096.6387 +004.9566 -002.6777 0
L1 07    361 +012.0655 +002.8868 -002.7999 +174.0735 -014.9701 +091.4650 0
L1 08    361 +012.0924 +003.3653 -001.6433 -096.1570 +038.1221 -179.2427 0
L1 01    365 +011.2810 +005.6670 +001.3149 +005.4817 +001.1678 +001.5124 0
L1 02    365 +005.2049 +006.9252 +001.7016 -150.8297 -002.9506 -158.7308 0
L1 03    365 +012.0365 +005.7422 -000.8528 -001.5651 +001.6109 +091.7846 0
L1 04    365 +008.2588 +008.1414 +001.7762 -032.7825 -000.5652 +000.3994 0
L1 05    365 +014.3106 +010.9060 +001.9767 -111.5069 +000.7703 -013.8120 0
L1 06    365 +012.1946 +004.2078 -003.8591 -096.6400 +004.9554 -002.6787 0
L1 07    365 +012.0655 +002.8870 -002.7999 +174.0753 -014.9702 +091.4642 0
L1 08    365 +012.0924 +003.3653 -001.6432 -096.1569 +038.1224 -179.2424 0
L1 01    369 +011.2810 +005.6669 +001.3149 +005.4814 +001.1689 +001.5127 0
L1 02    369 +005.2049 +006.9253 +001.7016 -150.8296 -002.9507 -158.7309 0
L1 03    369 +012.0365 +005.7422 -000.8528 -001.5643 +001.6108 +091.7848 0
L1 04    369 +008.2588 +008.1414 +001.7762 -032.7818 -000.5655 +000.3995 0
L1 05    369 +014.3103 +010.9063 +001.9766 -111.5031 +000.7706 -013.8118 0
L1 06    369 +012.1946 +004.2079 -003.8590 -096.6385 +004.9557 -002.6788 0
L1 07    369 +012.0655 +002.8870 -002.7999 +174.0759 -014.9703 +091.4639 0
L1 08    369 +012.0924 +003.3654 -001.6433 -096.1567 +038.1225 -179.2431 0
L1 01    373 +011.2810 +005.6670 +001.3149 +005.4819 +001.1685 +001.5122 0
L1 02    373 +005.2049 +006.9253 +001.7016 -150.8296 -002.9505 -158.7311 0
L1 03    373 +012.0365 +005.7423 -000.8528 -001.5631 +001.6109 +091.7848 0
L1 04    373 +008.2588 +008.1415 +001.7762 -032.7817 -000.5655 +000.3992 0
L1 05    373 +014.3106 +010.9060 +001.9771 -111.5064 +000.7716 -013.8103 0
L1 06    373 +012.1947 +004.2079 -003.8589 -096.6382 +004.9559 -002.6778 0
L1 07    373 +012.0656 +002.8870 -002.7998 +174.0761 -014.9693 +091.4635 0
L1 08    373 +012.0925 +003.3654 -001.6433 -096.1564 +038.1224 -179.2434 0
L1 01    377 +011.2809 +005.6670 +001.3149 +005.4817 +001.1684 +001.5117 0
L1 02    377 +005.2049 +006.9252 +001.7016 -150.8303 -002.9508 -158.7312 0
L1 03    377 +012.0365 +005.7422 -000.8528 -001.5641 +001.6107 +091.7847 0
L1 04    377 +008.2588 +008.1414 +001.7761 -032.7824 -000.5652 +000.3993 0
L1 05    377 +014.3113 +010.9050 +001.9768 -111.5144 +000.7715 -013.8126 0
L1 06    377 +012.1947 +004.2079 -003.8589 -096.6388 +004.9556 -002.6775 0
L1 07    377 +012.0657 +002.8869 -002.7998 +174.0756 -014.9684 +091.4637 0
L1 08    377 +012.0925 +003.3653 -001.6433 -096.1569 +038.1226 -179.2432 0
L1 01    381 +011.2809 +005.6670 +001.3149 +005.4814 +001.1690 +001.5122 0
L1 02    381 +005.2049 +006.9252 +001.7016 -150.8299 -002.9508 -158.7309 0
L1 03    381 +012.0366 +005.7422 -000.8528 -001.5637 +001.6105 +091.7847 0
L1 04    381 +008.2588 +008.1414 +001.7761 -032.7823 -000.5653 +000.3992 0
L1 05    381 +014.3113 +010.9051 +001.9774 -111.5128 +000.7744 -013.8105 0
L1 06    381 +012.1947 +004.2079 -003.8589 -096.6388 +004.9558 -002.6778 0
L1 07    381 +012.0657 +002.8869 -002.7998 +174.0760 -014.9687 +091.4639 0
L1 08    381 +012.0925 +003.3653 -001.6432 -096.1563 +038.1228 -179.2431 0
L1 01    385 +011.2809 +005.6671 +001.3148 +005.4807 +001.1700 +001.5122 0
L1 02    385 +005.2049 +006.9253 +001.7016 -150.8297 -002.9506 -158.7309 0
L1 03    385 +012.0365 +005.7422 -000.8528 -001.5627 +001.6108 +091.7845 0
L1 04    385 +008.2588 +008.1414 +001.7762 -032.7820 -000.5656 +000.3994 0
L1 05    385 +014.3100 +010.9068 +001.9772 -111.4988 +000.7720 -013.8103 0
L1 06    385 +012.1947 +004.2079 -003.8589 -096.6387 +004.9563 -002.6782 0
L1 07    385 +012.0656 +002.8870 -002.7998 +174.0769 -014.9693 +091.4636 0
L1 08    385 +012.0925 +003.3653 -001.6432 -096.1557 +038.1227 -179.2434 0
L1 01    389 +011.2809 +005.6671 +001.3149 +005.4795 +001.1684 +001.5126 0
L1 02    389 +005.2049 +006.9253 +001.7016 -150.8293 -002.9508 -158.7307 0
L1 03    389 +012.0365 +005.7423 -000.8528 -001.5624 +001.6103 +091.7845 0
L1 04    389 +008.2588 +008.1414 +001.7761 -032.7820 -000.5656 +000.3991 0
L1 05    389 +014.3102 +010.9065 +001.9766 -111.5004 +000.7677 -013.8111 0
L1 06    389 +012.1947 +004.2079 -003.8589 -096.6388 +004.9565 -002.6780 0
L1 07    389 +012.0657 +002.8869 -002.7998 +174.0771 -014.9693 +091.4637 0
L1 08    389 +012.0925 +003.3654 -001.6432 -096.1551 +038.1230 -179.2433 0
L1 01    393 +011.2810 +005.6670 +001.3149 +005.4782 +001.1679 +001.5132 0
L1 02    393 +005.2049 +006.9252 +001.7016 -150.8300 -002.9506 -158.7309 0
L1 03    393 +012.0366 +005.7422 -000.8528 -001.5627 +001.6099 +091.7849 0
L1 04    393 +008.2588 +008.1414 +001.7761 -032.7824 -000.5654 +000.3992 0
L1 05    393 +014.3106 +010.9059 +001.9771 -111.5061 +000.7710 -013.8110 0
L1 06    393 +012.1947 +004.2079 -003.8589 -096.6390 +004.9567 -002.6781 0
L1 07    393 +012.0658 +002.8868 -002.7998 +174.0762 -014.9684 +091.4634 0
L1 08    393 +012.0925 +003.3654 -001.6432 -096.1549 +038.1229 -179.2426 0
L1 01    397 +011.2810 +005.6670 +001.3148 +005.4773 +001.1679 +001.5125 0
L1 02    397 +005.2050 +006.9252 +001.7016 -150.8306 -002.9508 -158.7311 0
L1 03    397 +012.0366 +005.7423 -000.8528 -001.5620 +001.6098 +091.7852 0
L1 04    397 +008.2588 +008.1414 +001.7760 -032.7824 -000.5651 +000.3984 0
L1 05    397 +014.3110 +010.9055 +001.9766 -111.5086 +000.7698 -013.8143 0
L1 06    397 +012.1948 +004.2079 -003.8588 -096.6399 +004.9572 -002.6770 0
L1 07    397 +012.0657 +002.8869 -002.7997 +174.0773 -014.9679 +091.4627 0
L1 08    397 +012.0926 +003.3654 -001.6432 -096.1546 +038.1235 -179.2423 0
L1 01    401 +011.2810 +005.6670 +001.3149 +005.4766 +001.1662 +001.5140 0
L1 02    401 +005.2050 +006.9252 +001.7016 -150.8306 -002.9511 -158.7310 0
L1 03    401 +012.0366 +005.7423 -000.8528 -001.5622 +001.6090 +091.7855 0
L1 04    401 +008.2588 +008.1415 +001.7760 -032.7815 -000.5650 +000.3981 0
L1 05    401 +014.3112 +010.9052 +001.9767 -111.5111 +000.7707 -013.8144 0
L1 06    401 +012.1949 +004.2080 -003.8590 -096.6395 +004.9569 -002.6773 0
L1 07    401 +012.0658 +002.8870 -002.7998 +174.0769 -014.9675 +091.4627 0
L1 08    401 +012.0926 +003.3654 -001.6433 -096.1549 +038.1239 -179.2426 0
L1 01    405 +011.2811 +005.6670 +001.3147 +005.4734 +001.1678 +001.5140 0
L1 02    405 +005.2049 +006.9252 +001.7016 -150.8302 -002.9510 -158.7311 0
L1 03    405 +012.0366 +005.7423 -000.8528 -001.5624 +001.6093 +091.7857 0
L1 04    405 +008.2587 +008.1415 +001.7761 -032.7813 -000.5654 +000.3987 0
L1 05    405 +014.3105 +010.9061 +001.9764 -111.5056 +000.7692 -013.8139 0
L1 06    405 +012.1948 +004.2082 -003.8589 -096.6394 +004.9577 -002.6766 0
L1 07    405 +012.0658 +002.8871 -002.7998 +174.0778 -014.9675 +091.4624 0
L1 08    405 +012.0926 +003.3654 -001.6433 -096.1549 +038.1241 -179.2422 0
L1 01    409 +011.2810 +005.6671 +001.3148 +005.4732 +001.1677 +001.5142 0
L1 02    409 +005.2049 +006.9252 +001.7016 -150.8301 -002.9509 -158.7310 0
L1 03    409 +012.0365 +005.7425 -000.8528 -001.5608 +001.6092 +091.7857 0
L1 04    409 +008.2587 +008.1416 +001.7761 -032.7806 -000.5654 +000.3986 0
L1 05    409 +014.3103 +010.9066 +001.9769 -111.4994 +000.7708 -013.8115 0
L1 06    409 +012.1948 +004.2082 -003.8590 -096.6387 +004.9575 -002.6772 0
L1 07    409 +012.0657 +002.8872 -002.7999 +174.0787 -014.9686 +091.4624 0
L1 08    409 +012.0926 +003.3655 -001.6433 -096.1546 +038.1243 -179.2423 0
L1 01    413 +011.2810 +005.6670 +001.3147 +005.4720 +001.1686 +001.5139 0
L1 02    413 +005.2049 +006.9252 +001.7016 -150.8303 -002.9511 -158.7309 0
L1 03    413 +012.0366 +005.7424 -000.8528 -001.5618 +001.6096 +091.7851 0
L1 04    413 +008.2588 +008.1415 +001.7760 -032.7813 -000.5653 +000.3985 0
L1 05    413 +014.3105 +010.9062 +001.9768 -111.5019 +000.7685 -013.8140 0
L1 06    413 +012.1948 +004.2080 -003.8589 -096.6405 +004.9569 -002.6770 0
L1 07    413 +012.0657 +002.8870 -002.8000 +174.0772 -014.9692 +091.4640 0
L1 08    413 +012.0926 +003.3654 -001.6432 -096.1554 +038.1243 -179.2424 0
L1 01    417 +011.2810 +005.6670 +001.3148 +005.4724 +001.1682 +001.5141 0
L1 02    417 +005.2050 +006.9252 +001.7015 -150.8308 -002.9515 -158.7308 0
L1 03    417 +012.0366 +005.7422 -000.8529 -001.5630 +001.6099 +091.7848 0
L1 04    417 +008.2588 +008.1415 +001.7760 -032.7817 -000.5653 +000.3986 0
L1 05    417 +014.3109 +010.9056 +001.9764 -111.5071 +000.7674 -013.8161 0
L1 06    417 +012.1948 +004.2080 -003.8589 -096.6407 +004.9569 -002.6772 0
L1 07    417 +012.0657 +002.8870 -002.7999 +174.0769 -014.9683 +091.4638 0
L1 08    417 +012.0926 +003.3654 -001.6433 -096.1560 +038.1238 -179.2429 0
L1 01    421 +011.2810 +005.6671 +001.3149 +005.4749 +001.1665 +001.5137 0
L1 02    421 +005.2049 +006.9252 +001.7016 -150.8304 -002.9511 -158.7308 0
L1 03    421 +012.0366 +005.7423 -000.8529 -001.5627 +001.6099 +091.7850 0
L1 04    421 +008.2588 +008.1415 +001.7760 -032.7818 -000.5652 +000.3983 0
L1 05    421 +014.3104 +010.9062 +001.9772 -111.5028 +000.7709 -013.8128 0
L1 06    421 +012.1948 +004.2081 -003.8590 -096.6400 +004.9572 -002.6777 0
L1 07    421 +012.0657 +002.8871 -002.7998 +174.0780 -014.9682 +091.4629 0
L1 08    421 +012.0926 +003.3654 -001.6433 -096.1555 +038.1237 -179.2430 0
L1 01    425 +011.2809 +005.6672 +001.3149 +005.4761 +001.1660 +001.5140 0
L1 02    425 +005.2049 +006.9253 +001.7016 -150.8298 -002.9512 -158.7309 0
L1 03    425 +012.0365 +005.7424 -000.8529 -001.5616 +001.6100 +091.7850 0
L1 04    425 +008.2587 +008.1415 +001.7761 -032.7812 -000.5655 +000.3986 0
L1 05    425 +014.3107 +010.9059 +001.9766 -111.5046 +000.7693 -013.8146 0
L1 06    425 +012.1946 +004.2082 -003.8593 -096.6399 +004.9564 -002.6796 0
L1 07    425 +012.0657 +002.8873 -002.8000 +174.0799 -014.9693 +091.4630 0
L1 08    425 +012.0925 +003.3655 -001.6433 -096.1545 +038.1241 -179.2435 0
L1 01    429 +011.2809 +005.6672 +001.3149 +005.4757 +001.1664 +001.5150 0
L1 02    429 +005.2049 +006.9253 +001.7016 -150.8300 -002.9510 -158.7312 0
L1 03    429 +012.0365 +005.7423 -000.8528 -001.5619 +001.6097 +091.7852 0
L1 04    429 +008.2587 +008.1415 +001.7761 -032.7809 -000.5654 +000.3987 0
L1 05    429 +014.3107 +010.9059 +001.9767 -111.5047 +000.7691 -013.8142 0
L1 06    429 +012.1947 +004.2082 -003.8590 -096.6401 +004.9567 -002.6781 0
L1 07    429 +012.0657 +002.8872 -002.8000 +174.0784 -014.9700 +091.4627 0
L1 08    429 +012.0926 +003.3655 -001.6433 -096.1551 +038.1238 -179.2437 0
L1 01    433 +011.2810 +005.6670 +001.3149 +005.4725 +001.1669 +001.5157 0
L1 02    433 +005.2050 +006.9252 +001.7016 -150.8306 -002.9512 -158.7313 0
L1 03    433 +012.0366 +005.7421 -000.8529 -001.5650 +001.6096 +091.7851 0
L1 04    433 +008.2588 +008.1414 +001.7760 -032.7820 -000.5654 +000.3986 0
L1 05    433 +014.3109 +010.9055 +001.9764 -111.5075 +000.7675 -013.8160 0
L1 06    433 +012.1947 +004.2082 -003.8589 -096.6411 +004.9576 -002.6778 0
L1 07    433 +012.0658 +002.8870 -002.8000 +174.0762 -014.9684 +091.4633 0
L1 08    433 +012.0926 +003.3653 -001.6433 -096.1566 +038.1238 -179.2430 0
L1 01    437 +011.2810 +005.6671 +001.3149 +005.4741 +001.1667 +001.5152 0
L1 02    437 +005.2049 +006.9252 +001.7016 -150.8300 -002.9508 -158.7312 0
L1 03    437 +012.0365 +005.7424 -000.8529 -001.5614 +001.6095 +091.7858 0
L1 04    437 +008.2587 +008.1415 +001.7760 -032.7811 -000.5654 +000.3984 0
L1 05    437 +014.3106 +010.9060 +001.9761 -111.5048 +000.7664 -013.8160 0
L1 06    437 +012.1948 +004.2081 -003.8589 -096.6421 +004.9577 -002.6777 0
L1 07    437 +012.0658 +002.8871 -002.7999 +174.0778 -014.9684 +091.4629 0
L1 08    437 +012.0926 +003.3654 -001.6433 -096.1551 +038.1243 -179.2430 0
L1 01    441 +011.2810 +005.6671 +001.3148 +005.4744 +001.1670 +001.5147 0
L1 02    441 +005.2049 +006.9252 +001.7016 -150.8300 -002.9509 -158.7310 0
L1 03    441 +012.0365 +005.7425 -000.8528 -001.5607 +001.6091 +091.7854 0
L1 04    441 +008.2587 +008.1415 +001.7760 -032.7810 -000.5654 +000.3981 0
L1 05    441 +014.3106 +010.9062 +001.9766 -111.5033 +000.7679 -013.8159 0
L1 06    441 +012.1948 +004.2082 -003.8589 -096.6414 +004.9578 -002.6777 0
L1 07    441 +012.0658 +002.8872 -002.7998 +174.0788 -014.9674 +091.4620 0
L1 08    441 +012.0926 +003.3655 -001.6433 -096.1545 +038.1244 -179.2431 0
L1 01    445 +011.2810 +005.6671 +001.3149 +005.4768 +001.1668 +001.5147 0
L1 02    445 +005.2049 +006.9252 +001.7016 -150.8301 -002.9511 -158.7308 0
L1 03    445 +012.0365 +005.7424 -000.8528 -001.5616 +001.6089 +091.7856 0
L1 04    445 +008.2587 +008.1415 +001.7760 -032.7811 -000.5655 +000.3981 0
L1 05    445 +014.3104 +010.9063 +001.9766 -111.5025 +000.7683 -013.8166 0
L1 06    445 +012.1948 +004.2081 -003.8590 -096.6424 +004.9576 -002.6784 0
L1 07    445 +012.0658 +002.8871 -002.7999 +174.0786 -014.9687 +091.4620 0
L1 08    445 +012.0926 +003.3655 -001.6433 -096.1545 +038.1244 -179.2433 0
L1 01    449 +011.2810 +005.6670 +001.3149 +005.4756 +001.1681 +001.5147 0
L1 02    449 +005.2049 +006.9252 +001.7016 -150.8302 -002.9510 -158.7310 0
L1 03    449 +012.0365 +005.7423 -000.8528 -001.5622 +001.6093 +091.7853 0
L1 04    449 +008.2588 +008.1415 +001.7760 -032.7817 -000.5653 +000.3983 0
L1 05    449 +014.3105 +010.9062 +001.9767 -111.5032 +000.7685 -013.8163 0
L1 06    449 +012.1948 +004.2080 -003.8589 -096.6445 +004.9572 -002.6773 0
L1 07    449 +012.0658 +002.8870 -002.7999 +174.0769 -014.9686 +091.4628 0
L1 08    449 +012.0925 +003.3654 -001.6433 -096.1552 +038.1241 -179.2437 0
