L1 01      3 +010.4196 -002.7205 +001.2596 -151.4566 +001.7942 +001.2262 0
L1 02      3 +005.2896 +006.9182 +001.7012 -152.4928 -002.9632 -158.5118 0
L1 03      3 +009.7799 -003.0605 -000.9209 -157.4329 +002.3385 +091.3052 0
L1 04      3 +008.3932 +008.0483 +001.7757 -031.3027 -000.5832 +000.3928 0
L1 05      3 +014.4789 +010.5602 +001.9708 -109.2055 +000.3751 -013.3421 0
L1 06      3 +008.9840 -001.6834 -003.8802 +111.8466 +003.1522 -001.4815 0
L1 07      3 +008.4894 -000.2605 -003.4658 +031.0037 -012.3600 +046.3199 0
L1 08      3 +008.3330 +000.1977 -002.9081 -068.2526 +043.5747 +003.1526 0
L1 01      7 +010.4196 -002.7205 +001.2596 -151.4573 +001.7947 +001.2267 0
L1 02      7 +005.2896 +006.9182 +001.7012 -152.4929 -002.9632 -158.5120 0
L1 03      7 +009.7799 -003.0605 -000.9209 -157.4325 +002.3391 +091.3052 0
L1 04      7 +008.3932 +008.0483 +001.7757 -031.3031 -000.5831 +000.3928 0
L1 05      7 +014.4790 +010.5601 +001.9708 -109.2058 +000.3755 -013.3443 0
L1 06      7 +008.9840 -001.6833 -003.8802 +111.8486 +003.1520 -001.4815 0
L1 07      7 +008.4894 -000.2605 -003.4658 +031.0038 -012.3601 +046.3202 0
L1 08      7 +008.3330 +000.1977 -002.9081 -068.2503 +043.5752 +003.1541 0
L1 01     11 +010.4196 -002.7205 +001.2596 -151.4576 +001.7945 +001.2267 0
L1 02     11 +005.2896 +006.9181 +001.7012 -152.4931 -002.9631 -158.5122 0
L1 03     11 +009.7800 -003.0605 -000.9209 -157.4325 +002.3394 +091.3052 0
L1 04     11 +008.3933 +008.0483 +001.7757 -031.3034 -000.5830 +000.3930 0
L1 05     11 +014.4789 +010.5601 +001.9710 -109.2043 +000.3762 -013.3431 0
L1 06     11 +008.9840 -001.6833 -003.8803 +111.8494 +003.1519 -001.4812 0
L1 07     11 +008.4894 -000.2604 -003.4658 +031.0041 -012.3602 +046.3206 0
L1 08     11 +008.3330 +000.1977 -002.9080 -068.2479 +043.5747 +003.1561 0
L1 01     15 +010.4196 -002.7205 +001.2596 -151.4571 +001.7944 +001.2263 0
L1 02     15 +005.2896 +006.9182 +001.7012 -152.4928 -002.9632 -158.5120 0
L1 03     15 +009.7800 -003.0604 -000.9209 -157.4323 +002.3394 +091.3050 0
L1 04     15 +008.3932 +008.0483 +001.7757 -031.3028 -000.5832 +000.3929 0
L1 05     15 +014.4792 +010.5598 +001.9713 -109.2083 +000.3752 -013.3416 0
L1 06     15 +008.9840 -001.6835 -003.8802 +111.8495 +003.1525 -001.4816 0
L1 07     15 +008.4894 -000.2604 -003.4658 +031.0050 -012.3608 +046.3204 0
L1 08     15 +008.3330 +000.1977 -002.9080 -068.2458 +043.5749 +003.1566 0
L1 01     19 +010.4196 -002.7205 +001.2596 -151.4575 +001.7948 +001.2265 0
L1 02     19 +005.2896 +006.9182 +001.7012 -152.4926 -002.9633 -158.5117 0
L1 03     19 +009.7800 -003.0605 -000.9209 -157.4326 +002.3392 +091.3050 0
L1 04     19 +008.3932 +008.0483 +001.7757 -031.3032 -000.5833 +000.3928 0
L1 05     19 +014.4789 +010.5601 +001.9710 -109.2050 +000.3737 -013.3417 0
L1 06     19 +008.9840 -001.6834 -003.8802 +111.8508 +003.1523 -001.4815 0
L1 07     19 +008.4894 -000.2604 -003.4658 +031.0050 -012.3607 +046.3205 0
L1 08     19 +008.3330 +000.1977 -002.9081 -068.2454 +043.5751 +003.1571 0
L1 01     23 +010.4196 -002.7205 +001.2596 -151.4581 +001.7944 +001.2265 0
L1 02     23 +005.2896 +006.9182 +001.7012 -152.4930 -002.9633 -158.5116 0
L1 03     23 +009.7799 -003.0605 -000.9209 -157.4325 +002.3392 +091.3049 0
L1 04     23 +008.3932 +008.0483 +001.7758 -031.3030 -000.5833 +000.3929 0
L1 05     23 +014.4791 +010.5602 +001.9709 -109.2042 +000.3727 -013.3426 0
L1 06     23 +008.9840 -001.6834 -003.8803 +111.8516 +003.1521 -001.4812 0
L1 07     23 +008.4894 -000.2604 -003.4658 +031.0059 -012.3612 +046.3206 0
L1 08     23 +008.3330 +000.1977 -002.9081 -068.2436 +043.5752 +003.1575 0
L1 01     27 +010.4196 -002.7206 +001.2596 -151.4593 +001.7951 +001.2268 0
L1 02     27 +005.2896 +006.9181 +001.7013 -152.4932 -002.9633 -158.5119 0
L1 03     27 +009.7799 -003.0604 -000.9209 -157.4324 +002.3396 +091.3050 0
L1 04     27 +008.3932 +008.0483 +001.7758 -031.3033 -000.5833 +000.3930 0
L1 05     27 +014.4791 +010.5600 +001.9711 -109.2046 +000.3741 -013.3426 0
L1 06     27 +008.9840 -001.6833 -003.8803 +111.8534 +003.1520 -001.4811 0
L1 07     27 +008.4894 -000.2604 -003.4658 +031.0058 -012.3614 +046.3208 0
L1 08     27 +008.3330 +000.1977 -002.9081 -068.2424 +043.5748 +003.1591 0
L1 01     31 +010.4196 -002.7205 +001.2596 -151.4586 +001.7950 +001.2264 0
L1 02     31 +005.2896 +006.9181 +001.7013 -152.4931 -002.9631 -158.5120 0
L1 03     31 +009.7799 -003.0605 -000.9209 -157.4328 +002.3398 +091.3049 0
L1 04     31 +008.3932 +008.0482 +001.7758 -031.3037 -000.5831 +000.3930 0
L1 05     31 +014.4789 +010.5601 +001.9709 -109.2037 +000.3726 -013.3429 0
L1 06     31 +008.9840 -001.6833 -003.8803 +111.8551 +003.1513 -001.4814 0
L1 07     31 +008.4894 -000.2604 -003.4659 +031.0057 -012.3614 +046.3208 0
L1 08     31 +008.3330 +000.1977 -002.9081 -068.2411 +043.5751 +003.1600 0
L1 01     35 +010.4196 -002.7205 +001.2597 -151.4593 +001.7956 +001.2270 0
L1 02     35 +005.2896 +006.9182 +001.7012 -152.4929 -002.9633 -158.5120 0
L1 03     35 +009.7800 -003.0605 -000.9209 -157.4326 +002.3402 +091.3050 0
L1 04     35 +008.3932 +008.0483 +001.7758 -031.3034 -000.5832 +000.3935 0
L1 05     35 +014.4791 +010.5598 +001.9713 -109.2063 +000.3759 -013.3415 0
L1 06     35 +008.9840 -001.6833 -003.8802 +111.8550 +003.1519 -001.4817 0
L1 07     35 +008.4894 -000.2604 -003.4659 +031.0060 -012.3614 +046.3209 0
L1 08     35 +008.3330 +000.1977 -002.9081 -068.2384 +043.5753 +003.1616 0
L1 01     39 +010.4196 -002.7206 +001.2596 -151.4601 +001.7945 +001.2264 0
L1 02     39 +005.2896 +006.9181 +001.7012 -152.4934 -002.9633 -158.5123 0
L1 03     39 +009.7800 -003.0605 -000.9209 -157.4327 +002.3400 +091.3049 0
L1 04     39 +008.3932 +008.0483 +001.7758 -031.3033 -000.5834 +000.3935 0
L1 05     39 +014.4794 +010.5596 +001.9711 -109.2079 +000.3748 -013.3416 0
L1 06     39 +008.9840 -001.6833 -003.8803 +111.8566 +003.1515 -001.4813 0
L1 07     39 +008.4894 -000.2604 -003.4659 +031.0062 -012.3616 +046.3205 0
L1 08     39 +008.3330 +000.1978 -002.9081 -068.2360 +043.5754 +003.1626 0
L1 01     43 +010.4196 -002.7205 +001.2596 -151.4597 +001.7951 +001.2268 0
L1 02     43 +005.2896 +006.9182 +001.7013 -152.4930 -002.9630 -158.5121 0
L1 03     43 +009.7800 -003.0604 -000.9209 -157.4320 +002.3403 +091.3051 0
L1 04     43 +008.3932 +008.0483 +001.7758 -031.3027 -000.5834 +000.3935 0
L1 05     43 +014.4790 +010.5602 +001.9712 -109.2027 +000.3749 -013.3401 0
L1 06     43 +008.9840 -001.6833 -003.8803 +111.8570 +003.1521 -001.4812 0
L1 07     43 +008.4894 -000.2604 -003.4658 +031.0063 -012.3620 +046.3202 0
L1 08     43 +008.3330 +000.1977 -002.9081 -068.2353 +043.5753 +003.1630 0
L1 01     47 +010.4196 -002.7206 +001.2597 -151.4607 +001.7954 +001.2270 0
L1 02     47 +005.2896 +006.9181 +001.7013 -152.4937 -002.9630 -158.5122 0
L1 03     47 +009.7799 -003.0605 -000.9209 -157.4326 +002.3402 +091.3052 0
L1 04     47 +008.3932 +008.0483 +001.7758 -031.3034 -000.5832 +000.3933 0
L1 05     47 +014.4791 +010.5599 +001.9714 -109.2056 +000.3756 -013.3405 0
L1 06     47 +008.9840 -001.6833 -003.8803 +111.8579 +003.1519 -001.4803 0
L1 07     47 +008.4894 -000.2604 -003.4658 +031.0062 -012.3618 +046.3199 0
L1 08     47 +008.3330 +000.1977 -002.9081 -068.2348 +043.5745 +003.1640 0
L1 01     51 +010.4196 -002.7206 +001.2596 -151.4606 +001.7951 +001.2269 0
L1 02     51 +005.2896 +006.9181 +001.7013 -152.4933 -002.9631 -158.5120 0
L1 03     51 +009.7800 -003.0605 -000.9209 -157.4325 +002.3401 +091.3050 0
L1 04     51 +008.3932 +008.0483 +001.7758 -031.3033 -000.5830 +000.3931 0
L1 05     51 +014.4789 +010.5602 +001.9715 -109.2046 +000.3762 -013.3399 0
L1 06     51 +008.9840 -001.6833 -003.8803 +111.8591 +003.1522 -001.4808 0
L1 07     51 +008.4894 -000.2604 -003.4658 +031.0069 -012.3619 +046.3200 0
L1 08     51 +008.3330 +000.1977 -002.9081 -068.2328 +043.5749 +003.1648 0
L1 01     55 +010.4196 -002.7206 +001.2596 -151.4609 +001.7950 +001.2270 0
L1 02     55 +005.2896 +006.9181 +001.7013 -152.4934 -002.9632 -158.5119 0
L1 03     55 +009.7800 -003.0605 -000.9209 -157.4323 +002.3402 +091.3052 0
L1 04     55 +008.3932 +008.0482 +001.7758 -031.3038 -000.5832 +000.3932 0
L1 05     55 +014.4790 +010.5600 +001.9715 -109.2055 +000.3755 -013.3405 0
L1 06     55 +008.9840 -001.6833 -003.8803 +111.8599 +003.1521 -001.4812 0
L1 07     55 +008.4894 -000.2604 -003.4658 +031.0070 -012.3618 +046.3202 0
L1 08     55 +008.3330 +000.1977 -002.9081 -068.2311 +043.5749 +003.1657 0
L1 01     59 +010.4196 -002.7205 +001.2596 -151.4600 +001.7946 +001.2264 0
L1 02     59 +005.2896 +006.9182 +001.7013 -152.4932 -002.9630 -158.5121 0
L1 03     59 +009.7800 -003.0604 -000.9209 -157.4316 +002.3400 +091.3046 0
L1 04     59 +008.3932 +008.0483 +001.7758 -031.3026 -000.5835 +000.3928 0
L1 05     59 +014.4788 +010.5603 +001.9716 -109.2033 +000.3744 -013.3401 0
L1 06     59 +008.9840 -001.6832 -003.8803 +111.8629 +003.1509 -001.4814 0
L1 07     59 +008.4894 -000.2604 -003.4658 +031.0074 -012.3624 +046.3203 0
L1 08     59 +008.3330 +000.1978 -002.9081 -068.2288 +043.5754 +003.1668 0
L1 01     63 +010.4196 -002.7205 +001.2596 -151.4604 +001.7948 +001.2264 0
L1 02     63 +005.2896 +006.9181 +001.7013 -152.4934 -002.9627 -158.5122 0
L1 03     63 +009.7800 -003.0604 -000.9209 -157.4321 +002.3404 +091.3047 0
L1 04     63 +008.3932 +008.0483 +001.7757 -031.3034 -000.5833 +000.3929 0
L1 05     63 +014.4790 +010.5599 +001.9714 -109.2064 +000.3735 -013.3416 0
L1 06     63 +008.9840 -001.6833 -003.8803 +111.8616 +003.1523 -001.4805 0
L1 07     63 +008.4894 -000.2604 -003.4658 +031.0074 -012.3624 +046.3204 0
L1 08     63 +008.3330 +000.1977 -002.9081 -068.2285 +043.5748 +003.1677 0
L1 01     67 +010.4196 -002.7206 +001.2596 -151.4619 +001.7948 +001.2269 0
L1 02     67 +005.2896 +006.9181 +001.7012 -152.4938 -002.9631 -158.5122 0
L1 03     67 +009.7800 -003.0604 -000.9209 -157.4322 +002.3404 +091.3049 0
L1 04     67 +008.3933 +008.0482 +001.7758 -031.3043 -000.5833 +000.3935 0
L1 05     67 +014.4794 +010.5598 +001.9710 -109.2082 +000.3718 -013.3424 0
L1 06     67 +008.9840 -001.6833 -003.8802 +111.8624 +003.1524 -001.4809 0
L1 07     67 +008.4894 -000.2604 -003.4658 +031.0074 -012.3625 +046.3202 0
L1 08     67 +008.3330 +000.1977 -002.9081 -068.2271 +043.5748 +003.1686 0
L1 01     71 +010.4196 -002.7206 +001.2596 -151.4621 +001.7949 +001.2263 0
L1 02     71 +005.2896 +006.9181 +001.7013 -152.4938 -002.9630 -158.5121 0
L1 03     71 +009.7800 -003.0605 -000.9209 -157.4323 +002.3406 +091.3050 0
L1 04     71 +008.3933 +008.0481 +001.7757 -031.3048 -000.5829 +000.3931 0
L1 05     71 +014.4795 +010.5591 +001.9717 -109.2113 +000.3737 -013.3407 0
L1 06     71 +008.9840 -001.6833 -003.8803 +111.8634 +003.1523 -001.4802 0
L1 07     71 +008.4894 -000.2604 -003.4659 +031.0077 -012.3621 +046.3201 0
L1 08     71 +008.3330 +000.1977 -002.9081 -068.2254 +043.5746 +003.1698 0
L1 01     75 +010.4196 -002.7205 +001.2596 -151.4617 +001.7953 +001.2268 0
L1 02     75 +005.2896 +006.9181 +001.7013 -152.4933 -002.9630 -158.5118 0
L1 03     75 +009.7800 -003.0603 -000.9209 -157.4307 +002.3411 +091.3050 0
L1 04     75 +008.3932 +008.0483 +001.7758 -031.3034 -000.5832 +000.3932 0
L1 05     75 +014.4792 +010.5599 +001.9714 -109.2074 +000.3727 -013.3422 0
L1 06     75 +008.9840 -001.6833 -003.8803 +111.8659 +003.1517 -001.4811 0
L1 07     75 +008.4894 -000.2604 -003.4658 +031.0081 -012.3626 +046.3202 0
L1 08     75 +008.3331 +000.1978 -002.9081 -068.2212 +043.5749 +003.1718 0
L1 01     79 +010.4196 -002.7205 +001.2596 -151.4614 +001.7949 +001.2268 0
L1 02     79 +005.2896 +006.9181 +001.7013 -152.4933 -002.9630 -158.5118 0
L1 03     79 +009.7800 -003.0604 -000.9209 -157.4311 +002.3408 +091.3050 0
L1 04     79 +008.3933 +008.0483 +001.7757 -031.3033 -000.5831 +000.3925 0
L1 05     79 +014.4792 +010.5601 +001.9707 -109.2061 +000.3681 -013.3457 0
L1 06     79 +008.9840 -001.6833 -003.8803 +111.8660 +003.1520 -001.4808 0
L1 07     79 +008.4894 -000.2604 -003.4659 +031.0086 -012.3623 +046.3204 0
L1 08     79 +008.3330 +000.1977 -002.9081 -068.2209 +043.5750 +003.1721 0
L1 01     83 +010.4196 -002.7205 +001.2596 -151.4620 +001.7946 +001.2268 0
L1 02     83 +005.2896 +006.9182 +001.7013 -152.4930 -002.9630 -158.5118 0
L1 03     83 +009.7800 -003.0604 -000.9209 -157.4310 +002.3410 +091.3050 0
L1 04     83 +008.3932 +008.0483 +001.7757 -031.3032 -000.5832 +000.3927 0
L1 05     83 +014.4788 +010.5606 +001.9710 -109.2038 +000.3678 -013.3423 0
L1 06     83 +008.9840 -001.6833 -003.8803 +111.8671 +003.1521 -001.4810 0
L1 07     83 +008.4894 -000.2604 -003.4658 +031.0086 -012.3627 +046.3202 0
L1 08     83 +008.3330 +000.1977 -002.9081 -068.2197 +043.5746 +003.1729 0
L1 01     87 +010.4196 -002.7205 +001.2596 -151.4622 +001.7947 +001.2267 0
L1 02     87 +005.2896 +006.9181 +001.7012 -152.4935 -002.9631 -158.5119 0
L1 03     87 +009.7800 -003.0604 -000.9209 -157.4318 +002.3411 +091.3050 0
L1 04     87 +008.3933 +008.0482 +001.7757 -031.3037 -000.5832 +000.3927 0
L1 05     87 +014.4791 +010.5601 +001.9710 -109.2064 +000.3675 -013.3428 0
L1 06     87 +008.9840 -001.6833 -003.8803 +111.8677 +003.1524 -001.4808 0
L1 07     87 +008.4894 -000.2604 -003.4658 +031.0088 -012.3629 +046.3200 0
L1 08     87 +008.3330 +000.1977 -002.9081 -068.2184 +043.5745 +003.1739 0
L1 01     91 +010.4196 -002.7205 +001.2596 -151.4624 +001.7951 +001.2271 0
L1 02     91 +005.2896 +006.9181 +001.7012 -152.4938 -002.9631 -158.5119 0
L1 03     91 +009.7800 -003.0604 -000.9208 -157.4319 +002.3415 +091.3051 0
L1 04     91 +008.3933 +008.0482 +001.7758 -031.3044 -000.5832 +000.3930 0
L1 05     91 +014.4795 +010.5596 +001.9710 -109.2102 +000.3675 -013.3437 0
L1 06     91 +008.9840 -001.6833 -003.8802 +111.8683 +003.1525 -001.4809 0
L1 07     91 +008.4894 -000.2604 -003.4658 +031.0084 -012.3629 +046.3192 0
L1 08     91 +008.3331 +000.1977 -002.9081 -068.2166 +043.5745 +003.1750 0
L1 01     95 +010.4196 -002.7205 +001.2596 -151.4623 +001.7946 +001.2266 0
L1 02     95 +005.2896 +006.9181 +001.7013 -152.4933 -002.9628 -158.5120 0
L1 03     95 +009.7800 -003.0604 -000.9209 -157.4315 +002.3414 +091.3050 0
L1 04     95 +008.3932 +008.0482 +001.7758 -031.3036 -000.5836 +000.3932 0
L1 05     95 +014.4794 +010.5599 +001.9707 -109.2082 +000.3664 -013.3460 0
L1 06     95 +008.9840 -001.6833 -003.8803 +111.8691 +003.1519 -001.4805 0
L1 07     95 +008.4894 -000.2604 -003.4658 +031.0092 -012.3627 +046.3201 0
L1 08     95 +008.3331 +000.1977 -002.9081 -068.2147 +043.5744 +003.1763 0
L1 01     99 +010.4196 -002.7205 +001.2596 -151.4629 +001.7942 +001.2268 0
L1 02     99 +005.2896 +006.9182 +001.7012 -152.4929 -002.9631 -158.5117 0
L1 03     99 +009.7800 -003.0604 -000.9209 -157.4315 +002.3414 +091.3050 0
L1 04     99 +008.3932 +008.0483 +001.7758 -031.3031 -000.5833 +000.3929 0
L1 05     99 +014.4791 +010.5602 +001.9712 -109.2061 +000.3675 -013.3433 0
L1 06     99 +008.9840 -001.6833 -003.8803 +111.8703 +003.1521 -001.4806 0
L1 07     99 +008.4894 -000.2604 -003.4658 +031.0098 -012.3632 +046.3197 0
L1 08     99 +008.3331 +000.1977 -002.9081 -068.2131 +043.5747 +003.1769 0
L1 01    103 +010.4196 -002.7205 +001.2597 -151.4628 +001.7952 +001.2273 0
L1 02    103 +005.2896 +006.9182 +001.7013 -152.4929 -002.9627 -158.5117 0
L1 03    103 +009.7800 -003.0604 -000.9209 -157.4310 +002.3415 +091.3050 0
L1 04    103 +008.3932 +008.0483 +001.7757 -031.3032 -000.5834 +000.3927 0
L1 05    103 +014.4793 +010.5600 +001.9712 -109.2071 +000.3667 -013.3423 0
L1 06    103 +008.9840 -001.6833 -003.8803 +111.8715 +003.1526 -001.4808 0
L1 07    103 +008.4894 -000.2604 -003.4658 +031.0098 -012.3631 +046.3198 0
L1 08    103 +008.3331 +000.1978 -002.9081 -068.2107 +043.5745 +003.1787 0
L1 01    107 +010.4196 -002.7205 +001.2597 -151.4632 +001.7952 +001.2274 0
L1 02    107 +005.2896 +006.9181 +001.7013 -152.4931 -002.9629 -158.5117 0
L1 03    107 +009.7800 -003.0604 -000.9209 -157.4311 +002.3419 +091.3051 0
L1 04    107 +008.3932 +008.0483 +001.7758 -031.3031 -000.5833 +000.3930 0
L1 05    107 +014.4793 +010.5600 +001.9709 -109.2070 +000.3663 -013.3438 0
L1 06    107 +008.9840 -001.6833 -003.8803 +111.8735 +003.1519 -001.4808 0
L1 07    107 +008.4894 -000.2604 -003.4658 +031.0103 -012.3634 +046.3198 0
L1 08    107 +008.3331 +000.1977 -002.9081 -068.2099 +043.5747 +003.1792 0
L1 01    111 +010.4196 -002.7205 +001.2596 -151.4639 +001.7949 +001.2270 0
L1 02    111 +005.2896 +006.9181 +001.7013 -152.4932 -002.9630 -158.5119 0
L1 03    111 +009.7800 -003.0604 -000.9209 -157.4316 +002.3417 +091.3049 0
L1 04    111 +008.3933 +008.0482 +001.7758 -031.3037 -000.5833 +000.3929 0
L1 05    111 +014.4792 +010.5601 +001.9709 -109.2065 +000.3664 -013.3447 0
L1 06    111 +008.9840 -001.6833 -003.8803 +111.8729 +003.1524 -001.4803 0
L1 07    111 +008.4894 -000.2604 -003.4658 +031.0103 -012.3633 +046.3200 0
L1 08    111 +008.3331 +000.1978 -002.9081 -068.2083 +043.5744 +003.1801 0
L1 01    115 +010.4196 -002.7205 +001.2596 -151.4645 +001.7949 +001.2271 0
L1 02    115 +005.2896 +006.9181 +001.7013 -152.4931 -002.9628 -158.5120 0
L1 03    115 +009.7800 -003.0604 -000.9209 -157.4314 +002.3417 +091.3051 0
L1 04    115 +008.3932 +008.0483 +001.7758 -031.3034 -000.5833 +000.3930 0
L1 05    115 +014.4795 +010.5596 +001.9713 -109.2098 +000.3682 -013.3423 0
L1 06    115 +008.9840 -001.6833 -003.8803 +111.8737 +003.1523 -001.4806 0
L1 07    115 +008.4894 -000.2604 -003.4658 +031.0110 -012.3633 +046.3201 0
L1 08    115 +008.3331 +000.1977 -002.9081 -068.2068 +043.5744 +003.1811 0
L1 01    119 +010.4196 -002.7205 +001.2596 -151.4649 +001.7950 +001.2269 0
L1 02    119 +005.2896 +006.9181 +001.7013 -152.4936 -002.9629 -158.5121 0
L1 03    119 +009.7800 -003.0604 -000.9209 -157.4316 +002.3418 +091.3051 0
L1 04    119 +008.3933 +008.0482 +001.7758 -031.3040 -000.5833 +000.3931 0
L1 05    119 +014.4796 +010.5595 +001.9713 -109.2118 +000.3675 -013.3423 0
L1 06    119 +008.9840 -001.6833 -003.8803 +111.8747 +003.1524 -001.4804 0
L1 07    119 +008.4894 -000.2604 -003.4658 +031.0106 -012.3637 +046.3193 0
L1 08    119 +008.3331 +000.1977 -002.9081 -068.2050 +043.5742 +003.1823 0
L1 01    123 +010.4196 -002.7205 +001.2596 -151.4642 +001.7950 +001.2269 0
L1 02    123 +005.2896 +006.9181 +001.7013 -152.4932 -002.9626 -158.5121 0
L1 03    123 +009.7800 -003.0604 -000.9209 -157.4313 +002.3420 +091.3049 0
L1 04    123 +008.3932 +008.0482 +001.7758 -031.3035 -000.5833 +000.3930 0
L1 05    123 +014.4793 +010.5599 +001.9711 -109.2092 +000.3668 -013.3432 0
L1 06    123 +008.9840 -001.6833 -003.8803 +111.8767 +003.1525 -001.4811 0
L1 07    123 +008.4894 -000.2604 -003.4658 +031.0115 -012.3640 +046.3194 0
L1 08    123 +008.3331 +000.1978 -002.9081 -068.2028 +043.5745 +003.1837 0
L1 01    127 +010.4196 -002.7205 +001.2596 -151.4648 +001.7945 +001.2267 0
L1 02    127 +005.2896 +006.9182 +001.7013 -152.4933 -002.9629 -158.5119 0
L1 03    127 +009.7800 -003.0604 -000.9209 -157.4311 +002.3420 +091.3050 0
L1 04    127 +008.3932 +008.0482 +001.7758 -031.3036 -000.5833 +000.3931 0
L1 05    127 +014.4797 +010.5595 +001.9709 -109.2111 +000.3658 -013.3441 0
L1 06    127 +008.9840 -001.6833 -003.8803 +111.8780 +003.1522 -001.4807 0
L1 07    127 +008.4894 -000.2604 -003.4658 +031.0114 -012.3637 +046.3195 0
L1 08    127 +008.3331 +000.1978 -002.9081 -068.2023 +043.5744 +003.1837 0
L1 01    131 +010.4196 -002.7205 +001.2595 -151.4648 +001.7943 +001.2265 0
L1 02    131 +005.2896 +006.9181 +001.7012 -152.4934 -002.9632 -158.5119 0
L1 03    131 +009.7800 -003.0603 -000.9209 -157.4308 +002.3420 +091.3048 0
L1 04    131 +008.3932 +008.0483 +001.7758 -031.3032 -000.5835 +000.3931 0
L1 05    131 +014.4793 +010.5600 +001.9712 -109.2067 +000.3663 -013.3425 0
L1 06    131 +008.9840 -001.6833 -003.8803 +111.8783 +003.1524 -001.4807 0
L1 07    131 +008.4894 -000.2604 -003.4658 +031.0118 -012.3638 +046.3200 0
L1 08    131 +008.3331 +000.1978 -002.9081 -068.1998 +043.5745 +003.1854 0
L1 01    135 +010.4196 -002.7204 +001.2597 -151.4643 +001.7951 +001.2271 0
L1 02    135 +005.2896 +006.9181 +001.7013 -152.4932 -002.9630 -158.5118 0
L1 03    135 +009.7800 -003.0604 -000.9209 -157.4308 +002.3425 +091.3050 0
L1 04    135 +008.3932 +008.0483 +001.7758 -031.3027 -000.5833 +000.3928 0
L1 05    135 +014.4794 +010.5596 +001.9716 -109.2094 +000.3690 -013.3420 0
L1 06    135 +008.9840 -001.6833 -003.8803 +111.8785 +003.1528 -001.4806 0
L1 07    135 +008.4895 -000.2604 -003.4658 +031.0118 -012.3645 +046.3195 0
L1 08    135 +008.3331 +000.1978 -002.9081 -068.1990 +043.5739 +003.1865 0
L1 01    139 +010.4196 -002.7206 +001.2597 -151.4674 +001.7958 +001.2278 0
L1 02    139 +005.2897 +006.9181 +001.7013 -152.4939 -002.9629 -158.5121 0
L1 03    139 +009.7800 -003.0604 -000.9208 -157.4310 +002.3429 +091.3055 0
L1 04    139 +008.3932 +008.0482 +001.7758 -031.3038 -000.5833 +000.3930 0
L1 05    139 +014.4793 +010.5597 +001.9714 -109.2093 +000.3683 -013.3431 0
L1 06    139 +008.9840 -001.6833 -003.8803 +111.8792 +003.1528 -001.4800 0
L1 07    139 +008.4894 -000.2604 -003.4658 +031.0119 -012.3642 +046.3192 0
L1 08    139 +008.3331 +000.1978 -002.9081 -068.1976 +043.5742 +003.1870 0
L1 01    143 +010.4196 -002.7206 +001.2596 -151.4679 +001.7951 +001.2271 0
L1 02    143 +005.2897 +006.9181 +001.7013 -152.4942 -002.9626 -158.5122 0
L1 03    143 +009.7800 -003.0604 -000.9208 -157.4314 +002.3428 +091.3054 0
L1 04    143 +008.3932 +008.0482 +001.7758 -031.3039 -000.5832 +000.3930 0
L1 05    143 +014.4794 +010.5596 +001.9711 -109.2104 +000.3669 -013.3448 0
L1 06    143 +008.9840 -001.6833 -003.8803 +111.8803 +003.1530 -001.4800 0
L1 07    143 +008.4895 -000.2604 -003.4658 +031.0117 -012.3641 +046.3190 0
L1 08    143 +008.3331 +000.1978 -002.9081 -068.1970 +043.5741 +003.1871 0
L1 01    147 +010.4196 -002.7205 +001.2596 -151.4664 +001.7951 +001.2269 0
L1 02    147 +005.2896 +006.9181 +001.7013 -152.4937 -002.9626 -158.5120 0
L1 03    147 +009.7800 -003.0604 -000.9208 -157.4308 +002.3428 +091.3055 0
L1 04    147 +008.3931 +008.0484 +001.7758 -031.3029 -000.5834 +000.3930 0
L1 05    147 +014.4795 +010.5598 +001.9714 -109.2088 +000.3685 -013.3436 0
L1 06    147 +008.9840 -001.6833 -003.8803 +111.8822 +003.1527 -001.4808 0
L1 07    147 +008.4895 -000.2604 -003.4658 +031.0123 -012.3645 +046.3192 0
L1 08    147 +008.3331 +000.1978 -002.9081 -068.1939 +043.5746 +003.1888 0
L1 01    151 +010.4196 -002.7206 +001.2597 -151.4674 +001.7953 +001.2273 0
L1 02    151 +005.2896 +006.9181 +001.7013 -152.4936 -002.9628 -158.5122 0
L1 03    151 +009.7800 -003.0604 -000.9208 -157.4307 +002.3428 +091.3054 0
L1 04    151 +008.3931 +008.0484 +001.7758 -031.3024 -000.5834 +000.3930 0
L1 05    151 +014.4793 +010.5600 +001.9714 -109.2064 +000.3685 -013.3439 0
L1 06    151 +008.9840 -001.6832 -003.8803 +111.8835 +003.1525 -001.4801 0
L1 07    151 +008.4895 -000.2604 -003.4658 +031.0129 -012.3645 +046.3193 0
L1 08    151 +008.3331 +000.1978 -002.9081 -068.1915 +043.5741 +003.1906 0
L1 01    155 +010.4196 -002.7205 +001.2597 -151.4671 +001.7954 +001.2274 0
L1 02    155 +005.2896 +006.9181 +001.7013 -152.4934 -002.9626 -158.5121 0
L1 03    155 +009.7800 -003.0604 -000.9208 -157.4305 +002.3432 +091.3055 0
L1 04    155 +008.3931 +008.0484 +001.7758 -031.3024 -000.5836 +000.3930 0
L1 05    155 +014.4790 +010.5603 +001.9715 -109.2047 +000.3672 -013.3424 0
L1 06    155 +008.9840 -001.6832 -003.8803 +111.8846 +003.1522 -001.4807 0
L1 07    155 +008.4894 -000.2604 -003.4658 +031.0132 -012.3643 +046.3197 0
L1 08    155 +008.3331 +000.1978 -002.9081 -068.1907 +043.5744 +003.1911 0
L1 01    159 +010.4196 -002.7206 +001.2597 -151.4687 +001.7955 +001.2273 0
L1 02    159 +005.2896 +006.9181 +001.7013 -152.4938 -002.9625 -158.5122 0
L1 03    159 +009.7800 -003.0604 -000.9208 -157.4310 +002.3432 +091.3055 0
L1 04    159 +008.3932 +008.0482 +001.7758 -031.3041 -000.5832 +000.3937 0
L1 05    159 +014.4794 +010.5596 +001.9713 -109.2090 +000.3674 -013.3450 0
L1 06    159 +008.9840 -001.6833 -003.8803 +111.8846 +003.1532 -001.4800 0
L1 07    159 +008.4894 -000.2604 -003.4659 +031.0127 -012.3639 +046.3192 0
L1 08    159 +008.3331 +000.1978 -002.9081 -068.1902 +043.5738 +003.1919 0
L1 01    163 +010.4196 -002.7206 +001.2596 -151.4689 +001.7953 +001.2269 0
L1 02    163 +005.2897 +006.9181 +001.7013 -152.4944 -002.9627 -158.5121 0
L1 03    163 +009.7800 -003.0604 -000.9209 -157.4315 +002.3431 +091.3053 0
L1 04    163 +008.3932 +008.0482 +001.7758 -031.3040 -000.5833 +000.3934 0
L1 05    163 +014.4792 +010.5599 +001.9711 -109.2072 +000.3661 -013.3450 0
L1 06    163 +008.9840 -001.6833 -003.8803 +111.8850 +003.1531 -001.4803 0
L1 07    163 +008.4894 -000.2604 -003.4658 +031.0130 -012.3639 +046.3194 0
L1 08    163 +008.3331 +000.1978 -002.9081 -068.1887 +043.5740 +003.1924 0
L1 01    167 +010.4196 -002.7207 +001.2596 -151.4696 +001.7951 +001.2272 0
L1 02    167 +005.2897 +006.9181 +001.7013 -152.4943 -002.9630 -158.5121 0
L1 03    167 +009.7800 -003.0604 -000.9209 -157.4315 +002.3430 +091.3052 0
L1 04    167 +008.3933 +008.0482 +001.7758 -031.3043 -000.5833 +000.3932 0
L1 05    167 +014.4794 +010.5598 +001.9706 -109.2093 +000.3617 -013.3466 0
L1 06    167 +008.9840 -001.6833 -003.8803 +111.8860 +003.1535 -001.4801 0
L1 07    167 +008.4894 -000.2604 -003.4658 +031.0132 -012.3639 +046.3188 0
L1 08    167 +008.3331 +000.1977 -002.9081 -068.1879 +043.5738 +003.1930 0
L1 01    171 +010.4196 -002.7206 +001.2596 -151.4690 +001.7948 +001.2269 0
L1 02    171 +005.2897 +006.9181 +001.7013 -152.4938 -002.9629 -158.5119 0
L1 03    171 +009.7800 -003.0604 -000.9209 -157.4311 +002.3431 +091.3051 0
L1 04    171 +008.3932 +008.0483 +001.7758 -031.3031 -000.5834 +000.3933 0
L1 05    171 +014.4794 +010.5599 +001.9710 -109.2079 +000.3641 -013.3455 0
L1 06    171 +008.9840 -001.6833 -003.8803 +111.8871 +003.1528 -001.4802 0
L1 07    171 +008.4894 -000.2604 -003.4658 +031.0138 -012.3643 +046.3191 0
L1 08    171 +008.3331 +000.1978 -002.9081 -068.1849 +043.5743 +003.1947 0
L1 01    175 +010.4196 -002.7205 +001.2596 -151.4682 +001.7948 +001.2267 0
L1 02    175 +005.2896 +006.9181 +001.7013 -152.4935 -002.9626 -158.5120 0
L1 03    175 +009.7800 -003.0604 -000.9208 -157.4307 +002.3434 +091.3052 0
L1 04    175 +008.3932 +008.0483 +001.7758 -031.3025 -000.5836 +000.3929 0
L1 05    175 +014.4789 +010.5604 +001.9717 -109.2024 +000.3666 -013.3410 0
L1 06    175 +008.9840 -001.6832 -003.8803 +111.8894 +003.1523 -001.4796 0
L1 07    175 +008.4894 -000.2603 -003.4659 +031.0147 -012.3643 +046.3194 0
L1 08    175 +008.3331 +000.1978 -002.9081 -068.1836 +043.5748 +003.1951 0
L1 01    179 +010.4196 -002.7205 +001.2596 -151.4688 +001.7948 +001.2270 0
L1 02    179 +005.2896 +006.9182 +001.7013 -152.4933 -002.9628 -158.5119 0
L1 03    179 +009.7800 -003.0604 -000.9209 -157.4308 +002.3434 +091.3051 0
L1 04    179 +008.3931 +008.0484 +001.7758 -031.3024 -000.5835 +000.3931 0
L1 05    179 +014.4793 +010.5601 +001.9712 -109.2055 +000.3638 -013.3429 0
L1 06    179 +008.9840 -001.6832 -003.8803 +111.8897 +003.1529 -001.4801 0
L1 07    179 +008.4895 -000.2603 -003.4658 +031.0147 -012.3649 +046.3193 0
L1 08    179 +008.3331 +000.1978 -002.9081 -068.1821 +043.5741 +003.1967 0
L1 01    183 +010.4196 -002.7205 +001.2596 -151.4693 +001.7948 +001.2270 0
L1 02    183 +005.2896 +006.9181 +001.7013 -152.4937 -002.9627 -158.5122 0
L1 03    183 +009.7800 -003.0604 -000.9209 -157.4309 +002.3433 +091.3051 0
L1 04    183 +008.3932 +008.0483 +001.7758 -031.3027 -000.5836 +000.3932 0
L1 05    183 +014.4792 +010.5603 +001.9710 -109.2049 +000.3628 -013.3434 0
L1 06    183 +008.9840 -001.6832 -003.8803 +111.8907 +003.1529 -001.4797 0
L1 07    183 +008.4895 -000.2604 -003.4658 +031.0146 -012.3646 +046.3191 0
L1 08    183 +008.3331 +000.1978 -002.9081 -068.1812 +043.5739 +003.1971 0
L1 01    187 +010.4196 -002.7206 +001.2596 -151.4702 +001.7952 +001.2274 0
L1 02    187 +005.2897 +006.9181 +001.7013 -152.4940 -002.9628 -158.5120 0
L1 03    187 +009.7800 -003.0604 -000.9208 -157.4308 +002.3437 +091.3053 0
L1 04    187 +008.3932 +008.0483 +001.7757 -031.3032 -000.5835 +000.3930 0
L1 05    187 +014.4796 +010.5597 +001.9707 -109.2085 +000.3621 -013.3451 0
L1 06    187 +008.9840 -001.6833 -003.8802 +111.8911 +003.1532 -001.4803 0
L1 07    187 +008.4894 -000.2604 -003.4659 +031.0150 -012.3643 +046.3191 0
L1 08    187 +008.3331 +000.1978 -002.9081 -068.1794 +043.5738 +003.1980 0
L1 01    191 +010.4196 -002.7205 +001.2596 -151.4695 +001.7952 +001.2276 0
L1 02    191 +005.2896 +006.9181 +001.7013 -152.4936 -002.9629 -158.5117 0
L1 03    191 +009.7800 -003.0604 -000.9208 -157.4304 +002.3438 +091.3053 0
L1 04    191 +008.3931 +008.0484 +001.7758 -031.3018 -000.5837 +000.3931 0
L1 05    191 +014.4791 +010.5604 +001.9712 -109.2038 +000.3627 -013.3422 0
L1 06    191 +008.9840 -001.6832 -003.8803 +111.8932 +003.1530 -001.4796 0
L1 07    191 +008.4894 -000.2604 -003.4658 +031.0155 -012.3648 +046.3192 0
L1 08    191 +008.3331 +000.1978 -002.9081 -068.1773 +043.5742 +003.1992 0
L1 01    195 +010.4196 -002.7206 +001.2596 -151.4702 +001.7948 +001.2274 0
L1 02    195 +005.2896 +006.9181 +001.7013 -152.4938 -002.9625 -158.5119 0
L1 03    195 +009.7800 -003.0604 -000.9208 -157.4305 +002.3438 +091.3053 0
L1 04    195 +008.3932 +008.0483 +001.7758 -031.3025 -000.5837 +000.3930 0
L1 05    195 +014.4792 +010.5602 +001.9711 -109.2049 +000.3632 -013.3427 0
L1 06    195 +008.9840 -001.6832 -003.8803 +111.8932 +003.1530 -001.4792 0
L1 07    195 +008.4894 -000.2604 -003.4658 +031.0152 -012.3651 +046.3191 0
L1 08    195 +008.3331 +000.1978 -002.9081 -068.1757 +043.5739 +003.2003 0
L1 01    199 +010.4196 -002.7206 +001.2596 -151.4706 +001.7946 +001.2273 0
L1 02    199 +005.2897 +006.9181 +001.7013 -152.4939 -002.9628 -158.5120 0
L1 03    199 +009.7800 -003.0604 -000.9208 -157.4306 +002.3439 +091.3054 0
L1 04    199 +008.3932 +008.0483 +001.7757 -031.3027 -000.5835 +000.3927 0
L1 05    199 +014.4791 +010.5602 +001.9710 -109.2057 +000.3622 -013.3434 0
L1 06    199 +008.9840 -001.6832 -003.8803 +111.8944 +003.1530 -001.4799 0
L1 07    199 +008.4895 -000.2604 -003.4658 +031.0154 -012.3653 +046.3191 0
L1 08    199 +008.3331 +000.1978 -002.9081 -068.1746 +043.5738 +003.2014 0
L1 01    203 +010.4196 -002.7205 +001.2596 -151.4707 +001.7954 +001.2274 0
L1 02    203 +005.2896 +006.9181 +001.7013 -152.4937 -002.9625 -158.5122 0
L1 03    203 +009.7800 -003.0604 -000.9208 -157.4306 +002.3443 +091.3054 0
L1 04    203 +008.3932 +008.0483 +001.7757 -031.3031 -000.5835 +000.3930 0
L1 05    203 +014.4792 +010.5599 +001.9711 -109.2072 +000.3627 -013.3438 0
L1 06    203 +008.9840 -001.6832 -003.8803 +111.8947 +003.1535 -001.4799 0
L1 07    203 +008.4894 -000.2604 -003.4658 +031.0155 -012.3651 +046.3188 0
L1 08    203 +008.3332 +000.1978 -002.9081 -068.1726 +043.5740 +003.2028 0
L1 01    207 +010.4196 -002.7205 +001.2597 -151.4708 +001.7953 +001.2279 0
L1 02    207 +005.2897 +006.9181 +001.7013 -152.4938 -002.9626 -158.5119 0
L1 03    207 +009.7800 -003.0603 -000.9208 -157.4303 +002.3443 +091.3055 0
L1 04    207 +008.3932 +008.0483 +001.7757 -031.3028 -000.5836 +000.3928 0
L1 05    207 +014.4796 +010.5596 +001.9714 -109.2079 +000.3655 -013.3435 0
L1 06    207 +008.9840 -001.6832 -003.8803 +111.8956 +003.1531 -001.4795 0
L1 07    207 +008.4894 -000.2604 -003.4658 +031.0156 -012.3649 +046.3190 0
L1 08    207 +008.3331 +000.1978 -002.9081 -068.1711 +043.5737 +003.2035 0
L1 01    211 +010.4196 -002.7206 +001.2596 -151.4711 +001.7952 +001.2277 0
L1 02    211 +005.2896 +006.9181 +001.7013 -152.4936 -002.9628 -158.5115 0
L1 03    211 +009.7800 -003.0604 -000.9208 -157.4304 +002.3442 +091.3055 0
L1 04    211 +008.3932 +008.0483 +001.7757 -031.3029 -000.5835 +000.3928 0
L1 05    211 +014.4796 +010.5598 +001.9705 -109.2078 +000.3617 -013.3454 0
L1 06    211 +008.9840 -001.6832 -003.8803 +111.8971 +003.1530 -001.4792 0
L1 07    211 +008.4894 -000.2604 -003.4659 +031.0159 -012.3647 +046.3192 0
L1 08    211 +008.3331 +000.1978 -002.9081 -068.1706 +043.5737 +003.2039 0
L1 01    215 +010.4196 -002.7206 +001.2597 -151.4722 +001.7955 +001.2278 0
L1 02    215 +005.2896 +006.9181 +001.7013 -152.4933 -002.9626 -158.5119 0
L1 03    215 +009.7800 -003.0603 -000.9208 -157.4304 +002.3443 +091.3054 0
L1 04    215 +008.3932 +008.0483 +001.7757 -031.3028 -000.5835 +000.3929 0
L1 05    215 +014.4795 +010.5597 +001.9712 -109.2074 +000.3643 -013.3455 0
L1 06    215 +008.9840 -001.6833 -003.8803 +111.8970 +003.1530 -001.4794 0
L1 07    215 +008.4894 -000.2604 -003.4658 +031.0162 -012.3655 +046.3189 0
L1 08    215 +008.3331 +000.1978 -002.9081 -068.1681 +043.5739 +003.2051 0
L1 01    219 +010.4196 -002.7206 +001.2597 -151.4720 +001.7960 +001.2282 0
L1 02    219 +005.2896 +006.9181 +001.7013 -152.4937 -002.9627 -158.5120 0
L1 03    219 +009.7800 -003.0603 -000.9208 -157.4303 +002.3447 +091.3055 0
L1 04    219 +008.3932 +008.0483 +001.7757 -031.3031 -000.5835 +000.3929 0
L1 05    219 +014.4791 +010.5603 +001.9710 -109.2045 +000.3635 -013.3460 0
L1 06    219 +008.9840 -001.6833 -003.8803 +111.8986 +003.1531 -001.4797 0
L1 07    219 +008.4895 -000.2604 -003.4658 +031.0167 -012.3657 +046.3190 0
L1 08    219 +008.3332 +000.1978 -002.9081 -068.1664 +043.5733 +003.2075 0
L1 01    223 +010.4196 -002.7205 +001.2597 -151.4715 +001.7960 +001.2277 0
L1 02    223 +005.2896 +006.9181 +001.7013 -152.4936 -002.9626 -158.5124 0
L1 03    223 +009.7800 -003.0603 -000.9208 -157.4301 +002.3449 +091.3050 0
L1 04    223 +008.3932 +008.0483 +001.7758 -031.3033 -000.5835 +000.3930 0
L1 05    223 +014.4791 +010.5605 +001.9707 -109.2027 +000.3621 -013.3468 0
L1 06    223 +008.9840 -001.6832 -003.8803 +111.8995 +003.1533 -001.4805 0
L1 07    223 +008.4895 -000.2604 -003.4658 +031.0167 -012.3657 +046.3190 0
L1 08    223 +008.3332 +000.1978 -002.9081 -068.1654 +043.5741 +003.2073 0
L1 01    227 +010.4196 -002.7205 +001.2596 -151.4718 +001.7957 +001.2276 0
L1 02    227 +005.2896 +006.9181 +001.7013 -152.4936 -002.9626 -158.5123 0
L1 03    227 +009.7800 -003.0603 -000.9209 -157.4303 +002.3451 +091.3049 0
L1 04    227 +008.3932 +008.0483 +001.7757 -031.3029 -000.5834 +000.3927 0
L1 05    227 +014.4790 +010.5606 +001.9704 -109.2022 +000.3605 -013.3485 0
L1 06    227 +008.9841 -001.6832 -003.8803 +111.9009 +003.1534 -001.4799 0
L1 07    227 +008.4895 -000.2604 -003.4659 +031.0168 -012.3658 +046.3191 0
L1 08    227 +008.3332 +000.1978 -002.9081 -068.1635 +043.5739 +003.2083 0
L1 01    231 +010.4196 -002.7205 +001.2596 -151.4723 +001.7955 +001.2273 0
L1 02    231 +005.2897 +006.9181 +001.7013 -152.4940 -002.9628 -158.5121 0
L1 03    231 +009.7800 -003.0604 -000.9209 -157.4305 +002.3449 +091.3048 0
L1 04    231 +008.3932 +008.0483 +001.7757 -031.3033 -000.5834 +000.3929 0
L1 05    231 +014.4792 +010.5601 +001.9709 -109.2051 +000.3631 -013.3464 0
L1 06    231 +008.9841 -001.6832 -003.8803 +111.9022 +003.1535 -001.4797 0
L1 07    231 +008.4895 -000.2603 -003.4658 +031.0177 -012.3663 +046.3189 0
L1 08    231 +008.3332 +000.1978 -002.9081 -068.1623 +043.5735 +003.2092 0
L1 01    235 +010.4196 -002.7206 +001.2596 -151.4728 +001.7957 +001.2277 0
L1 02    235 +005.2897 +006.9181 +001.7013 -152.4943 -002.9628 -158.5120 0
L1 03    235 +009.7801 -003.0603 -000.9209 -157.4302 +002.3451 +091.3051 0
L1 04    235 +008.3932 +008.0483 +001.7758 -031.3031 -000.5834 +000.3931 0
L1 05    235 +014.4791 +010.5601 +001.9716 -109.2048 +000.3650 -013.3443 0
L1 06    235 +008.9841 -001.6833 -003.8803 +111.9023 +003.1539 -001.4797 0
L1 07    235 +008.4895 -000.2604 -003.4658 +031.0181 -012.3662 +046.3190 0
L1 08    235 +008.3332 +000.1978 -002.9081 -068.1604 +043.5734 +003.2103 0
L1 01    239 +010.4196 -002.7206 +001.2596 -151.4730 +001.7957 +001.2275 0
L1 02    239 +005.2896 +006.9181 +001.7013 -152.4938 -002.9628 -158.5120 0
L1 03    239 +009.7801 -003.0603 -000.9209 -157.4299 +002.3451 +091.3050 0
L1 04    239 +008.3932 +008.0483 +001.7757 -031.3031 -000.5833 +000.3928 0
L1 05    239 +014.4794 +010.5602 +001.9712 -109.2049 +000.3630 -013.3450 0
L1 06    239 +008.9840 -001.6832 -003.8803 +111.9043 +003.1531 -001.4797 0
L1 07    239 +008.4895 -000.2604 -003.4659 +031.0181 -012.3662 +046.3190 0
L1 08    239 +008.3332 +000.1978 -002.9081 -068.1580 +043.5737 +003.2117 0
L1 01    243 +010.4196 -002.7206 +001.2596 -151.4734 +001.7956 +001.2276 0
L1 02    243 +005.2896 +006.9181 +001.7013 -152.4937 -002.9627 -158.5124 0
L1 03    243 +009.7801 -003.0603 -000.9209 -157.4301 +002.3454 +091.3051 0
L1 04    243 +008.3932 +008.0483 +001.7758 -031.3029 -000.5835 +000.3933 0
L1 05    243 +014.4794 +010.5602 +001.9706 -109.2039 +000.3601 -013.3466 0
L1 06    243 +008.9841 -001.6832 -003.8803 +111.9051 +003.1534 -001.4808 0
L1 07    243 +008.4895 -000.2603 -003.4659 +031.0185 -012.3666 +046.3194 0
L1 08    243 +008.3332 +000.1978 -002.9081 -068.1566 +043.5737 +003.2134 0
L1 01    247 +010.4196 -002.7205 +001.2596 -151.4730 +001.7961 +001.2276 0
L1 02    247 +005.2896 +006.9181 +001.7013 -152.4938 -002.9624 -158.5126 0
L1 03    247 +009.7801 -003.0603 -000.9209 -157.4303 +002.3457 +091.3050 0
L1 04    247 +008.3932 +008.0483 +001.7758 -031.3029 -000.5834 +000.3931 0
L1 05    247 +014.4788 +010.5608 +001.9712 -109.2001 +000.3616 -013.3450 0
L1 06    247 +008.9841 -001.6831 -003.8803 +111.9068 +003.1531 -001.4800 0
L1 07    247 +008.4895 -000.2603 -003.4659 +031.0183 -012.3667 +046.3193 0
L1 08    247 +008.3332 +000.1979 -002.9081 -068.1547 +043.5739 +003.2146 0
L1 01    251 +010.4196 -002.7206 +001.2596 -151.4746 +001.7965 +001.2277 0
L1 02    251 +005.2897 +006.9181 +001.7013 -152.4942 -002.9627 -158.5125 0
L1 03    251 +009.7801 -003.0604 -000.9209 -157.4307 +002.3457 +091.3050 0
L1 04    251 +008.3932 +008.0483 +001.7757 -031.3032 -000.5831 +000.3931 0
L1 05    251 +014.4796 +010.5598 +001.9707 -109.2096 +000.3607 -013.3483 0
L1 06    251 +008.9841 -001.6832 -003.8803 +111.9059 +003.1540 -001.4807 0
L1 07    251 +008.4895 -000.2603 -003.4659 +031.0189 -012.3673 +046.3194 0
L1 08    251 +008.3332 +000.1978 -002.9081 -068.1542 +043.5733 +003.2147 0
L1 01    255 +010.4196 -002.7206 +001.2596 -151.4741 +001.7962 +001.2276 0
L1 02    255 +005.2896 +006.9181 +001.7013 -152.4941 -002.9626 -158.5124 0
L1 03    255 +009.7801 -003.0603 -000.9209 -157.4301 +002.3458 +091.3049 0
L1 04    255 +008.3932 +008.0483 +001.7757 -031.3030 -000.5832 +000.3929 0
L1 05    255 +014.4793 +010.5599 +001.9712 -109.2095 +000.3597 -013.3436 0
L1 06    255 +008.9841 -001.6831 -003.8804 +111.9074 +003.1530 -001.4799 0
L1 07    255 +008.4895 -000.2603 -003.4659 +031.0188 -012.3673 +046.3189 0
L1 08    255 +008.3332 +000.1978 -002.9081 -068.1528 +043.5738 +003.2154 0
L1 01    259 +010.4196 -002.7205 +001.2596 -151.4739 +001.7957 +001.2274 0
L1 02    259 +005.2896 +006.9181 +001.7013 -152.4935 -002.9627 -158.5121 0
L1 03    259 +009.7801 -003.0603 -000.9209 -157.4295 +002.3461 +091.3050 0
L1 04    259 +008.3931 +008.0484 +001.7757 -031.3023 -000.5833 +000.3929 0
L1 05    259 +014.4794 +010.5601 +001.9710 -109.2058 +000.3598 -013.3461 0
L1 06    259 +008.9841 -001.6831 -003.8803 +111.9086 +003.1531 -001.4799 0
L1 07    259 +008.4895 -000.2603 -003.4659 +031.0197 -012.3674 +046.3194 0
L1 08    259 +008.3332 +000.1979 -002.9082 -068.1515 +043.5741 +003.2151 0
L1 01    263 +010.4196 -002.7204 +001.2596 -151.4735 +001.7958 +001.2272 0
L1 02    263 +005.2896 +006.9181 +001.7013 -152.4934 -002.9626 -158.5123 0
L1 03    263 +009.7801 -003.0603 -000.9209 -157.4296 +002.3464 +091.3050 0
L1 04    263 +008.3932 +008.0483 +001.7757 -031.3033 -000.5830 +000.3930 0
L1 05    263 +014.4794 +010.5600 +001.9707 -109.2075 +000.3573 -013.3473 0
L1 06    263 +008.9841 -001.6832 -003.8803 +111.9092 +003.1531 -001.4799 0
L1 07    263 +008.4895 -000.2603 -003.4659 +031.0202 -012.3669 +046.3193 0
L1 08    263 +008.3331 +000.1978 -002.9082 -068.1505 +043.5742 +003.2159 0
L1 01    267 +010.4196 -002.7206 +001.2596 -151.4749 +001.7960 +001.2275 0
L1 02    267 +005.2897 +006.9181 +001.7013 -152.4944 -002.9625 -158.5126 0
L1 03    267 +009.7801 -003.0603 -000.9209 -157.4301 +002.3461 +091.3050 0
L1 04    267 +008.3932 +008.0483 +001.7758 -031.3028 -000.5833 +000.3932 0
L1 05    267 +014.4792 +010.5602 +001.9708 -109.2063 +000.3570 -013.3471 0
L1 06    267 +008.9841 -001.6832 -003.8803 +111.9097 +003.1533 -001.4797 0
L1 07    267 +008.4895 -000.2603 -003.4659 +031.0200 -012.3673 +046.3193 0
L1 08    267 +008.3332 +000.1978 -002.9082 -068.1491 +043.5739 +003.2172 0
L1 01    271 +010.4196 -002.7206 +001.2596 -151.4749 +001.7959 +001.2275 0
L1 02    271 +005.2897 +006.9181 +001.7013 -152.4944 -002.9628 -158.5124 0
L1 03    271 +009.7801 -003.0603 -000.9209 -157.4301 +002.3460 +091.3050 0
L1 04    271 +008.3932 +008.0483 +001.7757 -031.3028 -000.5831 +000.3929 0
L1 05    271 +014.4795 +010.5600 +001.9709 -109.2079 +000.3555 -013.3484 0
L1 06    271 +008.9841 -001.6832 -003.8803 +111.9116 +003.1534 -001.4791 0
L1 07    271 +008.4895 -000.2603 -003.4659 +031.0201 -012.3674 +046.3193 0
L1 08    271 +008.3331 +000.1978 -002.9082 -068.1481 +043.5739 +003.2172 0
L1 01    275 +010.4196 -002.7205 +001.2596 -151.4748 +001.7955 +001.2273 0
L1 02    275 +005.2897 +006.9181 +001.7013 -152.4939 -002.9628 -158.5122 0
L1 03    275 +009.7801 -003.0602 -000.9209 -157.4292 +002.3462 +091.3046 0
L1 04    275 +008.3931 +008.0484 +001.7757 -031.3023 -000.5833 +000.3926 0
L1 05    275 +014.4792 +010.5605 +001.9707 -109.2040 +000.3536 -013.3470 0
L1 06    275 +008.9841 -001.6832 -003.8803 +111.9122 +003.1532 -001.4794 0
L1 07    275 +008.4895 -000.2603 -003.4659 +031.0203 -012.3674 +046.3193 0
L1 08    275 +008.3331 +000.1978 -002.9082 -068.1460 +043.5744 +003.2183 0
L1 01    279 +010.4196 -002.7206 +001.2596 -151.4762 +001.7964 +001.2281 0
L1 02    279 +005.2896 +006.9181 +001.7013 -152.4938 -002.9626 -158.5123 0
L1 03    279 +009.7800 -003.0603 -000.9209 -157.4300 +002.3462 +091.3049 0
L1 04    279 +008.3932 +008.0483 +001.7757 -031.3027 -000.5832 +000.3929 0
L1 05    279 +014.4791 +010.5604 +001.9707 -109.2056 +000.3545 -013.3478 0
L1 06    279 +008.9840 -001.6832 -003.8803 +111.9123 +003.1538 -001.4791 0
L1 07    279 +008.4894 -000.2603 -003.4659 +031.0206 -012.3669 +046.3188 0
L1 08    279 +008.3331 +000.1978 -002.9082 -068.1452 +043.5737 +003.2191 0
L1 01    283 +010.4196 -002.7205 +001.2596 -151.4755 +001.7964 +001.2278 0
L1 02    283 +005.2896 +006.9181 +001.7013 -152.4935 -002.9627 -158.5123 0
L1 03    283 +009.7801 -003.0603 -000.9209 -157.4298 +002.3466 +091.3050 0
L1 04    283 +008.3931 +008.0483 +001.7758 -031.3027 -000.5834 +000.3934 0
L1 05    283 +014.4792 +010.5603 +001.9708 -109.2060 +000.3549 -013.3487 0
L1 06    283 +008.9840 -001.6833 -003.8803 +111.9127 +003.1539 -001.4790 0
L1 07    283 +008.4895 -000.2603 -003.4659 +031.0206 -012.3672 +046.3190 0
L1 08    283 +008.3331 +000.1978 -002.9082 -068.1430 +043.5741 +003.2206 0
L1 01    287 +010.4196 -002.7205 +001.2596 -151.4752 +001.7957 +001.2274 0
L1 02    287 +005.2896 +006.9182 +001.7013 -152.4931 -002.9626 -158.5122 0
L1 03    287 +009.7801 -003.0603 -000.9209 -157.4294 +002.3463 +091.3046 0
L1 04    287 +008.3931 +008.0484 +001.7757 -031.3013 -000.5835 +000.3927 0
L1 05    287 +014.4792 +010.5606 +001.9708 -109.2043 +000.3536 -013.3469 0
L1 06    287 +008.9840 -001.6832 -003.8803 +111.9163 +003.1527 -001.4802 0
L1 07    287 +008.4894 -000.2603 -003.4659 +031.0215 -012.3673 +046.3195 0
L1 08    287 +008.3331 +000.1979 -002.9082 -068.1408 +043.5745 +003.2214 0
L1 01    291 +010.4196 -002.7205 +001.2596 -151.4755 +001.7959 +001.2272 0
L1 02    291 +005.2896 +006.9182 +001.7013 -152.4931 -002.9627 -158.5121 0
L1 03    291 +009.7801 -003.0603 -000.9209 -157.4297 +002.3466 +091.3046 0
L1 04    291 +008.3931 +008.0484 +001.7757 -031.3024 -000.5835 +000.3930 0
L1 05    291 +014.4791 +010.5605 +001.9709 -109.2037 +000.3547 -013.3462 0
L1 06    291 +008.9840 -001.6832 -003.8803 +111.9151 +003.1535 -001.4790 0
L1 07    291 +008.4895 -000.2603 -003.4659 +031.0220 -012.3676 +046.3192 0
L1 08    291 +008.3332 +000.1979 -002.9082 -068.1397 +043.5740 +003.2228 0
L1 01    295 +010.4196 -002.7206 +001.2596 -151.4767 +001.7962 +001.2276 0
L1 02    295 +005.2896 +006.9181 +001.7013 -152.4936 -002.9627 -158.5122 0
L1 03    295 +009.7801 -003.0603 -000.9209 -157.4297 +002.3468 +091.3049 0
L1 04    295 +008.3932 +008.0483 +001.7757 -031.3028 -000.5830 +000.3929 0
L1 05    295 +014.4795 +010.5600 +001.9705 -109.2068 +000.3531 -013.3472 0
L1 06    295 +008.9840 -001.6833 -003.8803 +111.9155 +003.1546 -001.4791 0
L1 07    295 +008.4895 -000.2603 -003.4659 +031.0220 -012.3676 +046.3188 0
L1 08    295 +008.3332 +000.1978 -002.9082 -068.1394 +043.5738 +003.2226 0
L1 01    299 +010.4196 -002.7205 +001.2596 -151.4766 +001.7963 +001.2276 0
L1 02    299 +005.2896 +006.9181 +001.7013 -152.4936 -002.9625 -158.5122 0
L1 03    299 +009.7801 -003.0603 -000.9209 -157.4295 +002.3469 +091.3049 0
L1 04    299 +008.3931 +008.0484 +001.7758 -031.3016 -000.5834 +000.3932 0
L1 05    299 +014.4791 +010.5606 +001.9708 -109.2031 +000.3540 -013.3473 0
L1 06    299 +008.9841 -001.6832 -003.8803 +111.9177 +003.1539 -001.4794 0
L1 07    299 +008.4895 -000.2603 -003.4659 +031.0228 -012.3675 +046.3190 0
L1 08    299 +008.3332 +000.1979 -002.9082 -068.1370 +043.5742 +003.2239 0
L1 01    303 +010.4196 -002.7205 +001.2596 -151.4769 +001.7960 +001.2277 0
L1 02    303 +005.2896 +006.9181 +001.7013 -152.4937 -002.9625 -158.5121 0
L1 03    303 +009.7801 -003.0603 -000.9209 -157.4298 +002.3468 +091.3049 0
L1 04    303 +008.3931 +008.0484 +001.7758 -031.3021 -000.5834 +000.3933 0
L1 05    303 +014.4789 +010.5608 +001.9707 -109.2021 +000.3541 -013.3474 0
L1 06    303 +008.9840 -001.6832 -003.8803 +111.9182 +003.1538 -001.4794 0
L1 07    303 +008.4895 -000.2603 -003.4659 +031.0229 -012.3678 +046.3188 0
L1 08    303 +008.3332 +000.1979 -002.9082 -068.1358 +043.5739 +003.2249 0
L1 01    307 +010.4196 -002.7206 +001.2597 -151.4776 +001.7964 +001.2281 0
L1 02    307 +005.2896 +006.9181 +001.7013 -152.4937 -002.9625 -158.5124 0
L1 03    307 +009.7801 -003.0603 -000.9209 -157.4299 +002.3470 +091.3049 0
L1 04    307 +008.3932 +008.0483 +001.7758 -031.3030 -000.5830 +000.3932 0
L1 05    307 +014.4789 +010.5607 +001.9713 -109.2036 +000.3573 -013.3467 0
L1 06    307 +008.9840 -001.6832 -003.8803 +111.9187 +003.1542 -001.4793 0
L1 07    307 +008.4895 -000.2603 -003.4659 +031.0230 -012.3676 +046.3191 0
L1 08    307 +008.3332 +000.1979 -002.9082 -068.1340 +043.5737 +003.2261 0
L1 01    311 +010.4196 -002.7206 +001.2596 -151.4774 +001.7959 +001.2280 0
L1 02    311 +005.2896 +006.9182 +001.7013 -152.4931 -002.9624 -158.5126 0
L1 03    311 +009.7801 -003.0603 -000.9209 -157.4296 +002.3469 +091.3049 0
L1 04    311 +008.3931 +008.0484 +001.7757 -031.3019 -000.5833 +000.3930 0
L1 05    311 +014.4793 +010.5603 +001.9713 -109.2070 +000.3562 -013.3451 0
L1 06    311 +008.9840 -001.6833 -003.8803 +111.9193 +003.1540 -001.4790 0
L1 07    311 +008.4894 -000.2602 -003.4659 +031.0242 -012.3677 +046.3195 0
L1 08    311 +008.3332 +000.1979 -002.9082 -068.1314 +043.5741 +003.2271 0
L1 01    315 +010.4196 -002.7205 +001.2596 -151.4774 +001.7959 +001.2280 0
L1 02    315 +005.2896 +006.9181 +001.7013 -152.4932 -002.9624 -158.5124 0
L1 03    315 +009.7801 -003.0603 -000.9209 -157.4295 +002.3470 +091.3049 0
L1 04    315 +008.3931 +008.0484 +001.7758 -031.3017 -000.5834 +000.3932 0
L1 05    315 +014.4792 +010.5604 +001.9713 -109.2053 +000.3560 -013.3460 0
L1 06    315 +008.9840 -001.6832 -003.8803 +111.9214 +003.1536 -001.4789 0
L1 07    315 +008.4895 -000.2603 -003.4659 +031.0238 -012.3679 +046.3191 0
L1 08    315 +008.3332 +000.1979 -002.9082 -068.1300 +043.5738 +003.2284 0
L1 01    319 +010.4196 -002.7206 +001.2597 -151.4784 +001.7962 +001.2285 0
L1 02    319 +005.2896 +006.9181 +001.7013 -152.4935 -002.9625 -158.5123 0
L1 03    319 +009.7801 -003.0603 -000.9209 -157.4293 +002.3471 +091.3051 0
L1 04    319 +008.3932 +008.0483 +001.7758 -031.3031 -000.5833 +000.3935 0
L1 05    319 +014.4791 +010.5604 +001.9711 -109.2058 +000.3548 -013.3484 0
L1 06    319 +008.9840 -001.6832 -003.8803 +111.9219 +003.1537 -001.4789 0
L1 07    319 +008.4894 -000.2603 -003.4659 +031.0236 -012.3674 +046.3188 0
L1 08    319 +008.3332 +000.1979 -002.9082 -068.1295 +043.5736 +003.2288 0
L1 01    323 +010.4196 -002.7206 +001.2597 -151.4792 +001.7964 +001.2287 0
L1 02    323 +005.2896 +006.9181 +001.7013 -152.4935 -002.9626 -158.5123 0
L1 03    323 +009.7801 -003.0603 -000.9209 -157.4294 +002.3471 +091.3052 0
L1 04    323 +008.3932 +008.0483 +001.7758 -031.3031 -000.5833 +000.3936 0
L1 05    323 +014.4801 +010.5593 +001.9714 -109.2131 +000.3567 -013.3482 0
L1 06    323 +008.9840 -001.6832 -003.8803 +111.9228 +003.1543 -001.4791 0
L1 07    323 +008.4894 -000.2603 -003.4659 +031.0242 -012.3675 +046.3188 0
L1 08    323 +008.3332 +000.1979 -002.9082 -068.1281 +043.5734 +003.2299 0
L1 01    327 +010.4196 -002.7206 +001.2596 -151.4785 +001.7960 +001.2281 0
L1 02    327 +005.2896 +006.9181 +001.7013 -152.4931 -002.9622 -158.5122 0
L1 03    327 +009.7801 -003.0603 -000.9209 -157.4291 +002.3472 +091.3050 0
L1 04    327 +008.3931 +008.0484 +001.7758 -031.3023 -000.5834 +000.3935 0
L1 05    327 +014.4794 +010.5602 +001.9713 -109.2071 +000.3560 -013.3487 0
L1 06    327 +008.9840 -001.6832 -003.8803 +111.9242 +003.1536 -001.4790 0
L1 07    327 +008.4894 -000.2603 -003.4659 +031.0245 -012.3676 +046.3188 0
L1 08    327 +008.3332 +000.1979 -002.9082 -068.1265 +043.5736 +003.2304 0
L1 01    331 +010.4196 -002.7206 +001.2596 -151.4787 +001.7960 +001.2282 0
L1 02    331 +005.2896 +006.9181 +001.7013 -152.4933 -002.9626 -158.5122 0
L1 03    331 +009.7801 -003.0602 -000.9209 -157.4287 +002.3474 +091.3049 0
L1 04    331 +008.3931 +008.0483 +001.7758 -031.3026 -000.5834 +000.3933 0
L1 05    331 +014.4791 +010.5604 +001.9712 -109.2042 +000.3567 -013.3484 0
L1 06    331 +008.9840 -001.6832 -003.8803 +111.9244 +003.1544 -001.4793 0
L1 07    331 +008.4895 -000.2603 -003.4659 +031.0250 -012.3678 +046.3183 0
L1 08    331 +008.3332 +000.1979 -002.9082 -068.1252 +043.5733 +003.2314 0
L1 01    335 +010.4196 -002.7206 +001.2596 -151.4795 +001.7960 +001.2282 0
L1 02    335 +005.2896 +006.9181 +001.7013 -152.4936 -002.9626 -158.5125 0
L1 03    335 +009.7801 -003.0603 -000.9209 -157.4293 +002.3473 +091.3050 0
L1 04    335 +008.3932 +008.0483 +001.7758 -031.3032 -000.5833 +000.3936 0
L1 05    335 +014.4794 +010.5602 +001.9713 -109.2069 +000.3571 -013.3493 0
L1 06    335 +008.9840 -001.6832 -003.8803 +111.9251 +003.1547 -001.4786 0
L1 07    335 +008.4895 -000.2603 -003.4659 +031.0251 -012.3683 +046.3181 0
L1 08    335 +008.3332 +000.1979 -002.9082 -068.1239 +043.5732 +003.2321 0
L1 01    339 +010.4196 -002.7206 +001.2596 -151.4794 +001.7953 +001.2277 0
L1 02    339 +005.2896 +006.9181 +001.7013 -152.4933 -002.9624 -158.5125 0
L1 03    339 +009.7801 -003.0603 -000.9209 -157.4290 +002.3473 +091.3049 0
L1 04    339 +008.3932 +008.0483 +001.7758 -031.3027 -000.5833 +000.3936 0
L1 05    339 +014.4791 +010.5608 +001.9714 -109.2030 +000.3558 -013.3475 0
L1 06    339 +008.9841 -001.6832 -003.8803 +111.9267 +003.1543 -001.4793 0
L1 07    339 +008.4895 -000.2603 -003.4659 +031.0268 -012.3685 +046.3187 0
L1 08    339 +008.3332 +000.1979 -002.9082 -068.1217 +043.5737 +003.2331 0
L1 01    343 +010.4196 -002.7205 +001.2596 -151.4788 +001.7960 +001.2281 0
L1 02    343 +005.2896 +006.9181 +001.7013 -152.4933 -002.9624 -158.5125 0
L1 03    343 +009.7801 -003.0602 -000.9209 -157.4285 +002.3476 +091.3048 0
L1 04    343 +008.3931 +008.0484 +001.7758 -031.3024 -000.5832 +000.3933 0
L1 05    343 +014.4790 +010.5608 +001.9712 -109.2022 +000.3542 -013.3492 0
L1 06    343 +008.9840 -001.6832 -003.8803 +111.9274 +003.1544 -001.4787 0
L1 07    343 +008.4894 -000.2603 -003.4659 +031.0257 -012.3681 +046.3185 0
L1 08    343 +008.3332 +000.1979 -002.9082 -068.1203 +043.5736 +003.2343 0
L1 01    347 +010.4196 -002.7205 +001.2596 -151.4798 +001.7962 +001.2281 0
L1 02    347 +005.2896 +006.9181 +001.7013 -152.4935 -002.9624 -158.5127 0
L1 03    347 +009.7801 -003.0603 -000.9209 -157.4291 +002.3475 +091.3049 0
L1 04    347 +008.3932 +008.0482 +001.7758 -031.3040 -000.5831 +000.3940 0
L1 05    347 +014.4791 +010.5605 +001.9714 -109.2054 +000.3553 -013.3479 0
L1 06    347 +008.9840 -001.6832 -003.8803 +111.9281 +003.1543 -001.4786 0
L1 07    347 +008.4894 -000.2603 -003.4659 +031.0259 -012.3678 +046.3185 0
L1 08    347 +008.3332 +000.1979 -002.9082 -068.1196 +043.5732 +003.2354 0
L1 01    351 +010.4196 -002.7205 +001.2595 -151.4793 +001.7958 +001.2275 0
L1 02    351 +005.2896 +006.9182 +001.7013 -152.4932 -002.9624 -158.5126 0
L1 03    351 +009.7801 -003.0603 -000.9209 -157.4289 +002.3478 +091.3046 0
L1 04    351 +008.3930 +008.0484 +001.7758 -031.3015 -000.5835 +000.3937 0
L1 05    351 +014.4790 +010.5607 +001.9712 -109.2025 +000.3534 -013.3482 0
L1 06    351 +008.9840 -001.6831 -003.8803 +111.9304 +003.1535 -001.4785 0
L1 07    351 +008.4894 -000.2603 -003.4659 +031.0268 -012.3682 +046.3186 0
L1 08    351 +008.3332 +000.1979 -002.9083 -068.1172 +043.5737 +003.2361 0
L1 01    355 +010.4196 -002.7206 +001.2596 -151.4801 +001.7960 +001.2281 0
L1 02    355 +005.2896 +006.9181 +001.7013 -152.4933 -002.9626 -158.5125 0
L1 03    355 +009.7801 -003.0603 -000.9209 -157.4291 +002.3480 +091.3049 0
L1 04    355 +008.3931 +008.0484 +001.7758 -031.3021 -000.5832 +000.3934 0
L1 05    355 +014.4793 +010.5606 +001.9704 -109.2041 +000.3502 -013.3503 0
L1 06    355 +008.9840 -001.6832 -003.8803 +111.9303 +003.1541 -001.4788 0
L1 07    355 +008.4895 -000.2603 -003.4659 +031.0270 -012.3686 +046.3187 0
L1 08    355 +008.3332 +000.1979 -002.9083 -068.1164 +043.5737 +003.2365 0
L1 01    359 +010.4196 -002.7206 +001.2596 -151.4812 +001.7965 +001.2286 0
L1 02    359 +005.2896 +006.9181 +001.7013 -152.4934 -002.9626 -158.5126 0
L1 03    359 +009.7801 -003.0603 -000.9209 -157.4292 +002.3481 +091.3049 0
L1 04    359 +008.3931 +008.0483 +001.7757 -031.3025 -000.5829 +000.3934 0
L1 05    359 +014.4793 +010.5602 +001.9708 -109.2053 +000.3525 -013.3491 0
L1 06    359 +008.9840 -001.6832 -003.8803 +111.9303 +003.1545 -001.4784 0
L1 07    359 +008.4895 -000.2603 -003.4659 +031.0270 -012.3686 +046.3182 0
L1 08    359 +008.3332 +000.1979 -002.9082 -068.1143 +043.5731 +003.2386 0
L1 01    363 +010.4196 -002.7206 +001.2597 -151.4815 +001.7969 +001.2293 0
L1 02    363 +005.2896 +006.9181 +001.7013 -152.4933 -002.9629 -158.5124 0
L1 03    363 +009.7801 -003.0603 -000.9209 -157.4287 +002.3480 +091.3050 0
L1 04    363 +008.3931 +008.0483 +001.7758 -031.3025 -000.5831 +000.3937 0
L1 05    363 +014.4791 +010.5609 +001.9711 -109.2014 +000.3530 -013.3487 0
L1 06    363 +008.9840 -001.6832 -003.8803 +111.9315 +003.1544 -001.4783 0
L1 07    363 +008.4894 -000.2603 -003.4659 +031.0275 -012.3684 +046.3183 0
L1 08    363 +008.3332 +000.1979 -002.9082 -068.1119 +043.5735 +003.2394 0
L1 01    367 +010.4196 -002.7206 +001.2597 -151.4820 +001.7965 +001.2287 0
L1 02    367 +005.2896 +006.9181 +001.7013 -152.4933 -002.9625 -158.5125 0
L1 03    367 +009.7801 -003.0602 -000.9209 -157.4286 +002.3479 +091.3048 0
L1 04    367 +008.3932 +008.0483 +001.7758 -031.3029 -000.5829 +000.3936 0
L1 05    367 +014.4793 +010.5605 +001.9710 -109.2032 +000.3535 -013.3502 0
L1 06    367 +008.9840 -001.6832 -003.8803 +111.9325 +003.1541 -001.4784 0
L1 07    367 +008.4894 -000.2603 -003.4659 +031.0277 -012.3684 +046.3184 0
L1 08    367 +008.3332 +000.1979 -002.9082 -068.1124 +043.5732 +003.2395 0
L1 01    371 +010.4196 -002.7206 +001.2596 -151.4817 +001.7959 +001.2280 0
L1 02    371 +005.2896 +006.9181 +001.7013 -152.4933 -002.9626 -158.5128 0
L1 03    371 +009.7801 -003.0603 -000.9209 -157.4289 +002.3479 +091.3048 0
L1 04    371 +008.3932 +008.0483 +001.7757 -031.3030 -000.5827 +000.3934 0
L1 05    371 +014.4794 +010.5604 +001.9708 -109.2046 +000.3532 -013.3505 0
L1 06    371 +008.9840 -001.6832 -003.8803 +111.9342 +003.1546 -001.4784 0
L1 07    371 +008.4894 -000.2603 -003.4659 +031.0279 -012.3684 +046.3182 0
L1 08    371 +008.3332 +000.1979 -002.9083 -068.1108 +043.5735 +003.2405 0
L1 01    375 +010.4196 -002.7205 +001.2596 -151.4814 +001.7961 +001.2284 0
L1 02    375 +005.2896 +006.9182 +001.7013 -152.4928 -002.9622 -158.5129 0
L1 03    375 +009.7801 -003.0603 -000.9209 -157.4289 +002.3479 +091.3047 0
L1 04    375 +008.3931 +008.0484 +001.7758 -031.3021 -000.5829 +000.3935 0
L1 05    375 +014.4794 +010.5605 +001.9708 -109.2037 +000.3528 -013.3512 0
L1 06    375 +008.9840 -001.6831 -003.8803 +111.9350 +003.1543 -001.4787 0
L1 07    375 +008.4894 -000.2603 -003.4659 +031.0284 -012.3683 +046.3183 0
L1 08    375 +008.3332 +000.1979 -002.9083 -068.1088 +043.5734 +003.2417 0
L1 01    379 +010.4196 -002.7207 +001.2596 -151.4827 +001.7957 +001.2281 0
L1 02    379 +005.2896 +006.9182 +001.7013 -152.4929 -002.9624 -158.5127 0
L1 03    379 +009.7801 -003.0604 -000.9209 -157.4299 +002.3481 +091.3052 0
L1 04    379 +008.3931 +008.0483 +001.7758 -031.3028 -000.5831 +000.3939 0
L1 05    379 +014.4795 +010.5602 +001.9711 -109.2055 +000.3534 -013.3498 0
L1 06    379 +008.9840 -001.6832 -003.8804 +111.9358 +003.1539 -001.4782 0
L1 07    379 +008.4894 -000.2603 -003.4659 +031.0287 -012.3679 +046.3184 0
L1 08    379 +008.3332 +000.1979 -002.9083 -068.1079 +043.5731 +003.2417 0
L1 01    383 +010.4195 -002.7206 +001.2595 -151.4830 +001.7955 +001.2279 0
L1 02    383 +005.2896 +006.9182 +001.7013 -152.4927 -002.9622 -158.5127 0
L1 03    383 +009.7800 -003.0604 -000.9209 -157.4302 +002.3480 +091.3051 0
L1 04    383 +008.3931 +008.0484 +001.7758 -031.3024 -000.5832 +000.3941 0
L1 05    383 +014.4793 +010.5603 +001.9712 -109.2036 +000.3529 -013.3491 0
L1 06    383 +008.9840 -001.6832 -003.8804 +111.9367 +003.1543 -001.4779 0
L1 07    383 +008.4894 -000.2603 -003.4659 +031.0291 -012.3681 +046.3180 0
L1 08    383 +008.3332 +000.1979 -002.9083 -068.1064 +043.5735 +003.2423 0
L1 01    387 +010.4195 -002.7206 +001.2596 -151.4830 +001.7958 +001.2281 0
L1 02    387 +005.2895 +006.9182 +001.7013 -152.4925 -002.9622 -158.5126 0
L1 03    387 +009.7800 -003.0604 -000.9209 -157.4300 +002.3482 +091.3050 0
L1 04    387 +008.3930 +008.0485 +001.7759 -031.3013 -000.5835 +000.3944 0
L1 05    387 +014.4793 +010.5605 +001.9714 -109.2032 +000.3542 -013.3490 0
L1 06    387 +008.9840 -001.6832 -003.8803 +111.9375 +003.1541 -001.4783 0
L1 07    387 +008.4894 -000.2603 -003.4659 +031.0296 -012.3684 +046.3182 0
L1 08    387 +008.3332 +000.1979 -002.9083 -068.1043 +043.5733 +003.2443 0
L1 01    391 +010.4195 -002.7207 +001.2596 -151.4836 +001.7958 +001.2280 0
L1 02    391 +005.2895 +006.9182 +001.7013 -152.4926 -002.9622 -158.5127 0
L1 03    391 +009.7800 -003.0604 -000.9209 -157.4301 +002.3483 +091.3050 0
L1 04    391 +008.3931 +008.0484 +001.7757 -031.3027 -000.5828 +000.3933 0
L1 05    391 +014.4795 +010.5604 +001.9707 -109.2052 +000.3507 -013.3522 0
L1 06    391 +008.9840 -001.6832 -003.8803 +111.9378 +003.1543 -001.4781 0
L1 07    391 +008.4894 -000.2603 -003.4659 +031.0296 -012.3683 +046.3181 0
L1 08    391 +008.3332 +000.1979 -002.9083 -068.1039 +043.5732 +003.2443 0
L1 01    395 +010.4195 -002.7207 +001.2595 -151.4842 +001.7955 +001.2281 0
L1 02    395 +005.2895 +006.9182 +001.7013 -152.4924 -002.9620 -158.5128 0
L1 03    395 +009.7800 -003.0604 -000.9209 -157.4301 +002.3481 +091.3049 0
L1 04    395 +008.3931 +008.0484 +001.7758 -031.3020 -000.5829 +000.3936 0
L1 05    395 +014.4792 +010.5607 +001.9707 -109.2033 +000.3498 -013.3514 0
L1 06    395 +008.9840 -001.6832 -003.8804 +111.9393 +003.1539 -001.4778 0
L1 07    395 +008.4894 -000.2603 -003.4659 +031.0301 -012.3683 +046.3181 0
L1 08    395 +008.3332 +000.1979 -002.9083 -068.1016 +043.5730 +003.2456 0
L1 01    399 +010.4195 -002.7207 +001.2596 -151.4843 +001.7961 +001.2285 0
L1 02    399 +005.2895 +006.9182 +001.7013 -152.4927 -002.9620 -158.5128 0
L1 03    399 +009.7800 -003.0604 -000.9209 -157.4301 +002.3481 +091.3051 0
L1 04    399 +008.3931 +008.0484 +001.7758 -031.3022 -000.5829 +000.3937 0
L1 05    399 +014.4795 +010.5604 +001.9710 -109.2053 +000.3502 -013.3515 0
L1 06    399 +008.9840 -001.6832 -003.8803 +111.9398 +003.1545 -001.4778 0
L1 07    399 +008.4894 -000.2603 -003.4659 +031.0309 -012.3679 +046.3182 0
L1 08    399 +008.3332 +000.1979 -002.9083 -068.1003 +043.5730 +003.2462 0
L1 01    403 +010.4195 -002.7207 +001.2596 -151.4847 +001.7960 +001.2286 0
L1 02    403 +005.2896 +006.9182 +001.7013 -152.4931 -002.9620 -158.5127 0
L1 03    403 +009.7800 -003.0604 -000.9209 -157.4301 +002.3481 +091.3052 0
L1 04    403 +008.3931 +008.0484 +001.7758 -031.3024 -000.5830 +000.3941 0
L1 05    403 +014.4794 +010.5604 +001.9711 -109.2057 +000.3499 -013.3519 0
L1 06    403 +008.9840 -001.6833 -003.8804 +111.9403 +003.1551 -001.4772 0
L1 07    403 +008.4894 -000.2603 -003.4659 +031.0309 -012.3681 +046.3177 0
L1 08    403 +008.3332 +000.1978 -002.9083 -068.0997 +043.5730 +003.2469 0
L1 01    407 +010.4195 -002.7206 +001.2596 -151.4841 +001.7960 +001.2286 0
L1 02    407 +005.2895 +006.9182 +001.7013 -152.4925 -002.9621 -158.5127 0
L1 03    407 +009.7800 -003.0604 -000.9209 -157.4298 +002.3483 +091.3052 0
L1 04    407 +008.3931 +008.0484 +001.7758 -031.3021 -000.5830 +000.3941 0
L1 05    407 +014.4796 +010.5602 +001.9709 -109.2068 +000.3488 -013.3519 0
L1 06    407 +008.9840 -001.6832 -003.8803 +111.9419 +003.1550 -001.4775 0
L1 07    407 +008.4894 -000.2603 -003.4659 +031.0314 -012.3686 +046.3175 0
L1 08    407 +008.3332 +000.1979 -002.9083 -068.0976 +043.5732 +003.2479 0
L1 01    411 +010.4196 -002.7206 +001.2596 -151.4843 +001.7960 +001.2285 0
L1 02    411 +005.2895 +006.9182 +001.7013 -152.4925 -002.9620 -158.5129 0
L1 03    411 +009.7800 -003.0604 -000.9209 -157.4298 +002.3483 +091.3052 0
L1 04    411 +008.3930 +008.0484 +001.7759 -031.3017 -000.5830 +000.3943 0
L1 05    411 +014.4796 +010.5604 +001.9711 -109.2066 +000.3491 -013.3508 0
L1 06    411 +008.9840 -001.6832 -003.8804 +111.9427 +003.1546 -001.4772 0
L1 07    411 +008.4894 -000.2603 -003.4659 +031.0317 -012.3684 +046.3180 0
L1 08    411 +008.3332 +000.1979 -002.9083 -068.0965 +043.5730 +003.2484 0
L1 01    415 +010.4196 -002.7206 +001.2596 -151.4846 +001.7961 +001.2287 0
L1 02    415 +005.2895 +006.9182 +001.7013 -152.4924 -002.9621 -158.5131 0
L1 03    415 +009.7800 -003.0603 -000.9209 -157.4295 +002.3484 +091.3052 0
L1 04    415 +008.3930 +008.0485 +001.7758 -031.3013 -000.5831 +000.3940 0
L1 05    415 +014.4795 +010.5606 +001.9706 -109.2056 +000.3477 -013.3528 0
L1 06    415 +008.9840 -001.6832 -003.8803 +111.9435 +003.1549 -001.4780 0
L1 07    415 +008.4894 -000.2603 -003.4659 +031.0318 -012.3682 +046.3180 0
L1 08    415 +008.3332 +000.1979 -002.9083 -068.0953 +043.5730 +003.2492 0
L1 01    419 +010.4196 -002.7206 +001.2596 -151.4846 +001.7958 +001.2285 0
L1 02    419 +005.2895 +006.9182 +001.7013 -152.4926 -002.9620 -158.5130 0
L1 03    419 +009.7800 -003.0603 -000.9209 -157.4294 +002.3483 +091.3052 0
L1 04    419 +008.3930 +008.0484 +001.7758 -031.3014 -000.5833 +000.3942 0
L1 05    419 +014.4794 +010.5609 +001.9703 -109.2038 +000.3438 -013.3540 0
L1 06    419 +008.9840 -001.6832 -003.8803 +111.9441 +003.1550 -001.4775 0
L1 07    419 +008.4894 -000.2604 -003.4659 +031.0322 -012.3681 +046.3175 0
L1 08    419 +008.3332 +000.1979 -002.9083 -068.0937 +043.5729 +003.2500 0
L1 01    423 +010.4195 -002.7207 +001.2596 -151.4856 +001.7954 +001.2288 0
L1 02    423 +005.2896 +006.9182 +001.7013 -152.4927 -002.9622 -158.5128 0
L1 03    423 +009.7800 -003.0604 -000.9209 -157.4297 +002.3482 +091.3052 0
L1 04    423 +008.3931 +008.0484 +001.7758 -031.3017 -000.5831 +000.3940 0
L1 05    423 +014.4793 +010.5608 +001.9707 -109.2033 +000.3452 -013.3503 0
L1 06    423 +008.9840 -001.6832 -003.8803 +111.9454 +003.1545 -001.4773 0
L1 07    423 +008.4894 -000.2604 -003.4659 +031.0325 -012.3676 +046.3177 0
L1 08    423 +008.3332 +000.1979 -002.9083 -068.0915 +043.5729 +003.2515 0
L1 01    427 +010.4195 -002.7207 +001.2596 -151.4858 +001.7955 +001.2288 0
L1 02    427 +005.2896 +006.9182 +001.7013 -152.4928 -002.9620 -158.5128 0
L1 03    427 +009.7800 -003.0604 -000.9209 -157.4298 +002.3483 +091.3053 0
L1 04    427 +008.3931 +008.0484 +001.7758 -031.3017 -000.5833 +000.3941 0
L1 05    427 +014.4795 +010.5603 +001.9712 -109.2067 +000.3474 -013.3506 0
L1 06    427 +008.9840 -001.6832 -003.8803 +111.9458 +003.1548 -001.4771 0
L1 07    427 +008.4894 -000.2604 -003.4659 +031.0332 -012.3679 +046.3174 0
L1 08    427 +008.3332 +000.1979 -002.9083 -068.0906 +043.5727 +003.2522 0
L1 01    431 +010.4196 -002.7206 +001.2596 -151.4856 +001.7955 +001.2286 0
L1 02    431 +005.2896 +006.9182 +001.7013 -152.4929 -002.9621 -158.5128 0
L1 03    431 +009.7800 -003.0604 -000.9209 -157.4298 +002.3486 +091.3053 0
L1 04    431 +008.3931 +008.0484 +001.7758 -031.3023 -000.5830 +000.3938 0
L1 05    431 +014.4798 +010.5601 +001.9717 -109.2094 +000.3501 -013.3500 0
L1 06    431 +008.9840 -001.6832 -003.8804 +111.9466 +003.1550 -001.4771 0
L1 07    431 +008.4894 -000.2603 -003.4660 +031.0341 -012.3676 +046.3177 0
L1 08    431 +008.3332 +000.1979 -002.9083 -068.0894 +043.5728 +003.2530 0
L1 01    435 +010.4195 -002.7207 +001.2596 -151.4859 +001.7957 +001.2286 0
L1 02    435 +005.2896 +006.9182 +001.7013 -152.4929 -002.9619 -158.5132 0
L1 03    435 +009.7800 -003.0604 -000.9209 -157.4298 +002.3488 +091.3054 0
L1 04    435 +008.3931 +008.0484 +001.7758 -031.3025 -000.5828 +000.3941 0
L1 05    435 +014.4797 +010.5600 +001.9717 -109.2092 +000.3499 -013.3488 0
L1 06    435 +008.9840 -001.6832 -003.8803 +111.9476 +003.1548 -001.4773 0
L1 07    435 +008.4894 -000.2604 -003.4660 +031.0336 -012.3676 +046.3176 0
L1 08    435 +008.3332 +000.1979 -002.9083 -068.0882 +043.5727 +003.2538 0
L1 01    439 +010.4196 -002.7206 +001.2596 -151.4860 +001.7956 +001.2284 0
L1 02    439 +005.2896 +006.9182 +001.7013 -152.4930 -002.9624 -158.5132 0
L1 03    439 +009.7800 -003.0604 -000.9209 -157.4298 +002.3488 +091.3053 0
L1 04    439 +008.3931 +008.0484 +001.7758 -031.3026 -000.5828 +000.3943 0
L1 05    439 +014.4795 +010.5605 +001.9713 -109.2063 +000.3472 -013.3504 0
L1 06    439 +008.9840 -001.6832 -003.8803 +111.9485 +003.1549 -001.4772 0
L1 07    439 +008.4893 -000.2604 -003.4659 +031.0341 -012.3677 +046.3176 0
L1 08    439 +008.3332 +000.1979 -002.9083 -068.0858 +043.5727 +003.2548 0
L1 01    443 +010.4196 -002.7207 +001.2596 -151.4861 +001.7954 +001.2284 0
L1 02    443 +005.2896 +006.9182 +001.7013 -152.4931 -002.9621 -158.5132 0
L1 03    443 +009.7800 -003.0604 -000.9209 -157.4296 +002.3488 +091.3052 0
L1 04    443 +008.3931 +008.0484 +001.7759 -031.3025 -000.5829 +000.3944 0
L1 05    443 +014.4795 +010.5605 +001.9712 -109.2066 +000.3459 -013.3520 0
L1 06    443 +008.9839 -001.6832 -003.8804 +111.9500 +003.1545 -001.4770 0
L1 07    443 +008.4893 -000.2604 -003.4660 +031.0345 -012.3674 +046.3178 0
L1 08    443 +008.3332 +000.1978 -002.9083 -068.0856 +043.5725 +003.2552 0
L1 01    447 +010.4196 -002.7206 +001.2596 -151.4859 +001.7954 +001.2283 0
L1 02    447 +005.2896 +006.9182 +001.7014 -152.4927 -002.9618 -158.5131 0
L1 03    447 +009.7800 -003.0604 -000.9209 -157.4298 +002.3488 +091.3051 0
L1 04    447 +008.3931 +008.0484 +001.7759 -031.3026 -000.5829 +000.3946 0
L1 05    447 +014.4796 +010.5603 +001.9714 -109.2076 +000.3462 -013.3507 0
L1 06    447 +008.9840 -001.6832 -003.8803 +111.9511 +003.1550 -001.4767 0
L1 07    447 +008.4893 -000.2604 -003.4660 +031.0350 -012.3673 +046.3176 0
L1 08    447 +008.3332 +000.1979 -002.9083 -068.0835 +043.5728 +003.2562 0
L1 01    451 +010.4196 -002.7206 +001.2596 -151.4862 +001.7953 +001.2285 0
L1 02    451 +005.2896 +006.9182 +001.7013 -152.4927 -002.9620 -158.5129 0
L1 03    451 +009.7800 -003.0604 -000.9209 -157.4295 +002.3488 +091.3053 0
L1 04    451 +008.3931 +008.0484 +001.7759 -031.3022 -000.5830 +000.3946 0
L1 05    451 +014.4796 +010.5606 +001.9710 -109.2060 +000.3454 -013.3516 0
L1 06    451 +008.9840 -001.6832 -003.8803 +111.9524 +003.1549 -001.4774 0
L1 07    451 +008.4893 -000.2604 -003.4660 +031.0358 -012.3674 +046.3176 0
L1 08    451 +008.3331 +000.1978 -002.9083 -068.0824 +043.5726 +003.2568 0
L1 01    455 +010.4195 -002.7207 +001.2595 -151.4869 +001.7948 +001.2282 0
L1 02    455 +005.2896 +006.9182 +001.7013 -152.4928 -002.9620 -158.5131 0
L1 03    455 +009.7800 -003.0604 -000.9209 -157.4297 +002.3486 +091.3052 0
L1 04    455 +008.3931 +008.0484 +001.7759 -031.3027 -000.5829 +000.3945 0
L1 05    455 +014.4794 +010.5607 +001.9711 -109.2053 +000.3464 -013.3519 0
L1 06    455 +008.9839 -001.6832 -003.8804 +111.9527 +003.1548 -001.4765 0
L1 07    455 +008.4893 -000.2604 -003.4660 +031.0368 -012.3673 +046.3176 0
L1 08    455 +008.3331 +000.1979 -002.9083 -068.0803 +043.5727 +003.2579 0
L1 01    459 +010.4195 -002.7206 +001.2595 -151.4866 +001.7952 +001.2281 0
L1 02    459 +005.2896 +006.9182 +001.7013 -152.4929 -002.9619 -158.5134 0
L1 03    459 +009.7800 -003.0604 -000.9209 -157.4296 +002.3489 +091.3049 0
L1 04    459 +008.3931 +008.0484 +001.7758 -031.3021 -000.5828 +000.3943 0
L1 05    459 +014.4791 +010.5613 +001.9710 -109.2023 +000.3453 -013.3516 0
L1 06    459 +008.9839 -001.6832 -003.8804 +111.9532 +003.1549 -001.4764 0
L1 07    459 +008.4893 -000.2603 -003.4660 +031.0374 -012.3680 +046.3176 0
L1 08    459 +008.3331 +000.1979 -002.9083 -068.0793 +043.5729 +003.2587 0
L1 01    463 +010.4196 -002.7206 +001.2595 -151.4871 +001.7955 +001.2284 0
L1 02    463 +005.2896 +006.9182 +001.7014 -152.4930 -002.9617 -158.5135 0
L1 03    463 +009.7800 -003.0604 -000.9209 -157.4296 +002.3491 +091.3048 0
L1 04    463 +008.3931 +008.0484 +001.7759 -031.3022 -000.5828 +000.3945 0
L1 05    463 +014.4795 +010.5605 +001.9710 -109.2060 +000.3445 -013.3514 0
L1 06    463 +008.9840 -001.6832 -003.8804 +111.9538 +003.1549 -001.4766 0
L1 07    463 +008.4893 -000.2604 -003.4659 +031.0370 -012.3681 +046.3175 0
L1 08    463 +008.3332 +000.1979 -002.9083 -068.0785 +043.5731 +003.2593 0
L1 01    467 +010.4196 -002.7206 +001.2596 -151.4869 +001.7959 +001.2287 0
L1 02    467 +005.2896 +006.9182 +001.7014 -152.4930 -002.9619 -158.5135 0
L1 03    467 +009.7800 -003.0604 -000.9209 -157.4294 +002.3495 +091.3051 0
L1 04    467 +008.3931 +008.0484 +001.7759 -031.3016 -000.5829 +000.3945 0
L1 05    467 +014.4795 +010.5608 +001.9711 -109.2055 +000.3456 -013.3522 0
L1 06    467 +008.9839 -001.6832 -003.8804 +111.9551 +003.1546 -001.4766 0
L1 07    467 +008.4893 -000.2604 -003.4660 +031.0374 -012.3678 +046.3175 0
L1 08    467 +008.3332 +000.1979 -002.9083 -068.0760 +043.5729 +003.2611 0
L1 01    471 +010.4195 -002.7207 +001.2595 -151.4878 +001.7956 +001.2286 0
L1 02    471 +005.2896 +006.9182 +001.7014 -152.4928 -002.9618 -158.5135 0
L1 03    471 +009.7800 -003.0604 -000.9209 -157.4296 +002.3497 +091.3051 0
L1 04    471 +008.3931 +008.0484 +001.7758 -031.3020 -000.5826 +000.3944 0
L1 05    471 +014.4797 +010.5604 +001.9711 -109.2067 +000.3444 -013.3520 0
L1 06    471 +008.9840 -001.6832 -003.8804 +111.9559 +003.1550 -001.4769 0
L1 07    471 +008.4893 -000.2603 -003.4660 +031.0381 -012.3680 +046.3174 0
L1 08    471 +008.3332 +000.1979 -002.9083 -068.0749 +043.5727 +003.2618 0
L1 01    475 +010.4195 -002.7207 +001.2596 -151.4884 +001.7960 +001.2288 0
L1 02    475 +005.2896 +006.9182 +001.7014 -152.4930 -002.9618 -158.5134 0
L1 03    475 +009.7800 -003.0604 -000.9209 -157.4295 +002.3496 +091.3050 0
L1 04    475 +008.3931 +008.0483 +001.7759 -031.3026 -000.5827 +000.3946 0
L1 05    475 +014.4798 +010.5601 +001.9709 -109.2109 +000.3438 -013.3544 0
L1 06    475 +008.9840 -001.6832 -003.8804 +111.9565 +003.1550 -001.4769 0
L1 07    475 +008.4893 -000.2603 -003.4660 +031.0384 -012.3679 +046.3171 0
L1 08    475 +008.3332 +000.1979 -002.9083 -068.0740 +043.5726 +003.2624 0
L1 01    479 +010.4196 -002.7207 +001.2596 -151.4879 +001.7960 +001.2289 0
L1 02    479 +005.2896 +006.9182 +001.7014 -152.4930 -002.9618 -158.5134 0
L1 03    479 +009.7800 -003.0603 -000.9209 -157.4290 +002.3497 +091.3052 0
L1 04    479 +008.3931 +008.0484 +001.7759 -031.3020 -000.5828 +000.3944 0
L1 05    479 +014.4795 +010.5607 +001.9707 -109.2065 +000.3412 -013.3531 0
L1 06    479 +008.9840 -001.6832 -003.8803 +111.9580 +003.1552 -001.4773 0
L1 07    479 +008.4893 -000.2604 -003.4660 +031.0387 -012.3680 +046.3174 0
L1 08    479 +008.3332 +000.1979 -002.9083 -068.0719 +043.5727 +003.2635 0
L1 01    483 +010.4195 -002.7207 +001.2596 -151.4889 +001.7963 +001.2292 0
L1 02    483 +005.2896 +006.9182 +001.7014 -152.4930 -002.9619 -158.5135 0
L1 03    483 +009.7800 -003.0603 -000.9209 -157.4293 +002.3497 +091.3052 0
L1 04    483 +008.3931 +008.0484 +001.7759 -031.3025 -000.5827 +000.3946 0
L1 05    483 +014.4799 +010.5600 +001.9708 -109.2105 +000.3421 -013.3551 0
L1 06    483 +008.9840 -001.6832 -003.8803 +111.9583 +003.1553 -001.4768 0
L1 07    483 +008.4893 -000.2604 -003.4660 +031.0388 -012.3678 +046.3174 0
L1 08    483 +008.3332 +000.1979 -002.9083 -068.0711 +043.5725 +003.2641 0
L1 01    487 +010.4195 -002.7207 +001.2595 -151.4886 +001.7959 +001.2284 0
L1 02    487 +005.2896 +006.9182 +001.7014 -152.4931 -002.9619 -158.5137 0
L1 03    487 +009.7800 -003.0604 -000.9209 -157.4295 +002.3498 +091.3050 0
L1 04    487 +008.3931 +008.0483 +001.7758 -031.3030 -000.5825 +000.3945 0
L1 05    487 +014.4796 +010.5605 +001.9707 -109.2077 +000.3409 -013.3530 0
L1 06    487 +008.9840 -001.6832 -003.8804 +111.9591 +003.1551 -001.4766 0
L1 07    487 +008.4893 -000.2603 -003.4660 +031.0397 -012.3676 +046.3177 0
L1 08    487 +008.3332 +000.1979 -002.9083 -068.0693 +043.5730 +003.2650 0
L1 01    491 +010.4196 -002.7206 +001.2595 -151.4878 +001.7958 +001.2284 0
L1 02    491 +005.2896 +006.9182 +001.7014 -152.4930 -002.9619 -158.5136 0
L1 03    491 +009.7800 -003.0603 -000.9209 -157.4290 +002.3499 +091.3048 0
L1 04    491 +008.3930 +008.0484 +001.7759 -031.3015 -000.5828 +000.3945 0
L1 05    491 +014.4796 +010.5606 +001.9703 -109.2063 +000.3387 -013.3555 0
L1 06    491 +008.9840 -001.6832 -003.8804 +111.9605 +003.1546 -001.4768 0
L1 07    491 +008.4893 -000.2603 -003.4660 +031.0403 -012.3678 +046.3177 0
L1 08    491 +008.3332 +000.1979 -002.9083 -068.0670 +043.5730 +003.2665 0
L1 01    495 +010.4196 -002.7206 +001.2596 -151.4888 +001.7966 +001.2291 0
L1 02    495 +005.2896 +006.9182 +001.7013 -152.4931 -002.9619 -158.5136 0
L1 03    495 +009.7800 -003.0603 -000.9209 -157.4291 +002.3500 +091.3050 0
L1 04    495 +008.3931 +008.0484 +001.7759 -031.3021 -000.5827 +000.3947 0
L1 05    495 +014.4799 +010.5604 +001.9706 -109.2061 +000.3401 -013.3548 0
L1 06    495 +008.9840 -001.6831 -003.8804 +111.9618 +003.1549 -001.4766 0
L1 07    495 +008.4893 -000.2603 -003.4660 +031.0407 -012.3683 +046.3173 0
L1 08    495 +008.3332 +000.1979 -002.9084 -068.0667 +043.5728 +003.2666 0
L1 01    499 +010.4196 -002.7207 +001.2596 -151.4889 +001.7967 +001.2293 0
L1 02    499 +005.2896 +006.9182 +001.7013 -152.4932 -002.9621 -158.5136 0
L1 03    499 +009.7801 -003.0603 -000.9209 -157.4288 +002.3501 +091.3050 0
L1 04    499 +008.3931 +008.0484 +001.7759 -031.3026 -000.5827 +000.3949 0
L1 05    499 +014.4799 +010.5601 +001.9714 -109.2097 +000.3437 -013.3530 0
L1 06    499 +008.9840 -001.6831 -003.8804 +111.9624 +003.1547 -001.4773 0
L1 07    499 +008.4893 -000.2603 -003.4660 +031.0406 -012.3683 +046.3171 0
L1 08    499 +008.3332 +000.1979 -002.9082 -068.0643 +043.5721 +003.2696 0
L1 01    503 +010.4196 -002.7206 +001.2596 -151.4891 +001.7965 +001.2290 0
L1 02    503 +005.2896 +006.9182 +001.7014 -152.4929 -002.9617 -158.5136 0
L1 03    503 +009.7800 -003.0603 -000.9209 -157.4291 +002.3502 +091.3050 0
L1 04    503 +008.3931 +008.0484 +001.7759 -031.3023 -000.5825 +000.3948 0
L1 05    503 +014.4795 +010.5605 +001.9715 -109.2071 +000.3435 -013.3529 0
L1 06    503 +008.9840 -001.6832 -003.8804 +111.9624 +003.1551 -001.4765 0
L1 07    503 +008.4893 -000.2603 -003.4660 +031.0413 -012.3685 +046.3171 0
L1 08    503 +008.3332 +000.1979 -002.9082 -068.0622 +043.5720 +003.2710 0
