L1 01      9 +015.9709 +000.1809 +001.3405 -083.1686 +001.5867 +001.8320 0
L1 02      9 +005.3065 +006.9154 +001.7011 -152.5962 -002.9689 -158.4470 0
L1 03      9 +016.0703 -000.5403 -000.8396 -090.2939 +002.3178 +092.0534 0
L1 04      9 +008.4119 +008.0407 +001.7760 -030.6726 -000.5997 +000.3907 0
L1 05      9 +014.4652 +010.4654 +001.9729 -109.1451 +000.8068 -012.8107 0
L1 06      9 +014.5269 -000.7133 -003.8402 +176.7328 +004.0167 -002.9925 0
L1 07      9 +013.3955 -000.6202 -004.1530 +105.1967 -000.7058 -003.6364 0
L1 08      9 +012.6670 -000.5657 -004.1558 -005.6919 -007.1700 +003.8081 0
L1 01     13 +015.9709 +000.1809 +001.3405 -083.1686 +001.5859 +001.8315 0
L1 02     13 +005.3065 +006.9154 +001.7011 -152.5960 -002.9690 -158.4469 0
L1 03     13 +016.0704 -000.5403 -000.8397 -090.2935 +002.3171 +092.0534 0
L1 04     13 +008.4119 +008.0407 +001.7760 -030.6724 -000.5997 +000.3904 0
L1 05     13 +014.4653 +010.4652 +001.9725 -109.1465 +000.8041 -012.8117 0
L1 06     13 +014.5270 -000.7130 -003.8401 +176.7333 +004.0184 -002.9929 0
L1 07     13 +013.3955 -000.6201 -004.1530 +105.1973 -000.7057 -003.6375 0
L1 08     13 +012.6670 -000.5656 -004.1559 -005.6892 -007.1700 +003.8079 0
L1 01     17 +015.9709 +000.1809 +001.3404 -083.1688 +001.5862 +001.8310 0
L1 02     17 +005.3065 +006.9154 +001.7011 -152.5959 -002.9689 -158.4471 0
L1 03     17 +016.0704 -000.5404 -000.8396 -090.2941 +002.3172 +092.0541 0
L1 04     17 +008.4119 +008.0407 +001.7760 -030.6722 -000.5996 +000.3902 0
L1 05     17 +014.4651 +010.4654 +001.9729 -109.1444 +000.8060 -012.8094 0
L1 06     17 +014.5270 -000.7131 -003.8402 +176.7313 +004.0182 -002.9921 0
L1 07     17 +013.3955 -000.6202 -004.1534 +105.1965 -000.7059 -003.6358 0
L1 08     17 +012.6671 -000.5657 -004.1559 -005.6883 -007.1708 +003.8077 0
L1 01     21 +015.9709 +000.1809 +001.3403 -083.1696 +001.5866 +001.8313 0
L1 02     21 +005.3065 +006.9154 +001.7011 -152.5960 -002.9688 -158.4472 0
L1 03     21 +016.0704 -000.5404 -000.8395 -090.2950 +002.3167 +092.0549 0
L1 04     21 +008.4119 +008.0407 +001.7760 -030.6728 -000.5996 +000.3902 0
L1 05     21 +014.4651 +010.4654 +001.9729 -109.1444 +000.8055 -012.8091 0
L1 06     21 +014.5270 -000.7131 -003.8402 +176.7299 +004.0184 -002.9931 0
L1 07     21 +013.3955 -000.6203 -004.1533 +105.1962 -000.7052 -003.6358 0
L1 08     21 +012.6671 -000.5658 -004.1559 -005.6881 -007.1707 +003.8069 0
L1 01     25 +015.9710 +000.1810 +001.3405 -083.1691 +001.5859 +001.8322 0
L1 02     25 +005.3065 +006.9154 +001.7011 -152.5960 -002.9688 -158.4471 0
L1 03     25 +016.0704 -000.5403 -000.8396 -090.2939 +002.3172 +092.0542 0
L1 04     25 +008.4119 +008.0407 +001.7760 -030.6725 -000.5997 +000.3904 0
L1 05     25 +014.4648 +010.4658 +001.9725 -109.1414 +000.8038 -012.8101 0
L1 06     25 +014.5270 -000.7131 -003.8402 +176.7297 +004.0183 -002.9916 0
L1 07     25 +013.3956 -000.6201 -004.1532 +105.1970 -000.7055 -003.6362 0
L1 08     25 +012.6670 -000.5657 -004.1559 -005.6858 -007.1707 +003.8067 0
L1 01     29 +015.9710 +000.1811 +001.3404 -083.1677 +001.5862 +001.8320 0
L1 02     29 +005.3065 +006.9154 +001.7011 -152.5952 -002.9688 -158.4468 0
L1 03     29 +016.0704 -000.5403 -000.8397 -090.2931 +002.3174 +092.0536 0
L1 04     29 +008.4119 +008.0408 +001.7760 -030.6721 -000.5998 +000.3904 0
L1 05     29 +014.4648 +010.4659 +001.9728 -109.1409 +000.8058 -012.8094 0
L1 06     29 +014.5270 -000.7133 -003.8402 +176.7286 +004.0172 -002.9920 0
L1 07     29 +013.3956 -000.6202 -004.1531 +105.1965 -000.7056 -003.6374 0
L1 08     29 +012.6670 -000.5657 -004.1559 -005.6838 -007.1708 +003.8072 0
L1 01     33 +015.9710 +000.1811 +001.3404 -083.1683 +001.5869 +001.8322 0
L1 02     33 +005.3065 +006.9154 +001.7011 -152.5957 -002.9689 -158.4466 0
L1 03     33 +016.0704 -000.5404 -000.8396 -090.2940 +002.3170 +092.0546 0
L1 04     33 +008.4119 +008.0407 +001.7760 -030.6723 -000.5997 +000.3904 0
L1 05     33 +014.4647 +010.4661 +001.9726 -109.1401 +000.8044 -012.8107 0
L1 06     33 +014.5269 -000.7131 -003.8404 +176.7292 +004.0163 -002.9919 0
L1 07     33 +013.3956 -000.6202 -004.1532 +105.1964 -000.7052 -003.6364 0
L1 08     33 +012.6670 -000.5657 -004.1559 -005.6827 -007.1705 +003.8071 0
L1 01     37 +015.9710 +000.1810 +001.3405 -083.1690 +001.5861 +001.8336 0
L1 02     37 +005.3065 +006.9154 +001.7011 -152.5958 -002.9690 -158.4468 0
L1 03     37 +016.0704 -000.5404 -000.8396 -090.2944 +002.3169 +092.0550 0
L1 04     37 +008.4119 +008.0407 +001.7760 -030.6727 -000.5997 +000.3905 0
L1 05     37 +014.4653 +010.4655 +001.9720 -109.1454 +000.8007 -012.8124 0
L1 06     37 +014.5271 -000.7134 -003.8401 +176.7259 +004.0192 -002.9917 0
L1 07     37 +013.3956 -000.6203 -004.1531 +105.1950 -000.7040 -003.6374 0
L1 08     37 +012.6671 -000.5657 -004.1559 -005.6814 -007.1717 +003.8060 0
L1 01     41 +015.9710 +000.1812 +001.3406 -083.1673 +001.5866 +001.8347 0
L1 02     41 +005.3065 +006.9154 +001.7011 -152.5957 -002.9688 -158.4468 0
L1 03     41 +016.0704 -000.5405 -000.8394 -090.2948 +002.3165 +092.0566 0
L1 04     41 +008.4119 +008.0408 +001.7760 -030.6721 -000.5997 +000.3904 0
L1 05     41 +014.4653 +010.4654 +001.9724 -109.1451 +000.8021 -012.8105 0
L1 06     41 +014.5271 -000.7131 -003.8401 +176.7268 +004.0200 -002.9923 0
L1 07     41 +013.3957 -000.6201 -004.1531 +105.1958 -000.7047 -003.6383 0
L1 08     41 +012.6671 -000.5657 -004.1559 -005.6802 -007.1734 +003.8055 0
L1 01     45 +015.9710 +000.1812 +001.3404 -083.1676 +001.5863 +001.8329 0
L1 02     45 +005.3065 +006.9154 +001.7011 -152.5955 -002.9689 -158.4467 0
L1 03     45 +016.0704 -000.5404 -000.8396 -090.2937 +002.3168 +092.0553 0
L1 04     45 +008.4119 +008.0408 +001.7760 -030.6718 -000.5997 +000.3899 0
L1 05     45 +014.4650 +010.4659 +001.9726 -109.1410 +000.8034 -012.8096 0
L1 06     45 +014.5272 -000.7129 -003.8400 +176.7266 +004.0204 -002.9935 0
L1 07     45 +013.3957 -000.6202 -004.1532 +105.1964 -000.7047 -003.6381 0
L1 08     45 +012.6671 -000.5657 -004.1560 -005.6773 -007.1723 +003.8055 0
L1 01     49 +015.9710 +000.1812 +001.3404 -083.1679 +001.5870 +001.8332 0
L1 02     49 +005.3065 +006.9154 +001.7011 -152.5964 -002.9692 -158.4467 0
L1 03     49 +016.0704 -000.5405 -000.8395 -090.2950 +002.3169 +092.0555 0
L1 04     49 +008.4119 +008.0408 +001.7760 -030.6719 -000.5998 +000.3901 0
L1 05     49 +014.4651 +010.4656 +001.9728 -109.1421 +000.8049 -012.8100 0
L1 06     49 +014.5271 -000.7131 -003.8401 +176.7232 +004.0192 -002.9926 0
L1 07     49 +013.3957 -000.6204 -004.1530 +105.1940 -000.7044 -003.6390 0
L1 08     49 +012.6671 -000.5658 -004.1560 -005.6781 -007.1721 +003.8050 0
L1 01     53 +015.9710 +000.1812 +001.3405 -083.1680 +001.5874 +001.8338 0
L1 02     53 +005.3065 +006.9154 +001.7012 -152.5964 -002.9687 -158.4471 0
L1 03     53 +016.0704 -000.5405 -000.8395 -090.2954 +002.3173 +092.0557 0
L1 04     53 +008.4119 +008.0407 +001.7760 -030.6721 -000.5997 +000.3905 0
L1 05     53 +014.4651 +010.4656 +001.9728 -109.1416 +000.8064 -012.8110 0
L1 06     53 +014.5271 -000.7130 -003.8400 +176.7230 +004.0197 -002.9945 0
L1 07     53 +013.3956 -000.6204 -004.1531 +105.1941 -000.7047 -003.6380 0
L1 08     53 +012.6671 -000.5657 -004.1559 -005.6766 -007.1721 +003.8055 0
L1 01     57 +015.9710 +000.1814 +001.3405 -083.1671 +001.5879 +001.8330 0
L1 02     57 +005.3065 +006.9154 +001.7011 -152.5960 -002.9689 -158.4470 0
L1 03     57 +016.0704 -000.5404 -000.8395 -090.2943 +002.3179 +092.0553 0
L1 04     57 +008.4118 +008.0408 +001.7760 -030.6713 -000.5999 +000.3905 0
L1 05     57 +014.4651 +010.4657 +001.9727 -109.1407 +000.8055 -012.8115 0
L1 06     57 +014.5271 -000.7130 -003.8400 +176.7233 +004.0197 -002.9943 0
L1 07     57 +013.3956 -000.6199 -004.1531 +105.1970 -000.7058 -003.6374 0
L1 08     57 +012.6670 -000.5656 -004.1559 -005.6735 -007.1717 +003.8060 0
L1 01     61 +015.9710 +000.1812 +001.3404 -083.1691 +001.5872 +001.8313 0
L1 02     61 +005.3065 +006.9154 +001.7011 -152.5961 -002.9690 -158.4470 0
L1 03     61 +016.0704 -000.5403 -000.8398 -090.2940 +002.3177 +092.0533 0
L1 04     61 +008.4119 +008.0408 +001.7760 -030.6719 -000.6000 +000.3903 0
L1 05     61 +014.4652 +010.4655 +001.9726 -109.1430 +000.8039 -012.8114 0
L1 06     61 +014.5270 -000.7131 -003.8401 +176.7219 +004.0184 -002.9944 0
L1 07     61 +013.3956 -000.6201 -004.1530 +105.1952 -000.7058 -003.6377 0
L1 08     61 +012.6670 -000.5656 -004.1560 -005.6726 -007.1705 +003.8056 0
L1 01     65 +015.9710 +000.1808 +001.3401 -083.1722 +001.5883 +001.8279 0
L1 02     65 +005.3065 +006.9154 +001.7011 -152.5960 -002.9692 -158.4466 0
L1 03     65 +016.0704 -000.5404 -000.8397 -090.2942 +002.3172 +092.0530 0
L1 04     65 +008.4119 +008.0408 +001.7760 -030.6719 -000.5999 +000.3898 0
L1 05     65 +014.4654 +010.4652 +001.9727 -109.1452 +000.8046 -012.8105 0
L1 06     65 +014.5271 -000.7132 -003.8400 +176.7200 +004.0192 -002.9932 0
L1 07     65 +013.3956 -000.6200 -004.1529 +105.1963 -000.7050 -003.6383 0
L1 08     65 +012.6670 -000.5657 -004.1560 -005.6717 -007.1711 +003.8044 0
L1 01     69 +015.9710 +000.1807 +001.3400 -083.1738 +001.5861 +001.8277 0
L1 02     69 +005.3065 +006.9154 +001.7011 -152.5958 -002.9692 -158.4465 0
L1 03     69 +016.0704 -000.5403 -000.8398 -090.2936 +002.3167 +092.0526 0
L1 04     69 +008.4119 +008.0408 +001.7759 -030.6717 -000.5998 +000.3897 0
L1 05     69 +014.4651 +010.4656 +001.9727 -109.1421 +000.8044 -012.8101 0
L1 06     69 +014.5270 -000.7131 -003.8401 +176.7204 +004.0190 -002.9930 0
L1 07     69 +013.3956 -000.6198 -004.1530 +105.1975 -000.7053 -003.6378 0
L1 08     69 +012.6670 -000.5656 -004.1560 -005.6690 -007.1709 +003.8039 0
L1 01     73 +015.9710 +000.1809 +001.3402 -083.1711 +001.5849 +001.8297 0
L1 02     73 +005.3065 +006.9154 +001.7011 -152.5960 -002.9695 -158.4463 0
L1 03     73 +016.0704 -000.5400 -000.8398 -090.2921 +002.3172 +092.0532 0
L1 04     73 +008.4119 +008.0408 +001.7759 -030.6713 -000.5997 +000.3896 0
L1 05     73 +014.4651 +010.4656 +001.9729 -109.1417 +000.8067 -012.8105 0
L1 06     73 +014.5270 -000.7132 -003.8402 +176.7182 +004.0181 -002.9939 0
L1 07     73 +013.3957 -000.6200 -004.1529 +105.1966 -000.7049 -003.6384 0
L1 08     73 +012.6670 -000.5656 -004.1560 -005.6665 -007.1717 +003.8040 0
L1 01     77 +015.9710 +000.1809 +001.3404 -083.1712 +001.5857 +001.8317 0
L1 02     77 +005.3065 +006.9154 +001.7011 -152.5961 -002.9695 -158.4464 0
L1 03     77 +016.0704 -000.5403 -000.8397 -090.2939 +002.3168 +092.0538 0
L1 04     77 +008.4119 +008.0408 +001.7759 -030.6718 -000.5997 +000.3895 0
L1 05     77 +014.4653 +010.4653 +001.9728 -109.1435 +000.8067 -012.8104 0
L1 06     77 +014.5270 -000.7133 -003.8402 +176.7163 +004.0183 -002.9930 0
L1 07     77 +013.3956 -000.6200 -004.1530 +105.1964 -000.7045 -003.6377 0
L1 08     77 +012.6670 -000.5656 -004.1560 -005.6658 -007.1712 +003.8032 0
L1 01     81 +015.9710 +000.1809 +001.3405 -083.1708 +001.5861 +001.8328 0
L1 02     81 +005.3066 +006.9154 +001.7011 -152.5965 -002.9694 -158.4466 0
L1 03     81 +016.0703 -000.5404 -000.8396 -090.2947 +002.3171 +092.0541 0
L1 04     81 +008.4119 +008.0408 +001.7759 -030.6722 -000.5995 +000.3896 0
L1 05     81 +014.4651 +010.4654 +001.9732 -109.1427 +000.8082 -012.8081 0
L1 06     81 +014.5271 -000.7131 -003.8401 +176.7161 +004.0185 -002.9930 0
L1 07     81 +013.3955 -000.6201 -004.1530 +105.1951 -000.7045 -003.6371 0
L1 08     81 +012.6670 -000.5658 -004.1558 -005.6658 -007.1723 +003.8028 0
L1 01     85 +015.9710 +000.1811 +001.3402 -083.1697 +001.5868 +001.8308 0
L1 02     85 +005.3065 +006.9154 +001.7011 -152.5962 -002.9695 -158.4466 0
L1 03     85 +016.0703 -000.5401 -000.8396 -090.2924 +002.3172 +092.0536 0
L1 04     85 +008.4119 +008.0408 +001.7759 -030.6716 -000.5997 +000.3894 0
L1 05     85 +014.4647 +010.4660 +001.9727 -109.1381 +000.8051 -012.8113 0
L1 06     85 +014.5269 -000.7132 -003.8405 +176.7154 +004.0161 -002.9937 0
L1 07     85 +013.3955 -000.6199 -004.1531 +105.1961 -000.7048 -003.6369 0
L1 08     85 +012.6670 -000.5656 -004.1558 -005.6633 -007.1717 +003.8035 0
L1 01     89 +015.9710 +000.1810 +001.3403 -083.1706 +001.5858 +001.8313 0
L1 02     89 +005.3065 +006.9154 +001.7011 -152.5964 -002.9694 -158.4466 0
L1 03     89 +016.0704 -000.5401 -000.8396 -090.2929 +002.3171 +092.0539 0
L1 04     89 +008.4119 +008.0408 +001.7759 -030.6722 -000.5998 +000.3896 0
L1 05     89 +014.4652 +010.4654 +001.9732 -109.1429 +000.8068 -012.8105 0
L1 06     89 +014.5270 -000.7133 -003.8403 +176.7123 +004.0174 -002.9932 0
L1 07     89 +013.3955 -000.6202 -004.1531 +105.1943 -000.7047 -003.6364 0
L1 08     89 +012.6669 -000.5655 -004.1559 -005.6614 -007.1715 +003.8031 0
L1 01     93 +015.9710 +000.1810 +001.3405 -083.1715 +001.5863 +001.8322 0
L1 02     93 +005.3065 +006.9154 +001.7011 -152.5965 -002.9696 -158.4465 0
L1 03     93 +016.0704 -000.5405 -000.8397 -090.2957 +002.3165 +092.0538 0
L1 04     93 +008.4119 +008.0407 +001.7759 -030.6725 -000.5997 +000.3896 0
L1 05     93 +014.4652 +010.4656 +001.9730 -109.1430 +000.8052 -012.8100 0
L1 06     93 +014.5270 -000.7133 -003.8402 +176.7103 +004.0188 -002.9931 0
L1 07     93 +013.3956 -000.6201 -004.1530 +105.1948 -000.7045 -003.6374 0
L1 08     93 +012.6670 -000.5657 -004.1559 -005.6615 -007.1722 +003.8020 0
L1 01     97 +015.9710 +000.1811 +001.3404 -083.1710 +001.5869 +001.8311 0
L1 02     97 +005.3065 +006.9154 +001.7011 -152.5962 -002.9695 -158.4463 0
L1 03     97 +016.0704 -000.5404 -000.8397 -090.2948 +002.3166 +092.0536 0
L1 04     97 +008.4119 +008.0407 +001.7759 -030.6723 -000.5997 +000.3895 0
L1 05     97 +014.4651 +010.4656 +001.9727 -109.1421 +000.8049 -012.8112 0
L1 06     97 +014.5270 -000.7133 -003.8402 +176.7105 +004.0180 -002.9926 0
L1 07     97 +013.3955 -000.6201 -004.1532 +105.1950 -000.7050 -003.6361 0
L1 08     97 +012.6669 -000.5657 -004.1560 -005.6599 -007.1710 +003.8019 0
L1 01    101 +015.9710 +000.1813 +001.3400 -083.1703 +001.5883 +001.8279 0
L1 02    101 +005.3065 +006.9154 +001.7011 -152.5963 -002.9693 -158.4464 0
L1 03    101 +016.0704 -000.5405 -000.8398 -090.2949 +002.3169 +092.0520 0
L1 04    101 +008.4119 +008.0408 +001.7759 -030.6719 -000.5997 +000.3891 0
L1 05    101 +014.4649 +010.4659 +001.9726 -109.1402 +000.8031 -012.8113 0
L1 06    101 +014.5270 -000.7130 -003.8404 +176.7114 +004.0159 -002.9932 0
L1 07    101 +013.3954 -000.6201 -004.1531 +105.1956 -000.7054 -003.6359 0
L1 08    101 +012.6669 -000.5657 -004.1560 -005.6589 -007.1708 +003.8017 0
L1 01    105 +015.9710 +000.1811 +001.3402 -083.1714 +001.5867 +001.8288 0
L1 02    105 +005.3065 +006.9154 +001.7011 -152.5963 -002.9696 -158.4463 0
L1 03    105 +016.0704 -000.5404 -000.8397 -090.2946 +002.3170 +092.0526 0
L1 04    105 +008.4119 +008.0408 +001.7759 -030.6721 -000.5997 +000.3894 0
L1 05    105 +014.4652 +010.4655 +001.9723 -109.1430 +000.8026 -012.8137 0
L1 06    105 +014.5270 -000.7130 -003.8402 +176.7104 +004.0167 -002.9925 0
L1 07    105 +013.3955 -000.6200 -004.1531 +105.1955 -000.7054 -003.6359 0
L1 08    105 +012.6669 -000.5658 -004.1560 -005.6570 -007.1712 +003.8010 0
L1 01    109 +015.9710 +000.1810 +001.3404 -083.1716 +001.5863 +001.8311 0
L1 02    109 +005.3065 +006.9154 +001.7011 -152.5964 -002.9696 -158.4465 0
L1 03    109 +016.0703 -000.5404 -000.8396 -090.2956 +002.3165 +092.0539 0
L1 04    109 +008.4119 +008.0408 +001.7759 -030.6723 -000.5996 +000.3895 0
L1 05    109 +014.4651 +010.4656 +001.9723 -109.1424 +000.8020 -012.8127 0
L1 06    109 +014.5270 -000.7132 -003.8402 +176.7063 +004.0176 -002.9925 0
L1 07    109 +013.3955 -000.6203 -004.1531 +105.1931 -000.7037 -003.6367 0
L1 08    109 +012.6669 -000.5657 -004.1559 -005.6557 -007.1722 +003.8003 0
L1 01    113 +015.9710 +000.1813 +001.3405 -083.1696 +001.5867 +001.8318 0
L1 02    113 +005.3065 +006.9154 +001.7011 -152.5965 -002.9695 -158.4463 0
L1 03    113 +016.0703 -000.5406 -000.8397 -090.2961 +002.3163 +092.0534 0
L1 04    113 +008.4119 +008.0408 +001.7759 -030.6722 -000.5998 +000.3896 0
L1 05    113 +014.4652 +010.4655 +001.9723 -109.1434 +000.8022 -012.8139 0
L1 06    113 +014.5271 -000.7132 -003.8401 +176.7052 +004.0194 -002.9940 0
L1 07    113 +013.3955 -000.6203 -004.1531 +105.1932 -000.7035 -003.6363 0
L1 08    113 +012.6669 -000.5657 -004.1559 -005.6542 -007.1725 +003.8002 0
L1 01    117 +015.9710 +000.1812 +001.3406 -083.1686 +001.5857 +001.8329 0
L1 02    117 +005.3065 +006.9154 +001.7011 -152.5959 -002.9698 -158.4459 0
L1 03    117 +016.0703 -000.5403 -000.8397 -090.2940 +002.3161 +092.0538 0
L1 04    117 +008.4118 +008.0408 +001.7759 -030.6713 -000.6000 +000.3895 0
L1 05    117 +014.4652 +010.4654 +001.9729 -109.1423 +000.8040 -012.8117 0
L1 06    117 +014.5271 -000.7129 -003.8399 +176.7082 +004.0204 -002.9936 0
L1 07    117 +013.3956 -000.6201 -004.1530 +105.1953 -000.7030 -003.6369 0
L1 08    117 +012.6670 -000.5656 -004.1559 -005.6505 -007.1728 +003.8002 0
L1 01    121 +015.9710 +000.1813 +001.3406 -083.1682 +001.5853 +001.8335 0
L1 02    121 +005.3065 +006.9154 +001.7011 -152.5963 -002.9697 -158.4462 0
L1 03    121 +016.0703 -000.5403 -000.8397 -090.2927 +002.3167 +092.0540 0
L1 04    121 +008.4119 +008.0408 +001.7759 -030.6715 -000.5998 +000.3897 0
L1 05    121 +014.4649 +010.4660 +001.9729 -109.1395 +000.8040 -012.8112 0
L1 06    121 +014.5271 -000.7130 -003.8401 +176.7072 +004.0193 -002.9944 0
L1 07    121 +013.3956 -000.6202 -004.1530 +105.1946 -000.7037 -003.6371 0
L1 08    121 +012.6670 -000.5657 -004.1559 -005.6494 -007.1733 +003.8000 0
L1 01    125 +015.9710 +000.1810 +001.3406 -083.1708 +001.5860 +001.8321 0
L1 02    125 +005.3065 +006.9154 +001.7011 -152.5964 -002.9694 -158.4466 0
L1 03    125 +016.0704 -000.5404 -000.8399 -090.2942 +002.3171 +092.0526 0
L1 04    125 +008.4119 +008.0408 +001.7760 -030.6720 -000.5997 +000.3899 0
L1 05    125 +014.4652 +010.4656 +001.9723 -109.1422 +000.8016 -012.8134 0
L1 06    125 +014.5271 -000.7132 -003.8401 +176.7057 +004.0194 -002.9941 0
L1 07    125 +013.3955 -000.6204 -004.1531 +105.1926 -000.7035 -003.6364 0
L1 08    125 +012.6669 -000.5657 -004.1560 -005.6493 -007.1720 +003.8001 0
L1 01    129 +015.9710 +000.1809 +001.3405 -083.1722 +001.5863 +001.8317 0
L1 02    129 +005.3065 +006.9154 +001.7011 -152.5966 -002.9697 -158.4465 0
L1 03    129 +016.0703 -000.5405 -000.8398 -090.2953 +002.3172 +092.0529 0
L1 04    129 +008.4119 +008.0408 +001.7759 -030.6723 -000.5994 +000.3892 0
L1 05    129 +014.4655 +010.4650 +001.9727 -109.1450 +000.8034 -012.8122 0
L1 06    129 +014.5271 -000.7134 -003.8401 +176.7042 +004.0186 -002.9937 0
L1 07    129 +013.3955 -000.6202 -004.1531 +105.1935 -000.7039 -003.6365 0
L1 08    129 +012.6669 -000.5657 -004.1560 -005.6479 -007.1722 +003.8000 0
L1 01    133 +015.9709 +000.1808 +001.3403 -083.1726 +001.5862 +001.8301 0
L1 02    133 +005.3066 +006.9154 +001.7011 -152.5968 -002.9697 -158.4465 0
L1 03    133 +016.0704 -000.5403 -000.8397 -090.2936 +002.3168 +092.0534 0
L1 04    133 +008.4119 +008.0408 +001.7759 -030.6720 -000.5996 +000.3895 0
L1 05    133 +014.4650 +010.4657 +001.9725 -109.1409 +000.8018 -012.8123 0
L1 06    133 +014.5271 -000.7133 -003.8401 +176.7056 +004.0187 -002.9934 0
L1 07    133 +013.3956 -000.6201 -004.1532 +105.1949 -000.7044 -003.6359 0
L1 08    133 +012.6670 -000.5656 -004.1560 -005.6448 -007.1720 +003.8003 0
L1 01    137 +015.9710 +000.1810 +001.3404 -083.1707 +001.5867 +001.8316 0
L1 02    137 +005.3066 +006.9154 +001.7011 -152.5969 -002.9699 -158.4463 0
L1 03    137 +016.0704 -000.5405 -000.8396 -090.2949 +002.3172 +092.0545 0
L1 04    137 +008.4119 +008.0407 +001.7759 -030.6723 -000.5995 +000.3897 0
L1 05    137 +014.4652 +010.4654 +001.9725 -109.1421 +000.8022 -012.8124 0
L1 06    137 +014.5271 -000.7131 -003.8400 +176.7073 +004.0199 -002.9938 0
L1 07    137 +013.3956 -000.6202 -004.1532 +105.1941 -000.7043 -003.6360 0
L1 08    137 +012.6670 -000.5656 -004.1560 -005.6438 -007.1726 +003.7999 0
L1 01    141 +015.9710 +000.1810 +001.3403 -083.1708 +001.5860 +001.8311 0
L1 02    141 +005.3066 +006.9154 +001.7011 -152.5965 -002.9696 -158.4465 0
L1 03    141 +016.0704 -000.5402 -000.8396 -090.2928 +002.3169 +092.0546 0
L1 04    141 +008.4119 +008.0408 +001.7759 -030.6716 -000.5996 +000.3897 0
L1 05    141 +014.4651 +010.4656 +001.9726 -109.1401 +000.8029 -012.8134 0
L1 06    141 +014.5272 -000.7129 -003.8400 +176.7092 +004.0201 -002.9945 0
L1 07    141 +013.3956 -000.6200 -004.1531 +105.1954 -000.7048 -003.6369 0
L1 08    141 +012.6671 -000.5656 -004.1559 -005.6421 -007.1740 +003.7999 0
L1 01    145 +015.9710 +000.1811 +001.3403 -083.1705 +001.5861 +001.8311 0
L1 02    145 +005.3065 +006.9154 +001.7011 -152.5963 -002.9696 -158.4465 0
L1 03    145 +016.0704 -000.5402 -000.8396 -090.2923 +002.3172 +092.0547 0
L1 04    145 +008.4119 +008.0408 +001.7759 -030.6719 -000.5997 +000.3897 0
L1 05    145 +014.4649 +010.4659 +001.9722 -109.1390 +000.8008 -012.8147 0
L1 06    145 +014.5272 -000.7129 -003.8400 +176.7091 +004.0201 -002.9946 0
L1 07    145 +013.3956 -000.6204 -004.1532 +105.1928 -000.7036 -003.6367 0
L1 08    145 +012.6670 -000.5655 -004.1560 -005.6404 -007.1731 +003.7995 0
L1 01    149 +015.9710 +000.1809 +001.3404 -083.1714 +001.5855 +001.8322 0
L1 02    149 +005.3065 +006.9154 +001.7011 -152.5964 -002.9697 -158.4466 0
L1 03    149 +016.0704 -000.5400 -000.8396 -090.2916 +002.3168 +092.0546 0
L1 04    149 +008.4119 +008.0408 +001.7759 -030.6721 -000.5997 +000.3898 0
L1 05    149 +014.4653 +010.4651 +001.9727 -109.1450 +000.8027 -012.8132 0
L1 06    149 +014.5272 -000.7128 -003.8400 +176.7090 +004.0197 -002.9946 0
L1 07    149 +013.3956 -000.6203 -004.1531 +105.1936 -000.7040 -003.6373 0
L1 08    149 +012.6670 -000.5655 -004.1560 -005.6388 -007.1731 +003.7993 0
L1 01    153 +015.9710 +000.1810 +001.3403 -083.1717 +001.5866 +001.8310 0
L1 02    153 +005.3065 +006.9154 +001.7011 -152.5964 -002.9696 -158.4465 0
L1 03    153 +016.0704 -000.5402 -000.8396 -090.2934 +002.3167 +092.0543 0
L1 04    153 +008.4119 +008.0407 +001.7759 -030.6729 -000.5996 +000.3897 0
L1 05    153 +014.4652 +010.4655 +001.9719 -109.1417 +000.7989 -012.8164 0
L1 06    153 +014.5272 -000.7130 -003.8400 +176.7078 +004.0199 -002.9938 0
L1 07    153 +013.3956 -000.6204 -004.1531 +105.1924 -000.7028 -003.6369 0
L1 08    153 +012.6670 -000.5656 -004.1560 -005.6385 -007.1728 +003.7981 0
L1 01    157 +015.9710 +000.1811 +001.3403 -083.1718 +001.5871 +001.8306 0
L1 02    157 +005.3066 +006.9154 +001.7011 -152.5965 -002.9696 -158.4462 0
L1 03    157 +016.0704 -000.5407 -000.8397 -090.2966 +002.3167 +092.0536 0
L1 04    157 +008.4120 +008.0407 +001.7760 -030.6732 -000.5996 +000.3898 0
L1 05    157 +014.4651 +010.4655 +001.9725 -109.1418 +000.8013 -012.8138 0
L1 06    157 +014.5271 -000.7132 -003.8400 +176.7057 +004.0192 -002.9933 0
L1 07    157 +013.3955 -000.6204 -004.1533 +105.1917 -000.7039 -003.6351 0
L1 08    157 +012.6670 -000.5657 -004.1560 -005.6372 -007.1728 +003.7979 0
L1 01    161 +015.9710 +000.1809 +001.3404 -083.1724 +001.5864 +001.8310 0
L1 02    161 +005.3065 +006.9154 +001.7011 -152.5962 -002.9695 -158.4463 0
L1 03    161 +016.0704 -000.5404 -000.8397 -090.2945 +002.3162 +092.0539 0
L1 04    161 +008.4119 +008.0407 +001.7760 -030.6726 -000.5998 +000.3901 0
L1 05    161 +014.4652 +010.4653 +001.9727 -109.1431 +000.8019 -012.8124 0
L1 06    161 +014.5272 -000.7132 -003.8399 +176.7061 +004.0201 -002.9930 0
L1 07    161 +013.3955 -000.6201 -004.1531 +105.1936 -000.7038 -003.6368 0
L1 08    161 +012.6670 -000.5656 -004.1559 -005.6348 -007.1740 +003.7979 0
L1 01    165 +015.9710 +000.1810 +001.3404 -083.1715 +001.5858 +001.8311 0
L1 02    165 +005.3065 +006.9154 +001.7011 -152.5962 -002.9696 -158.4464 0
L1 03    165 +016.0704 -000.5401 -000.8397 -090.2919 +002.3166 +092.0539 0
L1 04    165 +008.4119 +008.0408 +001.7759 -030.6720 -000.5998 +000.3897 0
L1 05    165 +014.4650 +010.4656 +001.9727 -109.1407 +000.8009 -012.8119 0
L1 06    165 +014.5271 -000.7132 -003.8401 +176.7062 +004.0193 -002.9931 0
L1 07    165 +013.3956 -000.6201 -004.1531 +105.1946 -000.7040 -003.6365 0
L1 08    165 +012.6670 -000.5655 -004.1559 -005.6317 -007.1732 +003.7984 0
L1 01    169 +015.9710 +000.1813 +001.3404 -083.1696 +001.5862 +001.8316 0
L1 02    169 +005.3065 +006.9154 +001.7011 -152.5963 -002.9695 -158.4465 0
L1 03    169 +016.0704 -000.5403 -000.8397 -090.2926 +002.3173 +092.0540 0
L1 04    169 +008.4119 +008.0408 +001.7760 -030.6716 -000.5998 +000.3897 0
L1 05    169 +014.4647 +010.4661 +001.9728 -109.1370 +000.8014 -012.8116 0
L1 06    169 +014.5271 -000.7132 -003.8402 +176.7063 +004.0186 -002.9934 0
L1 07    169 +013.3956 -000.6202 -004.1532 +105.1938 -000.7048 -003.6362 0
L1 08    169 +012.6670 -000.5655 -004.1560 -005.6305 -007.1735 +003.7989 0
L1 01    173 +015.9710 +000.1813 +001.3405 -083.1696 +001.5869 +001.8321 0
L1 02    173 +005.3065 +006.9154 +001.7011 -152.5960 -002.9695 -158.4466 0
L1 03    173 +016.0704 -000.5403 -000.8397 -090.2934 +002.3172 +092.0539 0
L1 04    173 +008.4119 +008.0408 +001.7759 -030.6718 -000.5998 +000.3897 0
L1 05    173 +014.4648 +010.4660 +001.9731 -109.1383 +000.8032 -012.8108 0
L1 06    173 +014.5271 -000.7132 -003.8399 +176.7054 +004.0204 -002.9938 0
L1 07    173 +013.3956 -000.6202 -004.1533 +105.1929 -000.7047 -003.6359 0
L1 08    173 +012.6670 -000.5655 -004.1559 -005.6301 -007.1737 +003.7984 0
L1 01    177 +015.9710 +000.1811 +001.3405 -083.1716 +001.5868 +001.8324 0
L1 02    177 +005.3065 +006.9154 +001.7011 -152.5961 -002.9696 -158.4464 0
L1 03    177 +016.0704 -000.5403 -000.8398 -090.2939 +002.3170 +092.0536 0
L1 04    177 +008.4119 +008.0408 +001.7759 -030.6721 -000.5997 +000.3897 0
L1 05    177 +014.4651 +010.4657 +001.9728 -109.1405 +000.8012 -012.8115 0
L1 06    177 +014.5272 -000.7133 -003.8399 +176.7035 +004.0203 -002.9939 0
L1 07    177 +013.3956 -000.6201 -004.1532 +105.1932 -000.7044 -003.6364 0
L1 08    177 +012.6670 -000.5656 -004.1560 -005.6300 -007.1733 +003.7975 0
L1 01    181 +015.9710 +000.1810 +001.3404 -083.1727 +001.5868 +001.8314 0
L1 02    181 +005.3065 +006.9154 +001.7011 -152.5962 -002.9696 -158.4464 0
L1 03    181 +016.0704 -000.5404 -000.8396 -090.2942 +002.3170 +092.0540 0
L1 04    181 +008.4119 +008.0408 +001.7759 -030.6717 -000.5998 +000.3898 0
L1 05    181 +014.4648 +010.4658 +001.9730 -109.1394 +000.8024 -012.8120 0
L1 06    181 +014.5271 -000.7135 -003.8398 +176.7016 +004.0201 -002.9941 0
L1 07    181 +013.3956 -000.6201 -004.1531 +105.1939 -000.7043 -003.6361 0
L1 08    181 +012.6669 -000.5656 -004.1560 -005.6287 -007.1730 +003.7970 0
L1 01    185 +015.9710 +000.1810 +001.3404 -083.1727 +001.5863 +001.8308 0
L1 02    185 +005.3065 +006.9154 +001.7011 -152.5962 -002.9696 -158.4462 0
L1 03    185 +016.0704 -000.5405 -000.8397 -090.2943 +002.3167 +092.0528 0
L1 04    185 +008.4119 +008.0408 +001.7760 -030.6717 -000.6000 +000.3898 0
L1 05    185 +014.4651 +010.4657 +001.9725 -109.1404 +000.8014 -012.8125 0
L1 06    185 +014.5270 -000.7135 -003.8404 +176.7020 +004.0176 -002.9932 0
L1 07    185 +013.3954 -000.6201 -004.1533 +105.1934 -000.7040 -003.6351 0
L1 08    185 +012.6669 -000.5657 -004.1559 -005.6276 -007.1731 +003.7961 0
L1 01    189 +015.9709 +000.1809 +001.3402 -083.1741 +001.5858 +001.8289 0
L1 02    189 +005.3065 +006.9154 +001.7011 -152.5962 -002.9697 -158.4462 0
L1 03    189 +016.0704 -000.5403 -000.8398 -090.2936 +002.3165 +092.0522 0
L1 04    189 +008.4119 +008.0408 +001.7760 -030.6721 -000.5998 +000.3899 0
L1 05    189 +014.4653 +010.4654 +001.9726 -109.1410 +000.8015 -012.8135 0
L1 06    189 +014.5271 -000.7132 -003.8402 +176.7045 +004.0178 -002.9939 0
L1 07    189 +013.3954 -000.6201 -004.1533 +105.1936 -000.7043 -003.6344 0
L1 08    189 +012.6669 -000.5656 -004.1559 -005.6241 -007.1732 +003.7965 0
L1 01    193 +015.9710 +000.1807 +001.3403 -083.1751 +001.5853 +001.8305 0
L1 02    193 +005.3065 +006.9154 +001.7011 -152.5961 -002.9697 -158.4463 0
L1 03    193 +016.0704 -000.5404 -000.8397 -090.2941 +002.3166 +092.0530 0
L1 04    193 +008.4119 +008.0407 +001.7759 -030.6724 -000.5996 +000.3895 0
L1 05    193 +014.4654 +010.4651 +001.9727 -109.1424 +000.8024 -012.8132 0
L1 06    193 +014.5271 -000.7133 -003.8402 +176.7032 +004.0180 -002.9933 0
L1 07    193 +013.3955 -000.6202 -004.1533 +105.1934 -000.7042 -003.6353 0
L1 08    193 +012.6669 -000.5656 -004.1560 -005.6219 -007.1725 +003.7959 0
L1 01    197 +015.9710 +000.1808 +001.3405 -083.1741 +001.5855 +001.8318 0
L1 02    197 +005.3065 +006.9154 +001.7011 -152.5962 -002.9694 -158.4466 0
L1 03    197 +016.0704 -000.5403 -000.8397 -090.2935 +002.3170 +092.0538 0
L1 04    197 +008.4119 +008.0407 +001.7759 -030.6724 -000.5996 +000.3896 0
L1 05    197 +014.4652 +010.4656 +001.9719 -109.1399 +000.7975 -012.8160 0
L1 06    197 +014.5271 -000.7131 -003.8402 +176.7031 +004.0187 -002.9946 0
L1 07    197 +013.3956 -000.6201 -004.1531 +105.1935 -000.7045 -003.6371 0
L1 08    197 +012.6669 -000.5655 -004.1560 -005.6208 -007.1736 +003.7964 0
L1 01    201 +015.9710 +000.1811 +001.3404 -083.1722 +001.5852 +001.8313 0
L1 02    201 +005.3065 +006.9154 +001.7011 -152.5961 -002.9693 -158.4465 0
L1 03    201 +016.0704 -000.5402 -000.8398 -090.2927 +002.3168 +092.0530 0
L1 04    201 +008.4118 +008.0408 +001.7759 -030.6714 -000.5998 +000.3896 0
L1 05    201 +014.4648 +010.4660 +001.9722 -109.1359 +000.7981 -012.8150 0
L1 06    201 +014.5271 -000.7132 -003.8402 +176.7016 +004.0181 -002.9948 0
L1 07    201 +013.3956 -000.6199 -004.1532 +105.1946 -000.7050 -003.6363 0
L1 08    201 +012.6669 -000.5654 -004.1560 -005.6187 -007.1738 +003.7967 0
L1 01    205 +015.9710 +000.1810 +001.3403 -083.1727 +001.5861 +001.8294 0
L1 02    205 +005.3065 +006.9154 +001.7011 -152.5959 -002.9693 -158.4465 0
L1 03    205 +016.0704 -000.5401 -000.8399 -090.2922 +002.3170 +092.0521 0
L1 04    205 +008.4119 +008.0408 +001.7759 -030.6716 -000.5998 +000.3893 0
L1 05    205 +014.4648 +010.4660 +001.9728 -109.1363 +000.8013 -012.8129 0
L1 06    205 +014.5270 -000.7129 -003.8406 +176.7022 +004.0155 -002.9952 0
L1 07    205 +013.3955 -000.6199 -004.1532 +105.1948 -000.7053 -003.6359 0
L1 08    205 +012.6669 -000.5655 -004.1560 -005.6185 -007.1726 +003.7961 0
L1 01    209 +015.9710 +000.1807 +001.3402 -083.1752 +001.5859 +001.8288 0
L1 02    209 +005.3065 +006.9154 +001.7011 -152.5960 -002.9694 -158.4465 0
L1 03    209 +016.0704 -000.5402 -000.8399 -090.2931 +002.3165 +092.0522 0
L1 04    209 +008.4119 +008.0408 +001.7759 -030.6716 -000.5999 +000.3893 0
L1 05    209 +014.4653 +010.4654 +001.9727 -109.1406 +000.8004 -012.8128 0
L1 06    209 +014.5271 -000.7130 -003.8403 +176.7021 +004.0173 -002.9955 0
L1 07    209 +013.3955 -000.6199 -004.1533 +105.1944 -000.7057 -003.6355 0
L1 08    209 +012.6669 -000.5655 -004.1560 -005.6176 -007.1730 +003.7952 0
L1 01    213 +015.9710 +000.1810 +001.3402 -083.1737 +001.5866 +001.8291 0
L1 02    213 +005.3065 +006.9154 +001.7011 -152.5961 -002.9694 -158.4464 0
L1 03    213 +016.0704 -000.5403 -000.8399 -090.2934 +002.3169 +092.0521 0
L1 04    213 +008.4119 +008.0408 +001.7759 -030.6718 -000.5997 +000.3893 0
L1 05    213 +014.4653 +010.4652 +001.9731 -109.1425 +000.8036 -012.8119 0
L1 06    213 +014.5270 -000.7132 -003.8403 +176.7008 +004.0167 -002.9951 0
L1 07    213 +013.3955 -000.6202 -004.1533 +105.1931 -000.7051 -003.6352 0
L1 08    213 +012.6669 -000.5655 -004.1560 -005.6161 -007.1732 +003.7954 0
L1 01    217 +015.9710 +000.1812 +001.3402 -083.1726 +001.5868 +001.8294 0
L1 02    217 +005.3065 +006.9154 +001.7011 -152.5956 -002.9695 -158.4460 0
L1 03    217 +016.0704 -000.5403 -000.8399 -090.2927 +002.3168 +092.0525 0
L1 04    217 +008.4119 +008.0408 +001.7759 -030.6716 -000.5999 +000.3895 0
L1 05    217 +014.4649 +010.4659 +001.9725 -109.1377 +000.8007 -012.8140 0
L1 06    217 +014.5271 -000.7131 -003.8403 +176.7005 +004.0171 -002.9947 0
L1 07    217 +013.3955 -000.6201 -004.1532 +105.1933 -000.7047 -003.6359 0
L1 08    217 +012.6669 -000.5655 -004.1560 -005.6128 -007.1741 +003.7956 0
L1 01    221 +015.9710 +000.1810 +001.3403 -083.1742 +001.5851 +001.8305 0
L1 02    221 +005.3065 +006.9154 +001.7011 -152.5959 -002.9696 -158.4460 0
L1 03    221 +016.0704 -000.5402 -000.8398 -090.2929 +002.3163 +092.0530 0
L1 04    221 +008.4119 +008.0408 +001.7759 -030.6722 -000.5998 +000.3896 0
L1 05    221 +014.4654 +010.4652 +001.9725 -109.1429 +000.7997 -012.8137 0
L1 06    221 +014.5272 -000.7132 -003.8402 +176.6992 +004.0179 -002.9942 0
L1 07    221 +013.3956 -000.6201 -004.1532 +105.1930 -000.7041 -003.6362 0
L1 08    221 +012.6669 -000.5655 -004.1560 -005.6121 -007.1733 +003.7944 0
L1 01    225 +015.9710 +000.1811 +001.3404 -083.1733 +001.5858 +001.8312 0
L1 02    225 +005.3065 +006.9154 +001.7011 -152.5962 -002.9696 -158.4461 0
L1 03    225 +016.0704 -000.5403 -000.8398 -090.2935 +002.3165 +092.0533 0
L1 04    225 +008.4119 +008.0408 +001.7759 -030.6723 -000.5997 +000.3895 0
L1 05    225 +014.4651 +010.4656 +001.9725 -109.1395 +000.7999 -012.8139 0
L1 06    225 +014.5271 -000.7133 -003.8401 +176.6976 +004.0184 -002.9945 0
L1 07    225 +013.3956 -000.6200 -004.1530 +105.1930 -000.7039 -003.6375 0
L1 08    225 +012.6669 -000.5655 -004.1560 -005.6112 -007.1734 +003.7946 0
L1 01    229 +015.9711 +000.1813 +001.3404 -083.1712 +001.5867 +001.8320 0
L1 02    229 +005.3065 +006.9154 +001.7011 -152.5960 -002.9697 -158.4462 0
L1 03    229 +016.0704 -000.5404 -000.8397 -090.2934 +002.3173 +092.0535 0
L1 04    229 +008.4119 +008.0408 +001.7759 -030.6720 -000.5996 +000.3894 0
L1 05    229 +014.4652 +010.4656 +001.9720 -109.1398 +000.7969 -012.8146 0
L1 06    229 +014.5271 -000.7131 -003.8402 +176.6984 +004.0182 -002.9956 0
L1 07    229 +013.3956 -000.6201 -004.1529 +105.1924 -000.7028 -003.6378 0
L1 08    229 +012.6669 -000.5655 -004.1560 -005.6097 -007.1730 +003.7949 0
L1 01    233 +015.9710 +000.1811 +001.3402 -083.1736 +001.5869 +001.8305 0
L1 02    233 +005.3065 +006.9154 +001.7011 -152.5952 -002.9695 -158.4463 0
L1 03    233 +016.0704 -000.5403 -000.8396 -090.2930 +002.3177 +092.0538 0
L1 04    233 +008.4119 +008.0408 +001.7759 -030.6721 -000.5997 +000.3896 0
L1 05    233 +014.4652 +010.4656 +001.9725 -109.1393 +000.7997 -012.8135 0
L1 06    233 +014.5272 -000.7128 -003.8400 +176.7000 +004.0188 -002.9964 0
L1 07    233 +013.3956 -000.6201 -004.1530 +105.1925 -000.7039 -003.6372 0
L1 08    233 +012.6669 -000.5654 -004.1560 -005.6081 -007.1735 +003.7952 0
L1 01    237 +015.9710 +000.1811 +001.3402 -083.1742 +001.5865 +001.8298 0
L1 02    237 +005.3065 +006.9154 +001.7011 -152.5956 -002.9694 -158.4463 0
L1 03    237 +016.0704 -000.5404 -000.8397 -090.2937 +002.3170 +092.0538 0
L1 04    237 +008.4119 +008.0408 +001.7759 -030.6720 -000.5996 +000.3894 0
L1 05    237 +014.4648 +010.4659 +001.9728 -109.1364 +000.8014 -012.8131 0
L1 06    237 +014.5272 -000.7128 -003.8400 +176.6993 +004.0192 -002.9968 0
L1 07    237 +013.3956 -000.6201 -004.1529 +105.1916 -000.7034 -003.6380 0
L1 08    237 +012.6669 -000.5655 -004.1560 -005.6081 -007.1745 +003.7941 0
L1 01    241 +015.9710 +000.1812 +001.3401 -083.1737 +001.5866 +001.8287 0
L1 02    241 +005.3065 +006.9154 +001.7011 -152.5956 -002.9696 -158.4460 0
L1 03    241 +016.0704 -000.5403 -000.8397 -090.2928 +002.3174 +092.0532 0
L1 04    241 +008.4118 +008.0409 +001.7759 -030.6714 -000.5998 +000.3893 0
L1 05    241 +014.4649 +010.4659 +001.9725 -109.1371 +000.7991 -012.8134 0
L1 06    241 +014.5271 -000.7128 -003.8402 +176.6993 +004.0178 -002.9967 0
L1 07    241 +013.3955 -000.6200 -004.1532 +105.1925 -000.7048 -003.6361 0
L1 08    241 +012.6669 -000.5655 -004.1560 -005.6066 -007.1736 +003.7941 0
L1 01    245 +015.9710 +000.1811 +001.3401 -083.1745 +001.5874 +001.8288 0
L1 02    245 +005.3065 +006.9154 +001.7011 -152.5960 -002.9695 -158.4461 0
L1 03    245 +016.0704 -000.5405 -000.8397 -090.2941 +002.3168 +092.0531 0
L1 04    245 +008.4119 +008.0408 +001.7759 -030.6720 -000.5999 +000.3894 0
L1 05    245 +014.4650 +010.4658 +001.9727 -109.1378 +000.8007 -012.8141 0
L1 06    245 +014.5272 -000.7131 -003.8400 +176.6971 +004.0193 -002.9956 0
L1 07    245 +013.3956 -000.6201 -004.1532 +105.1921 -000.7048 -003.6362 0
L1 08    245 +012.6669 -000.5655 -004.1560 -005.6051 -007.1737 +003.7935 0
L1 01    249 +015.9710 +000.1810 +001.3403 -083.1748 +001.5863 +001.8311 0
L1 02    249 +005.3065 +006.9154 +001.7011 -152.5961 -002.9695 -158.4462 0
L1 03    249 +016.0704 -000.5404 -000.8397 -090.2937 +002.3166 +092.0536 0
L1 04    249 +008.4119 +008.0408 +001.7759 -030.6723 -000.5998 +000.3895 0
L1 05    249 +014.4651 +010.4656 +001.9722 -109.1381 +000.7981 -012.8153 0
L1 06    249 +014.5271 -000.7133 -003.8401 +176.6954 +004.0183 -002.9949 0
L1 07    249 +013.3956 -000.6202 -004.1531 +105.1910 -000.7036 -003.6365 0
L1 08    249 +012.6669 -000.5655 -004.1560 -005.6021 -007.1742 +003.7928 0
L1 01    253 +015.9710 +000.1811 +001.3403 -083.1736 +001.5852 +001.8315 0
L1 02    253 +005.3065 +006.9154 +001.7011 -152.5960 -002.9694 -158.4465 0
L1 03    253 +016.0704 -000.5400 -000.8396 -090.2912 +002.3164 +092.0542 0
L1 04    253 +008.4119 +008.0408 +001.7759 -030.6716 -000.5998 +000.3894 0
L1 05    253 +014.4649 +010.4661 +001.9722 -109.1346 +000.7983 -012.8164 0
L1 06    253 +014.5271 -000.7130 -003.8402 +176.6967 +004.0177 -002.9957 0
L1 07    253 +013.3956 -000.6203 -004.1531 +105.1909 -000.7040 -003.6366 0
L1 08    253 +012.6669 -000.5654 -004.1560 -005.5994 -007.1754 +003.7932 0
L1 01    257 +015.9710 +000.1809 +001.3405 -083.1743 +001.5855 +001.8322 0
L1 02    257 +005.3065 +006.9154 +001.7011 -152.5960 -002.9692 -158.4465 0
L1 03    257 +016.0704 -000.5402 -000.8397 -090.2931 +002.3164 +092.0539 0
L1 04    257 +008.4119 +008.0408 +001.7759 -030.6717 -000.5999 +000.3895 0
L1 05    257 +014.4652 +010.4657 +001.9724 -109.1386 +000.7999 -012.8161 0
L1 06    257 +014.5271 -000.7131 -003.8402 +176.6954 +004.0180 -002.9956 0
L1 07    257 +013.3956 -000.6202 -004.1532 +105.1905 -000.7037 -003.6367 0
L1 08    257 +012.6669 -000.5655 -004.1560 -005.5996 -007.1741 +003.7928 0
L1 01    261 +015.9710 +000.1811 +001.3402 -083.1735 +001.5866 +001.8308 0
L1 02    261 +005.3065 +006.9154 +001.7011 -152.5957 -002.9695 -158.4464 0
L1 03    261 +016.0704 -000.5403 -000.8395 -090.2932 +002.3171 +092.0551 0
L1 04    261 +008.4119 +008.0408 +001.7759 -030.6723 -000.5997 +000.3897 0
L1 05    261 +014.4655 +010.4653 +001.9724 -109.1410 +000.8004 -012.8178 0
L1 06    261 +014.5272 -000.7129 -003.8401 +176.6962 +004.0193 -002.9958 0
L1 07    261 +013.3956 -000.6201 -004.1532 +105.1918 -000.7038 -003.6364 0
L1 08    261 +012.6669 -000.5654 -004.1560 -005.5981 -007.1746 +003.7929 0
L1 01    265 +015.9710 +000.1811 +001.3403 -083.1739 +001.5860 +001.8314 0
L1 02    265 +005.3065 +006.9154 +001.7011 -152.5961 -002.9698 -158.4462 0
L1 03    265 +016.0704 -000.5404 -000.8395 -090.2942 +002.3166 +092.0552 0
L1 04    265 +008.4119 +008.0408 +001.7760 -030.6723 -000.5998 +000.3900 0
L1 05    265 +014.4653 +010.4654 +001.9724 -109.1408 +000.8012 -012.8177 0
L1 06    265 +014.5271 -000.7129 -003.8403 +176.6950 +004.0180 -002.9963 0
L1 07    265 +013.3956 -000.6202 -004.1532 +105.1906 -000.7035 -003.6363 0
L1 08    265 +012.6669 -000.5655 -004.1560 -005.5980 -007.1750 +003.7919 0
L1 01    269 +015.9710 +000.1811 +001.3403 -083.1738 +001.5858 +001.8310 0
L1 02    269 +005.3065 +006.9154 +001.7011 -152.5959 -002.9695 -158.4461 0
L1 03    269 +016.0704 -000.5404 -000.8395 -090.2941 +002.3164 +092.0550 0
L1 04    269 +008.4119 +008.0408 +001.7759 -030.6719 -000.5996 +000.3896 0
L1 05    269 +014.4653 +010.4654 +001.9722 -109.1408 +000.7998 -012.8170 0
L1 06    269 +014.5271 -000.7128 -003.8403 +176.6956 +004.0177 -002.9959 0
L1 07    269 +013.3957 -000.6202 -004.1531 +105.1908 -000.7031 -003.6374 0
L1 08    269 +012.6670 -000.5655 -004.1561 -005.5968 -007.1750 +003.7918 0
L1 01    273 +015.9710 +000.1812 +001.3403 -083.1729 +001.5859 +001.8310 0
L1 02    273 +005.3065 +006.9154 +001.7011 -152.5962 -002.9695 -158.4463 0
L1 03    273 +016.0704 -000.5404 -000.8397 -090.2937 +002.3168 +092.0541 0
L1 04    273 +008.4119 +008.0408 +001.7759 -030.6719 -000.5996 +000.3895 0
L1 05    273 +014.4650 +010.4659 +001.9726 -109.1378 +000.8005 -012.8146 0
L1 06    273 +014.5272 -000.7128 -003.8403 +176.6953 +004.0185 -002.9957 0
L1 07    273 +013.3956 -000.6202 -004.1533 +105.1907 -000.7037 -003.6366 0
L1 08    273 +012.6670 -000.5655 -004.1560 -005.5946 -007.1753 +003.7919 0
L1 01    277 +015.9710 +000.1810 +001.3404 -083.1746 +001.5866 +001.8320 0
L1 02    277 +005.3065 +006.9154 +001.7011 -152.5962 -002.9696 -158.4465 0
L1 03    277 +016.0704 -000.5408 -000.8396 -090.2963 +002.3164 +092.0545 0
L1 04    277 +008.4120 +008.0406 +001.7759 -030.6736 -000.5994 +000.3896 0
L1 05    277 +014.4654 +010.4652 +001.9725 -109.1418 +000.8002 -012.8154 0
L1 06    277 +014.5272 -000.7131 -003.8402 +176.6931 +004.0189 -002.9948 0
L1 07    277 +013.3956 -000.6202 -004.1532 +105.1910 -000.7038 -003.6362 0
L1 08    277 +012.6669 -000.5655 -004.1560 -005.5937 -007.1749 +003.7904 0
L1 01    281 +015.9710 +000.1812 +001.3404 -083.1731 +001.5868 +001.8317 0
L1 02    281 +005.3065 +006.9154 +001.7011 -152.5962 -002.9696 -158.4465 0
L1 03    281 +016.0704 -000.5403 -000.8396 -090.2932 +002.3173 +092.0541 0
L1 04    281 +008.4119 +008.0408 +001.7759 -030.6722 -000.5997 +000.3893 0
L1 05    281 +014.4650 +010.4658 +001.9725 -109.1376 +000.7992 -012.8151 0
L1 06    281 +014.5272 -000.7129 -003.8400 +176.6945 +004.0201 -002.9959 0
L1 07    281 +013.3955 -000.6201 -004.1533 +105.1921 -000.7043 -003.6351 0
L1 08    281 +012.6669 -000.5654 -004.1560 -005.5895 -007.1744 +003.7917 0
L1 01    285 +015.9710 +000.1812 +001.3402 -083.1727 +001.5860 +001.8305 0
L1 02    285 +005.3065 +006.9154 +001.7011 -152.5959 -002.9695 -158.4463 0
L1 03    285 +016.0704 -000.5403 -000.8397 -090.2928 +002.3171 +092.0539 0
L1 04    285 +008.4118 +008.0408 +001.7760 -030.6715 -000.6001 +000.3899 0
L1 05    285 +014.4651 +010.4655 +001.9730 -109.1387 +000.8008 -012.8143 0
L1 06    285 +014.5271 -000.7131 -003.8401 +176.6934 +004.0184 -002.9962 0
L1 07    285 +013.3955 -000.6201 -004.1533 +105.1925 -000.7038 -003.6349 0
L1 08    285 +012.6669 -000.5654 -004.1560 -005.5885 -007.1739 +003.7914 0
L1 01    289 +015.9710 +000.1810 +001.3404 -083.1752 +001.5859 +001.8325 0
L1 02    289 +005.3065 +006.9154 +001.7011 -152.5964 -002.9695 -158.4463 0
L1 03    289 +016.0704 -000.5406 -000.8396 -090.2962 +002.3165 +092.0541 0
L1 04    289 +008.4119 +008.0407 +001.7760 -030.6729 -000.5998 +000.3900 0
L1 05    289 +014.4654 +010.4650 +001.9728 -109.1428 +000.7995 -012.8144 0
L1 06    289 +014.5271 -000.7132 -003.8403 +176.6905 +004.0177 -002.9949 0
L1 07    289 +013.3956 -000.6202 -004.1532 +105.1905 -000.7019 -003.6357 0
L1 08    289 +012.6669 -000.5657 -004.1560 -005.5901 -007.1752 +003.7895 0
L1 01    293 +015.9710 +000.1811 +001.3405 -083.1739 +001.5848 +001.8330 0
L1 02    293 +005.3065 +006.9154 +001.7011 -152.5960 -002.9696 -158.4459 0
L1 03    293 +016.0704 -000.5403 -000.8397 -090.2938 +002.3162 +092.0537 0
L1 04    293 +008.4119 +008.0408 +001.7759 -030.6722 -000.6000 +000.3897 0
L1 05    293 +014.4651 +010.4656 +001.9724 -109.1389 +000.7978 -012.8164 0
L1 06    293 +014.5271 -000.7130 -003.8403 +176.6919 +004.0178 -002.9954 0
L1 07    293 +013.3956 -000.6203 -004.1532 +105.1907 -000.7027 -003.6357 0
L1 08    293 +012.6669 -000.5654 -004.1561 -005.5858 -007.1745 +003.7903 0
L1 01    297 +015.9710 +000.1812 +001.3404 -083.1730 +001.5853 +001.8317 0
L1 02    297 +005.3065 +006.9154 +001.7011 -152.5958 -002.9694 -158.4460 0
L1 03    297 +016.0704 -000.5404 -000.8397 -090.2935 +002.3159 +092.0535 0
L1 04    297 +008.4118 +008.0408 +001.7759 -030.6714 -000.6000 +000.3896 0
L1 05    297 +014.4650 +010.4660 +001.9721 -109.1354 +000.7954 -012.8172 0
L1 06    297 +014.5272 -000.7128 -003.8401 +176.6928 +004.0194 -002.9956 0
L1 07    297 +013.3956 -000.6201 -004.1532 +105.1922 -000.7036 -003.6359 0
L1 08    297 +012.6669 -000.5654 -004.1561 -005.5844 -007.1744 +003.7899 0
L1 01    301 +015.9710 +000.1809 +001.3405 -083.1756 +001.5851 +001.8329 0
L1 02    301 +005.3065 +006.9154 +001.7011 -152.5961 -002.9694 -158.4463 0
L1 03    301 +016.0704 -000.5405 -000.8398 -090.2953 +002.3158 +092.0534 0
L1 04    301 +008.4120 +008.0407 +001.7759 -030.6730 -000.5997 +000.3895 0
L1 05    301 +014.4652 +010.4654 +001.9723 -109.1401 +000.7975 -012.8151 0
L1 06    301 +014.5272 -000.7134 -003.8402 +176.6869 +004.0186 -002.9944 0
L1 07    301 +013.3956 -000.6203 -004.1532 +105.1901 -000.7027 -003.6364 0
L1 08    301 +012.6669 -000.5655 -004.1561 -005.5853 -007.1747 +003.7893 0
L1 01    305 +015.9710 +000.1812 +001.3403 -083.1739 +001.5852 +001.8327 0
L1 02    305 +005.3065 +006.9154 +001.7011 -152.5962 -002.9696 -158.4463 0
L1 03    305 +016.0704 -000.5403 -000.8397 -090.2938 +002.3154 +092.0540 0
L1 04    305 +008.4120 +008.0407 +001.7759 -030.6728 -000.5995 +000.3894 0
L1 05    305 +014.4649 +010.4658 +001.9725 -109.1368 +000.7976 -012.8147 0
L1 06    305 +014.5272 -000.7131 -003.8400 +176.6887 +004.0207 -002.9957 0
L1 07    305 +013.3957 -000.6202 -004.1531 +105.1902 -000.7028 -003.6375 0
L1 08    305 +012.6669 -000.5654 -004.1561 -005.5822 -007.1758 +003.7900 0
L1 01    309 +015.9711 +000.1814 +001.3405 -083.1721 +001.5849 +001.8340 0
L1 02    309 +005.3065 +006.9154 +001.7010 -152.5957 -002.9700 -158.4462 0
L1 03    309 +016.0704 -000.5403 -000.8397 -090.2935 +002.3160 +092.0542 0
L1 04    309 +008.4119 +008.0408 +001.7759 -030.6720 -000.5995 +000.3892 0
L1 05    309 +014.4651 +010.4657 +001.9726 -109.1377 +000.7979 -012.8154 0
L1 06    309 +014.5273 -000.7131 -003.8400 +176.6868 +004.0211 -002.9957 0
L1 07    309 +013.3957 -000.6202 -004.1531 +105.1905 -000.7023 -003.6370 0
L1 08    309 +012.6669 -000.5655 -004.1560 -005.5823 -007.1761 +003.7893 0
L1 01    313 +015.9711 +000.1812 +001.3405 -083.1741 +001.5857 +001.8338 0
L1 02    313 +005.3066 +006.9154 +001.7011 -152.5965 -002.9697 -158.4464 0
L1 03    313 +016.0703 -000.5406 -000.8398 -090.2959 +002.3163 +092.0536 0
L1 04    313 +008.4120 +008.0407 +001.7759 -030.6726 -000.5996 +000.3896 0
L1 05    313 +014.4652 +010.4653 +001.9724 -109.1399 +000.7975 -012.8152 0
L1 06    313 +014.5272 -000.7131 -003.8401 +176.6857 +004.0201 -002.9954 0
L1 07    313 +013.3956 -000.6202 -004.1531 +105.1900 -000.7021 -003.6366 0
L1 08    313 +012.6669 -000.5656 -004.1560 -005.5813 -007.1757 +003.7884 0
L1 01    317 +015.9710 +000.1807 +001.3401 -083.1769 +001.5858 +001.8293 0
L1 02    317 +005.3065 +006.9154 +001.7011 -152.5960 -002.9697 -158.4462 0
L1 03    317 +016.0704 -000.5404 -000.8399 -090.2943 +002.3163 +092.0526 0
L1 04    317 +008.4119 +008.0408 +001.7759 -030.6721 -000.6000 +000.3895 0
L1 05    317 +014.4651 +010.4656 +001.9723 -109.1382 +000.7971 -012.8168 0
L1 06    317 +014.5272 -000.7130 -003.8400 +176.6854 +004.0198 -002.9960 0
L1 07    317 +013.3956 -000.6201 -004.1530 +105.1907 -000.7027 -003.6367 0
L1 08    317 +012.6669 -000.5655 -004.1561 -005.5789 -007.1746 +003.7879 0
L1 01    321 +015.9711 +000.1811 +001.3404 -083.1747 +001.5858 +001.8315 0
L1 02    321 +005.3065 +006.9154 +001.7010 -152.5961 -002.9699 -158.4463 0
L1 03    321 +016.0704 -000.5405 -000.8398 -090.2946 +002.3161 +092.0532 0
L1 04    321 +008.4119 +008.0408 +001.7759 -030.6725 -000.5999 +000.3895 0
L1 05    321 +014.4649 +010.4660 +001.9725 -109.1358 +000.7982 -012.8164 0
L1 06    321 +014.5272 -000.7131 -003.8401 +176.6848 +004.0190 -002.9962 0
L1 07    321 +013.3956 -000.6201 -004.1531 +105.1908 -000.7029 -003.6371 0
L1 08    321 +012.6669 -000.5655 -004.1561 -005.5775 -007.1754 +003.7875 0
L1 01    325 +015.9710 +000.1810 +001.3404 -083.1750 +001.5853 +001.8320 0
L1 02    325 +005.3066 +006.9154 +001.7010 -152.5965 -002.9700 -158.4464 0
L1 03    325 +016.0703 -000.5404 -000.8398 -090.2945 +002.3157 +092.0534 0
L1 04    325 +008.4120 +008.0407 +001.7759 -030.6728 -000.5995 +000.3894 0
L1 05    325 +014.4652 +010.4656 +001.9724 -109.1395 +000.7970 -012.8169 0
L1 06    325 +014.5272 -000.7131 -003.8402 +176.6836 +004.0182 -002.9958 0
L1 07    325 +013.3956 -000.6201 -004.1531 +105.1902 -000.7025 -003.6372 0
L1 08    325 +012.6669 -000.5655 -004.1560 -005.5761 -007.1765 +003.7874 0
L1 01    329 +015.9711 +000.1814 +001.3403 -083.1727 +001.5856 +001.8326 0
L1 02    329 +005.3065 +006.9154 +001.7011 -152.5962 -002.9698 -158.4464 0
L1 03    329 +016.0704 -000.5405 -000.8397 -090.2948 +002.3160 +092.0544 0
L1 04    329 +008.4119 +008.0408 +001.7759 -030.6721 -000.5996 +000.3893 0
L1 05    329 +014.4650 +010.4656 +001.9727 -109.1381 +000.7981 -012.8165 0
L1 06    329 +014.5272 -000.7130 -003.8402 +176.6836 +004.0197 -002.9967 0
L1 07    329 +013.3957 -000.6201 -004.1532 +105.1909 -000.7024 -003.6371 0
L1 08    329 +012.6669 -000.5655 -004.1560 -005.5743 -007.1769 +003.7879 0
L1 01    333 +015.9711 +000.1812 +001.3402 -083.1742 +001.5858 +001.8306 0
L1 02    333 +005.3065 +006.9154 +001.7011 -152.5961 -002.9696 -158.4464 0
L1 03    333 +016.0704 -000.5404 -000.8398 -090.2942 +002.3166 +092.0539 0
L1 04    333 +008.4119 +008.0408 +001.7759 -030.6724 -000.5996 +000.3894 0
L1 05    333 +014.4648 +010.4659 +001.9729 -109.1356 +000.7989 -012.8148 0
L1 06    333 +014.5273 -000.7131 -003.8401 +176.6833 +004.0198 -002.9969 0
L1 07    333 +013.3957 -000.6202 -004.1531 +105.1897 -000.7033 -003.6370 0
L1 08    333 +012.6669 -000.5655 -004.1560 -005.5737 -007.1764 +003.7875 0
L1 01    337 +015.9710 +000.1811 +001.3402 -083.1747 +001.5860 +001.8315 0
L1 02    337 +005.3066 +006.9154 +001.7011 -152.5965 -002.9698 -158.4467 0
L1 03    337 +016.0704 -000.5405 -000.8397 -090.2954 +002.3165 +092.0540 0
L1 04    337 +008.4120 +008.0407 +001.7759 -030.6728 -000.5995 +000.3896 0
L1 05    337 +014.4649 +010.4658 +001.9725 -109.1360 +000.7978 -012.8141 0
L1 06    337 +014.5272 -000.7132 -003.8404 +176.6814 +004.0172 -002.9963 0
L1 07    337 +013.3956 -000.6201 -004.1531 +105.1903 -000.7027 -003.6373 0
L1 08    337 +012.6669 -000.5655 -004.1560 -005.5727 -007.1767 +003.7865 0
L1 01    341 +015.9710 +000.1813 +001.3402 -083.1728 +001.5860 +001.8306 0
L1 02    341 +005.3065 +006.9154 +001.7011 -152.5961 -002.9696 -158.4465 0
L1 03    341 +016.0703 -000.5405 -000.8398 -090.2941 +002.3164 +092.0531 0
L1 04    341 +008.4119 +008.0408 +001.7759 -030.6722 -000.5996 +000.3892 0
L1 05    341 +014.4649 +010.4659 +001.9723 -109.1353 +000.7952 -012.8154 0
L1 06    341 +014.5271 -000.7131 -003.8402 +176.6818 +004.0183 -002.9955 0
L1 07    341 +013.3956 -000.6202 -004.1530 +105.1901 -000.7025 -003.6373 0
L1 08    341 +012.6669 -000.5654 -004.1560 -005.5694 -007.1756 +003.7871 0
L1 01    345 +015.9710 +000.1811 +001.3401 -083.1742 +001.5855 +001.8297 0
L1 02    345 +005.3065 +006.9154 +001.7011 -152.5957 -002.9696 -158.4463 0
L1 03    345 +016.0704 -000.5403 -000.8397 -090.2929 +002.3159 +092.0530 0
L1 04    345 +008.4119 +008.0408 +001.7759 -030.6717 -000.5999 +000.3891 0
L1 05    345 +014.4648 +010.4661 +001.9725 -109.1341 +000.7958 -012.8150 0
L1 06    345 +014.5272 -000.7130 -003.8401 +176.6821 +004.0187 -002.9958 0
L1 07    345 +013.3956 -000.6202 -004.1531 +105.1901 -000.7021 -003.6366 0
L1 08    345 +012.6669 -000.5654 -004.1560 -005.5682 -007.1756 +003.7868 0
L1 01    349 +015.9710 +000.1809 +001.3400 -083.1774 +001.5864 +001.8292 0
L1 02    349 +005.3065 +006.9154 +001.7011 -152.5963 -002.9696 -158.4463 0
L1 03    349 +016.0704 -000.5406 -000.8396 -090.2961 +002.3158 +092.0539 0
L1 04    349 +008.4120 +008.0407 +001.7759 -030.6735 -000.5994 +000.3896 0
L1 05    349 +014.4653 +010.4653 +001.9725 -109.1421 +000.7969 -012.8159 0
L1 06    349 +014.5271 -000.7133 -003.8402 +176.6778 +004.0182 -002.9936 0
L1 07    349 +013.3956 -000.6203 -004.1530 +105.1887 -000.7018 -003.6365 0
L1 08    349 +012.6668 -000.5655 -004.1560 -005.5689 -007.1759 +003.7856 0
L1 01    353 +015.9711 +000.1811 +001.3401 -083.1753 +001.5850 +001.8304 0
L1 02    353 +005.3065 +006.9154 +001.7011 -152.5962 -002.9697 -158.4463 0
L1 03    353 +016.0704 -000.5404 -000.8398 -090.2938 +002.3153 +092.0530 0
L1 04    353 +008.4119 +008.0408 +001.7759 -030.6723 -000.5998 +000.3894 0
L1 05    353 +014.4651 +010.4659 +001.9717 -109.1372 +000.7920 -012.8191 0
L1 06    353 +014.5272 -000.7131 -003.8402 +176.6788 +004.0185 -002.9963 0
L1 07    353 +013.3956 -000.6201 -004.1531 +105.1902 -000.7022 -003.6367 0
L1 08    353 +012.6669 -000.5654 -004.1560 -005.5655 -007.1762 +003.7864 0
L1 01    357 +015.9710 +000.1811 +001.3401 -083.1745 +001.5854 +001.8302 0
L1 02    357 +005.3065 +006.9154 +001.7011 -152.5955 -002.9694 -158.4463 0
L1 03    357 +016.0704 -000.5403 -000.8399 -090.2929 +002.3159 +092.0524 0
L1 04    357 +008.4118 +008.0409 +001.7760 -030.6708 -000.5999 +000.3897 0
L1 05    357 +014.4649 +010.4660 +001.9725 -109.1355 +000.7967 -012.8152 0
L1 06    357 +014.5271 -000.7129 -003.8405 +176.6804 +004.0166 -002.9971 0
L1 07    357 +013.3956 -000.6198 -004.1532 +105.1928 -000.7026 -003.6364 0
L1 08    357 +012.6669 -000.5654 -004.1560 -005.5641 -007.1762 +003.7862 0
L1 01    361 +015.9711 +000.1808 +001.3400 -083.1774 +001.5852 +001.8298 0
L1 02    361 +005.3065 +006.9154 +001.7010 -152.5963 -002.9699 -158.4463 0
L1 03    361 +016.0704 -000.5404 -000.8397 -090.2952 +002.3155 +092.0539 0
L1 04    361 +008.4120 +008.0407 +001.7759 -030.6728 -000.5995 +000.3894 0
L1 05    361 +014.4654 +010.4653 +001.9721 -109.1396 +000.7947 -012.8163 0
L1 06    361 +014.5271 -000.7135 -003.8404 +176.6748 +004.0165 -002.9948 0
L1 07    361 +013.3956 -000.6202 -004.1532 +105.1893 -000.7014 -003.6357 0
L1 08    361 +012.6669 -000.5655 -004.1560 -005.5648 -007.1770 +003.7849 0
L1 01    365 +015.9711 +000.1813 +001.3403 -083.1727 +001.5850 +001.8322 0
L1 02    365 +005.3065 +006.9154 +001.7010 -152.5959 -002.9698 -158.4463 0
L1 03    365 +016.0703 -000.5402 -000.8397 -090.2928 +002.3158 +092.0538 0
L1 04    365 +008.4119 +008.0409 +001.7759 -030.6712 -000.6000 +000.3895 0
L1 05    365 +014.4649 +010.4660 +001.9724 -109.1345 +000.7960 -012.8161 0
L1 06    365 +014.5271 -000.7132 -003.8403 +176.6767 +004.0174 -002.9966 0
L1 07    365 +013.3955 -000.6202 -004.1533 +105.1893 -000.7019 -003.6348 0
L1 08    365 +012.6668 -000.5655 -004.1560 -005.5620 -007.1759 +003.7856 0
L1 01    369 +015.9711 +000.1813 +001.3403 -083.1727 +001.5855 +001.8306 0
L1 02    369 +005.3065 +006.9154 +001.7011 -152.5957 -002.9697 -158.4465 0
L1 03    369 +016.0703 -000.5403 -000.8398 -090.2928 +002.3162 +092.0526 0
L1 04    369 +008.4118 +008.0409 +001.7759 -030.6709 -000.6001 +000.3897 0
L1 05    369 +014.4647 +010.4663 +001.9725 -109.1328 +000.7961 -012.8154 0
L1 06    369 +014.5271 -000.7132 -003.8403 +176.6759 +004.0171 -002.9965 0
L1 07    369 +013.3955 -000.6202 -004.1532 +105.1888 -000.7027 -003.6355 0
L1 08    369 +012.6668 -000.5653 -004.1561 -005.5597 -007.1749 +003.7860 0
L1 01    373 +015.9711 +000.1812 +001.3405 -083.1743 +001.5855 +001.8328 0
L1 02    373 +005.3065 +006.9154 +001.7011 -152.5962 -002.9698 -158.4465 0
L1 03    373 +016.0703 -000.5408 -000.8396 -090.2962 +002.3156 +092.0542 0
L1 04    373 +008.4119 +008.0408 +001.7759 -030.6721 -000.5995 +000.3898 0
L1 05    373 +014.4650 +010.4657 +001.9727 -109.1374 +000.7971 -012.8147 0
L1 06    373 +014.5271 -000.7133 -003.8403 +176.6735 +004.0173 -002.9955 0
L1 07    373 +013.3955 -000.6203 -004.1532 +105.1871 -000.7023 -003.6358 0
L1 08    373 +012.6668 -000.5656 -004.1560 -005.5613 -007.1766 +003.7840 0
L1 01    377 +015.9711 +000.1812 +001.3403 -083.1741 +001.5846 +001.8316 0
L1 02    377 +005.3065 +006.9154 +001.7011 -152.5960 -002.9699 -158.4462 0
L1 03    377 +016.0703 -000.5404 -000.8397 -090.2937 +002.3153 +092.0544 0
L1 04    377 +008.4119 +008.0408 +001.7760 -030.6714 -000.5998 +000.3898 0
L1 05    377 +014.4654 +010.4653 +001.9722 -109.1400 +000.7955 -012.8165 0
L1 06    377 +014.5272 -000.7130 -003.8401 +176.6753 +004.0188 -002.9953 0
L1 07    377 +013.3955 -000.6201 -004.1533 +105.1891 -000.7023 -003.6352 0
L1 08    377 +012.6668 -000.5654 -004.1560 -005.5577 -007.1774 +003.7847 0
L1 01    381 +015.9711 +000.1812 +001.3400 -083.1748 +001.5852 +001.8294 0
L1 02    381 +005.3065 +006.9154 +001.7011 -152.5954 -002.9698 -158.4462 0
L1 03    381 +016.0703 -000.5404 -000.8398 -090.2941 +002.3155 +092.0530 0
L1 04    381 +008.4119 +008.0409 +001.7759 -030.6710 -000.5997 +000.3891 0
L1 05    381 +014.4650 +010.4659 +001.9724 -109.1363 +000.7957 -012.8177 0
L1 06    381 +014.5272 -000.7130 -003.8402 +176.6752 +004.0182 -002.9959 0
L1 07    381 +013.3955 -000.6200 -004.1533 +105.1903 -000.7019 -003.6349 0
L1 08    381 +012.6668 -000.5655 -004.1561 -005.5570 -007.1761 +003.7839 0
L1 01    385 +015.9711 +000.1811 +001.3402 -083.1752 +001.5854 +001.8310 0
L1 02    385 +005.3065 +006.9154 +001.7011 -152.5954 -002.9697 -158.4463 0
L1 03    385 +016.0703 -000.5406 -000.8396 -090.2948 +002.3152 +092.0538 0
L1 04    385 +008.4119 +008.0408 +001.7759 -030.6717 -000.5997 +000.3893 0
L1 05    385 +014.4651 +010.4656 +001.9727 -109.1380 +000.7978 -012.8156 0
L1 06    385 +014.5271 -000.7133 -003.8401 +176.6730 +004.0186 -002.9948 0
L1 07    385 +013.3955 -000.6202 -004.1532 +105.1889 -000.7016 -003.6352 0
L1 08    385 +012.6668 -000.5655 -004.1560 -005.5553 -007.1768 +003.7836 0
L1 01    389 +015.9711 +000.1813 +001.3403 -083.1735 +001.5847 +001.8309 0
L1 02    389 +005.3065 +006.9154 +001.7011 -152.5955 -002.9697 -158.4464 0
L1 03    389 +016.0703 -000.5404 -000.8397 -090.2939 +002.3155 +092.0531 0
L1 04    389 +008.4119 +008.0408 +001.7759 -030.6715 -000.5998 +000.3895 0
L1 05    389 +014.4651 +010.4658 +001.9727 -109.1367 +000.7965 -012.8158 0
L1 06    389 +014.5272 -000.7131 -003.8402 +176.6741 +004.0180 -002.9956 0
L1 07    389 +013.3955 -000.6201 -004.1532 +105.1892 -000.7024 -003.6349 0
L1 08    389 +012.6668 -000.5654 -004.1560 -005.5525 -007.1763 +003.7844 0
L1 01    393 +015.9711 +000.1813 +001.3403 -083.1732 +001.5842 +001.8315 0
L1 02    393 +005.3065 +006.9154 +001.7011 -152.5957 -002.9696 -158.4466 0
L1 03    393 +016.0703 -000.5405 -000.8398 -090.2942 +002.3155 +092.0534 0
L1 04    393 +008.4119 +008.0408 +001.7759 -030.6716 -000.5998 +000.3896 0
L1 05    393 +014.4653 +010.4655 +001.9726 -109.1392 +000.7958 -012.8170 0
L1 06    393 +014.5273 -000.7131 -003.8400 +176.6735 +004.0194 -002.9953 0
L1 07    393 +013.3955 -000.6201 -004.1533 +105.1898 -000.7026 -003.6348 0
L1 08    393 +012.6668 -000.5655 -004.1560 -005.5518 -007.1771 +003.7836 0
L1 01    397 +015.9710 +000.1812 +001.3402 -083.1745 +001.5847 +001.8309 0
L1 02    397 +005.3065 +006.9154 +001.7011 -152.5960 -002.9696 -158.4467 0
L1 03    397 +016.0703 -000.5406 -000.8396 -090.2955 +002.3158 +092.0541 0
L1 04    397 +008.4119 +008.0407 +001.7759 -030.6726 -000.5996 +000.3900 0
L1 05    397 +014.4650 +010.4657 +001.9727 -109.1384 +000.7961 -012.8158 0
L1 06    397 +014.5272 -000.7132 -003.8402 +176.6714 +004.0185 -002.9955 0
L1 07    397 +013.3955 -000.6202 -004.1534 +105.1892 -000.7030 -003.6345 0
L1 08    397 +012.6668 -000.5654 -004.1560 -005.5506 -007.1774 +003.7831 0
L1 01    401 +015.9711 +000.1813 +001.3403 -083.1734 +001.5848 +001.8316 0
L1 02    401 +005.3065 +006.9154 +001.7011 -152.5957 -002.9694 -158.4462 0
L1 03    401 +016.0703 -000.5407 -000.8397 -090.2955 +002.3156 +092.0540 0
L1 04    401 +008.4119 +008.0408 +001.7760 -030.6717 -000.5999 +000.3900 0
L1 05    401 +014.4647 +010.4662 +001.9731 -109.1351 +000.7974 -012.8154 0
L1 06    401 +014.5273 -000.7130 -003.8402 +176.6720 +004.0187 -002.9960 0
L1 07    401 +013.3956 -000.6201 -004.1533 +105.1897 -000.7023 -003.6355 0
L1 08    401 +012.6669 -000.5654 -004.1561 -005.5492 -007.1771 +003.7834 0
L1 01    405 +015.9710 +000.1808 +001.3400 -083.1761 +001.5842 +001.8299 0
L1 02    405 +005.3065 +006.9154 +001.7011 -152.5955 -002.9694 -158.4464 0
L1 03    405 +016.0704 -000.5404 -000.8398 -090.2937 +002.3155 +092.0534 0
L1 04    405 +008.4119 +008.0408 +001.7760 -030.6716 -000.5999 +000.3898 0
L1 05    405 +014.4645 +010.4664 +001.9729 -109.1330 +000.7966 -012.8161 0
L1 06    405 +014.5272 -000.7130 -003.8402 +176.6716 +004.0189 -002.9968 0
L1 07    405 +013.3956 -000.6201 -004.1532 +105.1895 -000.7021 -003.6365 0
L1 08    405 +012.6669 -000.5654 -004.1561 -005.5481 -007.1770 +003.7822 0
L1 01    409 +015.9711 +000.1809 +001.3400 -083.1767 +001.5856 +001.8299 0
L1 02    409 +005.3065 +006.9154 +001.7011 -152.5958 -002.9696 -158.4464 0
L1 03    409 +016.0703 -000.5407 -000.8398 -090.2964 +002.3158 +092.0538 0
L1 04    409 +008.4120 +008.0407 +001.7759 -030.6730 -000.5997 +000.3898 0
L1 05    409 +014.4648 +010.4659 +001.9728 -109.1362 +000.7967 -012.8176 0
L1 06    409 +014.5272 -000.7138 -003.8402 +176.6652 +004.0191 -002.9950 0
L1 07    409 +013.3956 -000.6202 -004.1532 +105.1889 -000.7009 -003.6361 0
L1 08    409 +012.6668 -000.5656 -004.1561 -005.5485 -007.1775 +003.7817 0
L1 01    413 +015.9711 +000.1813 +001.3403 -083.1742 +001.5849 +001.8318 0
L1 02    413 +005.3065 +006.9154 +001.7011 -152.5953 -002.9694 -158.4466 0
L1 03    413 +016.0703 -000.5405 -000.8397 -090.2945 +002.3159 +092.0541 0
L1 04    413 +008.4118 +008.0408 +001.7760 -030.6713 -000.6000 +000.3899 0
L1 05    413 +014.4650 +010.4660 +001.9724 -109.1363 +000.7947 -012.8190 0
L1 06    413 +014.5273 -000.7134 -003.8397 +176.6702 +004.0224 -002.9972 0
L1 07    413 +013.3955 -000.6201 -004.1531 +105.1894 -000.7018 -003.6365 0
L1 08    413 +012.6668 -000.5654 -004.1560 -005.5440 -007.1776 +003.7833 0
L1 01    417 +015.9711 +000.1811 +001.3400 -083.1752 +001.5844 +001.8293 0
L1 02    417 +005.3065 +006.9154 +001.7011 -152.5954 -002.9694 -158.4467 0
L1 03    417 +016.0703 -000.5404 -000.8398 -090.2933 +002.3156 +092.0530 0
L1 04    417 +008.4119 +008.0408 +001.7759 -030.6714 -000.5999 +000.3894 0
L1 05    417 +014.4648 +010.4661 +001.9723 -109.1345 +000.7939 -012.8183 0
L1 06    417 +014.5272 -000.7133 -003.8401 +176.6697 +004.0186 -002.9959 0
L1 07    417 +013.3955 -000.6202 -004.1532 +105.1891 -000.7016 -003.6353 0
L1 08    417 +012.6668 -000.5653 -004.1560 -005.5425 -007.1773 +003.7823 0
L1 01    421 +015.9711 +000.1808 +001.3402 -083.1777 +001.5842 +001.8302 0
L1 02    421 +005.3065 +006.9154 +001.7011 -152.5959 -002.9697 -158.4467 0
L1 03    421 +016.0703 -000.5404 -000.8398 -090.2940 +002.3150 +092.0529 0
L1 04    421 +008.4120 +008.0407 +001.7759 -030.6726 -000.5996 +000.3895 0
L1 05    421 +014.4653 +010.4656 +001.9722 -109.1397 +000.7925 -012.8188 0
L1 06    421 +014.5273 -000.7132 -003.8401 +176.6701 +004.0193 -002.9963 0
L1 07    421 +013.3955 -000.6204 -004.1532 +105.1875 -000.7011 -003.6349 0
L1 08    421 +012.6668 -000.5655 -004.1561 -005.5427 -007.1769 +003.7811 0
L1 01    425 +015.9710 +000.1810 +001.3400 -083.1758 +001.5848 +001.8289 0
L1 02    425 +005.3065 +006.9154 +001.7011 -152.5960 -002.9697 -158.4465 0
L1 03    425 +016.0703 -000.5404 -000.8398 -090.2933 +002.3152 +092.0532 0
L1 04    425 +008.4119 +008.0408 +001.7760 -030.6722 -000.5998 +000.3898 0
L1 05    425 +014.4653 +010.4656 +001.9725 -109.1402 +000.7928 -012.8179 0
L1 06    425 +014.5273 -000.7131 -003.8402 +176.6699 +004.0188 -002.9970 0
L1 07    425 +013.3955 -000.6201 -004.1534 +105.1884 -000.7019 -003.6347 0
L1 08    425 +012.6668 -000.5654 -004.1560 -005.5408 -007.1772 +003.7813 0
L1 01    429 +015.9711 +000.1810 +001.3402 -083.1758 +001.5845 +001.8308 0
L1 02    429 +005.3065 +006.9154 +001.7011 -152.5960 -002.9696 -158.4466 0
L1 03    429 +016.0703 -000.5405 -000.8398 -090.2945 +002.3153 +092.0532 0
L1 04    429 +008.4119 +008.0408 +001.7759 -030.6718 -000.5997 +000.3896 0
L1 05    429 +014.4650 +010.4660 +001.9721 -109.1371 +000.7907 -012.8185 0
L1 06    429 +014.5272 -000.7132 -003.8402 +176.6684 +004.0183 -002.9963 0
L1 07    429 +013.3956 -000.6202 -004.1532 +105.1889 -000.7007 -003.6357 0
L1 08    429 +012.6668 -000.5655 -004.1561 -005.5402 -007.1767 +003.7812 0
L1 01    433 +015.9710 +000.1811 +001.3401 -083.1756 +001.5845 +001.8299 0
L1 02    433 +005.3065 +006.9154 +001.7011 -152.5953 -002.9696 -158.4464 0
L1 03    433 +016.0703 -000.5404 -000.8398 -090.2933 +002.3154 +092.0535 0
L1 04    433 +008.4119 +008.0408 +001.7760 -030.6716 -000.5998 +000.3898 0
L1 05    433 +014.4648 +010.4660 +001.9724 -109.1362 +000.7924 -012.8170 0
L1 06    433 +014.5273 -000.7130 -003.8402 +176.6705 +004.0186 -002.9974 0
L1 07    433 +013.3955 -000.6202 -004.1533 +105.1889 -000.7014 -003.6353 0
L1 08    433 +012.6668 -000.5654 -004.1561 -005.5375 -007.1767 +003.7814 0
L1 01    437 +015.9710 +000.1811 +001.3401 -083.1761 +001.5848 +001.8301 0
L1 02    437 +005.3065 +006.9154 +001.7011 -152.5957 -002.9694 -158.4466 0
L1 03    437 +016.0703 -000.5404 -000.8398 -090.2938 +002.3156 +092.0532 0
L1 04    437 +008.4119 +008.0408 +001.7759 -030.6719 -000.5996 +000.3897 0
L1 05    437 +014.4651 +010.4658 +001.9725 -109.1380 +000.7920 -012.8172 0
L1 06    437 +014.5272 -000.7132 -003.8403 +176.6689 +004.0176 -002.9968 0
L1 07    437 +013.3955 -000.6203 -004.1533 +105.1874 -000.7017 -003.6347 0
L1 08    437 +012.6668 -000.5655 -004.1561 -005.5378 -007.1767 +003.7805 0
L1 01    441 +015.9711 +000.1810 +001.3401 -083.1769 +001.5850 +001.8294 0
L1 02    441 +005.3065 +006.9154 +001.7011 -152.5960 -002.9694 -158.4467 0
L1 03    441 +016.0703 -000.5406 -000.8397 -090.2955 +002.3159 +092.0536 0
L1 04    441 +008.4119 +008.0408 +001.7759 -030.6720 -000.5996 +000.3896 0
L1 05    441 +014.4653 +010.4655 +001.9721 -109.1397 +000.7896 -012.8169 0
L1 06    441 +014.5272 -000.7134 -003.8400 +176.6674 +004.0196 -002.9953 0
L1 07    441 +013.3955 -000.6204 -004.1533 +105.1869 -000.7013 -003.6341 0
L1 08    441 +012.6668 -000.5656 -004.1561 -005.5364 -007.1767 +003.7802 0
L1 01    445 +015.9711 +000.1811 +001.3400 -083.1757 +001.5854 +001.8295 0
L1 02    445 +005.3065 +006.9154 +001.7011 -152.5959 -002.9697 -158.4464 0
L1 03    445 +016.0703 -000.5405 -000.8398 -090.2940 +002.3156 +092.0526 0
L1 04    445 +008.4119 +008.0408 +001.7759 -030.6717 -000.5997 +000.3894 0
L1 05    445 +014.4653 +010.4656 +001.9721 -109.1392 +000.7894 -012.8180 0
L1 06    445 +014.5272 -000.7131 -003.8402 +176.6687 +004.0191 -002.9967 0
L1 07    445 +013.3955 -000.6203 -004.1533 +105.1877 -000.7017 -003.6348 0
L1 08    445 +012.6668 -000.5655 -004.1561 -005.5338 -007.1775 +003.7805 0
L1 01    449 +015.9711 +000.1810 +001.3401 -083.1771 +001.5849 +001.8302 0
L1 02    449 +005.3065 +006.9154 +001.7011 -152.5960 -002.9698 -158.4463 0
L1 03    449 +016.0703 -000.5405 -000.8398 -090.2945 +002.3153 +092.0531 0
L1 04    449 +008.4119 +008.0408 +001.7759 -030.6722 -000.5996 +000.3895 0
L1 05    449 +014.4655 +010.4652 +001.9727 -109.1423 +000.7922 -012.8173 0
L1 06    449 +014.5272 -000.7132 -003.8403 +176.6672 +004.0179 -002.9964 0
L1 07    449 +013.3955 -000.6204 -004.1533 +105.1861 -000.7011 -003.6350 0
L1 08    449 +012.6668 -000.5655 -004.1561 -005.5330 -007.1776 +003.7797 0
L1 01    453 +015.9711 +000.1814 +001.3405 -083.1743 +001.5854 +001.8319 0
L1 02    453 +005.3065 +006.9154 +001.7011 -152.5961 -002.9698 -158.4463 0
L1 03    453 +016.0703 -000.5405 -000.8398 -090.2940 +002.3154 +092.0531 0
L1 04    453 +008.4119 +008.0408 +001.7759 -030.6718 -000.5997 +000.3897 0
L1 05    453 +014.4651 +010.4657 +001.9726 -109.1380 +000.7920 -012.8172 0
L1 06    453 +014.5273 -000.7131 -003.8402 +176.6679 +004.0184 -002.9972 0
L1 07    453 +013.3956 -000.6204 -004.1531 +105.1869 -000.7011 -003.6365 0
L1 08    453 +012.6668 -000.5655 -004.1561 -005.5299 -007.1780 +003.7797 0
L1 01    457 +015.9711 +000.1814 +001.3404 -083.1739 +001.5849 +001.8330 0
L1 02    457 +005.3065 +006.9154 +001.7011 -152.5958 -002.9699 -158.4464 0
L1 03    457 +016.0703 -000.5405 -000.8397 -090.2939 +002.3157 +092.0538 0
L1 04    457 +008.4119 +008.0408 +001.7759 -030.6717 -000.5998 +000.3898 0
L1 05    457 +014.4652 +010.4656 +001.9725 -109.1392 +000.7910 -012.8177 0
L1 06    457 +014.5272 -000.7132 -003.8401 +176.6664 +004.0190 -002.9965 0
L1 07    457 +013.3956 -000.6204 -004.1531 +105.1868 -000.7005 -003.6364 0
L1 08    457 +012.6668 -000.5655 -004.1561 -005.5294 -007.1785 +003.7798 0
L1 01    461 +015.9711 +000.1812 +001.3402 -083.1752 +001.5858 +001.8317 0
L1 02    461 +005.3065 +006.9154 +001.7011 -152.5960 -002.9697 -158.4464 0
L1 03    461 +016.0702 -000.5406 -000.8397 -090.2951 +002.3155 +092.0538 0
L1 04    461 +008.4119 +008.0408 +001.7759 -030.6719 -000.5998 +000.3895 0
L1 05    461 +014.4652 +010.4656 +001.9727 -109.1398 +000.7912 -012.8172 0
L1 06    461 +014.5272 -000.7132 -003.8401 +176.6653 +004.0189 -002.9955 0
L1 07    461 +013.3956 -000.6204 -004.1531 +105.1864 -000.7001 -003.6363 0
L1 08    461 +012.6668 -000.5656 -004.1560 -005.5299 -007.1785 +003.7785 0
L1 01    465 +015.9711 +000.1810 +001.3404 -083.1766 +001.5844 +001.8328 0
L1 02    465 +005.3065 +006.9154 +001.7011 -152.5961 -002.9698 -158.4463 0
L1 03    465 +016.0703 -000.5406 -000.8397 -090.2946 +002.3146 +092.0541 0
L1 04    465 +008.4119 +008.0408 +001.7759 -030.6720 -000.5998 +000.3897 0
L1 05    465 +014.4654 +010.4654 +001.9724 -109.1416 +000.7896 -012.8193 0
L1 06    465 +014.5272 -000.7139 -003.8402 +176.6592 +004.0188 -002.9941 0
L1 07    465 +013.3955 -000.6204 -004.1533 +105.1863 -000.6998 -003.6344 0
L1 08    465 +012.6668 -000.5656 -004.1561 -005.5284 -007.1782 +003.7780 0
L1 01    469 +015.9711 +000.1812 +001.3402 -083.1753 +001.5849 +001.8313 0
L1 02    469 +005.3065 +006.9154 +001.7011 -152.5959 -002.9698 -158.4463 0
L1 03    469 +016.0702 -000.5405 -000.8398 -090.2942 +002.3152 +092.0535 0
L1 04    469 +008.4119 +008.0408 +001.7759 -030.6715 -000.5999 +000.3893 0
L1 05    469 +014.4651 +010.4660 +001.9726 -109.1369 +000.7897 -012.8180 0
L1 06    469 +014.5272 -000.7132 -003.8402 +176.6638 +004.0180 -002.9957 0
L1 07    469 +013.3955 -000.6203 -004.1532 +105.1872 -000.7010 -003.6352 0
L1 08    469 +012.6668 -000.5655 -004.1560 -005.5263 -007.1782 +003.7786 0
L1 01    473 +015.9710 +000.1811 +001.3402 -083.1766 +001.5845 +001.8307 0
L1 02    473 +005.3065 +006.9154 +001.7011 -152.5963 -002.9698 -158.4465 0
L1 03    473 +016.0703 -000.5406 -000.8398 -090.2953 +002.3147 +092.0534 0
L1 04    473 +008.4120 +008.0407 +001.7759 -030.6725 -000.5997 +000.3896 0
L1 05    473 +014.4651 +010.4657 +001.9729 -109.1399 +000.7928 -012.8167 0
L1 06    473 +014.5272 -000.7135 -003.8402 +176.6608 +004.0187 -002.9953 0
L1 07    473 +013.3955 -000.6204 -004.1533 +105.1858 -000.7003 -003.6344 0
L1 08    473 +012.6668 -000.5656 -004.1561 -005.5259 -007.1787 +003.7776 0
L1 01    477 +015.9710 +000.1808 +001.3402 -083.1786 +001.5837 +001.8309 0
L1 02    477 +005.3065 +006.9154 +001.7011 -152.5961 -002.9697 -158.4465 0
L1 03    477 +016.0703 -000.5406 -000.8397 -090.2949 +002.3148 +092.0538 0
L1 04    477 +008.4120 +008.0407 +001.7759 -030.6726 -000.5998 +000.3897 0
L1 05    477 +014.4650 +010.4659 +001.9726 -109.1393 +000.7911 -012.8184 0
L1 06    477 +014.5273 -000.7133 -003.8402 +176.6615 +004.0189 -002.9960 0
L1 07    477 +013.3955 -000.6203 -004.1533 +105.1869 -000.7001 -003.6347 0
L1 08    477 +012.6668 -000.5656 -004.1561 -005.5239 -007.1787 +003.7775 0
