L1 01      4 +016.0712 +000.1444 +001.3481 -083.4786 +001.5246 +002.0828 0
L1 02      4 +005.3066 +006.9153 +001.7007 -152.5972 -002.9759 -158.4323 0
L1 03      4 +016.1826 -000.5717 -000.8324 -090.1635 +002.4667 +092.3276 0
L1 04      4 +008.4118 +008.0409 +001.7753 -030.6705 -000.6071 +000.3781 0
L1 05      4 +014.4511 +010.4376 +001.9684 -109.2213 +000.5327 -013.2972 0
L1 06      4 +015.9769 -000.8272 -004.1356 +167.9043 +088.1505 -009.7590 0
L1 07      4 +016.1352 -000.7776 -005.2699 +087.3756 +016.5804 -087.6630 0
L1 08      4 +016.0858 -000.7479 -005.9344 -104.1804 -081.1277 +102.2831 0
L1 01      8 +016.0712 +000.1443 +001.3480 -083.4799 +001.5252 +002.0823 0
L1 02      8 +005.3066 +006.9152 +001.7007 -152.5977 -002.9760 -158.4327 0
L1 03      8 +016.1825 -000.5718 -000.8322 -090.1652 +002.4666 +092.3282 0
L1 04      8 +008.4119 +008.0408 +001.7753 -030.6712 -000.6068 +000.3780 0
L1 05      8 +014.4517 +010.4367 +001.9684 -109.2275 +000.5331 -013.2981 0
L1 06      8 +015.9769 -000.8272 -004.1356 +167.9208 +088.1503 -009.7421 0
L1 07      8 +016.1354 -000.7774 -005.2694 +087.3752 +016.5798 -087.6661 0
L1 08      8 +016.0858 -000.7481 -005.9344 -104.1814 -081.1277 +102.2819 0
L1 01     12 +016.0712 +000.1445 +001.3481 -083.4789 +001.5266 +002.0827 0
L1 02     12 +005.3066 +006.9152 +001.7007 -152.5975 -002.9758 -158.4329 0
L1 03     12 +016.1825 -000.5718 -000.8322 -090.1647 +002.4669 +092.3281 0
L1 04     12 +008.4118 +008.0408 +001.7753 -030.6710 -000.6071 +000.3781 0
L1 05     12 +014.4513 +010.4373 +001.9683 -109.2244 +000.5317 -013.2970 0
L1 06     12 +015.9769 -000.8274 -004.1353 +167.8555 +088.1512 -009.8055 0
L1 07     12 +016.1353 -000.7772 -005.2695 +087.3762 +016.5800 -087.6660 0
L1 08     12 +016.0858 -000.7480 -005.9342 -104.1846 -081.1267 +102.2857 0
L1 01     16 +016.0712 +000.1444 +001.3482 -083.4803 +001.5262 +002.0843 0
L1 02     16 +005.3066 +006.9152 +001.7007 -152.5980 -002.9758 -158.4330 0
L1 03     16 +016.1825 -000.5719 -000.8323 -090.1661 +002.4669 +092.3275 0
L1 04     16 +008.4119 +008.0408 +001.7753 -030.6717 -000.6069 +000.3784 0
L1 05     16 +014.4514 +010.4370 +001.9683 -109.2264 +000.5312 -013.2967 0
L1 06     16 +015.9768 -000.8277 -004.1354 +167.8801 +088.1509 -009.7789 0
L1 07     16 +016.1352 -000.7774 -005.2697 +087.3742 +016.5818 -087.6646 0
L1 08     16 +016.0858 -000.7481 -005.9343 -104.1821 -081.1279 +102.2820 0
L1 01     20 +016.0712 +000.1446 +001.3480 -083.4782 +001.5246 +002.0827 0
L1 02     20 +005.3066 +006.9152 +001.7007 -152.5976 -002.9757 -158.4327 0
L1 03     20 +016.1825 -000.5716 -000.8323 -090.1636 +002.4657 +092.3277 0
L1 04     20 +008.4118 +008.0408 +001.7753 -030.6712 -000.6067 +000.3783 0
L1 05     20 +014.4514 +010.4371 +001.9682 -109.2253 +000.5311 -013.2974 0
L1 06     20 +015.9769 -000.8277 -004.1352 +167.9234 +088.1532 -009.7377 0
L1 07     20 +016.1354 -000.7769 -005.2695 +087.3779 +016.5786 -087.6654 0
L1 08     20 +016.0858 -000.7482 -005.9342 -104.1887 -081.1271 +102.2898 0
L1 01     24 +016.0712 +000.1444 +001.3481 -083.4794 +001.5242 +002.0828 0
L1 02     24 +005.3066 +006.9152 +001.7007 -152.5977 -002.9758 -158.4325 0
L1 03     24 +016.1825 -000.5717 -000.8324 -090.1640 +002.4652 +092.3272 0
L1 04     24 +008.4118 +008.0408 +001.7753 -030.6710 -000.6067 +000.3780 0
L1 05     24 +014.4516 +010.4369 +001.9681 -109.2265 +000.5316 -013.2981 0
L1 06     24 +015.9769 -000.8276 -004.1355 +167.9204 +088.1520 -009.7412 0
L1 07     24 +016.1354 -000.7771 -005.2692 +087.3767 +016.5799 -087.6675 0
L1 08     24 +016.0858 -000.7484 -005.9343 -104.1888 -081.1285 +102.2890 0
L1 01     28 +016.0712 +000.1445 +001.3481 -083.4779 +001.5232 +002.0833 0
L1 02     28 +005.3066 +006.9152 +001.7007 -152.5975 -002.9761 -158.4324 0
L1 03     28 +016.1825 -000.5716 -000.8324 -090.1624 +002.4654 +092.3276 0
L1 04     28 +008.4118 +008.0409 +001.7753 -030.6708 -000.6068 +000.3781 0
L1 05     28 +014.4510 +010.4378 +001.9682 -109.2183 +000.5318 -013.2977 0
L1 06     28 +015.9769 -000.8274 -004.1355 +167.8807 +088.1519 -009.7828 0
L1 07     28 +016.1353 -000.7767 -005.2695 +087.3814 +016.5795 -087.6650 0
L1 08     28 +016.0858 -000.7479 -005.9344 -104.1776 -081.1269 +102.2820 0
L1 01     32 +016.0712 +000.1443 +001.3482 -083.4796 +001.5236 +002.0835 0
L1 02     32 +005.3066 +006.9152 +001.7007 -152.5976 -002.9760 -158.4326 0
L1 03     32 +016.1825 -000.5717 -000.8324 -090.1637 +002.4659 +092.3274 0
L1 04     32 +008.4119 +008.0408 +001.7753 -030.6712 -000.6068 +000.3780 0
L1 05     32 +014.4510 +010.4376 +001.9680 -109.2203 +000.5301 -013.2975 0
L1 06     32 +015.9769 -000.8275 -004.1356 +167.9070 +088.1505 -009.7547 0
L1 07     32 +016.1353 -000.7773 -005.2697 +087.3766 +016.5808 -087.6646 0
L1 08     32 +016.0858 -000.7480 -005.9344 -104.1786 -081.1276 +102.2810 0
L1 01     36 +016.0712 +000.1444 +001.3481 -083.4788 +001.5240 +002.0826 0
L1 02     36 +005.3066 +006.9152 +001.7007 -152.5973 -002.9757 -158.4328 0
L1 03     36 +016.1825 -000.5717 -000.8324 -090.1638 +002.4662 +092.3277 0
L1 04     36 +008.4118 +008.0409 +001.7753 -030.6708 -000.6068 +000.3781 0
L1 05     36 +014.4508 +010.4380 +001.9682 -109.2185 +000.5316 -013.2971 0
L1 06     36 +015.9768 -000.8276 -004.1357 +167.8877 +088.1493 -009.7739 0
L1 07     36 +016.1353 -000.7775 -005.2694 +087.3752 +016.5803 -087.6658 0
L1 08     36 +016.0858 -000.7479 -005.9344 -104.1805 -081.1267 +102.2835 0
L1 01     40 +016.0712 +000.1442 +001.3480 -083.4813 +001.5238 +002.0822 0
L1 02     40 +005.3066 +006.9152 +001.7007 -152.5980 -002.9757 -158.4330 0
L1 03     40 +016.1826 -000.5718 -000.8325 -090.1646 +002.4659 +092.3271 0
L1 04     40 +008.4119 +008.0407 +001.7753 -030.6723 -000.6067 +000.3783 0
L1 05     40 +014.4509 +010.4377 +001.9680 -109.2212 +000.5308 -013.2995 0
L1 06     40 +015.9768 -000.8275 -004.1356 +167.8883 +088.1506 -009.7721 0
L1 07     40 +016.1352 -000.7774 -005.2698 +087.3749 +016.5805 -087.6639 0
L1 08     40 +016.0858 -000.7480 -005.9344 -104.1832 -081.1279 +102.2854 0
L1 01     44 +016.0712 +000.1441 +001.3484 -083.4800 +001.5236 +002.0833 0
L1 02     44 +005.3066 +006.9152 +001.7007 -152.5977 -002.9758 -158.4332 0
L1 03     44 +016.1826 -000.5716 -000.8324 -090.1630 +002.4651 +092.3270 0
L1 04     44 +008.4118 +008.0408 +001.7753 -030.6712 -000.6069 +000.3784 0
L1 05     44 +014.4508 +010.4379 +001.9683 -109.2192 +000.5317 -013.2969 0
L1 06     44 +015.9770 -000.8276 -004.1353 +167.8587 +088.1534 -009.8007 0
L1 07     44 +016.1354 -000.7773 -005.2695 +087.3763 +016.5801 -087.6658 0
L1 08     44 +016.0858 -000.7479 -005.9345 -104.1798 -081.1280 +102.2834 0
L1 01     48 +016.0712 +000.1444 +001.3483 -083.4793 +001.5237 +002.0839 0
L1 02     48 +005.3066 +006.9152 +001.7007 -152.5979 -002.9758 -158.4330 0
L1 03     48 +016.1825 -000.5718 -000.8323 -090.1644 +002.4653 +092.3282 0
L1 04     48 +008.4119 +008.0407 +001.7753 -030.6723 -000.6067 +000.3782 0
L1 05     48 +014.4512 +010.4375 +001.9681 -109.2226 +000.5322 -013.2986 0
L1 06     48 +015.9770 -000.8277 -004.1353 +167.9272 +088.1529 -009.7323 0
L1 07     48 +016.1353 -000.7776 -005.2699 +087.3749 +016.5821 -087.6640 0
L1 08     48 +016.0858 -000.7481 -005.9344 -104.1834 -081.1284 +102.2858 0
L1 01     52 +016.0712 +000.1445 +001.3482 -083.4785 +001.5237 +002.0831 0
L1 02     52 +005.3066 +006.9152 +001.7007 -152.5979 -002.9759 -158.4328 0
L1 03     52 +016.1826 -000.5717 -000.8323 -090.1636 +002.4654 +092.3284 0
L1 04     52 +008.4120 +008.0407 +001.7753 -030.6723 -000.6066 +000.3781 0
L1 05     52 +014.4512 +010.4375 +001.9681 -109.2220 +000.5307 -013.2985 0
L1 06     52 +015.9770 -000.8275 -004.1354 +167.9426 +088.1518 -009.7190 0
L1 07     52 +016.1353 -000.7774 -005.2698 +087.3766 +016.5812 -087.6640 0
L1 08     52 +016.0858 -000.7481 -005.9344 -104.1840 -081.1271 +102.2866 0
L1 01     56 +016.0712 +000.1445 +001.3481 -083.4788 +001.5220 +002.0828 0
L1 02     56 +005.3066 +006.9152 +001.7007 -152.5980 -002.9760 -158.4326 0
L1 03     56 +016.1826 -000.5717 -000.8324 -090.1633 +002.4647 +092.3276 0
L1 04     56 +008.4120 +008.0407 +001.7753 -030.6729 -000.6065 +000.3778 0
L1 05     56 +014.4510 +010.4378 +001.9680 -109.2211 +000.5295 -013.2972 0
L1 06     56 +015.9771 -000.8276 -004.1351 +167.9318 +088.1539 -009.7296 0
L1 07     56 +016.1353 -000.7773 -005.2697 +087.3772 +016.5810 -087.6640 0
L1 08     56 +016.0859 -000.7481 -005.9344 -104.1846 -081.1276 +102.2876 0
L1 01     60 +016.0712 +000.1444 +001.3482 -083.4792 +001.5226 +002.0834 0
L1 02     60 +005.3066 +006.9152 +001.7007 -152.5978 -002.9759 -158.4326 0
L1 03     60 +016.1825 -000.5719 -000.8323 -090.1645 +002.4646 +092.3281 0
L1 04     60 +008.4120 +008.0407 +001.7753 -030.6728 -000.6064 +000.3779 0
L1 05     60 +014.4512 +010.4375 +001.9681 -109.2220 +000.5295 -013.2972 0
L1 06     60 +015.9770 -000.8277 -004.1351 +167.8970 +088.1538 -009.7640 0
L1 07     60 +016.1353 -000.7777 -005.2695 +087.3761 +016.5830 -087.6654 0
L1 08     60 +016.0858 -000.7481 -005.9345 -104.1791 -081.1284 +102.2819 0
L1 01     64 +016.0712 +000.1445 +001.3481 -083.4788 +001.5227 +002.0825 0
L1 02     64 +005.3066 +006.9152 +001.7007 -152.5978 -002.9759 -158.4326 0
L1 03     64 +016.1826 -000.5717 -000.8322 -090.1633 +002.4653 +092.3287 0
L1 04     64 +008.4120 +008.0407 +001.7753 -030.6729 -000.6065 +000.3781 0
L1 05     64 +014.4511 +010.4374 +001.9683 -109.2222 +000.5305 -013.2961 0
L1 06     64 +015.9770 -000.8272 -004.1353 +167.8678 +088.1523 -009.7959 0
L1 07     64 +016.1353 -000.7773 -005.2697 +087.3783 +016.5819 -087.6645 0
L1 08     64 +016.0859 -000.7480 -005.9344 -104.1810 -081.1272 +102.2843 0
L1 01     68 +016.0712 +000.1442 +001.3483 -083.4809 +001.5231 +002.0847 0
L1 02     68 +005.3066 +006.9152 +001.7007 -152.5982 -002.9761 -158.4327 0
L1 03     68 +016.1825 -000.5718 -000.8321 -090.1645 +002.4652 +092.3290 0
L1 04     68 +008.4120 +008.0406 +001.7753 -030.6736 -000.6063 +000.3781 0
L1 05     68 +014.4510 +010.4375 +001.9680 -109.2222 +000.5290 -013.2984 0
L1 06     68 +015.9770 -000.8277 -004.1353 +167.8859 +088.1524 -009.7737 0
L1 07     68 +016.1353 -000.7773 -005.2695 +087.3769 +016.5828 -087.6664 0
L1 08     68 +016.0858 -000.7483 -005.9343 -104.1873 -081.1276 +102.2879 0
L1 01     72 +016.0712 +000.1444 +001.3483 -083.4793 +001.5236 +002.0845 0
L1 02     72 +005.3066 +006.9152 +001.7007 -152.5981 -002.9759 -158.4329 0
L1 03     72 +016.1825 -000.5718 -000.8323 -090.1645 +002.4653 +092.3283 0
L1 04     72 +008.4120 +008.0406 +001.7753 -030.6732 -000.6064 +000.3780 0
L1 05     72 +014.4510 +010.4376 +001.9681 -109.2201 +000.5302 -013.2979 0
L1 06     72 +015.9769 -000.8275 -004.1356 +167.8898 +088.1504 -009.7721 0
L1 07     72 +016.1354 -000.7774 -005.2696 +087.3765 +016.5814 -087.6660 0
L1 08     72 +016.0859 -000.7482 -005.9343 -104.1881 -081.1269 +102.2895 0
L1 01     76 +016.0712 +000.1445 +001.3484 -083.4790 +001.5229 +002.0859 0
L1 02     76 +005.3066 +006.9152 +001.7007 -152.5983 -002.9762 -158.4327 0
L1 03     76 +016.1825 -000.5721 -000.8321 -090.1661 +002.4650 +092.3295 0
L1 04     76 +008.4120 +008.0406 +001.7753 -030.6733 -000.6063 +000.3781 0
L1 05     76 +014.4515 +010.4370 +001.9682 -109.2254 +000.5313 -013.2988 0
L1 06     76 +015.9770 -000.8280 -004.1353 +167.9157 +088.1522 -009.7429 0
L1 07     76 +016.1354 -000.7775 -005.2695 +087.3758 +016.5818 -087.6657 0
L1 08     76 +016.0859 -000.7485 -005.9343 -104.1875 -081.1281 +102.2877 0
L1 01     80 +016.0712 +000.1445 +001.3482 -083.4782 +001.5223 +002.0851 0
L1 02     80 +005.3066 +006.9152 +001.7007 -152.5981 -002.9759 -158.4326 0
L1 03     80 +016.1826 -000.5719 -000.8322 -090.1646 +002.4647 +092.3291 0
L1 04     80 +008.4120 +008.0406 +001.7753 -030.6732 -000.6064 +000.3780 0
L1 05     80 +014.4511 +010.4375 +001.9682 -109.2218 +000.5301 -013.2975 0
L1 06     80 +015.9770 -000.8276 -004.1355 +167.9053 +088.1509 -009.7551 0
L1 07     80 +016.1354 -000.7774 -005.2695 +087.3772 +016.5824 -087.6661 0
L1 08     80 +016.0858 -000.7484 -005.9345 -104.1794 -081.1278 +102.2806 0
L1 01     84 +016.0712 +000.1445 +001.3481 -083.4789 +001.5220 +002.0841 0
L1 02     84 +005.3066 +006.9152 +001.7007 -152.5981 -002.9761 -158.4326 0
L1 03     84 +016.1825 -000.5719 -000.8322 -090.1646 +002.4642 +092.3292 0
L1 04     84 +008.4120 +008.0406 +001.7753 -030.6733 -000.6064 +000.3779 0
L1 05     84 +014.4512 +010.4373 +001.9678 -109.2230 +000.5293 -013.2989 0
L1 06     84 +015.9770 -000.8276 -004.1353 +167.9280 +088.1529 -009.7338 0
L1 07     84 +016.1354 -000.7776 -005.2695 +087.3764 +016.5833 -087.6655 0
L1 08     84 +016.0859 -000.7485 -005.9343 -104.1878 -081.1281 +102.2891 0
L1 01     88 +016.0712 +000.1446 +001.3483 -083.4775 +001.5222 +002.0846 0
L1 02     88 +005.3066 +006.9152 +001.7007 -152.5981 -002.9760 -158.4328 0
L1 03     88 +016.1826 -000.5718 -000.8322 -090.1633 +002.4645 +092.3292 0
L1 04     88 +008.4119 +008.0407 +001.7753 -030.6722 -000.6065 +000.3779 0
L1 05     88 +014.4514 +010.4372 +001.9683 -109.2237 +000.5325 -013.2975 0
L1 06     88 +015.9769 -000.8274 -004.1355 +167.9022 +088.1512 -009.7608 0
L1 07     88 +016.1353 -000.7774 -005.2699 +087.3788 +016.5844 -087.6630 0
L1 08     88 +016.0859 -000.7480 -005.9344 -104.1858 -081.1267 +102.2906 0
L1 01     92 +016.0712 +000.1445 +001.3483 -083.4792 +001.5226 +002.0850 0
L1 02     92 +005.3067 +006.9152 +001.7007 -152.5987 -002.9761 -158.4330 0
L1 03     92 +016.1826 -000.5719 -000.8322 -090.1656 +002.4649 +092.3288 0
L1 04     92 +008.4120 +008.0406 +001.7753 -030.6736 -000.6063 +000.3784 0
L1 05     92 +014.4516 +010.4367 +001.9684 -109.2273 +000.5346 -013.2987 0
L1 06     92 +015.9769 -000.8276 -004.1355 +167.8905 +088.1511 -009.7697 0
L1 07     92 +016.1353 -000.7779 -005.2697 +087.3737 +016.5844 -087.6655 0
L1 08     92 +016.0858 -000.7482 -005.9344 -104.1798 -081.1274 +102.2808 0
L1 01     96 +016.0712 +000.1446 +001.3480 -083.4781 +001.5245 +002.0820 0
L1 02     96 +005.3066 +006.9152 +001.7007 -152.5982 -002.9757 -158.4329 0
L1 03     96 +016.1826 -000.5720 -000.8322 -090.1650 +002.4655 +092.3286 0
L1 04     96 +008.4120 +008.0406 +001.7752 -030.6731 -000.6063 +000.3777 0
L1 05     96 +014.4515 +010.4370 +001.9682 -109.2250 +000.5333 -013.2989 0
L1 06     96 +015.9769 -000.8274 -004.1357 +167.8772 +088.1495 -009.7846 0
L1 07     96 +016.1354 -000.7777 -005.2692 +087.3741 +016.5829 -087.6680 0
L1 08     96 +016.0858 -000.7481 -005.9344 -104.1802 -081.1264 +102.2825 0
L1 01    100 +016.0712 +000.1444 +001.3481 -083.4802 +001.5234 +002.0831 0
L1 02    100 +005.3066 +006.9152 +001.7007 -152.5982 -002.9759 -158.4328 0
L1 03    100 +016.1826 -000.5721 -000.8321 -090.1670 +002.4651 +092.3290 0
L1 04    100 +008.4121 +008.0405 +001.7753 -030.6748 -000.6061 +000.3784 0
L1 05    100 +014.4515 +010.4368 +001.9684 -109.2267 +000.5345 -013.2980 0
L1 06    100 +015.9769 -000.8277 -004.1355 +167.9325 +088.1516 -009.7267 0
L1 07    100 +016.1354 -000.7778 -005.2695 +087.3736 +016.5833 -087.6662 0
L1 08    100 +016.0858 -000.7483 -005.9344 -104.1841 -081.1282 +102.2849 0
L1 01    104 +016.0712 +000.1443 +001.3481 -083.4807 +001.5225 +002.0830 0
L1 02    104 +005.3066 +006.9152 +001.7007 -152.5982 -002.9759 -158.4327 0
L1 03    104 +016.1826 -000.5721 -000.8322 -090.1664 +002.4645 +092.3286 0
L1 04    104 +008.4121 +008.0406 +001.7752 -030.6740 -000.6063 +000.3779 0
L1 05    104 +014.4514 +010.4369 +001.9685 -109.2256 +000.5355 -013.2990 0
L1 06    104 +015.9770 -000.8275 -004.1352 +167.9052 +088.1532 -009.7564 0
L1 07    104 +016.1353 -000.7780 -005.2695 +087.3727 +016.5841 -087.6665 0
L1 08    104 +016.0859 -000.7483 -005.9344 -104.1871 -081.1283 +102.2889 0
L1 01    108 +016.0712 +000.1444 +001.3481 -083.4805 +001.5235 +002.0828 0
L1 02    108 +005.3067 +006.9152 +001.7007 -152.5983 -002.9758 -158.4328 0
L1 03    108 +016.1826 -000.5721 -000.8322 -090.1669 +002.4646 +092.3283 0
L1 04    108 +008.4120 +008.0406 +001.7753 -030.6740 -000.6063 +000.3785 0
L1 05    108 +014.4515 +010.4369 +001.9683 -109.2259 +000.5335 -013.2986 0
L1 06    108 +015.9770 -000.8279 -004.1350 +167.9105 +088.1549 -009.7490 0
L1 07    108 +016.1353 -000.7778 -005.2695 +087.3736 +016.5838 -087.6659 0
L1 08    108 +016.0859 -000.7484 -005.9342 -104.1927 -081.1278 +102.2934 0
L1 01    112 +016.0712 +000.1444 +001.3481 -083.4800 +001.5232 +002.0824 0
L1 02    112 +005.3066 +006.9152 +001.7007 -152.5983 -002.9759 -158.4330 0
L1 03    112 +016.1826 -000.5720 -000.8323 -090.1659 +002.4650 +092.3280 0
L1 04    112 +008.4120 +008.0406 +001.7753 -030.6737 -000.6065 +000.3786 0
L1 05    112 +014.4511 +010.4376 +001.9681 -109.2220 +000.5317 -013.2983 0
L1 06    112 +015.9769 -000.8278 -004.1356 +167.9108 +088.1520 -009.7495 0
L1 07    112 +016.1353 -000.7778 -005.2695 +087.3743 +016.5840 -087.6656 0
L1 08    112 +016.0859 -000.7482 -005.9343 -104.1889 -081.1269 +102.2910 0
L1 01    116 +016.0712 +000.1443 +001.3481 -083.4807 +001.5228 +002.0815 0
L1 02    116 +005.3066 +006.9152 +001.7007 -152.5981 -002.9758 -158.4330 0
L1 03    116 +016.1825 -000.5719 -000.8325 -090.1656 +002.4647 +092.3263 0
L1 04    116 +008.4120 +008.0406 +001.7753 -030.6739 -000.6065 +000.3784 0
L1 05    116 +014.4509 +010.4377 +001.9683 -109.2201 +000.5320 -013.2978 0
L1 06    116 +015.9768 -000.8278 -004.1358 +167.8374 +088.1482 -009.8218 0
L1 07    116 +016.1352 -000.7780 -005.2696 +087.3735 +016.5841 -087.6645 0
L1 08    116 +016.0859 -000.7482 -005.9343 -104.1884 -081.1262 +102.2903 0
L1 01    120 +016.0712 +000.1444 +001.3480 -083.4795 +001.5230 +002.0813 0
L1 02    120 +005.3066 +006.9152 +001.7007 -152.5982 -002.9757 -158.4330 0
L1 03    120 +016.1825 -000.5719 -000.8323 -090.1650 +002.4646 +092.3271 0
L1 04    120 +008.4120 +008.0406 +001.7753 -030.6737 -000.6065 +000.3782 0
L1 05    120 +014.4511 +010.4375 +001.9685 -109.2214 +000.5327 -013.2963 0
L1 06    120 +015.9769 -000.8276 -004.1353 +167.7948 +088.1522 -009.8668 0
L1 07    120 +016.1353 -000.7775 -005.2696 +087.3751 +016.5826 -087.6654 0
L1 08    120 +016.0858 -000.7482 -005.9344 -104.1829 -081.1268 +102.2850 0
L1 01    124 +016.0712 +000.1444 +001.3482 -083.4799 +001.5232 +002.0832 0
L1 02    124 +005.3066 +006.9152 +001.7007 -152.5983 -002.9758 -158.4329 0
L1 03    124 +016.1825 -000.5720 -000.8323 -090.1656 +002.4651 +092.3276 0
L1 04    124 +008.4121 +008.0406 +001.7753 -030.6742 -000.6064 +000.3785 0
L1 05    124 +014.4515 +010.4370 +001.9686 -109.2253 +000.5333 -013.2955 0
L1 06    124 +015.9770 -000.8278 -004.1354 +167.8805 +088.1518 -009.7779 0
L1 07    124 +016.1353 -000.7774 -005.2697 +087.3750 +016.5825 -087.6649 0
L1 08    124 +016.0858 -000.7482 -005.9344 -104.1807 -081.1268 +102.2822 0
L1 01    128 +016.0712 +000.1443 +001.3483 -083.4811 +001.5229 +002.0837 0
L1 02    128 +005.3066 +006.9152 +001.7007 -152.5982 -002.9758 -158.4328 0
L1 03    128 +016.1825 -000.5720 -000.8323 -090.1659 +002.4650 +092.3279 0
L1 04    128 +008.4120 +008.0406 +001.7753 -030.6742 -000.6066 +000.3788 0
L1 05    128 +014.4515 +010.4368 +001.9683 -109.2261 +000.5322 -013.2988 0
L1 06    128 +015.9769 -000.8279 -004.1355 +167.9161 +088.1511 -009.7426 0
L1 07    128 +016.1353 -000.7779 -005.2696 +087.3730 +016.5852 -087.6652 0
L1 08    128 +016.0858 -000.7482 -005.9343 -104.1848 -081.1270 +102.2860 0
L1 01    132 +016.0712 +000.1443 +001.3483 -083.4806 +001.5229 +002.0838 0
L1 02    132 +005.3066 +006.9152 +001.7007 -152.5980 -002.9759 -158.4327 0
L1 03    132 +016.1826 -000.5720 -000.8322 -090.1651 +002.4649 +092.3282 0
L1 04    132 +008.4120 +008.0406 +001.7753 -030.6739 -000.6065 +000.3784 0
L1 05    132 +014.4512 +010.4373 +001.9682 -109.2239 +000.5306 -013.2990 0
L1 06    132 +015.9770 -000.8279 -004.1353 +167.9192 +088.1524 -009.7401 0
L1 07    132 +016.1353 -000.7776 -005.2696 +087.3766 +016.5835 -087.6648 0
L1 08    132 +016.0858 -000.7482 -005.9343 -104.1861 -081.1273 +102.2878 0
L1 01    136 +016.0712 +000.1443 +001.3483 -083.4811 +001.5223 +002.0847 0
L1 02    136 +005.3067 +006.9152 +001.7007 -152.5984 -002.9759 -158.4328 0
L1 03    136 +016.1826 -000.5720 -000.8321 -090.1662 +002.4647 +092.3292 0
L1 04    136 +008.4121 +008.0406 +001.7753 -030.6742 -000.6062 +000.3785 0
L1 05    136 +014.4512 +010.4372 +001.9683 -109.2240 +000.5316 -013.2985 0
L1 06    136 +015.9770 -000.8277 -004.1352 +167.9194 +088.1532 -009.7404 0
L1 07    136 +016.1352 -000.7778 -005.2698 +087.3734 +016.5850 -087.6638 0
L1 08    136 +016.0858 -000.7483 -005.9343 -104.1902 -081.1280 +102.2913 0
L1 01    140 +016.0712 +000.1443 +001.3482 -083.4799 +001.5224 +002.0841 0
L1 02    140 +005.3066 +006.9152 +001.7007 -152.5981 -002.9761 -158.4326 0
L1 03    140 +016.1826 -000.5718 -000.8321 -090.1646 +002.4647 +092.3292 0
L1 04    140 +008.4120 +008.0406 +001.7753 -030.6738 -000.6062 +000.3785 0
L1 05    140 +014.4511 +010.4375 +001.9685 -109.2212 +000.5322 -013.2984 0
L1 06    140 +015.9770 -000.8278 -004.1354 +167.9135 +088.1526 -009.7471 0
L1 07    140 +016.1353 -000.7777 -005.2697 +087.3751 +016.5850 -087.6650 0
L1 08    140 +016.0859 -000.7482 -005.9342 -104.1882 -081.1263 +102.2898 0
L1 01    144 +016.0712 +000.1443 +001.3484 -083.4802 +001.5230 +002.0852 0
L1 02    144 +005.3066 +006.9152 +001.7007 -152.5982 -002.9758 -158.4327 0
L1 03    144 +016.1825 -000.5719 -000.8321 -090.1655 +002.4653 +092.3294 0
L1 04    144 +008.4121 +008.0406 +001.7753 -030.6741 -000.6062 +000.3783 0
L1 05    144 +014.4513 +010.4372 +001.9685 -109.2237 +000.5315 -013.2986 0
L1 06    144 +015.9770 -000.8280 -004.1352 +167.8829 +088.1528 -009.7755 0
L1 07    144 +016.1351 -000.7780 -005.2699 +087.3726 +016.5860 -087.6636 0
L1 08    144 +016.0858 -000.7483 -005.9343 -104.1853 -081.1264 +102.2859 0
L1 01    148 +016.0712 +000.1446 +001.3483 -083.4780 +001.5233 +002.0844 0
L1 02    148 +005.3066 +006.9152 +001.7007 -152.5977 -002.9759 -158.4328 0
L1 03    148 +016.1826 -000.5718 -000.8322 -090.1642 +002.4657 +092.3282 0
L1 04    148 +008.4120 +008.0406 +001.7753 -030.6734 -000.6066 +000.3785 0
L1 05    148 +014.4509 +010.4379 +001.9685 -109.2200 +000.5322 -013.2982 0
L1 06    148 +015.9770 -000.8279 -004.1353 +167.8814 +088.1525 -009.7786 0
L1 07    148 +016.1353 -000.7776 -005.2696 +087.3760 +016.5841 -087.6655 0
L1 08    148 +016.0859 -000.7481 -005.9343 -104.1864 -081.1250 +102.2887 0
L1 01    152 +016.0712 +000.1445 +001.3484 -083.4789 +001.5229 +002.0841 0
L1 02    152 +005.3066 +006.9152 +001.7007 -152.5976 -002.9758 -158.4330 0
L1 03    152 +016.1826 -000.5717 -000.8322 -090.1637 +002.4652 +092.3282 0
L1 04    152 +008.4120 +008.0406 +001.7753 -030.6735 -000.6065 +000.3784 0
L1 05    152 +014.4509 +010.4378 +001.9684 -109.2197 +000.5304 -013.2978 0
L1 06    152 +015.9768 -000.8276 -004.1358 +167.8572 +088.1490 -009.8040 0
L1 07    152 +016.1351 -000.7780 -005.2700 +087.3734 +016.5844 -087.6631 0
L1 08    152 +016.0858 -000.7482 -005.9344 -104.1841 -081.1255 +102.2860 0
L1 01    156 +016.0712 +000.1446 +001.3482 -083.4779 +001.5232 +002.0829 0
L1 02    156 +005.3066 +006.9153 +001.7007 -152.5971 -002.9755 -158.4329 0
L1 03    156 +016.1826 -000.5719 -000.8322 -090.1642 +002.4653 +092.3284 0
L1 04    156 +008.4120 +008.0407 +001.7753 -030.6731 -000.6065 +000.3784 0
L1 05    156 +014.4508 +010.4377 +001.9687 -109.2200 +000.5317 -013.2956 0
L1 06    156 +015.9768 -000.8278 -004.1358 +167.8778 +088.1484 -009.7831 0
L1 07    156 +016.1353 -000.7776 -005.2699 +087.3760 +016.5830 -087.6634 0
L1 08    156 +016.0859 -000.7481 -005.9344 -104.1827 -081.1249 +102.2853 0
L1 01    160 +016.0712 +000.1446 +001.3482 -083.4775 +001.5229 +002.0832 0
L1 02    160 +005.3066 +006.9152 +001.7007 -152.5976 -002.9757 -158.4325 0
L1 03    160 +016.1826 -000.5718 -000.8323 -090.1637 +002.4648 +092.3278 0
L1 04    160 +008.4120 +008.0406 +001.7753 -030.6735 -000.6064 +000.3781 0
L1 05    160 +014.4511 +010.4372 +001.9684 -109.2243 +000.5300 -013.2963 0
L1 06    160 +015.9769 -000.8274 -004.1356 +167.8866 +088.1503 -009.7760 0
L1 07    160 +016.1352 -000.7776 -005.2700 +087.3759 +016.5838 -087.6626 0
L1 08    160 +016.0859 -000.7483 -005.9344 -104.1808 -081.1259 +102.2829 0
L1 01    164 +016.0713 +000.1445 +001.3483 -083.4789 +001.5227 +002.0843 0
L1 02    164 +005.3066 +006.9152 +001.7007 -152.5978 -002.9758 -158.4326 0
L1 03    164 +016.1826 -000.5720 -000.8322 -090.1655 +002.4642 +092.3286 0
L1 04    164 +008.4120 +008.0406 +001.7753 -030.6737 -000.6065 +000.3785 0
L1 05    164 +014.4510 +010.4374 +001.9682 -109.2220 +000.5313 -013.2995 0
L1 06    164 +015.9769 -000.8274 -004.1355 +167.9581 +088.1517 -009.7044 0
L1 07    164 +016.1352 -000.7778 -005.2699 +087.3755 +016.5845 -087.6615 0
L1 08    164 +016.0860 -000.7482 -005.9343 -104.1912 -081.1261 +102.2931 0
L1 01    168 +016.0712 +000.1446 +001.3478 -083.4785 +001.5230 +002.0806 0
L1 02    168 +005.3066 +006.9152 +001.7007 -152.5975 -002.9759 -158.4326 0
L1 03    168 +016.1826 -000.5718 -000.8322 -090.1637 +002.4647 +092.3281 0
L1 04    168 +008.4120 +008.0406 +001.7753 -030.6734 -000.6064 +000.3781 0
L1 05    168 +014.4508 +010.4379 +001.9683 -109.2184 +000.5322 -013.2995 0
L1 06    168 +015.9768 -000.8278 -004.1357 +167.9311 +088.1503 -009.7298 0
L1 07    168 +016.1352 -000.7775 -005.2699 +087.3771 +016.5837 -087.6626 0
L1 08    168 +016.0859 -000.7481 -005.9343 -104.1848 -081.1255 +102.2875 0
L1 01    172 +016.0712 +000.1444 +001.3481 -083.4794 +001.5229 +002.0828 0
L1 02    172 +005.3066 +006.9152 +001.7007 -152.5978 -002.9759 -158.4327 0
L1 03    172 +016.1826 -000.5717 -000.8322 -090.1644 +002.4650 +092.3284 0
L1 04    172 +008.4121 +008.0406 +001.7753 -030.6741 -000.6061 +000.3782 0
L1 05    172 +014.4512 +010.4372 +001.9685 -109.2237 +000.5333 -013.2989 0
L1 06    172 +015.9769 -000.8276 -004.1354 +167.9024 +088.1515 -009.7591 0
L1 07    172 +016.1352 -000.7778 -005.2696 +087.3733 +016.5850 -087.6644 0
L1 08    172 +016.0858 -000.7483 -005.9344 -104.1845 -081.1254 +102.2857 0
L1 01    176 +016.0712 +000.1444 +001.3482 -083.4800 +001.5232 +002.0833 0
L1 02    176 +005.3066 +006.9152 +001.7007 -152.5979 -002.9758 -158.4328 0
L1 03    176 +016.1825 -000.5720 -000.8322 -090.1657 +002.4650 +092.3284 0
L1 04    176 +008.4121 +008.0406 +001.7753 -030.6742 -000.6062 +000.3781 0
L1 05    176 +014.4511 +010.4372 +001.9688 -109.2238 +000.5330 -013.2964 0
L1 06    176 +015.9770 -000.8275 -004.1353 +167.8694 +088.1509 -009.7920 0
L1 07    176 +016.1353 -000.7780 -005.2694 +087.3717 +016.5863 -087.6662 0
L1 08    176 +016.0858 -000.7482 -005.9344 -104.1801 -081.1253 +102.2812 0
L1 01    180 +016.0712 +000.1443 +001.3481 -083.4802 +001.5230 +002.0827 0
L1 02    180 +005.3066 +006.9152 +001.7007 -152.5977 -002.9757 -158.4327 0
L1 03    180 +016.1825 -000.5720 -000.8323 -090.1651 +002.4646 +092.3276 0
L1 04    180 +008.4121 +008.0406 +001.7753 -030.6739 -000.6061 +000.3783 0
L1 05    180 +014.4512 +010.4373 +001.9684 -109.2221 +000.5316 -013.2988 0
L1 06    180 +015.9769 -000.8277 -004.1353 +167.8832 +088.1519 -009.7772 0
L1 07    180 +016.1354 -000.7776 -005.2693 +087.3746 +016.5854 -087.6669 0
L1 08    180 +016.0859 -000.7482 -005.9343 -104.1847 -081.1250 +102.2862 0
L1 01    184 +016.0712 +000.1441 +001.3480 -083.4816 +001.5228 +002.0819 0
L1 02    184 +005.3066 +006.9152 +001.7008 -152.5981 -002.9755 -158.4330 0
L1 03    184 +016.1825 -000.5721 -000.8322 -090.1661 +002.4638 +092.3282 0
L1 04    184 +008.4121 +008.0406 +001.7753 -030.6740 -000.6062 +000.3784 0
L1 05    184 +014.4514 +010.4369 +001.9689 -109.2249 +000.5340 -013.2976 0
L1 06    184 +015.9770 -000.8274 -004.1353 +167.9039 +088.1517 -009.7592 0
L1 07    184 +016.1352 -000.7778 -005.2697 +087.3753 +016.5857 -087.6646 0
L1 08    184 +016.0859 -000.7485 -005.9341 -104.1966 -081.1259 +102.2971 0
L1 01    188 +016.0712 +000.1444 +001.3481 -083.4794 +001.5227 +002.0828 0
L1 02    188 +005.3066 +006.9152 +001.7007 -152.5977 -002.9757 -158.4329 0
L1 03    188 +016.1825 -000.5718 -000.8323 -090.1637 +002.4642 +092.3279 0
L1 04    188 +008.4121 +008.0406 +001.7753 -030.6738 -000.6064 +000.3786 0
L1 05    188 +014.4512 +010.4373 +001.9683 -109.2213 +000.5316 -013.2984 0
L1 06    188 +015.9770 -000.8276 -004.1353 +167.8469 +088.1514 -009.8150 0
L1 07    188 +016.1351 -000.7776 -005.2699 +087.3767 +016.5855 -087.6628 0
L1 08    188 +016.0859 -000.7483 -005.9342 -104.1906 -081.1255 +102.2922 0
L1 01    192 +016.0712 +000.1445 +001.3483 -083.4787 +001.5223 +002.0842 0
L1 02    192 +005.3066 +006.9152 +001.7008 -152.5979 -002.9756 -158.4330 0
L1 03    192 +016.1825 -000.5719 -000.8323 -090.1649 +002.4645 +092.3281 0
L1 04    192 +008.4120 +008.0406 +001.7753 -030.6738 -000.6063 +000.3785 0
L1 05    192 +014.4512 +010.4374 +001.9682 -109.2216 +000.5312 -013.2985 0
L1 06    192 +015.9768 -000.8278 -004.1355 +167.8769 +088.1505 -009.7835 0
L1 07    192 +016.1352 -000.7777 -005.2698 +087.3767 +016.5863 -087.6635 0
L1 08    192 +016.0858 -000.7483 -005.9342 -104.1893 -081.1251 +102.2909 0
L1 01    196 +016.0712 +000.1445 +001.3480 -083.4787 +001.5237 +002.0813 0
L1 02    196 +005.3066 +006.9152 +001.7008 -152.5977 -002.9755 -158.4330 0
L1 03    196 +016.1825 -000.5719 -000.8323 -090.1641 +002.4647 +092.3277 0
L1 04    196 +008.4120 +008.0407 +001.7753 -030.6726 -000.6067 +000.3780 0
L1 05    196 +014.4509 +010.4378 +001.9683 -109.2197 +000.5314 -013.2978 0
L1 06    196 +015.9768 -000.8273 -004.1355 +167.8596 +088.1504 -009.8033 0
L1 07    196 +016.1352 -000.7777 -005.2699 +087.3763 +016.5848 -087.6633 0
L1 08    196 +016.0859 -000.7482 -005.9342 -104.1879 -081.1247 +102.2903 0
L1 01    200 +016.0712 +000.1445 +001.3480 -083.4786 +001.5228 +002.0818 0
L1 02    200 +005.3066 +006.9152 +001.7007 -152.5976 -002.9756 -158.4329 0
L1 03    200 +016.1825 -000.5719 -000.8323 -090.1641 +002.4651 +092.3278 0
L1 04    200 +008.4120 +008.0407 +001.7753 -030.6726 -000.6065 +000.3782 0
L1 05    200 +014.4513 +010.4373 +001.9684 -109.2227 +000.5320 -013.2993 0
L1 06    200 +015.9770 -000.8273 -004.1352 +167.8606 +088.1524 -009.8031 0
L1 07    200 +016.1352 -000.7770 -005.2699 +087.3808 +016.5849 -087.6629 0
L1 08    200 +016.0859 -000.7478 -005.9343 -104.1805 -081.1240 +102.2844 0
L1 01    204 +016.0712 +000.1445 +001.3481 -083.4788 +001.5226 +002.0828 0
L1 02    204 +005.3066 +006.9153 +001.7008 -152.5972 -002.9755 -158.4327 0
L1 03    204 +016.1826 -000.5719 -000.8322 -090.1642 +002.4651 +092.3284 0
L1 04    204 +008.4120 +008.0407 +001.7753 -030.6730 -000.6064 +000.3783 0
L1 05    204 +014.4512 +010.4372 +001.9685 -109.2225 +000.5319 -013.2973 0
L1 06    204 +015.9769 -000.8276 -004.1355 +167.8514 +088.1507 -009.8100 0
L1 07    204 +016.1353 -000.7771 -005.2696 +087.3793 +016.5842 -087.6652 0
L1 08    204 +016.0859 -000.7480 -005.9342 -104.1868 -081.1244 +102.2897 0
L1 01    208 +016.0712 +000.1446 +001.3486 -083.4767 +001.5213 +002.0870 0
L1 02    208 +005.3066 +006.9152 +001.7008 -152.5973 -002.9754 -158.4328 0
L1 03    208 +016.1826 -000.5717 -000.8321 -090.1624 +002.4645 +092.3295 0
L1 04    208 +008.4120 +008.0407 +001.7753 -030.6731 -000.6065 +000.3784 0
L1 05    208 +014.4511 +010.4375 +001.9684 -109.2205 +000.5320 -013.2990 0
L1 06    208 +015.9769 -000.8276 -004.1354 +167.8564 +088.1510 -009.8050 0
L1 07    208 +016.1352 -000.7772 -005.2696 +087.3782 +016.5845 -087.6652 0
L1 08    208 +016.0859 -000.7480 -005.9341 -104.1863 -081.1232 +102.2898 0
L1 01    212 +016.0712 +000.1443 +001.3481 -083.4799 +001.5217 +002.0827 0
L1 02    212 +005.3066 +006.9152 +001.7007 -152.5976 -002.9756 -158.4328 0
L1 03    212 +016.1826 -000.5718 -000.8323 -090.1640 +002.4641 +092.3278 0
L1 04    212 +008.4120 +008.0406 +001.7754 -030.6737 -000.6065 +000.3788 0
L1 05    212 +014.4512 +010.4373 +001.9682 -109.2219 +000.5318 -013.2984 0
L1 06    212 +015.9770 -000.8275 -004.1355 +167.8775 +088.1511 -009.7851 0
L1 07    212 +016.1354 -000.7776 -005.2692 +087.3749 +016.5854 -087.6676 0
L1 08    212 +016.0859 -000.7481 -005.9343 -104.1856 -081.1247 +102.2885 0
L1 01    216 +016.0713 +000.1443 +001.3480 -083.4802 +001.5226 +002.0817 0
L1 02    216 +005.3066 +006.9152 +001.7007 -152.5977 -002.9755 -158.4330 0
L1 03    216 +016.1826 -000.5719 -000.8323 -090.1644 +002.4646 +092.3281 0
L1 04    216 +008.4121 +008.0406 +001.7753 -030.6738 -000.6062 +000.3781 0
L1 05    216 +014.4512 +010.4373 +001.9680 -109.2222 +000.5304 -013.2987 0
L1 06    216 +015.9770 -000.8280 -004.1354 +167.8687 +088.1510 -009.7907 0
L1 07    216 +016.1352 -000.7777 -005.2697 +087.3753 +016.5858 -087.6643 0
L1 08    216 +016.0858 -000.7480 -005.9344 -104.1796 -081.1249 +102.2832 0
L1 01    220 +016.0712 +000.1442 +001.3482 -083.4807 +001.5222 +002.0832 0
L1 02    220 +005.3066 +006.9152 +001.7008 -152.5978 -002.9754 -158.4330 0
L1 03    220 +016.1826 -000.5718 -000.8323 -090.1645 +002.4643 +092.3282 0
L1 04    220 +008.4121 +008.0406 +001.7753 -030.6738 -000.6062 +000.3784 0
L1 05    220 +014.4511 +010.4375 +001.9681 -109.2212 +000.5305 -013.2995 0
L1 06    220 +015.9768 -000.8279 -004.1356 +167.8776 +088.1495 -009.7821 0
L1 07    220 +016.1352 -000.7779 -005.2697 +087.3745 +016.5877 -087.6647 0
L1 08    220 +016.0858 -000.7480 -005.9343 -104.1794 -081.1238 +102.2824 0
L1 01    224 +016.0712 +000.1444 +001.3484 -083.4797 +001.5228 +002.0852 0
L1 02    224 +005.3066 +006.9152 +001.7008 -152.5980 -002.9753 -158.4330 0
L1 03    224 +016.1825 -000.5719 -000.8323 -090.1650 +002.4646 +092.3283 0
L1 04    224 +008.4121 +008.0405 +001.7753 -030.6746 -000.6064 +000.3788 0
L1 05    224 +014.4515 +010.4370 +001.9680 -109.2249 +000.5296 -013.3005 0
L1 06    224 +015.9769 -000.8275 -004.1354 +167.8416 +088.1508 -009.8196 0
L1 07    224 +016.1354 -000.7774 -005.2694 +087.3760 +016.5856 -087.6665 0
L1 08    224 +016.0858 -000.7483 -005.9343 -104.1790 -081.1246 +102.2809 0
L1 01    228 +016.0713 +000.1442 +001.3485 -083.4805 +001.5219 +002.0861 0
L1 02    228 +005.3066 +006.9152 +001.7007 -152.5986 -002.9755 -158.4329 0
L1 03    228 +016.1825 -000.5719 -000.8321 -090.1653 +002.4636 +092.3293 0
L1 04    228 +008.4121 +008.0406 +001.7753 -030.6743 -000.6062 +000.3787 0
L1 05    228 +014.4515 +010.4368 +001.9686 -109.2271 +000.5334 -013.2983 0
L1 06    228 +015.9769 -000.8278 -004.1356 +167.8994 +088.1504 -009.7609 0
L1 07    228 +016.1353 -000.7773 -005.2696 +087.3767 +016.5859 -087.6648 0
L1 08    228 +016.0859 -000.7483 -005.9342 -104.1868 -081.1248 +102.2880 0
L1 01    232 +016.0712 +000.1442 +001.3484 -083.4810 +001.5218 +002.0853 0
L1 02    232 +005.3066 +006.9152 +001.7008 -152.5984 -002.9752 -158.4329 0
L1 03    232 +016.1825 -000.5720 -000.8321 -090.1658 +002.4637 +092.3295 0
L1 04    232 +008.4121 +008.0405 +001.7753 -030.6744 -000.6065 +000.3787 0
L1 05    232 +014.4515 +010.4367 +001.9686 -109.2263 +000.5337 -013.2981 0
L1 06    232 +015.9769 -000.8280 -004.1352 +167.9067 +088.1531 -009.7523 0
L1 07    232 +016.1353 -000.7778 -005.2699 +087.3745 +016.5877 -087.6634 0
L1 08    232 +016.0859 -000.7484 -005.9341 -104.1911 -081.1254 +102.2917 0
L1 01    236 +016.0713 +000.1445 +001.3481 -083.4786 +001.5217 +002.0831 0
L1 02    236 +005.3066 +006.9152 +001.7008 -152.5980 -002.9754 -158.4328 0
L1 03    236 +016.1825 -000.5719 -000.8321 -090.1643 +002.4642 +092.3293 0
L1 04    236 +008.4121 +008.0406 +001.7753 -030.6740 -000.6065 +000.3783 0
L1 05    236 +014.4510 +010.4374 +001.9694 -109.2207 +000.5363 -013.2937 0
L1 06    236 +015.9770 -000.8279 -004.1351 +167.9148 +088.1529 -009.7452 0
L1 07    236 +016.1353 -000.7770 -005.2699 +087.3799 +016.5856 -087.6632 0
L1 08    236 +016.0859 -000.7481 -005.9342 -104.1875 -081.1233 +102.2904 0
L1 01    240 +016.0713 +000.1445 +001.3483 -083.4787 +001.5227 +002.0843 0
L1 02    240 +005.3066 +006.9152 +001.7007 -152.5979 -002.9755 -158.4329 0
L1 03    240 +016.1826 -000.5719 -000.8321 -090.1650 +002.4649 +092.3291 0
L1 04    240 +008.4121 +008.0406 +001.7753 -030.6739 -000.6064 +000.3784 0
L1 05    240 +014.4511 +010.4374 +001.9685 -109.2218 +000.5317 -013.2969 0
L1 06    240 +015.9770 -000.8275 -004.1353 +167.8743 +088.1526 -009.7875 0
L1 07    240 +016.1353 -000.7771 -005.2697 +087.3778 +016.5844 -087.6642 0
L1 08    240 +016.0858 -000.7481 -005.9343 -104.1805 -081.1240 +102.2829 0
L1 01    244 +016.0712 +000.1446 +001.3482 -083.4779 +001.5227 +002.0834 0
L1 02    244 +005.3066 +006.9152 +001.7007 -152.5975 -002.9756 -158.4328 0
L1 03    244 +016.1826 -000.5717 -000.8323 -090.1624 +002.4656 +092.3271 0
L1 04    244 +008.4120 +008.0406 +001.7753 -030.6736 -000.6063 +000.3779 0
L1 05    244 +014.4512 +010.4373 +001.9683 -109.2226 +000.5304 -013.2980 0
L1 06    244 +015.9770 -000.8272 -004.1352 +167.8185 +088.1523 -009.8459 0
L1 07    244 +016.1352 -000.7776 -005.2698 +087.3752 +016.5852 -087.6638 0
L1 08    244 +016.0858 -000.7478 -005.9346 -104.1657 -081.1231 +102.2697 0
L1 01    248 +016.0712 +000.1443 +001.3482 -083.4804 +001.5233 +002.0834 0
L1 02    248 +005.3066 +006.9152 +001.7008 -152.5977 -002.9755 -158.4331 0
L1 03    248 +016.1826 -000.5719 -000.8322 -090.1650 +002.4653 +092.3286 0
L1 04    248 +008.4121 +008.0406 +001.7753 -030.6737 -000.6063 +000.3783 0
L1 05    248 +014.4519 +010.4364 +001.9684 -109.2296 +000.5334 -013.3014 0
L1 06    248 +015.9769 -000.8275 -004.1354 +167.8722 +088.1511 -009.7899 0
L1 07    248 +016.1354 -000.7775 -005.2693 +087.3751 +016.5867 -087.6669 0
L1 08    248 +016.0859 -000.7483 -005.9341 -104.1895 -081.1240 +102.2904 0
L1 01    252 +016.0712 +000.1444 +001.3483 -083.4799 +001.5226 +002.0840 0
L1 02    252 +005.3066 +006.9152 +001.7007 -152.5980 -002.9757 -158.4329 0
L1 03    252 +016.1826 -000.5720 -000.8322 -090.1659 +002.4646 +092.3283 0
L1 04    252 +008.4120 +008.0406 +001.7753 -030.6738 -000.6064 +000.3785 0
L1 05    252 +014.4513 +010.4371 +001.9683 -109.2242 +000.5328 -013.2988 0
L1 06    252 +015.9769 -000.8278 -004.1352 +167.8456 +088.1522 -009.8141 0
L1 07    252 +016.1352 -000.7778 -005.2699 +087.3746 +016.5865 -087.6634 0
L1 08    252 +016.0859 -000.7483 -005.9340 -104.1954 -081.1242 +102.2966 0
L1 01    256 +016.0712 +000.1444 +001.3482 -083.4793 +001.5217 +002.0842 0
L1 02    256 +005.3066 +006.9152 +001.7007 -152.5977 -002.9756 -158.4328 0
L1 03    256 +016.1825 -000.5719 -000.8322 -090.1647 +002.4638 +092.3289 0
L1 04    256 +008.4121 +008.0406 +001.7753 -030.6739 -000.6062 +000.3783 0
L1 05    256 +014.4517 +010.4368 +001.9683 -109.2264 +000.5317 -013.2999 0
L1 06    256 +015.9770 -000.8279 -004.1353 +167.8689 +088.1519 -009.7907 0
L1 07    256 +016.1352 -000.7775 -005.2698 +087.3760 +016.5872 -087.6638 0
L1 08    256 +016.0859 -000.7483 -005.9340 -104.1971 -081.1249 +102.2988 0
L1 01    260 +016.0712 +000.1444 +001.3482 -083.4791 +001.5217 +002.0846 0
L1 02    260 +005.3066 +006.9152 +001.7007 -152.5978 -002.9757 -158.4327 0
L1 03    260 +016.1825 -000.5720 -000.8321 -090.1657 +002.4630 +092.3294 0
L1 04    260 +008.4121 +008.0405 +001.7753 -030.6746 -000.6063 +000.3785 0
L1 05    260 +014.4516 +010.4369 +001.9683 -109.2262 +000.5327 -013.2994 0
L1 06    260 +015.9770 -000.8281 -004.1353 +167.8722 +088.1525 -009.7867 0
L1 07    260 +016.1353 -000.7778 -005.2698 +087.3752 +016.5886 -087.6647 0
L1 08    260 +016.0860 -000.7484 -005.9341 -104.1962 -081.1257 +102.2977 0
L1 01    264 +016.0712 +000.1444 +001.3481 -083.4799 +001.5214 +002.0835 0
L1 02    264 +005.3066 +006.9152 +001.7007 -152.5979 -002.9758 -158.4327 0
L1 03    264 +016.1826 -000.5721 -000.8321 -090.1657 +002.4629 +092.3291 0
L1 04    264 +008.4121 +008.0406 +001.7753 -030.6741 -000.6061 +000.3784 0
L1 05    264 +014.4516 +010.4368 +001.9683 -109.2267 +000.5328 -013.2987 0
L1 06    264 +015.9770 -000.8277 -004.1354 +167.8802 +088.1522 -009.7812 0
L1 07    264 +016.1354 -000.7780 -005.2694 +087.3741 +016.5894 -087.6677 0
L1 08    264 +016.0859 -000.7486 -005.9342 -104.1952 -081.1260 +102.2961 0
L1 01    268 +016.0712 +000.1443 +001.3481 -083.4803 +001.5214 +002.0829 0
L1 02    268 +005.3066 +006.9152 +001.7007 -152.5981 -002.9756 -158.4328 0
L1 03    268 +016.1826 -000.5720 -000.8322 -090.1656 +002.4627 +092.3283 0
L1 04    268 +008.4121 +008.0406 +001.7753 -030.6739 -000.6061 +000.3785 0
L1 05    268 +014.4512 +010.4373 +001.9682 -109.2226 +000.5318 -013.2980 0
L1 06    268 +015.9771 -000.8278 -004.1352 +167.8389 +088.1527 -009.8216 0
L1 07    268 +016.1354 -000.7776 -005.2694 +087.3768 +016.5893 -087.6662 0
L1 08    268 +016.0859 -000.7485 -005.9343 -104.1884 -081.1254 +102.2893 0
L1 01    272 +016.0712 +000.1444 +001.3480 -083.4793 +001.5216 +002.0823 0
L1 02    272 +005.3066 +006.9152 +001.7007 -152.5981 -002.9757 -158.4330 0
L1 03    272 +016.1826 -000.5718 -000.8321 -090.1638 +002.4636 +092.3287 0
L1 04    272 +008.4120 +008.0406 +001.7753 -030.6736 -000.6062 +000.3784 0
L1 05    272 +014.4512 +010.4375 +001.9680 -109.2206 +000.5310 -013.3004 0
L1 06    272 +015.9770 -000.8276 -004.1356 +167.8537 +088.1503 -009.8079 0
L1 07    272 +016.1354 -000.7774 -005.2694 +087.3781 +016.5872 -087.6668 0
L1 08    272 +016.0859 -000.7484 -005.9343 -104.1861 -081.1238 +102.2881 0
L1 01    276 +016.0712 +000.1444 +001.3480 -083.4795 +001.5215 +002.0825 0
L1 02    276 +005.3066 +006.9152 +001.7007 -152.5979 -002.9757 -158.4330 0
L1 03    276 +016.1826 -000.5718 -000.8321 -090.1639 +002.4637 +092.3291 0
L1 04    276 +008.4120 +008.0406 +001.7753 -030.6737 -000.6062 +000.3785 0
L1 05    276 +014.4512 +010.4372 +001.9683 -109.2222 +000.5311 -013.2991 0
L1 06    276 +015.9770 -000.8276 -004.1352 +167.8470 +088.1524 -009.8145 0
L1 07    276 +016.1354 -000.7776 -005.2693 +087.3750 +016.5866 -087.6663 0
L1 08    276 +016.0859 -000.7483 -005.9342 -104.1884 -081.1240 +102.2906 0
L1 01    280 +016.0713 +000.1446 +001.3483 -083.4776 +001.5217 +002.0840 0
L1 02    280 +005.3066 +006.9152 +001.7008 -152.5979 -002.9754 -158.4332 0
L1 03    280 +016.1826 -000.5716 -000.8322 -090.1623 +002.4636 +092.3286 0
L1 04    280 +008.4120 +008.0407 +001.7753 -030.6732 -000.6064 +000.3785 0
L1 05    280 +014.4514 +010.4372 +001.9683 -109.2221 +000.5308 -013.2996 0
L1 06    280 +015.9769 -000.8274 -004.1356 +167.8305 +088.1500 -009.8333 0
L1 07    280 +016.1353 -000.7779 -005.2698 +087.3762 +016.5869 -087.6638 0
L1 08    280 +016.0859 -000.7481 -005.9344 -104.1784 -081.1235 +102.2823 0
L1 01    284 +016.0712 +000.1445 +001.3483 -083.4783 +001.5211 +002.0850 0
L1 02    284 +005.3066 +006.9152 +001.7007 -152.5975 -002.9758 -158.4328 0
L1 03    284 +016.1826 -000.5717 -000.8321 -090.1639 +002.4637 +092.3296 0
L1 04    284 +008.4121 +008.0406 +001.7753 -030.6743 -000.6062 +000.3788 0
L1 05    284 +014.4512 +010.4373 +001.9683 -109.2225 +000.5310 -013.3002 0
L1 06    284 +015.9769 -000.8278 -004.1354 +167.8610 +088.1517 -009.8000 0
L1 07    284 +016.1352 -000.7776 -005.2699 +087.3767 +016.5875 -087.6633 0
L1 08    284 +016.0859 -000.7483 -005.9342 -104.1869 -081.1239 +102.2892 0
L1 01    288 +016.0713 +000.1443 +001.3485 -083.4794 +001.5214 +002.0869 0
L1 02    288 +005.3066 +006.9152 +001.7007 -152.5976 -002.9761 -158.4326 0
L1 03    288 +016.1826 -000.5719 -000.8321 -090.1651 +002.4634 +092.3296 0
L1 04    288 +008.4120 +008.0406 +001.7753 -030.6737 -000.6064 +000.3786 0
L1 05    288 +014.4512 +010.4372 +001.9681 -109.2239 +000.5302 -013.2999 0
L1 06    288 +015.9770 -000.8280 -004.1353 +167.8470 +088.1521 -009.8119 0
L1 07    288 +016.1352 -000.7775 -005.2698 +087.3763 +016.5874 -087.6640 0
L1 08    288 +016.0858 -000.7484 -005.9344 -104.1811 -081.1246 +102.2826 0
L1 01    292 +016.0713 +000.1443 +001.3485 -083.4795 +001.5204 +002.0866 0
L1 02    292 +005.3066 +006.9152 +001.7007 -152.5974 -002.9758 -158.4326 0
L1 03    292 +016.1826 -000.5718 -000.8321 -090.1637 +002.4632 +092.3298 0
L1 04    292 +008.4120 +008.0406 +001.7753 -030.6733 -000.6063 +000.3784 0
L1 05    292 +014.4514 +010.4368 +001.9686 -109.2258 +000.5329 -013.2998 0
L1 06    292 +015.9770 -000.8279 -004.1350 +167.8453 +088.1544 -009.8142 0
L1 07    292 +016.1350 -000.7778 -005.2702 +087.3750 +016.5884 -087.6620 0
L1 08    292 +016.0859 -000.7485 -005.9343 -104.1867 -081.1246 +102.2879 0
L1 01    296 +016.0713 +000.1442 +001.3482 -083.4808 +001.5215 +002.0839 0
L1 02    296 +005.3066 +006.9152 +001.7007 -152.5974 -002.9759 -158.4327 0
L1 03    296 +016.1825 -000.5720 -000.8321 -090.1656 +002.4632 +092.3294 0
L1 04    296 +008.4120 +008.0406 +001.7753 -030.6733 -000.6062 +000.3781 0
L1 05    296 +014.4514 +010.4370 +001.9681 -109.2242 +000.5307 -013.3000 0
L1 06    296 +015.9770 -000.8279 -004.1353 +167.8788 +088.1531 -009.7804 0
L1 07    296 +016.1352 -000.7779 -005.2697 +087.3730 +016.5881 -087.6650 0
L1 08    296 +016.0859 -000.7486 -005.9342 -104.1899 -081.1249 +102.2894 0
L1 01    300 +016.0713 +000.1443 +001.3483 -083.4802 +001.5216 +002.0846 0
L1 02    300 +005.3066 +006.9152 +001.7007 -152.5973 -002.9759 -158.4327 0
L1 03    300 +016.1826 -000.5721 -000.8322 -090.1661 +002.4638 +092.3288 0
L1 04    300 +008.4120 +008.0406 +001.7752 -030.6733 -000.6061 +000.3779 0
L1 05    300 +014.4513 +010.4373 +001.9684 -109.2231 +000.5306 -013.2995 0
L1 06    300 +015.9769 -000.8280 -004.1356 +167.8565 +088.1516 -009.8019 0
L1 07    300 +016.1352 -000.7783 -005.2698 +087.3712 +016.5892 -087.6649 0
L1 08    300 +016.0858 -000.7487 -005.9344 -104.1849 -081.1251 +102.2842 0
L1 01    304 +016.0713 +000.1442 +001.3482 -083.4811 +001.5214 +002.0839 0
L1 02    304 +005.3066 +006.9152 +001.7007 -152.5977 -002.9760 -158.4327 0
L1 03    304 +016.1826 -000.5722 -000.8322 -090.1679 +002.4634 +092.3281 0
L1 04    304 +008.4120 +008.0406 +001.7752 -030.6737 -000.6063 +000.3777 0
L1 05    304 +014.4514 +010.4372 +001.9678 -109.2241 +000.5278 -013.3016 0
L1 06    304 +015.9769 -000.8281 -004.1355 +167.8684 +088.1511 -009.7891 0
L1 07    304 +016.1352 -000.7782 -005.2697 +087.3717 +016.5886 -087.6647 0
L1 08    304 +016.0859 -000.7488 -005.9344 -104.1821 -081.1255 +102.2805 0
L1 01    308 +016.0713 +000.1445 +001.3484 -083.4789 +001.5217 +002.0852 0
L1 02    308 +005.3066 +006.9152 +001.7007 -152.5974 -002.9757 -158.4327 0
L1 03    308 +016.1825 -000.5722 -000.8323 -090.1669 +002.4646 +092.3286 0
L1 04    308 +008.4120 +008.0406 +001.7752 -030.6739 -000.6062 +000.3778 0
L1 05    308 +014.4517 +010.4366 +001.9685 -109.2268 +000.5319 -013.2996 0
L1 06    308 +015.9770 -000.8281 -004.1355 +167.8453 +088.1515 -009.8121 0
L1 07    308 +016.1352 -000.7779 -005.2697 +087.3731 +016.5883 -087.6650 0
L1 08    308 +016.0858 -000.7485 -005.9344 -104.1811 -081.1246 +102.2813 0
L1 01    312 +016.0713 +000.1444 +001.3484 -083.4798 +001.5209 +002.0851 0
L1 02    312 +005.3066 +006.9152 +001.7007 -152.5974 -002.9760 -158.4325 0
L1 03    312 +016.1826 -000.5721 -000.8322 -090.1658 +002.4639 +092.3289 0
L1 04    312 +008.4120 +008.0406 +001.7753 -030.6734 -000.6063 +000.3782 0
L1 05    312 +014.4513 +010.4373 +001.9681 -109.2225 +000.5295 -013.2994 0
L1 06    312 +015.9769 -000.8279 -004.1354 +167.8456 +088.1512 -009.8134 0
L1 07    312 +016.1352 -000.7780 -005.2697 +087.3726 +016.5891 -087.6661 0
L1 08    312 +016.0858 -000.7485 -005.9345 -104.1800 -081.1244 +102.2806 0
L1 01    316 +016.0713 +000.1445 +001.3485 -083.4790 +001.5211 +002.0867 0
L1 02    316 +005.3066 +006.9152 +001.7007 -152.5975 -002.9757 -158.4325 0
L1 03    316 +016.1826 -000.5721 -000.8321 -090.1662 +002.4634 +092.3299 0
L1 04    316 +008.4120 +008.0406 +001.7752 -030.6735 -000.6064 +000.3781 0
L1 05    316 +014.4513 +010.4373 +001.9680 -109.2224 +000.5290 -013.2995 0
L1 06    316 +015.9769 -000.8278 -004.1354 +167.8694 +088.1518 -009.7909 0
L1 07    316 +016.1352 -000.7782 -005.2696 +087.3717 +016.5902 -087.6659 0
L1 08    316 +016.0859 -000.7485 -005.9343 -104.1852 -081.1250 +102.2862 0
L1 01    320 +016.0713 +000.1445 +001.3485 -083.4781 +001.5206 +002.0857 0
L1 02    320 +005.3066 +006.9152 +001.7007 -152.5973 -002.9757 -158.4324 0
L1 03    320 +016.1826 -000.5718 -000.8322 -090.1632 +002.4634 +092.3291 0
L1 04    320 +008.4119 +008.0407 +001.7753 -030.6725 -000.6066 +000.3780 0
L1 05    320 +014.4513 +010.4374 +001.9679 -109.2209 +000.5277 -013.3004 0
L1 06    320 +015.9769 -000.8277 -004.1354 +167.8277 +088.1508 -009.8344 0
L1 07    320 +016.1352 -000.7780 -005.2696 +087.3742 +016.5895 -087.6661 0
L1 08    320 +016.0858 -000.7484 -005.9345 -104.1775 -081.1238 +102.2794 0
L1 01    324 +016.0713 +000.1444 +001.3482 -083.4787 +001.5213 +002.0838 0
L1 02    324 +005.3066 +006.9152 +001.7007 -152.5978 -002.9758 -158.4327 0
L1 03    324 +016.1826 -000.5719 -000.8321 -090.1640 +002.4637 +092.3291 0
L1 04    324 +008.4120 +008.0407 +001.7753 -030.6726 -000.6065 +000.3779 0
L1 05    324 +014.4514 +010.4371 +001.9679 -109.2230 +000.5290 -013.3012 0
L1 06    324 +015.9769 -000.8276 -004.1355 +167.8520 +088.1509 -009.8107 0
L1 07    324 +016.1353 -000.7778 -005.2696 +087.3749 +016.5889 -087.6663 0
L1 08    324 +016.0858 -000.7482 -005.9344 -104.1752 -081.1233 +102.2779 0
L1 01    328 +016.0713 +000.1444 +001.3482 -083.4788 +001.5212 +002.0835 0
L1 02    328 +005.3066 +006.9152 +001.7007 -152.5977 -002.9758 -158.4326 0
L1 03    328 +016.1826 -000.5719 -000.8322 -090.1641 +002.4633 +092.3289 0
L1 04    328 +008.4120 +008.0407 +001.7752 -030.6726 -000.6065 +000.3777 0
L1 05    328 +014.4509 +010.4377 +001.9685 -109.2201 +000.5312 -013.2986 0
L1 06    328 +015.9770 -000.8279 -004.1352 +167.8546 +088.1520 -009.8066 0
L1 07    328 +016.1353 -000.7781 -005.2697 +087.3743 +016.5905 -087.6661 0
L1 08    328 +016.0858 -000.7484 -005.9345 -104.1768 -081.1236 +102.2789 0
L1 01    332 +016.0712 +000.1443 +001.3480 -083.4799 +001.5210 +002.0814 0
L1 02    332 +005.3066 +006.9152 +001.7007 -152.5978 -002.9760 -158.4326 0
L1 03    332 +016.1826 -000.5720 -000.8322 -090.1650 +002.4632 +092.3285 0
L1 04    332 +008.4120 +008.0406 +001.7752 -030.6730 -000.6064 +000.3778 0
L1 05    332 +014.4510 +010.4375 +001.9681 -109.2205 +000.5297 -013.3008 0
L1 06    332 +015.9770 -000.8280 -004.1349 +167.8832 +088.1544 -009.7770 0
L1 07    332 +016.1353 -000.7781 -005.2698 +087.3747 +016.5915 -087.6646 0
L1 08    332 +016.0859 -000.7486 -005.9343 -104.1877 -081.1244 +102.2885 0
L1 01    336 +016.0712 +000.1444 +001.3482 -083.4787 +001.5209 +002.0830 0
L1 02    336 +005.3066 +006.9152 +001.7007 -152.5977 -002.9760 -158.4326 0
L1 03    336 +016.1826 -000.5718 -000.8321 -090.1633 +002.4632 +092.3290 0
L1 04    336 +008.4120 +008.0407 +001.7753 -030.6728 -000.6066 +000.3781 0
L1 05    336 +014.4510 +010.4376 +001.9680 -109.2199 +000.5304 -013.3012 0
L1 06    336 +015.9769 -000.8276 -004.1354 +167.8292 +088.1510 -009.8328 0
L1 07    336 +016.1353 -000.7778 -005.2696 +087.3756 +016.5895 -087.6653 0
L1 08    336 +016.0859 -000.7484 -005.9343 -104.1839 -081.1232 +102.2858 0
L1 01    340 +016.0713 +000.1443 +001.3483 -083.4803 +001.5214 +002.0840 0
L1 02    340 +005.3066 +006.9152 +001.7007 -152.5980 -002.9761 -158.4327 0
L1 03    340 +016.1826 -000.5719 -000.8322 -090.1651 +002.4633 +092.3290 0
L1 04    340 +008.4120 +008.0406 +001.7753 -030.6736 -000.6063 +000.3782 0
L1 05    340 +014.4512 +010.4373 +001.9682 -109.2220 +000.5316 -013.3012 0
L1 06    340 +015.9769 -000.8279 -004.1353 +167.8403 +088.1516 -009.8190 0
L1 07    340 +016.1353 -000.7778 -005.2696 +087.3750 +016.5903 -087.6658 0
L1 08    340 +016.0858 -000.7486 -005.9343 -104.1849 -081.1245 +102.2849 0
L1 01    344 +016.0713 +000.1442 +001.3482 -083.4802 +001.5212 +002.0833 0
L1 02    344 +005.3066 +006.9152 +001.7007 -152.5974 -002.9757 -158.4326 0
L1 03    344 +016.1826 -000.5720 -000.8322 -090.1652 +002.4627 +092.3286 0
L1 04    344 +008.4120 +008.0406 +001.7752 -030.6733 -000.6064 +000.3781 0
L1 05    344 +014.4510 +010.4375 +001.9677 -109.2205 +000.5282 -013.3020 0
L1 06    344 +015.9769 -000.8277 -004.1353 +167.8051 +088.1519 -009.8563 0
L1 07    344 +016.1351 -000.7776 -005.2699 +087.3757 +016.5907 -087.6638 0
L1 08    344 +016.0858 -000.7485 -005.9343 -104.1846 -081.1236 +102.2854 0
L1 01    348 +016.0713 +000.1443 +001.3480 -083.4796 +001.5212 +002.0825 0
L1 02    348 +005.3066 +006.9152 +001.7007 -152.5973 -002.9757 -158.4326 0
L1 03    348 +016.1826 -000.5719 -000.8322 -090.1647 +002.4634 +092.3287 0
L1 04    348 +008.4120 +008.0406 +001.7753 -030.6733 -000.6064 +000.3782 0
L1 05    348 +014.4513 +010.4373 +001.9678 -109.2228 +000.5286 -013.3021 0
L1 06    348 +015.9769 -000.8280 -004.1354 +167.8544 +088.1520 -009.8053 0
L1 07    348 +016.1352 -000.7776 -005.2699 +087.3755 +016.5892 -087.6636 0
L1 08    348 +016.0858 -000.7485 -005.9343 -104.1859 -081.1236 +102.2868 0
L1 01    352 +016.0713 +000.1443 +001.3481 -083.4796 +001.5211 +002.0833 0
L1 02    352 +005.3066 +006.9152 +001.7007 -152.5975 -002.9756 -158.4327 0
L1 03    352 +016.1826 -000.5721 -000.8321 -090.1656 +002.4636 +092.3297 0
L1 04    352 +008.4120 +008.0406 +001.7752 -030.6735 -000.6064 +000.3782 0
L1 05    352 +014.4515 +010.4369 +001.9683 -109.2253 +000.5321 -013.2999 0
L1 06    352 +015.9769 -000.8279 -004.1355 +167.8602 +088.1506 -009.8000 0
L1 07    352 +016.1352 -000.7779 -005.2698 +087.3746 +016.5897 -087.6641 0
L1 08    352 +016.0858 -000.7485 -005.9343 -104.1870 -081.1244 +102.2879 0
L1 01    356 +016.0712 +000.1443 +001.3481 -083.4799 +001.5202 +002.0826 0
L1 02    356 +005.3066 +006.9152 +001.7007 -152.5976 -002.9756 -158.4327 0
L1 03    356 +016.1826 -000.5719 -000.8322 -090.1641 +002.4630 +092.3283 0
L1 04    356 +008.4120 +008.0407 +001.7752 -030.6728 -000.6065 +000.3780 0
L1 05    356 +014.4514 +010.4372 +001.9682 -109.2230 +000.5314 -013.3007 0
L1 06    356 +015.9769 -000.8278 -004.1355 +167.8449 +088.1499 -009.8163 0
L1 07    356 +016.1354 -000.7778 -005.2694 +087.3756 +016.5889 -087.6669 0
L1 08    356 +016.0858 -000.7484 -005.9343 -104.1807 -081.1233 +102.2826 0
L1 01    360 +016.0713 +000.1444 +001.3482 -083.4787 +001.5207 +002.0837 0
L1 02    360 +005.3066 +006.9152 +001.7007 -152.5974 -002.9755 -158.4325 0
L1 03    360 +016.1826 -000.5719 -000.8320 -090.1642 +002.4633 +092.3298 0
L1 04    360 +008.4120 +008.0406 +001.7752 -030.6730 -000.6065 +000.3779 0
L1 05    360 +014.4513 +010.4372 +001.9686 -109.2229 +000.5335 -013.2997 0
L1 06    360 +015.9769 -000.8280 -004.1353 +167.8507 +088.1515 -009.8088 0
L1 07    360 +016.1351 -000.7777 -005.2699 +087.3763 +016.5901 -087.6636 0
L1 08    360 +016.0858 -000.7485 -005.9342 -104.1837 -081.1235 +102.2853 0
L1 01    364 +016.0713 +000.1446 +001.3481 -083.4773 +001.5207 +002.0837 0
L1 02    364 +005.3066 +006.9152 +001.7007 -152.5975 -002.9757 -158.4324 0
L1 03    364 +016.1826 -000.5720 -000.8320 -090.1645 +002.4631 +092.3297 0
L1 04    364 +008.4120 +008.0407 +001.7752 -030.6728 -000.6065 +000.3777 0
L1 05    364 +014.4513 +010.4373 +001.9685 -109.2224 +000.5317 -013.2992 0
L1 06    364 +015.9769 -000.8280 -004.1354 +167.8433 +088.1509 -009.8168 0
L1 07    364 +016.1353 -000.7775 -005.2694 +087.3772 +016.5898 -087.6661 0
L1 08    364 +016.0858 -000.7484 -005.9342 -104.1853 -081.1228 +102.2875 0
L1 01    368 +016.0713 +000.1446 +001.3483 -083.4779 +001.5205 +002.0852 0
L1 02    368 +005.3066 +006.9152 +001.7007 -152.5974 -002.9757 -158.4326 0
L1 03    368 +016.1826 -000.5721 -000.8319 -090.1653 +002.4629 +092.3302 0
L1 04    368 +008.4120 +008.0406 +001.7753 -030.6729 -000.6066 +000.3784 0
L1 05    368 +014.4511 +010.4374 +001.9684 -109.2207 +000.5321 -013.2988 0
L1 06    368 +015.9769 -000.8280 -004.1355 +167.8681 +088.1505 -009.7913 0
L1 07    368 +016.1354 -000.7781 -005.2691 +087.3744 +016.5907 -087.6678 0
L1 08    368 +016.0858 -000.7485 -005.9342 -104.1845 -081.1232 +102.2860 0
L1 01    372 +016.0712 +000.1445 +001.3483 -083.4775 +001.5199 +002.0846 0
L1 02    372 +005.3066 +006.9152 +001.7007 -152.5973 -002.9759 -158.4325 0
L1 03    372 +016.1826 -000.5718 -000.8321 -090.1636 +002.4632 +092.3288 0
L1 04    372 +008.4120 +008.0407 +001.7753 -030.6726 -000.6067 +000.3782 0
L1 05    372 +014.4510 +010.4377 +001.9682 -109.2198 +000.5300 -013.2987 0
L1 06    372 +015.9769 -000.8281 -004.1354 +167.8470 +088.1511 -009.8124 0
L1 07    372 +016.1352 -000.7780 -005.2695 +087.3749 +016.5908 -087.6660 0
L1 08    372 +016.0859 -000.7483 -005.9342 -104.1856 -081.1221 +102.2883 0
L1 01    376 +016.0713 +000.1446 +001.3484 -083.4779 +001.5206 +002.0854 0
L1 02    376 +005.3066 +006.9152 +001.7007 -152.5974 -002.9759 -158.4326 0
L1 03    376 +016.1826 -000.5720 -000.8321 -090.1652 +002.4632 +092.3294 0
L1 04    376 +008.4120 +008.0406 +001.7753 -030.6733 -000.6064 +000.3782 0
L1 05    376 +014.4510 +010.4376 +001.9683 -109.2204 +000.5309 -013.2993 0
L1 06    376 +015.9769 -000.8280 -004.1352 +167.8575 +088.1521 -009.8015 0
L1 07    376 +016.1354 -000.7782 -005.2692 +087.3724 +016.5921 -087.6685 0
L1 08    376 +016.0858 -000.7485 -005.9342 -104.1850 -081.1233 +102.2862 0
L1 01    380 +016.0712 +000.1447 +001.3483 -083.4775 +001.5212 +002.0848 0
L1 02    380 +005.3066 +006.9152 +001.7007 -152.5976 -002.9759 -158.4325 0
L1 03    380 +016.1826 -000.5724 -000.8323 -090.1677 +002.4627 +092.3282 0
L1 04    380 +008.4120 +008.0406 +001.7752 -030.6733 -000.6063 +000.3779 0
L1 05    380 +014.4511 +010.4374 +001.9683 -109.2215 +000.5311 -013.2998 0
L1 06    380 +015.9770 -000.8284 -004.1351 +167.8820 +088.1535 -009.7746 0
L1 07    380 +016.1353 -000.7783 -005.2695 +087.3728 +016.5925 -087.6658 0
L1 08    380 +016.0859 -000.7488 -005.9343 -104.1898 -081.1244 +102.2895 0
L1 01    384 +016.0712 +000.1444 +001.3481 -083.4792 +001.5202 +002.0828 0
L1 02    384 +005.3066 +006.9152 +001.7007 -152.5976 -002.9759 -158.4326 0
L1 03    384 +016.1826 -000.5721 -000.8323 -090.1656 +002.4624 +092.3281 0
L1 04    384 +008.4120 +008.0407 +001.7752 -030.6728 -000.6064 +000.3776 0
L1 05    384 +014.4514 +010.4371 +001.9684 -109.2236 +000.5312 -013.2985 0
L1 06    384 +015.9770 -000.8280 -004.1351 +167.8114 +088.1539 -009.8483 0
L1 07    384 +016.1353 -000.7779 -005.2694 +087.3746 +016.5918 -087.6658 0
L1 08    384 +016.0859 -000.7485 -005.9341 -104.1909 -081.1230 +102.2934 0
L1 01    388 +016.0713 +000.1443 +001.3483 -083.4797 +001.5202 +002.0843 0
L1 02    388 +005.3066 +006.9152 +001.7007 -152.5976 -002.9759 -158.4325 0
L1 03    388 +016.1825 -000.5721 -000.8321 -090.1658 +002.4624 +092.3290 0
L1 04    388 +008.4120 +008.0407 +001.7752 -030.6729 -000.6064 +000.3777 0
L1 05    388 +014.4509 +010.4378 +001.9679 -109.2188 +000.5291 -013.3010 0
L1 06    388 +015.9770 -000.8280 -004.1350 +167.8369 +088.1540 -009.8232 0
L1 07    388 +016.1352 -000.7781 -005.2696 +087.3731 +016.5930 -087.6652 0
L1 08    388 +016.0858 -000.7485 -005.9342 -104.1869 -081.1232 +102.2884 0
L1 01    392 +016.0713 +000.1445 +001.3482 -083.4777 +001.5207 +002.0839 0
L1 02    392 +005.3066 +006.9153 +001.7007 -152.5971 -002.9758 -158.4322 0
L1 03    392 +016.1826 -000.5719 -000.8321 -090.1639 +002.4634 +092.3293 0
L1 04    392 +008.4120 +008.0407 +001.7753 -030.6729 -000.6065 +000.3781 0
L1 05    392 +014.4509 +010.4379 +001.9676 -109.2173 +000.5284 -013.3026 0
L1 06    392 +015.9770 -000.8278 -004.1349 +167.8068 +088.1545 -009.8551 0
L1 07    392 +016.1353 -000.7779 -005.2694 +087.3738 +016.5913 -087.6670 0
L1 08    392 +016.0859 -000.7483 -005.9342 -104.1843 -081.1222 +102.2874 0
L1 01    396 +016.0712 +000.1444 +001.3482 -083.4791 +001.5205 +002.0831 0
L1 02    396 +005.3066 +006.9153 +001.7007 -152.5972 -002.9757 -158.4326 0
L1 03    396 +016.1825 -000.5719 -000.8322 -090.1643 +002.4626 +092.3284 0
L1 04    396 +008.4120 +008.0406 +001.7752 -030.6731 -000.6064 +000.3779 0
L1 05    396 +014.4515 +010.4371 +001.9682 -109.2230 +000.5317 -013.3008 0
L1 06    396 +015.9769 -000.8278 -004.1354 +167.8278 +088.1507 -009.8334 0
L1 07    396 +016.1353 -000.7778 -005.2695 +087.3750 +016.5902 -087.6663 0
L1 08    396 +016.0858 -000.7484 -005.9343 -104.1798 -081.1229 +102.2821 0
L1 01    400 +016.0713 +000.1445 +001.3481 -083.4783 +001.5201 +002.0825 0
L1 02    400 +005.3066 +006.9153 +001.7007 -152.5970 -002.9755 -158.4327 0
L1 03    400 +016.1826 -000.5720 -000.8323 -090.1645 +002.4625 +092.3281 0
L1 04    400 +008.4119 +008.0407 +001.7752 -030.6724 -000.6066 +000.3779 0
L1 05    400 +014.4512 +010.4374 +001.9679 -109.2212 +000.5293 -013.3008 0
L1 06    400 +015.9769 -000.8278 -004.1355 +167.8518 +088.1505 -009.8097 0
L1 07    400 +016.1352 -000.7782 -005.2697 +087.3736 +016.5916 -087.6652 0
L1 08    400 +016.0858 -000.7483 -005.9344 -104.1779 -081.1226 +102.2813 0
L1 01    404 +016.0713 +000.1442 +001.3479 -083.4802 +001.5198 +002.0806 0
L1 02    404 +005.3066 +006.9152 +001.7007 -152.5975 -002.9758 -158.4326 0
L1 03    404 +016.1826 -000.5720 -000.8322 -090.1645 +002.4633 +092.3282 0
L1 04    404 +008.4120 +008.0407 +001.7752 -030.6726 -000.6065 +000.3776 0
L1 05    404 +014.4517 +010.4372 +001.9679 -109.2236 +000.5288 -013.2987 0
L1 06    404 +015.9769 -000.8281 -004.1354 +167.7990 +088.1496 -009.8619 0
L1 07    404 +016.1354 -000.7780 -005.2695 +087.3741 +016.5908 -087.6667 0
L1 08    404 +016.0858 -000.7481 -005.9343 -104.1793 -081.1223 +102.2832 0
L1 01    408 +016.0712 +000.1445 +001.3481 -083.4781 +001.5206 +002.0816 0
L1 02    408 +005.3066 +006.9152 +001.7007 -152.5976 -002.9757 -158.4326 0
L1 03    408 +016.1826 -000.5720 -000.8322 -090.1644 +002.4635 +092.3281 0
L1 04    408 +008.4120 +008.0407 +001.7752 -030.6723 -000.6064 +000.3776 0
L1 05    408 +014.4513 +010.4375 +001.9679 -109.2207 +000.5300 -013.3008 0
L1 06    408 +015.9769 -000.8280 -004.1352 +167.8250 +088.1525 -009.8359 0
L1 07    408 +016.1354 -000.7780 -005.2694 +087.3746 +016.5887 -087.6662 0
L1 08    408 +016.0858 -000.7481 -005.9343 -104.1788 -081.1225 +102.2831 0
L1 01    412 +016.0712 +000.1443 +001.3481 -083.4798 +001.5205 +002.0824 0
L1 02    412 +005.3066 +006.9152 +001.7007 -152.5977 -002.9758 -158.4325 0
L1 03    412 +016.1826 -000.5721 -000.8322 -090.1659 +002.4631 +092.3283 0
L1 04    412 +008.4120 +008.0406 +001.7752 -030.6733 -000.6064 +000.3780 0
L1 05    412 +014.4511 +010.4376 +001.9681 -109.2196 +000.5298 -013.3011 0
L1 06    412 +015.9769 -000.8282 -004.1351 +167.8218 +088.1528 -009.8367 0
L1 07    412 +016.1352 -000.7779 -005.2698 +087.3751 +016.5908 -087.6635 0
L1 08    412 +016.0859 -000.7483 -005.9342 -104.1829 -081.1231 +102.2851 0
L1 01    416 +016.0712 +000.1442 +001.3482 -083.4803 +001.5190 +002.0828 0
L1 02    416 +005.3066 +006.9152 +001.7007 -152.5976 -002.9758 -158.4326 0
L1 03    416 +016.1826 -000.5720 -000.8322 -090.1653 +002.4624 +092.3285 0
L1 04    416 +008.4120 +008.0406 +001.7752 -030.6729 -000.6065 +000.3780 0
L1 05    416 +014.4511 +010.4375 +001.9680 -109.2195 +000.5302 -013.3009 0
L1 06    416 +015.9769 -000.8279 -004.1354 +167.8205 +088.1518 -009.8400 0
L1 07    416 +016.1352 -000.7774 -005.2699 +087.3775 +016.5901 -087.6630 0
L1 08    416 +016.0858 -000.7483 -005.9343 -104.1810 -081.1226 +102.2836 0
L1 01    420 +016.0712 +000.1442 +001.3483 -083.4801 +001.5199 +002.0835 0
L1 02    420 +005.3066 +006.9152 +001.7007 -152.5976 -002.9756 -158.4325 0
L1 03    420 +016.1825 -000.5719 -000.8321 -090.1647 +002.4623 +092.3287 0
L1 04    420 +008.4120 +008.0407 +001.7752 -030.6728 -000.6065 +000.3780 0
L1 05    420 +014.4517 +010.4368 +001.9680 -109.2248 +000.5300 -013.3019 0
L1 06    420 +015.9769 -000.8278 -004.1352 +167.8322 +088.1524 -009.8288 0
L1 07    420 +016.1352 -000.7778 -005.2698 +087.3752 +016.5924 -087.6645 0
L1 08    420 +016.0858 -000.7485 -005.9343 -104.1814 -081.1235 +102.2831 0
L1 01    424 +016.0712 +000.1443 +001.3481 -083.4796 +001.5201 +002.0822 0
L1 02    424 +005.3066 +006.9152 +001.7007 -152.5976 -002.9756 -158.4327 0
L1 03    424 +016.1826 -000.5719 -000.8322 -090.1640 +002.4621 +092.3286 0
L1 04    424 +008.4120 +008.0407 +001.7753 -030.6727 -000.6064 +000.3780 0
L1 05    424 +014.4512 +010.4374 +001.9681 -109.2211 +000.5306 -013.3012 0
L1 06    424 +015.9768 -000.8278 -004.1357 +167.8517 +088.1496 -009.8090 0
L1 07    424 +016.1352 -000.7775 -005.2699 +087.3777 +016.5912 -087.6634 0
L1 08    424 +016.0858 -000.7485 -005.9342 -104.1858 -081.1230 +102.2882 0
L1 01    428 +016.0713 +000.1445 +001.3481 -083.4781 +001.5204 +002.0823 0
L1 02    428 +005.3066 +006.9152 +001.7007 -152.5973 -002.9755 -158.4327 0
L1 03    428 +016.1825 -000.5720 -000.8323 -090.1646 +002.4619 +092.3277 0
L1 04    428 +008.4120 +008.0407 +001.7753 -030.6728 -000.6066 +000.3781 0
L1 05    428 +014.4512 +010.4375 +001.9681 -109.2201 +000.5299 -013.3010 0
L1 06    428 +015.9769 -000.8279 -004.1354 +167.8409 +088.1511 -009.8198 0
L1 07    428 +016.1352 -000.7778 -005.2697 +087.3754 +016.5927 -087.6646 0
L1 08    428 +016.0858 -000.7485 -005.9342 -104.1829 -081.1228 +102.2851 0
L1 01    432 +016.0713 +000.1445 +001.3482 -083.4778 +001.5194 +002.0832 0
L1 02    432 +005.3066 +006.9153 +001.7007 -152.5971 -002.9756 -158.4326 0
L1 03    432 +016.1826 -000.5719 -000.8322 -090.1633 +002.4619 +092.3282 0
L1 04    432 +008.4120 +008.0407 +001.7753 -030.6726 -000.6067 +000.3780 0
L1 05    432 +014.4512 +010.4375 +001.9679 -109.2195 +000.5293 -013.3022 0
L1 06    432 +015.9769 -000.8278 -004.1355 +167.8340 +088.1503 -009.8272 0
L1 07    432 +016.1353 -000.7779 -005.2695 +087.3748 +016.5916 -087.6664 0
L1 08    432 +016.0858 -000.7483 -005.9343 -104.1781 -081.1217 +102.2818 0
L1 01    436 +016.0713 +000.1444 +001.3482 -083.4787 +001.5204 +002.0832 0
L1 02    436 +005.3066 +006.9152 +001.7007 -152.5976 -002.9755 -158.4327 0
L1 03    436 +016.1825 -000.5719 -000.8323 -090.1644 +002.4626 +092.3275 0
L1 04    436 +008.4120 +008.0407 +001.7753 -030.6726 -000.6065 +000.3778 0
L1 05    436 +014.4514 +010.4371 +001.9684 -109.2228 +000.5305 -013.3000 0
L1 06    436 +015.9769 -000.8282 -004.1354 +167.8353 +088.1510 -009.8239 0
L1 07    436 +016.1351 -000.7787 -005.2699 +087.3714 +016.5921 -087.6635 0
L1 08    436 +016.0858 -000.7484 -005.9343 -104.1796 -081.1230 +102.2820 0
L1 01    440 +016.0712 +000.1444 +001.3482 -083.4785 +001.5202 +002.0834 0
L1 02    440 +005.3066 +006.9152 +001.7007 -152.5976 -002.9754 -158.4327 0
L1 03    440 +016.1825 -000.5719 -000.8322 -090.1647 +002.4632 +092.3284 0
L1 04    440 +008.4120 +008.0407 +001.7752 -030.6727 -000.6064 +000.3779 0
L1 05    440 +014.4514 +010.4371 +001.9683 -109.2223 +000.5305 -013.2990 0
L1 06    440 +015.9769 -000.8282 -004.1352 +167.7959 +088.1522 -009.8626 0
L1 07    440 +016.1351 -000.7781 -005.2697 +087.3739 +016.5916 -087.6642 0
L1 08    440 +016.0858 -000.7485 -005.9342 -104.1832 -081.1223 +102.2846 0
L1 01    444 +016.0712 +000.1444 +001.3483 -083.4791 +001.5206 +002.0835 0
L1 02    444 +005.3066 +006.9152 +001.7007 -152.5977 -002.9757 -158.4326 0
L1 03    444 +016.1825 -000.5720 -000.8322 -090.1651 +002.4634 +092.3282 0
L1 04    444 +008.4120 +008.0406 +001.7753 -030.6731 -000.6064 +000.3781 0
L1 05    444 +014.4515 +010.4370 +001.9679 -109.2238 +000.5293 -013.3009 0
L1 06    444 +015.9768 -000.8279 -004.1356 +167.8288 +088.1493 -009.8315 0
L1 07    444 +016.1353 -000.7781 -005.2691 +087.3735 +016.5924 -087.6678 0
L1 08    444 +016.0858 -000.7484 -005.9343 -104.1801 -081.1226 +102.2818 0
L1 01    448 +016.0713 +000.1442 +001.3484 -083.4798 +001.5206 +002.0844 0
L1 02    448 +005.3066 +006.9152 +001.7007 -152.5979 -002.9756 -158.4329 0
L1 03    448 +016.1825 -000.5719 -000.8320 -090.1648 +002.4630 +092.3297 0
L1 04    448 +008.4120 +008.0406 +001.7753 -030.6736 -000.6063 +000.3783 0
L1 05    448 +014.4515 +010.4370 +001.9678 -109.2244 +000.5290 -013.3032 0
L1 06    448 +015.9769 -000.8278 -004.1354 +167.8111 +088.1503 -009.8500 0
L1 07    448 +016.1352 -000.7781 -005.2697 +087.3739 +016.5917 -087.6645 0
L1 08    448 +016.0858 -000.7485 -005.9342 -104.1835 -081.1219 +102.2846 0
L1 01    452 +016.0713 +000.1445 +001.3483 -083.4774 +001.5204 +002.0843 0
L1 02    452 +005.3066 +006.9152 +001.7007 -152.5977 -002.9757 -158.4326 0
L1 03    452 +016.1825 -000.5720 -000.8321 -090.1649 +002.4630 +092.3289 0
L1 04    452 +008.4120 +008.0407 +001.7752 -030.6728 -000.6063 +000.3779 0
L1 05    452 +014.4514 +010.4372 +001.9681 -109.2230 +000.5293 -013.3017 0
L1 06    452 +015.9768 -000.8279 -004.1354 +167.8472 +088.1501 -009.8134 0
L1 07    452 +016.1352 -000.7777 -005.2700 +087.3775 +016.5928 -087.6634 0
L1 08    452 +016.0858 -000.7485 -005.9343 -104.1799 -081.1223 +102.2822 0
L1 01    456 +016.0713 +000.1445 +001.3483 -083.4775 +001.5198 +002.0840 0
L1 02    456 +005.3066 +006.9152 +001.7007 -152.5974 -002.9756 -158.4325 0
L1 03    456 +016.1825 -000.5719 -000.8321 -090.1643 +002.4625 +092.3288 0
L1 04    456 +008.4120 +008.0407 +001.7752 -030.6723 -000.6062 +000.3778 0
L1 05    456 +014.4511 +010.4375 +001.9680 -109.2192 +000.5294 -013.3024 0
L1 06    456 +015.9769 -000.8276 -004.1351 +167.8244 +088.1521 -009.8383 0
L1 07    456 +016.1353 -000.7775 -005.2697 +087.3777 +016.5918 -087.6641 0
L1 08    456 +016.0858 -000.7484 -005.9342 -104.1838 -081.1223 +102.2865 0
L1 01    460 +016.0713 +000.1446 +001.3485 -083.4769 +001.5202 +002.0855 0
L1 02    460 +005.3066 +006.9153 +001.7007 -152.5970 -002.9758 -158.4325 0
L1 03    460 +016.1825 -000.5719 -000.8322 -090.1641 +002.4631 +092.3284 0
L1 04    460 +008.4120 +008.0407 +001.7753 -030.6729 -000.6063 +000.3782 0
L1 05    460 +014.4510 +010.4377 +001.9683 -109.2191 +000.5295 -013.3011 0
L1 06    460 +015.9769 -000.8279 -004.1353 +167.8271 +088.1511 -009.8338 0
L1 07    460 +016.1353 -000.7777 -005.2696 +087.3753 +016.5912 -087.6661 0
L1 08    460 +016.0858 -000.7485 -005.9344 -104.1735 -081.1223 +102.2756 0
L1 01    464 +016.0713 +000.1446 +001.3484 -083.4776 +001.5205 +002.0850 0
L1 02    464 +005.3066 +006.9153 +001.7007 -152.5971 -002.9754 -158.4328 0
L1 03    464 +016.1825 -000.5720 -000.8322 -090.1651 +002.4630 +092.3281 0
L1 04    464 +008.4120 +008.0407 +001.7753 -030.6727 -000.6064 +000.3780 0
L1 05    464 +014.4514 +010.4371 +001.9685 -109.2236 +000.5310 -013.3012 0
L1 06    464 +015.9770 -000.8277 -004.1352 +167.7993 +088.1523 -009.8623 0
L1 07    464 +016.1353 -000.7775 -005.2693 +087.3759 +016.5908 -087.6677 0
L1 08    464 +016.0858 -000.7483 -005.9343 -104.1770 -081.1222 +102.2800 0
L1 01    468 +016.0713 +000.1445 +001.3482 -083.4776 +001.5205 +002.0834 0
L1 02    468 +005.3066 +006.9153 +001.7007 -152.5971 -002.9755 -158.4327 0
L1 03    468 +016.1825 -000.5719 -000.8321 -090.1642 +002.4633 +092.3284 0
L1 04    468 +008.4119 +008.0407 +001.7753 -030.6720 -000.6064 +000.3778 0
L1 05    468 +014.4511 +010.4376 +001.9680 -109.2197 +000.5294 -013.3018 0
L1 06    468 +015.9769 -000.8274 -004.1354 +167.7732 +088.1500 -009.8905 0
L1 07    468 +016.1353 -000.7779 -005.2693 +087.3736 +016.5911 -087.6675 0
L1 08    468 +016.0858 -000.7482 -005.9343 -104.1765 -081.1211 +102.2798 0
L1 01    472 +016.0713 +000.1443 +001.3484 -083.4798 +001.5208 +002.0843 0
L1 02    472 +005.3066 +006.9152 +001.7007 -152.5975 -002.9754 -158.4328 0
L1 03    472 +016.1825 -000.5721 -000.8322 -090.1659 +002.4637 +092.3282 0
L1 04    472 +008.4120 +008.0407 +001.7752 -030.6730 -000.6063 +000.3777 0
L1 05    472 +014.4510 +010.4377 +001.9678 -109.2198 +000.5282 -013.3023 0
L1 06    472 +015.9768 -000.8278 -004.1355 +167.7711 +088.1499 -009.8891 0
L1 07    472 +016.1351 -000.7773 -005.2698 +087.3776 +016.5927 -087.6641 0
L1 08    472 +016.0857 -000.7484 -005.9343 -104.1783 -081.1217 +102.2794 0
L1 01    476 +016.0713 +000.1443 +001.3481 -083.4793 +001.5212 +002.0826 0
L1 02    476 +005.3066 +006.9152 +001.7007 -152.5973 -002.9753 -158.4327 0
L1 03    476 +016.1826 -000.5719 -000.8323 -090.1650 +002.4640 +092.3276 0
L1 04    476 +008.4120 +008.0406 +001.7753 -030.6732 -000.6064 +000.3780 0
L1 05    476 +014.4513 +010.4374 +001.9682 -109.2206 +000.5303 -013.3025 0
L1 06    476 +015.9769 -000.8278 -004.1354 +167.7673 +088.1506 -009.8931 0
L1 07    476 +016.1351 -000.7770 -005.2701 +087.3790 +016.5911 -087.6626 0
L1 08    476 +016.0858 -000.7483 -005.9343 -104.1783 -081.1207 +102.2801 0
