L1 01      6 +016.0472 +000.1481 +001.3479 -083.5628 +001.4275 +002.0340 0
L1 02      6 +005.3066 +006.9153 +001.7008 -152.5969 -002.9748 -158.4332 0
L1 03      6 +016.1673 -000.5681 -000.8320 -089.9522 +002.4183 +092.3675 0
L1 04      6 +008.4120 +008.0406 +001.7755 -030.6732 -000.6062 +000.3807 0
L1 05      6 +014.4510 +010.4371 +001.9682 -109.2554 +000.5635 -013.2839 0
L1 06      6 +015.9647 -000.8279 -004.1351 +171.5029 +088.2045 -006.3659 0
L1 07      6 +016.1236 -000.7784 -005.2691 +087.5759 +016.4780 -087.6958 0
L1 08      6 +016.0747 -000.7501 -005.9338 -104.5018 -081.3237 +102.8028 0
L1 01     10 +016.0472 +000.1483 +001.3477 -083.5623 +001.4298 +002.0316 0
L1 02     10 +005.3066 +006.9153 +001.7007 -152.5972 -002.9751 -158.4333 0
L1 03     10 +016.1672 -000.5681 -000.8319 -089.9540 +002.4196 +092.3661 0
L1 04     10 +008.4119 +008.0407 +001.7755 -030.6726 -000.6063 +000.3803 0
L1 05     10 +014.4509 +010.4371 +001.9681 -109.2547 +000.5636 -013.2848 0
L1 06     10 +015.9647 -000.8277 -004.1349 +171.4320 +088.2009 -006.4369 0
L1 07     10 +016.1234 -000.7786 -005.2692 +087.5751 +016.4782 -087.6926 0
L1 08     10 +016.0745 -000.7499 -005.9339 -104.4828 -081.3225 +102.7836 0
L1 01     14 +016.0472 +000.1481 +001.3480 -083.5639 +001.4279 +002.0352 0
L1 02     14 +005.3066 +006.9153 +001.7008 -152.5969 -002.9749 -158.4338 0
L1 03     14 +016.1672 -000.5677 -000.8317 -089.9517 +002.4203 +092.3672 0
L1 04     14 +008.4120 +008.0406 +001.7755 -030.6730 -000.6062 +000.3806 0
L1 05     14 +014.4510 +010.4369 +001.9685 -109.2550 +000.5647 -013.2838 0
L1 06     14 +015.9647 -000.8276 -004.1350 +171.3986 +088.2016 -006.4709 0
L1 07     14 +016.1234 -000.7776 -005.2695 +087.5786 +016.4749 -087.6915 0
L1 08     14 +016.0744 -000.7495 -005.9340 -104.4666 -081.3175 +102.7690 0
L1 01     18 +016.0472 +000.1481 +001.3483 -083.5664 +001.4255 +002.0377 0
L1 02     18 +005.3066 +006.9153 +001.7007 -152.5974 -002.9750 -158.4344 0
L1 03     18 +016.1672 -000.5680 -000.8317 -089.9529 +002.4168 +092.3694 0
L1 04     18 +008.4120 +008.0406 +001.7755 -030.6732 -000.6060 +000.3806 0
L1 05     18 +014.4511 +010.4369 +001.9687 -109.2552 +000.5667 -013.2849 0
L1 06     18 +015.9647 -000.8279 -004.1352 +171.5252 +088.2019 -006.3446 0
L1 07     18 +016.1236 -000.7781 -005.2696 +087.5786 +016.4807 -087.6919 0
L1 08     18 +016.0746 -000.7500 -005.9339 -104.4844 -081.3228 +102.7872 0
L1 01     22 +016.0472 +000.1480 +001.3481 -083.5683 +001.4249 +002.0354 0
L1 02     22 +005.3066 +006.9153 +001.7007 -152.5975 -002.9753 -158.4333 0
L1 03     22 +016.1674 -000.5683 -000.8317 -089.9527 +002.4119 +092.3751 0
L1 04     22 +008.4120 +008.0406 +001.7755 -030.6734 -000.6061 +000.3805 0
L1 05     22 +014.4512 +010.4364 +001.9686 -109.2585 +000.5654 -013.2835 0
L1 06     22 +015.9652 -000.8284 -004.1351 +171.5977 +088.2092 -006.2720 0
L1 07     22 +016.1242 -000.7787 -005.2691 +087.5760 +016.4833 -087.7010 0
L1 08     22 +016.0754 -000.7511 -005.9339 -104.5329 -081.3282 +102.8360 0
L1 01     26 +016.0472 +000.1480 +001.3482 -083.5675 +001.4245 +002.0366 0
L1 02     26 +005.3066 +006.9153 +001.7007 -152.5972 -002.9755 -158.4320 0
L1 03     26 +016.1675 -000.5681 -000.8316 -089.9488 +002.4083 +092.3777 0
L1 04     26 +008.4120 +008.0406 +001.7756 -030.6733 -000.6063 +000.3808 0
L1 05     26 +014.4512 +010.4367 +001.9683 -109.2584 +000.5661 -013.2859 0
L1 06     26 +015.9654 -000.8292 -004.1355 +171.6876 +088.2109 -006.1810 0
L1 07     26 +016.1245 -000.7790 -005.2692 +087.5764 +016.4868 -087.7030 0
L1 08     26 +016.0757 -000.7509 -005.9338 -104.5549 -081.3280 +102.8619 0
L1 01     30 +016.0471 +000.1479 +001.3478 -083.5682 +001.4246 +002.0328 0
L1 02     30 +005.3066 +006.9153 +001.7007 -152.5969 -002.9751 -158.4322 0
L1 03     30 +016.1675 -000.5683 -000.8317 -089.9491 +002.4070 +092.3772 0
L1 04     30 +008.4120 +008.0406 +001.7755 -030.6732 -000.6062 +000.3805 0
L1 05     30 +014.4514 +010.4365 +001.9683 -109.2587 +000.5669 -013.2863 0
L1 06     30 +015.9656 -000.8290 -004.1351 +171.7013 +088.2128 -006.1704 0
L1 07     30 +016.1248 -000.7793 -005.2687 +087.5761 +016.4889 -087.7071 0
L1 08     30 +016.0758 -000.7512 -005.9337 -104.5662 -081.3276 +102.8732 0
L1 01     34 +016.0471 +000.1481 +001.3482 -083.5688 +001.4234 +002.0362 0
L1 02     34 +005.3066 +006.9153 +001.7007 -152.5972 -002.9754 -158.4333 0
L1 03     34 +016.1674 -000.5683 -000.8315 -089.9500 +002.4086 +092.3789 0
L1 04     34 +008.4120 +008.0406 +001.7755 -030.6736 -000.6060 +000.3806 0
L1 05     34 +014.4515 +010.4363 +001.9684 -109.2603 +000.5680 -013.2856 0
L1 06     34 +015.9654 -000.8290 -004.1352 +171.7314 +088.2114 -006.1389 0
L1 07     34 +016.1247 -000.7797 -005.2686 +087.5738 +016.4905 -087.7071 0
L1 08     34 +016.0756 -000.7514 -005.9338 -104.5591 -081.3300 +102.8634 0
L1 01     38 +016.0471 +000.1479 +001.3480 -083.5727 +001.4254 +002.0328 0
L1 02     38 +005.3066 +006.9153 +001.7007 -152.5971 -002.9752 -158.4342 0
L1 03     38 +016.1674 -000.5683 -000.8316 -089.9517 +002.4127 +092.3771 0
L1 04     38 +008.4120 +008.0405 +001.7755 -030.6742 -000.6060 +000.3806 0
L1 05     38 +014.4516 +010.4361 +001.9684 -109.2618 +000.5685 -013.2860 0
L1 06     38 +015.9654 -000.8284 -004.1352 +171.5603 +088.2100 -006.3109 0
L1 07     38 +016.1246 -000.7795 -005.2687 +087.5723 +016.4875 -087.7058 0
L1 08     38 +016.0756 -000.7506 -005.9338 -104.5458 -081.3220 +102.8501 0
L1 01     42 +016.0471 +000.1481 +001.3480 -083.5693 +001.4273 +002.0329 0
L1 02     42 +005.3066 +006.9153 +001.7007 -152.5967 -002.9753 -158.4340 0
L1 03     42 +016.1674 -000.5679 -000.8317 -089.9482 +002.4142 +092.3739 0
L1 04     42 +008.4119 +008.0407 +001.7755 -030.6727 -000.6063 +000.3805 0
L1 05     42 +014.4510 +010.4370 +001.9685 -109.2557 +000.5671 -013.2852 0
L1 06     42 +015.9653 -000.8278 -004.1349 +171.5179 +088.2095 -006.3569 0
L1 07     42 +016.1242 -000.7790 -005.2691 +087.5752 +016.4835 -087.7015 0
L1 08     42 +016.0750 -000.7501 -005.9342 -104.4952 -081.3171 +102.8031 0
L1 01     46 +016.0471 +000.1480 +001.3478 -083.5681 +001.4296 +002.0314 0
L1 02     46 +005.3066 +006.9153 +001.7007 -152.5968 -002.9755 -158.4335 0
L1 03     46 +016.1673 -000.5680 -000.8318 -089.9506 +002.4116 +092.3708 0
L1 04     46 +008.4119 +008.0406 +001.7756 -030.6729 -000.6064 +000.3807 0
L1 05     46 +014.4511 +010.4369 +001.9678 -109.2561 +000.5635 -013.2876 0
L1 06     46 +015.9648 -000.8282 -004.1352 +171.6369 +088.2057 -006.2345 0
L1 07     46 +016.1240 -000.7792 -005.2687 +087.5746 +016.4879 -087.7013 0
L1 08     46 +016.0747 -000.7508 -005.9339 -104.5007 -081.3246 +102.8040 0
L1 01     50 +016.0471 +000.1481 +001.3479 -083.5643 +001.4310 +002.0325 0
L1 02     50 +005.3066 +006.9153 +001.7007 -152.5971 -002.9755 -158.4330 0
L1 03     50 +016.1672 -000.5681 -000.8317 -089.9518 +002.4127 +092.3707 0
L1 04     50 +008.4120 +008.0406 +001.7755 -030.6732 -000.6061 +000.3803 0
L1 05     50 +014.4509 +010.4369 +001.9681 -109.2552 +000.5642 -013.2857 0
L1 06     50 +015.9648 -000.8286 -004.1351 +171.5687 +088.2051 -006.3001 0
L1 07     50 +016.1239 -000.7793 -005.2690 +087.5740 +016.4877 -087.6979 0
L1 08     50 +016.0747 -000.7505 -005.9340 -104.4941 -081.3238 +102.7978 0
L1 01     54 +016.0471 +000.1484 +001.3479 -083.5552 +001.4357 +002.0350 0
L1 02     54 +005.3066 +006.9153 +001.7007 -152.5971 -002.9754 -158.4328 0
L1 03     54 +016.1672 -000.5680 -000.8316 -089.9501 +002.4132 +092.3719 0
L1 04     54 +008.4119 +008.0407 +001.7755 -030.6728 -000.6062 +000.3807 0
L1 05     54 +014.4509 +010.4371 +001.9681 -109.2537 +000.5651 -013.2862 0
L1 06     54 +015.9650 -000.8282 -004.1350 +171.5518 +088.2065 -006.3199 0
L1 07     54 +016.1238 -000.7792 -005.2693 +087.5759 +016.4883 -087.6966 0
L1 08     54 +016.0749 -000.7504 -005.9338 -104.4999 -081.3211 +102.8063 0
L1 01     58 +016.0471 +000.1483 +001.3477 -083.5559 +001.4365 +002.0310 0
L1 02     58 +005.3066 +006.9153 +001.7008 -152.5975 -002.9752 -158.4333 0
L1 03     58 +016.1673 -000.5679 -000.8317 -089.9496 +002.4151 +092.3714 0
L1 04     58 +008.4119 +008.0407 +001.7755 -030.6727 -000.6063 +000.3804 0
L1 05     58 +014.4510 +010.4369 +001.9684 -109.2551 +000.5651 -013.2859 0
L1 06     58 +015.9650 -000.8278 -004.1350 +171.4508 +088.2065 -006.4221 0
L1 07     58 +016.1240 -000.7788 -005.2691 +087.5767 +016.4855 -087.6980 0
L1 08     58 +016.0750 -000.7497 -005.9339 -104.4933 -081.3179 +102.8010 0
L1 01     62 +016.0471 +000.1484 +001.3478 -083.5535 +001.4346 +002.0339 0
L1 02     62 +005.3066 +006.9153 +001.7007 -152.5971 -002.9754 -158.4339 0
L1 03     62 +016.1673 -000.5677 -000.8317 -089.9480 +002.4143 +092.3717 0
L1 04     62 +008.4119 +008.0407 +001.7755 -030.6727 -000.6062 +000.3803 0
L1 05     62 +014.4510 +010.4370 +001.9681 -109.2537 +000.5638 -013.2881 0
L1 06     62 +015.9651 -000.8281 -004.1350 +171.4844 +088.2065 -006.3878 0
L1 07     62 +016.1239 -000.7780 -005.2694 +087.5823 +016.4847 -087.6972 0
L1 08     62 +016.0750 -000.7500 -005.9339 -104.4937 -081.3176 +102.8016 0
L1 01     66 +016.0471 +000.1482 +001.3481 -083.5564 +001.4349 +002.0375 0
L1 02     66 +005.3066 +006.9153 +001.7007 -152.5968 -002.9754 -158.4338 0
L1 03     66 +016.1672 -000.5679 -000.8317 -089.9499 +002.4136 +092.3720 0
L1 04     66 +008.4120 +008.0406 +001.7755 -030.6735 -000.6059 +000.3806 0
L1 05     66 +014.4512 +010.4365 +001.9682 -109.2576 +000.5620 -013.2863 0
L1 06     66 +015.9649 -000.8285 -004.1351 +171.5343 +088.2065 -006.3343 0
L1 07     66 +016.1240 -000.7792 -005.2688 +087.5748 +016.4881 -087.7000 0
L1 08     66 +016.0750 -000.7505 -005.9339 -104.5017 -081.3192 +102.8054 0
L1 01     70 +016.0471 +000.1483 +001.3478 -083.5561 +001.4377 +002.0340 0
L1 02     70 +005.3066 +006.9153 +001.7007 -152.5965 -002.9754 -158.4329 0
L1 03     70 +016.1673 -000.5680 -000.8315 -089.9499 +002.4137 +092.3723 0
L1 04     70 +008.4120 +008.0406 +001.7755 -030.6732 -000.6061 +000.3803 0
L1 05     70 +014.4514 +010.4363 +001.9684 -109.2597 +000.5618 -013.2853 0
L1 06     70 +015.9650 -000.8284 -004.1350 +171.5228 +088.2058 -006.3480 0
L1 07     70 +016.1240 -000.7783 -005.2688 +087.5789 +016.4873 -087.7005 0
L1 08     70 +016.0749 -000.7503 -005.9340 -104.4895 -081.3174 +102.7947 0
L1 01     74 +016.0470 +000.1483 +001.3477 -083.5554 +001.4379 +002.0327 0
L1 02     74 +005.3065 +006.9153 +001.7007 -152.5958 -002.9754 -158.4324 0
L1 03     74 +016.1673 -000.5680 -000.8316 -089.9474 +002.4103 +092.3725 0
L1 04     74 +008.4119 +008.0407 +001.7755 -030.6720 -000.6064 +000.3799 0
L1 05     74 +014.4505 +010.4373 +001.9682 -109.2517 +000.5603 -013.2852 0
L1 06     74 +015.9651 -000.8283 -004.1348 +171.6288 +088.2082 -006.2453 0
L1 07     74 +016.1241 -000.7785 -005.2689 +087.5828 +016.4910 -087.7002 0
L1 08     74 +016.0750 -000.7508 -005.9340 -104.4971 -081.3191 +102.8037 0
L1 01     78 +016.0470 +000.1482 +001.3482 -083.5563 +001.4380 +002.0372 0
L1 02     78 +005.3066 +006.9153 +001.7007 -152.5974 -002.9756 -158.4330 0
L1 03     78 +016.1673 -000.5681 -000.8315 -089.9489 +002.4109 +092.3763 0
L1 04     78 +008.4120 +008.0406 +001.7755 -030.6737 -000.6059 +000.3800 0
L1 05     78 +014.4512 +010.4365 +001.9683 -109.2576 +000.5621 -013.2856 0
L1 06     78 +015.9654 -000.8287 -004.1345 +171.5487 +088.2127 -006.3225 0
L1 07     78 +016.1244 -000.7783 -005.2688 +087.5807 +016.4899 -087.7045 0
L1 08     78 +016.0753 -000.7508 -005.9340 -104.5099 -081.3189 +102.8162 0
L1 01     82 +016.0470 +000.1482 +001.3479 -083.5563 +001.4389 +002.0351 0
L1 02     82 +005.3066 +006.9153 +001.7007 -152.5967 -002.9754 -158.4334 0
L1 03     82 +016.1674 -000.5682 -000.8314 -089.9486 +002.4103 +092.3776 0
L1 04     82 +008.4120 +008.0406 +001.7755 -030.6739 -000.6060 +000.3801 0
L1 05     82 +014.4512 +010.4366 +001.9683 -109.2569 +000.5618 -013.2863 0
L1 06     82 +015.9654 -000.8285 -004.1347 +171.5694 +088.2132 -006.3038 0
L1 07     82 +016.1244 -000.7786 -005.2689 +087.5803 +016.4905 -087.7040 0
L1 08     82 +016.0754 -000.7509 -005.9339 -104.5164 -081.3185 +102.8238 0
L1 01     86 +016.0470 +000.1483 +001.3481 -083.5553 +001.4382 +002.0359 0
L1 02     86 +005.3066 +006.9153 +001.7007 -152.5963 -002.9754 -158.4335 0
L1 03     86 +016.1674 -000.5681 -000.8315 -089.9476 +002.4106 +092.3775 0
L1 04     86 +008.4119 +008.0406 +001.7755 -030.6729 -000.6061 +000.3804 0
L1 05     86 +014.4510 +010.4368 +001.9684 -109.2558 +000.5613 -013.2836 0
L1 06     86 +015.9655 -000.8286 -004.1348 +171.5684 +088.2123 -006.3050 0
L1 07     86 +016.1245 -000.7790 -005.2690 +087.5790 +016.4904 -087.7042 0
L1 08     86 +016.0756 -000.7508 -005.9338 -104.5240 -081.3169 +102.8333 0
L1 01     90 +016.0471 +000.1484 +001.3481 -083.5554 +001.4377 +002.0360 0
L1 02     90 +005.3066 +006.9153 +001.7007 -152.5968 -002.9752 -158.4334 0
L1 03     90 +016.1674 -000.5683 -000.8316 -089.9475 +002.4045 +092.3777 0
L1 04     90 +008.4119 +008.0406 +001.7755 -030.6732 -000.6060 +000.3803 0
L1 05     90 +014.4511 +010.4368 +001.9680 -109.2573 +000.5597 -013.2865 0
L1 06     90 +015.9655 -000.8291 -004.1351 +171.7462 +088.2118 -006.1267 0
L1 07     90 +016.1246 -000.7799 -005.2688 +087.5772 +016.5003 -087.7065 0
L1 08     90 +016.0755 -000.7521 -005.9340 -104.5309 -081.3237 +102.8390 0
L1 01     94 +016.0470 +000.1484 +001.3479 -083.5537 +001.4378 +002.0336 0
L1 02     94 +005.3066 +006.9153 +001.7008 -152.5967 -002.9751 -158.4331 0
L1 03     94 +016.1675 -000.5684 -000.8316 -089.9456 +002.3991 +092.3790 0
L1 04     94 +008.4119 +008.0406 +001.7755 -030.6731 -000.6062 +000.3804 0
L1 05     94 +014.4510 +010.4369 +001.9683 -109.2565 +000.5601 -013.2841 0
L1 06     94 +015.9658 -000.8296 -004.1347 +171.9052 +088.2179 -005.9697 0
L1 07     94 +016.1249 -000.7801 -005.2687 +087.5794 +016.5024 -087.7094 0
L1 08     94 +016.0759 -000.7524 -005.9337 -104.5636 -081.3275 +102.8750 0
L1 01     98 +016.0470 +000.1483 +001.3479 -083.5525 +001.4364 +002.0343 0
L1 02     98 +005.3066 +006.9153 +001.7008 -152.5970 -002.9752 -158.4330 0
L1 03     98 +016.1675 -000.5685 -000.8316 -089.9435 +002.3963 +092.3800 0
L1 04     98 +008.4119 +008.0406 +001.7755 -030.6732 -000.6060 +000.3803 0
L1 05     98 +014.4508 +010.4369 +001.9687 -109.2560 +000.5641 -013.2840 0
L1 06     98 +015.9659 -000.8298 -004.1349 +172.0021 +088.2174 -005.8739 0
L1 07     98 +016.1249 -000.7803 -005.2687 +087.5802 +016.5056 -087.7090 0
L1 08     98 +016.0760 -000.7526 -005.9337 -104.5732 -081.3285 +102.8844 0
L1 01    102 +016.0470 +000.1482 +001.3478 -083.5511 +001.4369 +002.0336 0
L1 02    102 +005.3066 +006.9153 +001.7007 -152.5968 -002.9755 -158.4331 0
L1 03    102 +016.1675 -000.5684 -000.8316 -089.9421 +002.3984 +092.3798 0
L1 04    102 +008.4119 +008.0406 +001.7755 -030.6730 -000.6060 +000.3804 0
L1 05    102 +014.4510 +010.4370 +001.9681 -109.2546 +000.5638 -013.2869 0
L1 06    102 +015.9658 -000.8294 -004.1346 +171.9033 +088.2181 -005.9755 0
L1 07    102 +016.1249 -000.7800 -005.2690 +087.5836 +016.5041 -087.7075 0
L1 08    102 +016.0760 -000.7522 -005.9337 -104.5614 -081.3258 +102.8751 0
L1 01    106 +016.0471 +000.1482 +001.3478 -083.5503 +001.4376 +002.0352 0
L1 02    106 +005.3066 +006.9153 +001.7007 -152.5967 -002.9753 -158.4336 0
L1 03    106 +016.1675 -000.5684 -000.8317 -089.9433 +002.4018 +092.3810 0
L1 04    106 +008.4119 +008.0406 +001.7756 -030.6730 -000.6060 +000.3809 0
L1 05    106 +014.4509 +010.4370 +001.9683 -109.2541 +000.5661 -013.2865 0
L1 06    106 +015.9659 -000.8296 -004.1347 +171.7971 +088.2184 -006.0789 0
L1 07    106 +016.1250 -000.7799 -005.2688 +087.5818 +016.5005 -087.7094 0
L1 08    106 +016.0761 -000.7518 -005.9338 -104.5598 -081.3215 +102.8732 0
L1 01    110 +016.0470 +000.1481 +001.3480 -083.5507 +001.4382 +002.0359 0
L1 02    110 +005.3066 +006.9153 +001.7008 -152.5969 -002.9749 -158.4343 0
L1 03    110 +016.1676 -000.5684 -000.8314 -089.9428 +002.4015 +092.3833 0
L1 04    110 +008.4119 +008.0406 +001.7755 -030.6734 -000.6060 +000.3808 0
L1 05    110 +014.4511 +010.4366 +001.9680 -109.2570 +000.5640 -013.2878 0
L1 06    110 +015.9661 -000.8296 -004.1345 +171.7411 +088.2200 -006.1353 0
L1 07    110 +016.1252 -000.7800 -005.2688 +087.5819 +016.5003 -087.7105 0
L1 08    110 +016.0763 -000.7518 -005.9338 -104.5625 -081.3214 +102.8778 0
L1 01    114 +016.0471 +000.1484 +001.3480 -083.5482 +001.4372 +002.0365 0
L1 02    114 +005.3066 +006.9153 +001.7007 -152.5969 -002.9755 -158.4337 0
L1 03    114 +016.1676 -000.5685 -000.8315 -089.9406 +002.3985 +092.3841 0
L1 04    114 +008.4119 +008.0407 +001.7755 -030.6726 -000.6061 +000.3804 0
L1 05    114 +014.4510 +010.4369 +001.9681 -109.2548 +000.5636 -013.2869 0
L1 06    114 +015.9661 -000.8299 -004.1347 +171.8490 +088.2203 -006.0282 0
L1 07    114 +016.1254 -000.7796 -005.2686 +087.5863 +016.5023 -087.7131 0
L1 08    114 +016.0764 -000.7520 -005.9338 -104.5675 -081.3237 +102.8854 0
L1 01    118 +016.0471 +000.1482 +001.3481 -083.5491 +001.4351 +002.0360 0
L1 02    118 +005.3066 +006.9153 +001.7007 -152.5970 -002.9756 -158.4331 0
L1 03    118 +016.1677 -000.5685 -000.8316 -089.9387 +002.3936 +092.3844 0
L1 04    118 +008.4119 +008.0406 +001.7755 -030.6731 -000.6061 +000.3801 0
L1 05    118 +014.4513 +010.4363 +001.9684 -109.2598 +000.5642 -013.2856 0
L1 06    118 +015.9662 -000.8303 -004.1349 +172.1120 +088.2223 -005.7675 0
L1 07    118 +016.1255 -000.7801 -005.2687 +087.5866 +016.5062 -087.7135 0
L1 08    118 +016.0766 -000.7533 -005.9337 -104.5970 -081.3294 +102.9138 0
L1 01    122 +016.0471 +000.1482 +001.3479 -083.5494 +001.4351 +002.0344 0
L1 02    122 +005.3066 +006.9153 +001.7007 -152.5969 -002.9755 -158.4326 0
L1 03    122 +016.1676 -000.5687 -000.8314 -089.9388 +002.3914 +092.3851 0
L1 04    122 +008.4120 +008.0406 +001.7755 -030.6733 -000.6061 +000.3802 0
L1 05    122 +014.4510 +010.4367 +001.9684 -109.2560 +000.5642 -013.2852 0
L1 06    122 +015.9661 -000.8298 -004.1354 +172.0960 +088.2174 -005.7881 0
L1 07    122 +016.1254 -000.7806 -005.2686 +087.5861 +016.5118 -087.7144 0
L1 08    122 +016.0765 -000.7531 -005.9337 -104.5935 -081.3293 +102.9119 0
L1 01    126 +016.0471 +000.1483 +001.3479 -083.5482 +001.4335 +002.0347 0
L1 02    126 +005.3066 +006.9153 +001.7007 -152.5968 -002.9755 -158.4330 0
L1 03    126 +016.1676 -000.5686 -000.8316 -089.9381 +002.3929 +092.3827 0
L1 04    126 +008.4119 +008.0406 +001.7755 -030.6729 -000.6061 +000.3801 0
L1 05    126 +014.4511 +010.4365 +001.9684 -109.2565 +000.5654 -013.2850 0
L1 06    126 +015.9662 -000.8300 -004.1346 +172.1041 +088.2213 -005.7796 0
L1 07    126 +016.1252 -000.7810 -005.2687 +087.5839 +016.5117 -087.7128 0
L1 08    126 +016.0764 -000.7531 -005.9335 -104.5961 -081.3283 +102.9120 0
L1 01    130 +016.0470 +000.1482 +001.3479 -083.5492 +001.4339 +002.0338 0
L1 02    130 +005.3066 +006.9153 +001.7007 -152.5968 -002.9756 -158.4333 0
L1 03    130 +016.1675 -000.5684 -000.8316 -089.9384 +002.3949 +092.3816 0
L1 04    130 +008.4119 +008.0406 +001.7755 -030.6727 -000.6063 +000.3804 0
L1 05    130 +014.4512 +010.4365 +001.9684 -109.2573 +000.5647 -013.2853 0
L1 06    130 +015.9659 -000.8298 -004.1348 +171.9934 +088.2189 -005.8895 0
L1 07    130 +016.1250 -000.7803 -005.2689 +087.5864 +016.5079 -087.7102 0
L1 08    130 +016.0761 -000.7524 -005.9338 -104.5653 -081.3256 +102.8833 0
L1 01    134 +016.0470 +000.1483 +001.3479 -083.5492 +001.4363 +002.0339 0
L1 02    134 +005.3066 +006.9153 +001.7007 -152.5968 -002.9758 -158.4335 0
L1 03    134 +016.1675 -000.5684 -000.8315 -089.9404 +002.3991 +092.3795 0
L1 04    134 +008.4119 +008.0406 +001.7755 -030.6730 -000.6062 +000.3804 0
L1 05    134 +014.4511 +010.4366 +001.9682 -109.2571 +000.5631 -013.2856 0
L1 06    134 +015.9658 -000.8296 -004.1350 +171.8204 +088.2147 -006.0584 0
L1 07    134 +016.1250 -000.7802 -005.2686 +087.5845 +016.5049 -087.7095 0
L1 08    134 +016.0758 -000.7522 -005.9339 -104.5364 -081.3223 +102.8522 0
L1 01    138 +016.0470 +000.1484 +001.3479 -083.5481 +001.4378 +002.0340 0
L1 02    138 +005.3065 +006.9153 +001.7007 -152.5965 -002.9756 -158.4333 0
L1 03    138 +016.1674 -000.5682 -000.8315 -089.9399 +002.4030 +092.3778 0
L1 04    138 +008.4119 +008.0407 +001.7755 -030.6725 -000.6062 +000.3803 0
L1 05    138 +014.4510 +010.4369 +001.9680 -109.2543 +000.5611 -013.2869 0
L1 06    138 +015.9654 -000.8286 -004.1357 +171.6896 +088.2060 -006.1921 0
L1 07    138 +016.1245 -000.7800 -005.2688 +087.5839 +016.5034 -087.7072 0
L1 08    138 +016.0754 -000.7516 -005.9339 -104.5109 -081.3162 +102.8259 0
L1 01    142 +016.0470 +000.1482 +001.3479 -083.5508 +001.4385 +002.0325 0
L1 02    142 +005.3066 +006.9153 +001.7007 -152.5968 -002.9754 -158.4333 0
L1 03    142 +016.1673 -000.5682 -000.8318 -089.9444 +002.4041 +092.3719 0
L1 04    142 +008.4119 +008.0406 +001.7755 -030.6728 -000.6060 +000.3800 0
L1 05    142 +014.4508 +010.4370 +001.9683 -109.2530 +000.5624 -013.2861 0
L1 06    142 +015.9651 -000.8289 -004.1354 +171.6807 +088.2068 -006.1956 0
L1 07    142 +016.1243 -000.7799 -005.2690 +087.5801 +016.5023 -087.7017 0
L1 08    142 +016.0750 -000.7516 -005.9342 -104.4884 -081.3174 +102.7991 0
L1 01    146 +016.0470 +000.1481 +001.3478 -083.5520 +001.4390 +002.0310 0
L1 02    146 +005.3066 +006.9152 +001.7007 -152.5973 -002.9754 -158.4333 0
L1 03    146 +016.1673 -000.5684 -000.8316 -089.9463 +002.4023 +092.3749 0
L1 04    146 +008.4120 +008.0406 +001.7755 -030.6738 -000.6060 +000.3804 0
L1 05    146 +014.4508 +010.4369 +001.9684 -109.2553 +000.5634 -013.2852 0
L1 06    146 +015.9652 -000.8289 -004.1354 +171.7265 +088.2071 -006.1503 0
L1 07    146 +016.1243 -000.7794 -005.2688 +087.5834 +016.5021 -087.7032 0
L1 08    146 +016.0752 -000.7520 -005.9339 -104.5110 -081.3184 +102.8209 0
L1 01    150 +016.0469 +000.1483 +001.3476 -083.5505 +001.4383 +002.0296 0
L1 02    150 +005.3066 +006.9153 +001.7007 -152.5968 -002.9755 -158.4329 0
L1 03    150 +016.1674 -000.5684 -000.8316 -089.9427 +002.4008 +092.3769 0
L1 04    150 +008.4119 +008.0407 +001.7755 -030.6726 -000.6061 +000.3800 0
L1 05    150 +014.4507 +010.4373 +001.9683 -109.2530 +000.5620 -013.2860 0
L1 06    150 +015.9653 -000.8289 -004.1351 +171.7174 +088.2106 -006.1615 0
L1 07    150 +016.1244 -000.7796 -005.2686 +087.5825 +016.5027 -087.7068 0
L1 08    150 +016.0755 -000.7518 -005.9338 -104.5184 -081.3180 +102.8321 0
L1 01    154 +016.0469 +000.1482 +001.3477 -083.5513 +001.4376 +002.0311 0
L1 02    154 +005.3066 +006.9153 +001.7007 -152.5969 -002.9754 -158.4330 0
L1 03    154 +016.1675 -000.5686 -000.8315 -089.9433 +002.3994 +092.3800 0
L1 04    154 +008.4119 +008.0406 +001.7755 -030.6731 -000.6061 +000.3803 0
L1 05    154 +014.4508 +010.4373 +001.9678 -109.2531 +000.5589 -013.2865 0
L1 06    154 +015.9658 -000.8298 -004.1347 +171.8594 +088.2198 -006.0176 0
L1 07    154 +016.1248 -000.7802 -005.2688 +087.5808 +016.5048 -087.7085 0
L1 08    154 +016.0759 -000.7521 -005.9339 -104.5413 -081.3196 +102.8560 0
L1 01    158 +016.0469 +000.1482 +001.3477 -083.5517 +001.4364 +002.0310 0
L1 02    158 +005.3066 +006.9153 +001.7007 -152.5968 -002.9755 -158.4328 0
L1 03    158 +016.1675 -000.5685 -000.8318 -089.9425 +002.3994 +092.3803 0
L1 04    158 +008.4119 +008.0406 +001.7755 -030.6731 -000.6060 +000.3806 0
L1 05    158 +014.4511 +010.4367 +001.9679 -109.2565 +000.5581 -013.2861 0
L1 06    158 +015.9659 -000.8295 -004.1350 +171.8008 +088.2189 -006.0798 0
L1 07    158 +016.1248 -000.7800 -005.2694 +087.5825 +016.5051 -087.7075 0
L1 08    158 +016.0761 -000.7519 -005.9338 -104.5537 -081.3183 +102.8705 0
L1 01    162 +016.0469 +000.1483 +001.3479 -083.5498 +001.4372 +002.0335 0
L1 02    162 +005.3066 +006.9153 +001.7007 -152.5967 -002.9754 -158.4328 0
L1 03    162 +016.1675 -000.5681 -000.8315 -089.9394 +002.4018 +092.3825 0
L1 04    162 +008.4119 +008.0406 +001.7755 -030.6727 -000.6060 +000.3804 0
L1 05    162 +014.4511 +010.4367 +001.9681 -109.2565 +000.5605 -013.2869 0
L1 06    162 +015.9659 -000.8290 -004.1350 +171.7361 +088.2181 -006.1468 0
L1 07    162 +016.1248 -000.7797 -005.2694 +087.5843 +016.5043 -087.7076 0
L1 08    162 +016.0761 -000.7516 -005.9337 -104.5512 -081.3155 +102.8677 0
L1 01    166 +016.0468 +000.1484 +001.3478 -083.5503 +001.4379 +002.0316 0
L1 02    166 +005.3066 +006.9153 +001.7007 -152.5967 -002.9753 -158.4332 0
L1 03    166 +016.1674 -000.5683 -000.8316 -089.9436 +002.4051 +092.3786 0
L1 04    166 +008.4119 +008.0406 +001.7755 -030.6728 -000.6060 +000.3802 0
L1 05    166 +014.4511 +010.4369 +001.9676 -109.2548 +000.5595 -013.2888 0
L1 06    166 +015.9656 -000.8285 -004.1352 +171.6971 +088.2135 -006.1855 0
L1 07    166 +016.1247 -000.7791 -005.2690 +087.5843 +016.5006 -087.7071 0
L1 08    166 +016.0757 -000.7514 -005.9339 -104.5209 -081.3124 +102.8346 0
L1 01    170 +016.0468 +000.1483 +001.3479 -083.5524 +001.4372 +002.0318 0
L1 02    170 +005.3066 +006.9153 +001.7007 -152.5966 -002.9753 -158.4335 0
L1 03    170 +016.1673 -000.5683 -000.8316 -089.9445 +002.4042 +092.3772 0
L1 04    170 +008.4120 +008.0406 +001.7755 -030.6734 -000.6059 +000.3803 0
L1 05    170 +014.4512 +010.4366 +001.9678 -109.2572 +000.5610 -013.2890 0
L1 06    170 +015.9655 -000.8289 -004.1350 +171.7373 +088.2130 -006.1426 0
L1 07    170 +016.1245 -000.7799 -005.2688 +087.5805 +016.5021 -087.7059 0
L1 08    170 +016.0755 -000.7512 -005.9339 -104.5050 -081.3130 +102.8192 0
L1 01    174 +016.0468 +000.1484 +001.3480 -083.5535 +001.4368 +002.0318 0
L1 02    174 +005.3066 +006.9153 +001.7007 -152.5966 -002.9753 -158.4334 0
L1 03    174 +016.1673 -000.5681 -000.8315 -089.9429 +002.4039 +092.3775 0
L1 04    174 +008.4119 +008.0406 +001.7755 -030.6732 -000.6063 +000.3805 0
L1 05    174 +014.4511 +010.4368 +001.9678 -109.2565 +000.5608 -013.2890 0
L1 06    174 +015.9654 -000.8290 -004.1350 +171.7258 +088.2127 -006.1517 0
L1 07    174 +016.1244 -000.7798 -005.2689 +087.5810 +016.5046 -087.7052 0
L1 08    174 +016.0754 -000.7515 -005.9339 -104.5081 -081.3131 +102.8210 0
L1 01    178 +016.0468 +000.1482 +001.3480 -083.5550 +001.4354 +002.0310 0
L1 02    178 +005.3066 +006.9153 +001.7007 -152.5966 -002.9752 -158.4332 0
L1 03    178 +016.1673 -000.5681 -000.8316 -089.9428 +002.4023 +092.3776 0
L1 04    178 +008.4120 +008.0406 +001.7755 -030.6734 -000.6060 +000.3804 0
L1 05    178 +014.4514 +010.4364 +001.9683 -109.2577 +000.5629 -013.2874 0
L1 06    178 +015.9654 -000.8292 -004.1350 +171.7913 +088.2132 -006.0861 0
L1 07    178 +016.1246 -000.7799 -005.2686 +087.5815 +016.5055 -087.7075 0
L1 08    178 +016.0755 -000.7516 -005.9339 -104.5152 -081.3147 +102.8287 0
L1 01    182 +016.0468 +000.1482 +001.3479 -083.5554 +001.4358 +002.0299 0
L1 02    182 +005.3066 +006.9153 +001.7007 -152.5968 -002.9755 -158.4328 0
L1 03    182 +016.1674 -000.5686 -000.8315 -089.9446 +002.4001 +092.3789 0
L1 04    182 +008.4119 +008.0406 +001.7755 -030.6731 -000.6061 +000.3802 0
L1 05    182 +014.4510 +010.4367 +001.9682 -109.2553 +000.5620 -013.2863 0
L1 06    182 +015.9654 -000.8295 -004.1351 +171.8165 +088.2129 -006.0607 0
L1 07    182 +016.1247 -000.7800 -005.2686 +087.5815 +016.5084 -087.7094 0
L1 08    182 +016.0757 -000.7520 -005.9337 -104.5318 -081.3157 +102.8453 0
L1 01    186 +016.0468 +000.1482 +001.3479 -083.5577 +001.4338 +002.0300 0
L1 02    186 +005.3066 +006.9153 +001.7007 -152.5966 -002.9754 -158.4328 0
L1 03    186 +016.1674 -000.5686 -000.8317 -089.9443 +002.3982 +092.3786 0
L1 04    186 +008.4119 +008.0406 +001.7755 -030.6729 -000.6061 +000.3802 0
L1 05    186 +014.4510 +010.4366 +001.9684 -109.2564 +000.5634 -013.2855 0
L1 06    186 +015.9656 -000.8295 -004.1348 +171.8262 +088.2162 -006.0513 0
L1 07    186 +016.1248 -000.7804 -005.2688 +087.5803 +016.5075 -087.7083 0
L1 08    186 +016.0758 -000.7522 -005.9339 -104.5339 -081.3181 +102.8484 0
L1 01    190 +016.0468 +000.1480 +001.3478 -083.5602 +001.4322 +002.0292 0
L1 02    190 +005.3066 +006.9153 +001.7007 -152.5965 -002.9753 -158.4331 0
L1 03    190 +016.1674 -000.5686 -000.8317 -089.9439 +002.3957 +092.3798 0
L1 04    190 +008.4119 +008.0407 +001.7755 -030.6724 -000.6061 +000.3803 0
L1 05    190 +014.4514 +010.4362 +001.9686 -109.2587 +000.5655 -013.2850 0
L1 06    190 +015.9658 -000.8296 -004.1348 +171.8610 +088.2180 -006.0175 0
L1 07    190 +016.1246 -000.7808 -005.2692 +087.5803 +016.5097 -087.7070 0
L1 08    190 +016.0759 -000.7526 -005.9337 -104.5520 -081.3182 +102.8664 0
L1 01    194 +016.0468 +000.1482 +001.3478 -083.5587 +001.4311 +002.0283 0
L1 02    194 +005.3066 +006.9153 +001.7007 -152.5965 -002.9754 -158.4335 0
L1 03    194 +016.1674 -000.5687 -000.8318 -089.9414 +002.3911 +092.3789 0
L1 04    194 +008.4119 +008.0407 +001.7755 -030.6723 -000.6061 +000.3802 0
L1 05    194 +014.4510 +010.4368 +001.9684 -109.2542 +000.5660 -013.2866 0
L1 06    194 +015.9656 -000.8300 -004.1351 +171.9383 +088.2160 -005.9407 0
L1 07    194 +016.1248 -000.7808 -005.2688 +087.5826 +016.5145 -087.7096 0
L1 08    194 +016.0758 -000.7531 -005.9339 -104.5428 -081.3206 +102.8585 0
L1 01    198 +016.0468 +000.1482 +001.3480 -083.5574 +001.4294 +002.0301 0
L1 02    198 +005.3066 +006.9153 +001.7007 -152.5967 -002.9754 -158.4337 0
L1 03    198 +016.1674 -000.5689 -000.8316 -089.9417 +002.3869 +092.3810 0
L1 04    198 +008.4119 +008.0406 +001.7755 -030.6730 -000.6060 +000.3807 0
L1 05    198 +014.4516 +010.4359 +001.9686 -109.2609 +000.5685 -013.2869 0
L1 06    198 +015.9656 -000.8307 -004.1353 +172.2166 +088.2159 -005.6615 0
L1 07    198 +016.1249 -000.7814 -005.2685 +087.5821 +016.5227 -087.7125 0
L1 08    198 +016.0758 -000.7537 -005.9340 -104.5534 -081.3268 +102.8687 0
L1 01    202 +016.0468 +000.1481 +001.3479 -083.5564 +001.4296 +002.0295 0
L1 02    202 +005.3066 +006.9153 +001.7007 -152.5968 -002.9754 -158.4335 0
L1 03    202 +016.1674 -000.5689 -000.8315 -089.9375 +002.3826 +092.3816 0
L1 04    202 +008.4119 +008.0406 +001.7755 -030.6730 -000.6060 +000.3804 0
L1 05    202 +014.4511 +010.4366 +001.9684 -109.2557 +000.5671 -013.2878 0
L1 06    202 +015.9657 -000.8312 -004.1347 +172.2955 +088.2205 -005.5839 0
L1 07    202 +016.1250 -000.7817 -005.2683 +087.5849 +016.5235 -087.7138 0
L1 08    202 +016.0759 -000.7537 -005.9339 -104.5537 -081.3281 +102.8748 0
L1 01    206 +016.0468 +000.1482 +001.3480 -083.5554 +001.4288 +002.0308 0
L1 02    206 +005.3066 +006.9153 +001.7007 -152.5966 -002.9755 -158.4334 0
L1 03    206 +016.1674 -000.5691 -000.8315 -089.9366 +002.3767 +092.3825 0
L1 04    206 +008.4119 +008.0406 +001.7755 -030.6730 -000.6058 +000.3805 0
L1 05    206 +014.4512 +010.4367 +001.9682 -109.2558 +000.5653 -013.2884 0
L1 06    206 +015.9659 -000.8310 -004.1346 +172.4850 +088.2243 -005.4014 0
L1 07    206 +016.1251 -000.7836 -005.2682 +087.5822 +016.5296 -087.7142 0
L1 08    206 +016.0760 -000.7550 -005.9337 -104.5735 -081.3340 +102.8934 0
L1 01    210 +016.0468 +000.1482 +001.3479 -083.5552 +001.4270 +002.0290 0
L1 02    210 +005.3065 +006.9153 +001.7007 -152.5962 -002.9757 -158.4332 0
L1 03    210 +016.1675 -000.5692 -000.8315 -089.9356 +002.3710 +092.3830 0
L1 04    210 +008.4119 +008.0407 +001.7755 -030.6722 -000.6057 +000.3800 0
L1 05    210 +014.4510 +010.4371 +001.9680 -109.2525 +000.5629 -013.2873 0
L1 06    210 +015.9658 -000.8321 -004.1351 +172.5910 +088.2201 -005.2898 0
L1 07    210 +016.1249 -000.7829 -005.2692 +087.5871 +016.5306 -087.7101 0
L1 08    210 +016.0761 -000.7556 -005.9337 -104.5833 -081.3374 +102.9053 0
L1 01    214 +016.0467 +000.1481 +001.3477 -083.5553 +001.4251 +002.0273 0
L1 02    214 +005.3066 +006.9153 +001.7007 -152.5967 -002.9753 -158.4335 0
L1 03    214 +016.1675 -000.5695 -000.8316 -089.9357 +002.3649 +092.3858 0
L1 04    214 +008.4119 +008.0406 +001.7755 -030.6727 -000.6058 +000.3804 0
L1 05    214 +014.4511 +010.4369 +001.9680 -109.2538 +000.5618 -013.2873 0
L1 06    214 +015.9661 -000.8330 -004.1348 +172.8275 +088.2257 -005.0554 0
L1 07    214 +016.1252 -000.7838 -005.2687 +087.5867 +016.5384 -087.7151 0
L1 08    214 +016.0765 -000.7562 -005.9338 -104.6074 -081.3438 +102.9320 0
L1 01    218 +016.0468 +000.1480 +001.3479 -083.5547 +001.4243 +002.0291 0
L1 02    218 +005.3066 +006.9153 +001.7007 -152.5967 -002.9753 -158.4335 0
L1 03    218 +016.1676 -000.5697 -000.8316 -089.9327 +002.3595 +092.3880 0
L1 04    218 +008.4120 +008.0406 +001.7755 -030.6735 -000.6057 +000.3804 0
L1 05    218 +014.4511 +010.4368 +001.9682 -109.2558 +000.5638 -013.2867 0
L1 06    218 +015.9662 -000.8335 -004.1349 +172.9737 +088.2273 -004.9125 0
L1 07    218 +016.1256 -000.7845 -005.2686 +087.5894 +016.5461 -087.7182 0
L1 08    218 +016.0768 -000.7568 -005.9337 -104.6304 -081.3460 +102.9576 0
L1 01    222 +016.0468 +000.1480 +001.3476 -083.5520 +001.4248 +002.0276 0
L1 02    222 +005.3066 +006.9153 +001.7007 -152.5967 -002.9754 -158.4337 0
L1 03    222 +016.1678 -000.5699 -000.8316 -089.9273 +002.3535 +092.3914 0
L1 04    222 +008.4119 +008.0406 +001.7755 -030.6727 -000.6059 +000.3802 0
L1 05    222 +014.4509 +010.4372 +001.9682 -109.2522 +000.5626 -013.2861 0
L1 06    222 +015.9668 -000.8331 -004.1347 +173.1167 +088.2326 -004.7784 0
L1 07    222 +016.1261 -000.7847 -005.2685 +087.5935 +016.5501 -087.7229 0
L1 08    222 +016.0774 -000.7573 -005.9336 -104.6590 -081.3497 +102.9930 0
L1 01    226 +016.0468 +000.1480 +001.3478 -083.5483 +001.4243 +002.0323 0
L1 02    226 +005.3066 +006.9153 +001.7007 -152.5968 -002.9755 -158.4336 0
L1 03    226 +016.1678 -000.5700 -000.8313 -089.9231 +002.3493 +092.3953 0
L1 04    226 +008.4120 +008.0406 +001.7755 -030.6733 -000.6058 +000.3806 0
L1 05    226 +014.4509 +010.4371 +001.9683 -109.2533 +000.5634 -013.2872 0
L1 06    226 +015.9671 -000.8342 -004.1343 +173.2064 +088.2383 -004.6881 0
L1 07    226 +016.1265 -000.7847 -005.2687 +087.6021 +016.5547 -087.7242 0
L1 08    226 +016.0777 -000.7582 -005.9336 -104.6844 -081.3533 +103.0207 0
L1 01    230 +016.0468 +000.1477 +001.3475 -083.5476 +001.4246 +002.0280 0
L1 02    230 +005.3066 +006.9153 +001.7007 -152.5970 -002.9755 -158.4335 0
L1 03    230 +016.1679 -000.5701 -000.8314 -089.9195 +002.3502 +092.3947 0
L1 04    230 +008.4120 +008.0406 +001.7755 -030.6733 -000.6057 +000.3806 0
L1 05    230 +014.4508 +010.4371 +001.9680 -109.2537 +000.5602 -013.2860 0
L1 06    230 +015.9672 -000.8339 -004.1345 +173.2384 +088.2382 -004.6618 0
L1 07    230 +016.1265 -000.7851 -005.2686 +087.6019 +016.5564 -087.7262 0
L1 08    230 +016.0777 -000.7579 -005.9336 -104.6793 -081.3530 +103.0194 0
L1 01    234 +016.0468 +000.1481 +001.3475 -083.5440 +001.4266 +002.0279 0
L1 02    234 +005.3066 +006.9153 +001.7007 -152.5964 -002.9754 -158.4333 0
L1 03    234 +016.1679 -000.5699 -000.8316 -089.9185 +002.3560 +092.3925 0
L1 04    234 +008.4119 +008.0406 +001.7755 -030.6730 -000.6059 +000.3807 0
L1 05    234 +014.4508 +010.4370 +001.9684 -109.2539 +000.5611 -013.2849 0
L1 06    234 +015.9670 -000.8334 -004.1346 +173.0138 +088.2361 -004.8872 0
L1 07    234 +016.1265 -000.7843 -005.2686 +087.6051 +016.5504 -087.7251 0
L1 08    234 +016.0775 -000.7572 -005.9336 -104.6520 -081.3456 +102.9931 0
L1 01    238 +016.0468 +000.1482 +001.3476 -083.5441 +001.4273 +002.0283 0
L1 02    238 +005.3065 +006.9153 +001.7007 -152.5963 -002.9755 -158.4333 0
L1 03    238 +016.1678 -000.5700 -000.8314 -089.9189 +002.3545 +092.3926 0
L1 04    238 +008.4119 +008.0407 +001.7755 -030.6727 -000.6057 +000.3804 0
L1 05    238 +014.4511 +010.4367 +001.9683 -109.2558 +000.5609 -013.2875 0
L1 06    238 +015.9669 -000.8329 -004.1345 +173.0683 +088.2349 -004.8370 0
L1 07    238 +016.1261 -000.7846 -005.2688 +087.6038 +016.5507 -087.7213 0
L1 08    238 +016.0774 -000.7573 -005.9336 -104.6373 -081.3453 +102.9796 0
L1 01    242 +016.0468 +000.1480 +001.3474 -083.5471 +001.4273 +002.0276 0
L1 02    242 +005.3066 +006.9153 +001.7007 -152.5970 -002.9755 -158.4338 0
L1 03    242 +016.1679 -000.5702 -000.8313 -089.9193 +002.3518 +092.3944 0
L1 04    242 +008.4120 +008.0406 +001.7755 -030.6732 -000.6057 +000.3806 0
L1 05    242 +014.4514 +010.4362 +001.9681 -109.2589 +000.5597 -013.2879 0
L1 06    242 +015.9671 -000.8337 -004.1343 +173.1640 +088.2379 -004.7392 0
L1 07    242 +016.1264 -000.7846 -005.2683 +087.6032 +016.5517 -087.7266 0
L1 08    242 +016.0776 -000.7577 -005.9333 -104.6706 -081.3486 +103.0130 0
L1 01    246 +016.0468 +000.1480 +001.3473 -083.5492 +001.4263 +002.0266 0
L1 02    246 +005.3066 +006.9153 +001.7007 -152.5968 -002.9756 -158.4337 0
L1 03    246 +016.1680 -000.5701 -000.8312 -089.9163 +002.3487 +092.3977 0
L1 04    246 +008.4119 +008.0407 +001.7755 -030.6728 -000.6057 +000.3805 0
L1 05    246 +014.4505 +010.4374 +001.9683 -109.2512 +000.5595 -013.2847 0
L1 06    246 +015.9672 -000.8338 -004.1345 +173.1823 +088.2384 -004.7218 0
L1 07    246 +016.1267 -000.7850 -005.2683 +087.6053 +016.5538 -087.7285 0
L1 08    246 +016.0778 -000.7578 -005.9335 -104.6781 -081.3497 +103.0241 0
L1 01    250 +016.0468 +000.1478 +001.3472 -083.5497 +001.4260 +002.0248 0
L1 02    250 +005.3066 +006.9153 +001.7007 -152.5966 -002.9753 -158.4333 0
L1 03    250 +016.1680 -000.5700 -000.8314 -089.9118 +002.3464 +092.3963 0
L1 04    250 +008.4119 +008.0407 +001.7755 -030.6726 -000.6059 +000.3803 0
L1 05    250 +014.4507 +010.4373 +001.9680 -109.2520 +000.5597 -013.2880 0
L1 06    250 +015.9673 -000.8338 -004.1347 +173.2338 +088.2381 -004.6741 0
L1 07    250 +016.1269 -000.7851 -005.2684 +087.6095 +016.5592 -087.7295 0
L1 08    250 +016.0781 -000.7581 -005.9333 -104.6891 -081.3504 +103.0381 0
L1 01    254 +016.0468 +000.1479 +001.3474 -083.5494 +001.4273 +002.0280 0
L1 02    254 +005.3066 +006.9153 +001.7008 -152.5971 -002.9752 -158.4332 0
L1 03    254 +016.1680 -000.5702 -000.8312 -089.9163 +002.3493 +092.3998 0
L1 04    254 +008.4120 +008.0405 +001.7755 -030.6739 -000.6055 +000.3804 0
L1 05    254 +014.4509 +010.4369 +001.9678 -109.2550 +000.5598 -013.2892 0
L1 06    254 +015.9675 -000.8342 -004.1344 +173.2572 +088.2410 -004.6472 0
L1 07    254 +016.1270 -000.7854 -005.2683 +087.6046 +016.5598 -087.7309 0
L1 08    254 +016.0782 -000.7583 -005.9336 -104.6917 -081.3515 +103.0365 0
L1 01    258 +016.0469 +000.1481 +001.3476 -083.5464 +001.4284 +002.0292 0
L1 02    258 +005.3065 +006.9153 +001.7008 -152.5962 -002.9750 -158.4334 0
L1 03    258 +016.1680 -000.5699 -000.8312 -089.9135 +002.3541 +092.3983 0
L1 04    258 +008.4119 +008.0407 +001.7756 -030.6726 -000.6060 +000.3808 0
L1 05    258 +014.4508 +010.4371 +001.9681 -109.2524 +000.5633 -013.2882 0
L1 06    258 +015.9674 -000.8332 -004.1345 +173.0774 +088.2395 -004.8312 0
L1 07    258 +016.1268 -000.7848 -005.2684 +087.6065 +016.5532 -087.7286 0
L1 08    258 +016.0781 -000.7570 -005.9334 -104.6682 -081.3421 +103.0163 0
L1 01    262 +016.0469 +000.1478 +001.3473 -083.5473 +001.4294 +002.0265 0
L1 02    262 +005.3065 +006.9153 +001.7008 -152.5965 -002.9751 -158.4339 0
L1 03    262 +016.1679 -000.5697 -000.8314 -089.9154 +002.3577 +092.3940 0
L1 04    262 +008.4119 +008.0407 +001.7755 -030.6725 -000.6059 +000.3806 0
L1 05    262 +014.4508 +010.4370 +001.9683 -109.2530 +000.5641 -013.2874 0
L1 06    262 +015.9671 -000.8330 -004.1349 +172.9526 +088.2327 -004.9528 0
L1 07    262 +016.1266 -000.7846 -005.2685 +087.6042 +016.5513 -087.7260 0
L1 08    262 +016.0776 -000.7571 -005.9336 -104.6419 -081.3399 +102.9843 0
L1 01    266 +016.0469 +000.1480 +001.3473 -083.5466 +001.4314 +002.0266 0
L1 02    266 +005.3066 +006.9153 +001.7007 -152.5967 -002.9752 -158.4341 0
L1 03    266 +016.1678 -000.5698 -000.8313 -089.9188 +002.3636 +092.3919 0
L1 04    266 +008.4120 +008.0406 +001.7755 -030.6729 -000.6060 +000.3802 0
L1 05    266 +014.4510 +010.4369 +001.9680 -109.2538 +000.5618 -013.2880 0
L1 06    266 +015.9670 -000.8329 -004.1347 +172.7526 +088.2337 -005.1488 0
L1 07    266 +016.1264 -000.7839 -005.2685 +087.6039 +016.5466 -087.7230 0
L1 08    266 +016.0774 -000.7565 -005.9334 -104.6321 -081.3354 +102.9737 0
L1 01    270 +016.0469 +000.1479 +001.3476 -083.5481 +001.4310 +002.0276 0
L1 02    270 +005.3065 +006.9153 +001.7007 -152.5964 -002.9751 -158.4339 0
L1 03    270 +016.1678 -000.5695 -000.8316 -089.9174 +002.3672 +092.3876 0
L1 04    270 +008.4119 +008.0407 +001.7755 -030.6723 -000.6060 +000.3800 0
L1 05    270 +014.4506 +010.4375 +001.9676 -109.2503 +000.5588 -013.2884 0
L1 06    270 +015.9667 -000.8326 -004.1347 +172.6693 +088.2308 -005.2331 0
L1 07    270 +016.1258 -000.7834 -005.2689 +087.6066 +016.5423 -087.7183 0
L1 08    270 +016.0770 -000.7556 -005.9339 -104.5942 -081.3326 +102.9373 0
L1 01    274 +016.0469 +000.1480 +001.3476 -083.5485 +001.4309 +002.0274 0
L1 02    274 +005.3066 +006.9153 +001.7007 -152.5967 -002.9751 -158.4328 0
L1 03    274 +016.1678 -000.5695 -000.8316 -089.9187 +002.3671 +092.3883 0
L1 04    274 +008.4119 +008.0407 +001.7755 -030.6726 -000.6059 +000.3801 0
L1 05    274 +014.4509 +010.4369 +001.9683 -109.2551 +000.5622 -013.2854 0
L1 06    274 +015.9667 -000.8323 -004.1348 +172.6128 +088.2276 -005.2903 0
L1 07    274 +016.1260 -000.7834 -005.2683 +087.6043 +016.5411 -087.7206 0
L1 08    274 +016.0771 -000.7556 -005.9338 -104.5885 -081.3300 +102.9312 0
L1 01    278 +016.0469 +000.1479 +001.3475 -083.5481 +001.4306 +002.0275 0
L1 02    278 +005.3066 +006.9153 +001.7007 -152.5969 -002.9755 -158.4324 0
L1 03    278 +016.1678 -000.5693 -000.8315 -089.9179 +002.3685 +092.3895 0
L1 04    278 +008.4120 +008.0406 +001.7755 -030.6728 -000.6060 +000.3803 0
L1 05    278 +014.4510 +010.4368 +001.9682 -109.2557 +000.5631 -013.2864 0
L1 06    278 +015.9666 -000.8322 -004.1350 +172.5706 +088.2276 -005.3319 0
L1 07    278 +016.1259 -000.7830 -005.2690 +087.6051 +016.5404 -087.7191 0
L1 08    278 +016.0772 -000.7553 -005.9336 -104.6020 -081.3296 +102.9448 0
L1 01    282 +016.0469 +000.1479 +001.3475 -083.5468 +001.4317 +002.0274 0
L1 02    282 +005.3066 +006.9153 +001.7007 -152.5966 -002.9755 -158.4328 0
L1 03    282 +016.1678 -000.5692 -000.8314 -089.9177 +002.3712 +092.3905 0
L1 04    282 +008.4119 +008.0407 +001.7755 -030.6727 -000.6059 +000.3803 0
L1 05    282 +014.4510 +010.4369 +001.9679 -109.2538 +000.5615 -013.2870 0
L1 06    282 +015.9667 -000.8318 -004.1349 +172.4639 +088.2287 -005.4385 0
L1 07    282 +016.1261 -000.7824 -005.2689 +087.6060 +016.5366 -087.7195 0
L1 08    282 +016.0772 -000.7551 -005.9336 -104.6045 -081.3277 +102.9469 0
L1 01    286 +016.0468 +000.1480 +001.3476 -083.5445 +001.4333 +002.0290 0
L1 02    286 +005.3065 +006.9153 +001.7007 -152.5964 -002.9753 -158.4335 0
L1 03    286 +016.1678 -000.5692 -000.8314 -089.9176 +002.3740 +092.3910 0
L1 04    286 +008.4119 +008.0407 +001.7755 -030.6719 -000.6062 +000.3806 0
L1 05    286 +014.4510 +010.4369 +001.9687 -109.2515 +000.5656 -013.2849 0
L1 06    286 +015.9667 -000.8307 -004.1349 +172.3116 +088.2292 -005.5947 0
L1 07    286 +016.1261 -000.7825 -005.2687 +087.6017 +016.5316 -087.7216 0
L1 08    286 +016.0772 -000.7546 -005.9336 -104.5890 -081.3194 +102.9323 0
L1 01    290 +016.0468 +000.1480 +001.3478 -083.5437 +001.4341 +002.0304 0
L1 02    290 +005.3066 +006.9153 +001.7007 -152.5968 -002.9753 -158.4342 0
L1 03    290 +016.1678 -000.5692 -000.8314 -089.9188 +002.3744 +092.3913 0
L1 04    290 +008.4120 +008.0406 +001.7755 -030.6732 -000.6058 +000.3804 0
L1 05    290 +014.4514 +010.4362 +001.9682 -109.2569 +000.5640 -013.2869 0
L1 06    290 +015.9666 -000.8320 -004.1351 +172.4071 +088.2281 -005.4936 0
L1 07    290 +016.1260 -000.7826 -005.2688 +087.6020 +016.5346 -087.7206 0
L1 08    290 +016.0772 -000.7548 -005.9337 -104.5933 -081.3221 +102.9339 0
L1 01    294 +016.0468 +000.1478 +001.3477 -083.5460 +001.4338 +002.0289 0
L1 02    294 +005.3066 +006.9153 +001.7007 -152.5967 -002.9753 -158.4341 0
L1 03    294 +016.1678 -000.5692 -000.8316 -089.9186 +002.3729 +092.3902 0
L1 04    294 +008.4119 +008.0406 +001.7755 -030.6729 -000.6059 +000.3805 0
L1 05    294 +014.4515 +010.4364 +001.9683 -109.2572 +000.5629 -013.2878 0
L1 06    294 +015.9667 -000.8320 -004.1351 +172.3910 +088.2277 -005.5094 0
L1 07    294 +016.1262 -000.7827 -005.2686 +087.6021 +016.5355 -087.7219 0
L1 08    294 +016.0772 -000.7550 -005.9336 -104.6004 -081.3238 +102.9406 0
L1 01    298 +016.0467 +000.1479 +001.3475 -083.5457 +001.4341 +002.0275 0
L1 02    298 +005.3066 +006.9153 +001.7007 -152.5967 -002.9752 -158.4334 0
L1 03    298 +016.1678 -000.5694 -000.8316 -089.9177 +002.3692 +092.3909 0
L1 04    298 +008.4120 +008.0406 +001.7755 -030.6729 -000.6059 +000.3803 0
L1 05    298 +014.4512 +010.4366 +001.9683 -109.2556 +000.5613 -013.2869 0
L1 06    298 +015.9669 -000.8321 -004.1349 +172.5392 +088.2315 -005.3627 0
L1 07    298 +016.1263 -000.7828 -005.2684 +087.6040 +016.5381 -087.7242 0
L1 08    298 +016.0776 -000.7554 -005.9334 -104.6200 -081.3249 +102.9628 0
L1 01    302 +016.0467 +000.1481 +001.3477 -083.5433 +001.4340 +002.0287 0
L1 02    302 +005.3065 +006.9153 +001.7007 -152.5962 -002.9753 -158.4324 0
L1 03    302 +016.1679 -000.5693 -000.8316 -089.9143 +002.3663 +092.3932 0
L1 04    302 +008.4119 +008.0407 +001.7755 -030.6722 -000.6061 +000.3802 0
L1 05    302 +014.4505 +010.4377 +001.9686 -109.2488 +000.5608 -013.2846 0
L1 06    302 +015.9672 -000.8320 -004.1346 +172.5454 +088.2347 -005.3613 0
L1 07    302 +016.1264 -000.7832 -005.2685 +087.6048 +016.5404 -087.7249 0
L1 08    302 +016.0777 -000.7553 -005.9335 -104.6235 -081.3267 +102.9725 0
L1 01    306 +016.0467 +000.1478 +001.3476 -083.5444 +001.4326 +002.0280 0
L1 02    306 +005.3066 +006.9153 +001.7008 -152.5971 -002.9751 -158.4330 0
L1 03    306 +016.1679 -000.5694 -000.8316 -089.9118 +002.3609 +092.3935 0
L1 04    306 +008.4119 +008.0406 +001.7755 -030.6727 -000.6060 +000.3802 0
L1 05    306 +014.4513 +010.4365 +001.9682 -109.2562 +000.5611 -013.2878 0
L1 06    306 +015.9672 -000.8326 -004.1346 +172.7313 +088.2354 -005.1752 0
L1 07    306 +016.1265 -000.7837 -005.2684 +087.6069 +016.5473 -087.7265 0
L1 08    306 +016.0777 -000.7564 -005.9337 -104.6276 -081.3323 +102.9759 0
L1 01    310 +016.0467 +000.1478 +001.3476 -083.5428 +001.4318 +002.0281 0
L1 02    310 +005.3066 +006.9153 +001.7008 -152.5967 -002.9749 -158.4335 0
L1 03    310 +016.1680 -000.5696 -000.8315 -089.9120 +002.3553 +092.3949 0
L1 04    310 +008.4120 +008.0406 +001.7755 -030.6729 -000.6061 +000.3802 0
L1 05    310 +014.4514 +010.4365 +001.9681 -109.2574 +000.5608 -013.2889 0
L1 06    310 +015.9672 -000.8331 -004.1348 +172.9039 +088.2364 -005.0056 0
L1 07    310 +016.1267 -000.7845 -005.2683 +087.6080 +016.5538 -087.7274 0
L1 08    310 +016.0778 -000.7570 -005.9339 -104.6308 -081.3377 +102.9809 0
L1 01    314 +016.0467 +000.1479 +001.3477 -083.5396 +001.4306 +002.0291 0
L1 02    314 +005.3066 +006.9153 +001.7007 -152.5968 -002.9751 -158.4338 0
L1 03    314 +016.1680 -000.5699 -000.8314 -089.9095 +002.3520 +092.3961 0
L1 04    314 +008.4120 +008.0406 +001.7755 -030.6733 -000.6058 +000.3804 0
L1 05    314 +014.4511 +010.4366 +001.9680 -109.2561 +000.5602 -013.2872 0
L1 06    314 +015.9672 -000.8333 -004.1349 +173.0501 +088.2341 -004.8614 0
L1 07    314 +016.1264 -000.7855 -005.2689 +087.6080 +016.5578 -087.7247 0
L1 08    314 +016.0779 -000.7575 -005.9335 -104.6521 -081.3414 +103.0048 0
L1 01    318 +016.0467 +000.1481 +001.3476 -083.5363 +001.4304 +002.0286 0
L1 02    318 +005.3066 +006.9153 +001.7008 -152.5971 -002.9750 -158.4344 0
L1 03    318 +016.1680 -000.5701 -000.8314 -089.9093 +002.3523 +092.3959 0
L1 04    318 +008.4120 +008.0406 +001.7755 -030.6732 -000.6056 +000.3804 0
L1 05    318 +014.4511 +010.4366 +001.9682 -109.2569 +000.5620 -013.2876 0
L1 06    318 +015.9673 -000.8332 -004.1346 +173.0610 +088.2382 -004.8537 0
L1 07    318 +016.1266 -000.7854 -005.2688 +087.6089 +016.5578 -087.7270 0
L1 08    318 +016.0780 -000.7576 -005.9333 -104.6647 -081.3392 +103.0171 0
L1 01    322 +016.0467 +000.1481 +001.3476 -083.5361 +001.4291 +002.0279 0
L1 02    322 +005.3066 +006.9153 +001.7008 -152.5970 -002.9749 -158.4343 0
L1 03    322 +016.1679 -000.5700 -000.8315 -089.9095 +002.3542 +092.3936 0
L1 04    322 +008.4119 +008.0407 +001.7755 -030.6727 -000.6058 +000.3801 0
L1 05    322 +014.4513 +010.4365 +001.9678 -109.2565 +000.5605 -013.2897 0
L1 06    322 +015.9671 -000.8335 -004.1346 +173.0210 +088.2361 -004.8900 0
L1 07    322 +016.1264 -000.7849 -005.2686 +087.6098 +016.5564 -087.7251 0
L1 08    322 +016.0776 -000.7574 -005.9336 -104.6357 -081.3390 +102.9871 0
L1 01    326 +016.0467 +000.1482 +001.3476 -083.5355 +001.4296 +002.0269 0
L1 02    326 +005.3065 +006.9153 +001.7007 -152.5964 -002.9753 -158.4334 0
L1 03    326 +016.1679 -000.5698 -000.8314 -089.9099 +002.3572 +092.3920 0
L1 04    326 +008.4119 +008.0407 +001.7755 -030.6721 -000.6059 +000.3803 0
L1 05    326 +014.4509 +010.4370 +001.9679 -109.2536 +000.5605 -013.2890 0
L1 06    326 +015.9670 -000.8332 -004.1346 +172.8989 +088.2335 -005.0116 0
L1 07    326 +016.1262 -000.7846 -005.2688 +087.6107 +016.5537 -087.7226 0
L1 08    326 +016.0774 -000.7568 -005.9337 -104.6117 -081.3349 +102.9636 0
L1 01    330 +016.0467 +000.1479 +001.3472 -083.5379 +001.4288 +002.0240 0
L1 02    330 +005.3066 +006.9153 +001.7008 -152.5967 -002.9751 -158.4333 0
L1 03    330 +016.1679 -000.5699 -000.8314 -089.9111 +002.3546 +092.3928 0
L1 04    330 +008.4120 +008.0406 +001.7755 -030.6732 -000.6058 +000.3800 0
L1 05    330 +014.4512 +010.4365 +001.9681 -109.2564 +000.5603 -013.2878 0
L1 06    330 +015.9671 -000.8331 -004.1342 +172.9652 +088.2366 -004.9466 0
L1 07    330 +016.1263 -000.7848 -005.2686 +087.6096 +016.5553 -087.7232 0
L1 08    330 +016.0775 -000.7573 -005.9336 -104.6269 -081.3383 +102.9767 0
L1 01    334 +016.0468 +000.1480 +001.3473 -083.5386 +001.4278 +002.0247 0
L1 02    334 +005.3066 +006.9153 +001.7007 -152.5965 -002.9753 -158.4330 0
L1 03    334 +016.1679 -000.5698 -000.8313 -089.9103 +002.3553 +092.3936 0
L1 04    334 +008.4120 +008.0406 +001.7755 -030.6733 -000.6058 +000.3805 0
L1 05    334 +014.4511 +010.4369 +001.9680 -109.2537 +000.5595 -013.2879 0
L1 06    334 +015.9671 -000.8334 -004.1345 +172.9199 +088.2351 -004.9895 0
L1 07    334 +016.1263 -000.7844 -005.2688 +087.6128 +016.5539 -087.7224 0
L1 08    334 +016.0776 -000.7570 -005.9336 -104.6309 -081.3370 +102.9822 0
L1 01    338 +016.0469 +000.1480 +001.3474 -083.5402 +001.4284 +002.0271 0
L1 02    338 +005.3066 +006.9153 +001.7008 -152.5968 -002.9751 -158.4334 0
L1 03    338 +016.1679 -000.5700 -000.8314 -089.9125 +002.3560 +092.3941 0
L1 04    338 +008.4120 +008.0406 +001.7755 -030.6735 -000.6054 +000.3805 0
L1 05    338 +014.4513 +010.4363 +001.9682 -109.2579 +000.5626 -013.2884 0
L1 06    338 +015.9670 -000.8335 -004.1346 +172.9030 +088.2346 -005.0047 0
L1 07    338 +016.1265 -000.7846 -005.2683 +087.6087 +016.5549 -087.7267 0
L1 08    338 +016.0777 -000.7572 -005.9336 -104.6375 -081.3386 +102.9862 0
L1 01    342 +016.0469 +000.1479 +001.3471 -083.5434 +001.4296 +002.0248 0
L1 02    342 +005.3065 +006.9153 +001.7008 -152.5963 -002.9748 -158.4340 0
L1 03    342 +016.1679 -000.5698 -000.8314 -089.9109 +002.3568 +092.3930 0
L1 04    342 +008.4120 +008.0406 +001.7755 -030.6730 -000.6055 +000.3805 0
L1 05    342 +014.4512 +010.4365 +001.9684 -109.2558 +000.5629 -013.2858 0
L1 06    342 +015.9671 -000.8332 -004.1346 +172.8860 +088.2344 -005.0241 0
L1 07    342 +016.1266 -000.7838 -005.2682 +087.6120 +016.5515 -087.7273 0
L1 08    342 +016.0777 -000.7571 -005.9333 -104.6405 -081.3358 +102.9897 0
L1 01    346 +016.0470 +000.1477 +001.3475 -083.5464 +001.4290 +002.0272 0
L1 02    346 +005.3066 +006.9153 +001.7008 -152.5969 -002.9752 -158.4342 0
L1 03    346 +016.1679 -000.5697 -000.8315 -089.9111 +002.3580 +092.3925 0
L1 04    346 +008.4120 +008.0406 +001.7755 -030.6730 -000.6056 +000.3804 0
L1 05    346 +014.4514 +010.4363 +001.9683 -109.2577 +000.5632 -013.2868 0
L1 06    346 +015.9671 -000.8332 -004.1345 +172.8391 +088.2341 -005.0696 0
L1 07    346 +016.1264 -000.7842 -005.2686 +087.6104 +016.5523 -087.7241 0
L1 08    346 +016.0776 -000.7569 -005.9335 -104.6287 -081.3348 +102.9779 0
L1 01    350 +016.0470 +000.1480 +001.3476 -083.5447 +001.4297 +002.0280 0
L1 02    350 +005.3066 +006.9153 +001.7008 -152.5966 -002.9751 -158.4340 0
L1 03    350 +016.1679 -000.5696 -000.8316 -089.9101 +002.3596 +092.3905 0
L1 04    350 +008.4119 +008.0407 +001.7755 -030.6722 -000.6058 +000.3806 0
L1 05    350 +014.4511 +010.4369 +001.9684 -109.2537 +000.5645 -013.2877 0
L1 06    350 +015.9670 -000.8325 -004.1344 +172.7594 +088.2336 -005.1524 0
L1 07    350 +016.1263 -000.7836 -005.2688 +087.6145 +016.5500 -087.7215 0
L1 08    350 +016.0774 -000.7563 -005.9336 -104.6095 -081.3314 +102.9616 0
L1 01    354 +016.0470 +000.1479 +001.3475 -083.5458 +001.4305 +002.0275 0
L1 02    354 +005.3065 +006.9153 +001.7008 -152.5964 -002.9752 -158.4334 0
L1 03    354 +016.1678 -000.5695 -000.8315 -089.9100 +002.3602 +092.3899 0
L1 04    354 +008.4119 +008.0407 +001.7755 -030.6725 -000.6057 +000.3803 0
L1 05    354 +014.4510 +010.4369 +001.9681 -109.2537 +000.5628 -013.2879 0
L1 06    354 +015.9669 -000.8326 -004.1346 +172.7448 +088.2320 -005.1655 0
L1 07    354 +016.1261 -000.7835 -005.2686 +087.6139 +016.5515 -087.7214 0
L1 08    354 +016.0772 -000.7563 -005.9336 -104.6027 -081.3315 +102.9528 0
L1 01    358 +016.0470 +000.1480 +001.3476 -083.5452 +001.4318 +002.0280 0
L1 02    358 +005.3066 +006.9153 +001.7007 -152.5964 -002.9753 -158.4331 0
L1 03    358 +016.1677 -000.5696 -000.8314 -089.9132 +002.3630 +092.3892 0
L1 04    358 +008.4120 +008.0406 +001.7755 -030.6727 -000.6057 +000.3800 0
L1 05    358 +014.4509 +010.4371 +001.9681 -109.2518 +000.5617 -013.2873 0
L1 06    358 +015.9666 -000.8325 -004.1349 +172.6589 +088.2271 -005.2495 0
L1 07    358 +016.1259 -000.7831 -005.2688 +087.6147 +016.5502 -087.7181 0
L1 08    358 +016.0770 -000.7562 -005.9336 -104.5919 -081.3303 +102.9398 0
L1 01    362 +016.0470 +000.1478 +001.3477 -083.5463 +001.4317 +002.0287 0
L1 02    362 +005.3066 +006.9153 +001.7007 -152.5969 -002.9754 -158.4336 0
L1 03    362 +016.1677 -000.5695 -000.8314 -089.9153 +002.3667 +092.3871 0
L1 04    362 +008.4120 +008.0406 +001.7755 -030.6733 -000.6056 +000.3804 0
L1 05    362 +014.4511 +010.4369 +001.9681 -109.2530 +000.5611 -013.2881 0
L1 06    362 +015.9664 -000.8322 -004.1347 +172.5361 +088.2265 -005.3690 0
L1 07    362 +016.1256 -000.7832 -005.2688 +087.6097 +016.5489 -087.7165 0
L1 08    362 +016.0768 -000.7558 -005.9337 -104.5667 -081.3271 +102.9118 0
L1 01    366 +016.0470 +000.1477 +001.3476 -083.5455 +001.4312 +002.0278 0
L1 02    366 +005.3066 +006.9153 +001.7007 -152.5968 -002.9754 -158.4337 0
L1 03    366 +016.1677 -000.5693 -000.8314 -089.9154 +002.3697 +092.3857 0
L1 04    366 +008.4120 +008.0406 +001.7755 -030.6735 -000.6056 +000.3806 0
L1 05    366 +014.4515 +010.4364 +001.9681 -109.2579 +000.5614 -013.2882 0
L1 06    366 +015.9662 -000.8322 -004.1348 +172.5093 +088.2245 -005.3943 0
L1 07    366 +016.1255 -000.7826 -005.2685 +087.6053 +016.5442 -087.7184 0
L1 08    366 +016.0766 -000.7552 -005.9337 -104.5550 -081.3250 +102.8996 0
L1 01    370 +016.0470 +000.1479 +001.3476 -083.5430 +001.4317 +002.0272 0
L1 02    370 +005.3065 +006.9153 +001.7008 -152.5965 -002.9752 -158.4337 0
L1 03    370 +016.1676 -000.5694 -000.8315 -089.9169 +002.3705 +092.3839 0
L1 04    370 +008.4120 +008.0406 +001.7755 -030.6728 -000.6056 +000.3803 0
L1 05    370 +014.4514 +010.4365 +001.9677 -109.2556 +000.5602 -013.2884 0
L1 06    370 +015.9661 -000.8313 -004.1349 +172.4274 +088.2215 -005.4789 0
L1 07    370 +016.1253 -000.7819 -005.2687 +087.6118 +016.5399 -087.7145 0
L1 08    370 +016.0764 -000.7547 -005.9336 -104.5526 -081.3242 +102.8976 0
L1 01    374 +016.0470 +000.1478 +001.3474 -083.5415 +001.4323 +002.0248 0
L1 02    374 +005.3065 +006.9153 +001.7007 -152.5964 -002.9754 -158.4336 0
L1 03    374 +016.1676 -000.5691 -000.8316 -089.9159 +002.3723 +092.3819 0
L1 04    374 +008.4119 +008.0406 +001.7755 -030.6727 -000.6058 +000.3804 0
L1 05    374 +014.4511 +010.4370 +001.9675 -109.2535 +000.5580 -013.2886 0
L1 06    374 +015.9661 -000.8314 -004.1348 +172.3946 +088.2224 -005.5110 0
L1 07    374 +016.1253 -000.7823 -005.2686 +087.6086 +016.5379 -087.7144 0
L1 08    374 +016.0763 -000.7545 -005.9337 -104.5426 -081.3199 +102.8884 0
L1 01    378 +016.0471 +000.1478 +001.3474 -083.5423 +001.4328 +002.0254 0
L1 02    378 +005.3066 +006.9153 +001.7007 -152.5967 -002.9753 -158.4337 0
L1 03    378 +016.1676 -000.5694 -000.8317 -089.9185 +002.3716 +092.3813 0
L1 04    378 +008.4119 +008.0406 +001.7755 -030.6727 -000.6058 +000.3803 0
L1 05    378 +014.4511 +010.4368 +001.9678 -109.2547 +000.5607 -013.2891 0
L1 06    378 +015.9661 -000.8318 -004.1348 +172.4454 +088.2223 -005.4574 0
L1 07    378 +016.1253 -000.7823 -005.2684 +087.6086 +016.5416 -087.7154 0
L1 08    378 +016.0763 -000.7551 -005.9336 -104.5560 -081.3234 +102.8987 0
L1 01    382 +016.0471 +000.1479 +001.3476 -083.5416 +001.4326 +002.0282 0
L1 02    382 +005.3066 +006.9153 +001.7007 -152.5966 -002.9752 -158.4331 0
L1 03    382 +016.1676 -000.5692 -000.8317 -089.9173 +002.3742 +092.3816 0
L1 04    382 +008.4119 +008.0407 +001.7755 -030.6725 -000.6061 +000.3805 0
L1 05    382 +014.4510 +010.4370 +001.9681 -109.2535 +000.5621 -013.2885 0
L1 06    382 +015.9660 -000.8314 -004.1349 +172.3130 +088.2212 -005.5915 0
L1 07    382 +016.1252 -000.7820 -005.2688 +087.6096 +016.5379 -087.7130 0
L1 08    382 +016.0763 -000.7548 -005.9337 -104.5411 -081.3196 +102.8837 0
L1 01    386 +016.0471 +000.1481 +001.3480 -083.5415 +001.4325 +002.0298 0
L1 02    386 +005.3066 +006.9153 +001.7007 -152.5970 -002.9754 -158.4331 0
L1 03    386 +016.1675 -000.5693 -000.8318 -089.9186 +002.3722 +092.3805 0
L1 04    386 +008.4120 +008.0406 +001.7755 -030.6731 -000.6059 +000.3804 0
L1 05    386 +014.4519 +010.4360 +001.9677 -109.2623 +000.5594 -013.2901 0
L1 06    386 +015.9659 -000.8317 -004.1352 +172.4171 +088.2190 -005.4857 0
L1 07    386 +016.1252 -000.7826 -005.2687 +087.6059 +016.5404 -087.7131 0
L1 08    386 +016.0762 -000.7550 -005.9338 -104.5349 -081.3212 +102.8768 0
L1 01    390 +016.0471 +000.1482 +001.3475 -083.5392 +001.4314 +002.0275 0
L1 02    390 +005.3066 +006.9153 +001.7007 -152.5969 -002.9752 -158.4334 0
L1 03    390 +016.1675 -000.5693 -000.8317 -089.9181 +002.3720 +092.3807 0
L1 04    390 +008.4119 +008.0407 +001.7755 -030.6725 -000.6061 +000.3804 0
L1 05    390 +014.4516 +010.4362 +001.9680 -109.2592 +000.5596 -013.2883 0
L1 06    390 +015.9659 -000.8316 -004.1349 +172.3990 +088.2207 -005.5042 0
L1 07    390 +016.1252 -000.7831 -005.2684 +087.6038 +016.5422 -087.7137 0
L1 08    390 +016.0761 -000.7550 -005.9338 -104.5311 -081.3221 +102.8735 0
L1 01    394 +016.0472 +000.1481 +001.3479 -083.5383 +001.4320 +002.0288 0
L1 02    394 +005.3065 +006.9153 +001.7007 -152.5964 -002.9751 -158.4335 0
L1 03    394 +016.1675 -000.5693 -000.8317 -089.9191 +002.3735 +092.3805 0
L1 04    394 +008.4119 +008.0406 +001.7755 -030.6728 -000.6059 +000.3804 0
L1 05    394 +014.4516 +010.4363 +001.9679 -109.2595 +000.5596 -013.2890 0
L1 06    394 +015.9658 -000.8318 -004.1349 +172.4424 +088.2193 -005.4591 0
L1 07    394 +016.1249 -000.7830 -005.2687 +087.6027 +016.5403 -087.7109 0
L1 08    394 +016.0760 -000.7548 -005.9339 -104.5222 -081.3211 +102.8643 0
L1 01    398 +016.0471 +000.1481 +001.3476 -083.5370 +001.4319 +002.0267 0
L1 02    398 +005.3065 +006.9153 +001.7008 -152.5965 -002.9750 -158.4337 0
L1 03    398 +016.1675 -000.5693 -000.8317 -089.9184 +002.3732 +092.3797 0
L1 04    398 +008.4119 +008.0407 +001.7755 -030.6721 -000.6060 +000.3804 0
L1 05    398 +014.4513 +010.4368 +001.9679 -109.2548 +000.5589 -013.2884 0
L1 06    398 +015.9658 -000.8319 -004.1349 +172.3846 +088.2185 -005.5165 0
L1 07    398 +016.1250 -000.7827 -005.2685 +087.6050 +016.5405 -087.7124 0
L1 08    398 +016.0760 -000.7546 -005.9338 -104.5182 -081.3200 +102.8620 0
L1 01    402 +016.0471 +000.1478 +001.3475 -083.5391 +001.4319 +002.0257 0
L1 02    402 +005.3066 +006.9153 +001.7007 -152.5968 -002.9754 -158.4336 0
L1 03    402 +016.1675 -000.5693 -000.8318 -089.9188 +002.3728 +092.3786 0
L1 04    402 +008.4120 +008.0406 +001.7755 -030.6728 -000.6059 +000.3802 0
L1 05    402 +014.4511 +010.4367 +001.9683 -109.2551 +000.5610 -013.2873 0
L1 06    402 +015.9658 -000.8317 -004.1351 +172.3911 +088.2174 -005.5108 0
L1 07    402 +016.1250 -000.7832 -005.2687 +087.6031 +016.5418 -087.7113 0
L1 08    402 +016.0760 -000.7547 -005.9338 -104.5211 -081.3208 +102.8639 0
L1 01    406 +016.0471 +000.1478 +001.3475 -083.5397 +001.4325 +002.0265 0
L1 02    406 +005.3066 +006.9153 +001.7007 -152.5971 -002.9754 -158.4333 0
L1 03    406 +016.1675 -000.5693 -000.8318 -089.9194 +002.3729 +092.3785 0
L1 04    406 +008.4120 +008.0406 +001.7755 -030.6730 -000.6057 +000.3798 0
L1 05    406 +014.4512 +010.4365 +001.9679 -109.2566 +000.5600 -013.2895 0
L1 06    406 +015.9658 -000.8316 -004.1348 +172.3854 +088.2196 -005.5167 0
L1 07    406 +016.1249 -000.7827 -005.2687 +087.6057 +016.5417 -087.7110 0
L1 08    406 +016.0760 -000.7549 -005.9337 -104.5268 -081.3213 +102.8682 0
L1 01    410 +016.0472 +000.1478 +001.3476 -083.5387 +001.4332 +002.0270 0
L1 02    410 +005.3066 +006.9153 +001.7008 -152.5969 -002.9751 -158.4335 0
L1 03    410 +016.1675 -000.5694 -000.8317 -089.9203 +002.3727 +092.3791 0
L1 04    410 +008.4120 +008.0406 +001.7755 -030.6733 -000.6059 +000.3802 0
L1 05    410 +014.4514 +010.4363 +001.9678 -109.2586 +000.5605 -013.2908 0
L1 06    410 +015.9658 -000.8316 -004.1346 +172.3546 +088.2212 -005.5469 0
L1 07    410 +016.1249 -000.7825 -005.2688 +087.6071 +016.5417 -087.7101 0
L1 08    410 +016.0760 -000.7550 -005.9337 -104.5269 -081.3196 +102.8675 0
L1 01    414 +016.0471 +000.1479 +001.3475 -083.5375 +001.4331 +002.0257 0
L1 02    414 +005.3065 +006.9153 +001.7007 -152.5964 -002.9752 -158.4335 0
L1 03    414 +016.1675 -000.5694 -000.8316 -089.9201 +002.3725 +092.3789 0
L1 04    414 +008.4119 +008.0406 +001.7755 -030.6727 -000.6059 +000.3803 0
L1 05    414 +014.4513 +010.4367 +001.9677 -109.2559 +000.5594 -013.2891 0
L1 06    414 +015.9658 -000.8317 -004.1348 +172.3685 +088.2190 -005.5323 0
L1 07    414 +016.1247 -000.7825 -005.2692 +087.6085 +016.5415 -087.7062 0
L1 08    414 +016.0759 -000.7549 -005.9337 -104.5221 -081.3194 +102.8627 0
L1 01    418 +016.0471 +000.1480 +001.3473 -083.5350 +001.4343 +002.0248 0
L1 02    418 +005.3065 +006.9153 +001.7008 -152.5961 -002.9750 -158.4336 0
L1 03    418 +016.1675 -000.5693 -000.8317 -089.9200 +002.3743 +092.3782 0
L1 04    418 +008.4120 +008.0406 +001.7755 -030.6726 -000.6060 +000.3803 0
L1 05    418 +014.4512 +010.4368 +001.9677 -109.2541 +000.5584 -013.2893 0
L1 06    418 +015.9657 -000.8315 -004.1347 +172.3209 +088.2185 -005.5807 0
L1 07    418 +016.1246 -000.7816 -005.2692 +087.6107 +016.5399 -087.7067 0
L1 08    418 +016.0757 -000.7542 -005.9338 -104.5088 -081.3166 +102.8511 0
L1 01    422 +016.0472 +000.1482 +001.3477 -083.5313 +001.4355 +002.0293 0
L1 02    422 +005.3065 +006.9153 +001.7008 -152.5960 -002.9750 -158.4334 0
L1 03    422 +016.1675 -000.5692 -000.8316 -089.9208 +002.3767 +092.3787 0
L1 04    422 +008.4119 +008.0407 +001.7756 -030.6723 -000.6062 +000.3807 0
L1 05    422 +014.4511 +010.4369 +001.9679 -109.2547 +000.5599 -013.2886 0
L1 06    422 +015.9656 -000.8312 -004.1348 +172.2732 +088.2167 -005.6281 0
L1 07    422 +016.1247 -000.7820 -005.2689 +087.6071 +016.5394 -087.7077 0
L1 08    422 +016.0758 -000.7541 -005.9337 -104.5058 -081.3154 +102.8473 0
L1 01    426 +016.0472 +000.1479 +001.3479 -083.5344 +001.4341 +002.0294 0
L1 02    426 +005.3066 +006.9153 +001.7007 -152.5967 -002.9753 -158.4334 0
L1 03    426 +016.1674 -000.5690 -000.8317 -089.9208 +002.3786 +092.3762 0
L1 04    426 +008.4119 +008.0407 +001.7755 -030.6723 -000.6061 +000.3802 0
L1 05    426 +014.4515 +010.4364 +001.9678 -109.2589 +000.5587 -013.2893 0
L1 06    426 +015.9655 -000.8313 -004.1349 +172.2035 +088.2162 -005.6953 0
L1 07    426 +016.1246 -000.7819 -005.2689 +087.6055 +016.5377 -087.7067 0
L1 08    426 +016.0755 -000.7540 -005.9337 -104.4947 -081.3137 +102.8347 0
