L1 01      5 +016.5948 +002.8392 +001.3939 +096.9593 +003.4612 +000.7198 0
L1 02      5 +007.1369 +005.8795 +001.6820 -119.7967 +003.4911 -128.8786 0
L1 03      5 +016.5018 +003.6396 -000.7912 +093.4900 +004.0101 +090.8085 0
L1 04      5 +008.5089 +010.6705 +001.8079 -056.0247 -000.3453 +000.5217 0
L1 05      5 +014.3880 +009.9607 +001.9724 -108.7121 +000.9683 -011.3831 0
L1 06      5 +018.4982 +001.7148 -000.3219 -006.4202 +000.6022 -122.2464 0
L1 07      5 +019.8126 +002.9370 -000.1061 -046.1453 +025.6444 +154.0568 0
L1 08      5 +020.1320 +003.6732 -000.4592 -115.8017 -017.3606 +147.6463 0
L1 01      9 +016.5949 +002.8392 +001.3938 +096.9611 +003.4615 +000.7201 0
L1 02      9 +007.1368 +005.8795 +001.6820 -119.7965 +003.4913 -128.8786 0
L1 03      9 +016.5017 +003.6396 -000.7912 +093.4900 +004.0112 +090.8087 0
L1 04      9 +008.5089 +010.6705 +001.8079 -056.0247 -000.3451 +000.5220 0
L1 05      9 +014.3878 +009.9608 +001.9722 -108.7119 +000.9669 -011.3817 0
L1 06      9 +018.4982 +001.7150 -000.3214 -006.4188 +000.5993 -122.2457 0
L1 07      9 +019.8126 +002.9369 -000.1056 -046.1456 +025.6435 +154.0592 0
L1 08      9 +020.1320 +003.6732 -000.4590 -115.8018 -017.3601 +147.6476 0
L1 01     13 +016.5949 +002.8392 +001.3938 +096.9618 +003.4620 +000.7201 0
L1 02     13 +007.1368 +005.8795 +001.6820 -119.7962 +003.4916 -128.8785 0
L1 03     13 +016.5017 +003.6397 -000.7914 +093.4901 +004.0118 +090.8096 0
L1 04     13 +008.5089 +010.6705 +001.8079 -056.0249 -000.3453 +000.5214 0
L1 05     13 +014.3881 +009.9606 +001.9722 -108.7147 +000.9669 -011.3820 0
L1 06     13 +018.4983 +001.7153 -000.3218 -006.4170 +000.6017 -122.2457 0
L1 07     13 +019.8124 +002.9375 -000.1057 -046.1439 +025.6448 +154.0581 0
L1 08     13 +020.1321 +003.6730 -000.4591 -115.8033 -017.3595 +147.6467 0
L1 01     17 +016.5949 +002.8395 +001.3934 +096.9665 +003.4626 +000.7240 0
L1 02     17 +007.1368 +005.8795 +001.6820 -119.7959 +003.4917 -128.8784 0
L1 03     17 +016.5017 +003.6398 -000.7915 +093.4915 +004.0120 +090.8111 0
L1 04     17 +008.5089 +010.6705 +001.8079 -056.0248 -000.3456 +000.5217 0
L1 05     17 +014.3880 +009.9607 +001.9722 -108.7131 +000.9661 -011.3816 0
L1 06     17 +018.4982 +001.7149 -000.3218 -006.4185 +000.6006 -122.2461 0
L1 07     17 +019.8123 +002.9374 -000.1059 -046.1437 +025.6443 +154.0583 0
L1 08     17 +020.1321 +003.6729 -000.4591 -115.8032 -017.3596 +147.6473 0
L1 01     21 +016.5949 +002.8394 +001.3935 +096.9666 +003.4626 +000.7228 0
L1 02     21 +007.1368 +005.8795 +001.6820 -119.7958 +003.4917 -128.8784 0
L1 03     21 +016.5017 +003.6398 -000.7913 +093.4914 +004.0119 +090.8099 0
L1 04     21 +008.5089 +010.6705 +001.8079 -056.0249 -000.3454 +000.5217 0
L1 05     21 +014.3878 +009.9610 +001.9721 -108.7112 +000.9662 -011.3819 0
L1 06     21 +018.4983 +001.7154 -000.3219 -006.4162 +000.6018 -122.2441 0
L1 07     21 +019.8124 +002.9376 -000.1059 -046.1440 +025.6450 +154.0577 0
L1 08     21 +020.1320 +003.6733 -000.4592 -115.8003 -017.3592 +147.6463 0
L1 01     25 +016.5949 +002.8393 +001.3935 +096.9655 +003.4623 +000.7227 0
L1 02     25 +007.1368 +005.8795 +001.6820 -119.7958 +003.4915 -128.8784 0
L1 03     25 +016.5017 +003.6396 -000.7914 +093.4893 +004.0120 +090.8105 0
L1 04     25 +008.5090 +010.6704 +001.8079 -056.0257 -000.3454 +000.5215 0
L1 05     25 +014.3881 +009.9605 +001.9719 -108.7146 +000.9656 -011.3829 0
L1 06     25 +018.4983 +001.7147 -000.3215 -006.4217 +000.6001 -122.2442 0
L1 07     25 +019.8127 +002.9367 -000.1051 -046.1477 +025.6429 +154.0598 0
L1 08     25 +020.1319 +003.6730 -000.4593 -115.8023 -017.3603 +147.6464 0
L1 01     29 +016.5949 +002.8391 +001.3937 +096.9642 +003.4613 +000.7216 0
L1 02     29 +007.1368 +005.8795 +001.6820 -119.7960 +003.4914 -128.8785 0
L1 03     29 +016.5016 +003.6397 -000.7913 +093.4904 +004.0121 +090.8101 0
L1 04     29 +008.5090 +010.6704 +001.8079 -056.0255 -000.3453 +000.5217 0
L1 05     29 +014.3882 +009.9602 +001.9719 -108.7161 +000.9654 -011.3830 0
L1 06     29 +018.4982 +001.7144 -000.3212 -006.4225 +000.5992 -122.2452 0
L1 07     29 +019.8125 +002.9375 -000.1053 -046.1436 +025.6425 +154.0590 0
L1 08     29 +020.1319 +003.6730 -000.4593 -115.8007 -017.3598 +147.6452 0
L1 01     33 +016.5949 +002.8394 +001.3935 +096.9676 +003.4616 +000.7233 0
L1 02     33 +007.1368 +005.8795 +001.6820 -119.7959 +003.4915 -128.8785 0
L1 03     33 +016.5015 +003.6400 -000.7913 +093.4925 +004.0115 +090.8106 0
L1 04     33 +008.5089 +010.6705 +001.8079 -056.0246 -000.3452 +000.5220 0
L1 05     33 +014.3882 +009.9603 +001.9721 -108.7153 +000.9662 -011.3818 0
L1 06     33 +018.4982 +001.7153 -000.3207 -006.4174 +000.5965 -122.2429 0
L1 07     33 +019.8124 +002.9379 -000.1051 -046.1412 +025.6414 +154.0615 0
L1 08     33 +020.1319 +003.6733 -000.4592 -115.7978 -017.3581 +147.6466 0
L1 01     37 +016.5949 +002.8394 +001.3936 +096.9670 +003.4602 +000.7218 0
L1 02     37 +007.1368 +005.8795 +001.6820 -119.7959 +003.4916 -128.8785 0
L1 03     37 +016.5016 +003.6397 -000.7912 +093.4897 +004.0120 +090.8091 0
L1 04     37 +008.5090 +010.6705 +001.8079 -056.0253 -000.3450 +000.5221 0
L1 05     37 +014.3879 +009.9608 +001.9724 -108.7122 +000.9676 -011.3808 0
L1 06     37 +018.4982 +001.7151 -000.3212 -006.4178 +000.5988 -122.2440 0
L1 07     37 +019.8125 +002.9374 -000.1056 -046.1448 +025.6445 +154.0601 0
L1 08     37 +020.1320 +003.6730 -000.4592 -115.7993 -017.3581 +147.6466 0
L1 01     41 +016.5949 +002.8395 +001.3936 +096.9678 +003.4609 +000.7226 0
L1 02     41 +007.1368 +005.8795 +001.6820 -119.7961 +003.4916 -128.8786 0
L1 03     41 +016.5017 +003.6396 -000.7914 +093.4894 +004.0132 +090.8101 0
L1 04     41 +008.5090 +010.6705 +001.8079 -056.0250 -000.3450 +000.5216 0
L1 05     41 +014.3881 +009.9606 +001.9718 -108.7133 +000.9655 -011.3833 0
L1 06     41 +018.4983 +001.7146 -000.3211 -006.4213 +000.5989 -122.2437 0
L1 07     41 +019.8124 +002.9373 -000.1056 -046.1467 +025.6446 +154.0587 0
L1 08     41 +020.1320 +003.6733 -000.4592 -115.7977 -017.3582 +147.6463 0
L1 01     45 +016.5948 +002.8394 +001.3936 +096.9671 +003.4598 +000.7222 0
L1 02     45 +007.1369 +005.8795 +001.6820 -119.7966 +003.4916 -128.8786 0
L1 03     45 +016.5017 +003.6396 -000.7913 +093.4886 +004.0134 +090.8094 0
L1 04     45 +008.5090 +010.6704 +001.8078 -056.0257 -000.3452 +000.5213 0
L1 05     45 +014.3881 +009.9605 +001.9722 -108.7144 +000.9665 -011.3826 0
L1 06     45 +018.4982 +001.7147 -000.3211 -006.4209 +000.5988 -122.2447 0
L1 07     45 +019.8123 +002.9375 -000.1054 -046.1455 +025.6433 +154.0589 0
L1 08     45 +020.1319 +003.6730 -000.4594 -115.7984 -017.3590 +147.6456 0
L1 01     49 +016.5949 +002.8394 +001.3935 +096.9665 +003.4606 +000.7229 0
L1 02     49 +007.1368 +005.8795 +001.6820 -119.7967 +003.4918 -128.8787 0
L1 03     49 +016.5018 +003.6394 -000.7911 +093.4876 +004.0147 +090.8082 0
L1 04     49 +008.5091 +010.6704 +001.8079 -056.0260 -000.3449 +000.5219 0
L1 05     49 +014.3883 +009.9602 +001.9717 -108.7169 +000.9650 -011.3840 0
L1 06     49 +018.4981 +001.7154 -000.3216 -006.4188 +000.6021 -122.2449 0
L1 07     49 +019.8124 +002.9373 -000.1056 -046.1477 +025.6422 +154.0584 0
L1 08     49 +020.1320 +003.6727 -000.4594 -115.8002 -017.3591 +147.6451 0
L1 01     53 +016.5949 +002.8395 +001.3935 +096.9680 +003.4599 +000.7231 0
L1 02     53 +007.1368 +005.8795 +001.6820 -119.7965 +003.4920 -128.8785 0
L1 03     53 +016.5017 +003.6396 -000.7912 +093.4895 +004.0152 +090.8093 0
L1 04     53 +008.5090 +010.6704 +001.8079 -056.0255 -000.3452 +000.5221 0
L1 05     53 +014.3880 +009.9605 +001.9723 -108.7132 +000.9686 -011.3815 0
L1 06     53 +018.4982 +001.7153 -000.3214 -006.4189 +000.6005 -122.2428 0
L1 07     53 +019.8125 +002.9368 -000.1051 -046.1492 +025.6394 +154.0587 0
L1 08     53 +020.1320 +003.6731 -000.4590 -115.7980 -017.3574 +147.6476 0
L1 01     57 +016.5949 +002.8394 +001.3937 +096.9673 +003.4589 +000.7216 0
L1 02     57 +007.1368 +005.8795 +001.6820 -119.7965 +003.4917 -128.8785 0
L1 03     57 +016.5017 +003.6396 -000.7913 +093.4896 +004.0156 +090.8095 0
L1 04     57 +008.5090 +010.6704 +001.8079 -056.0257 -000.3448 +000.5223 0
L1 05     57 +014.3880 +009.9605 +001.9724 -108.7147 +000.9685 -011.3809 0
L1 06     57 +018.4982 +001.7153 -000.3213 -006.4188 +000.6000 -122.2432 0
L1 07     57 +019.8126 +002.9362 -000.1059 -046.1532 +025.6416 +154.0554 0
L1 08     57 +020.1320 +003.6732 -000.4590 -115.7967 -017.3571 +147.6469 0
L1 01     61 +016.5949 +002.8392 +001.3936 +096.9673 +003.4576 +000.7231 0
L1 02     61 +007.1368 +005.8795 +001.6820 -119.7965 +003.4920 -128.8784 0
L1 03     61 +016.5016 +003.6398 -000.7914 +093.4908 +004.0159 +090.8108 0
L1 04     61 +008.5090 +010.6704 +001.8079 -056.0258 -000.3450 +000.5214 0
L1 05     61 +014.3881 +009.9605 +001.9719 -108.7145 +000.9662 -011.3832 0
L1 06     61 +018.4981 +001.7153 -000.3216 -006.4183 +000.6012 -122.2453 0
L1 07     61 +019.8126 +002.9365 -000.1051 -046.1513 +025.6403 +154.0598 0
L1 08     61 +020.1320 +003.6728 -000.4589 -115.7984 -017.3568 +147.6474 0
L1 01     65 +016.5949 +002.8395 +001.3936 +096.9688 +003.4577 +000.7233 0
L1 02     65 +007.1368 +005.8795 +001.6820 -119.7962 +003.4919 -128.8785 0
L1 03     65 +016.5016 +003.6397 -000.7914 +093.4902 +004.0172 +090.8115 0
L1 04     65 +008.5090 +010.6704 +001.8079 -056.0257 -000.3451 +000.5218 0
L1 05     65 +014.3882 +009.9604 +001.9721 -108.7149 +000.9663 -011.3816 0
L1 06     65 +018.4982 +001.7153 -000.3218 -006.4193 +000.6028 -122.2433 0
L1 07     65 +019.8125 +002.9371 -000.1055 -046.1490 +025.6425 +154.0582 0
L1 08     65 +020.1320 +003.6731 -000.4596 -115.7960 -017.3584 +147.6447 0
L1 01     69 +016.5949 +002.8392 +001.3939 +096.9667 +003.4566 +000.7206 0
L1 02     69 +007.1368 +005.8795 +001.6820 -119.7964 +003.4916 -128.8786 0
L1 03     69 +016.5017 +003.6396 -000.7914 +093.4882 +004.0170 +090.8104 0
L1 04     69 +008.5090 +010.6705 +001.8079 -056.0253 -000.3448 +000.5221 0
L1 05     69 +014.3883 +009.9600 +001.9722 -108.7162 +000.9665 -011.3815 0
L1 06     69 +018.4983 +001.7145 -000.3215 -006.4242 +000.6025 -122.2426 0
L1 07     69 +019.8125 +002.9366 -000.1048 -046.1522 +025.6402 +154.0580 0
L1 08     69 +020.1320 +003.6729 -000.4593 -115.7980 -017.3580 +147.6460 0
L1 01     73 +016.5949 +002.8395 +001.3936 +096.9703 +003.4569 +000.7226 0
L1 02     73 +007.1368 +005.8795 +001.6820 -119.7958 +003.4916 -128.8785 0
L1 03     73 +016.5016 +003.6398 -000.7914 +093.4906 +004.0174 +090.8108 0
L1 04     73 +008.5089 +010.6705 +001.8079 -056.0245 -000.3448 +000.5219 0
L1 05     73 +014.3880 +009.9605 +001.9725 -108.7131 +000.9679 -011.3802 0
L1 06     73 +018.4982 +001.7150 -000.3217 -006.4198 +000.6023 -122.2434 0
L1 07     73 +019.8126 +002.9367 -000.1058 -046.1506 +025.6445 +154.0568 0
L1 08     73 +020.1319 +003.6733 -000.4591 -115.7941 -017.3577 +147.6480 0
L1 01     77 +016.5950 +002.8394 +001.3935 +096.9705 +003.4572 +000.7229 0
L1 02     77 +007.1368 +005.8795 +001.6820 -119.7958 +003.4918 -128.8787 0
L1 03     77 +016.5017 +003.6396 -000.7912 +093.4891 +004.0177 +090.8092 0
L1 04     77 +008.5090 +010.6705 +001.8080 -056.0254 -000.3445 +000.5222 0
L1 05     77 +014.3880 +009.9606 +001.9724 -108.7134 +000.9677 -011.3800 0
L1 06     77 +018.4983 +001.7149 -000.3215 -006.4210 +000.6015 -122.2440 0
L1 07     77 +019.8125 +002.9371 -000.1056 -046.1505 +025.6428 +154.0559 0
L1 08     77 +020.1320 +003.6732 -000.4590 -115.7950 -017.3563 +147.6485 0
L1 01     81 +016.5950 +002.8392 +001.3936 +096.9698 +003.4567 +000.7225 0
L1 02     81 +007.1368 +005.8795 +001.6820 -119.7962 +003.4918 -128.8788 0
L1 03     81 +016.5017 +003.6396 -000.7912 +093.4893 +004.0189 +090.8093 0
L1 04     81 +008.5090 +010.6704 +001.8079 -056.0254 -000.3450 +000.5218 0
L1 05     81 +014.3880 +009.9607 +001.9718 -108.7137 +000.9650 -011.3825 0
L1 06     81 +018.4983 +001.7145 -000.3219 -006.4231 +000.6037 -122.2446 0
L1 07     81 +019.8125 +002.9373 -000.1054 -046.1490 +025.6415 +154.0563 0
L1 08     81 +020.1320 +003.6733 -000.4594 -115.7927 -017.3573 +147.6462 0
L1 01     85 +016.5949 +002.8392 +001.3936 +096.9705 +003.4568 +000.7225 0
L1 02     85 +007.1368 +005.8795 +001.6820 -119.7964 +003.4919 -128.8786 0
L1 03     85 +016.5017 +003.6395 -000.7912 +093.4887 +004.0191 +090.8097 0
L1 04     85 +008.5090 +010.6704 +001.8079 -056.0253 -000.3452 +000.5217 0
L1 05     85 +014.3882 +009.9604 +001.9718 -108.7151 +000.9646 -011.3833 0
L1 06     85 +018.4982 +001.7149 -000.3215 -006.4212 +000.6027 -122.2428 0
L1 07     85 +019.8125 +002.9366 -000.1061 -046.1542 +025.6430 +154.0528 0
L1 08     85 +020.1319 +003.6732 -000.4593 -115.7934 -017.3568 +147.6464 0
L1 01     89 +016.5949 +002.8392 +001.3936 +096.9707 +003.4564 +000.7227 0
L1 02     89 +007.1368 +005.8795 +001.6820 -119.7966 +003.4915 -128.8787 0
L1 03     89 +016.5017 +003.6395 -000.7912 +093.4885 +004.0192 +090.8101 0
L1 04     89 +008.5090 +010.6704 +001.8079 -056.0258 -000.3451 +000.5220 0
L1 05     89 +014.3883 +009.9604 +001.9718 -108.7163 +000.9644 -011.3827 0
L1 06     89 +018.4983 +001.7145 -000.3219 -006.4241 +000.6053 -122.2421 0
L1 07     89 +019.8125 +002.9370 -000.1061 -046.1533 +025.6430 +154.0527 0
L1 08     89 +020.1320 +003.6729 -000.4593 -115.7946 -017.3578 +147.6466 0
L1 01     93 +016.5949 +002.8394 +001.3936 +096.9729 +003.4559 +000.7242 0
L1 02     93 +007.1368 +005.8795 +001.6820 -119.7965 +003.4917 -128.8787 0
L1 03     93 +016.5016 +003.6395 -000.7914 +093.4884 +004.0197 +090.8117 0
L1 04     93 +008.5091 +010.6704 +001.8079 -056.0261 -000.3451 +000.5219 0
L1 05     93 +014.3883 +009.9603 +001.9715 -108.7155 +000.9635 -011.3849 0
L1 06     93 +018.4983 +001.7146 -000.3214 -006.4234 +000.6021 -122.2419 0
L1 07     93 +019.8125 +002.9376 -000.1056 -046.1499 +025.6439 +154.0566 0
L1 08     93 +020.1320 +003.6730 -000.4593 -115.7936 -017.3566 +147.6464 0
L1 01     97 +016.5949 +002.8395 +001.3935 +096.9745 +003.4550 +000.7247 0
L1 02     97 +007.1368 +005.8796 +001.6820 -119.7956 +003.4915 -128.8784 0
L1 03     97 +016.5016 +003.6398 -000.7913 +093.4906 +004.0193 +090.8116 0
L1 04     97 +008.5090 +010.6705 +001.8078 -056.0249 -000.3454 +000.5212 0
L1 05     97 +014.3881 +009.9606 +001.9716 -108.7123 +000.9639 -011.3845 0
L1 06     97 +018.4982 +001.7150 -000.3219 -006.4213 +000.6052 -122.2429 0
L1 07     97 +019.8126 +002.9366 -000.1057 -046.1545 +025.6433 +154.0552 0
L1 08     97 +020.1319 +003.6735 -000.4592 -115.7896 -017.3568 +147.6469 0
L1 01    101 +016.5949 +002.8392 +001.3937 +096.9723 +003.4549 +000.7227 0
L1 02    101 +007.1368 +005.8795 +001.6820 -119.7959 +003.4916 -128.8784 0
L1 03    101 +016.5016 +003.6399 -000.7914 +093.4902 +004.0203 +090.8112 0
L1 04    101 +008.5089 +010.6705 +001.8079 -056.0247 -000.3453 +000.5216 0
L1 05    101 +014.3880 +009.9608 +001.9721 -108.7116 +000.9673 -011.3829 0
L1 06    101 +018.4982 +001.7151 -000.3216 -006.4210 +000.6038 -122.2426 0
L1 07    101 +019.8126 +002.9365 -000.1062 -046.1557 +025.6456 +154.0528 0
L1 08    101 +020.1319 +003.6735 -000.4593 -115.7896 -017.3562 +147.6464 0
L1 01    105 +016.5949 +002.8389 +001.3937 +096.9707 +003.4555 +000.7226 0
L1 02    105 +007.1368 +005.8795 +001.6820 -119.7962 +003.4913 -128.8787 0
L1 03    105 +016.5017 +003.6394 -000.7913 +093.4857 +004.0217 +090.8109 0
L1 04    105 +008.5091 +010.6703 +001.8079 -056.0264 -000.3449 +000.5219 0
L1 05    105 +014.3883 +009.9603 +001.9721 -108.7151 +000.9668 -011.3827 0
L1 06    105 +018.4981 +001.7149 -000.3209 -006.4225 +000.6015 -122.2410 0
L1 07    105 +019.8124 +002.9369 -000.1057 -046.1537 +025.6421 +154.0535 0
L1 08    105 +020.1319 +003.6728 -000.4593 -115.7929 -017.3562 +147.6459 0
L1 01    109 +016.5949 +002.8392 +001.3936 +096.9730 +003.4549 +000.7240 0
L1 02    109 +007.1368 +005.8795 +001.6820 -119.7962 +003.4916 -128.8787 0
L1 03    109 +016.5016 +003.6396 -000.7913 +093.4888 +004.0211 +090.8113 0
L1 04    109 +008.5090 +010.6704 +001.8079 -056.0255 -000.3448 +000.5218 0
L1 05    109 +014.3881 +009.9604 +001.9720 -108.7138 +000.9665 -011.3816 0
L1 06    109 +018.4981 +001.7147 -000.3214 -006.4230 +000.6038 -122.2425 0
L1 07    109 +019.8124 +002.9368 -000.1052 -046.1534 +025.6398 +154.0556 0
L1 08    109 +020.1320 +003.6727 -000.4592 -115.7931 -017.3558 +147.6472 0
L1 01    113 +016.5949 +002.8395 +001.3934 +096.9749 +003.4546 +000.7252 0
L1 02    113 +007.1368 +005.8795 +001.6820 -119.7963 +003.4917 -128.8785 0
L1 03    113 +016.5016 +003.6397 -000.7913 +093.4890 +004.0215 +090.8111 0
L1 04    113 +008.5090 +010.6704 +001.8079 -056.0255 -000.3451 +000.5217 0
L1 05    113 +014.3884 +009.9602 +001.9719 -108.7167 +000.9661 -011.3833 0
L1 06    113 +018.4982 +001.7148 -000.3212 -006.4222 +000.6031 -122.2410 0
L1 07    113 +019.8124 +002.9373 -000.1061 -046.1537 +025.6431 +154.0517 0
L1 08    113 +020.1320 +003.6730 -000.4593 -115.7908 -017.3562 +147.6464 0
L1 01    117 +016.5949 +002.8394 +001.3938 +096.9735 +003.4537 +000.7217 0
L1 02    117 +007.1369 +005.8795 +001.6820 -119.7969 +003.4917 -128.8785 0
L1 03    117 +016.5017 +003.6397 -000.7912 +093.4880 +004.0216 +090.8100 0
L1 04    117 +008.5089 +010.6705 +001.8079 -056.0251 -000.3451 +000.5221 0
L1 05    117 +014.3881 +009.9603 +001.9722 -108.7146 +000.9677 -011.3805 0
L1 06    117 +018.4982 +001.7149 -000.3213 -006.4222 +000.6032 -122.2405 0
L1 07    117 +019.8123 +002.9376 -000.1058 -046.1517 +025.6410 +154.0521 0
L1 08    117 +020.1319 +003.6732 -000.4594 -115.7887 -017.3559 +147.6452 0
L1 01    121 +016.5949 +002.8395 +001.3936 +096.9750 +003.4536 +000.7247 0
L1 02    121 +007.1368 +005.8795 +001.6820 -119.7959 +003.4917 -128.8783 0
L1 03    121 +016.5016 +003.6396 -000.7914 +093.4888 +004.0223 +090.8122 0
L1 04    121 +008.5090 +010.6705 +001.8079 -056.0254 -000.3451 +000.5218 0
L1 05    121 +014.3884 +009.9600 +001.9723 -108.7174 +000.9673 -011.3809 0
L1 06    121 +018.4981 +001.7150 -000.3218 -006.4224 +000.6055 -122.2398 0
L1 07    121 +019.8124 +002.9370 -000.1060 -046.1554 +025.6422 +154.0513 0
L1 08    121 +020.1318 +003.6734 -000.4593 -115.7868 -017.3555 +147.6456 0
L1 01    125 +016.5949 +002.8394 +001.3934 +096.9746 +003.4534 +000.7259 0
L1 02    125 +007.1368 +005.8795 +001.6820 -119.7966 +003.4918 -128.8785 0
L1 03    125 +016.5015 +003.6397 -000.7915 +093.4886 +004.0228 +090.8123 0
L1 04    125 +008.5090 +010.6704 +001.8079 -056.0254 -000.3449 +000.5217 0
L1 05    125 +014.3883 +009.9601 +001.9725 -108.7168 +000.9686 -011.3808 0
L1 06    125 +018.4981 +001.7152 -000.3211 -006.4216 +000.6024 -122.2408 0
L1 07    125 +019.8124 +002.9361 -000.1060 -046.1616 +025.6424 +154.0517 0
L1 08    125 +020.1319 +003.6728 -000.4591 -115.7904 -017.3546 +147.6466 0
L1 01    129 +016.5949 +002.8393 +001.3936 +096.9739 +003.4537 +000.7245 0
L1 02    129 +007.1369 +005.8795 +001.6820 -119.7969 +003.4918 -128.8786 0
L1 03    129 +016.5016 +003.6397 -000.7914 +093.4879 +004.0238 +090.8117 0
L1 04    129 +008.5090 +010.6704 +001.8078 -056.0259 -000.3447 +000.5213 0
L1 05    129 +014.3882 +009.9603 +001.9724 -108.7158 +000.9689 -011.3819 0
L1 06    129 +018.4983 +001.7148 -000.3215 -006.4237 +000.6039 -122.2416 0
L1 07    129 +019.8125 +002.9363 -000.1050 -046.1582 +025.6408 +154.0564 0
L1 08    129 +020.1319 +003.6728 -000.4593 -115.7903 -017.3549 +147.6457 0
L1 01    133 +016.5949 +002.8395 +001.3936 +096.9754 +003.4537 +000.7254 0
L1 02    133 +007.1368 +005.8795 +001.6820 -119.7967 +003.4916 -128.8786 0
L1 03    133 +016.5015 +003.6397 -000.7915 +093.4882 +004.0247 +090.8128 0
L1 04    133 +008.5091 +010.6704 +001.8078 -056.0261 -000.3451 +000.5209 0
L1 05    133 +014.3881 +009.9603 +001.9720 -108.7155 +000.9672 -011.3832 0
L1 06    133 +018.4982 +001.7146 -000.3213 -006.4236 +000.6041 -122.2402 0
L1 07    133 +019.8125 +002.9370 -000.1051 -046.1543 +025.6406 +154.0553 0
L1 08    133 +020.1319 +003.6728 -000.4596 -115.7888 -017.3551 +147.6434 0
L1 01    137 +016.5949 +002.8393 +001.3937 +096.9740 +003.4529 +000.7236 0
L1 02    137 +007.1368 +005.8795 +001.6820 -119.7964 +003.4916 -128.8786 0
L1 03    137 +016.5016 +003.6398 -000.7912 +093.4880 +004.0244 +090.8110 0
L1 04    137 +008.5090 +010.6704 +001.8079 -056.0259 -000.3449 +000.5221 0
L1 05    137 +014.3880 +009.9604 +001.9722 -108.7143 +000.9678 -011.3815 0
L1 06    137 +018.4981 +001.7152 -000.3215 -006.4205 +000.6057 -122.2410 0
L1 07    137 +019.8125 +002.9370 -000.1055 -046.1553 +025.6420 +154.0546 0
L1 08    137 +020.1319 +003.6729 -000.4594 -115.7877 -017.3550 +147.6447 0
L1 01    141 +016.5949 +002.8392 +001.3937 +096.9730 +003.4519 +000.7238 0
L1 02    141 +007.1368 +005.8795 +001.6820 -119.7965 +003.4915 -128.8786 0
L1 03    141 +016.5017 +003.6394 -000.7914 +093.4856 +004.0247 +090.8120 0
L1 04    141 +008.5091 +010.6704 +001.8079 -056.0266 -000.3449 +000.5219 0
L1 05    141 +014.3883 +009.9601 +001.9721 -108.7170 +000.9671 -011.3822 0
L1 06    141 +018.4982 +001.7147 -000.3217 -006.4240 +000.6062 -122.2397 0
L1 07    141 +019.8125 +002.9377 -000.1049 -046.1511 +025.6400 +154.0576 0
L1 08    141 +020.1319 +003.6727 -000.4595 -115.7891 -017.3550 +147.6448 0
L1 01    145 +016.5949 +002.8394 +001.3936 +096.9758 +003.4515 +000.7243 0
L1 02    145 +007.1368 +005.8795 +001.6820 -119.7959 +003.4915 -128.8784 0
L1 03    145 +016.5016 +003.6399 -000.7916 +093.4893 +004.0248 +090.8131 0
L1 04    145 +008.5090 +010.6705 +001.8079 -056.0252 -000.3449 +000.5219 0
L1 05    145 +014.3880 +009.9607 +001.9716 -108.7122 +000.9650 -011.3833 0
L1 06    145 +018.4981 +001.7151 -000.3215 -006.4213 +000.6044 -122.2412 0
L1 07    145 +019.8124 +002.9369 -000.1056 -046.1561 +025.6402 +154.0520 0
L1 08    145 +020.1319 +003.6734 -000.4594 -115.7843 -017.3543 +147.6451 0
L1 01    149 +016.5949 +002.8395 +001.3938 +096.9757 +003.4516 +000.7223 0
L1 02    149 +007.1369 +005.8795 +001.6820 -119.7967 +003.4915 -128.8786 0
L1 03    149 +016.5017 +003.6397 -000.7914 +093.4873 +004.0253 +090.8115 0
L1 04    149 +008.5090 +010.6704 +001.8079 -056.0259 -000.3446 +000.5221 0
L1 05    149 +014.3881 +009.9604 +001.9721 -108.7142 +000.9673 -011.3826 0
L1 06    149 +018.4982 +001.7146 -000.3218 -006.4242 +000.6068 -122.2402 0
L1 07    149 +019.8123 +002.9367 -000.1056 -046.1577 +025.6413 +154.0523 0
L1 08    149 +020.1319 +003.6731 -000.4592 -115.7862 -017.3538 +147.6465 0
L1 01    153 +016.5949 +002.8394 +001.3938 +096.9755 +003.4510 +000.7226 0
L1 02    153 +007.1368 +005.8795 +001.6820 -119.7968 +003.4916 -128.8786 0
L1 03    153 +016.5016 +003.6396 -000.7913 +093.4865 +004.0263 +090.8112 0
L1 04    153 +008.5091 +010.6704 +001.8078 -056.0261 -000.3449 +000.5212 0
L1 05    153 +014.3882 +009.9602 +001.9720 -108.7169 +000.9665 -011.3833 0
L1 06    153 +018.4982 +001.7147 -000.3217 -006.4238 +000.6078 -122.2404 0
L1 07    153 +019.8124 +002.9368 -000.1058 -046.1594 +025.6421 +154.0522 0
L1 08    153 +020.1321 +003.6723 -000.4594 -115.7903 -017.3548 +147.6458 0
L1 01    157 +016.5949 +002.8390 +001.3938 +096.9737 +003.4506 +000.7222 0
L1 02    157 +007.1368 +005.8795 +001.6820 -119.7966 +003.4917 -128.8785 0
L1 03    157 +016.5016 +003.6395 -000.7913 +093.4860 +004.0265 +090.8110 0
L1 04    157 +008.5090 +010.6704 +001.8079 -056.0255 -000.3447 +000.5218 0
L1 05    157 +014.3881 +009.9605 +001.9721 -108.7147 +000.9664 -011.3822 0
L1 06    157 +018.4981 +001.7144 -000.3216 -006.4257 +000.6077 -122.2418 0
L1 07    157 +019.8123 +002.9368 -000.1055 -046.1589 +025.6405 +154.0512 0
L1 08    157 +020.1319 +003.6725 -000.4594 -115.7883 -017.3546 +147.6457 0
L1 01    161 +016.5949 +002.8392 +001.3936 +096.9760 +003.4507 +000.7249 0
L1 02    161 +007.1368 +005.8795 +001.6820 -119.7966 +003.4918 -128.8783 0
L1 03    161 +016.5016 +003.6396 -000.7914 +093.4865 +004.0272 +090.8122 0
L1 04    161 +008.5091 +010.6704 +001.8078 -056.0262 -000.3452 +000.5215 0
L1 05    161 +014.3878 +009.9608 +001.9718 -108.7124 +000.9641 -011.3828 0
L1 06    161 +018.4981 +001.7146 -000.3217 -006.4252 +000.6076 -122.2408 0
L1 07    161 +019.8121 +002.9374 -000.1053 -046.1552 +025.6405 +154.0532 0
L1 08    161 +020.1319 +003.6728 -000.4591 -115.7870 -017.3544 +147.6473 0
L1 01    165 +016.5949 +002.8393 +001.3937 +096.9762 +003.4505 +000.7235 0
L1 02    165 +007.1368 +005.8795 +001.6820 -119.7966 +003.4916 -128.8785 0
L1 03    165 +016.5017 +003.6395 -000.7913 +093.4855 +004.0270 +090.8115 0
L1 04    165 +008.5090 +010.6704 +001.8079 -056.0260 -000.3452 +000.5217 0
L1 05    165 +014.3880 +009.9608 +001.9720 -108.7126 +000.9670 -011.3834 0
L1 06    165 +018.4981 +001.7145 -000.3220 -006.4254 +000.6079 -122.2407 0
L1 07    165 +019.8123 +002.9367 -000.1053 -046.1584 +025.6410 +154.0529 0
L1 08    165 +020.1320 +003.6727 -000.4593 -115.7864 -017.3544 +147.6461 0
L1 01    169 +016.5949 +002.8394 +001.3936 +096.9783 +003.4510 +000.7246 0
L1 02    169 +007.1368 +005.8795 +001.6820 -119.7962 +003.4917 -128.8784 0
L1 03    169 +016.5017 +003.6398 -000.7912 +093.4880 +004.0280 +090.8111 0
L1 04    169 +008.5090 +010.6705 +001.8079 -056.0253 -000.3453 +000.5215 0
L1 05    169 +014.3883 +009.9605 +001.9717 -108.7138 +000.9648 -011.3836 0
L1 06    169 +018.4981 +001.7150 -000.3221 -006.4224 +000.6079 -122.2421 0
L1 07    169 +019.8121 +002.9372 -000.1052 -046.1553 +025.6408 +154.0535 0
L1 08    169 +020.1320 +003.6730 -000.4593 -115.7838 -017.3537 +147.6459 0
L1 01    173 +016.5949 +002.8395 +001.3935 +096.9802 +003.4514 +000.7254 0
L1 02    173 +007.1369 +005.8795 +001.6820 -119.7967 +003.4919 -128.8785 0
L1 03    173 +016.5017 +003.6397 -000.7912 +093.4876 +004.0288 +090.8111 0
L1 04    173 +008.5090 +010.6705 +001.8079 -056.0255 -000.3450 +000.5220 0
L1 05    173 +014.3882 +009.9604 +001.9724 -108.7151 +000.9676 -011.3813 0
L1 06    173 +018.4981 +001.7146 -000.3220 -006.4246 +000.6081 -122.2399 0
L1 07    173 +019.8124 +002.9368 -000.1057 -046.1583 +025.6396 +154.0512 0
L1 08    173 +020.1319 +003.6731 -000.4591 -115.7834 -017.3534 +147.6472 0
L1 01    177 +016.5950 +002.8392 +001.3936 +096.9773 +003.4509 +000.7253 0
L1 02    177 +007.1369 +005.8795 +001.6820 -119.7968 +003.4916 -128.8787 0
L1 03    177 +016.5017 +003.6394 -000.7912 +093.4847 +004.0290 +090.8109 0
L1 04    177 +008.5091 +010.6703 +001.8079 -056.0265 -000.3449 +000.5218 0
L1 05    177 +014.3881 +009.9604 +001.9721 -108.7157 +000.9664 -011.3831 0
L1 06    177 +018.4982 +001.7141 -000.3218 -006.4294 +000.6078 -122.2410 0
L1 07    177 +019.8123 +002.9367 -000.1055 -046.1603 +025.6397 +154.0515 0
L1 08    177 +020.1320 +003.6726 -000.4593 -115.7865 -017.3542 +147.6461 0
L1 01    181 +016.5949 +002.8392 +001.3935 +096.9786 +003.4506 +000.7258 0
L1 02    181 +007.1368 +005.8795 +001.6820 -119.7966 +003.4917 -128.8785 0
L1 03    181 +016.5016 +003.6396 -000.7913 +093.4863 +004.0288 +090.8120 0
L1 04    181 +008.5091 +010.6704 +001.8079 -056.0259 -000.3451 +000.5215 0
L1 05    181 +014.3880 +009.9604 +001.9722 -108.7152 +000.9671 -011.3826 0
L1 06    181 +018.4981 +001.7149 -000.3216 -006.4235 +000.6072 -122.2412 0
L1 07    181 +019.8123 +002.9373 -000.1055 -046.1592 +025.6409 +154.0509 0
L1 08    181 +020.1318 +003.6731 -000.4592 -115.7830 -017.3531 +147.6465 0
L1 01    185 +016.5950 +002.8392 +001.3933 +096.9800 +003.4503 +000.7269 0
L1 02    185 +007.1368 +005.8795 +001.6820 -119.7964 +003.4915 -128.8786 0
L1 03    185 +016.5016 +003.6397 -000.7913 +093.4871 +004.0296 +090.8127 0
L1 04    185 +008.5090 +010.6704 +001.8079 -056.0254 -000.3453 +000.5213 0
L1 05    185 +014.3885 +009.9600 +001.9722 -108.7169 +000.9674 -011.3815 0
L1 06    185 +018.4981 +001.7138 -000.3224 -006.4271 +000.6085 -122.2400 0
L1 07    185 +019.8121 +002.9373 -000.1053 -046.1571 +025.6381 +154.0532 0
L1 08    185 +020.1318 +003.6733 -000.4591 -115.7813 -017.3526 +147.6465 0
L1 01    189 +016.5950 +002.8392 +001.3936 +096.9795 +003.4489 +000.7249 0
L1 02    189 +007.1369 +005.8794 +001.6820 -119.7979 +003.4918 -128.8789 0
L1 03    189 +016.5016 +003.6398 -000.7915 +093.4879 +004.0300 +090.8123 0
L1 04    189 +008.5091 +010.6704 +001.8078 -056.0264 -000.3450 +000.5215 0
L1 05    189 +014.3882 +009.9605 +001.9724 -108.7147 +000.9684 -011.3814 0
L1 06    189 +018.4981 +001.7146 -000.3223 -006.4243 +000.6106 -122.2391 0
L1 07    189 +019.8124 +002.9366 -000.1054 -046.1607 +025.6391 +154.0514 0
L1 08    189 +020.1320 +003.6731 -000.4594 -115.7812 -017.3530 +147.6450 0
L1 01    193 +016.5949 +002.8395 +001.3935 +096.9825 +003.4509 +000.7260 0
L1 02    193 +007.1369 +005.8794 +001.6820 -119.7974 +003.4916 -128.8786 0
L1 03    193 +016.5016 +003.6396 -000.7915 +093.4879 +004.0319 +090.8127 0
L1 04    193 +008.5090 +010.6705 +001.8078 -056.0250 -000.3457 +000.5215 0
L1 05    193 +014.3883 +009.9604 +001.9723 -108.7148 +000.9669 -011.3811 0
L1 06    193 +018.4981 +001.7142 -000.3221 -006.4267 +000.6093 -122.2403 0
L1 07    193 +019.8124 +002.9365 -000.1056 -046.1624 +025.6394 +154.0490 0
L1 08    193 +020.1319 +003.6734 -000.4594 -115.7789 -017.3525 +147.6454 0
L1 01    197 +016.5949 +002.8393 +001.3935 +096.9807 +003.4495 +000.7253 0
L1 02    197 +007.1369 +005.8794 +001.6819 -119.7981 +003.4911 -128.8790 0
L1 03    197 +016.5016 +003.6395 -000.7915 +093.4859 +004.0325 +090.8126 0
L1 04    197 +008.5091 +010.6704 +001.8078 -056.0266 -000.3452 +000.5215 0
L1 05    197 +014.3888 +009.9597 +001.9714 -108.7208 +000.9638 -011.3844 0
L1 06    197 +018.4981 +001.7137 -000.3214 -006.4296 +000.6055 -122.2404 0
L1 07    197 +019.8124 +002.9369 -000.1052 -046.1606 +025.6374 +154.0497 0
L1 08    197 +020.1319 +003.6730 -000.4594 -115.7810 -017.3532 +147.6460 0
L1 01    201 +016.5949 +002.8393 +001.3936 +096.9809 +003.4495 +000.7253 0
L1 02    201 +007.1369 +005.8794 +001.6820 -119.7977 +003.4916 -128.8789 0
L1 03    201 +016.5016 +003.6396 -000.7914 +093.4862 +004.0325 +090.8127 0
L1 04    201 +008.5092 +010.6703 +001.8078 -056.0272 -000.3454 +000.5214 0
L1 05    201 +014.3882 +009.9605 +001.9715 -108.7157 +000.9639 -011.3849 0
L1 06    201 +018.4981 +001.7147 -000.3210 -006.4240 +000.6040 -122.2380 0
L1 07    201 +019.8124 +002.9370 -000.1054 -046.1610 +025.6400 +154.0518 0
L1 08    201 +020.1320 +003.6726 -000.4594 -115.7826 -017.3521 +147.6458 0
L1 01    205 +016.5949 +002.8394 +001.3939 +096.9808 +003.4494 +000.7230 0
L1 02    205 +007.1369 +005.8794 +001.6820 -119.7977 +003.4914 -128.8787 0
L1 03    205 +016.5017 +003.6394 -000.7914 +093.4844 +004.0321 +090.8124 0
L1 04    205 +008.5091 +010.6704 +001.8078 -056.0262 -000.3452 +000.5214 0
L1 05    205 +014.3884 +009.9601 +001.9720 -108.7169 +000.9665 -011.3827 0
L1 06    205 +018.4980 +001.7144 -000.3216 -006.4277 +000.6086 -122.2383 0
L1 07    205 +019.8124 +002.9365 -000.1056 -046.1648 +025.6377 +154.0481 0
L1 08    205 +020.1319 +003.6728 -000.4593 -115.7809 -017.3512 +147.6447 0
L1 01    209 +016.5950 +002.8391 +001.3936 +096.9796 +003.4482 +000.7248 0
L1 02    209 +007.1369 +005.8794 +001.6820 -119.7978 +003.4916 -128.8785 0
L1 03    209 +016.5017 +003.6396 -000.7913 +093.4848 +004.0317 +090.8116 0
L1 04    209 +008.5091 +010.6704 +001.8078 -056.0263 -000.3451 +000.5212 0
L1 05    209 +014.3883 +009.9601 +001.9720 -108.7173 +000.9654 -011.3829 0
L1 06    209 +018.4980 +001.7150 -000.3217 -006.4247 +000.6088 -122.2400 0
L1 07    209 +019.8123 +002.9373 -000.1065 -046.1634 +025.6424 +154.0455 0
L1 08    209 +020.1320 +003.6726 -000.4595 -115.7814 -017.3518 +147.6438 0
L1 01    213 +016.5949 +002.8393 +001.3938 +096.9813 +003.4477 +000.7231 0
L1 02    213 +007.1369 +005.8795 +001.6820 -119.7968 +003.4913 -128.8785 0
L1 03    213 +016.5016 +003.6397 -000.7913 +093.4858 +004.0316 +090.8117 0
L1 04    213 +008.5090 +010.6704 +001.8078 -056.0254 -000.3451 +000.5214 0
L1 05    213 +014.3883 +009.9602 +001.9720 -108.7161 +000.9662 -011.3831 0
L1 06    213 +018.4979 +001.7157 -000.3222 -006.4226 +000.6109 -122.2389 0
L1 07    213 +019.8124 +002.9367 -000.1053 -046.1642 +025.6400 +154.0506 0
L1 08    213 +020.1319 +003.6727 -000.4596 -115.7805 -017.3522 +147.6441 0
L1 01    217 +016.5949 +002.8393 +001.3936 +096.9823 +003.4483 +000.7241 0
L1 02    217 +007.1369 +005.8794 +001.6820 -119.7973 +003.4914 -128.8785 0
L1 03    217 +016.5016 +003.6399 -000.7913 +093.4860 +004.0322 +090.8121 0
L1 04    217 +008.5090 +010.6705 +001.8078 -056.0253 -000.3454 +000.5214 0
L1 05    217 +014.3880 +009.9607 +001.9721 -108.7133 +000.9659 -011.3820 0
L1 06    217 +018.4979 +001.7154 -000.3225 -006.4232 +000.6123 -122.2394 0
L1 07    217 +019.8125 +002.9367 -000.1062 -046.1666 +025.6428 +154.0464 0
L1 08    217 +020.1320 +003.6728 -000.4594 -115.7799 -017.3520 +147.6453 0
L1 01    221 +016.5949 +002.8394 +001.3936 +096.9839 +003.4499 +000.7253 0
L1 02    221 +007.1369 +005.8794 +001.6820 -119.7973 +003.4914 -128.8786 0
L1 03    221 +016.5016 +003.6397 -000.7916 +093.4846 +004.0333 +090.8131 0
L1 04    221 +008.5091 +010.6704 +001.8078 -056.0263 -000.3453 +000.5214 0
L1 05    221 +014.3881 +009.9605 +001.9718 -108.7135 +000.9662 -011.3834 0
L1 06    221 +018.4981 +001.7141 -000.3214 -006.4317 +000.6070 -122.2379 0
L1 07    221 +019.8124 +002.9367 -000.1052 -046.1660 +025.6378 +154.0491 0
L1 08    221 +020.1320 +003.6727 -000.4593 -115.7812 -017.3514 +147.6457 0
L1 01    225 +016.5949 +002.8394 +001.3937 +096.9848 +003.4491 +000.7234 0
L1 02    225 +007.1369 +005.8794 +001.6820 -119.7973 +003.4913 -128.8785 0
L1 03    225 +016.5016 +003.6399 -000.7913 +093.4849 +004.0325 +090.8118 0
L1 04    225 +008.5090 +010.6705 +001.8078 -056.0250 -000.3455 +000.5215 0
L1 05    225 +014.3878 +009.9610 +001.9718 -108.7104 +000.9658 -011.3838 0
L1 06    225 +018.4980 +001.7152 -000.3221 -006.4240 +000.6117 -122.2396 0
L1 07    225 +019.8122 +002.9367 -000.1060 -046.1666 +025.6413 +154.0457 0
L1 08    225 +020.1318 +003.6730 -000.4592 -115.7784 -017.3518 +147.6460 0
L1 01    229 +016.5949 +002.8398 +001.3933 +096.9896 +003.4497 +000.7289 0
L1 02    229 +007.1369 +005.8794 +001.6820 -119.7973 +003.4913 -128.8785 0
L1 03    229 +016.5015 +003.6399 -000.7915 +093.4855 +004.0326 +090.8137 0
L1 04    229 +008.5090 +010.6705 +001.8078 -056.0252 -000.3458 +000.5214 0
L1 05    229 +014.3881 +009.9606 +001.9720 -108.7132 +000.9654 -011.3828 0
L1 06    229 +018.4981 +001.7147 -000.3219 -006.4269 +000.6101 -122.2387 0
L1 07    229 +019.8124 +002.9363 -000.1054 -046.1678 +025.6392 +154.0497 0
L1 08    229 +020.1320 +003.6726 -000.4594 -115.7805 -017.3512 +147.6452 0
L1 01    233 +016.5949 +002.8396 +001.3937 +096.9876 +003.4493 +000.7241 0
L1 02    233 +007.1369 +005.8794 +001.6820 -119.7971 +003.4913 -128.8786 0
L1 03    233 +016.5016 +003.6398 -000.7913 +093.4849 +004.0326 +090.8123 0
L1 04    233 +008.5090 +010.6705 +001.8078 -056.0248 -000.3455 +000.5214 0
L1 05    233 +014.3880 +009.9608 +001.9717 -108.7117 +000.9638 -011.3825 0
L1 06    233 +018.4979 +001.7153 -000.3221 -006.4236 +000.6110 -122.2385 0
L1 07    233 +019.8124 +002.9369 -000.1051 -046.1638 +025.6362 +154.0504 0
L1 08    233 +020.1319 +003.6731 -000.4595 -115.7765 -017.3508 +147.6450 0
L1 01    237 +016.5949 +002.8397 +001.3933 +096.9888 +003.4488 +000.7284 0
L1 02    237 +007.1369 +005.8794 +001.6820 -119.7974 +003.4915 -128.8786 0
L1 03    237 +016.5015 +003.6399 -000.7915 +093.4852 +004.0323 +090.8142 0
L1 04    237 +008.5090 +010.6705 +001.8078 -056.0248 -000.3457 +000.5211 0
L1 05    237 +014.3878 +009.9609 +001.9718 -108.7109 +000.9655 -011.3831 0
L1 06    237 +018.4979 +001.7153 -000.3219 -006.4255 +000.6096 -122.2387 0
L1 07    237 +019.8125 +002.9354 -000.1063 -046.1741 +025.6405 +154.0442 0
L1 08    237 +020.1319 +003.6731 -000.4591 -115.7784 -017.3497 +147.6467 0
L1 01    241 +016.5949 +002.8393 +001.3937 +096.9845 +003.4471 +000.7245 0
L1 02    241 +007.1369 +005.8794 +001.6820 -119.7979 +003.4916 -128.8786 0
L1 03    241 +016.5016 +003.6398 -000.7914 +093.4823 +004.0322 +090.8125 0
L1 04    241 +008.5091 +010.6704 +001.8078 -056.0259 -000.3453 +000.5209 0
L1 05    241 +014.3881 +009.9603 +001.9724 -108.7161 +000.9681 -011.3797 0
L1 06    241 +018.4980 +001.7143 -000.3221 -006.4317 +000.6110 -122.2407 0
L1 07    241 +019.8125 +002.9358 -000.1059 -046.1728 +025.6403 +154.0454 0
L1 08    241 +020.1320 +003.6727 -000.4591 -115.7810 -017.3498 +147.6463 0
L1 01    245 +016.5949 +002.8393 +001.3935 +096.9857 +003.4463 +000.7262 0
L1 02    245 +007.1369 +005.8794 +001.6820 -119.7977 +003.4914 -128.8788 0
L1 03    245 +016.5015 +003.6399 -000.7913 +093.4838 +004.0321 +090.8122 0
L1 04    245 +008.5091 +010.6704 +001.8078 -056.0259 -000.3453 +000.5215 0
L1 05    245 +014.3879 +009.9607 +001.9721 -108.7125 +000.9655 -011.3811 0
L1 06    245 +018.4980 +001.7145 -000.3223 -006.4295 +000.6121 -122.2379 0
L1 07    245 +019.8123 +002.9370 -000.1059 -046.1679 +025.6403 +154.0456 0
L1 08    245 +020.1319 +003.6727 -000.4591 -115.7790 -017.3497 +147.6465 0
L1 01    249 +016.5949 +002.8396 +001.3935 +096.9875 +003.4459 +000.7262 0
L1 02    249 +007.1369 +005.8794 +001.6820 -119.7972 +003.4916 -128.8788 0
L1 03    249 +016.5016 +003.6400 -000.7913 +093.4842 +004.0319 +090.8122 0
L1 04    249 +008.5090 +010.6705 +001.8078 -056.0255 -000.3453 +000.5210 0
L1 05    249 +014.3878 +009.9610 +001.9718 -108.7106 +000.9652 -011.3827 0
L1 06    249 +018.4980 +001.7146 -000.3222 -006.4276 +000.6124 -122.2380 0
L1 07    249 +019.8124 +002.9372 -000.1061 -046.1677 +025.6408 +154.0457 0
L1 08    249 +020.1320 +003.6728 -000.4594 -115.7778 -017.3492 +147.6444 0
L1 01    253 +016.5949 +002.8396 +001.3935 +096.9871 +003.4460 +000.7264 0
L1 02    253 +007.1369 +005.8794 +001.6819 -119.7972 +003.4911 -128.8789 0
L1 03    253 +016.5016 +003.6397 -000.7915 +093.4828 +004.0326 +090.8133 0
L1 04    253 +008.5091 +010.6704 +001.8077 -056.0263 -000.3455 +000.5206 0
L1 05    253 +014.3881 +009.9605 +001.9717 -108.7143 +000.9645 -011.3837 0
L1 06    253 +018.4980 +001.7144 -000.3223 -006.4307 +000.6130 -122.2377 0
L1 07    253 +019.8125 +002.9373 -000.1062 -046.1684 +025.6406 +154.0443 0
L1 08    253 +020.1319 +003.6729 -000.4592 -115.7778 -017.3499 +147.6458 0
L1 01    257 +016.5949 +002.8395 +001.3935 +096.9867 +003.4456 +000.7260 0
L1 02    257 +007.1369 +005.8794 +001.6820 -119.7974 +003.4914 -128.8788 0
L1 03    257 +016.5016 +003.6397 -000.7915 +093.4822 +004.0324 +090.8132 0
L1 04    257 +008.5092 +010.6704 +001.8078 -056.0269 -000.3452 +000.5214 0
L1 05    257 +014.3878 +009.9607 +001.9720 -108.7125 +000.9655 -011.3830 0
L1 06    257 +018.4980 +001.7149 -000.3221 -006.4281 +000.6119 -122.2371 0
L1 07    257 +019.8123 +002.9370 -000.1056 -046.1684 +025.6390 +154.0464 0
L1 08    257 +020.1319 +003.6726 -000.4591 -115.7786 -017.3496 +147.6467 0
L1 01    261 +016.5949 +002.8397 +001.3936 +096.9880 +003.4462 +000.7248 0
L1 02    261 +007.1369 +005.8794 +001.6820 -119.7972 +003.4912 -128.8788 0
L1 03    261 +016.5017 +003.6398 -000.7912 +093.4823 +004.0324 +090.8116 0
L1 04    261 +008.5091 +010.6704 +001.8078 -056.0265 -000.3452 +000.5212 0
L1 05    261 +014.3880 +009.9606 +001.9722 -108.7134 +000.9672 -011.3834 0
L1 06    261 +018.4979 +001.7153 -000.3216 -006.4260 +000.6104 -122.2362 0
L1 07    261 +019.8123 +002.9372 -000.1058 -046.1672 +025.6398 +154.0455 0
L1 08    261 +020.1320 +003.6727 -000.4591 -115.7778 -017.3491 +147.6468 0
L1 01    265 +016.5950 +002.8394 +001.3937 +096.9864 +003.4450 +000.7238 0
L1 02    265 +007.1369 +005.8795 +001.6820 -119.7972 +003.4913 -128.8787 0
L1 03    265 +016.5017 +003.6399 -000.7912 +093.4826 +004.0323 +090.8115 0
L1 04    265 +008.5090 +010.6705 +001.8079 -056.0253 -000.3452 +000.5216 0
L1 05    265 +014.3880 +009.9608 +001.9717 -108.7122 +000.9650 -011.3842 0
L1 06    265 +018.4979 +001.7155 -000.3215 -006.4254 +000.6098 -122.2368 0
L1 07    265 +019.8122 +002.9371 -000.1062 -046.1692 +025.6395 +154.0428 0
L1 08    265 +020.1320 +003.6726 -000.4591 -115.7772 -017.3490 +147.6465 0
L1 01    269 +016.5949 +002.8395 +001.3936 +096.9873 +003.4443 +000.7249 0
L1 02    269 +007.1369 +005.8794 +001.6820 -119.7973 +003.4911 -128.8787 0
L1 03    269 +016.5017 +003.6397 -000.7912 +093.4817 +004.0323 +090.8117 0
L1 04    269 +008.5090 +010.6704 +001.8079 -056.0255 -000.3450 +000.5221 0
L1 05    269 +014.3882 +009.9606 +001.9717 -108.7128 +000.9648 -011.3842 0
L1 06    269 +018.4979 +001.7155 -000.3216 -006.4264 +000.6109 -122.2366 0
L1 07    269 +019.8121 +002.9371 -000.1067 -046.1699 +025.6422 +154.0418 0
L1 08    269 +020.1318 +003.6728 -000.4595 -115.7751 -017.3490 +147.6443 0
L1 01    273 +016.5950 +002.8396 +001.3933 +096.9888 +003.4436 +000.7291 0
L1 02    273 +007.1369 +005.8794 +001.6820 -119.7974 +003.4914 -128.8787 0
L1 03    273 +016.5016 +003.6399 -000.7915 +093.4829 +004.0323 +090.8137 0
L1 04    273 +008.5091 +010.6704 +001.8078 -056.0265 -000.3453 +000.5213 0
L1 05    273 +014.3884 +009.9600 +001.9722 -108.7170 +000.9665 -011.3824 0
L1 06    273 +018.4980 +001.7151 -000.3215 -006.4280 +000.6086 -122.2352 0
L1 07    273 +019.8124 +002.9370 -000.1057 -046.1707 +025.6374 +154.0459 0
L1 08    273 +020.1320 +003.6725 -000.4593 -115.7785 -017.3479 +147.6463 0
L1 01    277 +016.5950 +002.8395 +001.3932 +096.9885 +003.4441 +000.7281 0
L1 02    277 +007.1369 +005.8794 +001.6820 -119.7972 +003.4914 -128.8787 0
L1 03    277 +016.5016 +003.6398 -000.7912 +093.4828 +004.0323 +090.8120 0
L1 04    277 +008.5091 +010.6704 +001.8078 -056.0260 -000.3453 +000.5210 0
L1 05    277 +014.3882 +009.9603 +001.9717 -108.7150 +000.9647 -011.3823 0
L1 06    277 +018.4979 +001.7148 -000.3211 -006.4294 +000.6060 -122.2360 0
L1 07    277 +019.8123 +002.9375 -000.1048 -046.1670 +025.6356 +154.0490 0
L1 08    277 +020.1321 +003.6725 -000.4592 -115.7771 -017.3480 +147.6467 0
L1 01    281 +016.5950 +002.8395 +001.3934 +096.9884 +003.4443 +000.7266 0
L1 02    281 +007.1369 +005.8795 +001.6820 -119.7970 +003.4913 -128.8786 0
L1 03    281 +016.5017 +003.6398 -000.7915 +093.4821 +004.0335 +090.8125 0
L1 04    281 +008.5091 +010.6704 +001.8078 -056.0261 -000.3450 +000.5213 0
L1 05    281 +014.3882 +009.9604 +001.9721 -108.7152 +000.9668 -011.3813 0
L1 06    281 +018.4979 +001.7155 -000.3216 -006.4267 +000.6093 -122.2359 0
L1 07    281 +019.8124 +002.9368 -000.1046 -046.1690 +025.6353 +154.0523 0
L1 08    281 +020.1321 +003.6724 -000.4591 -115.7776 -017.3475 +147.6467 0
L1 01    285 +016.5950 +002.8393 +001.3937 +096.9863 +003.4436 +000.7237 0
L1 02    285 +007.1369 +005.8795 +001.6820 -119.7969 +003.4915 -128.8786 0
L1 03    285 +016.5017 +003.6395 -000.7913 +093.4803 +004.0338 +090.8115 0
L1 04    285 +008.5091 +010.6704 +001.8078 -056.0262 -000.3449 +000.5213 0
L1 05    285 +014.3881 +009.9604 +001.9723 -108.7151 +000.9681 -011.3813 0
L1 06    285 +018.4979 +001.7147 -000.3219 -006.4311 +000.6119 -122.2355 0
L1 07    285 +019.8125 +002.9363 -000.1049 -046.1734 +025.6354 +154.0491 0
L1 08    285 +020.1319 +003.6726 -000.4590 -115.7766 -017.3469 +147.6471 0
L1 01    289 +016.5950 +002.8393 +001.3938 +096.9859 +003.4435 +000.7229 0
L1 02    289 +007.1369 +005.8794 +001.6820 -119.7972 +003.4914 -128.8788 0
L1 03    289 +016.5018 +003.6395 -000.7913 +093.4797 +004.0338 +090.8114 0
L1 04    289 +008.5091 +010.6704 +001.8078 -056.0259 -000.3452 +000.5210 0
L1 05    289 +014.3881 +009.9605 +001.9718 -108.7139 +000.9649 -011.3831 0
L1 06    289 +018.4979 +001.7142 -000.3221 -006.4346 +000.6142 -122.2367 0
L1 07    289 +019.8123 +002.9370 -000.1051 -046.1713 +025.6349 +154.0460 0
L1 08    289 +020.1318 +003.6728 -000.4592 -115.7745 -017.3473 +147.6455 0
L1 01    293 +016.5949 +002.8397 +001.3937 +096.9895 +003.4436 +000.7243 0
L1 02    293 +007.1369 +005.8794 +001.6820 -119.7974 +003.4912 -128.8787 0
L1 03    293 +016.5017 +003.6396 -000.7912 +093.4813 +004.0342 +090.8116 0
L1 04    293 +008.5091 +010.6704 +001.8078 -056.0257 -000.3452 +000.5211 0
L1 05    293 +014.3882 +009.9603 +001.9719 -108.7164 +000.9659 -011.3823 0
L1 06    293 +018.4978 +001.7149 -000.3220 -006.4287 +000.6132 -122.2371 0
L1 07    293 +019.8124 +002.9371 -000.1051 -046.1694 +025.6357 +154.0474 0
L1 08    293 +020.1318 +003.6731 -000.4593 -115.7720 -017.3478 +147.6453 0
L1 01    297 +016.5949 +002.8392 +001.3937 +096.9863 +003.4421 +000.7241 0
L1 02    297 +007.1369 +005.8794 +001.6820 -119.7975 +003.4913 -128.8787 0
L1 03    297 +016.5017 +003.6396 -000.7913 +093.4805 +004.0341 +090.8122 0
L1 04    297 +008.5091 +010.6703 +001.8078 -056.0267 -000.3453 +000.5212 0
L1 05    297 +014.3884 +009.9601 +001.9720 -108.7171 +000.9659 -011.3825 0
L1 06    297 +018.4977 +001.7147 -000.3215 -006.4309 +000.6110 -122.2366 0
L1 07    297 +019.8123 +002.9368 -000.1055 -046.1729 +025.6378 +154.0453 0
L1 08    297 +020.1320 +003.6724 -000.4594 -115.7756 -017.3483 +147.6449 0
L1 01    301 +016.5949 +002.8396 +001.3936 +096.9904 +003.4426 +000.7257 0
L1 02    301 +007.1369 +005.8795 +001.6820 -119.7969 +003.4912 -128.8786 0
L1 03    301 +016.5016 +003.6399 -000.7913 +093.4830 +004.0345 +090.8120 0
L1 04    301 +008.5089 +010.6706 +001.8078 -056.0246 -000.3455 +000.5213 0
L1 05    301 +014.3883 +009.9605 +001.9714 -108.7150 +000.9627 -011.3844 0
L1 06    301 +018.4979 +001.7148 -000.3221 -006.4297 +000.6141 -122.2364 0
L1 07    301 +019.8123 +002.9367 -000.1052 -046.1708 +025.6345 +154.0456 0
L1 08    301 +020.1319 +003.6730 -000.4593 -115.7710 -017.3470 +147.6452 0
L1 01    305 +016.5950 +002.8395 +001.3936 +096.9892 +003.4425 +000.7251 0
L1 02    305 +007.1369 +005.8794 +001.6820 -119.7973 +003.4914 -128.8787 0
L1 03    305 +016.5017 +003.6397 -000.7914 +093.4815 +004.0346 +090.8122 0
L1 04    305 +008.5090 +010.6705 +001.8079 -056.0253 -000.3451 +000.5215 0
L1 05    305 +014.3888 +009.9598 +001.9713 -108.7205 +000.9632 -011.3858 0
L1 06    305 +018.4980 +001.7146 -000.3218 -006.4314 +000.6116 -122.2361 0
L1 07    305 +019.8124 +002.9363 -000.1050 -046.1735 +025.6369 +154.0479 0
L1 08    305 +020.1320 +003.6727 -000.4591 -115.7738 -017.3465 +147.6469 0
L1 01    309 +016.5949 +002.8394 +001.3936 +096.9886 +003.4425 +000.7251 0
L1 02    309 +007.1369 +005.8794 +001.6820 -119.7975 +003.4913 -128.8789 0
L1 03    309 +016.5017 +003.6397 -000.7915 +093.4813 +004.0358 +090.8129 0
L1 04    309 +008.5090 +010.6704 +001.8079 -056.0254 -000.3451 +000.5217 0
L1 05    309 +014.3885 +009.9598 +001.9719 -108.7201 +000.9663 -011.3830 0
L1 06    309 +018.4978 +001.7151 -000.3215 -006.4289 +000.6106 -122.2359 0
L1 07    309 +019.8122 +002.9370 -000.1052 -046.1711 +025.6361 +154.0452 0
L1 08    309 +020.1320 +003.6727 -000.4592 -115.7721 -017.3472 +147.6456 0
L1 01    313 +016.5949 +002.8395 +001.3934 +096.9898 +003.4425 +000.7276 0
L1 02    313 +007.1369 +005.8794 +001.6820 -119.7972 +003.4913 -128.8788 0
L1 03    313 +016.5016 +003.6397 -000.7916 +093.4818 +004.0370 +090.8141 0
L1 04    313 +008.5090 +010.6704 +001.8078 -056.0256 -000.3456 +000.5211 0
L1 05    313 +014.3878 +009.9608 +001.9723 -108.7133 +000.9678 -011.3818 0
L1 06    313 +018.4978 +001.7152 -000.3215 -006.4286 +000.6093 -122.2339 0
L1 07    313 +019.8122 +002.9371 -000.1054 -046.1722 +025.6351 +154.0441 0
L1 08    313 +020.1320 +003.6725 -000.4594 -115.7733 -017.3477 +147.6448 0
L1 01    317 +016.5949 +002.8396 +001.3937 +096.9895 +003.4423 +000.7257 0
L1 02    317 +007.1369 +005.8794 +001.6820 -119.7971 +003.4914 -128.8786 0
L1 03    317 +016.5016 +003.6397 -000.7916 +093.4813 +004.0381 +090.8144 0
L1 04    317 +008.5090 +010.6704 +001.8078 -056.0257 -000.3456 +000.5214 0
L1 05    317 +014.3886 +009.9599 +001.9714 -108.7177 +000.9636 -011.3841 0
L1 06    317 +018.4979 +001.7144 -000.3218 -006.4333 +000.6126 -122.2348 0
L1 07    317 +019.8123 +002.9368 -000.1047 -046.1711 +025.6331 +154.0467 0
L1 08    317 +020.1319 +003.6725 -000.4597 -115.7722 -017.3481 +147.6435 0
L1 01    321 +016.5949 +002.8398 +001.3937 +096.9910 +003.4408 +000.7257 0
L1 02    321 +007.1369 +005.8795 +001.6820 -119.7971 +003.4913 -128.8787 0
L1 03    321 +016.5015 +003.6401 -000.7914 +093.4846 +004.0375 +090.8134 0
L1 04    321 +008.5089 +010.6706 +001.8078 -056.0235 -000.3453 +000.5212 0
L1 05    321 +014.3879 +009.9609 +001.9718 -108.7112 +000.9658 -011.3823 0
L1 06    321 +018.4979 +001.7147 -000.3221 -006.4304 +000.6135 -122.2350 0
L1 07    321 +019.8123 +002.9375 -000.1045 -046.1665 +025.6354 +154.0491 0
L1 08    321 +020.1318 +003.6733 -000.4589 -115.7661 -017.3445 +147.6476 0
L1 01    325 +016.5949 +002.8395 +001.3937 +096.9874 +003.4398 +000.7250 0
L1 02    325 +007.1369 +005.8794 +001.6820 -119.7972 +003.4913 -128.8786 0
L1 03    325 +016.5016 +003.6398 -000.7914 +093.4812 +004.0374 +090.8132 0
L1 04    325 +008.5090 +010.6704 +001.8078 -056.0253 -000.3451 +000.5216 0
L1 05    325 +014.3879 +009.9609 +001.9720 -108.7121 +000.9662 -011.3807 0
L1 06    325 +018.4979 +001.7146 -000.3223 -006.4312 +000.6155 -122.2375 0
L1 07    325 +019.8122 +002.9370 -000.1050 -046.1717 +025.6361 +154.0451 0
L1 08    325 +020.1318 +003.6728 -000.4593 -115.7685 -017.3466 +147.6442 0
L1 01    329 +016.5949 +002.8394 +001.3937 +096.9862 +003.4385 +000.7256 0
L1 02    329 +007.1369 +005.8794 +001.6820 -119.7973 +003.4913 -128.8786 0
L1 03    329 +016.5015 +003.6400 -000.7914 +093.4822 +004.0375 +090.8133 0
L1 04    329 +008.5090 +010.6705 +001.8078 -056.0248 -000.3453 +000.5214 0
L1 05    329 +014.3880 +009.9608 +001.9719 -108.7123 +000.9660 -011.3815 0
L1 06    329 +018.4978 +001.7154 -000.3224 -006.4267 +000.6165 -122.2372 0
L1 07    329 +019.8123 +002.9366 -000.1049 -046.1734 +025.6345 +154.0461 0
L1 08    329 +020.1319 +003.6730 -000.4591 -115.7679 -017.3466 +147.6455 0
L1 01    333 +016.5949 +002.8396 +001.3937 +096.9872 +003.4398 +000.7264 0
L1 02    333 +007.1369 +005.8794 +001.6820 -119.7973 +003.4912 -128.8788 0
L1 03    333 +016.5016 +003.6398 -000.7914 +093.4808 +004.0393 +090.8137 0
L1 04    333 +008.5090 +010.6705 +001.8078 -056.0250 -000.3455 +000.5214 0
L1 05    333 +014.3883 +009.9603 +001.9717 -108.7159 +000.9653 -011.3821 0
L1 06    333 +018.4979 +001.7150 -000.3218 -006.4295 +000.6129 -122.2368 0
L1 07    333 +019.8124 +002.9365 -000.1065 -046.1786 +025.6370 +154.0404 0
L1 08    333 +020.1320 +003.6726 -000.4593 -115.7702 -017.3464 +147.6451 0
L1 01    337 +016.5949 +002.8397 +001.3936 +096.9868 +003.4396 +000.7265 0
L1 02    337 +007.1369 +005.8795 +001.6820 -119.7971 +003.4912 -128.8787 0
L1 03    337 +016.5016 +003.6399 -000.7915 +093.4805 +004.0396 +090.8139 0
L1 04    337 +008.5090 +010.6705 +001.8078 -056.0249 -000.3455 +000.5215 0
L1 05    337 +014.3881 +009.9607 +001.9716 -108.7135 +000.9650 -011.3838 0
L1 06    337 +018.4978 +001.7152 -000.3220 -006.4278 +000.6143 -122.2372 0
L1 07    337 +019.8125 +002.9364 -000.1054 -046.1778 +025.6330 +154.0418 0
L1 08    337 +020.1319 +003.6732 -000.4593 -115.7664 -017.3466 +147.6453 0
L1 01    341 +016.5949 +002.8397 +001.3935 +096.9853 +003.4383 +000.7270 0
L1 02    341 +007.1369 +005.8794 +001.6820 -119.7974 +003.4914 -128.8786 0
L1 03    341 +016.5016 +003.6401 -000.7914 +093.4810 +004.0400 +090.8132 0
L1 04    341 +008.5090 +010.6705 +001.8078 -056.0256 -000.3454 +000.5211 0
L1 05    341 +014.3880 +009.9608 +001.9717 -108.7125 +000.9648 -011.3837 0
L1 06    341 +018.4979 +001.7147 -000.3221 -006.4311 +000.6152 -122.2362 0
L1 07    341 +019.8123 +002.9373 -000.1051 -046.1737 +025.6338 +154.0435 0
L1 08    341 +020.1320 +003.6728 -000.4592 -115.7691 -017.3456 +147.6458 0
L1 01    345 +016.5949 +002.8395 +001.3935 +096.9819 +003.4373 +000.7286 0
L1 02    345 +007.1369 +005.8794 +001.6820 -119.7981 +003.4918 -128.8787 0
L1 03    345 +016.5016 +003.6398 -000.7914 +093.4776 +004.0400 +090.8139 0
L1 04    345 +008.5091 +010.6703 +001.8079 -056.0265 -000.3449 +000.5218 0
L1 05    345 +014.3882 +009.9603 +001.9721 -108.7160 +000.9676 -011.3824 0
L1 06    345 +018.4978 +001.7149 -000.3220 -006.4321 +000.6153 -122.2354 0
L1 07    345 +019.8125 +002.9368 -000.1052 -046.1791 +025.6356 +154.0444 0
L1 08    345 +020.1320 +003.6725 -000.4592 -115.7712 -017.3457 +147.6452 0
L1 01    349 +016.5949 +002.8396 +001.3936 +096.9805 +003.4363 +000.7262 0
L1 02    349 +007.1369 +005.8794 +001.6820 -119.7974 +003.4913 -128.8787 0
L1 03    349 +016.5017 +003.6395 -000.7913 +093.4750 +004.0401 +090.8131 0
L1 04    349 +008.5092 +010.6703 +001.8078 -056.0269 -000.3452 +000.5215 0
L1 05    349 +014.3886 +009.9596 +001.9723 -108.7193 +000.9676 -011.3816 0
L1 06    349 +018.4979 +001.7147 -000.3221 -006.4339 +000.6169 -122.2340 0
L1 07    349 +019.8122 +002.9367 -000.1056 -046.1800 +025.6362 +154.0414 0
L1 08    349 +020.1318 +003.6727 -000.4593 -115.7700 -017.3464 +147.6446 0
L1 01    353 +016.5949 +002.8399 +001.3936 +096.9817 +003.4351 +000.7263 0
L1 02    353 +007.1369 +005.8795 +001.6820 -119.7970 +003.4915 -128.8786 0
L1 03    353 +016.5016 +003.6399 -000.7915 +093.4784 +004.0396 +090.8139 0
L1 04    353 +008.5091 +010.6704 +001.8077 -056.0261 -000.3452 +000.5210 0
L1 05    353 +014.3879 +009.9607 +001.9725 -108.7143 +000.9692 -011.3821 0
L1 06    353 +018.4980 +001.7139 -000.3217 -006.4375 +000.6141 -122.2327 0
L1 07    353 +019.8125 +002.9360 -000.1053 -046.1818 +025.6339 +154.0433 0
L1 08    353 +020.1320 +003.6725 -000.4591 -115.7712 -017.3447 +147.6461 0
L1 01    357 +016.5949 +002.8395 +001.3937 +096.9760 +003.4339 +000.7246 0
L1 02    357 +007.1369 +005.8794 +001.6820 -119.7971 +003.4914 -128.8785 0
L1 03    357 +016.5016 +003.6398 -000.7915 +093.4769 +004.0399 +090.8133 0
L1 04    357 +008.5091 +010.6704 +001.8078 -056.0260 -000.3451 +000.5214 0
L1 05    357 +014.3879 +009.9606 +001.9724 -108.7140 +000.9688 -011.3816 0
L1 06    357 +018.4978 +001.7141 -000.3222 -006.4376 +000.6177 -122.2332 0
L1 07    357 +019.8123 +002.9370 -000.1056 -046.1786 +025.6356 +154.0410 0
L1 08    357 +020.1319 +003.6725 -000.4592 -115.7704 -017.3458 +147.6460 0
L1 01    361 +016.5949 +002.8395 +001.3939 +096.9761 +003.4336 +000.7235 0
L1 02    361 +007.1369 +005.8794 +001.6820 -119.7974 +003.4914 -128.8787 0
L1 03    361 +016.5017 +003.6397 -000.7913 +093.4759 +004.0402 +090.8122 0
L1 04    361 +008.5091 +010.6704 +001.8079 -056.0259 -000.3449 +000.5218 0
L1 05    361 +014.3886 +009.9597 +001.9725 -108.7209 +000.9701 -011.3813 0
L1 06    361 +018.4978 +001.7146 -000.3220 -006.4348 +000.6169 -122.2339 0
L1 07    361 +019.8125 +002.9366 -000.1056 -046.1819 +025.6348 +154.0411 0
L1 08    361 +020.1319 +003.6727 -000.4594 -115.7682 -017.3458 +147.6450 0
L1 01    365 +016.5950 +002.8397 +001.3936 +096.9770 +003.4336 +000.7264 0
L1 02    365 +007.1369 +005.8794 +001.6820 -119.7971 +003.4913 -128.8786 0
L1 03    365 +016.5017 +003.6398 -000.7912 +093.4764 +004.0409 +090.8129 0
L1 04    365 +008.5090 +010.6704 +001.8079 -056.0257 -000.3451 +000.5217 0
L1 05    365 +014.3886 +009.9600 +001.9720 -108.7176 +000.9661 -011.3820 0
L1 06    365 +018.4978 +001.7147 -000.3219 -006.4350 +000.6158 -122.2333 0
L1 07    365 +019.8125 +002.9360 -000.1048 -046.1819 +025.6350 +154.0467 0
L1 08    365 +020.1319 +003.6725 -000.4595 -115.7690 -017.3460 +147.6451 0
L1 01    369 +016.5949 +002.8400 +001.3937 +096.9786 +003.4333 +000.7259 0
L1 02    369 +007.1369 +005.8794 +001.6820 -119.7971 +003.4914 -128.8786 0
L1 03    369 +016.5017 +003.6398 -000.7913 +093.4771 +004.0414 +090.8129 0
L1 04    369 +008.5090 +010.6705 +001.8079 -056.0254 -000.3452 +000.5218 0
L1 05    369 +014.3886 +009.9600 +001.9719 -108.7180 +000.9661 -011.3840 0
L1 06    369 +018.4977 +001.7147 -000.3223 -006.4348 +000.6176 -122.2344 0
L1 07    369 +019.8124 +002.9372 -000.1052 -046.1760 +025.6360 +154.0454 0
L1 08    369 +020.1318 +003.6731 -000.4592 -115.7641 -017.3444 +147.6458 0
L1 01    373 +016.5950 +002.8399 +001.3935 +096.9783 +003.4326 +000.7278 0
L1 02    373 +007.1369 +005.8794 +001.6820 -119.7971 +003.4915 -128.8786 0
L1 03    373 +016.5015 +003.6403 -000.7917 +093.4820 +004.0421 +090.8158 0
L1 04    373 +008.5090 +010.6705 +001.8078 -056.0255 -000.3455 +000.5213 0
L1 05    373 +014.3881 +009.9606 +001.9721 -108.7129 +000.9664 -011.3818 0
L1 06    373 +018.4978 +001.7146 -000.3217 -006.4345 +000.6147 -122.2347 0
L1 07    373 +019.8124 +002.9370 -000.1053 -046.1791 +025.6344 +154.0424 0
L1 08    373 +020.1319 +003.6732 -000.4592 -115.7648 -017.3448 +147.6462 0
L1 01    377 +016.5949 +002.8400 +001.3937 +096.9781 +003.4323 +000.7255 0
L1 02    377 +007.1369 +005.8794 +001.6820 -119.7974 +003.4916 -128.8786 0
L1 03    377 +016.5017 +003.6398 -000.7913 +093.4772 +004.0422 +090.8131 0
L1 04    377 +008.5090 +010.6705 +001.8079 -056.0253 -000.3452 +000.5217 0
L1 05    377 +014.3881 +009.9607 +001.9721 -108.7129 +000.9651 -011.3807 0
L1 06    377 +018.4977 +001.7147 -000.3218 -006.4342 +000.6155 -122.2335 0
L1 07    377 +019.8121 +002.9372 -000.1056 -046.1792 +025.6352 +154.0414 0
L1 08    377 +020.1317 +003.6733 -000.4593 -115.7630 -017.3447 +147.6449 0
L1 01    381 +016.5949 +002.8401 +001.3936 +096.9790 +003.4313 +000.7274 0
L1 02    381 +007.1369 +005.8795 +001.6820 -119.7970 +003.4914 -128.8787 0
L1 03    381 +016.5016 +003.6400 -000.7913 +093.4795 +004.0432 +090.8139 0
L1 04    381 +008.5090 +010.6705 +001.8078 -056.0249 -000.3455 +000.5213 0
L1 05    381 +014.3880 +009.9606 +001.9723 -108.7125 +000.9669 -011.3801 0
L1 06    381 +018.4977 +001.7152 -000.3215 -006.4312 +000.6131 -122.2338 0
L1 07    381 +019.8124 +002.9368 -000.1059 -046.1807 +025.6367 +154.0400 0
L1 08    381 +020.1318 +003.6732 -000.4592 -115.7630 -017.3448 +147.6459 0
L1 01    385 +016.5949 +002.8394 +001.3941 +096.9740 +003.4296 +000.7235 0
L1 02    385 +007.1369 +005.8795 +001.6820 -119.7971 +003.4913 -128.8787 0
L1 03    385 +016.5016 +003.6399 -000.7913 +093.4771 +004.0434 +090.8132 0
L1 04    385 +008.5091 +010.6704 +001.8078 -056.0262 -000.3450 +000.5214 0
L1 05    385 +014.3883 +009.9601 +001.9720 -108.7166 +000.9672 -011.3822 0
L1 06    385 +018.4977 +001.7146 -000.3212 -006.4363 +000.6128 -122.2334 0
L1 07    385 +019.8124 +002.9355 -000.1050 -046.1872 +025.6303 +154.0452 0
L1 08    385 +020.1319 +003.6725 -000.4591 -115.7680 -017.3445 +147.6470 0
L1 01    389 +016.5949 +002.8396 +001.3939 +096.9761 +003.4303 +000.7247 0
L1 02    389 +007.1369 +005.8794 +001.6820 -119.7971 +003.4912 -128.8786 0
L1 03    389 +016.5015 +003.6400 -000.7914 +093.4788 +004.0447 +090.8142 0
L1 04    389 +008.5090 +010.6705 +001.8078 -056.0250 -000.3454 +000.5212 0
L1 05    389 +014.3886 +009.9600 +001.9719 -108.7177 +000.9659 -011.3830 0
L1 06    389 +018.4976 +001.7144 -000.3210 -006.4363 +000.6118 -122.2326 0
L1 07    389 +019.8124 +002.9361 -000.1053 -046.1834 +025.6312 +154.0431 0
L1 08    389 +020.1318 +003.6729 -000.4594 -115.7639 -017.3458 +147.6445 0
L1 01    393 +016.5950 +002.8399 +001.3936 +096.9784 +003.4307 +000.7273 0
L1 02    393 +007.1369 +005.8794 +001.6820 -119.7971 +003.4914 -128.8786 0
L1 03    393 +016.5016 +003.6400 -000.7915 +093.4791 +004.0457 +090.8151 0
L1 04    393 +008.5090 +010.6705 +001.8078 -056.0250 -000.3455 +000.5215 0
L1 05    393 +014.3882 +009.9605 +001.9717 -108.7139 +000.9644 -011.3830 0
L1 06    393 +018.4977 +001.7143 -000.3208 -006.4367 +000.6099 -122.2330 0
L1 07    393 +019.8126 +002.9359 -000.1050 -046.1846 +025.6321 +154.0450 0
L1 08    393 +020.1319 +003.6727 -000.4593 -115.7653 -017.3453 +147.6460 0
L1 01    397 +016.5950 +002.8396 +001.3938 +096.9758 +003.4303 +000.7256 0
L1 02    397 +007.1369 +005.8795 +001.6820 -119.7970 +003.4914 -128.8786 0
L1 03    397 +016.5016 +003.6400 -000.7913 +093.4779 +004.0456 +090.8129 0
L1 04    397 +008.5090 +010.6705 +001.8078 -056.0250 -000.3455 +000.5214 0
L1 05    397 +014.3884 +009.9602 +001.9718 -108.7169 +000.9654 -011.3838 0
L1 06    397 +018.4976 +001.7148 -000.3217 -006.4341 +000.6151 -122.2347 0
L1 07    397 +019.8124 +002.9367 -000.1057 -046.1837 +025.6352 +154.0407 0
L1 08    397 +020.1319 +003.6728 -000.4595 -115.7634 -017.3460 +147.6451 0
L1 01    401 +016.5950 +002.8397 +001.3936 +096.9763 +003.4301 +000.7269 0
L1 02    401 +007.1369 +005.8795 +001.6820 -119.7970 +003.4916 -128.8786 0
L1 03    401 +016.5016 +003.6400 -000.7915 +093.4787 +004.0460 +090.8146 0
L1 04    401 +008.5090 +010.6704 +001.8078 -056.0255 -000.3454 +000.5216 0
L1 05    401 +014.3883 +009.9602 +001.9722 -108.7163 +000.9671 -011.3824 0
L1 06    401 +018.4977 +001.7145 -000.3215 -006.4365 +000.6148 -122.2338 0
L1 07    401 +019.8124 +002.9365 -000.1059 -046.1854 +025.6368 +154.0395 0
L1 08    401 +020.1318 +003.6728 -000.4596 -115.7631 -017.3454 +147.6446 0
L1 01    405 +016.5950 +002.8398 +001.3936 +096.9764 +003.4287 +000.7271 0
L1 02    405 +007.1369 +005.8794 +001.6820 -119.7971 +003.4917 -128.8788 0
L1 03    405 +016.5016 +003.6399 -000.7915 +093.4778 +004.0457 +090.8146 0
L1 04    405 +008.5091 +010.6704 +001.8079 -056.0259 -000.3451 +000.5221 0
L1 05    405 +014.3882 +009.9604 +001.9721 -108.7147 +000.9667 -011.3817 0
L1 06    405 +018.4979 +001.7148 -000.3220 -006.4346 +000.6158 -122.2346 0
L1 07    405 +019.8128 +002.9354 -000.1059 -046.1913 +025.6350 +154.0384 0
L1 08    405 +020.1320 +003.6726 -000.4593 -115.7649 -017.3443 +147.6455 0
L1 01    409 +016.5950 +002.8400 +001.3935 +096.9779 +003.4290 +000.7281 0
L1 02    409 +007.1369 +005.8794 +001.6820 -119.7971 +003.4915 -128.8789 0
L1 03    409 +016.5016 +003.6399 -000.7916 +093.4784 +004.0460 +090.8151 0
L1 04    409 +008.5090 +010.6705 +001.8078 -056.0250 -000.3453 +000.5214 0
L1 05    409 +014.3880 +009.9607 +001.9722 -108.7131 +000.9663 -011.3801 0
L1 06    409 +018.4977 +001.7147 -000.3218 -006.4351 +000.6155 -122.2327 0
L1 07    409 +019.8125 +002.9365 -000.1051 -046.1840 +025.6342 +154.0423 0
L1 08    409 +020.1318 +003.6731 -000.4594 -115.7614 -017.3431 +147.6451 0
L1 01    413 +016.5950 +002.8399 +001.3937 +096.9773 +003.4281 +000.7265 0
L1 02    413 +007.1369 +005.8794 +001.6820 -119.7973 +003.4916 -128.8787 0
L1 03    413 +016.5016 +003.6398 -000.7915 +093.4777 +004.0466 +090.8143 0
L1 04    413 +008.5090 +010.6705 +001.8079 -056.0253 -000.3452 +000.5219 0
L1 05    413 +014.3883 +009.9603 +001.9718 -108.7161 +000.9651 -011.3831 0
L1 06    413 +018.4978 +001.7147 -000.3211 -006.4348 +000.6130 -122.2335 0
L1 07    413 +019.8123 +002.9368 -000.1058 -046.1852 +025.6334 +154.0379 0
L1 08    413 +020.1320 +003.6728 -000.4593 -115.7623 -017.3432 +147.6453 0
L1 01    417 +016.5950 +002.8393 +001.3939 +096.9724 +003.4266 +000.7243 0
L1 02    417 +007.1369 +005.8794 +001.6820 -119.7973 +003.4915 -128.8784 0
L1 03    417 +016.5017 +003.6396 -000.7914 +093.4755 +004.0467 +090.8138 0
L1 04    417 +008.5091 +010.6704 +001.8078 -056.0257 -000.3451 +000.5216 0
L1 05    417 +014.3879 +009.9608 +001.9720 -108.7124 +000.9661 -011.3818 0
L1 06    417 +018.4977 +001.7145 -000.3213 -006.4367 +000.6152 -122.2329 0
L1 07    417 +019.8123 +002.9362 -000.1054 -046.1884 +025.6342 +154.0380 0
L1 08    417 +020.1319 +003.6724 -000.4598 -115.7635 -017.3462 +147.6423 0
L1 01    421 +016.5950 +002.8395 +001.3938 +096.9739 +003.4274 +000.7255 0
L1 02    421 +007.1369 +005.8794 +001.6820 -119.7978 +003.4916 -128.8785 0
L1 03    421 +016.5016 +003.6397 -000.7913 +093.4769 +004.0472 +090.8138 0
L1 04    421 +008.5091 +010.6704 +001.8078 -056.0257 -000.3450 +000.5215 0
L1 05    421 +014.3880 +009.9605 +001.9721 -108.7137 +000.9660 -011.3812 0
L1 06    421 +018.4977 +001.7146 -000.3219 -006.4358 +000.6179 -122.2355 0
L1 07    421 +019.8123 +002.9358 -000.1057 -046.1919 +025.6334 +154.0348 0
L1 08    421 +020.1319 +003.6724 -000.4596 -115.7631 -017.3450 +147.6434 0
L1 01    425 +016.5950 +002.8396 +001.3940 +096.9771 +003.4280 +000.7265 0
L1 02    425 +007.1369 +005.8795 +001.6820 -119.7974 +003.4916 -128.8786 0
L1 03    425 +016.5016 +003.6400 -000.7914 +093.4798 +004.0489 +090.8157 0
L1 04    425 +008.5089 +010.6706 +001.8078 -056.0250 -000.3452 +000.5214 0
L1 05    425 +014.3887 +009.9599 +001.9720 -108.7181 +000.9658 -011.3830 0
L1 06    425 +018.4977 +001.7144 -000.3218 -006.4361 +000.6168 -122.2348 0
L1 07    425 +019.8123 +002.9368 -000.1063 -046.1848 +025.6366 +154.0351 0
L1 08    425 +020.1317 +003.6737 -000.4594 -115.7602 -017.3436 +147.6449 0
L1 01    429 +016.5950 +002.8399 +001.3935 +096.9810 +003.4294 +000.7306 0
L1 02    429 +007.1369 +005.8794 +001.6820 -119.7974 +003.4918 -128.8790 0
L1 03    429 +016.5015 +003.6401 -000.7916 +093.4815 +004.0496 +090.8166 0
L1 04    429 +008.5090 +010.6705 +001.8077 -056.0251 -000.3456 +000.5207 0
L1 05    429 +014.3881 +009.9609 +001.9717 -108.7110 +000.9641 -011.3846 0
L1 06    429 +018.4978 +001.7147 -000.3214 -006.4340 +000.6144 -122.2318 0
L1 07    429 +019.8122 +002.9377 -000.1060 -046.1806 +025.6338 +154.0356 0
L1 08    429 +020.1319 +003.6733 -000.4592 -115.7573 -017.3413 +147.6463 0
L1 01    433 +016.5950 +002.8398 +001.3937 +096.9785 +003.4289 +000.7269 0
L1 02    433 +007.1369 +005.8794 +001.6820 -119.7973 +003.4916 -128.8788 0
L1 03    433 +016.5016 +003.6398 -000.7916 +093.4783 +004.0501 +090.8162 0
L1 04    433 +008.5090 +010.6705 +001.8078 -056.0246 -000.3456 +000.5211 0
L1 05    433 +014.3879 +009.9610 +001.9720 -108.7105 +000.9653 -011.3823 0
L1 06    433 +018.4976 +001.7155 -000.3215 -006.4305 +000.6163 -122.2319 0
L1 07    433 +019.8121 +002.9376 -000.1062 -046.1820 +025.6358 +154.0355 0
L1 08    433 +020.1318 +003.6732 -000.4594 -115.7557 -017.3433 +147.6431 0
L1 01    437 +016.5950 +002.8397 +001.3937 +096.9790 +003.4278 +000.7265 0
L1 02    437 +007.1369 +005.8794 +001.6820 -119.7978 +003.4917 -128.8788 0
L1 03    437 +016.5015 +003.6400 -000.7914 +093.4791 +004.0496 +090.8152 0
L1 04    437 +008.5090 +010.6705 +001.8078 -056.0253 -000.3452 +000.5215 0
L1 05    437 +014.3880 +009.9608 +001.9719 -108.7117 +000.9656 -011.3830 0
L1 06    437 +018.4976 +001.7151 -000.3215 -006.4329 +000.6152 -122.2340 0
L1 07    437 +019.8121 +002.9376 -000.1065 -046.1828 +025.6375 +154.0356 0
L1 08    437 +020.1318 +003.6728 -000.4594 -115.7587 -017.3427 +147.6448 0
L1 01    441 +016.5950 +002.8398 +001.3936 +096.9809 +003.4278 +000.7276 0
L1 02    441 +007.1369 +005.8794 +001.6820 -119.7980 +003.4919 -128.8788 0
L1 03    441 +016.5016 +003.6399 -000.7915 +093.4791 +004.0493 +090.8156 0
L1 04    441 +008.5090 +010.6705 +001.8078 -056.0249 -000.3454 +000.5213 0
L1 05    441 +014.3879 +009.9609 +001.9717 -108.7105 +000.9657 -011.3844 0
L1 06    441 +018.4976 +001.7151 -000.3212 -006.4323 +000.6132 -122.2315 0
L1 07    441 +019.8123 +002.9372 -000.1061 -046.1843 +025.6357 +154.0368 0
L1 08    441 +020.1319 +003.6726 -000.4595 -115.7603 -017.3437 +147.6455 0
L1 01    445 +016.5951 +002.8399 +001.3935 +096.9814 +003.4285 +000.7286 0
L1 02    445 +007.1369 +005.8794 +001.6820 -119.7978 +003.4916 -128.8791 0
L1 03    445 +016.5016 +003.6396 -000.7916 +093.4774 +004.0493 +090.8164 0
L1 04    445 +008.5091 +010.6703 +001.8078 -056.0260 -000.3454 +000.5211 0
L1 05    445 +014.3882 +009.9604 +001.9715 -108.7144 +000.9641 -011.3833 0
L1 06    445 +018.4977 +001.7145 -000.3216 -006.4363 +000.6148 -122.2323 0
L1 07    445 +019.8123 +002.9362 -000.1060 -046.1893 +025.6350 +154.0368 0
L1 08    445 +020.1319 +003.6722 -000.4594 -115.7627 -017.3429 +147.6452 0
L1 01    449 +016.5950 +002.8398 +001.3936 +096.9816 +003.4280 +000.7277 0
L1 02    449 +007.1369 +005.8794 +001.6820 -119.7976 +003.4918 -128.8788 0
L1 03    449 +016.5016 +003.6397 -000.7916 +093.4784 +004.0495 +090.8159 0
L1 04    449 +008.5091 +010.6704 +001.8078 -056.0254 -000.3453 +000.5213 0
L1 05    449 +014.3880 +009.9607 +001.9718 -108.7126 +000.9657 -011.3833 0
L1 06    449 +018.4977 +001.7149 -000.3212 -006.4345 +000.6143 -122.2317 0
L1 07    449 +019.8122 +002.9371 -000.1055 -046.1835 +025.6327 +154.0380 0
L1 08    449 +020.1319 +003.6727 -000.4593 -115.7591 -017.3420 +147.6451 0
L1 01    453 +016.5951 +002.8396 +001.3939 +096.9800 +003.4271 +000.7253 0
L1 02    453 +007.1369 +005.8794 +001.6820 -119.7977 +003.4917 -128.8788 0
L1 03    453 +016.5016 +003.6397 -000.7913 +093.4778 +004.0496 +090.8142 0
L1 04    453 +008.5091 +010.6704 +001.8079 -056.0256 -000.3448 +000.5218 0
L1 05    453 +014.3883 +009.9603 +001.9723 -108.7156 +000.9675 -011.3814 0
L1 06    453 +018.4978 +001.7145 -000.3216 -006.4364 +000.6162 -122.2322 0
L1 07    453 +019.8122 +002.9372 -000.1062 -046.1843 +025.6339 +154.0355 0
L1 08    453 +020.1319 +003.6727 -000.4590 -115.7593 -017.3409 +147.6466 0
L1 01    457 +016.5951 +002.8398 +001.3937 +096.9822 +003.4266 +000.7274 0
L1 02    457 +007.1369 +005.8794 +001.6820 -119.7978 +003.4918 -128.8789 0
L1 03    457 +016.5015 +003.6400 -000.7914 +093.4799 +004.0501 +090.8151 0
L1 04    457 +008.5091 +010.6704 +001.8078 -056.0256 -000.3450 +000.5214 0
L1 05    457 +014.3879 +009.9610 +001.9717 -108.7116 +000.9648 -011.3826 0
L1 06    457 +018.4977 +001.7148 -000.3214 -006.4337 +000.6155 -122.2325 0
L1 07    457 +019.8123 +002.9370 -000.1057 -046.1868 +025.6314 +154.0352 0
L1 08    457 +020.1319 +003.6727 -000.4592 -115.7578 -017.3413 +147.6465 0
L1 01    461 +016.5951 +002.8398 +001.3937 +096.9812 +003.4268 +000.7265 0
L1 02    461 +007.1369 +005.8794 +001.6820 -119.7976 +003.4918 -128.8789 0
L1 03    461 +016.5016 +003.6398 -000.7913 +093.4782 +004.0505 +090.8142 0
L1 04    461 +008.5091 +010.6704 +001.8079 -056.0260 -000.3450 +000.5219 0
L1 05    461 +014.3879 +009.9609 +001.9719 -108.7124 +000.9663 -011.3825 0
L1 06    461 +018.4978 +001.7144 -000.3216 -006.4365 +000.6166 -122.2311 0
L1 07    461 +019.8122 +002.9373 -000.1053 -046.1848 +025.6304 +154.0384 0
L1 08    461 +020.1320 +003.6727 -000.4593 -115.7579 -017.3410 +147.6451 0
L1 01    465 +016.5950 +002.8400 +001.3934 +096.9825 +003.4262 +000.7281 0
L1 02    465 +007.1369 +005.8794 +001.6820 -119.7976 +003.4917 -128.8790 0
L1 03    465 +016.5016 +003.6398 -000.7914 +093.4780 +004.0508 +090.8145 0
L1 04    465 +008.5091 +010.6704 +001.8079 -056.0261 -000.3450 +000.5219 0
L1 05    465 +014.3880 +009.9608 +001.9717 -108.7134 +000.9651 -011.3837 0
L1 06    465 +018.4979 +001.7136 -000.3219 -006.4404 +000.6180 -122.2320 0
L1 07    465 +019.8122 +002.9371 -000.1054 -046.1861 +025.6312 +154.0362 0
L1 08    465 +020.1319 +003.6723 -000.4598 -115.7583 -017.3426 +147.6435 0
L1 01    469 +016.5950 +002.8399 +001.3936 +096.9822 +003.4248 +000.7275 0
L1 02    469 +007.1369 +005.8794 +001.6820 -119.7976 +003.4920 -128.8789 0
L1 03    469 +016.5016 +003.6400 -000.7913 +093.4791 +004.0500 +090.8141 0
L1 04    469 +008.5090 +010.6704 +001.8078 -056.0257 -000.3450 +000.5215 0
L1 05    469 +014.3883 +009.9604 +001.9717 -108.7156 +000.9654 -011.3838 0
L1 06    469 +018.4978 +001.7140 -000.3216 -006.4388 +000.6160 -122.2318 0
L1 07    469 +019.8122 +002.9370 -000.1051 -046.1850 +025.6291 +154.0390 0
L1 08    469 +020.1320 +003.6723 -000.4595 -115.7585 -017.3420 +147.6457 0
