L1 01      3 +016.4670 +002.0413 +001.3750 -043.2079 +002.6028 +002.3862 0
L1 02      3 +007.1367 +005.8793 +001.6813 -119.7959 +003.4593 -128.8663 0
L1 03      3 +017.0879 +001.5341 -000.7884 -047.4461 +003.5396 +092.4376 0
L1 04      3 +008.5086 +010.6702 +001.8034 -056.0262 -000.3867 +000.4766 0
L1 05      3 +014.3868 +009.9587 +001.9690 -108.4799 +000.8861 -011.2215 0
L1 06      3 +014.3338 +002.2822 -000.8221 +177.7478 +028.7175 -132.5164 0
L1 07      3 +012.9740 +002.2012 -001.3307 +074.5581 +036.3022 +150.7988 0
L1 08      3 +012.1727 +002.1384 -001.7441 +003.6644 -020.8598 +139.6894 0
L1 01      7 +016.4669 +002.0416 +001.3751 -043.2052 +002.6008 +002.3874 0
L1 02      7 +007.1367 +005.8793 +001.6813 -119.7960 +003.4594 -128.8661 0
L1 03      7 +017.0878 +001.5341 -000.7883 -047.4454 +003.5381 +092.4381 0
L1 04      7 +008.5085 +010.6702 +001.8034 -056.0255 -000.3867 +000.4767 0
L1 05      7 +014.3866 +009.9591 +001.9683 -108.4774 +000.8833 -011.2237 0
L1 06      7 +014.3339 +002.2824 -000.8222 +177.7498 +028.7181 -132.5157 0
L1 07      7 +012.9740 +002.2011 -001.3308 +074.5581 +036.3034 +150.7981 0
L1 08      7 +012.1728 +002.1383 -001.7442 +003.6648 -020.8610 +139.6884 0
L1 01     11 +016.4669 +002.0414 +001.3750 -043.2065 +002.6009 +002.3866 0
L1 02     11 +007.1367 +005.8793 +001.6813 -119.7958 +003.4593 -128.8661 0
L1 03     11 +017.0878 +001.5339 -000.7883 -047.4462 +003.5375 +092.4387 0
L1 04     11 +008.5085 +010.6702 +001.8035 -056.0255 -000.3865 +000.4771 0
L1 05     11 +014.3864 +009.9594 +001.9686 -108.4747 +000.8845 -011.2224 0
L1 06     11 +014.3339 +002.2823 -000.8223 +177.7490 +028.7194 -132.5154 0
L1 07     11 +012.9740 +002.2009 -001.3308 +074.5579 +036.3041 +150.7979 0
L1 08     11 +012.1728 +002.1382 -001.7442 +003.6648 -020.8624 +139.6876 0
L1 01     15 +016.4669 +002.0415 +001.3749 -043.2064 +002.6016 +002.3860 0
L1 02     15 +007.1367 +005.8793 +001.6813 -119.7956 +003.4591 -128.8660 0
L1 03     15 +017.0878 +001.5340 -000.7883 -047.4460 +003.5383 +092.4384 0
L1 04     15 +008.5085 +010.6702 +001.8035 -056.0255 -000.3865 +000.4773 0
L1 05     15 +014.3866 +009.9591 +001.9686 -108.4776 +000.8852 -011.2234 0
L1 06     15 +014.3339 +002.2822 -000.8224 +177.7484 +028.7175 -132.5143 0
L1 07     15 +012.9740 +002.2009 -001.3308 +074.5610 +036.3039 +150.8012 0
L1 08     15 +012.1727 +002.1383 -001.7441 +003.6647 -020.8608 +139.6886 0
L1 01     19 +016.4669 +002.0415 +001.3751 -043.2058 +002.6032 +002.3866 0
L1 02     19 +007.1367 +005.8793 +001.6813 -119.7960 +003.4592 -128.8662 0
L1 03     19 +017.0877 +001.5338 -000.7882 -047.4480 +003.5403 +092.4383 0
L1 04     19 +008.5086 +010.6702 +001.8035 -056.0265 -000.3862 +000.4771 0
L1 05     19 +014.3870 +009.9586 +001.9684 -108.4829 +000.8836 -011.2243 0
L1 06     19 +014.3337 +002.2823 -000.8223 +177.7473 +028.7142 -132.5161 0
L1 07     19 +012.9738 +002.2009 -001.3304 +074.5628 +036.3042 +150.8063 0
L1 08     19 +012.1725 +002.1383 -001.7439 +003.6620 -020.8551 +139.6913 0
L1 01     23 +016.4668 +002.0416 +001.3752 -043.2048 +002.6067 +002.3861 0
L1 02     23 +007.1366 +005.8794 +001.6813 -119.7953 +003.4593 -128.8660 0
L1 03     23 +017.0875 +001.5341 -000.7883 -047.4462 +003.5461 +092.4369 0
L1 04     23 +008.5085 +010.6702 +001.8035 -056.0253 -000.3862 +000.4771 0
L1 05     23 +014.3869 +009.9587 +001.9684 -108.4802 +000.8855 -011.2241 0
L1 06     23 +014.3335 +002.2827 -000.8221 +177.7485 +028.7092 -132.5200 0
L1 07     23 +012.9735 +002.2011 -001.3303 +074.5722 +036.3039 +150.8164 0
L1 08     23 +012.1721 +002.1387 -001.7434 +003.6636 -020.8520 +139.6947 0
L1 01     27 +016.4668 +002.0416 +001.3748 -043.2057 +002.6118 +002.3817 0
L1 02     27 +007.1366 +005.8794 +001.6813 -119.7950 +003.4593 -128.8659 0
L1 03     27 +017.0875 +001.5353 -000.7888 -047.4381 +003.5519 +092.4327 0
L1 04     27 +008.5084 +010.6703 +001.8036 -056.0239 -000.3871 +000.4777 0
L1 05     27 +014.3865 +009.9593 +001.9687 -108.4745 +000.8848 -011.2232 0
L1 06     27 +014.3333 +002.2828 -000.8219 +177.7482 +028.7099 -132.5224 0
L1 07     27 +012.9734 +002.2017 -001.3299 +074.5771 +036.3006 +150.8154 0
L1 08     27 +012.1721 +002.1389 -001.7434 +003.6650 -020.8516 +139.6968 0
L1 01     31 +016.4669 +002.0415 +001.3749 -043.2075 +002.6109 +002.3844 0
L1 02     31 +007.1366 +005.8793 +001.6813 -119.7954 +003.4592 -128.8659 0
L1 03     31 +017.0875 +001.5339 -000.7884 -047.4485 +003.5481 +092.4362 0
L1 04     31 +008.5085 +010.6703 +001.8035 -056.0248 -000.3869 +000.4771 0
L1 05     31 +014.3868 +009.9590 +001.9685 -108.4776 +000.8842 -011.2224 0
L1 06     31 +014.3334 +002.2828 -000.8220 +177.7464 +028.7112 -132.5210 0
L1 07     31 +012.9735 +002.2016 -001.3302 +074.5745 +036.3041 +150.8159 0
L1 08     31 +012.1723 +002.1387 -001.7436 +003.6620 -020.8531 +139.6941 0
L1 01     35 +016.4669 +002.0415 +001.3750 -043.2074 +002.6058 +002.3846 0
L1 02     35 +007.1366 +005.8793 +001.6813 -119.7953 +003.4594 -128.8658 0
L1 03     35 +017.0876 +001.5343 -000.7885 -047.4465 +003.5445 +092.4351 0
L1 04     35 +008.5085 +010.6703 +001.8034 -056.0250 -000.3871 +000.4769 0
L1 05     35 +014.3869 +009.9588 +001.9684 -108.4793 +000.8842 -011.2241 0
L1 06     35 +014.3336 +002.2826 -000.8221 +177.7462 +028.7131 -132.5187 0
L1 07     35 +012.9737 +002.2015 -001.3304 +074.5736 +036.3061 +150.8136 0
L1 08     35 +012.1725 +002.1386 -001.7439 +003.6628 -020.8550 +139.6913 0
L1 01     39 +016.4669 +002.0414 +001.3750 -043.2083 +002.6047 +002.3848 0
L1 02     39 +007.1367 +005.8793 +001.6813 -119.7956 +003.4591 -128.8658 0
L1 03     39 +017.0876 +001.5340 -000.7885 -047.4479 +003.5431 +092.4355 0
L1 04     39 +008.5085 +010.6702 +001.8034 -056.0252 -000.3870 +000.4767 0
L1 05     39 +014.3870 +009.9585 +001.9686 -108.4805 +000.8848 -011.2221 0
L1 06     39 +014.3337 +002.2825 -000.8220 +177.7454 +028.7168 -132.5172 0
L1 07     39 +012.9738 +002.2011 -001.3304 +074.5697 +036.3075 +150.8104 0
L1 08     39 +012.1726 +002.1384 -001.7440 +003.6624 -020.8573 +139.6892 0
L1 01     43 +016.4668 +002.0415 +001.3750 -043.2071 +002.6057 +002.3851 0
L1 02     43 +007.1367 +005.8793 +001.6813 -119.7956 +003.4591 -128.8659 0
L1 03     43 +017.0876 +001.5338 -000.7882 -047.4486 +003.5423 +092.4364 0
L1 04     43 +008.5086 +010.6702 +001.8035 -056.0255 -000.3868 +000.4769 0
L1 05     43 +014.3870 +009.9585 +001.9683 -108.4817 +000.8846 -011.2245 0
L1 06     43 +014.3336 +002.2824 -000.8222 +177.7462 +028.7142 -132.5168 0
L1 07     43 +012.9738 +002.2010 -001.3304 +074.5720 +036.3075 +150.8128 0
L1 08     43 +012.1725 +002.1384 -001.7438 +003.6630 -020.8557 +139.6907 0
L1 01     47 +016.4669 +002.0413 +001.3749 -043.2088 +002.6095 +002.3841 0
L1 02     47 +007.1367 +005.8793 +001.6813 -119.7959 +003.4593 -128.8661 0
L1 03     47 +017.0875 +001.5339 -000.7884 -047.4482 +003.5466 +092.4348 0
L1 04     47 +008.5086 +010.6701 +001.8034 -056.0262 -000.3865 +000.4766 0
L1 05     47 +014.3865 +009.9592 +001.9686 -108.4777 +000.8848 -011.2225 0
L1 06     47 +014.3335 +002.2824 -000.8220 +177.7448 +028.7120 -132.5197 0
L1 07     47 +012.9736 +002.2011 -001.3302 +074.5778 +036.3062 +150.8199 0
L1 08     47 +012.1721 +002.1386 -001.7434 +003.6627 -020.8518 +139.6940 0
L1 01     51 +016.4668 +002.0414 +001.3752 -043.2078 +002.6131 +002.3859 0
L1 02     51 +007.1367 +005.8793 +001.6813 -119.7961 +003.4596 -128.8660 0
L1 03     51 +017.0873 +001.5339 -000.7884 -047.4504 +003.5527 +092.4348 0
L1 04     51 +008.5086 +010.6701 +001.8034 -056.0268 -000.3864 +000.4767 0
L1 05     51 +014.3869 +009.9586 +001.9688 -108.4816 +000.8862 -011.2220 0
L1 06     51 +014.3333 +002.2827 -000.8219 +177.7436 +028.7047 -132.5240 0
L1 07     51 +012.9732 +002.2013 -001.3298 +074.5823 +036.3048 +150.8270 0
L1 08     51 +012.1718 +002.1388 -001.7431 +003.6606 -020.8468 +139.6982 0
L1 01     55 +016.4667 +002.0416 +001.3749 -043.2057 +002.6178 +002.3815 0
L1 02     55 +007.1367 +005.8793 +001.6813 -119.7958 +003.4597 -128.8658 0
L1 03     55 +017.0871 +001.5348 -000.7886 -047.4423 +003.5570 +092.4331 0
L1 04     55 +008.5085 +010.6702 +001.8034 -056.0256 -000.3865 +000.4767 0
L1 05     55 +014.3868 +009.9589 +001.9690 -108.4797 +000.8868 -011.2205 0
L1 06     55 +014.3332 +002.2828 -000.8218 +177.7460 +028.7037 -132.5250 0
L1 07     55 +012.9731 +002.2016 -001.3295 +074.5893 +036.3040 +150.8292 0
L1 08     55 +012.1717 +002.1390 -001.7430 +003.6630 -020.8460 +139.7000 0
L1 01     59 +016.4667 +002.0416 +001.3748 -043.2071 +002.6181 +002.3807 0
L1 02     59 +007.1366 +005.8793 +001.6814 -119.7954 +003.4597 -128.8658 0
L1 03     59 +017.0871 +001.5346 -000.7888 -047.4442 +003.5574 +092.4320 0
L1 04     59 +008.5086 +010.6702 +001.8035 -056.0258 -000.3868 +000.4769 0
L1 05     59 +014.3869 +009.9589 +001.9685 -108.4795 +000.8850 -011.2237 0
L1 06     59 +014.3331 +002.2826 -000.8218 +177.7430 +028.7056 -132.5242 0
L1 07     59 +012.9731 +002.2014 -001.3297 +074.5891 +036.3060 +150.8308 0
L1 08     59 +012.1718 +002.1389 -001.7430 +003.6629 -020.8468 +139.6982 0
L1 01     63 +016.4667 +002.0417 +001.3750 -043.2045 +002.6153 +002.3817 0
L1 02     63 +007.1366 +005.8794 +001.6813 -119.7947 +003.4596 -128.8656 0
L1 03     63 +017.0872 +001.5344 -000.7887 -047.4440 +003.5554 +092.4323 0
L1 04     63 +008.5083 +010.6704 +001.8033 -056.0235 -000.3873 +000.4759 0
L1 05     63 +014.3865 +009.9592 +001.9685 -108.4765 +000.8846 -011.2240 0
L1 06     63 +014.3331 +002.2830 -000.8218 +177.7479 +028.7060 -132.5224 0
L1 07     63 +012.9731 +002.2016 -001.3299 +074.5928 +036.3076 +150.8313 0
L1 08     63 +012.1718 +002.1387 -001.7431 +003.6641 -020.8471 +139.6964 0
L1 01     67 +016.4668 +002.0414 +001.3749 -043.2068 +002.6146 +002.3817 0
L1 02     67 +007.1366 +005.8793 +001.6813 -119.7955 +003.4593 -128.8657 0
L1 03     67 +017.0872 +001.5344 -000.7888 -047.4451 +003.5549 +092.4314 0
L1 04     67 +008.5085 +010.6702 +001.8034 -056.0255 -000.3871 +000.4764 0
L1 05     67 +014.3868 +009.9588 +001.9688 -108.4796 +000.8868 -011.2237 0
L1 06     67 +014.3332 +002.2826 -000.8217 +177.7452 +028.7087 -132.5216 0
L1 07     67 +012.9732 +002.2015 -001.3299 +074.5920 +036.3087 +150.8312 0
L1 08     67 +012.1719 +002.1386 -001.7432 +003.6639 -020.8476 +139.6959 0
L1 01     71 +016.4668 +002.0415 +001.3748 -043.2065 +002.6151 +002.3813 0
L1 02     71 +007.1366 +005.8794 +001.6813 -119.7948 +003.4590 -128.8660 0
L1 03     71 +017.0872 +001.5345 -000.7887 -047.4442 +003.5545 +092.4320 0
L1 04     71 +008.5084 +010.6703 +001.8035 -056.0246 -000.3868 +000.4771 0
L1 05     71 +014.3867 +009.9590 +001.9690 -108.4778 +000.8876 -011.2229 0
L1 06     71 +014.3332 +002.2827 -000.8217 +177.7442 +028.7088 -132.5223 0
L1 07     71 +012.9732 +002.2015 -001.3299 +074.5930 +036.3093 +150.8320 0
L1 08     71 +012.1719 +002.1387 -001.7432 +003.6633 -020.8480 +139.6964 0
L1 01     75 +016.4668 +002.0410 +001.3747 -043.2109 +002.6154 +002.3800 0
L1 02     75 +007.1366 +005.8794 +001.6813 -119.7951 +003.4590 -128.8659 0
L1 03     75 +017.0872 +001.5347 -000.7888 -047.4444 +003.5555 +092.4314 0
L1 04     75 +008.5085 +010.6702 +001.8034 -056.0253 -000.3870 +000.4767 0
L1 05     75 +014.3872 +009.9583 +001.9685 -108.4813 +000.8855 -011.2245 0
L1 06     75 +014.3332 +002.2825 -000.8217 +177.7423 +028.7090 -132.5228 0
L1 07     75 +012.9733 +002.2013 -001.3298 +074.5929 +036.3086 +150.8328 0
L1 08     75 +012.1719 +002.1388 -001.7432 +003.6627 -020.8476 +139.6968 0
L1 01     79 +016.4669 +002.0413 +001.3745 -043.2103 +002.6166 +002.3803 0
L1 02     79 +007.1366 +005.8793 +001.6813 -119.7955 +003.4595 -128.8659 0
L1 03     79 +017.0872 +001.5344 -000.7887 -047.4466 +003.5553 +092.4321 0
L1 04     79 +008.5086 +010.6701 +001.8034 -056.0263 -000.3867 +000.4764 0
L1 05     79 +014.3866 +009.9589 +001.9694 -108.4779 +000.8891 -011.2207 0
L1 06     79 +014.3332 +002.2826 -000.8217 +177.7421 +028.7096 -132.5221 0
L1 07     79 +012.9732 +002.2016 -001.3298 +074.5936 +036.3096 +150.8322 0
L1 08     79 +012.1719 +002.1388 -001.7432 +003.6616 -020.8485 +139.6966 0
L1 01     83 +016.4668 +002.0411 +001.3745 -043.2120 +002.6154 +002.3794 0
L1 02     83 +007.1367 +005.8793 +001.6813 -119.7958 +003.4597 -128.8662 0
L1 03     83 +017.0873 +001.5343 -000.7888 -047.4474 +003.5549 +092.4313 0
L1 04     83 +008.5087 +010.6701 +001.8034 -056.0268 -000.3867 +000.4764 0
L1 05     83 +014.3868 +009.9586 +001.9693 -108.4805 +000.8885 -011.2208 0
L1 06     83 +014.3332 +002.2825 -000.8217 +177.7407 +028.7107 -132.5227 0
L1 07     83 +012.9733 +002.2014 -001.3299 +074.5924 +036.3102 +150.8325 0
L1 08     83 +012.1720 +002.1388 -001.7432 +003.6613 -020.8498 +139.6964 0
L1 01     87 +016.4668 +002.0415 +001.3749 -043.2081 +002.6137 +002.3811 0
L1 02     87 +007.1366 +005.8794 +001.6813 -119.7951 +003.4594 -128.8660 0
L1 03     87 +017.0872 +001.5346 -000.7888 -047.4461 +003.5546 +092.4319 0
L1 04     87 +008.5085 +010.6703 +001.8034 -056.0248 -000.3871 +000.4766 0
L1 05     87 +014.3868 +009.9588 +001.9687 -108.4797 +000.8846 -011.2229 0
L1 06     87 +014.3333 +002.2826 -000.8218 +177.7422 +028.7098 -132.5217 0
L1 07     87 +012.9733 +002.2015 -001.3298 +074.5943 +036.3107 +150.8339 0
L1 08     87 +012.1720 +002.1389 -001.7432 +003.6617 -020.8481 +139.6959 0
L1 01     91 +016.4668 +002.0416 +001.3748 -043.2079 +002.6140 +002.3804 0
L1 02     91 +007.1366 +005.8794 +001.6813 -119.7944 +003.4594 -128.8659 0
L1 03     91 +017.0872 +001.5347 -000.7889 -047.4456 +003.5557 +092.4313 0
L1 04     91 +008.5084 +010.6703 +001.8034 -056.0242 -000.3871 +000.4767 0
L1 05     91 +014.3865 +009.9593 +001.9684 -108.4748 +000.8827 -011.2227 0
L1 06     91 +014.3332 +002.2829 -000.8221 +177.7426 +028.7076 -132.5229 0
L1 07     91 +012.9734 +002.2015 -001.3298 +074.5939 +036.3101 +150.8343 0
L1 08     91 +012.1720 +002.1389 -001.7432 +003.6601 -020.8477 +139.6970 0
L1 01     95 +016.4669 +002.0417 +001.3748 -043.2085 +002.6133 +002.3806 0
L1 02     95 +007.1366 +005.8794 +001.6814 -119.7949 +003.4598 -128.8657 0
L1 03     95 +017.0872 +001.5346 -000.7889 -047.4473 +003.5557 +092.4317 0
L1 04     95 +008.5085 +010.6703 +001.8035 -056.0250 -000.3866 +000.4770 0
L1 05     95 +014.3866 +009.9590 +001.9690 -108.4776 +000.8872 -011.2214 0
L1 06     95 +014.3333 +002.2827 -000.8218 +177.7400 +028.7095 -132.5223 0
L1 07     95 +012.9734 +002.2015 -001.3298 +074.5946 +036.3115 +150.8370 0
L1 08     95 +012.1720 +002.1390 -001.7432 +003.6592 -020.8477 +139.6966 0
L1 01     99 +016.4669 +002.0412 +001.3749 -043.2131 +002.6133 +002.3819 0
L1 02     99 +007.1367 +005.8793 +001.6813 -119.7957 +003.4594 -128.8660 0
L1 03     99 +017.0873 +001.5339 -000.7887 -047.4552 +003.5532 +092.4327 0
L1 04     99 +008.5087 +010.6701 +001.8035 -056.0271 -000.3859 +000.4771 0
L1 05     99 +014.3870 +009.9584 +001.9690 -108.4827 +000.8875 -011.2232 0
L1 06     99 +014.3333 +002.2827 -000.8223 +177.7378 +028.7070 -132.5209 0
L1 07     99 +012.9734 +002.2015 -001.3298 +074.5941 +036.3125 +150.8363 0
L1 08     99 +012.1720 +002.1389 -001.7433 +003.6563 -020.8479 +139.6953 0
L1 01    103 +016.4669 +002.0413 +001.3748 -043.2125 +002.6124 +002.3817 0
L1 02    103 +007.1366 +005.8794 +001.6813 -119.7949 +003.4595 -128.8661 0
L1 03    103 +017.0873 +001.5344 -000.7887 -047.4503 +003.5530 +092.4329 0
L1 04    103 +008.5086 +010.6702 +001.8035 -056.0257 -000.3863 +000.4769 0
L1 05    103 +014.3868 +009.9588 +001.9686 -108.4794 +000.8856 -011.2246 0
L1 06    103 +014.3334 +002.2824 -000.8220 +177.7338 +028.7110 -132.5213 0
L1 07    103 +012.9734 +002.2016 -001.3300 +074.5954 +036.3134 +150.8371 0
L1 08    103 +012.1721 +002.1389 -001.7433 +003.6572 -020.8495 +139.6953 0
L1 01    107 +016.4669 +002.0415 +001.3750 -043.2125 +002.6117 +002.3834 0
L1 02    107 +007.1366 +005.8793 +001.6813 -119.7954 +003.4594 -128.8661 0
L1 03    107 +017.0873 +001.5342 -000.7886 -047.4559 +003.5526 +092.4342 0
L1 04    107 +008.5086 +010.6702 +001.8034 -056.0259 -000.3865 +000.4769 0
L1 05    107 +014.3869 +009.9587 +001.9687 -108.4800 +000.8856 -011.2227 0
L1 06    107 +014.3334 +002.2826 -000.8220 +177.7325 +028.7105 -132.5217 0
L1 07    107 +012.9735 +002.2017 -001.3299 +074.5911 +036.3123 +150.8362 0
L1 08    107 +012.1722 +002.1392 -001.7434 +003.6520 -020.8492 +139.6957 0
L1 01    111 +016.4669 +002.0417 +001.3749 -043.2136 +002.6143 +002.3817 0
L1 02    111 +007.1366 +005.8794 +001.6813 -119.7948 +003.4593 -128.8660 0
L1 03    111 +017.0873 +001.5343 -000.7888 -047.4563 +003.5561 +092.4328 0
L1 04    111 +008.5085 +010.6703 +001.8034 -056.0251 -000.3868 +000.4764 0
L1 05    111 +014.3866 +009.9592 +001.9687 -108.4762 +000.8859 -011.2228 0
L1 06    111 +014.3334 +002.2829 -000.8220 +177.7305 +028.7089 -132.5227 0
L1 07    111 +012.9734 +002.2024 -001.3298 +074.5934 +036.3113 +150.8397 0
L1 08    111 +012.1721 +002.1396 -001.7432 +003.6492 -020.8467 +139.6980 0
L1 01    115 +016.4669 +002.0414 +001.3749 -043.2184 +002.6187 +002.3807 0
L1 02    115 +007.1366 +005.8794 +001.6813 -119.7948 +003.4592 -128.8661 0
L1 03    115 +017.0872 +001.5343 -000.7886 -047.4586 +003.5582 +092.4329 0
L1 04    115 +008.5085 +010.6702 +001.8035 -056.0253 -000.3863 +000.4767 0
L1 05    115 +014.3869 +009.9586 +001.9687 -108.4800 +000.8861 -011.2231 0
L1 06    115 +014.3333 +002.2830 -000.8218 +177.7282 +028.7072 -132.5237 0
L1 07    115 +012.9733 +002.2023 -001.3297 +074.5959 +036.3112 +150.8469 0
L1 08    115 +012.1719 +002.1398 -001.7430 +003.6480 -020.8440 +139.6994 0
L1 01    119 +016.4669 +002.0421 +001.3751 -043.2118 +002.6172 +002.3827 0
L1 02    119 +007.1366 +005.8794 +001.6813 -119.7943 +003.4595 -128.8659 0
L1 03    119 +017.0871 +001.5347 -000.7886 -047.4566 +003.5595 +092.4332 0
L1 04    119 +008.5085 +010.6703 +001.8034 -056.0245 -000.3868 +000.4760 0
L1 05    119 +014.3866 +009.9590 +001.9686 -108.4777 +000.8852 -011.2234 0
L1 06    119 +014.3333 +002.2831 -000.8219 +177.7270 +028.7027 -132.5251 0
L1 07    119 +012.9732 +002.2025 -001.3297 +074.5992 +036.3112 +150.8510 0
L1 08    119 +012.1719 +002.1399 -001.7429 +003.6469 -020.8423 +139.7009 0
L1 01    123 +016.4669 +002.0419 +001.3751 -043.2154 +002.6185 +002.3819 0
L1 02    123 +007.1366 +005.8794 +001.6814 -119.7940 +003.4598 -128.8654 0
L1 03    123 +017.0871 +001.5349 -000.7888 -047.4556 +003.5608 +092.4316 0
L1 04    123 +008.5084 +010.6704 +001.8035 -056.0243 -000.3872 +000.4766 0
L1 05    123 +014.3866 +009.9591 +001.9689 -108.4772 +000.8857 -011.2209 0
L1 06    123 +014.3333 +002.2832 -000.8218 +177.7259 +028.7060 -132.5263 0
L1 07    123 +012.9733 +002.2024 -001.3297 +074.5967 +036.3119 +150.8498 0
L1 08    123 +012.1719 +002.1401 -001.7430 +003.6478 -020.8439 +139.7005 0
L1 01    127 +016.4669 +002.0417 +001.3751 -043.2201 +002.6184 +002.3824 0
L1 02    127 +007.1366 +005.8794 +001.6814 -119.7950 +003.4598 -128.8656 0
L1 03    127 +017.0872 +001.5341 -000.7888 -047.4635 +003.5589 +092.4321 0
L1 04    127 +008.5085 +010.6703 +001.8035 -056.0253 -000.3870 +000.4767 0
L1 05    127 +014.3867 +009.9587 +001.9691 -108.4794 +000.8872 -011.2198 0
L1 06    127 +014.3334 +002.2831 -000.8219 +177.7225 +028.7072 -132.5232 0
L1 07    127 +012.9734 +002.2022 -001.3299 +074.5916 +036.3144 +150.8482 0
L1 08    127 +012.1721 +002.1399 -001.7431 +003.6435 -020.8447 +139.6980 0
L1 01    131 +016.4670 +002.0418 +001.3749 -043.2212 +002.6193 +002.3816 0
L1 02    131 +007.1366 +005.8794 +001.6814 -119.7950 +003.4599 -128.8656 0
L1 03    131 +017.0873 +001.5338 -000.7887 -047.4682 +003.5585 +092.4312 0
L1 04    131 +008.5084 +010.6703 +001.8035 -056.0250 -000.3872 +000.4768 0
L1 05    131 +014.3869 +009.9585 +001.9689 -108.4816 +000.8873 -011.2215 0
L1 06    131 +014.3335 +002.2832 -000.8219 +177.7206 +028.7075 -132.5236 0
L1 07    131 +012.9734 +002.2024 -001.3298 +074.5909 +036.3142 +150.8469 0
L1 08    131 +012.1721 +002.1400 -001.7431 +003.6421 -020.8457 +139.6975 0
L1 01    135 +016.4670 +002.0415 +001.3749 -043.2248 +002.6195 +002.3814 0
L1 02    135 +007.1366 +005.8794 +001.6814 -119.7950 +003.4599 -128.8658 0
L1 03    135 +017.0872 +001.5339 -000.7883 -047.4700 +003.5583 +092.4337 0
L1 04    135 +008.5085 +010.6702 +001.8035 -056.0257 -000.3866 +000.4769 0
L1 05    135 +014.3868 +009.9586 +001.9689 -108.4804 +000.8878 -011.2213 0
L1 06    135 +014.3335 +002.2833 -000.8216 +177.7173 +028.7094 -132.5241 0
L1 07    135 +012.9734 +002.2025 -001.3297 +074.5900 +036.3127 +150.8487 0
L1 08    135 +012.1721 +002.1402 -001.7430 +003.6384 -020.8442 +139.6994 0
L1 01    139 +016.4670 +002.0417 +001.3751 -043.2232 +002.6211 +002.3821 0
L1 02    139 +007.1366 +005.8794 +001.6814 -119.7946 +003.4597 -128.8657 0
L1 03    139 +017.0871 +001.5343 -000.7884 -047.4675 +003.5615 +092.4321 0
L1 04    139 +008.5084 +010.6703 +001.8036 -056.0243 -000.3870 +000.4775 0
L1 05    139 +014.3870 +009.9587 +001.9687 -108.4802 +000.8867 -011.2225 0
L1 06    139 +014.3334 +002.2834 -000.8217 +177.7157 +028.7043 -132.5259 0
L1 07    139 +012.9733 +002.2027 -001.3295 +074.5917 +036.3117 +150.8540 0
L1 08    139 +012.1719 +002.1407 -001.7427 +003.6375 -020.8416 +139.7021 0
L1 01    143 +016.4670 +002.0415 +001.3750 -043.2272 +002.6237 +002.3822 0
L1 02    143 +007.1366 +005.8794 +001.6814 -119.7947 +003.4598 -128.8656 0
L1 03    143 +017.0871 +001.5342 -000.7884 -047.4714 +003.5631 +092.4329 0
L1 04    143 +008.5084 +010.6703 +001.8035 -056.0247 -000.3869 +000.4772 0
L1 05    143 +014.3870 +009.9585 +001.9689 -108.4824 +000.8878 -011.2234 0
L1 06    143 +014.3334 +002.2835 -000.8216 +177.7098 +028.7034 -132.5288 0
L1 07    143 +012.9733 +002.2028 -001.3295 +074.5911 +036.3116 +150.8587 0
L1 08    143 +012.1719 +002.1407 -001.7427 +003.6333 -020.8392 +139.7036 0
L1 01    147 +016.4671 +002.0416 +001.3750 -043.2277 +002.6240 +002.3807 0
L1 02    147 +007.1366 +005.8794 +001.6814 -119.7945 +003.4598 -128.8657 0
L1 03    147 +017.0871 +001.5344 -000.7887 -047.4717 +003.5649 +092.4309 0
L1 04    147 +008.5084 +010.6703 +001.8035 -056.0249 -000.3869 +000.4774 0
L1 05    147 +014.3871 +009.9584 +001.9684 -108.4835 +000.8854 -011.2249 0
L1 06    147 +014.3334 +002.2840 -000.8215 +177.7110 +028.7035 -132.5289 0
L1 07    147 +012.9733 +002.2031 -001.3293 +074.5911 +036.3119 +150.8566 0
L1 08    147 +012.1719 +002.1409 -001.7428 +003.6330 -020.8395 +139.7036 0
L1 01    151 +016.4670 +002.0420 +001.3751 -043.2252 +002.6223 +002.3815 0
L1 02    151 +007.1365 +005.8794 +001.6814 -119.7943 +003.4597 -128.8657 0
L1 03    151 +017.0871 +001.5344 -000.7886 -047.4715 +003.5634 +092.4324 0
L1 04    151 +008.5084 +010.6703 +001.8036 -056.0242 -000.3871 +000.4775 0
L1 05    151 +014.3868 +009.9587 +001.9682 -108.4804 +000.8841 -011.2252 0
L1 06    151 +014.3335 +002.2837 -000.8216 +177.7095 +028.7046 -132.5280 0
L1 07    151 +012.9734 +002.2032 -001.3294 +074.5906 +036.3127 +150.8558 0
L1 08    151 +012.1720 +002.1409 -001.7429 +003.6323 -020.8418 +139.7020 0
L1 01    155 +016.4671 +002.0419 +001.3753 -043.2252 +002.6194 +002.3836 0
L1 02    155 +007.1365 +005.8794 +001.6814 -119.7940 +003.4597 -128.8655 0
L1 03    155 +017.0871 +001.5344 -000.7885 -047.4721 +003.5608 +092.4335 0
L1 04    155 +008.5083 +010.6704 +001.8036 -056.0238 -000.3870 +000.4781 0
L1 05    155 +014.3868 +009.9591 +001.9685 -108.4782 +000.8846 -011.2237 0
L1 06    155 +014.3336 +002.2838 -000.8217 +177.7100 +028.7065 -132.5271 0
L1 07    155 +012.9735 +002.2031 -001.3296 +074.5898 +036.3136 +150.8555 0
L1 08    155 +012.1722 +002.1408 -001.7430 +003.6323 -020.8432 +139.7008 0
L1 01    159 +016.4671 +002.0418 +001.3755 -043.2259 +002.6164 +002.3865 0
L1 02    159 +007.1366 +005.8794 +001.6814 -119.7947 +003.4596 -128.8655 0
L1 03    159 +017.0871 +001.5341 -000.7882 -047.4760 +003.5567 +092.4372 0
L1 04    159 +008.5084 +010.6703 +001.8035 -056.0247 -000.3867 +000.4774 0
L1 05    159 +014.3869 +009.9586 +001.9688 -108.4801 +000.8871 -011.2240 0
L1 06    159 +014.3336 +002.2840 -000.8221 +177.7109 +028.7056 -132.5266 0
L1 07    159 +012.9736 +002.2030 -001.3296 +074.5882 +036.3142 +150.8546 0
L1 08    159 +012.1722 +002.1407 -001.7431 +003.6312 -020.8427 +139.6998 0
L1 01    163 +016.4671 +002.0418 +001.3754 -043.2275 +002.6181 +002.3847 0
L1 02    163 +007.1366 +005.8794 +001.6814 -119.7952 +003.4597 -128.8658 0
L1 03    163 +017.0872 +001.5340 -000.7883 -047.4767 +003.5589 +092.4360 0
L1 04    163 +008.5084 +010.6703 +001.8036 -056.0250 -000.3865 +000.4778 0
L1 05    163 +014.3869 +009.9586 +001.9689 -108.4810 +000.8876 -011.2223 0
L1 06    163 +014.3336 +002.2836 -000.8218 +177.7082 +028.7075 -132.5255 0
L1 07    163 +012.9736 +002.2030 -001.3297 +074.5893 +036.3146 +150.8559 0
L1 08    163 +012.1722 +002.1408 -001.7431 +003.6306 -020.8434 +139.7002 0
L1 01    167 +016.4671 +002.0417 +001.3751 -043.2286 +002.6202 +002.3832 0
L1 02    167 +007.1366 +005.8794 +001.6814 -119.7947 +003.4598 -128.8656 0
L1 03    167 +017.0872 +001.5341 -000.7885 -047.4762 +003.5611 +092.4336 0
L1 04    167 +008.5085 +010.6702 +001.8035 -056.0254 -000.3867 +000.4776 0
L1 05    167 +014.3870 +009.9584 +001.9688 -108.4819 +000.8867 -011.2228 0
L1 06    167 +014.3336 +002.2836 -000.8218 +177.7065 +028.7076 -132.5269 0
L1 07    167 +012.9736 +002.2031 -001.3297 +074.5900 +036.3144 +150.8569 0
L1 08    167 +012.1722 +002.1409 -001.7431 +003.6298 -020.8429 +139.7010 0
L1 01    171 +016.4671 +002.0416 +001.3750 -043.2318 +002.6223 +002.3808 0
L1 02    171 +007.1366 +005.8794 +001.6814 -119.7945 +003.4600 -128.8655 0
L1 03    171 +017.0873 +001.5342 -000.7889 -047.4760 +003.5633 +092.4317 0
L1 04    171 +008.5085 +010.6702 +001.8036 -056.0254 -000.3870 +000.4776 0
L1 05    171 +014.3870 +009.9584 +001.9687 -108.4818 +000.8859 -011.2238 0
L1 06    171 +014.3336 +002.2838 -000.8217 +177.7072 +028.7086 -132.5266 0
L1 07    171 +012.9736 +002.2033 -001.3296 +074.5914 +036.3141 +150.8573 0
L1 08    171 +012.1722 +002.1411 -001.7429 +003.6301 -020.8430 +139.7014 0
L1 01    175 +016.4672 +002.0416 +001.3752 -043.2313 +002.6200 +002.3837 0
L1 02    175 +007.1366 +005.8794 +001.6814 -119.7947 +003.4598 -128.8654 0
L1 03    175 +017.0873 +001.5340 -000.7886 -047.4783 +003.5611 +092.4332 0
L1 04    175 +008.5085 +010.6702 +001.8036 -056.0261 -000.3868 +000.4774 0
L1 05    175 +014.3870 +009.9583 +001.9685 -108.4829 +000.8853 -011.2251 0
L1 06    175 +014.3336 +002.2837 -000.8216 +177.7050 +028.7086 -132.5267 0
L1 07    175 +012.9736 +002.2030 -001.3298 +074.5906 +036.3155 +150.8593 0
L1 08    175 +012.1723 +002.1409 -001.7430 +003.6291 -020.8431 +139.7005 0
L1 01    179 +016.4671 +002.0418 +001.3751 -043.2285 +002.6186 +002.3831 0
L1 02    179 +007.1366 +005.8794 +001.6814 -119.7944 +003.4597 -128.8654 0
L1 03    179 +017.0872 +001.5343 -000.7884 -047.4751 +003.5590 +092.4339 0
L1 04    179 +008.5084 +010.6703 +001.8036 -056.0245 -000.3873 +000.4777 0
L1 05    179 +014.3868 +009.9587 +001.9681 -108.4798 +000.8838 -011.2259 0
L1 06    179 +014.3338 +002.2835 -000.8217 +177.7056 +028.7097 -132.5243 0
L1 07    179 +012.9737 +002.2031 -001.3298 +074.5917 +036.3161 +150.8594 0
L1 08    179 +012.1723 +002.1410 -001.7432 +003.6302 -020.8429 +139.6999 0
L1 01    183 +016.4672 +002.0419 +001.3751 -043.2275 +002.6178 +002.3830 0
L1 02    183 +007.1365 +005.8795 +001.6814 -119.7937 +003.4596 -128.8655 0
L1 03    183 +017.0873 +001.5343 -000.7886 -047.4742 +003.5587 +092.4338 0
L1 04    183 +008.5082 +010.6705 +001.8036 -056.0226 -000.3876 +000.4778 0
L1 05    183 +014.3865 +009.9592 +001.9686 -108.4758 +000.8850 -011.2237 0
L1 06    183 +014.3338 +002.2838 -000.8218 +177.7076 +028.7111 -132.5260 0
L1 07    183 +012.9737 +002.2032 -001.3299 +074.5935 +036.3166 +150.8591 0
L1 08    183 +012.1724 +002.1410 -001.7432 +003.6310 -020.8451 +139.6994 0
L1 01    187 +016.4672 +002.0417 +001.3753 -043.2292 +002.6163 +002.3844 0
L1 02    187 +007.1366 +005.8794 +001.6814 -119.7943 +003.4598 -128.8656 0
L1 03    187 +017.0874 +001.5343 -000.7886 -047.4754 +003.5589 +092.4341 0
L1 04    187 +008.5083 +010.6704 +001.8036 -056.0236 -000.3869 +000.4778 0
L1 05    187 +014.3865 +009.9593 +001.9686 -108.4766 +000.8855 -011.2242 0
L1 06    187 +014.3338 +002.2836 -000.8218 +177.7052 +028.7118 -132.5243 0
L1 07    187 +012.9738 +002.2033 -001.3298 +074.5927 +036.3169 +150.8580 0
L1 08    187 +012.1724 +002.1410 -001.7432 +003.6293 -020.8452 +139.6995 0
L1 01    191 +016.4672 +002.0419 +001.3754 -043.2284 +002.6169 +002.3856 0
L1 02    191 +007.1366 +005.8794 +001.6814 -119.7953 +003.4604 -128.8654 0
L1 03    191 +017.0873 +001.5341 -000.7884 -047.4784 +003.5588 +092.4352 0
L1 04    191 +008.5084 +010.6703 +001.8035 -056.0249 -000.3867 +000.4774 0
L1 05    191 +014.3866 +009.9590 +001.9689 -108.4779 +000.8875 -011.2227 0
L1 06    191 +014.3338 +002.2836 -000.8218 +177.7034 +028.7108 -132.5247 0
L1 07    191 +012.9738 +002.2029 -001.3298 +074.5900 +036.3176 +150.8612 0
L1 08    191 +012.1724 +002.1410 -001.7432 +003.6267 -020.8432 +139.6996 0
L1 01    195 +016.4671 +002.0417 +001.3754 -043.2303 +002.6182 +002.3851 0
L1 02    195 +007.1366 +005.8794 +001.6814 -119.7947 +003.4603 -128.8658 0
L1 03    195 +017.0872 +001.5340 -000.7884 -047.4799 +003.5598 +092.4350 0
L1 04    195 +008.5085 +010.6702 +001.8036 -056.0254 -000.3865 +000.4778 0
L1 05    195 +014.3869 +009.9584 +001.9688 -108.4812 +000.8873 -011.2226 0
L1 06    195 +014.3337 +002.2837 -000.8219 +177.7032 +028.7076 -132.5251 0
L1 07    195 +012.9737 +002.2030 -001.3297 +074.5920 +036.3186 +150.8625 0
L1 08    195 +012.1723 +002.1409 -001.7431 +003.6258 -020.8419 +139.7003 0
L1 01    199 +016.4671 +002.0418 +001.3752 -043.2299 +002.6193 +002.3840 0
L1 02    199 +007.1366 +005.8794 +001.6814 -119.7946 +003.4600 -128.8656 0
L1 03    199 +017.0873 +001.5341 -000.7885 -047.4784 +003.5603 +092.4343 0
L1 04    199 +008.5084 +010.6703 +001.8036 -056.0246 -000.3868 +000.4779 0
L1 05    199 +014.3866 +009.9590 +001.9687 -108.4780 +000.8857 -011.2216 0
L1 06    199 +014.3337 +002.2837 -000.8219 +177.7035 +028.7088 -132.5247 0
L1 07    199 +012.9737 +002.2034 -001.3296 +074.5970 +036.3173 +150.8622 0
L1 08    199 +012.1723 +002.1410 -001.7431 +003.6278 -020.8431 +139.7007 0
L1 01    203 +016.4672 +002.0415 +001.3751 -043.2324 +002.6177 +002.3832 0
L1 02    203 +007.1366 +005.8794 +001.6814 -119.7952 +003.4599 -128.8659 0
L1 03    203 +017.0874 +001.5340 -000.7886 -047.4789 +003.5585 +092.4338 0
L1 04    203 +008.5084 +010.6703 +001.8036 -056.0248 -000.3869 +000.4777 0
L1 05    203 +014.3867 +009.9589 +001.9684 -108.4793 +000.8846 -011.2236 0
L1 06    203 +014.3338 +002.2836 -000.8220 +177.7036 +028.7113 -132.5234 0
L1 07    203 +012.9739 +002.2031 -001.3298 +074.5950 +036.3187 +150.8599 0
L1 08    203 +012.1725 +002.1410 -001.7433 +003.6281 -020.8460 +139.6992 0
L1 01    207 +016.4673 +002.0418 +001.3750 -043.2297 +002.6148 +002.3842 0
L1 02    207 +007.1366 +005.8794 +001.6814 -119.7952 +003.4600 -128.8656 0
L1 03    207 +017.0875 +001.5340 -000.7885 -047.4785 +003.5558 +092.4352 0
L1 04    207 +008.5083 +010.6704 +001.8035 -056.0240 -000.3872 +000.4773 0
L1 05    207 +014.3868 +009.9590 +001.9683 -108.4788 +000.8846 -011.2239 0
L1 06    207 +014.3339 +002.2839 -000.8222 +177.7060 +028.7142 -132.5218 0
L1 07    207 +012.9741 +002.2029 -001.3302 +074.5938 +036.3211 +150.8594 0
L1 08    207 +012.1727 +002.1409 -001.7436 +003.6292 -020.8479 +139.6959 0
L1 01    211 +016.4672 +002.0418 +001.3749 -043.2295 +002.6139 +002.3818 0
L1 02    211 +007.1366 +005.8794 +001.6814 -119.7946 +003.4599 -128.8657 0
L1 03    211 +017.0876 +001.5341 -000.7886 -047.4768 +003.5556 +092.4348 0
L1 04    211 +008.5083 +010.6704 +001.8035 -056.0237 -000.3870 +000.4773 0
L1 05    211 +014.3867 +009.9592 +001.9688 -108.4766 +000.8858 -011.2220 0
L1 06    211 +014.3339 +002.2839 -000.8220 +177.7079 +028.7170 -132.5206 0
L1 07    211 +012.9741 +002.2030 -001.3301 +074.5945 +036.3211 +150.8585 0
L1 08    211 +012.1727 +002.1410 -001.7436 +003.6305 -020.8484 +139.6960 0
L1 01    215 +016.4672 +002.0418 +001.3748 -043.2305 +002.6167 +002.3812 0
L1 02    215 +007.1366 +005.8794 +001.6814 -119.7945 +003.4600 -128.8657 0
L1 03    215 +017.0875 +001.5342 -000.7886 -047.4767 +003.5568 +092.4340 0
L1 04    215 +008.5083 +010.6703 +001.8035 -056.0238 -000.3870 +000.4773 0
L1 05    215 +014.3866 +009.9592 +001.9684 -108.4771 +000.8839 -011.2232 0
L1 06    215 +014.3339 +002.2838 -000.8220 +177.7056 +028.7146 -132.5226 0
L1 07    215 +012.9739 +002.2033 -001.3300 +074.5991 +036.3209 +150.8612 0
L1 08    215 +012.1726 +002.1411 -001.7433 +003.6294 -020.8469 +139.6973 0
L1 01    219 +016.4672 +002.0418 +001.3751 -043.2307 +002.6172 +002.3829 0
L1 02    219 +007.1366 +005.8794 +001.6814 -119.7947 +003.4598 -128.8657 0
L1 03    219 +017.0874 +001.5339 -000.7886 -047.4800 +003.5598 +092.4344 0
L1 04    219 +008.5084 +010.6703 +001.8034 -056.0245 -000.3870 +000.4767 0
L1 05    219 +014.3866 +009.9591 +001.9683 -108.4776 +000.8831 -011.2239 0
L1 06    219 +014.3339 +002.2837 -000.8219 +177.7014 +028.7111 -132.5247 0
L1 07    219 +012.9737 +002.2035 -001.3298 +074.6013 +036.3206 +150.8668 0
L1 08    219 +012.1724 +002.1411 -001.7431 +003.6254 -020.8424 +139.6997 0
L1 01    223 +016.4672 +002.0415 +001.3751 -043.2348 +002.6206 +002.3826 0
L1 02    223 +007.1366 +005.8794 +001.6814 -119.7951 +003.4599 -128.8658 0
L1 03    223 +017.0873 +001.5339 -000.7886 -047.4834 +003.5628 +092.4331 0
L1 04    223 +008.5086 +010.6701 +001.8035 -056.0266 -000.3866 +000.4770 0
L1 05    223 +014.3868 +009.9587 +001.9683 -108.4804 +000.8833 -011.2244 0
L1 06    223 +014.3338 +002.2837 -000.8216 +177.6982 +028.7104 -132.5268 0
L1 07    223 +012.9736 +002.2033 -001.3295 +074.6012 +036.3197 +150.8709 0
L1 08    223 +012.1723 +002.1411 -001.7430 +003.6227 -020.8401 +139.7016 0
L1 01    227 +016.4672 +002.0417 +001.3749 -043.2323 +002.6219 +002.3814 0
L1 02    227 +007.1366 +005.8794 +001.6814 -119.7950 +003.4600 -128.8656 0
L1 03    227 +017.0873 +001.5341 -000.7886 -047.4802 +003.5632 +092.4331 0
L1 04    227 +008.5084 +010.6703 +001.8035 -056.0247 -000.3872 +000.4770 0
L1 05    227 +014.3867 +009.9588 +001.9687 -108.4784 +000.8848 -011.2226 0
L1 06    227 +014.3337 +002.2837 -000.8218 +177.6988 +028.7082 -132.5262 0
L1 07    227 +012.9737 +002.2033 -001.3297 +074.6030 +036.3206 +150.8727 0
L1 08    227 +012.1723 +002.1413 -001.7430 +003.6248 -020.8410 +139.7014 0
L1 01    231 +016.4672 +002.0416 +001.3752 -043.2326 +002.6176 +002.3835 0
L1 02    231 +007.1366 +005.8794 +001.6814 -119.7949 +003.4600 -128.8657 0
L1 03    231 +017.0873 +001.5341 -000.7884 -047.4813 +003.5594 +092.4349 0
L1 04    231 +008.5085 +010.6702 +001.8035 -056.0256 -000.3867 +000.4774 0
L1 05    231 +014.3871 +009.9584 +001.9683 -108.4823 +000.8850 -011.2252 0
L1 06    231 +014.3338 +002.2837 -000.8220 +177.6983 +028.7094 -132.5247 0
L1 07    231 +012.9739 +002.2031 -001.3298 +074.6007 +036.3215 +150.8702 0
L1 08    231 +012.1724 +002.1411 -001.7431 +003.6239 -020.8427 +139.6996 0
L1 01    235 +016.4672 +002.0416 +001.3752 -043.2335 +002.6169 +002.3838 0
L1 02    235 +007.1366 +005.8794 +001.6814 -119.7954 +003.4599 -128.8657 0
L1 03    235 +017.0874 +001.5338 -000.7881 -047.4831 +003.5563 +092.4359 0
L1 04    235 +008.5085 +010.6702 +001.8035 -056.0258 -000.3867 +000.4774 0
L1 05    235 +014.3869 +009.9586 +001.9682 -108.4817 +000.8853 -011.2253 0
L1 06    235 +014.3340 +002.2836 -000.8221 +177.6989 +028.7114 -132.5233 0
L1 07    235 +012.9739 +002.2030 -001.3299 +074.5998 +036.3236 +150.8679 0
L1 08    235 +012.1726 +002.1411 -001.7433 +003.6249 -020.8444 +139.6975 0
L1 01    239 +016.4672 +002.0415 +001.3752 -043.2336 +002.6155 +002.3835 0
L1 02    239 +007.1366 +005.8794 +001.6814 -119.7949 +003.4599 -128.8656 0
L1 03    239 +017.0874 +001.5339 -000.7884 -047.4820 +003.5571 +092.4335 0
L1 04    239 +008.5085 +010.6702 +001.8036 -056.0256 -000.3868 +000.4779 0
L1 05    239 +014.3868 +009.9587 +001.9683 -108.4797 +000.8846 -011.2242 0
L1 06    239 +014.3340 +002.2837 -000.8220 +177.7000 +028.7133 -132.5219 0
L1 07    239 +012.9740 +002.2032 -001.3299 +074.6012 +036.3245 +150.8676 0
L1 08    239 +012.1726 +002.1411 -001.7433 +003.6249 -020.8443 +139.6977 0
L1 01    243 +016.4672 +002.0417 +001.3749 -043.2319 +002.6179 +002.3816 0
L1 02    243 +007.1366 +005.8794 +001.6814 -119.7948 +003.4599 -128.8656 0
L1 03    243 +017.0874 +001.5343 -000.7887 -047.4787 +003.5598 +092.4323 0
L1 04    243 +008.5083 +010.6704 +001.8035 -056.0236 -000.3877 +000.4773 0
L1 05    243 +014.3867 +009.9590 +001.9684 -108.4776 +000.8840 -011.2238 0
L1 06    243 +014.3338 +002.2838 -000.8219 +177.7003 +028.7134 -132.5240 0
L1 07    243 +012.9739 +002.2035 -001.3299 +074.6066 +036.3231 +150.8703 0
L1 08    243 +012.1725 +002.1413 -001.7433 +003.6264 -020.8437 +139.6992 0
L1 01    247 +016.4672 +002.0415 +001.3750 -043.2343 +002.6191 +002.3820 0
L1 02    247 +007.1366 +005.8794 +001.6814 -119.7949 +003.4599 -128.8657 0
L1 03    247 +017.0874 +001.5342 -000.7886 -047.4803 +003.5613 +092.4330 0
L1 04    247 +008.5085 +010.6702 +001.8036 -056.0253 -000.3870 +000.4776 0
L1 05    247 +014.3867 +009.9589 +001.9688 -108.4800 +000.8870 -011.2223 0
L1 06    247 +014.3338 +002.2838 -000.8218 +177.6986 +028.7124 -132.5256 0
L1 07    247 +012.9738 +002.2035 -001.3298 +074.6080 +036.3227 +150.8729 0
L1 08    247 +012.1724 +002.1414 -001.7431 +003.6253 -020.8433 +139.7004 0
L1 01    251 +016.4672 +002.0417 +001.3750 -043.2327 +002.6191 +002.3829 0
L1 02    251 +007.1366 +005.8794 +001.6814 -119.7948 +003.4599 -128.8655 0
L1 03    251 +017.0873 +001.5342 -000.7885 -047.4807 +003.5609 +092.4338 0
L1 04    251 +008.5084 +010.6703 +001.8036 -056.0242 -000.3870 +000.4777 0
L1 05    251 +014.3867 +009.9590 +001.9687 -108.4777 +000.8864 -011.2237 0
L1 06    251 +014.3338 +002.2840 -000.8219 +177.6990 +028.7113 -132.5258 0
L1 07    251 +012.9738 +002.2036 -001.3298 +074.6091 +036.3240 +150.8748 0
L1 08    251 +012.1724 +002.1413 -001.7431 +003.6241 -020.8424 +139.7007 0
L1 01    255 +016.4672 +002.0416 +001.3751 -043.2332 +002.6180 +002.3830 0
L1 02    255 +007.1366 +005.8794 +001.6814 -119.7949 +003.4598 -128.8656 0
L1 03    255 +017.0873 +001.5343 -000.7887 -047.4804 +003.5609 +092.4329 0
L1 04    255 +008.5084 +010.6703 +001.8036 -056.0241 -000.3872 +000.4779 0
L1 05    255 +014.3867 +009.9590 +001.9683 -108.4770 +000.8839 -011.2236 0
L1 06    255 +014.3338 +002.2840 -000.8219 +177.6996 +028.7121 -132.5246 0
L1 07    255 +012.9738 +002.2036 -001.3298 +074.6086 +036.3247 +150.8739 0
L1 08    255 +012.1725 +002.1413 -001.7432 +003.6238 -020.8425 +139.6998 0
L1 01    259 +016.4673 +002.0417 +001.3750 -043.2331 +002.6180 +002.3830 0
L1 02    259 +007.1366 +005.8794 +001.6814 -119.7945 +003.4599 -128.8654 0
L1 03    259 +017.0874 +001.5337 -000.7886 -047.4836 +003.5598 +092.4336 0
L1 04    259 +008.5083 +010.6704 +001.8036 -056.0236 -000.3871 +000.4778 0
L1 05    259 +014.3866 +009.9592 +001.9684 -108.4764 +000.8850 -011.2237 0
L1 06    259 +014.3339 +002.2840 -000.8220 +177.6992 +028.7129 -132.5237 0
L1 07    259 +012.9739 +002.2036 -001.3298 +074.6081 +036.3255 +150.8728 0
L1 08    259 +012.1725 +002.1413 -001.7432 +003.6241 -020.8438 +139.6985 0
L1 01    263 +016.4673 +002.0417 +001.3752 -043.2338 +002.6164 +002.3836 0
L1 02    263 +007.1366 +005.8794 +001.6814 -119.7949 +003.4600 -128.8655 0
L1 03    263 +017.0874 +001.5337 -000.7885 -047.4857 +003.5578 +092.4346 0
L1 04    263 +008.5084 +010.6703 +001.8035 -056.0246 -000.3871 +000.4776 0
L1 05    263 +014.3865 +009.9592 +001.9687 -108.4763 +000.8856 -011.2223 0
L1 06    263 +014.3340 +002.2840 -000.8218 +177.6967 +028.7147 -132.5238 0
L1 07    263 +012.9740 +002.2034 -001.3299 +074.6077 +036.3263 +150.8739 0
L1 08    263 +012.1726 +002.1411 -001.7432 +003.6221 -020.8447 +139.6973 0
L1 01    267 +016.4673 +002.0415 +001.3753 -043.2349 +002.6156 +002.3842 0
L1 02    267 +007.1366 +005.8794 +001.6814 -119.7952 +003.4598 -128.8657 0
L1 03    267 +017.0874 +001.5332 -000.7884 -047.4888 +003.5587 +092.4359 0
L1 04    267 +008.5085 +010.6702 +001.8036 -056.0252 -000.3866 +000.4782 0
L1 05    267 +014.3868 +009.9588 +001.9685 -108.4795 +000.8848 -011.2227 0
L1 06    267 +014.3340 +002.2839 -000.8218 +177.6961 +028.7141 -132.5242 0
L1 07    267 +012.9739 +002.2035 -001.3297 +074.6086 +036.3257 +150.8736 0
L1 08    267 +012.1726 +002.1412 -001.7432 +003.6219 -020.8443 +139.6983 0
L1 01    271 +016.4672 +002.0417 +001.3750 -043.2336 +002.6183 +002.3821 0
L1 02    271 +007.1366 +005.8794 +001.6814 -119.7951 +003.4601 -128.8655 0
L1 03    271 +017.0873 +001.5341 -000.7885 -047.4823 +003.5619 +092.4339 0
L1 04    271 +008.5084 +010.6703 +001.8035 -056.0244 -000.3873 +000.4776 0
L1 05    271 +014.3865 +009.9591 +001.9688 -108.4765 +000.8851 -011.2219 0
L1 06    271 +014.3339 +002.2839 -000.8218 +177.6956 +028.7134 -132.5251 0
L1 07    271 +012.9739 +002.2035 -001.3297 +074.6104 +036.3255 +150.8755 0
L1 08    271 +012.1725 +002.1414 -001.7431 +003.6226 -020.8424 +139.7004 0
L1 01    275 +016.4672 +002.0417 +001.3750 -043.2336 +002.6201 +002.3826 0
L1 02    275 +007.1366 +005.8794 +001.6814 -119.7948 +003.4598 -128.8656 0
L1 03    275 +017.0873 +001.5340 -000.7886 -047.4838 +003.5634 +092.4338 0
L1 04    275 +008.5084 +010.6703 +001.8035 -056.0246 -000.3872 +000.4771 0
L1 05    275 +014.3870 +009.9586 +001.9687 -108.4816 +000.8860 -011.2243 0
L1 06    275 +014.3338 +002.2840 -000.8218 +177.6963 +028.7113 -132.5255 0
L1 07    275 +012.9738 +002.2035 -001.3297 +074.6131 +036.3254 +150.8807 0
L1 08    275 +012.1724 +002.1415 -001.7430 +003.6214 -020.8407 +139.7014 0
L1 01    279 +016.4673 +002.0416 +001.3748 -043.2358 +002.6247 +002.3796 0
L1 02    279 +007.1365 +005.8795 +001.6814 -119.7936 +003.4602 -128.8655 0
L1 03    279 +017.0874 +001.5340 -000.7887 -047.4838 +003.5652 +092.4327 0
L1 04    279 +008.5084 +010.6703 +001.8035 -056.0242 -000.3871 +000.4770 0
L1 05    279 +014.3866 +009.9592 +001.9685 -108.4775 +000.8853 -011.2243 0
L1 06    279 +014.3338 +002.2840 -000.8216 +177.6946 +028.7122 -132.5268 0
L1 07    279 +012.9738 +002.2036 -001.3297 +074.6165 +036.3258 +150.8837 0
L1 08    279 +012.1723 +002.1417 -001.7428 +003.6225 -020.8404 +139.7026 0
L1 01    283 +016.4673 +002.0416 +001.3749 -043.2347 +002.6219 +002.3813 0
L1 02    283 +007.1366 +005.8794 +001.6814 -119.7944 +003.4597 -128.8655 0
L1 03    283 +017.0873 +001.5340 -000.7890 -047.4839 +003.5668 +092.4314 0
L1 04    283 +008.5084 +010.6703 +001.8035 -056.0242 -000.3871 +000.4775 0
L1 05    283 +014.3865 +009.9592 +001.9689 -108.4766 +000.8876 -011.2232 0
L1 06    283 +014.3337 +002.2841 -000.8216 +177.6959 +028.7115 -132.5264 0
L1 07    283 +012.9737 +002.2036 -001.3295 +074.6160 +036.3255 +150.8836 0
L1 08    283 +012.1723 +002.1415 -001.7429 +003.6217 -020.8396 +139.7023 0
L1 01    287 +016.4672 +002.0417 +001.3750 -043.2345 +002.6223 +002.3819 0
L1 02    287 +007.1366 +005.8794 +001.6814 -119.7950 +003.4603 -128.8654 0
L1 03    287 +017.0873 +001.5338 -000.7889 -047.4850 +003.5666 +092.4324 0
L1 04    287 +008.5084 +010.6703 +001.8035 -056.0242 -000.3871 +000.4775 0
L1 05    287 +014.3862 +009.9596 +001.9688 -108.4740 +000.8868 -011.2234 0
L1 06    287 +014.3337 +002.2842 -000.8217 +177.6964 +028.7117 -132.5260 0
L1 07    287 +012.9737 +002.2037 -001.3296 +074.6182 +036.3268 +150.8843 0
L1 08    287 +012.1723 +002.1415 -001.7430 +003.6224 -020.8402 +139.7016 0
L1 01    291 +016.4672 +002.0415 +001.3751 -043.2358 +002.6201 +002.3827 0
L1 02    291 +007.1366 +005.8794 +001.6814 -119.7951 +003.4597 -128.8658 0
L1 03    291 +017.0873 +001.5337 -000.7887 -047.4869 +003.5639 +092.4331 0
L1 04    291 +008.5086 +010.6701 +001.8035 -056.0261 -000.3867 +000.4773 0
L1 05    291 +014.3866 +009.9589 +001.9687 -108.4785 +000.8868 -011.2233 0
L1 06    291 +014.3337 +002.2840 -000.8219 +177.6952 +028.7106 -132.5251 0
L1 07    291 +012.9738 +002.2035 -001.3297 +074.6167 +036.3279 +150.8837 0
L1 08    291 +012.1724 +002.1414 -001.7431 +003.6214 -020.8407 +139.7007 0
L1 01    295 +016.4672 +002.0416 +001.3752 -043.2350 +002.6199 +002.3836 0
L1 02    295 +007.1366 +005.8794 +001.6814 -119.7947 +003.4597 -128.8655 0
L1 03    295 +017.0872 +001.5335 -000.7884 -047.4878 +003.5630 +092.4341 0
L1 04    295 +008.5085 +010.6702 +001.8035 -056.0253 -000.3869 +000.4770 0
L1 05    295 +014.3868 +009.9587 +001.9683 -108.4804 +000.8853 -011.2259 0
L1 06    295 +014.3338 +002.2840 -000.8219 +177.6950 +028.7110 -132.5244 0
L1 07    295 +012.9738 +002.2032 -001.3296 +074.6166 +036.3288 +150.8847 0
L1 08    295 +012.1723 +002.1413 -001.7431 +003.6211 -020.8394 +139.7001 0
L1 01    299 +016.4671 +002.0418 +001.3752 -043.2337 +002.6202 +002.3827 0
L1 02    299 +007.1366 +005.8794 +001.6814 -119.7947 +003.4598 -128.8655 0
L1 03    299 +017.0871 +001.5339 -000.7887 -047.4856 +003.5650 +092.4330 0
L1 04    299 +008.5084 +010.6703 +001.8035 -056.0249 -000.3868 +000.4775 0
L1 05    299 +014.3867 +009.9589 +001.9684 -108.4781 +000.8858 -011.2245 0
L1 06    299 +014.3337 +002.2838 -000.8218 +177.6936 +028.7101 -132.5255 0
L1 07    299 +012.9737 +002.2033 -001.3297 +074.6204 +036.3290 +150.8888 0
L1 08    299 +012.1722 +002.1414 -001.7429 +003.6211 -020.8385 +139.7016 0
L1 01    303 +016.4672 +002.0418 +001.3750 -043.2348 +002.6236 +002.3808 0
L1 02    303 +007.1366 +005.8794 +001.6814 -119.7945 +003.4599 -128.8655 0
L1 03    303 +017.0872 +001.5339 -000.7888 -047.4844 +003.5685 +092.4317 0
L1 04    303 +008.5084 +010.6703 +001.8035 -056.0248 -000.3872 +000.4772 0
L1 05    303 +014.3869 +009.9587 +001.9684 -108.4797 +000.8850 -011.2243 0
L1 06    303 +014.3336 +002.2840 -000.8217 +177.6939 +028.7100 -132.5263 0
L1 07    303 +012.9736 +002.2035 -001.3295 +074.6239 +036.3286 +150.8904 0
L1 08    303 +012.1722 +002.1416 -001.7428 +003.6212 -020.8380 +139.7034 0
L1 01    307 +016.4673 +002.0417 +001.3750 -043.2352 +002.6233 +002.3816 0
L1 02    307 +007.1366 +005.8794 +001.6814 -119.7947 +003.4598 -128.8656 0
L1 03    307 +017.0872 +001.5339 -000.7887 -047.4860 +003.5678 +092.4325 0
L1 04    307 +008.5084 +010.6703 +001.8035 -056.0250 -000.3869 +000.4773 0
L1 05    307 +014.3868 +009.9589 +001.9685 -108.4784 +000.8848 -011.2238 0
L1 06    307 +014.3337 +002.2841 -000.8216 +177.6933 +028.7108 -132.5271 0
L1 07    307 +012.9737 +002.2039 -001.3294 +074.6250 +036.3274 +150.8895 0
L1 08    307 +012.1723 +002.1416 -001.7429 +003.6205 -020.8385 +139.7032 0
L1 01    311 +016.4672 +002.0419 +001.3753 -043.2328 +002.6199 +002.3840 0
L1 02    311 +007.1366 +005.8794 +001.6814 -119.7947 +003.4598 -128.8655 0
L1 03    311 +017.0872 +001.5339 -000.7884 -047.4858 +003.5640 +092.4353 0
L1 04    311 +008.5084 +010.6703 +001.8036 -056.0249 -000.3867 +000.4778 0
L1 05    311 +014.3868 +009.9589 +001.9683 -108.4790 +000.8852 -011.2248 0
L1 06    311 +014.3338 +002.2844 -000.8217 +177.6956 +028.7114 -132.5261 0
L1 07    311 +012.9738 +002.2034 -001.3297 +074.6226 +036.3302 +150.8892 0
L1 08    311 +012.1724 +002.1415 -001.7431 +003.6201 -020.8395 +139.7017 0
L1 01    315 +016.4673 +002.0419 +001.3750 -043.2318 +002.6193 +002.3821 0
L1 02    315 +007.1366 +005.8794 +001.6814 -119.7942 +003.4599 -128.8657 0
L1 03    315 +017.0873 +001.5344 -000.7884 -047.4796 +003.5620 +092.4348 0
L1 04    315 +008.5083 +010.6705 +001.8035 -056.0226 -000.3874 +000.4772 0
L1 05    315 +014.3867 +009.9592 +001.9685 -108.4770 +000.8845 -011.2228 0
L1 06    315 +014.3338 +002.2842 -000.8218 +177.6966 +028.7138 -132.5247 0
L1 07    315 +012.9739 +002.2036 -001.3298 +074.6246 +036.3307 +150.8880 0
L1 08    315 +012.1725 +002.1416 -001.7431 +003.6232 -020.8421 +139.7005 0
L1 01    319 +016.4673 +002.0418 +001.3751 -043.2332 +002.6168 +002.3833 0
L1 02    319 +007.1366 +005.8794 +001.6814 -119.7944 +003.4596 -128.8657 0
L1 03    319 +017.0874 +001.5338 -000.7884 -047.4862 +003.5601 +092.4353 0
L1 04    319 +008.5084 +010.6703 +001.8035 -056.0247 -000.3869 +000.4771 0
L1 05    319 +014.3869 +009.9588 +001.9682 -108.4800 +000.8840 -011.2248 0
L1 06    319 +014.3340 +002.2840 -000.8219 +177.6938 +028.7141 -132.5246 0
L1 07    319 +012.9739 +002.2034 -001.3300 +074.6228 +036.3320 +150.8881 0
L1 08    319 +012.1726 +002.1413 -001.7432 +003.6202 -020.8424 +139.6987 0
L1 01    323 +016.4673 +002.0417 +001.3753 -043.2346 +002.6164 +002.3840 0
L1 02    323 +007.1366 +005.8794 +001.6814 -119.7948 +003.4597 -128.8658 0
L1 03    323 +017.0873 +001.5339 -000.7885 -047.4862 +003.5616 +092.4341 0
L1 04    323 +008.5085 +010.6703 +001.8036 -056.0254 -000.3865 +000.4782 0
L1 05    323 +014.3869 +009.9587 +001.9684 -108.4802 +000.8857 -011.2246 0
L1 06    323 +014.3340 +002.2840 -000.8221 +177.6924 +028.7132 -132.5244 0
L1 07    323 +012.9739 +002.2035 -001.3299 +074.6244 +036.3324 +150.8891 0
L1 08    323 +012.1725 +002.1414 -001.7431 +003.6204 -020.8419 +139.6991 0
L1 01    327 +016.4673 +002.0415 +001.3752 -043.2369 +002.6190 +002.3839 0
L1 02    327 +007.1366 +005.8794 +001.6814 -119.7950 +003.4598 -128.8660 0
L1 03    327 +017.0873 +001.5336 -000.7885 -047.4895 +003.5637 +092.4343 0
L1 04    327 +008.5085 +010.6702 +001.8035 -056.0260 -000.3865 +000.4773 0
L1 05    327 +014.3872 +009.9581 +001.9682 -108.4839 +000.8859 -011.2259 0
L1 06    327 +014.3339 +002.2839 -000.8221 +177.6900 +028.7112 -132.5247 0
L1 07    327 +012.9739 +002.2035 -001.3298 +074.6241 +036.3320 +150.8918 0
L1 08    327 +012.1724 +002.1415 -001.7431 +003.6180 -020.8401 +139.7005 0
L1 01    331 +016.4672 +002.0418 +001.3750 -043.2346 +002.6206 +002.3828 0
L1 02    331 +007.1366 +005.8794 +001.6814 -119.7948 +003.4598 -128.8660 0
L1 03    331 +017.0872 +001.5341 -000.7885 -047.4861 +003.5647 +092.4337 0
L1 04    331 +008.5084 +010.6703 +001.8036 -056.0245 -000.3868 +000.4777 0
L1 05    331 +014.3867 +009.9588 +001.9684 -108.4784 +000.8854 -011.2248 0
L1 06    331 +014.3339 +002.2840 -000.8219 +177.6899 +028.7113 -132.5263 0
L1 07    331 +012.9738 +002.2037 -001.3295 +074.6268 +036.3305 +150.8938 0
L1 08    331 +012.1724 +002.1417 -001.7429 +003.6180 -020.8391 +139.7023 0
L1 01    335 +016.4673 +002.0417 +001.3749 -043.2372 +002.6222 +002.3826 0
L1 02    335 +007.1366 +005.8794 +001.6814 -119.7947 +003.4597 -128.8658 0
L1 03    335 +017.0873 +001.5338 -000.7885 -047.4891 +003.5657 +092.4342 0
L1 04    335 +008.5084 +010.6703 +001.8035 -056.0253 -000.3865 +000.4773 0
L1 05    335 +014.3866 +009.9589 +001.9683 -108.4781 +000.8844 -011.2241 0
L1 06    335 +014.3339 +002.2840 -000.8220 +177.6886 +028.7111 -132.5260 0
L1 07    335 +012.9738 +002.2039 -001.3296 +074.6274 +036.3318 +150.8939 0
L1 08    335 +012.1724 +002.1417 -001.7430 +003.6169 -020.8389 +139.7018 0
L1 01    339 +016.4674 +002.0417 +001.3750 -043.2372 +002.6212 +002.3822 0
L1 02    339 +007.1365 +005.8794 +001.6814 -119.7944 +003.4599 -128.8658 0
L1 03    339 +017.0873 +001.5340 -000.7886 -047.4878 +003.5649 +092.4333 0
L1 04    339 +008.5084 +010.6703 +001.8035 -056.0246 -000.3868 +000.4775 0
L1 05    339 +014.3871 +009.9585 +001.9682 -108.4821 +000.8843 -011.2255 0
L1 06    339 +014.3339 +002.2840 -000.8218 +177.6880 +028.7131 -132.5253 0
L1 07    339 +012.9739 +002.2039 -001.3297 +074.6273 +036.3325 +150.8939 0
L1 08    339 +012.1725 +002.1419 -001.7431 +003.6174 -020.8400 +139.7014 0
L1 01    343 +016.4673 +002.0418 +001.3752 -043.2364 +002.6189 +002.3847 0
L1 02    343 +007.1366 +005.8794 +001.6814 -119.7950 +003.4600 -128.8658 0
L1 03    343 +017.0873 +001.5334 -000.7885 -047.4915 +003.5635 +092.4351 0
L1 04    343 +008.5084 +010.6703 +001.8035 -056.0244 -000.3867 +000.4769 0
L1 05    343 +014.3868 +009.9586 +001.9688 -108.4803 +000.8874 -011.2234 0
L1 06    343 +014.3339 +002.2842 -000.8220 +177.6887 +028.7129 -132.5241 0
L1 07    343 +012.9739 +002.2037 -001.3297 +074.6254 +036.3332 +150.8927 0
L1 08    343 +012.1725 +002.1417 -001.7431 +003.6162 -020.8407 +139.7001 0
L1 01    347 +016.4673 +002.0421 +001.3753 -043.2337 +002.6175 +002.3853 0
L1 02    347 +007.1366 +005.8794 +001.6814 -119.7946 +003.4599 -128.8655 0
L1 03    347 +017.0873 +001.5335 -000.7883 -047.4903 +003.5626 +092.4361 0
L1 04    347 +008.5082 +010.6705 +001.8035 -056.0229 -000.3867 +000.4775 0
L1 05    347 +014.3869 +009.9586 +001.9690 -108.4796 +000.8873 -011.2227 0
L1 06    347 +014.3340 +002.2840 -000.8220 +177.6887 +028.7138 -132.5239 0
L1 07    347 +012.9739 +002.2038 -001.3298 +074.6270 +036.3331 +150.8932 0
L1 08    347 +012.1726 +002.1417 -001.7432 +003.6166 -020.8410 +139.6999 0
L1 01    351 +016.4673 +002.0417 +001.3753 -043.2372 +002.6179 +002.3851 0
L1 02    351 +007.1366 +005.8794 +001.6814 -119.7945 +003.4597 -128.8657 0
L1 03    351 +017.0873 +001.5335 -000.7881 -047.4919 +003.5620 +092.4365 0
L1 04    351 +008.5084 +010.6703 +001.8035 -056.0246 -000.3866 +000.4771 0
L1 05    351 +014.3870 +009.9583 +001.9688 -108.4821 +000.8871 -011.2236 0
L1 06    351 +014.3340 +002.2842 -000.8220 +177.6888 +028.7136 -132.5237 0
L1 07    351 +012.9739 +002.2037 -001.3298 +074.6274 +036.3343 +150.8947 0
L1 08    351 +012.1725 +002.1416 -001.7431 +003.6157 -020.8405 +139.7000 0
L1 01    355 +016.4673 +002.0415 +001.3752 -043.2396 +002.6196 +002.3832 0
L1 02    355 +007.1366 +005.8794 +001.6814 -119.7948 +003.4598 -128.8657 0
L1 03    355 +017.0873 +001.5335 -000.7887 -047.4924 +003.5649 +092.4336 0
L1 04    355 +008.5085 +010.6702 +001.8035 -056.0258 -000.3866 +000.4772 0
L1 05    355 +014.3868 +009.9587 +001.9685 -108.4802 +000.8846 -011.2245 0
L1 06    355 +014.3339 +002.2840 -000.8217 +177.6862 +028.7148 -132.5249 0
L1 07    355 +012.9739 +002.2038 -001.3295 +074.6287 +036.3340 +150.8952 0
L1 08    355 +012.1725 +002.1417 -001.7430 +003.6150 -020.8393 +139.7011 0
L1 01    359 +016.4673 +002.0413 +001.3751 -043.2430 +002.6242 +002.3811 0
L1 02    359 +007.1366 +005.8793 +001.6813 -119.7954 +003.4590 -128.8664 0
L1 03    359 +017.0873 +001.5334 -000.7887 -047.4955 +003.5676 +092.4316 0
L1 04    359 +008.5086 +010.6701 +001.8034 -056.0268 -000.3872 +000.4761 0
L1 05    359 +014.3871 +009.9583 +001.9683 -108.4828 +000.8835 -011.2258 0
L1 06    359 +014.3339 +002.2840 -000.8215 +177.6833 +028.7141 -132.5262 0
L1 07    359 +012.9738 +002.2039 -001.3293 +074.6304 +036.3332 +150.8983 0
L1 08    359 +012.1724 +002.1420 -001.7428 +003.6138 -020.8382 +139.7028 0
L1 01    363 +016.4673 +002.0416 +001.3751 -043.2390 +002.6244 +002.3811 0
L1 02    363 +007.1366 +005.8794 +001.6814 -119.7948 +003.4601 -128.8653 0
L1 03    363 +017.0872 +001.5339 -000.7888 -047.4915 +003.5705 +092.4318 0
L1 04    363 +008.5084 +010.6703 +001.8035 -056.0246 -000.3874 +000.4770 0
L1 05    363 +014.3867 +009.9589 +001.9686 -108.4787 +000.8844 -011.2237 0
L1 06    363 +014.3339 +002.2842 -000.8214 +177.6829 +028.7132 -132.5282 0
L1 07    363 +012.9737 +002.2041 -001.3294 +074.6340 +036.3342 +150.9031 0
L1 08    363 +012.1723 +002.1423 -001.7428 +003.6140 -020.8363 +139.7039 0
L1 01    367 +016.4673 +002.0417 +001.3753 -043.2385 +002.6231 +002.3833 0
L1 02    367 +007.1366 +005.8794 +001.6814 -119.7948 +003.4599 -128.8656 0
L1 03    367 +017.0871 +001.5341 -000.7883 -047.4913 +003.5686 +092.4341 0
L1 04    367 +008.5084 +010.6703 +001.8036 -056.0241 -000.3867 +000.4780 0
L1 05    367 +014.3868 +009.9587 +001.9686 -108.4800 +000.8853 -011.2248 0
L1 06    367 +014.3338 +002.2843 -000.8216 +177.6827 +028.7119 -132.5275 0
L1 07    367 +012.9737 +002.2041 -001.3295 +074.6336 +036.3335 +150.9048 0
L1 08    367 +012.1723 +002.1422 -001.7427 +003.6121 -020.8365 +139.7037 0
L1 01    371 +016.4674 +002.0416 +001.3751 -043.2414 +002.6240 +002.3818 0
L1 02    371 +007.1366 +005.8794 +001.6814 -119.7951 +003.4599 -128.8657 0
L1 03    371 +017.0872 +001.5340 -000.7886 -047.4930 +003.5688 +092.4328 0
L1 04    371 +008.5084 +010.6703 +001.8036 -056.0246 -000.3867 +000.4783 0
L1 05    371 +014.3868 +009.9587 +001.9685 -108.4792 +000.8857 -011.2260 0
L1 06    371 +014.3338 +002.2845 -000.8217 +177.6819 +028.7116 -132.5282 0
L1 07    371 +012.9738 +002.2041 -001.3296 +074.6333 +036.3337 +150.9056 0
L1 08    371 +012.1724 +002.1422 -001.7428 +003.6113 -020.8370 +139.7034 0
L1 01    375 +016.4674 +002.0416 +001.3750 -043.2417 +002.6226 +002.3814 0
L1 02    375 +007.1366 +005.8794 +001.6814 -119.7949 +003.4600 -128.8657 0
L1 03    375 +017.0873 +001.5340 -000.7888 -047.4936 +003.5680 +092.4321 0
L1 04    375 +008.5085 +010.6702 +001.8036 -056.0254 -000.3869 +000.4780 0
L1 05    375 +014.3866 +009.9590 +001.9688 -108.4777 +000.8859 -011.2224 0
L1 06    375 +014.3339 +002.2843 -000.8218 +177.6799 +028.7130 -132.5265 0
L1 07    375 +012.9739 +002.2042 -001.3297 +074.6317 +036.3349 +150.9038 0
L1 08    375 +012.1725 +002.1423 -001.7431 +003.6111 -020.8377 +139.7026 0
L1 01    379 +016.4674 +002.0414 +001.3750 -043.2435 +002.6219 +002.3816 0
L1 02    379 +007.1366 +005.8794 +001.6814 -119.7954 +003.4602 -128.8657 0
L1 03    379 +017.0874 +001.5338 -000.7888 -047.4953 +003.5672 +092.4328 0
L1 04    379 +008.5084 +010.6703 +001.8036 -056.0248 -000.3868 +000.4778 0
L1 05    379 +014.3866 +009.9589 +001.9689 -108.4783 +000.8869 -011.2224 0
L1 06    379 +014.3340 +002.2842 -000.8217 +177.6793 +028.7149 -132.5260 0
L1 07    379 +012.9739 +002.2043 -001.3297 +074.6319 +036.3350 +150.9034 0
L1 08    379 +012.1726 +002.1423 -001.7430 +003.6097 -020.8395 +139.7021 0
L1 01    383 +016.4674 +002.0414 +001.3752 -043.2446 +002.6202 +002.3834 0
L1 02    383 +007.1366 +005.8794 +001.6814 -119.7954 +003.4598 -128.8658 0
L1 03    383 +017.0873 +001.5337 -000.7885 -047.4984 +003.5646 +092.4346 0
L1 04    383 +008.5085 +010.6702 +001.8035 -056.0253 -000.3864 +000.4776 0
L1 05    383 +014.3867 +009.9589 +001.9687 -108.4792 +000.8870 -011.2234 0
L1 06    383 +014.3341 +002.2842 -000.8218 +177.6769 +028.7137 -132.5250 0
L1 07    383 +012.9740 +002.2042 -001.3295 +074.6287 +036.3358 +150.9015 0
L1 08    383 +012.1726 +002.1422 -001.7430 +003.6064 -020.8387 +139.7017 0
L1 01    387 +016.4674 +002.0413 +001.3751 -043.2469 +002.6207 +002.3835 0
L1 02    387 +007.1366 +005.8793 +001.6814 -119.7954 +003.4598 -128.8658 0
L1 03    387 +017.0873 +001.5334 -000.7884 -047.5019 +003.5646 +092.4345 0
L1 04    387 +008.5086 +010.6701 +001.8035 -056.0266 -000.3865 +000.4775 0
L1 05    387 +014.3869 +009.9585 +001.9685 -108.4816 +000.8875 -011.2250 0
L1 06    387 +014.3341 +002.2841 -000.8219 +177.6741 +028.7134 -132.5252 0
L1 07    387 +012.9740 +002.2042 -001.3295 +074.6277 +036.3358 +150.9028 0
L1 08    387 +012.1726 +002.1423 -001.7430 +003.6045 -020.8386 +139.7016 0
L1 01    391 +016.4674 +002.0414 +001.3751 -043.2471 +002.6213 +002.3828 0
L1 02    391 +007.1366 +005.8793 +001.6814 -119.7957 +003.4599 -128.8658 0
L1 03    391 +017.0873 +001.5334 -000.7886 -047.5022 +003.5658 +092.4335 0
L1 04    391 +008.5085 +010.6702 +001.8035 -056.0257 -000.3867 +000.4772 0
L1 05    391 +014.3868 +009.9586 +001.9689 -108.4802 +000.8877 -011.2231 0
L1 06    391 +014.3341 +002.2843 -000.8220 +177.6743 +028.7132 -132.5246 0
L1 07    391 +012.9740 +002.2043 -001.3295 +074.6281 +036.3358 +150.9041 0
L1 08    391 +012.1726 +002.1424 -001.7430 +003.6041 -020.8384 +139.7020 0
L1 01    395 +016.4675 +002.0412 +001.3750 -043.2498 +002.6220 +002.3827 0
L1 02    395 +007.1366 +005.8793 +001.6814 -119.7956 +003.4601 -128.8659 0
L1 03    395 +017.0875 +001.5333 -000.7886 -047.5038 +003.5662 +092.4340 0
L1 04    395 +008.5086 +010.6701 +001.8035 -056.0263 -000.3868 +000.4770 0
L1 05    395 +014.3870 +009.9582 +001.9688 -108.4833 +000.8877 -011.2233 0
L1 06    395 +014.3341 +002.2845 -000.8219 +177.6745 +028.7164 -132.5249 0
L1 07    395 +012.9741 +002.2045 -001.3295 +074.6276 +036.3356 +150.9023 0
L1 08    395 +012.1727 +002.1425 -001.7431 +003.6041 -020.8404 +139.7017 0
L1 01    399 +016.4675 +002.0413 +001.3752 -043.2505 +002.6191 +002.3848 0
L1 02    399 +007.1366 +005.8793 +001.6814 -119.7955 +003.4599 -128.8658 0
L1 03    399 +017.0875 +001.5331 -000.7885 -047.5078 +003.5637 +092.4354 0
L1 04    399 +008.5085 +010.6701 +001.8036 -056.0262 -000.3864 +000.4777 0
L1 05    399 +014.3868 +009.9587 +001.9688 -108.4812 +000.8867 -011.2223 0
L1 06    399 +014.3342 +002.2844 -000.8220 +177.6730 +028.7166 -132.5243 0
L1 07    399 +012.9742 +002.2044 -001.3297 +074.6254 +036.3369 +150.9026 0
L1 08    399 +012.1728 +002.1425 -001.7432 +003.6015 -020.8410 +139.7005 0
L1 01    403 +016.4675 +002.0414 +001.3750 -043.2488 +002.6199 +002.3826 0
L1 02    403 +007.1366 +005.8793 +001.6814 -119.7954 +003.4602 -128.8656 0
L1 03    403 +017.0875 +001.5335 -000.7887 -047.5023 +003.5648 +092.4339 0
L1 04    403 +008.5083 +010.6703 +001.8036 -056.0241 -000.3870 +000.4779 0
L1 05    403 +014.3865 +009.9592 +001.9686 -108.4770 +000.8858 -011.2224 0
L1 06    403 +014.3343 +002.2844 -000.8219 +177.6717 +028.7178 -132.5241 0
L1 07    403 +012.9742 +002.2047 -001.3298 +074.6279 +036.3370 +150.9035 0
L1 08    403 +012.1728 +002.1428 -001.7432 +003.6036 -020.8414 +139.7010 0
L1 01    407 +016.4675 +002.0415 +001.3750 -043.2495 +002.6207 +002.3828 0
L1 02    407 +007.1366 +005.8794 +001.6814 -119.7953 +003.4602 -128.8657 0
L1 03    407 +017.0875 +001.5335 -000.7885 -047.5042 +003.5648 +092.4352 0
L1 04    407 +008.5084 +010.6702 +001.8036 -056.0251 -000.3868 +000.4779 0
L1 05    407 +014.3867 +009.9589 +001.9686 -108.4784 +000.8863 -011.2240 0
L1 06    407 +014.3343 +002.2845 -000.8218 +177.6715 +028.7191 -132.5239 0
L1 07    407 +012.9743 +002.2045 -001.3297 +074.6267 +036.3372 +150.9039 0
L1 08    407 +012.1729 +002.1428 -001.7431 +003.6019 -020.8411 +139.7010 0
L1 01    411 +016.4676 +002.0418 +001.3753 -043.2471 +002.6196 +002.3851 0
L1 02    411 +007.1366 +005.8794 +001.6814 -119.7953 +003.4601 -128.8657 0
L1 03    411 +017.0875 +001.5335 -000.7883 -047.5045 +003.5634 +092.4369 0
L1 04    411 +008.5083 +010.6704 +001.8036 -056.0239 -000.3865 +000.4780 0
L1 05    411 +014.3867 +009.9590 +001.9686 -108.4780 +000.8855 -011.2240 0
L1 06    411 +014.3344 +002.2847 -000.8217 +177.6715 +028.7191 -132.5247 0
L1 07    411 +012.9743 +002.2046 -001.3297 +074.6269 +036.3375 +150.9047 0
L1 08    411 +012.1729 +002.1428 -001.7432 +003.6011 -020.8405 +139.7012 0
L1 01    415 +016.4676 +002.0415 +001.3751 -043.2502 +002.6198 +002.3841 0
L1 02    415 +007.1366 +005.8794 +001.6814 -119.7950 +003.4597 -128.8660 0
L1 03    415 +017.0875 +001.5335 -000.7884 -047.5061 +003.5637 +092.4358 0
L1 04    415 +008.5084 +010.6703 +001.8037 -056.0250 -000.3865 +000.4784 0
L1 05    415 +014.3871 +009.9585 +001.9683 -108.4809 +000.8851 -011.2258 0
L1 06    415 +014.3344 +002.2844 -000.8219 +177.6679 +028.7176 -132.5252 0
L1 07    415 +012.9743 +002.2046 -001.3296 +074.6258 +036.3376 +150.9044 0
L1 08    415 +012.1729 +002.1428 -001.7433 +003.5985 -020.8398 +139.7009 0
L1 01    419 +016.4676 +002.0413 +001.3750 -043.2525 +002.6205 +002.3829 0
L1 02    419 +007.1366 +005.8794 +001.6814 -119.7949 +003.4601 -128.8658 0
L1 03    419 +017.0876 +001.5336 -000.7885 -047.5062 +003.5644 +092.4350 0
L1 04    419 +008.5085 +010.6702 +001.8036 -056.0255 -000.3869 +000.4778 0
L1 05    419 +014.3868 +009.9588 +001.9683 -108.4783 +000.8853 -011.2258 0
L1 06    419 +014.3344 +002.2848 -000.8219 +177.6676 +028.7185 -132.5262 0
L1 07    419 +012.9743 +002.2047 -001.3298 +074.6268 +036.3386 +150.9058 0
L1 08    419 +012.1730 +002.1429 -001.7432 +003.5983 -020.8415 +139.7006 0
L1 01    423 +016.4676 +002.0412 +001.3753 -043.2546 +002.6186 +002.3862 0
L1 02    423 +007.1366 +005.8793 +001.6814 -119.7954 +003.4604 -128.8657 0
L1 03    423 +017.0875 +001.5331 -000.7883 -047.5133 +003.5624 +092.4370 0
L1 04    423 +008.5086 +010.6701 +001.8036 -056.0263 -000.3866 +000.4780 0
L1 05    423 +014.3871 +009.9585 +001.9682 -108.4830 +000.8858 -011.2270 0
L1 06    423 +014.3345 +002.2847 -000.8220 +177.6657 +028.7176 -132.5240 0
L1 07    423 +012.9744 +002.2047 -001.3299 +074.6244 +036.3393 +150.9075 0
L1 08    423 +012.1730 +002.1429 -001.7432 +003.5948 -020.8407 +139.7004 0
L1 01    427 +016.4677 +002.0413 +001.3750 -043.2548 +002.6217 +002.3839 0
L1 02    427 +007.1366 +005.8793 +001.6814 -119.7956 +003.4604 -128.8658 0
L1 03    427 +017.0876 +001.5331 -000.7884 -047.5118 +003.5649 +092.4353 0
L1 04    427 +008.5085 +010.6702 +001.8034 -056.0261 -000.3868 +000.4763 0
L1 05    427 +014.3866 +009.9591 +001.9682 -108.4777 +000.8850 -011.2249 0
L1 06    427 +014.3344 +002.2849 -000.8219 +177.6657 +028.7187 -132.5253 0
L1 07    427 +012.9743 +002.2049 -001.3299 +074.6265 +036.3398 +150.9094 0
L1 08    427 +012.1730 +002.1430 -001.7432 +003.5956 -020.8412 +139.7010 0
L1 01    431 +016.4677 +002.0412 +001.3749 -043.2559 +002.6222 +002.3834 0
L1 02    431 +007.1366 +005.8793 +001.6814 -119.7953 +003.4606 -128.8657 0
L1 03    431 +017.0876 +001.5332 -000.7885 -047.5118 +003.5652 +092.4351 0
L1 04    431 +008.5086 +010.6701 +001.8034 -056.0266 -000.3869 +000.4765 0
L1 05    431 +014.3868 +009.9586 +001.9687 -108.4808 +000.8864 -011.2241 0
L1 06    431 +014.3344 +002.2850 -000.8217 +177.6655 +028.7202 -132.5251 0
L1 07    431 +012.9744 +002.2048 -001.3297 +074.6246 +036.3383 +150.9073 0
L1 08    431 +012.1730 +002.1432 -001.7432 +003.5954 -020.8415 +139.7012 0
L1 01    435 +016.4676 +002.0415 +001.3750 -043.2529 +002.6206 +002.3834 0
L1 02    435 +007.1366 +005.8794 +001.6814 -119.7950 +003.4603 -128.8657 0
L1 03    435 +017.0877 +001.5337 -000.7885 -047.5079 +003.5649 +092.4356 0
L1 04    435 +008.5083 +010.6704 +001.8036 -056.0242 -000.3866 +000.4775 0
L1 05    435 +014.3865 +009.9592 +001.9687 -108.4758 +000.8863 -011.2238 0
L1 06    435 +014.3344 +002.2851 -000.8220 +177.6662 +028.7189 -132.5253 0
L1 07    435 +012.9744 +002.2050 -001.3298 +074.6274 +036.3385 +150.9086 0
L1 08    435 +012.1730 +002.1433 -001.7432 +003.5962 -020.8417 +139.7014 0
L1 01    439 +016.4676 +002.0415 +001.3749 -043.2537 +002.6205 +002.3828 0
L1 02    439 +007.1366 +005.8794 +001.6814 -119.7950 +003.4603 -128.8657 0
L1 03    439 +017.0876 +001.5335 -000.7886 -047.5093 +003.5653 +092.4351 0
L1 04    439 +008.5085 +010.6703 +001.8036 -056.0253 -000.3866 +000.4781 0
L1 05    439 +014.3866 +009.9590 +001.9687 -108.4776 +000.8873 -011.2242 0
L1 06    439 +014.3344 +002.2849 -000.8219 +177.6643 +028.7198 -132.5253 0
L1 07    439 +012.9744 +002.2050 -001.3298 +074.6282 +036.3385 +150.9094 0
L1 08    439 +012.1730 +002.1433 -001.7433 +003.5959 -020.8416 +139.7009 0
L1 01    443 +016.4677 +002.0412 +001.3749 -043.2564 +002.6209 +002.3820 0
L1 02    443 +007.1366 +005.8794 +001.6814 -119.7947 +003.4604 -128.8655 0
L1 03    443 +017.0877 +001.5337 -000.7887 -047.5099 +003.5654 +092.4346 0
L1 04    443 +008.5086 +010.6702 +001.8036 -056.0263 -000.3865 +000.4781 0
L1 05    443 +014.3868 +009.9586 +001.9687 -108.4802 +000.8860 -011.2227 0
L1 06    443 +014.3345 +002.2847 -000.8217 +177.6612 +028.7213 -132.5254 0
L1 07    443 +012.9744 +002.2050 -001.3297 +074.6273 +036.3394 +150.9090 0
L1 08    443 +012.1731 +002.1433 -001.7432 +003.5945 -020.8417 +139.7013 0
L1 01    447 +016.4676 +002.0412 +001.3751 -043.2578 +002.6203 +002.3840 0
L1 02    447 +007.1366 +005.8794 +001.6814 -119.7952 +003.4601 -128.8658 0
L1 03    447 +017.0876 +001.5330 -000.7883 -047.5179 +003.5636 +092.4363 0
L1 04    447 +008.5087 +010.6701 +001.8036 -056.0273 -000.3858 +000.4777 0
L1 05    447 +014.3869 +009.9584 +001.9686 -108.4824 +000.8866 -011.2247 0
L1 06    447 +014.3345 +002.2846 -000.8218 +177.6588 +028.7193 -132.5247 0
L1 07    447 +012.9744 +002.2048 -001.3295 +074.6253 +036.3396 +150.9094 0
L1 08    447 +012.1730 +002.1431 -001.7431 +003.5906 -020.8407 +139.7001 0
L1 01    451 +016.4677 +002.0412 +001.3751 -043.2580 +002.6210 +002.3825 0
L1 02    451 +007.1366 +005.8793 +001.6814 -119.7954 +003.4601 -128.8659 0
L1 03    451 +017.0875 +001.5335 -000.7887 -047.5135 +003.5672 +092.4330 0
L1 04    451 +008.5086 +010.6701 +001.8036 -056.0270 -000.3864 +000.4777 0
L1 05    451 +014.3867 +009.9588 +001.9690 -108.4799 +000.8878 -011.2221 0
L1 06    451 +014.3345 +002.2847 -000.8216 +177.6593 +028.7197 -132.5258 0
L1 07    451 +012.9743 +002.2050 -001.3295 +074.6286 +036.3398 +150.9124 0
L1 08    451 +012.1729 +002.1433 -001.7431 +003.5919 -020.8383 +139.7018 0
L1 01    455 +016.4677 +002.0412 +001.3749 -043.2577 +002.6228 +002.3822 0
L1 02    455 +007.1366 +005.8793 +001.6814 -119.7955 +003.4600 -128.8657 0
L1 03    455 +017.0875 +001.5333 -000.7887 -047.5150 +003.5680 +092.4338 0
L1 04    455 +008.5085 +010.6702 +001.8036 -056.0259 -000.3868 +000.4774 0
L1 05    455 +014.3867 +009.9589 +001.9687 -108.4790 +000.8866 -011.2243 0
L1 06    455 +014.3344 +002.2849 -000.8217 +177.6595 +028.7179 -132.5261 0
L1 07    455 +012.9743 +002.2051 -001.3295 +074.6294 +036.3396 +150.9143 0
L1 08    455 +012.1729 +002.1435 -001.7430 +003.5919 -020.8380 +139.7023 0
L1 01    459 +016.4677 +002.0416 +001.3749 -043.2553 +002.6225 +002.3825 0
L1 02    459 +007.1366 +005.8794 +001.6814 -119.7949 +003.4601 -128.8657 0
L1 03    459 +017.0875 +001.5338 -000.7886 -047.5108 +003.5676 +092.4351 0
L1 04    459 +008.5084 +010.6703 +001.8036 -056.0252 -000.3868 +000.4777 0
L1 05    459 +014.3866 +009.9591 +001.9685 -108.4759 +000.8843 -011.2244 0
L1 06    459 +014.3345 +002.2851 -000.8218 +177.6606 +028.7179 -132.5258 0
L1 07    459 +012.9744 +002.2051 -001.3296 +074.6292 +036.3397 +150.9146 0
L1 08    459 +012.1730 +002.1436 -001.7431 +003.5919 -020.8398 +139.7025 0
L1 01    463 +016.4678 +002.0414 +001.3749 -043.2592 +002.6213 +002.3829 0
L1 02    463 +007.1366 +005.8794 +001.6814 -119.7951 +003.4603 -128.8659 0
L1 03    463 +017.0876 +001.5335 -000.7887 -047.5145 +003.5666 +092.4353 0
L1 04    463 +008.5086 +010.6702 +001.8036 -056.0264 -000.3865 +000.4776 0
L1 05    463 +014.3869 +009.9587 +001.9684 -108.4809 +000.8855 -011.2264 0
L1 06    463 +014.3346 +002.2848 -000.8218 +177.6560 +028.7200 -132.5252 0
L1 07    463 +012.9745 +002.2054 -001.3297 +074.6281 +036.3404 +150.9135 0
L1 08    463 +012.1731 +002.1436 -001.7432 +003.5889 -020.8413 +139.7019 0
L1 01    467 +016.4678 +002.0412 +001.3750 -043.2617 +002.6211 +002.3827 0
L1 02    467 +007.1366 +005.8794 +001.6814 -119.7949 +003.4600 -128.8659 0
L1 03    467 +017.0876 +001.5334 -000.7888 -047.5174 +003.5662 +092.4344 0
L1 04    467 +008.5086 +010.6701 +001.8036 -056.0265 -000.3863 +000.4779 0
L1 05    467 +014.3869 +009.9585 +001.9688 -108.4813 +000.8871 -011.2241 0
L1 06    467 +014.3346 +002.2848 -000.8219 +177.6541 +028.7192 -132.5252 0
L1 07    467 +012.9745 +002.2052 -001.3298 +074.6265 +036.3411 +150.9156 0
L1 08    467 +012.1731 +002.1436 -001.7432 +003.5866 -020.8405 +139.7016 0
L1 01    471 +016.4677 +002.0412 +001.3750 -043.2617 +002.6224 +002.3839 0
L1 02    471 +007.1366 +005.8794 +001.6814 -119.7948 +003.4605 -128.8655 0
L1 03    471 +017.0876 +001.5331 -000.7886 -047.5204 +003.5670 +092.4353 0
L1 04    471 +008.5085 +010.6702 +001.8036 -056.0262 -000.3865 +000.4776 0
L1 05    471 +014.3869 +009.9586 +001.9687 -108.4803 +000.8877 -011.2240 0
L1 06    471 +014.3346 +002.2848 -000.8220 +177.6524 +028.7176 -132.5249 0
L1 07    471 +012.9744 +002.2054 -001.3297 +074.6286 +036.3415 +150.9170 0
L1 08    471 +012.1731 +002.1437 -001.7431 +003.5858 -020.8391 +139.7021 0
L1 01    475 +016.4677 +002.0413 +001.3748 -043.2610 +002.6245 +002.3819 0
L1 02    475 +007.1366 +005.8794 +001.6814 -119.7947 +003.4603 -128.8656 0
L1 03    475 +017.0875 +001.5336 -000.7886 -047.5166 +003.5684 +092.4343 0
L1 04    475 +008.5085 +010.6702 +001.8035 -056.0256 -000.3871 +000.4775 0
L1 05    475 +014.3867 +009.9589 +001.9688 -108.4772 +000.8866 -011.2229 0
L1 06    475 +014.3345 +002.2852 -000.8218 +177.6538 +028.7184 -132.5271 0
L1 07    475 +012.9743 +002.2059 -001.3297 +074.6343 +036.3419 +150.9202 0
L1 08    475 +012.1730 +002.1439 -001.7429 +003.5868 -020.8388 +139.7030 0
L1 01    479 +016.4678 +002.0413 +001.3750 -043.2618 +002.6228 +002.3828 0
L1 02    479 +007.1366 +005.8794 +001.6814 -119.7950 +003.4601 -128.8657 0
L1 03    479 +017.0875 +001.5334 -000.7886 -047.5193 +003.5683 +092.4347 0
L1 04    479 +008.5085 +010.6702 +001.8036 -056.0255 -000.3867 +000.4775 0
L1 05    479 +014.3866 +009.9590 +001.9690 -108.4772 +000.8877 -011.2219 0
L1 06    479 +014.3346 +002.2852 -000.8216 +177.6526 +028.7200 -132.5260 0
L1 07    479 +012.9744 +002.2057 -001.3297 +074.6294 +036.3415 +150.9199 0
L1 08    479 +012.1731 +002.1439 -001.7431 +003.5841 -020.8386 +139.7027 0
L1 01    483 +016.4679 +002.0415 +001.3753 -043.2620 +002.6213 +002.3843 0
L1 02    483 +007.1366 +005.8794 +001.6814 -119.7948 +003.4599 -128.8657 0
L1 03    483 +017.0876 +001.5334 -000.7886 -047.5215 +003.5664 +092.4350 0
L1 04    483 +008.5083 +010.6704 +001.8036 -056.0246 -000.3865 +000.4778 0
L1 05    483 +014.3866 +009.9591 +001.9692 -108.4765 +000.8884 -011.2211 0
L1 06    483 +014.3347 +002.2855 -000.8219 +177.6516 +028.7197 -132.5256 0
L1 07    483 +012.9745 +002.2060 -001.3299 +074.6292 +036.3423 +150.9201 0
L1 08    483 +012.1732 +002.1441 -001.7433 +003.5806 -020.8387 +139.7014 0
