L1 01      5 +016.0503 +000.1880 +001.3524 -088.9696 +002.7383 +002.4000 0
L1 02      5 +007.1364 +005.8796 +001.6812 -119.7930 +003.4584 -128.8690 0
L1 03      5 +016.1315 -000.5844 -000.8230 -092.3990 +003.5933 +092.4383 0
L1 04      5 +008.5082 +010.6704 +001.8035 -056.0249 -000.3862 +000.4748 0
L1 05      5 +014.3863 +009.9588 +001.9686 -108.4483 +000.8833 -011.1573 0
L1 06      5 +015.2695 +001.9203 -000.9910 +092.3965 +041.6443 -156.1296 0
L1 07      5 +015.1160 +003.0460 -001.8763 -007.4843 +008.9292 +137.2700 0
L1 08      5 +015.0708 +003.6329 -002.5090 -083.6306 -039.4617 +164.2914 0
L1 01      9 +016.0503 +000.1878 +001.3523 -088.9718 +002.7385 +002.3998 0
L1 02      9 +007.1364 +005.8795 +001.6812 -119.7937 +003.4587 -128.8690 0
L1 03      9 +016.1315 -000.5847 -000.8231 -092.4025 +003.5932 +092.4388 0
L1 04      9 +008.5082 +010.6703 +001.8035 -056.0257 -000.3858 +000.4746 0
L1 05      9 +014.3865 +009.9585 +001.9686 -108.4498 +000.8849 -011.1584 0
L1 06      9 +015.2695 +001.9200 -000.9911 +092.3939 +041.6442 -156.1299 0
L1 07      9 +015.1160 +003.0458 -001.8761 -007.4863 +008.9281 +137.2711 0
L1 08      9 +015.0709 +003.6328 -002.5089 -083.6336 -039.4614 +164.2930 0
L1 01     13 +016.0503 +000.1879 +001.3521 -088.9711 +002.7386 +002.3984 0
L1 02     13 +007.1364 +005.8796 +001.6812 -119.7928 +003.4590 -128.8690 0
L1 03     13 +016.1315 -000.5846 -000.8231 -092.4015 +003.5939 +092.4384 0
L1 04     13 +008.5082 +010.6703 +001.8034 -056.0257 -000.3861 +000.4741 0
L1 05     13 +014.3865 +009.9585 +001.9686 -108.4506 +000.8844 -011.1579 0
L1 06     13 +015.2695 +001.9204 -000.9910 +092.3957 +041.6435 -156.1310 0
L1 07     13 +015.1161 +003.0462 -001.8762 -007.4842 +008.9280 +137.2704 0
L1 08     13 +015.0709 +003.6330 -002.5087 -083.6338 -039.4608 +164.2960 0
L1 01     17 +016.0503 +000.1880 +001.3522 -088.9694 +002.7382 +002.3995 0
L1 02     17 +007.1364 +005.8796 +001.6812 -119.7922 +003.4589 -128.8690 0
L1 03     17 +016.1315 -000.5845 -000.8229 -092.3996 +003.5938 +092.4400 0
L1 04     17 +008.5082 +010.6704 +001.8035 -056.0244 -000.3862 +000.4748 0
L1 05     17 +014.3863 +009.9588 +001.9684 -108.4485 +000.8848 -011.1592 0
L1 06     17 +015.2696 +001.9199 -000.9910 +092.3944 +041.6433 -156.1304 0
L1 07     17 +015.1162 +003.0459 -001.8759 -007.4834 +008.9272 +137.2708 0
L1 08     17 +015.0709 +003.6331 -002.5088 -083.6322 -039.4603 +164.2947 0
L1 01     21 +016.0503 +000.1879 +001.3523 -088.9702 +002.7387 +002.4006 0
L1 02     21 +007.1365 +005.8795 +001.6812 -119.7942 +003.4581 -128.8697 0
L1 03     21 +016.1315 -000.5847 -000.8230 -092.4019 +003.5944 +092.4395 0
L1 04     21 +008.5083 +010.6703 +001.8035 -056.0265 -000.3855 +000.4744 0
L1 05     21 +014.3863 +009.9587 +001.9685 -108.4499 +000.8837 -011.1573 0
L1 06     21 +015.2696 +001.9197 -000.9907 +092.3896 +041.6438 -156.1326 0
L1 07     21 +015.1162 +003.0455 -001.8762 -007.4867 +008.9288 +137.2698 0
L1 08     21 +015.0709 +003.6329 -002.5089 -083.6321 -039.4611 +164.2923 0
L1 01     25 +016.0503 +000.1879 +001.3523 -088.9700 +002.7380 +002.3995 0
L1 02     25 +007.1365 +005.8795 +001.6812 -119.7940 +003.4586 -128.8695 0
L1 03     25 +016.1315 -000.5845 -000.8232 -092.4008 +003.5934 +092.4375 0
L1 04     25 +008.5084 +010.6703 +001.8035 -056.0267 -000.3855 +000.4746 0
L1 05     25 +014.3865 +009.9584 +001.9688 -108.4507 +000.8855 -011.1566 0
L1 06     25 +015.2696 +001.9199 -000.9908 +092.3926 +041.6435 -156.1320 0
L1 07     25 +015.1160 +003.0463 -001.8761 -007.4807 +008.9288 +137.2704 0
L1 08     25 +015.0708 +003.6330 -002.5088 -083.6317 -039.4614 +164.2933 0
L1 01     29 +016.0503 +000.1878 +001.3524 -088.9706 +002.7383 +002.3999 0
L1 02     29 +007.1365 +005.8795 +001.6812 -119.7945 +003.4586 -128.8694 0
L1 03     29 +016.1315 -000.5847 -000.8230 -092.4015 +003.5930 +092.4387 0
L1 04     29 +008.5084 +010.6703 +001.8035 -056.0267 -000.3857 +000.4745 0
L1 05     29 +014.3865 +009.9583 +001.9688 -108.4515 +000.8853 -011.1585 0
L1 06     29 +015.2696 +001.9197 -000.9909 +092.3912 +041.6445 -156.1303 0
L1 07     29 +015.1159 +003.0462 -001.8762 -007.4816 +008.9300 +137.2707 0
L1 08     29 +015.0708 +003.6328 -002.5089 -083.6320 -039.4623 +164.2923 0
L1 01     33 +016.0503 +000.1879 +001.3523 -088.9697 +002.7382 +002.3988 0
L1 02     33 +007.1365 +005.8795 +001.6812 -119.7943 +003.4588 -128.8692 0
L1 03     33 +016.1314 -000.5847 -000.8230 -092.4016 +003.5929 +092.4383 0
L1 04     33 +008.5084 +010.6702 +001.8035 -056.0270 -000.3858 +000.4746 0
L1 05     33 +014.3865 +009.9585 +001.9687 -108.4502 +000.8850 -011.1584 0
L1 06     33 +015.2695 +001.9198 -000.9910 +092.3936 +041.6442 -156.1297 0
L1 07     33 +015.1159 +003.0463 -001.8764 -007.4807 +008.9313 +137.2699 0
L1 08     33 +015.0708 +003.6328 -002.5089 -083.6316 -039.4622 +164.2924 0
L1 01     37 +016.0503 +000.1879 +001.3523 -088.9699 +002.7375 +002.3992 0
L1 02     37 +007.1365 +005.8795 +001.6812 -119.7944 +003.4588 -128.8693 0
L1 03     37 +016.1314 -000.5846 -000.8231 -092.4013 +003.5933 +092.4382 0
L1 04     37 +008.5084 +010.6702 +001.8035 -056.0275 -000.3854 +000.4745 0
L1 05     37 +014.3868 +009.9582 +001.9684 -108.4529 +000.8837 -011.1591 0
L1 06     37 +015.2696 +001.9196 -000.9909 +092.3910 +041.6438 -156.1299 0
L1 07     37 +015.1159 +003.0461 -001.8765 -007.4826 +008.9323 +137.2701 0
L1 08     37 +015.0708 +003.6327 -002.5088 -083.6326 -039.4618 +164.2924 0
L1 01     41 +016.0502 +000.1879 +001.3521 -088.9706 +002.7379 +002.3972 0
L1 02     41 +007.1365 +005.8795 +001.6812 -119.7945 +003.4586 -128.8693 0
L1 03     41 +016.1315 -000.5849 -000.8233 -092.4040 +003.5941 +092.4359 0
L1 04     41 +008.5085 +010.6701 +001.8034 -056.0281 -000.3857 +000.4742 0
L1 05     41 +014.3868 +009.9579 +001.9683 -108.4537 +000.8829 -011.1596 0
L1 06     41 +015.2695 +001.9199 -000.9909 +092.3931 +041.6444 -156.1308 0
L1 07     41 +015.1160 +003.0461 -001.8760 -007.4836 +008.9291 +137.2725 0
L1 08     41 +015.0709 +003.6327 -002.5087 -083.6339 -039.4611 +164.2940 0
L1 01     45 +016.0502 +000.1879 +001.3521 -088.9701 +002.7375 +002.3976 0
L1 02     45 +007.1365 +005.8795 +001.6812 -119.7942 +003.4586 -128.8691 0
L1 03     45 +016.1315 -000.5847 -000.8230 -092.4027 +003.5944 +092.4373 0
L1 04     45 +008.5085 +010.6702 +001.8035 -056.0274 -000.3858 +000.4745 0
L1 05     45 +014.3869 +009.9580 +001.9685 -108.4543 +000.8839 -011.1585 0
L1 06     45 +015.2695 +001.9199 -000.9909 +092.3933 +041.6443 -156.1303 0
L1 07     45 +015.1160 +003.0460 -001.8759 -007.4834 +008.9299 +137.2731 0
L1 08     45 +015.0709 +003.6328 -002.5087 -083.6333 -039.4607 +164.2938 0
L1 01     49 +016.0502 +000.1878 +001.3522 -088.9701 +002.7378 +002.3985 0
L1 02     49 +007.1365 +005.8795 +001.6812 -119.7943 +003.4585 -128.8692 0
L1 03     49 +016.1314 -000.5847 -000.8230 -092.4024 +003.5945 +092.4379 0
L1 04     49 +008.5085 +010.6701 +001.8035 -056.0278 -000.3857 +000.4746 0
L1 05     49 +014.3870 +009.9577 +001.9684 -108.4564 +000.8833 -011.1593 0
L1 06     49 +015.2695 +001.9200 -000.9909 +092.3941 +041.6444 -156.1293 0
L1 07     49 +015.1160 +003.0458 -001.8763 -007.4843 +008.9320 +137.2711 0
L1 08     49 +015.0709 +003.6327 -002.5088 -083.6332 -039.4609 +164.2924 0
L1 01     53 +016.0502 +000.1878 +001.3524 -088.9701 +002.7375 +002.3998 0
L1 02     53 +007.1365 +005.8795 +001.6812 -119.7943 +003.4586 -128.8691 0
L1 03     53 +016.1314 -000.5847 -000.8230 -092.4027 +003.5940 +092.4383 0
L1 04     53 +008.5084 +010.6702 +001.8034 -056.0276 -000.3858 +000.4747 0
L1 05     53 +014.3869 +009.9579 +001.9684 -108.4558 +000.8839 -011.1604 0
L1 06     53 +015.2695 +001.9197 -000.9911 +092.3923 +041.6453 -156.1282 0
L1 07     53 +015.1160 +003.0456 -001.8761 -007.4846 +008.9313 +137.2700 0
L1 08     53 +015.0708 +003.6326 -002.5088 -083.6332 -039.4615 +164.2920 0
L1 01     57 +016.0503 +000.1880 +001.3525 -088.9681 +002.7372 +002.4003 0
L1 02     57 +007.1365 +005.8795 +001.6812 -119.7941 +003.4585 -128.8690 0
L1 03     57 +016.1314 -000.5848 -000.8229 -092.4022 +003.5942 +092.4389 0
L1 04     57 +008.5083 +010.6703 +001.8035 -056.0267 -000.3858 +000.4748 0
L1 05     57 +014.3868 +009.9581 +001.9685 -108.4532 +000.8838 -011.1600 0
L1 06     57 +015.2695 +001.9199 -000.9911 +092.3944 +041.6446 -156.1262 0
L1 07     57 +015.1160 +003.0456 -001.8761 -007.4849 +008.9317 +137.2700 0
L1 08     57 +015.0708 +003.6325 -002.5088 -083.6320 -039.4624 +164.2904 0
L1 01     61 +016.0503 +000.1882 +001.3522 -088.9668 +002.7367 +002.3978 0
L1 02     61 +007.1365 +005.8795 +001.6812 -119.7940 +003.4584 -128.8689 0
L1 03     61 +016.1314 -000.5847 -000.8229 -092.4016 +003.5947 +092.4380 0
L1 04     61 +008.5083 +010.6703 +001.8035 -056.0267 -000.3861 +000.4749 0
L1 05     61 +014.3867 +009.9583 +001.9684 -108.4517 +000.8839 -011.1608 0
L1 06     61 +015.2694 +001.9201 -000.9912 +092.3974 +041.6445 -156.1257 0
L1 07     61 +015.1160 +003.0461 -001.8758 -007.4810 +008.9294 +137.2710 0
L1 08     61 +015.0708 +003.6326 -002.5089 -083.6305 -039.4614 +164.2897 0
L1 01     65 +016.0503 +000.1883 +001.3523 -088.9648 +002.7364 +002.3989 0
L1 02     65 +007.1365 +005.8795 +001.6812 -119.7938 +003.4583 -128.8689 0
L1 03     65 +016.1314 -000.5845 -000.8229 -092.3999 +003.5945 +092.4379 0
L1 04     65 +008.5083 +010.6703 +001.8034 -056.0264 -000.3860 +000.4746 0
L1 05     65 +014.3865 +009.9586 +001.9684 -108.4498 +000.8836 -011.1602 0
L1 06     65 +015.2695 +001.9200 -000.9911 +092.3966 +041.6444 -156.1270 0
L1 07     65 +015.1159 +003.0458 -001.8761 -007.4816 +008.9327 +137.2709 0
L1 08     65 +015.0707 +003.6327 -002.5089 -083.6289 -039.4610 +164.2890 0
L1 01     69 +016.0502 +000.1882 +001.3522 -088.9655 +002.7369 +002.3983 0
L1 02     69 +007.1365 +005.8795 +001.6812 -119.7938 +003.4586 -128.8690 0
L1 03     69 +016.1315 -000.5842 -000.8230 -092.3982 +003.5955 +092.4382 0
L1 04     69 +008.5082 +010.6704 +001.8034 -056.0247 -000.3866 +000.4745 0
L1 05     69 +014.3860 +009.9593 +001.9690 -108.4455 +000.8858 -011.1577 0
L1 06     69 +015.2694 +001.9203 -000.9912 +092.3984 +041.6435 -156.1272 0
L1 07     69 +015.1160 +003.0460 -001.8759 -007.4803 +008.9311 +137.2715 0
L1 08     69 +015.0707 +003.6330 -002.5089 -083.6269 -039.4603 +164.2899 0
L1 01     73 +016.0503 +000.1881 +001.3524 -088.9657 +002.7374 +002.4001 0
L1 02     73 +007.1365 +005.8795 +001.6812 -119.7938 +003.4585 -128.8691 0
L1 03     73 +016.1315 -000.5846 -000.8229 -092.4004 +003.5961 +092.4395 0
L1 04     73 +008.5083 +010.6703 +001.8035 -056.0258 -000.3857 +000.4744 0
L1 05     73 +014.3865 +009.9586 +001.9684 -108.4496 +000.8827 -011.1595 0
L1 06     73 +015.2695 +001.9201 -000.9912 +092.3969 +041.6427 -156.1260 0
L1 07     73 +015.1160 +003.0460 -001.8762 -007.4809 +008.9329 +137.2719 0
L1 08     73 +015.0709 +003.6329 -002.5088 -083.6308 -039.4602 +164.2920 0
L1 01     77 +016.0503 +000.1879 +001.3523 -088.9676 +002.7371 +002.3990 0
L1 02     77 +007.1365 +005.8795 +001.6812 -119.7938 +003.4585 -128.8692 0
L1 03     77 +016.1315 -000.5845 -000.8230 -092.4009 +003.5958 +092.4385 0
L1 04     77 +008.5084 +010.6702 +001.8034 -056.0271 -000.3858 +000.4742 0
L1 05     77 +014.3864 +009.9587 +001.9686 -108.4482 +000.8839 -011.1598 0
L1 06     77 +015.2695 +001.9199 -000.9913 +092.3959 +041.6433 -156.1259 0
L1 07     77 +015.1160 +003.0463 -001.8759 -007.4800 +008.9315 +137.2731 0
L1 08     77 +015.0709 +003.6328 -002.5087 -083.6315 -039.4598 +164.2923 0
L1 01     81 +016.0503 +000.1877 +001.3526 -088.9690 +002.7363 +002.4008 0
L1 02     81 +007.1365 +005.8795 +001.6812 -119.7941 +003.4585 -128.8691 0
L1 03     81 +016.1315 -000.5845 -000.8230 -092.4012 +003.5954 +092.4384 0
L1 04     81 +008.5084 +010.6702 +001.8035 -056.0273 -000.3854 +000.4749 0
L1 05     81 +014.3865 +009.9586 +001.9682 -108.4496 +000.8831 -011.1601 0
L1 06     81 +015.2696 +001.9197 -000.9910 +092.3928 +041.6430 -156.1286 0
L1 07     81 +015.1160 +003.0458 -001.8760 -007.4823 +008.9322 +137.2725 0
L1 08     81 +015.0708 +003.6326 -002.5089 -083.6313 -039.4600 +164.2903 0
L1 01     85 +016.0503 +000.1878 +001.3522 -088.9680 +002.7368 +002.3977 0
L1 02     85 +007.1365 +005.8795 +001.6812 -119.7941 +003.4585 -128.8690 0
L1 03     85 +016.1315 -000.5848 -000.8230 -092.4028 +003.5953 +092.4370 0
L1 04     85 +008.5084 +010.6702 +001.8034 -056.0274 -000.3859 +000.4743 0
L1 05     85 +014.3867 +009.9582 +001.9684 -108.4522 +000.8842 -011.1599 0
L1 06     85 +015.2695 +001.9199 -000.9910 +092.3951 +041.6432 -156.1284 0
L1 07     85 +015.1160 +003.0459 -001.8760 -007.4809 +008.9318 +137.2722 0
L1 08     85 +015.0708 +003.6327 -002.5088 -083.6311 -039.4607 +164.2907 0
L1 01     89 +016.0503 +000.1878 +001.3522 -088.9677 +002.7366 +002.3982 0
L1 02     89 +007.1365 +005.8795 +001.6812 -119.7940 +003.4585 -128.8691 0
L1 03     89 +016.1314 -000.5848 -000.8230 -092.4031 +003.5953 +092.4376 0
L1 04     89 +008.5084 +010.6702 +001.8035 -056.0275 -000.3858 +000.4751 0
L1 05     89 +014.3868 +009.9581 +001.9683 -108.4526 +000.8838 -011.1615 0
L1 06     89 +015.2695 +001.9200 -000.9908 +092.3941 +041.6428 -156.1295 0
L1 07     89 +015.1160 +003.0460 -001.8762 -007.4812 +008.9339 +137.2721 0
L1 08     89 +015.0708 +003.6327 -002.5087 -083.6315 -039.4601 +164.2910 0
L1 01     93 +016.0503 +000.1878 +001.3521 -088.9675 +002.7367 +002.3973 0
L1 02     93 +007.1365 +005.8795 +001.6812 -119.7939 +003.4586 -128.8691 0
L1 03     93 +016.1315 -000.5847 -000.8231 -092.4026 +003.5958 +092.4375 0
L1 04     93 +008.5084 +010.6702 +001.8035 -056.0270 -000.3860 +000.4748 0
L1 05     93 +014.3869 +009.9580 +001.9683 -108.4528 +000.8838 -011.1600 0
L1 06     93 +015.2695 +001.9201 -000.9909 +092.3959 +041.6436 -156.1291 0
L1 07     93 +015.1160 +003.0460 -001.8761 -007.4800 +008.9335 +137.2732 0
L1 08     93 +015.0709 +003.6327 -002.5088 -083.6311 -039.4605 +164.2918 0
L1 01     97 +016.0503 +000.1878 +001.3522 -088.9677 +002.7368 +002.3991 0
L1 02     97 +007.1365 +005.8795 +001.6812 -119.7939 +003.4588 -128.8692 0
L1 03     97 +016.1315 -000.5847 -000.8230 -092.4029 +003.5957 +092.4392 0
L1 04     97 +008.5085 +010.6702 +001.8035 -056.0277 -000.3856 +000.4752 0
L1 05     97 +014.3868 +009.9580 +001.9686 -108.4538 +000.8854 -011.1592 0
L1 06     97 +015.2695 +001.9202 -000.9911 +092.3956 +041.6433 -156.1290 0
L1 07     97 +015.1161 +003.0460 -001.8759 -007.4806 +008.9307 +137.2737 0
L1 08     97 +015.0709 +003.6327 -002.5088 -083.6324 -039.4607 +164.2926 0
L1 01    101 +016.0503 +000.1878 +001.3523 -088.9677 +002.7369 +002.4004 0
L1 02    101 +007.1365 +005.8795 +001.6812 -119.7939 +003.4585 -128.8693 0
L1 03    101 +016.1315 -000.5847 -000.8229 -092.4028 +003.5965 +092.4400 0
L1 04    101 +008.5084 +010.6702 +001.8035 -056.0268 -000.3856 +000.4752 0
L1 05    101 +014.3865 +009.9585 +001.9686 -108.4507 +000.8854 -011.1590 0
L1 06    101 +015.2696 +001.9199 -000.9910 +092.3926 +041.6430 -156.1296 0
L1 07    101 +015.1160 +003.0463 -001.8760 -007.4786 +008.9316 +137.2730 0
L1 08    101 +015.0709 +003.6327 -002.5088 -083.6323 -039.4601 +164.2923 0
L1 01    105 +016.0503 +000.1879 +001.3524 -088.9658 +002.7364 +002.4006 0
L1 02    105 +007.1364 +005.8795 +001.6812 -119.7937 +003.4586 -128.8692 0
L1 03    105 +016.1315 -000.5846 -000.8229 -092.4020 +003.5967 +092.4396 0
L1 04    105 +008.5084 +010.6703 +001.8035 -056.0268 -000.3855 +000.4750 0
L1 05    105 +014.3864 +009.9587 +001.9685 -108.4502 +000.8845 -011.1583 0
L1 06    105 +015.2696 +001.9198 -000.9911 +092.3936 +041.6429 -156.1283 0
L1 07    105 +015.1161 +003.0461 -001.8760 -007.4797 +008.9323 +137.2736 0
L1 08    105 +015.0709 +003.6327 -002.5088 -083.6319 -039.4597 +164.2919 0
L1 01    109 +016.0503 +000.1880 +001.3523 -088.9651 +002.7362 +002.3994 0
L1 02    109 +007.1365 +005.8795 +001.6812 -119.7942 +003.4588 -128.8690 0
L1 03    109 +016.1315 -000.5847 -000.8231 -092.4024 +003.5969 +092.4382 0
L1 04    109 +008.5083 +010.6703 +001.8035 -056.0263 -000.3858 +000.4748 0
L1 05    109 +014.3865 +009.9586 +001.9681 -108.4497 +000.8829 -011.1603 0
L1 06    109 +015.2696 +001.9200 -000.9912 +092.3959 +041.6429 -156.1270 0
L1 07    109 +015.1160 +003.0461 -001.8759 -007.4785 +008.9317 +137.2743 0
L1 08    109 +015.0709 +003.6329 -002.5088 -083.6308 -039.4596 +164.2920 0
L1 01    113 +016.0503 +000.1880 +001.3523 -088.9645 +002.7363 +002.3999 0
L1 02    113 +007.1365 +005.8795 +001.6812 -119.7938 +003.4587 -128.8690 0
L1 03    113 +016.1314 -000.5845 -000.8230 -092.4010 +003.5969 +092.4386 0
L1 04    113 +008.5083 +010.6703 +001.8035 -056.0259 -000.3859 +000.4752 0
L1 05    113 +014.3866 +009.9586 +001.9681 -108.4508 +000.8813 -011.1606 0
L1 06    113 +015.2696 +001.9200 -000.9913 +092.3964 +041.6438 -156.1258 0
L1 07    113 +015.1160 +003.0464 -001.8761 -007.4763 +008.9328 +137.2733 0
L1 08    113 +015.0708 +003.6329 -002.5088 -083.6295 -039.4594 +164.2910 0
L1 01    117 +016.0503 +000.1880 +001.3523 -088.9641 +002.7356 +002.3998 0
L1 02    117 +007.1365 +005.8795 +001.6812 -119.7935 +003.4587 -128.8689 0
L1 03    117 +016.1314 -000.5846 -000.8229 -092.4007 +003.5969 +092.4390 0
L1 04    117 +008.5082 +010.6704 +001.8034 -056.0254 -000.3862 +000.4745 0
L1 05    117 +014.3865 +009.9587 +001.9683 -108.4496 +000.8827 -011.1594 0
L1 06    117 +015.2695 +001.9201 -000.9913 +092.3969 +041.6443 -156.1264 0
L1 07    117 +015.1160 +003.0464 -001.8758 -007.4759 +008.9303 +137.2732 0
L1 08    117 +015.0708 +003.6329 -002.5089 -083.6289 -039.4598 +164.2906 0
L1 01    121 +016.0503 +000.1880 +001.3525 -088.9639 +002.7355 +002.4007 0
L1 02    121 +007.1365 +005.8795 +001.6812 -119.7936 +003.4585 -128.8689 0
L1 03    121 +016.1314 -000.5845 -000.8230 -092.4007 +003.5972 +092.4389 0
L1 04    121 +008.5083 +010.6704 +001.8035 -056.0257 -000.3857 +000.4744 0
L1 05    121 +014.3865 +009.9587 +001.9687 -108.4504 +000.8845 -011.1590 0
L1 06    121 +015.2696 +001.9202 -000.9911 +092.3972 +041.6430 -156.1268 0
L1 07    121 +015.1161 +003.0460 -001.8759 -007.4781 +008.9331 +137.2732 0
L1 08    121 +015.0708 +003.6327 -002.5089 -083.6293 -039.4601 +164.2899 0
L1 01    125 +016.0503 +000.1878 +001.3523 -088.9658 +002.7363 +002.3987 0
L1 02    125 +007.1365 +005.8795 +001.6812 -119.7939 +003.4586 -128.8691 0
L1 03    125 +016.1315 -000.5847 -000.8232 -092.4028 +003.5973 +092.4369 0
L1 04    125 +008.5083 +010.6703 +001.8035 -056.0266 -000.3858 +000.4747 0
L1 05    125 +014.3867 +009.9583 +001.9685 -108.4525 +000.8841 -011.1601 0
L1 06    125 +015.2694 +001.9204 -000.9910 +092.3985 +041.6431 -156.1278 0
L1 07    125 +015.1160 +003.0459 -001.8759 -007.4792 +008.9336 +137.2740 0
L1 08    125 +015.0708 +003.6327 -002.5088 -083.6304 -039.4591 +164.2905 0
L1 01    129 +016.0503 +000.1878 +001.3523 -088.9658 +002.7361 +002.3990 0
L1 02    129 +007.1365 +005.8794 +001.6812 -119.7944 +003.4585 -128.8693 0
L1 03    129 +016.1314 -000.5849 -000.8231 -092.4043 +003.5963 +092.4372 0
L1 04    129 +008.5084 +010.6702 +001.8035 -056.0275 -000.3852 +000.4749 0
L1 05    129 +014.3869 +009.9581 +001.9682 -108.4545 +000.8834 -011.1606 0
L1 06    129 +015.2695 +001.9201 -000.9909 +092.3960 +041.6428 -156.1277 0
L1 07    129 +015.1160 +003.0458 -001.8758 -007.4797 +008.9328 +137.2731 0
L1 08    129 +015.0708 +003.6326 -002.5088 -083.6312 -039.4598 +164.2902 0
L1 01    133 +016.0502 +000.1877 +001.3521 -088.9670 +002.7360 +002.3963 0
L1 02    133 +007.1364 +005.8795 +001.6812 -119.7935 +003.4590 -128.8687 0
L1 03    133 +016.1315 -000.5848 -000.8232 -092.4034 +003.5965 +092.4353 0
L1 04    133 +008.5084 +010.6702 +001.8035 -056.0272 -000.3861 +000.4743 0
L1 05    133 +014.3866 +009.9583 +001.9685 -108.4518 +000.8842 -011.1595 0
L1 06    133 +015.2693 +001.9204 -000.9910 +092.4007 +041.6424 -156.1265 0
L1 07    133 +015.1159 +003.0460 -001.8758 -007.4774 +008.9339 +137.2740 0
L1 08    133 +015.0708 +003.6326 -002.5087 -083.6305 -039.4597 +164.2910 0
L1 01    137 +016.0503 +000.1877 +001.3523 -088.9666 +002.7359 +002.3981 0
L1 02    137 +007.1365 +005.8795 +001.6812 -119.7941 +003.4588 -128.8692 0
L1 03    137 +016.1314 -000.5847 -000.8230 -092.4030 +003.5965 +092.4382 0
L1 04    137 +008.5084 +010.6702 +001.8036 -056.0276 -000.3855 +000.4752 0
L1 05    137 +014.3867 +009.9582 +001.9684 -108.4528 +000.8833 -011.1600 0
L1 06    137 +015.2694 +001.9201 -000.9908 +092.3963 +041.6430 -156.1288 0
L1 07    137 +015.1159 +003.0462 -001.8757 -007.4751 +008.9331 +137.2742 0
L1 08    137 +015.0707 +003.6325 -002.5088 -083.6297 -039.4602 +164.2895 0
L1 01    141 +016.0502 +000.1879 +001.3521 -088.9651 +002.7353 +002.3972 0
L1 02    141 +007.1365 +005.8795 +001.6812 -119.7940 +003.4585 -128.8692 0
L1 03    141 +016.1314 -000.5848 -000.8231 -092.4032 +003.5970 +092.4362 0
L1 04    141 +008.5084 +010.6702 +001.8035 -056.0270 -000.3857 +000.4744 0
L1 05    141 +014.3867 +009.9583 +001.9681 -108.4512 +000.8822 -011.1605 0
L1 06    141 +015.2694 +001.9201 -000.9912 +092.3997 +041.6437 -156.1259 0
L1 07    141 +015.1159 +003.0462 -001.8757 -007.4747 +008.9338 +137.2749 0
L1 08    141 +015.0708 +003.6326 -002.5088 -083.6292 -039.4602 +164.2897 0
L1 01    145 +016.0503 +000.1879 +001.3523 -088.9652 +002.7354 +002.3988 0
L1 02    145 +007.1365 +005.8794 +001.6812 -119.7944 +003.4587 -128.8692 0
L1 03    145 +016.1315 -000.5848 -000.8231 -092.4034 +003.5971 +092.4372 0
L1 04    145 +008.5084 +010.6702 +001.8035 -056.0273 -000.3854 +000.4750 0
L1 05    145 +014.3866 +009.9585 +001.9683 -108.4509 +000.8824 -011.1596 0
L1 06    145 +015.2694 +001.9203 -000.9913 +092.3996 +041.6429 -156.1252 0
L1 07    145 +015.1160 +003.0459 -001.8760 -007.4772 +008.9348 +137.2740 0
L1 08    145 +015.0708 +003.6327 -002.5087 -083.6295 -039.4597 +164.2901 0
L1 01    149 +016.0503 +000.1879 +001.3523 -088.9641 +002.7351 +002.3993 0
L1 02    149 +007.1365 +005.8795 +001.6812 -119.7941 +003.4588 -128.8691 0
L1 03    149 +016.1314 -000.5843 -000.8229 -092.4003 +003.5978 +092.4381 0
L1 04    149 +008.5082 +010.6704 +001.8034 -056.0255 -000.3856 +000.4746 0
L1 05    149 +014.3865 +009.9585 +001.9689 -108.4510 +000.8860 -011.1582 0
L1 06    149 +015.2696 +001.9199 -000.9911 +092.3955 +041.6429 -156.1268 0
L1 07    149 +015.1159 +003.0464 -001.8761 -007.4741 +008.9364 +137.2745 0
L1 08    149 +015.0708 +003.6329 -002.5088 -083.6284 -039.4584 +164.2896 0
L1 01    153 +016.0503 +000.1879 +001.3522 -088.9642 +002.7354 +002.3988 0
L1 02    153 +007.1365 +005.8795 +001.6812 -119.7940 +003.4587 -128.8691 0
L1 03    153 +016.1315 -000.5846 -000.8230 -092.4022 +003.5985 +092.4385 0
L1 04    153 +008.5083 +010.6703 +001.8034 -056.0261 -000.3857 +000.4746 0
L1 05    153 +014.3866 +009.9584 +001.9689 -108.4518 +000.8856 -011.1586 0
L1 06    153 +015.2695 +001.9202 -000.9910 +092.3967 +041.6436 -156.1272 0
L1 07    153 +015.1159 +003.0463 -001.8761 -007.4745 +008.9366 +137.2739 0
L1 08    153 +015.0708 +003.6329 -002.5087 -083.6292 -039.4584 +164.2908 0
L1 01    157 +016.0503 +000.1879 +001.3521 -088.9638 +002.7352 +002.3979 0
L1 02    157 +007.1365 +005.8795 +001.6812 -119.7937 +003.4585 -128.8690 0
L1 03    157 +016.1315 -000.5846 -000.8231 -092.4017 +003.5981 +092.4377 0
L1 04    157 +008.5083 +010.6703 +001.8034 -056.0263 -000.3862 +000.4743 0
L1 05    157 +014.3863 +009.9589 +001.9686 -108.4474 +000.8828 -011.1589 0
L1 06    157 +015.2695 +001.9201 -000.9911 +092.3971 +041.6429 -156.1266 0
L1 07    157 +015.1159 +003.0463 -001.8762 -007.4741 +008.9373 +137.2745 0
L1 08    157 +015.0708 +003.6328 -002.5087 -083.6292 -039.4589 +164.2909 0
L1 01    161 +016.0503 +000.1881 +001.3523 -088.9613 +002.7347 +002.3992 0
L1 02    161 +007.1365 +005.8795 +001.6812 -119.7937 +003.4584 -128.8691 0
L1 03    161 +016.1315 -000.5845 -000.8231 -092.4005 +003.5977 +092.4379 0
L1 04    161 +008.5083 +010.6704 +001.8034 -056.0257 -000.3860 +000.4744 0
L1 05    161 +014.3868 +009.9584 +001.9684 -108.4511 +000.8829 -011.1597 0
L1 06    161 +015.2696 +001.9202 -000.9910 +092.3969 +041.6434 -156.1275 0
L1 07    161 +015.1160 +003.0462 -001.8763 -007.4742 +008.9378 +137.2744 0
L1 08    161 +015.0709 +003.6328 -002.5088 -083.6282 -039.4593 +164.2904 0
L1 01    165 +016.0503 +000.1879 +001.3521 -088.9623 +002.7343 +002.3977 0
L1 02    165 +007.1365 +005.8795 +001.6812 -119.7937 +003.4585 -128.8690 0
L1 03    165 +016.1315 -000.5842 -000.8232 -092.3990 +003.5981 +092.4378 0
L1 04    165 +008.5083 +010.6704 +001.8035 -056.0254 -000.3863 +000.4747 0
L1 05    165 +014.3868 +009.9584 +001.9685 -108.4517 +000.8830 -011.1588 0
L1 06    165 +015.2696 +001.9203 -000.9908 +092.3972 +041.6422 -156.1296 0
L1 07    165 +015.1160 +003.0462 -001.8763 -007.4737 +008.9370 +137.2746 0
L1 08    165 +015.0709 +003.6334 -002.5086 -083.6272 -039.4574 +164.2933 0
L1 01    169 +016.0503 +000.1882 +001.3522 -088.9611 +002.7353 +002.3991 0
L1 02    169 +007.1365 +005.8795 +001.6812 -119.7939 +003.4586 -128.8690 0
L1 03    169 +016.1315 -000.5845 -000.8230 -092.4016 +003.5989 +092.4395 0
L1 04    169 +008.5083 +010.6703 +001.8035 -056.0264 -000.3859 +000.4749 0
L1 05    169 +014.3866 +009.9586 +001.9683 -108.4501 +000.8834 -011.1599 0
L1 06    169 +015.2696 +001.9203 -000.9908 +092.3948 +041.6420 -156.1302 0
L1 07    169 +015.1160 +003.0462 -001.8760 -007.4742 +008.9358 +137.2756 0
L1 08    169 +015.0710 +003.6332 -002.5086 -083.6292 -039.4565 +164.2927 0
L1 01    173 +016.0503 +000.1881 +001.3522 -088.9613 +002.7359 +002.3990 0
L1 02    173 +007.1365 +005.8795 +001.6812 -119.7942 +003.4585 -128.8690 0
L1 03    173 +016.1315 -000.5845 -000.8230 -092.4014 +003.5998 +092.4393 0
L1 04    173 +008.5083 +010.6703 +001.8034 -056.0259 -000.3859 +000.4744 0
L1 05    173 +014.3864 +009.9586 +001.9684 -108.4496 +000.8836 -011.1595 0
L1 06    173 +015.2696 +001.9203 -000.9912 +092.3965 +041.6412 -156.1272 0
L1 07    173 +015.1160 +003.0464 -001.8760 -007.4730 +008.9358 +137.2771 0
L1 08    173 +015.0710 +003.6329 -002.5087 -083.6301 -039.4566 +164.2922 0
L1 01    177 +016.0503 +000.1881 +001.3521 -088.9604 +002.7356 +002.3977 0
L1 02    177 +007.1365 +005.8795 +001.6812 -119.7939 +003.4587 -128.8690 0
L1 03    177 +016.1315 -000.5844 -000.8231 -092.4004 +003.6000 +092.4381 0
L1 04    177 +008.5083 +010.6704 +001.8034 -056.0252 -000.3863 +000.4741 0
L1 05    177 +014.3864 +009.9589 +001.9683 -108.4474 +000.8827 -011.1600 0
L1 06    177 +015.2695 +001.9204 -000.9911 +092.3982 +041.6403 -156.1276 0
L1 07    177 +015.1161 +003.0463 -001.8758 -007.4730 +008.9351 +137.2780 0
L1 08    177 +015.0709 +003.6331 -002.5086 -083.6288 -039.4565 +164.2930 0
L1 01    181 +016.0503 +000.1879 +001.3522 -088.9618 +002.7350 +002.3980 0
L1 02    181 +007.1365 +005.8795 +001.6812 -119.7939 +003.4588 -128.8690 0
L1 03    181 +016.1315 -000.5845 -000.8231 -092.4013 +003.5988 +092.4374 0
L1 04    181 +008.5083 +010.6704 +001.8033 -056.0258 -000.3862 +000.4737 0
L1 05    181 +014.3864 +009.9588 +001.9683 -108.4477 +000.8825 -011.1600 0
L1 06    181 +015.2695 +001.9203 -000.9909 +092.3975 +041.6409 -156.1286 0
L1 07    181 +015.1160 +003.0461 -001.8759 -007.4744 +008.9359 +137.2763 0
L1 08    181 +015.0709 +003.6329 -002.5086 -083.6295 -039.4574 +164.2920 0
L1 01    185 +016.0503 +000.1881 +001.3524 -088.9611 +002.7339 +002.3994 0
L1 02    185 +007.1365 +005.8795 +001.6812 -119.7941 +003.4588 -128.8688 0
L1 03    185 +016.1315 -000.5849 -000.8230 -092.4026 +003.5967 +092.4383 0
L1 04    185 +008.5083 +010.6703 +001.8035 -056.0260 -000.3858 +000.4744 0
L1 05    185 +014.3867 +009.9584 +001.9685 -108.4514 +000.8834 -011.1593 0
L1 06    185 +015.2694 +001.9203 -000.9912 +092.3986 +041.6429 -156.1255 0
L1 07    185 +015.1160 +003.0456 -001.8764 -007.4769 +008.9376 +137.2708 0
L1 08    185 +015.0708 +003.6324 -002.5091 -083.6287 -039.4618 +164.2880 0
L1 01    189 +016.0504 +000.1879 +001.3522 -088.9621 +002.7336 +002.3972 0
L1 02    189 +007.1365 +005.8795 +001.6812 -119.7945 +003.4585 -128.8692 0
L1 03    189 +016.1315 -000.5848 -000.8230 -092.4031 +003.5960 +092.4370 0
L1 04    189 +008.5084 +010.6702 +001.8035 -056.0272 -000.3860 +000.4745 0
L1 05    189 +014.3865 +009.9586 +001.9685 -108.4501 +000.8841 -011.1585 0
L1 06    189 +015.2694 +001.9202 -000.9911 +092.3976 +041.6444 -156.1261 0
L1 07    189 +015.1160 +003.0455 -001.8762 -007.4766 +008.9366 +137.2711 0
L1 08    189 +015.0708 +003.6326 -002.5090 -083.6278 -039.4618 +164.2883 0
L1 01    193 +016.0503 +000.1880 +001.3521 -088.9606 +002.7332 +002.3972 0
L1 02    193 +007.1365 +005.8795 +001.6812 -119.7937 +003.4585 -128.8690 0
L1 03    193 +016.1315 -000.5846 -000.8230 -092.4016 +003.5968 +092.4377 0
L1 04    193 +008.5083 +010.6703 +001.8035 -056.0262 -000.3860 +000.4747 0
L1 05    193 +014.3865 +009.9587 +001.9684 -108.4489 +000.8828 -011.1587 0
L1 06    193 +015.2695 +001.9200 -000.9913 +092.3970 +041.6440 -156.1255 0
L1 07    193 +015.1159 +003.0461 -001.8761 -007.4721 +008.9372 +137.2738 0
L1 08    193 +015.0708 +003.6328 -002.5090 -083.6262 -039.4591 +164.2883 0
L1 01    197 +016.0503 +000.1878 +001.3521 -088.9625 +002.7335 +002.3967 0
L1 02    197 +007.1365 +005.8795 +001.6812 -119.7942 +003.4588 -128.8692 0
L1 03    197 +016.1315 -000.5845 -000.8232 -092.4019 +003.5977 +092.4368 0
L1 04    197 +008.5083 +010.6703 +001.8034 -056.0259 -000.3862 +000.4745 0
L1 05    197 +014.3868 +009.9583 +001.9686 -108.4510 +000.8849 -011.1589 0
L1 06    197 +015.2695 +001.9201 -000.9911 +092.3968 +041.6422 -156.1274 0
L1 07    197 +015.1159 +003.0463 -001.8765 -007.4715 +008.9395 +137.2747 0
L1 08    197 +015.0709 +003.6328 -002.5087 -083.6294 -039.4580 +164.2915 0
L1 01    201 +016.0503 +000.1878 +001.3522 -088.9621 +002.7342 +002.3983 0
L1 02    201 +007.1365 +005.8794 +001.6812 -119.7944 +003.4588 -128.8690 0
L1 03    201 +016.1315 -000.5846 -000.8233 -092.4026 +003.5991 +092.4372 0
L1 04    201 +008.5083 +010.6703 +001.8035 -056.0261 -000.3856 +000.4750 0
L1 05    201 +014.3867 +009.9584 +001.9684 -108.4513 +000.8839 -011.1592 0
L1 06    201 +015.2695 +001.9201 -000.9909 +092.3944 +041.6420 -156.1302 0
L1 07    201 +015.1161 +003.0462 -001.8763 -007.4730 +008.9378 +137.2757 0
L1 08    201 +015.0709 +003.6328 -002.5089 -083.6298 -039.4581 +164.2913 0
L1 01    205 +016.0503 +000.1881 +001.3523 -088.9604 +002.7348 +002.3993 0
L1 02    205 +007.1364 +005.8795 +001.6812 -119.7938 +003.4590 -128.8690 0
L1 03    205 +016.1316 -000.5846 -000.8231 -092.4024 +003.5999 +092.4393 0
L1 04    205 +008.5083 +010.6704 +001.8035 -056.0257 -000.3858 +000.4751 0
L1 05    205 +014.3864 +009.9586 +001.9688 -108.4496 +000.8863 -011.1568 0
L1 06    205 +015.2696 +001.9203 -000.9908 +092.3932 +041.6416 -156.1328 0
L1 07    205 +015.1161 +003.0464 -001.8760 -007.4718 +008.9345 +137.2769 0
L1 08    205 +015.0710 +003.6329 -002.5088 -083.6304 -039.4574 +164.2928 0
L1 01    209 +016.0503 +000.1879 +001.3522 -088.9613 +002.7342 +002.3988 0
L1 02    209 +007.1365 +005.8795 +001.6812 -119.7940 +003.4587 -128.8692 0
L1 03    209 +016.1315 -000.5845 -000.8231 -092.4022 +003.5998 +092.4387 0
L1 04    209 +008.5083 +010.6704 +001.8035 -056.0258 -000.3859 +000.4749 0
L1 05    209 +014.3866 +009.9584 +001.9684 -108.4520 +000.8841 -011.1595 0
L1 06    209 +015.2695 +001.9206 -000.9911 +092.3972 +041.6410 -156.1295 0
L1 07    209 +015.1162 +003.0462 -001.8758 -007.4731 +008.9347 +137.2780 0
L1 08    209 +015.0710 +003.6331 -002.5087 -083.6299 -039.4566 +164.2937 0
L1 01    213 +016.0503 +000.1881 +001.3521 -088.9595 +002.7342 +002.3985 0
L1 02    213 +007.1365 +005.8795 +001.6812 -119.7939 +003.4590 -128.8691 0
L1 03    213 +016.1315 -000.5845 -000.8229 -092.4015 +003.5996 +092.4393 0
L1 04    213 +008.5083 +010.6704 +001.8035 -056.0256 -000.3858 +000.4750 0
L1 05    213 +014.3865 +009.9586 +001.9683 -108.4489 +000.8844 -011.1610 0
L1 06    213 +015.2695 +001.9206 -000.9910 +092.3976 +041.6423 -156.1303 0
L1 07    213 +015.1161 +003.0460 -001.8758 -007.4733 +008.9344 +137.2769 0
L1 08    213 +015.0709 +003.6328 -002.5088 -083.6291 -039.4578 +164.2921 0
L1 01    217 +016.0503 +000.1880 +001.3522 -088.9602 +002.7333 +002.3980 0
L1 02    217 +007.1365 +005.8795 +001.6812 -119.7939 +003.4591 -128.8690 0
L1 03    217 +016.1315 -000.5846 -000.8230 -092.4019 +003.5983 +092.4383 0
L1 04    217 +008.5083 +010.6703 +001.8035 -056.0259 -000.3860 +000.4747 0
L1 05    217 +014.3868 +009.9584 +001.9679 -108.4512 +000.8822 -011.1620 0
L1 06    217 +015.2695 +001.9203 -000.9909 +092.3961 +041.6437 -156.1297 0
L1 07    217 +015.1161 +003.0460 -001.8757 -007.4724 +008.9344 +137.2764 0
L1 08    217 +015.0709 +003.6328 -002.5089 -083.6284 -039.4590 +164.2910 0
L1 01    221 +016.0503 +000.1880 +001.3523 -088.9594 +002.7329 +002.3988 0
L1 02    221 +007.1365 +005.8795 +001.6812 -119.7937 +003.4589 -128.8691 0
L1 03    221 +016.1315 -000.5845 -000.8231 -092.4009 +003.5979 +092.4376 0
L1 04    221 +008.5083 +010.6704 +001.8035 -056.0255 -000.3860 +000.4744 0
L1 05    221 +014.3867 +009.9585 +001.9688 -108.4515 +000.8855 -011.1580 0
L1 06    221 +015.2695 +001.9204 -000.9910 +092.3976 +041.6439 -156.1284 0
L1 07    221 +015.1160 +003.0460 -001.8762 -007.4721 +008.9386 +137.2746 0
L1 08    221 +015.0708 +003.6328 -002.5089 -083.6269 -039.4588 +164.2896 0
L1 01    225 +016.0503 +000.1881 +001.3524 -088.9587 +002.7326 +002.3997 0
L1 02    225 +007.1364 +005.8795 +001.6812 -119.7932 +003.4590 -128.8690 0
L1 03    225 +016.1315 -000.5844 -000.8230 -092.4006 +003.5986 +092.4383 0
L1 04    225 +008.5083 +010.6704 +001.8035 -056.0255 -000.3858 +000.4749 0
L1 05    225 +014.3863 +009.9588 +001.9689 -108.4489 +000.8857 -011.1570 0
L1 06    225 +015.2695 +001.9202 -000.9912 +092.3974 +041.6435 -156.1266 0
L1 07    225 +015.1160 +003.0461 -001.8759 -007.4707 +008.9368 +137.2749 0
L1 08    225 +015.0708 +003.6329 -002.5089 -083.6263 -039.4586 +164.2897 0
L1 01    229 +016.0503 +000.1879 +001.3523 -088.9596 +002.7330 +002.3991 0
L1 02    229 +007.1364 +005.8795 +001.6812 -119.7936 +003.4587 -128.8692 0
L1 03    229 +016.1315 -000.5844 -000.8231 -092.4009 +003.5992 +092.4380 0
L1 04    229 +008.5083 +010.6704 +001.8035 -056.0256 -000.3861 +000.4749 0
L1 05    229 +014.3866 +009.9586 +001.9684 -108.4504 +000.8836 -011.1593 0
L1 06    229 +015.2695 +001.9202 -000.9912 +092.3971 +041.6424 -156.1272 0
L1 07    229 +015.1161 +003.0460 -001.8758 -007.4718 +008.9358 +137.2779 0
L1 08    229 +015.0709 +003.6330 -002.5088 -083.6276 -039.4571 +164.2912 0
L1 01    233 +016.0503 +000.1881 +001.3521 -088.9591 +002.7340 +002.3981 0
L1 02    233 +007.1365 +005.8794 +001.6812 -119.7943 +003.4587 -128.8693 0
L1 03    233 +016.1316 -000.5845 -000.8231 -092.4022 +003.6002 +092.4384 0
L1 04    233 +008.5083 +010.6704 +001.8034 -056.0256 -000.3861 +000.4744 0
L1 05    233 +014.3862 +009.9589 +001.9685 -108.4471 +000.8843 -011.1586 0
L1 06    233 +015.2695 +001.9204 -000.9912 +092.3976 +041.6424 -156.1287 0
L1 07    233 +015.1162 +003.0458 -001.8759 -007.4734 +008.9353 +137.2780 0
L1 08    233 +015.0710 +003.6331 -002.5086 -083.6309 -039.4565 +164.2952 0
L1 01    237 +016.0504 +000.1879 +001.3523 -088.9595 +002.7336 +002.4006 0
L1 02    237 +007.1365 +005.8795 +001.6812 -119.7942 +003.4585 -128.8693 0
L1 03    237 +016.1316 -000.5844 -000.8229 -092.4007 +003.6006 +092.4414 0
L1 04    237 +008.5083 +010.6703 +001.8035 -056.0261 -000.3858 +000.4745 0
L1 05    237 +014.3864 +009.9588 +001.9684 -108.4490 +000.8836 -011.1596 0
L1 06    237 +015.2697 +001.9198 -000.9913 +092.3912 +041.6418 -156.1289 0
L1 07    237 +015.1162 +003.0460 -001.8761 -007.4727 +008.9368 +137.2777 0
L1 08    237 +015.0711 +003.6330 -002.5087 -083.6310 -039.4569 +164.2939 0
L1 01    241 +016.0504 +000.1880 +001.3523 -088.9586 +002.7338 +002.4003 0
L1 02    241 +007.1365 +005.8795 +001.6812 -119.7939 +003.4586 -128.8691 0
L1 03    241 +016.1315 -000.5843 -000.8230 -092.4007 +003.6008 +092.4403 0
L1 04    241 +008.5082 +010.6705 +001.8035 -056.0249 -000.3861 +000.4746 0
L1 05    241 +014.3866 +009.9585 +001.9684 -108.4513 +000.8838 -011.1599 0
L1 06    241 +015.2696 +001.9199 -000.9914 +092.3930 +041.6419 -156.1277 0
L1 07    241 +015.1161 +003.0464 -001.8760 -007.4690 +008.9369 +137.2787 0
L1 08    241 +015.0711 +003.6329 -002.5086 -083.6308 -039.4571 +164.2937 0
L1 01    245 +016.0503 +000.1879 +001.3522 -088.9598 +002.7337 +002.3987 0
L1 02    245 +007.1365 +005.8795 +001.6812 -119.7943 +003.4585 -128.8691 0
L1 03    245 +016.1316 -000.5846 -000.8231 -092.4033 +003.5999 +092.4382 0
L1 04    245 +008.5084 +010.6703 +001.8034 -056.0265 -000.3860 +000.4743 0
L1 05    245 +014.3865 +009.9585 +001.9684 -108.4509 +000.8827 -011.1591 0
L1 06    245 +015.2695 +001.9201 -000.9912 +092.3941 +041.6421 -156.1288 0
L1 07    245 +015.1161 +003.0462 -001.8758 -007.4707 +008.9364 +137.2780 0
L1 08    245 +015.0710 +003.6327 -002.5087 -083.6310 -039.4572 +164.2930 0
L1 01    249 +016.0504 +000.1880 +001.3524 -088.9589 +002.7335 +002.4003 0
L1 02    249 +007.1365 +005.8795 +001.6812 -119.7945 +003.4585 -128.8692 0
L1 03    249 +016.1315 -000.5847 -000.8230 -092.4034 +003.5997 +092.4394 0
L1 04    249 +008.5083 +010.6703 +001.8035 -056.0261 -000.3857 +000.4746 0
L1 05    249 +014.3866 +009.9584 +001.9684 -108.4511 +000.8839 -011.1594 0
L1 06    249 +015.2696 +001.9200 -000.9912 +092.3936 +041.6436 -156.1275 0
L1 07    249 +015.1160 +003.0463 -001.8760 -007.4705 +008.9380 +137.2768 0
L1 08    249 +015.0710 +003.6326 -002.5087 -083.6309 -039.4583 +164.2924 0
L1 01    253 +016.0503 +000.1880 +001.3523 -088.9585 +002.7323 +002.3993 0
L1 02    253 +007.1365 +005.8795 +001.6812 -119.7942 +003.4585 -128.8692 0
L1 03    253 +016.1315 -000.5846 -000.8231 -092.4021 +003.5990 +092.4384 0
L1 04    253 +008.5083 +010.6704 +001.8035 -056.0254 -000.3861 +000.4746 0
L1 05    253 +014.3866 +009.9585 +001.9685 -108.4502 +000.8839 -011.1595 0
L1 06    253 +015.2696 +001.9199 -000.9912 +092.3938 +041.6437 -156.1268 0
L1 07    253 +015.1161 +003.0459 -001.8758 -007.4720 +008.9373 +137.2764 0
L1 08    253 +015.0709 +003.6328 -002.5087 -083.6292 -039.4583 +164.2916 0
L1 01    257 +016.0504 +000.1879 +001.3523 -088.9593 +002.7320 +002.3986 0
L1 02    257 +007.1365 +005.8795 +001.6812 -119.7943 +003.4586 -128.8692 0
L1 03    257 +016.1314 -000.5846 -000.8231 -092.4026 +003.5991 +092.4375 0
L1 04    257 +008.5082 +010.6704 +001.8035 -056.0258 -000.3858 +000.4750 0
L1 05    257 +014.3870 +009.9579 +001.9686 -108.4533 +000.8854 -011.1578 0
L1 06    257 +015.2696 +001.9199 -000.9913 +092.3947 +041.6422 -156.1273 0
L1 07    257 +015.1158 +003.0468 -001.8762 -007.4696 +008.9392 +137.2767 0
L1 08    257 +015.0709 +003.6327 -002.5087 -083.6295 -039.4583 +164.2916 0
L1 01    261 +016.0503 +000.1880 +001.3525 -088.9577 +002.7326 +002.4001 0
L1 02    261 +007.1365 +005.8795 +001.6812 -119.7933 +003.4587 -128.8694 0
L1 03    261 +016.1314 -000.5842 -000.8230 -092.3995 +003.5999 +092.4382 0
L1 04    261 +008.5083 +010.6704 +001.8034 -056.0256 -000.3860 +000.4737 0
L1 05    261 +014.3870 +009.9580 +001.9682 -108.4528 +000.8827 -011.1606 0
L1 06    261 +015.2696 +001.9200 -000.9911 +092.3939 +041.6416 -156.1277 0
L1 07    261 +015.1159 +003.0469 -001.8759 -007.4655 +008.9389 +137.2782 0
L1 08    261 +015.0709 +003.6328 -002.5089 -083.6259 -039.4576 +164.2876 0
L1 01    265 +016.0503 +000.1879 +001.3522 -088.9582 +002.7326 +002.3981 0
L1 02    265 +007.1365 +005.8795 +001.6812 -119.7940 +003.4591 -128.8692 0
L1 03    265 +016.1315 -000.5844 -000.8232 -092.4015 +003.6003 +092.4372 0
L1 04    265 +008.5084 +010.6703 +001.8035 -056.0266 -000.3857 +000.4748 0
L1 05    265 +014.3868 +009.9583 +001.9686 -108.4509 +000.8847 -011.1591 0
L1 06    265 +015.2695 +001.9200 -000.9908 +092.3926 +041.6406 -156.1317 0
L1 07    265 +015.1160 +003.0465 -001.8760 -007.4681 +008.9391 +137.2789 0
L1 08    265 +015.0709 +003.6329 -002.5088 -083.6283 -039.4564 +164.2918 0
L1 01    269 +016.0503 +000.1880 +001.3524 -088.9571 +002.7326 +002.3996 0
L1 02    269 +007.1365 +005.8795 +001.6812 -119.7942 +003.4592 -128.8691 0
L1 03    269 +016.1315 -000.5843 -000.8230 -092.4004 +003.6003 +092.4387 0
L1 04    269 +008.5083 +010.6703 +001.8035 -056.0261 -000.3856 +000.4748 0
L1 05    269 +014.3863 +009.9590 +001.9692 -108.4460 +000.8858 -011.1547 0
L1 06    269 +015.2695 +001.9201 -000.9908 +092.3934 +041.6409 -156.1310 0
L1 07    269 +015.1161 +003.0461 -001.8762 -007.4695 +008.9397 +137.2773 0
L1 08    269 +015.0709 +003.6329 -002.5088 -083.6268 -039.4573 +164.2906 0
L1 01    273 +016.0503 +000.1883 +001.3523 -088.9546 +002.7319 +002.3986 0
L1 02    273 +007.1365 +005.8795 +001.6813 -119.7938 +003.4594 -128.8690 0
L1 03    273 +016.1315 -000.5844 -000.8231 -092.4003 +003.6000 +092.4376 0
L1 04    273 +008.5082 +010.6705 +001.8035 -056.0246 -000.3860 +000.4747 0
L1 05    273 +014.3864 +009.9590 +001.9685 -108.4459 +000.8832 -011.1571 0
L1 06    273 +015.2695 +001.9202 -000.9907 +092.3951 +041.6415 -156.1310 0
L1 07    273 +015.1159 +003.0463 -001.8759 -007.4673 +008.9395 +137.2771 0
L1 08    273 +015.0708 +003.6330 -002.5088 -083.6246 -039.4575 +164.2893 0
L1 01    277 +016.0503 +000.1880 +001.3522 -088.9574 +002.7320 +002.3976 0
L1 02    277 +007.1365 +005.8794 +001.6813 -119.7943 +003.4594 -128.8692 0
L1 03    277 +016.1315 -000.5845 -000.8232 -092.4015 +003.5996 +092.4372 0
L1 04    277 +008.5083 +010.6704 +001.8035 -056.0257 -000.3857 +000.4748 0
L1 05    277 +014.3866 +009.9586 +001.9683 -108.4500 +000.8834 -011.1607 0
L1 06    277 +015.2695 +001.9201 -000.9908 +092.3955 +041.6428 -156.1303 0
L1 07    277 +015.1158 +003.0465 -001.8764 -007.4662 +008.9413 +137.2774 0
L1 08    277 +015.0708 +003.6329 -002.5088 -083.6256 -039.4570 +164.2898 0
L1 01    281 +016.0503 +000.1879 +001.3522 -088.9573 +002.7322 +002.3978 0
L1 02    281 +007.1365 +005.8795 +001.6813 -119.7942 +003.4593 -128.8691 0
L1 03    281 +016.1315 -000.5845 -000.8231 -092.4017 +003.5998 +092.4372 0
L1 04    281 +008.5082 +010.6704 +001.8035 -056.0254 -000.3859 +000.4746 0
L1 05    281 +014.3867 +009.9582 +001.9684 -108.4515 +000.8838 -011.1606 0
L1 06    281 +015.2695 +001.9200 -000.9909 +092.3959 +041.6421 -156.1286 0
L1 07    281 +015.1158 +003.0467 -001.8762 -007.4648 +008.9413 +137.2777 0
L1 08    281 +015.0708 +003.6328 -002.5088 -083.6263 -039.4565 +164.2895 0
L1 01    285 +016.0503 +000.1880 +001.3523 -088.9566 +002.7324 +002.3987 0
L1 02    285 +007.1365 +005.8795 +001.6812 -119.7942 +003.4592 -128.8691 0
L1 03    285 +016.1315 -000.5846 -000.8232 -092.4025 +003.6003 +092.4374 0
L1 04    285 +008.5082 +010.6704 +001.8035 -056.0252 -000.3858 +000.4751 0
L1 05    285 +014.3866 +009.9584 +001.9684 -108.4512 +000.8840 -011.1614 0
L1 06    285 +015.2695 +001.9203 -000.9909 +092.3975 +041.6421 -156.1286 0
L1 07    285 +015.1159 +003.0461 -001.8762 -007.4678 +008.9413 +137.2771 0
L1 08    285 +015.0709 +003.6328 -002.5087 -083.6268 -039.4568 +164.2901 0
L1 01    289 +016.0503 +000.1881 +001.3524 -088.9553 +002.7325 +002.3998 0
L1 02    289 +007.1365 +005.8795 +001.6812 -119.7940 +003.4588 -128.8691 0
L1 03    289 +016.1315 -000.5846 -000.8230 -092.4022 +003.6003 +092.4387 0
L1 04    289 +008.5082 +010.6704 +001.8035 -056.0250 -000.3856 +000.4749 0
L1 05    289 +014.3864 +009.9587 +001.9685 -108.4494 +000.8840 -011.1599 0
L1 06    289 +015.2696 +001.9200 -000.9910 +092.3958 +041.6430 -156.1277 0
L1 07    289 +015.1159 +003.0460 -001.8763 -007.4686 +008.9415 +137.2764 0
L1 08    289 +015.0709 +003.6327 -002.5088 -083.6266 -039.4574 +164.2895 0
L1 01    293 +016.0503 +000.1879 +001.3522 -088.9568 +002.7315 +002.3978 0
L1 02    293 +007.1365 +005.8794 +001.6812 -119.7944 +003.4589 -128.8692 0
L1 03    293 +016.1315 -000.5847 -000.8232 -092.4033 +003.6001 +092.4375 0
L1 04    293 +008.5083 +010.6703 +001.8036 -056.0260 -000.3856 +000.4752 0
L1 05    293 +014.3865 +009.9586 +001.9685 -108.4508 +000.8840 -011.1599 0
L1 06    293 +015.2696 +001.9198 -000.9907 +092.3945 +041.6438 -156.1295 0
L1 07    293 +015.1160 +003.0458 -001.8762 -007.4697 +008.9413 +137.2763 0
L1 08    293 +015.0709 +003.6327 -002.5088 -083.6274 -039.4578 +164.2899 0
L1 01    297 +016.0503 +000.1880 +001.3524 -088.9561 +002.7313 +002.3991 0
L1 02    297 +007.1365 +005.8794 +001.6812 -119.7943 +003.4592 -128.8692 0
L1 03    297 +016.1315 -000.5847 -000.8230 -092.4029 +003.6006 +092.4380 0
L1 04    297 +008.5084 +010.6703 +001.8035 -056.0267 -000.3853 +000.4751 0
L1 05    297 +014.3866 +009.9585 +001.9682 -108.4506 +000.8837 -011.1614 0
L1 06    297 +015.2695 +001.9199 -000.9909 +092.3955 +041.6426 -156.1278 0
L1 07    297 +015.1160 +003.0455 -001.8763 -007.4713 +008.9422 +137.2763 0
L1 08    297 +015.0708 +003.6327 -002.5087 -083.6270 -039.4573 +164.2897 0
L1 01    301 +016.0503 +000.1881 +001.3523 -088.9557 +002.7316 +002.3988 0
L1 02    301 +007.1365 +005.8795 +001.6812 -119.7939 +003.4591 -128.8692 0
L1 03    301 +016.1315 -000.5847 -000.8230 -092.4028 +003.6011 +092.4381 0
L1 04    301 +008.5083 +010.6703 +001.8035 -056.0259 -000.3855 +000.4748 0
L1 05    301 +014.3867 +009.9585 +001.9681 -108.4512 +000.8830 -011.1612 0
L1 06    301 +015.2695 +001.9202 -000.9910 +092.3975 +041.6420 -156.1262 0
L1 07    301 +015.1158 +003.0461 -001.8761 -007.4668 +008.9425 +137.2771 0
L1 08    301 +015.0708 +003.6328 -002.5088 -083.6252 -039.4573 +164.2879 0
L1 01    305 +016.0503 +000.1878 +001.3522 -088.9572 +002.7319 +002.3976 0
L1 02    305 +007.1365 +005.8794 +001.6812 -119.7944 +003.4591 -128.8693 0
L1 03    305 +016.1315 -000.5847 -000.8228 -092.4035 +003.6011 +092.4385 0
L1 04    305 +008.5084 +010.6703 +001.8035 -056.0264 -000.3857 +000.4747 0
L1 05    305 +014.3866 +009.9585 +001.9684 -108.4507 +000.8842 -011.1612 0
L1 06    305 +015.2694 +001.9201 -000.9911 +092.3976 +041.6430 -156.1262 0
L1 07    305 +015.1159 +003.0462 -001.8758 -007.4663 +008.9405 +137.2776 0
L1 08    305 +015.0708 +003.6328 -002.5087 -083.6262 -039.4574 +164.2892 0
L1 01    309 +016.0503 +000.1879 +001.3523 -088.9564 +002.7314 +002.3986 0
L1 02    309 +007.1365 +005.8794 +001.6812 -119.7944 +003.4592 -128.8692 0
L1 03    309 +016.1315 -000.5846 -000.8229 -092.4024 +003.6009 +092.4386 0
L1 04    309 +008.5083 +010.6703 +001.8035 -056.0258 -000.3856 +000.4749 0
L1 05    309 +014.3864 +009.9586 +001.9686 -108.4490 +000.8847 -011.1605 0
L1 06    309 +015.2695 +001.9200 -000.9911 +092.3971 +041.6437 -156.1263 0
L1 07    309 +015.1159 +003.0463 -001.8758 -007.4651 +008.9401 +137.2791 0
L1 08    309 +015.0708 +003.6329 -002.5088 -083.6249 -039.4567 +164.2891 0
L1 01    313 +016.0503 +000.1878 +001.3523 -088.9571 +002.7317 +002.3986 0
L1 02    313 +007.1365 +005.8794 +001.6812 -119.7947 +003.4592 -128.8694 0
L1 03    313 +016.1315 -000.5847 -000.8229 -092.4035 +003.6013 +092.4389 0
L1 04    313 +008.5083 +010.6703 +001.8035 -056.0261 -000.3856 +000.4746 0
L1 05    313 +014.3868 +009.9581 +001.9688 -108.4526 +000.8859 -011.1603 0
L1 06    313 +015.2695 +001.9201 -000.9911 +092.3963 +041.6427 -156.1272 0
L1 07    313 +015.1160 +003.0461 -001.8762 -007.4670 +008.9427 +137.2780 0
L1 08    313 +015.0708 +003.6329 -002.5088 -083.6256 -039.4569 +164.2892 0
L1 01    317 +016.0503 +000.1878 +001.3526 -088.9560 +002.7311 +002.4011 0
L1 02    317 +007.1365 +005.8794 +001.6812 -119.7944 +003.4590 -128.8694 0
L1 03    317 +016.1314 -000.5846 -000.8229 -092.4024 +003.6012 +092.4398 0
L1 04    317 +008.5083 +010.6703 +001.8035 -056.0257 -000.3854 +000.4750 0
L1 05    317 +014.3868 +009.9580 +001.9686 -108.4530 +000.8849 -011.1604 0
L1 06    317 +015.2696 +001.9199 -000.9910 +092.3940 +041.6443 -156.1279 0
L1 07    317 +015.1159 +003.0460 -001.8763 -007.4669 +008.9430 +137.2770 0
L1 08    317 +015.0708 +003.6328 -002.5089 -083.6255 -039.4577 +164.2880 0
L1 01    321 +016.0503 +000.1879 +001.3523 -088.9558 +002.7307 +002.3995 0
L1 02    321 +007.1365 +005.8794 +001.6813 -119.7947 +003.4593 -128.8692 0
L1 03    321 +016.1314 -000.5847 -000.8229 -092.4033 +003.6012 +092.4389 0
L1 04    321 +008.5083 +010.6704 +001.8035 -056.0256 -000.3857 +000.4748 0
L1 05    321 +014.3865 +009.9584 +001.9687 -108.4511 +000.8848 -011.1590 0
L1 06    321 +015.2695 +001.9202 -000.9908 +092.3950 +041.6430 -156.1290 0
L1 07    321 +015.1158 +003.0463 -001.8762 -007.4645 +008.9436 +137.2771 0
L1 08    321 +015.0708 +003.6328 -002.5088 -083.6259 -039.4574 +164.2883 0
L1 01    325 +016.0503 +000.1879 +001.3523 -088.9561 +002.7313 +002.3992 0
L1 02    325 +007.1365 +005.8794 +001.6812 -119.7948 +003.4592 -128.8695 0
L1 03    325 +016.1314 -000.5848 -000.8229 -092.4039 +003.6016 +092.4394 0
L1 04    325 +008.5084 +010.6703 +001.8035 -056.0264 -000.3855 +000.4748 0
L1 05    325 +014.3870 +009.9580 +001.9684 -108.4535 +000.8838 -011.1611 0
L1 06    325 +015.2695 +001.9198 -000.9910 +092.3943 +041.6437 -156.1269 0
L1 07    325 +015.1158 +003.0460 -001.8761 -007.4666 +008.9435 +137.2780 0
L1 08    325 +015.0708 +003.6328 -002.5088 -083.6252 -039.4570 +164.2881 0
L1 01    329 +016.0503 +000.1879 +001.3521 -088.9557 +002.7315 +002.3970 0
L1 02    329 +007.1365 +005.8794 +001.6812 -119.7943 +003.4592 -128.8694 0
L1 03    329 +016.1315 -000.5847 -000.8230 -092.4037 +003.6013 +092.4377 0
L1 04    329 +008.5083 +010.6703 +001.8034 -056.0256 -000.3857 +000.4744 0
L1 05    329 +014.3868 +009.9582 +001.9682 -108.4517 +000.8834 -011.1604 0
L1 06    329 +015.2694 +001.9202 -000.9912 +092.3988 +041.6427 -156.1261 0
L1 07    329 +015.1159 +003.0463 -001.8759 -007.4645 +008.9417 +137.2789 0
L1 08    329 +015.0708 +003.6328 -002.5087 -083.6255 -039.4563 +164.2893 0
L1 01    333 +016.0503 +000.1880 +001.3522 -088.9550 +002.7317 +002.3982 0
L1 02    333 +007.1365 +005.8794 +001.6812 -119.7946 +003.4593 -128.8694 0
L1 03    333 +016.1315 -000.5848 -000.8229 -092.4045 +003.6016 +092.4384 0
L1 04    333 +008.5084 +010.6703 +001.8034 -056.0263 -000.3854 +000.4742 0
L1 05    333 +014.3867 +009.9581 +001.9688 -108.4531 +000.8870 -011.1594 0
L1 06    333 +015.2694 +001.9202 -000.9911 +092.3978 +041.6433 -156.1263 0
L1 07    333 +015.1159 +003.0463 -001.8757 -007.4644 +008.9409 +137.2784 0
L1 08    333 +015.0708 +003.6326 -002.5087 -083.6266 -039.4568 +164.2886 0
L1 01    337 +016.0503 +000.1879 +001.3523 -088.9548 +002.7316 +002.3992 0
L1 02    337 +007.1365 +005.8794 +001.6812 -119.7942 +003.4592 -128.8693 0
L1 03    337 +016.1315 -000.5847 -000.8229 -092.4036 +003.6020 +092.4389 0
L1 04    337 +008.5084 +010.6703 +001.8035 -056.0264 -000.3854 +000.4749 0
L1 05    337 +014.3862 +009.9588 +001.9691 -108.4488 +000.8867 -011.1579 0
L1 06    337 +015.2694 +001.9203 -000.9911 +092.3984 +041.6412 -156.1267 0
L1 07    337 +015.1159 +003.0463 -001.8756 -007.4634 +008.9402 +137.2801 0
L1 08    337 +015.0708 +003.6327 -002.5087 -083.6260 -039.4560 +164.2889 0
L1 01    341 +016.0503 +000.1878 +001.3524 -088.9557 +002.7317 +002.3994 0
L1 02    341 +007.1365 +005.8794 +001.6812 -119.7944 +003.4593 -128.8692 0
L1 03    341 +016.1314 -000.5848 -000.8228 -092.4048 +003.6021 +092.4391 0
L1 04    341 +008.5084 +010.6702 +001.8035 -056.0269 -000.3854 +000.4743 0
L1 05    341 +014.3865 +009.9587 +001.9680 -108.4496 +000.8832 -011.1609 0
L1 06    341 +015.2694 +001.9203 -000.9911 +092.3976 +041.6425 -156.1254 0
L1 07    341 +015.1158 +003.0461 -001.8756 -007.4656 +008.9415 +137.2800 0
L1 08    341 +015.0708 +003.6326 -002.5088 -083.6263 -039.4569 +164.2874 0
L1 01    345 +016.0503 +000.1879 +001.3523 -088.9544 +002.7312 +002.3985 0
L1 02    345 +007.1365 +005.8794 +001.6812 -119.7946 +003.4593 -128.8692 0
L1 03    345 +016.1315 -000.5847 -000.8229 -092.4037 +003.6015 +092.4383 0
L1 04    345 +008.5084 +010.6703 +001.8035 -056.0265 -000.3856 +000.4750 0
L1 05    345 +014.3863 +009.9589 +001.9685 -108.4481 +000.8843 -011.1601 0
L1 06    345 +015.2695 +001.9200 -000.9908 +092.3951 +041.6425 -156.1284 0
L1 07    345 +015.1160 +003.0461 -001.8756 -007.4654 +008.9416 +137.2801 0
L1 08    345 +015.0708 +003.6326 -002.5087 -083.6263 -039.4573 +164.2887 0
L1 01    349 +016.0503 +000.1878 +001.3522 -088.9551 +002.7308 +002.3978 0
L1 02    349 +007.1365 +005.8795 +001.6812 -119.7941 +003.4593 -128.8692 0
L1 03    349 +016.1315 -000.5847 -000.8230 -092.4039 +003.6011 +092.4371 0
L1 04    349 +008.5083 +010.6703 +001.8035 -056.0260 -000.3858 +000.4753 0
L1 05    349 +014.3867 +009.9584 +001.9683 -108.4515 +000.8833 -011.1607 0
L1 06    349 +015.2694 +001.9201 -000.9908 +092.3963 +041.6412 -156.1278 0
L1 07    349 +015.1159 +003.0460 -001.8758 -007.4652 +008.9436 +137.2790 0
L1 08    349 +015.0707 +003.6327 -002.5088 -083.6246 -039.4570 +164.2881 0
L1 01    353 +016.0503 +000.1876 +001.3525 -088.9568 +002.7305 +002.3996 0
L1 02    353 +007.1365 +005.8794 +001.6812 -119.7946 +003.4591 -128.8694 0
L1 03    353 +016.1315 -000.5848 -000.8231 -092.4048 +003.6017 +092.4372 0
L1 04    353 +008.5084 +010.6702 +001.8035 -056.0276 -000.3851 +000.4750 0
L1 05    353 +014.3870 +009.9578 +001.9685 -108.4563 +000.8847 -011.1601 0
L1 06    353 +015.2694 +001.9198 -000.9909 +092.3947 +041.6419 -156.1270 0
L1 07    353 +015.1159 +003.0459 -001.8757 -007.4655 +008.9426 +137.2800 0
L1 08    353 +015.0707 +003.6326 -002.5088 -083.6256 -039.4570 +164.2871 0
L1 01    357 +016.0503 +000.1880 +001.3523 -088.9534 +002.7305 +002.3988 0
L1 02    357 +007.1365 +005.8794 +001.6813 -119.7944 +003.4595 -128.8692 0
L1 03    357 +016.1315 -000.5846 -000.8229 -092.4025 +003.6024 +092.4385 0
L1 04    357 +008.5083 +010.6704 +001.8035 -056.0253 -000.3855 +000.4743 0
L1 05    357 +014.3866 +009.9585 +001.9684 -108.4508 +000.8834 -011.1598 0
L1 06    357 +015.2694 +001.9201 -000.9909 +092.3970 +041.6423 -156.1285 0
L1 07    357 +015.1158 +003.0462 -001.8758 -007.4622 +008.9428 +137.2808 0
L1 08    357 +015.0707 +003.6331 -002.5087 -083.6228 -039.4557 +164.2886 0
L1 01    361 +016.0503 +000.1878 +001.3523 -088.9551 +002.7303 +002.3977 0
L1 02    361 +007.1365 +005.8794 +001.6813 -119.7946 +003.4594 -128.8693 0
L1 03    361 +016.1315 -000.5848 -000.8231 -092.4044 +003.6021 +092.4367 0
L1 04    361 +008.5084 +010.6702 +001.8035 -056.0268 -000.3856 +000.4745 0
L1 05    361 +014.3867 +009.9582 +001.9691 -108.4521 +000.8868 -011.1570 0
L1 06    361 +015.2694 +001.9201 -000.9908 +092.3967 +041.6415 -156.1281 0
L1 07    361 +015.1159 +003.0460 -001.8760 -007.4636 +008.9435 +137.2792 0
L1 08    361 +015.0708 +003.6327 -002.5088 -083.6246 -039.4562 +164.2879 0
L1 01    365 +016.0503 +000.1877 +001.3523 -088.9554 +002.7300 +002.3981 0
L1 02    365 +007.1365 +005.8794 +001.6812 -119.7949 +003.4592 -128.8695 0
L1 03    365 +016.1315 -000.5847 -000.8231 -092.4044 +003.6022 +092.4370 0
L1 04    365 +008.5084 +010.6703 +001.8035 -056.0265 -000.3856 +000.4745 0
L1 05    365 +014.3868 +009.9583 +001.9683 -108.4522 +000.8838 -011.1610 0
L1 06    365 +015.2695 +001.9200 -000.9907 +092.3944 +041.6426 -156.1289 0
L1 07    365 +015.1158 +003.0462 -001.8760 -007.4631 +008.9448 +137.2802 0
L1 08    365 +015.0707 +003.6327 -002.5088 -083.6245 -039.4561 +164.2872 0
L1 01    369 +016.0503 +000.1880 +001.3524 -088.9529 +002.7299 +002.3986 0
L1 02    369 +007.1365 +005.8794 +001.6812 -119.7945 +003.4590 -128.8694 0
L1 03    369 +016.1314 -000.5846 -000.8231 -092.4031 +003.6018 +092.4363 0
L1 04    369 +008.5083 +010.6704 +001.8035 -056.0257 -000.3857 +000.4747 0
L1 05    369 +014.3866 +009.9585 +001.9687 -108.4501 +000.8850 -011.1592 0
L1 06    369 +015.2694 +001.9202 -000.9909 +092.3984 +041.6425 -156.1263 0
L1 07    369 +015.1159 +003.0460 -001.8759 -007.4636 +008.9450 +137.2797 0
L1 08    369 +015.0707 +003.6328 -002.5088 -083.6227 -039.4561 +164.2867 0
L1 01    373 +016.0503 +000.1879 +001.3526 -088.9535 +002.7298 +002.4000 0
L1 02    373 +007.1365 +005.8794 +001.6812 -119.7947 +003.4592 -128.8693 0
L1 03    373 +016.1314 -000.5845 -000.8231 -092.4026 +003.6015 +092.4373 0
L1 04    373 +008.5084 +010.6703 +001.8035 -056.0264 -000.3854 +000.4745 0
L1 05    373 +014.3867 +009.9583 +001.9687 -108.4519 +000.8848 -011.1600 0
L1 06    373 +015.2695 +001.9201 -000.9911 +092.3979 +041.6419 -156.1243 0
L1 07    373 +015.1159 +003.0460 -001.8760 -007.4641 +008.9455 +137.2785 0
L1 08    373 +015.0707 +003.6328 -002.5089 -083.6224 -039.4564 +164.2859 0
L1 01    377 +016.0503 +000.1879 +001.3525 -088.9524 +002.7295 +002.3998 0
L1 02    377 +007.1365 +005.8794 +001.6812 -119.7944 +003.4592 -128.8691 0
L1 03    377 +016.1314 -000.5843 -000.8230 -092.4008 +003.6021 +092.4376 0
L1 04    377 +008.5083 +010.6704 +001.8035 -056.0254 -000.3856 +000.4746 0
L1 05    377 +014.3863 +009.9589 +001.9685 -108.4477 +000.8831 -011.1595 0
L1 06    377 +015.2695 +001.9201 -000.9909 +092.3971 +041.6424 -156.1259 0
L1 07    377 +015.1158 +003.0462 -001.8762 -007.4617 +008.9473 +137.2790 0
L1 08    377 +015.0707 +003.6329 -002.5089 -083.6214 -039.4559 +164.2853 0
L1 01    381 +016.0503 +000.1878 +001.3523 -088.9535 +002.7296 +002.3985 0
L1 02    381 +007.1365 +005.8794 +001.6813 -119.7945 +003.4593 -128.8690 0
L1 03    381 +016.1315 -000.5845 -000.8232 -092.4025 +003.6023 +092.4367 0
L1 04    381 +008.5084 +010.6703 +001.8035 -056.0260 -000.3857 +000.4744 0
L1 05    381 +014.3868 +009.9582 +001.9682 -108.4521 +000.8822 -011.1615 0
L1 06    381 +015.2695 +001.9203 -000.9910 +092.3981 +041.6414 -156.1255 0
L1 07    381 +015.1159 +003.0461 -001.8761 -007.4630 +008.9469 +137.2797 0
L1 08    381 +015.0707 +003.6329 -002.5088 -083.6225 -039.4557 +164.2863 0
L1 01    385 +016.0503 +000.1879 +001.3523 -088.9536 +002.7293 +002.3986 0
L1 02    385 +007.1365 +005.8794 +001.6812 -119.7946 +003.4591 -128.8692 0
L1 03    385 +016.1315 -000.5847 -000.8231 -092.4039 +003.6018 +092.4373 0
L1 04    385 +008.5084 +010.6703 +001.8035 -056.0266 -000.3857 +000.4750 0
L1 05    385 +014.3869 +009.9581 +001.9682 -108.4533 +000.8821 -011.1610 0
L1 06    385 +015.2694 +001.9202 -000.9911 +092.3998 +041.6424 -156.1245 0
L1 07    385 +015.1159 +003.0461 -001.8761 -007.4622 +008.9465 +137.2796 0
L1 08    385 +015.0707 +003.6328 -002.5088 -083.6231 -039.4562 +164.2868 0
L1 01    389 +016.0503 +000.1880 +001.3523 -088.9521 +002.7297 +002.3987 0
L1 02    389 +007.1365 +005.8794 +001.6812 -119.7947 +003.4592 -128.8691 0
L1 03    389 +016.1315 -000.5847 -000.8231 -092.4037 +003.6027 +092.4376 0
L1 04    389 +008.5083 +010.6703 +001.8036 -056.0259 -000.3856 +000.4751 0
L1 05    389 +014.3867 +009.9585 +001.9684 -108.4498 +000.8830 -011.1602 0
L1 06    389 +015.2695 +001.9200 -000.9908 +092.3965 +041.6418 -156.1268 0
L1 07    389 +015.1159 +003.0461 -001.8761 -007.4614 +008.9467 +137.2803 0
L1 08    389 +015.0707 +003.6329 -002.5088 -083.6225 -039.4562 +164.2873 0
L1 01    393 +016.0503 +000.1878 +001.3525 -088.9529 +002.7296 +002.3998 0
L1 02    393 +007.1365 +005.8794 +001.6812 -119.7950 +003.4592 -128.8692 0
L1 03    393 +016.1315 -000.5847 -000.8229 -092.4044 +003.6033 +092.4383 0
L1 04    393 +008.5085 +010.6702 +001.8035 -056.0270 -000.3856 +000.4749 0
L1 05    393 +014.3864 +009.9588 +001.9681 -108.4486 +000.8823 -011.1611 0
L1 06    393 +015.2695 +001.9200 -000.9909 +092.3958 +041.6412 -156.1265 0
L1 07    393 +015.1158 +003.0467 -001.8760 -007.4584 +008.9465 +137.2817 0
L1 08    393 +015.0707 +003.6329 -002.5087 -083.6229 -039.4554 +164.2871 0
L1 01    397 +016.0503 +000.1880 +001.3523 -088.9521 +002.7305 +002.3995 0
L1 02    397 +007.1365 +005.8794 +001.6812 -119.7949 +003.4592 -128.8693 0
L1 03    397 +016.1315 -000.5847 -000.8230 -092.4046 +003.6038 +092.4389 0
L1 04    397 +008.5085 +010.6702 +001.8035 -056.0273 -000.3855 +000.4748 0
L1 05    397 +014.3863 +009.9588 +001.9688 -108.4490 +000.8843 -011.1582 0
L1 06    397 +015.2695 +001.9202 -000.9911 +092.3966 +041.6405 -156.1258 0
L1 07    397 +015.1159 +003.0465 -001.8761 -007.4605 +008.9465 +137.2823 0
L1 08    397 +015.0708 +003.6328 -002.5086 -083.6249 -039.4552 +164.2889 0
L1 01    401 +016.0503 +000.1879 +001.3525 -088.9529 +002.7309 +002.4017 0
L1 02    401 +007.1365 +005.8794 +001.6812 -119.7949 +003.4590 -128.8692 0
L1 03    401 +016.1315 -000.5847 -000.8229 -092.4054 +003.6050 +092.4404 0
L1 04    401 +008.5085 +010.6702 +001.8035 -056.0281 -000.3854 +000.4748 0
L1 05    401 +014.3864 +009.9585 +001.9688 -108.4511 +000.8861 -011.1586 0
L1 06    401 +015.2696 +001.9200 -000.9912 +092.3938 +041.6412 -156.1262 0
L1 07    401 +015.1160 +003.0462 -001.8759 -007.4633 +008.9450 +137.2832 0
L1 08    401 +015.0710 +003.6327 -002.5085 -083.6291 -039.4547 +164.2905 0
L1 01    405 +016.0503 +000.1878 +001.3524 -088.9526 +002.7302 +002.4009 0
L1 02    405 +007.1365 +005.8794 +001.6812 -119.7946 +003.4592 -128.8690 0
L1 03    405 +016.1315 -000.5845 -000.8228 -092.4030 +003.6049 +092.4408 0
L1 04    405 +008.5084 +010.6703 +001.8035 -056.0264 -000.3855 +000.4745 0
L1 05    405 +014.3867 +009.9582 +001.9685 -108.4524 +000.8850 -011.1600 0
L1 06    405 +015.2695 +001.9200 -000.9911 +092.3938 +041.6411 -156.1279 0
L1 07    405 +015.1161 +003.0462 -001.8756 -007.4624 +008.9426 +137.2828 0
L1 08    405 +015.0710 +003.6328 -002.5085 -083.6277 -039.4538 +164.2915 0
L1 01    409 +016.0503 +000.1880 +001.3523 -088.9514 +002.7299 +002.3995 0
L1 02    409 +007.1365 +005.8794 +001.6813 -119.7944 +003.4595 -128.8692 0
L1 03    409 +016.1315 -000.5847 -000.8229 -092.4046 +003.6042 +092.4393 0
L1 04    409 +008.5084 +010.6703 +001.8035 -056.0267 -000.3858 +000.4746 0
L1 05    409 +014.3866 +009.9584 +001.9685 -108.4509 +000.8842 -011.1592 0
L1 06    409 +015.2696 +001.9202 -000.9909 +092.3943 +041.6415 -156.1293 0
L1 07    409 +015.1161 +003.0462 -001.8755 -007.4619 +008.9420 +137.2830 0
L1 08    409 +015.0710 +003.6328 -002.5085 -083.6274 -039.4549 +164.2916 0
L1 01    413 +016.0503 +000.1877 +001.3524 -088.9532 +002.7290 +002.3998 0
L1 02    413 +007.1365 +005.8794 +001.6813 -119.7948 +003.4594 -128.8692 0
L1 03    413 +016.1314 -000.5848 -000.8229 -092.4053 +003.6027 +092.4386 0
L1 04    413 +008.5084 +010.6703 +001.8035 -056.0266 -000.3854 +000.4750 0
L1 05    413 +014.3864 +009.9585 +001.9689 -108.4503 +000.8859 -011.1580 0
L1 06    413 +015.2695 +001.9199 -000.9909 +092.3932 +041.6420 -156.1281 0
L1 07    413 +015.1159 +003.0460 -001.8760 -007.4626 +008.9456 +137.2807 0
L1 08    413 +015.0708 +003.6326 -002.5087 -083.6251 -039.4561 +164.2877 0
L1 01    417 +016.0503 +000.1878 +001.3523 -088.9529 +002.7290 +002.3979 0
L1 02    417 +007.1365 +005.8794 +001.6812 -119.7948 +003.4592 -128.8690 0
L1 03    417 +016.1314 -000.5851 -000.8229 -092.4070 +003.6026 +092.4377 0
L1 04    417 +008.5084 +010.6702 +001.8034 -056.0270 -000.3856 +000.4743 0
L1 05    417 +014.3865 +009.9584 +001.9684 -108.4518 +000.8839 -011.1610 0
L1 06    417 +015.2694 +001.9202 -000.9910 +092.3975 +041.6439 -156.1261 0
L1 07    417 +015.1158 +003.0461 -001.8760 -007.4615 +008.9465 +137.2794 0
L1 08    417 +015.0707 +003.6327 -002.5088 -083.6233 -039.4569 +164.2866 0
L1 01    421 +016.0503 +000.1880 +001.3522 -088.9502 +002.7273 +002.3967 0
L1 02    421 +007.1365 +005.8795 +001.6813 -119.7939 +003.4593 -128.8689 0
L1 03    421 +016.1314 -000.5847 -000.8230 -092.4040 +003.6017 +092.4366 0
L1 04    421 +008.5083 +010.6703 +001.8035 -056.0261 -000.3859 +000.4749 0
L1 05    421 +014.3864 +009.9588 +001.9683 -108.4490 +000.8824 -011.1603 0
L1 06    421 +015.2694 +001.9202 -000.9911 +092.3995 +041.6431 -156.1252 0
L1 07    421 +015.1159 +003.0463 -001.8758 -007.4588 +008.9454 +137.2809 0
L1 08    421 +015.0706 +003.6329 -002.5087 -083.6211 -039.4564 +164.2873 0
L1 01    425 +016.0503 +000.1879 +001.3523 -088.9505 +002.7285 +002.3978 0
L1 02    425 +007.1365 +005.8795 +001.6812 -119.7942 +003.4591 -128.8692 0
L1 03    425 +016.1315 -000.5847 -000.8229 -092.4038 +003.6025 +092.4379 0
L1 04    425 +008.5083 +010.6703 +001.8035 -056.0260 -000.3859 +000.4749 0
L1 05    425 +014.3864 +009.9587 +001.9684 -108.4491 +000.8839 -011.1601 0
L1 06    425 +015.2695 +001.9201 -000.9913 +092.3991 +041.6433 -156.1237 0
L1 07    425 +015.1159 +003.0464 -001.8758 -007.4581 +008.9453 +137.2804 0
L1 08    425 +015.0708 +003.6327 -002.5087 -083.6236 -039.4563 +164.2882 0
L1 01    429 +016.0503 +000.1880 +001.3522 -088.9492 +002.7285 +002.3981 0
L1 02    429 +007.1365 +005.8795 +001.6812 -119.7942 +003.4592 -128.8692 0
L1 03    429 +016.1315 -000.5845 -000.8231 -092.4025 +003.6040 +092.4382 0
L1 04    429 +008.5083 +010.6704 +001.8035 -056.0257 -000.3859 +000.4750 0
L1 05    429 +014.3864 +009.9589 +001.9687 -108.4476 +000.8852 -011.1582 0
L1 06    429 +015.2694 +001.9204 -000.9914 +092.4001 +041.6402 -156.1247 0
L1 07    429 +015.1160 +003.0465 -001.8756 -007.4561 +008.9450 +137.2849 0
L1 08    429 +015.0708 +003.6330 -002.5086 -083.6231 -039.4542 +164.2899 0
L1 01    433 +016.0503 +000.1880 +001.3523 -088.9493 +002.7297 +002.4005 0
L1 02    433 +007.1365 +005.8795 +001.6812 -119.7942 +003.4590 -128.8695 0
L1 03    433 +016.1316 -000.5843 -000.8229 -092.4014 +003.6062 +092.4406 0
L1 04    433 +008.5083 +010.6704 +001.8036 -056.0255 -000.3854 +000.4754 0
L1 05    433 +014.3865 +009.9587 +001.9683 -108.4490 +000.8835 -011.1594 0
L1 06    433 +015.2695 +001.9204 -000.9910 +092.3966 +041.6402 -156.1293 0
L1 07    433 +015.1160 +003.0469 -001.8756 -007.4554 +008.9431 +137.2843 0
L1 08    433 +015.0710 +003.6330 -002.5086 -083.6253 -039.4532 +164.2911 0
L1 01    437 +016.0504 +000.1881 +001.3523 -088.9486 +002.7294 +002.4004 0
L1 02    437 +007.1365 +005.8795 +001.6812 -119.7938 +003.4590 -128.8695 0
L1 03    437 +016.1315 -000.5842 -000.8230 -092.4005 +003.6059 +092.4396 0
L1 04    437 +008.5083 +010.6704 +001.8035 -056.0252 -000.3856 +000.4751 0
L1 05    437 +014.3863 +009.9590 +001.9681 -108.4480 +000.8823 -011.1605 0
L1 06    437 +015.2696 +001.9204 -000.9913 +092.3975 +041.6415 -156.1261 0
L1 07    437 +015.1161 +003.0464 -001.8757 -007.4584 +008.9442 +137.2845 0
L1 08    437 +015.0709 +003.6331 -002.5088 -083.6233 -039.4529 +164.2892 0
L1 01    441 +016.0504 +000.1882 +001.3523 -088.9479 +002.7293 +002.4002 0
L1 02    441 +007.1365 +005.8795 +001.6812 -119.7937 +003.4591 -128.8694 0
L1 03    441 +016.1315 -000.5844 -000.8229 -092.4023 +003.6054 +092.4404 0
L1 04    441 +008.5083 +010.6704 +001.8036 -056.0254 -000.3855 +000.4753 0
L1 05    441 +014.3863 +009.9589 +001.9683 -108.4482 +000.8831 -011.1606 0
L1 06    441 +015.2696 +001.9205 -000.9910 +092.3977 +041.6413 -156.1283 0
L1 07    441 +015.1161 +003.0464 -001.8757 -007.4578 +008.9445 +137.2839 0
L1 08    441 +015.0709 +003.6330 -002.5087 -083.6240 -039.4536 +164.2901 0
