L1 01      4 +016.0504 +000.1875 +001.3522 -088.8425 +002.6710 +002.3918 0
L1 02      4 +007.1365 +005.8795 +001.6813 -119.7944 +003.4598 -128.8689 0
L1 03      4 +016.1314 -000.5846 -000.8237 -092.4199 +003.6611 +092.4321 0
L1 04      4 +008.5084 +010.6702 +001.8035 -056.0266 -000.3853 +000.4747 0
L1 05      4 +014.3864 +009.9587 +001.9681 -108.4498 +000.8828 -011.1692 0
L1 06      4 +015.2693 +001.9206 -000.9909 +092.4121 +041.6362 -156.1066 0
L1 07      4 +015.1152 +003.0465 -001.8757 -007.3156 +009.0661 +137.3391 0
L1 08      4 +015.0700 +003.6335 -002.5084 -083.5603 -039.4199 +164.2555 0
L1 01      8 +016.0505 +000.1875 +001.3524 -088.8422 +002.6704 +002.3937 0
L1 02      8 +007.1365 +005.8794 +001.6813 -119.7949 +003.4595 -128.8691 0
L1 03      8 +016.1314 -000.5845 -000.8236 -092.4194 +003.6600 +092.4330 0
L1 04      8 +008.5084 +010.6702 +001.8035 -056.0268 -000.3850 +000.4752 0
L1 05      8 +014.3865 +009.9584 +001.9686 -108.4514 +000.8848 -011.1663 0
L1 06      8 +015.2693 +001.9205 -000.9909 +092.4113 +041.6363 -156.1056 0
L1 07      8 +015.1151 +003.0464 -001.8761 -007.3158 +009.0685 +137.3374 0
L1 08      8 +015.0699 +003.6336 -002.5084 -083.5597 -039.4204 +164.2550 0
L1 01     12 +016.0505 +000.1875 +001.3524 -088.8419 +002.6704 +002.3937 0
L1 02     12 +007.1365 +005.8794 +001.6813 -119.7948 +003.4595 -128.8688 0
L1 03     12 +016.1314 -000.5845 -000.8235 -092.4193 +003.6599 +092.4335 0
L1 04     12 +008.5084 +010.6702 +001.8035 -056.0267 -000.3846 +000.4750 0
L1 05     12 +014.3866 +009.9585 +001.9683 -108.4522 +000.8849 -011.1669 0
L1 06     12 +015.2693 +001.9204 -000.9911 +092.4108 +041.6369 -156.1034 0
L1 07     12 +015.1152 +003.0461 -001.8759 -007.3175 +009.0682 +137.3373 0
L1 08     12 +015.0699 +003.6336 -002.5085 -083.5584 -039.4201 +164.2531 0
L1 01     16 +016.0505 +000.1876 +001.3523 -088.8411 +002.6698 +002.3928 0
L1 02     16 +007.1365 +005.8794 +001.6813 -119.7947 +003.4593 -128.8691 0
L1 03     16 +016.1313 -000.5846 -000.8235 -092.4194 +003.6597 +092.4332 0
L1 04     16 +008.5083 +010.6702 +001.8035 -056.0261 -000.3847 +000.4750 0
L1 05     16 +014.3865 +009.9585 +001.9687 -108.4510 +000.8862 -011.1650 0
L1 06     16 +015.2692 +001.9205 -000.9910 +092.4123 +041.6361 -156.1030 0
L1 07     16 +015.1150 +003.0464 -001.8760 -007.3148 +009.0689 +137.3366 0
L1 08     16 +015.0699 +003.6334 -002.5084 -083.5591 -039.4203 +164.2538 0
L1 01     20 +016.0505 +000.1876 +001.3524 -088.8406 +002.6699 +002.3931 0
L1 02     20 +007.1365 +005.8795 +001.6813 -119.7944 +003.4594 -128.8689 0
L1 03     20 +016.1314 -000.5844 -000.8234 -092.4181 +003.6600 +092.4338 0
L1 04     20 +008.5083 +010.6703 +001.8035 -056.0254 -000.3849 +000.4752 0
L1 05     20 +014.3866 +009.9583 +001.9686 -108.4528 +000.8860 -011.1654 0
L1 06     20 +015.2693 +001.9204 -000.9912 +092.4122 +041.6361 -156.1028 0
L1 07     20 +015.1151 +003.0462 -001.8759 -007.3159 +009.0682 +137.3362 0
L1 08     20 +015.0699 +003.6335 -002.5084 -083.5582 -039.4204 +164.2539 0
L1 01     24 +016.0505 +000.1877 +001.3524 -088.8407 +002.6708 +002.3932 0
L1 02     24 +007.1365 +005.8794 +001.6813 -119.7949 +003.4593 -128.8690 0
L1 03     24 +016.1314 -000.5847 -000.8236 -092.4199 +003.6606 +092.4327 0
L1 04     24 +008.5084 +010.6702 +001.8035 -056.0269 -000.3851 +000.4750 0
L1 05     24 +014.3865 +009.9584 +001.9683 -108.4520 +000.8840 -011.1689 0
L1 06     24 +015.2693 +001.9203 -000.9909 +092.4089 +041.6374 -156.1058 0
L1 07     24 +015.1151 +003.0462 -001.8759 -007.3162 +009.0687 +137.3365 0
L1 08     24 +015.0699 +003.6334 -002.5084 -083.5593 -039.4208 +164.2537 0
L1 01     28 +016.0505 +000.1875 +001.3524 -088.8427 +002.6705 +002.3927 0
L1 02     28 +007.1365 +005.8794 +001.6813 -119.7952 +003.4594 -128.8689 0
L1 03     28 +016.1314 -000.5847 -000.8237 -092.4207 +003.6603 +092.4322 0
L1 04     28 +008.5085 +010.6701 +001.8035 -056.0278 -000.3850 +000.4750 0
L1 05     28 +014.3868 +009.9582 +001.9682 -108.4539 +000.8830 -011.1676 0
L1 06     28 +015.2694 +001.9200 -000.9910 +092.4078 +041.6359 -156.1044 0
L1 07     28 +015.1151 +003.0464 -001.8758 -007.3152 +009.0681 +137.3371 0
L1 08     28 +015.0699 +003.6334 -002.5084 -083.5601 -039.4207 +164.2541 0
L1 01     32 +016.0505 +000.1876 +001.3522 -088.8416 +002.6708 +002.3916 0
L1 02     32 +007.1365 +005.8794 +001.6813 -119.7947 +003.4594 -128.8689 0
L1 03     32 +016.1314 -000.5847 -000.8236 -092.4204 +003.6609 +092.4324 0
L1 04     32 +008.5084 +010.6702 +001.8035 -056.0268 -000.3852 +000.4748 0
L1 05     32 +014.3867 +009.9581 +001.9687 -108.4543 +000.8860 -011.1650 0
L1 06     32 +015.2693 +001.9204 -000.9908 +092.4096 +041.6358 -156.1057 0
L1 07     32 +015.1151 +003.0463 -001.8759 -007.3160 +009.0689 +137.3375 0
L1 08     32 +015.0700 +003.6334 -002.5084 -083.5603 -039.4201 +164.2545 0
L1 01     36 +016.0505 +000.1878 +001.3524 -088.8396 +002.6700 +002.3928 0
L1 02     36 +007.1365 +005.8795 +001.6813 -119.7942 +003.4595 -128.8687 0
L1 03     36 +016.1314 -000.5846 -000.8237 -092.4194 +003.6612 +092.4321 0
L1 04     36 +008.5083 +010.6703 +001.8034 -056.0253 -000.3852 +000.4745 0
L1 05     36 +014.3863 +009.9586 +001.9686 -108.4492 +000.8853 -011.1666 0
L1 06     36 +015.2693 +001.9204 -000.9908 +092.4106 +041.6358 -156.1060 0
L1 07     36 +015.1152 +003.0462 -001.8756 -007.3153 +009.0683 +137.3393 0
L1 08     36 +015.0699 +003.6335 -002.5084 -083.5580 -039.4199 +164.2535 0
L1 01     40 +016.0505 +000.1877 +001.3522 -088.8400 +002.6699 +002.3916 0
L1 02     40 +007.1365 +005.8794 +001.6813 -119.7945 +003.4591 -128.8689 0
L1 03     40 +016.1314 -000.5847 -000.8236 -092.4201 +003.6608 +092.4321 0
L1 04     40 +008.5084 +010.6702 +001.8034 -056.0262 -000.3853 +000.4745 0
L1 05     40 +014.3866 +009.9585 +001.9682 -108.4512 +000.8829 -011.1673 0
L1 06     40 +015.2693 +001.9203 -000.9911 +092.4115 +041.6369 -156.1031 0
L1 07     40 +015.1152 +003.0462 -001.8757 -007.3155 +009.0683 +137.3375 0
L1 08     40 +015.0699 +003.6334 -002.5084 -083.5588 -039.4207 +164.2534 0
L1 01     44 +016.0505 +000.1877 +001.3523 -088.8391 +002.6694 +002.3924 0
L1 02     44 +007.1365 +005.8795 +001.6813 -119.7944 +003.4592 -128.8688 0
L1 03     44 +016.1314 -000.5844 -000.8235 -092.4172 +003.6608 +092.4332 0
L1 04     44 +008.5083 +010.6703 +001.8035 -056.0254 -000.3852 +000.4750 0
L1 05     44 +014.3863 +009.9589 +001.9686 -108.4479 +000.8842 -011.1641 0
L1 06     44 +015.2693 +001.9204 -000.9909 +092.4114 +041.6359 -156.1050 0
L1 07     44 +015.1152 +003.0461 -001.8756 -007.3147 +009.0679 +137.3386 0
L1 08     44 +015.0699 +003.6335 -002.5084 -083.5578 -039.4201 +164.2538 0
L1 01     48 +016.0505 +000.1876 +001.3522 -088.8399 +002.6696 +002.3915 0
L1 02     48 +007.1365 +005.8794 +001.6813 -119.7945 +003.4594 -128.8689 0
L1 03     48 +016.1314 -000.5846 -000.8236 -092.4191 +003.6609 +092.4325 0
L1 04     48 +008.5084 +010.6702 +001.8035 -056.0267 -000.3850 +000.4749 0
L1 05     48 +014.3865 +009.9585 +001.9691 -108.4511 +000.8871 -011.1626 0
L1 06     48 +015.2692 +001.9207 -000.9909 +092.4135 +041.6368 -156.1050 0
L1 07     48 +015.1152 +003.0460 -001.8757 -007.3162 +009.0679 +137.3372 0
L1 08     48 +015.0699 +003.6335 -002.5084 -083.5585 -039.4202 +164.2547 0
L1 01     52 +016.0505 +000.1877 +001.3522 -088.8401 +002.6700 +002.3909 0
L1 02     52 +007.1365 +005.8795 +001.6811 -119.7939 +003.4575 -128.8699 0
L1 03     52 +016.1314 -000.5845 -000.8234 -092.4193 +003.6613 +092.4327 0
L1 04     52 +008.5083 +010.6704 +001.8033 -056.0258 -000.3855 +000.4735 0
L1 05     52 +014.3866 +009.9587 +001.9684 -108.4513 +000.8842 -011.1659 0
L1 06     52 +015.2694 +001.9199 -000.9912 +092.4114 +041.6370 -156.1028 0
L1 07     52 +015.1152 +003.0462 -001.8760 -007.3163 +009.0703 +137.3382 0
L1 08     52 +015.0699 +003.6335 -002.5086 -083.5578 -039.4196 +164.2525 0
L1 01     56 +016.0505 +000.1876 +001.3520 -088.8404 +002.6710 +002.3903 0
L1 02     56 +007.1365 +005.8795 +001.6812 -119.7942 +003.4587 -128.8693 0
L1 03     56 +016.1314 -000.5847 -000.8235 -092.4213 +003.6621 +092.4326 0
L1 04     56 +008.5083 +010.6703 +001.8033 -056.0257 -000.3855 +000.4735 0
L1 05     56 +014.3863 +009.9589 +001.9684 -108.4495 +000.8831 -011.1665 0
L1 06     56 +015.2693 +001.9203 -000.9910 +092.4118 +041.6361 -156.1042 0
L1 07     56 +015.1153 +003.0461 -001.8757 -007.3156 +009.0686 +137.3395 0
L1 08     56 +015.0700 +003.6333 -002.5083 -083.5608 -039.4195 +164.2553 0
L1 01     60 +016.0504 +000.1876 +001.3522 -088.8394 +002.6702 +002.3918 0
L1 02     60 +007.1365 +005.8795 +001.6812 -119.7939 +003.4588 -128.8691 0
L1 03     60 +016.1314 -000.5845 -000.8236 -092.4191 +003.6619 +092.4326 0
L1 04     60 +008.5082 +010.6704 +001.8034 -056.0247 -000.3854 +000.4743 0
L1 05     60 +014.3866 +009.9586 +001.9683 -108.4517 +000.8845 -011.1672 0
L1 06     60 +015.2693 +001.9205 -000.9910 +092.4130 +041.6355 -156.1052 0
L1 07     60 +015.1153 +003.0463 -001.8756 -007.3140 +009.0685 +137.3404 0
L1 08     60 +015.0700 +003.6335 -002.5084 -083.5587 -039.4189 +164.2543 0
L1 01     64 +016.0504 +000.1875 +001.3524 -088.8400 +002.6700 +002.3930 0
L1 02     64 +007.1365 +005.8795 +001.6812 -119.7943 +003.4589 -128.8689 0
L1 03     64 +016.1314 -000.5844 -000.8237 -092.4188 +003.6618 +092.4328 0
L1 04     64 +008.5082 +010.6703 +001.8034 -056.0251 -000.3853 +000.4745 0
L1 05     64 +014.3864 +009.9588 +001.9682 -108.4502 +000.8833 -011.1675 0
L1 06     64 +015.2694 +001.9202 -000.9909 +092.4089 +041.6357 -156.1057 0
L1 07     64 +015.1153 +003.0462 -001.8757 -007.3145 +009.0687 +137.3409 0
L1 08     64 +015.0700 +003.6334 -002.5085 -083.5590 -039.4193 +164.2536 0
L1 01     68 +016.0505 +000.1875 +001.3524 -088.8398 +002.6700 +002.3935 0
L1 02     68 +007.1365 +005.8795 +001.6812 -119.7943 +003.4589 -128.8689 0
L1 03     68 +016.1314 -000.5845 -000.8235 -092.4189 +003.6617 +092.4338 0
L1 04     68 +008.5082 +010.6703 +001.8035 -056.0253 -000.3850 +000.4749 0
L1 05     68 +014.3865 +009.9587 +001.9680 -108.4505 +000.8819 -011.1671 0
L1 06     68 +015.2694 +001.9200 -000.9910 +092.4080 +041.6371 -156.1052 0
L1 07     68 +015.1152 +003.0463 -001.8759 -007.3143 +009.0700 +137.3394 0
L1 08     68 +015.0701 +003.6332 -002.5084 -083.5607 -039.4196 +164.2547 0
L1 01     72 +016.0504 +000.1876 +001.3523 -088.8396 +002.6692 +002.3931 0
L1 02     72 +007.1365 +005.8795 +001.6812 -119.7943 +003.4590 -128.8691 0
L1 03     72 +016.1314 -000.5846 -000.8235 -092.4203 +003.6614 +092.4337 0
L1 04     72 +008.5083 +010.6703 +001.8034 -056.0261 -000.3853 +000.4746 0
L1 05     72 +014.3866 +009.9586 +001.9676 -108.4512 +000.8803 -011.1697 0
L1 06     72 +015.2694 +001.9201 -000.9910 +092.4079 +041.6350 -156.1052 0
L1 07     72 +015.1153 +003.0464 -001.8756 -007.3137 +009.0683 +137.3403 0
L1 08     72 +015.0700 +003.6333 -002.5085 -083.5602 -039.4199 +164.2543 0
L1 01     76 +016.0504 +000.1876 +001.3522 -088.8393 +002.6694 +002.3921 0
L1 02     76 +007.1365 +005.8795 +001.6812 -119.7945 +003.4590 -128.8692 0
L1 03     76 +016.1314 -000.5846 -000.8237 -092.4207 +003.6614 +092.4326 0
L1 04     76 +008.5083 +010.6703 +001.8034 -056.0258 -000.3855 +000.4745 0
L1 05     76 +014.3868 +009.9582 +001.9679 -108.4528 +000.8809 -011.1683 0
L1 06     76 +015.2694 +001.9201 -000.9909 +092.4077 +041.6360 -156.1068 0
L1 07     76 +015.1153 +003.0461 -001.8758 -007.3157 +009.0693 +137.3398 0
L1 08     76 +015.0700 +003.6332 -002.5085 -083.5606 -039.4198 +164.2542 0
L1 01     80 +016.0504 +000.1875 +001.3522 -088.8399 +002.6694 +002.3925 0
L1 02     80 +007.1365 +005.8794 +001.6812 -119.7947 +003.4590 -128.8692 0
L1 03     80 +016.1314 -000.5846 -000.8236 -092.4207 +003.6619 +092.4336 0
L1 04     80 +008.5083 +010.6703 +001.8035 -056.0256 -000.3850 +000.4750 0
L1 05     80 +014.3867 +009.9583 +001.9680 -108.4531 +000.8823 -011.1683 0
L1 06     80 +015.2693 +001.9201 -000.9910 +092.4088 +041.6367 -156.1055 0
L1 07     80 +015.1154 +003.0460 -001.8759 -007.3159 +009.0693 +137.3392 0
L1 08     80 +015.0700 +003.6332 -002.5085 -083.5605 -039.4198 +164.2541 0
L1 01     84 +016.0505 +000.1874 +001.3523 -088.8403 +002.6690 +002.3935 0
L1 02     84 +007.1365 +005.8795 +001.6812 -119.7945 +003.4591 -128.8693 0
L1 03     84 +016.1314 -000.5844 -000.8235 -092.4190 +003.6618 +092.4337 0
L1 04     84 +008.5083 +010.6703 +001.8034 -056.0259 -000.3851 +000.4746 0
L1 05     84 +014.3867 +009.9583 +001.9682 -108.4525 +000.8838 -011.1677 0
L1 06     84 +015.2695 +001.9198 -000.9912 +092.4066 +041.6366 -156.1038 0
L1 07     84 +015.1154 +003.0459 -001.8758 -007.3161 +009.0696 +137.3399 0
L1 08     84 +015.0700 +003.6333 -002.5086 -083.5598 -039.4195 +164.2532 0
L1 01     88 +016.0505 +000.1875 +001.3524 -088.8395 +002.6693 +002.3939 0
L1 02     88 +007.1365 +005.8795 +001.6812 -119.7946 +003.4591 -128.8692 0
L1 03     88 +016.1314 -000.5847 -000.8235 -092.4212 +003.6629 +092.4343 0
L1 04     88 +008.5084 +010.6702 +001.8034 -056.0265 -000.3848 +000.4745 0
L1 05     88 +014.3867 +009.9582 +001.9681 -108.4535 +000.8828 -011.1672 0
L1 06     88 +015.2694 +001.9200 -000.9911 +092.4088 +041.6364 -156.1029 0
L1 07     88 +015.1154 +003.0457 -001.8758 -007.3175 +009.0694 +137.3389 0
L1 08     88 +015.0700 +003.6332 -002.5086 -083.5606 -039.4196 +164.2528 0
L1 01     92 +016.0505 +000.1875 +001.3526 -088.8393 +002.6692 +002.3955 0
L1 02     92 +007.1365 +005.8795 +001.6812 -119.7946 +003.4590 -128.8694 0
L1 03     92 +016.1314 -000.5844 -000.8235 -092.4191 +003.6619 +092.4352 0
L1 04     92 +008.5083 +010.6703 +001.8035 -056.0260 -000.3848 +000.4752 0
L1 05     92 +014.3866 +009.9584 +001.9680 -108.4520 +000.8815 -011.1672 0
L1 06     92 +015.2695 +001.9198 -000.9909 +092.4044 +041.6363 -156.1063 0
L1 07     92 +015.1153 +003.0459 -001.8760 -007.3149 +009.0706 +137.3389 0
L1 08     92 +015.0700 +003.6332 -002.5087 -083.5601 -039.4194 +164.2527 0
L1 01     96 +016.0505 +000.1874 +001.3523 -088.8395 +002.6692 +002.3933 0
L1 02     96 +007.1365 +005.8794 +001.6813 -119.7946 +003.4591 -128.8692 0
L1 03     96 +016.1314 -000.5845 -000.8236 -092.4200 +003.6616 +092.4336 0
L1 04     96 +008.5083 +010.6703 +001.8034 -056.0255 -000.3852 +000.4746 0
L1 05     96 +014.3865 +009.9586 +001.9679 -108.4506 +000.8824 -011.1686 0
L1 06     96 +015.2694 +001.9201 -000.9911 +092.4081 +041.6366 -156.1042 0
L1 07     96 +015.1153 +003.0459 -001.8759 -007.3151 +009.0699 +137.3390 0
L1 08     96 +015.0700 +003.6332 -002.5086 -083.5602 -039.4197 +164.2534 0
L1 01    100 +016.0504 +000.1874 +001.3522 -088.8395 +002.6687 +002.3919 0
L1 02    100 +007.1365 +005.8795 +001.6813 -119.7944 +003.4594 -128.8691 0
L1 03    100 +016.1314 -000.5845 -000.8237 -092.4196 +003.6618 +092.4323 0
L1 04    100 +008.5083 +010.6703 +001.8034 -056.0257 -000.3855 +000.4745 0
L1 05    100 +014.3866 +009.9585 +001.9686 -108.4507 +000.8846 -011.1662 0
L1 06    100 +015.2693 +001.9204 -000.9910 +092.4118 +041.6359 -156.1051 0
L1 07    100 +015.1153 +003.0462 -001.8756 -007.3128 +009.0691 +137.3411 0
L1 08    100 +015.0700 +003.6334 -002.5086 -083.5588 -039.4189 +164.2535 0
L1 01    104 +016.0504 +000.1875 +001.3522 -088.8386 +002.6690 +002.3914 0
L1 02    104 +007.1365 +005.8795 +001.6813 -119.7944 +003.4592 -128.8691 0
L1 03    104 +016.1314 -000.5845 -000.8238 -092.4190 +003.6625 +092.4318 0
L1 04    104 +008.5082 +010.6704 +001.8034 -056.0248 -000.3857 +000.4743 0
L1 05    104 +014.3866 +009.9586 +001.9682 -108.4495 +000.8832 -011.1679 0
L1 06    104 +015.2693 +001.9206 -000.9909 +092.4134 +041.6349 -156.1054 0
L1 07    104 +015.1153 +003.0461 -001.8759 -007.3136 +009.0712 +137.3407 0
L1 08    104 +015.0700 +003.6335 -002.5085 -083.5584 -039.4186 +164.2543 0
L1 01    108 +016.0505 +000.1877 +001.3523 -088.8369 +002.6691 +002.3922 0
L1 02    108 +007.1365 +005.8795 +001.6812 -119.7945 +003.4593 -128.8692 0
L1 03    108 +016.1314 -000.5847 -000.8237 -092.4201 +003.6622 +092.4322 0
L1 04    108 +008.5083 +010.6703 +001.8034 -056.0251 -000.3855 +000.4746 0
L1 05    108 +014.3867 +009.9585 +001.9681 -108.4500 +000.8820 -011.1670 0
L1 06    108 +015.2693 +001.9205 -000.9910 +092.4127 +041.6363 -156.1044 0
L1 07    108 +015.1154 +003.0457 -001.8757 -007.3155 +009.0706 +137.3404 0
L1 08    108 +015.0700 +003.6334 -002.5085 -083.5588 -039.4194 +164.2539 0
L1 01    112 +016.0504 +000.1875 +001.3521 -088.8381 +002.6686 +002.3905 0
L1 02    112 +007.1365 +005.8795 +001.6813 -119.7944 +003.4592 -128.8691 0
L1 03    112 +016.1314 -000.5846 -000.8238 -092.4201 +003.6626 +092.4314 0
L1 04    112 +008.5082 +010.6704 +001.8034 -056.0250 -000.3857 +000.4744 0
L1 05    112 +014.3865 +009.9587 +001.9681 -108.4488 +000.8820 -011.1678 0
L1 06    112 +015.2693 +001.9205 -000.9908 +092.4119 +041.6354 -156.1066 0
L1 07    112 +015.1153 +003.0463 -001.8756 -007.3113 +009.0697 +137.3418 0
L1 08    112 +015.0700 +003.6335 -002.5084 -083.5581 -039.4178 +164.2545 0
L1 01    116 +016.0505 +000.1875 +001.3521 -088.8380 +002.6688 +002.3907 0
L1 02    116 +007.1365 +005.8795 +001.6812 -119.7945 +003.4589 -128.8689 0
L1 03    116 +016.1314 -000.5844 -000.8237 -092.4189 +003.6622 +092.4320 0
L1 04    116 +008.5082 +010.6704 +001.8034 -056.0250 -000.3857 +000.4745 0
L1 05    116 +014.3863 +009.9590 +001.9683 -108.4477 +000.8828 -011.1675 0
L1 06    116 +015.2692 +001.9205 -000.9910 +092.4131 +041.6371 -156.1045 0
L1 07    116 +015.1153 +003.0461 -001.8759 -007.3126 +009.0714 +137.3404 0
L1 08    116 +015.0700 +003.6334 -002.5085 -083.5578 -039.4188 +164.2534 0
L1 01    120 +016.0505 +000.1876 +001.3521 -088.8374 +002.6686 +002.3905 0
L1 02    120 +007.1365 +005.8795 +001.6813 -119.7943 +003.4593 -128.8689 0
L1 03    120 +016.1314 -000.5846 -000.8237 -092.4199 +003.6626 +092.4321 0
L1 04    120 +008.5082 +010.6704 +001.8034 -056.0242 -000.3858 +000.4743 0
L1 05    120 +014.3867 +009.9586 +001.9682 -108.4503 +000.8823 -011.1681 0
L1 06    120 +015.2692 +001.9207 -000.9908 +092.4132 +041.6351 -156.1064 0
L1 07    120 +015.1153 +003.0463 -001.8758 -007.3095 +009.0699 +137.3403 0
L1 08    120 +015.0700 +003.6335 -002.5084 -083.5578 -039.4187 +164.2548 0
L1 01    124 +016.0505 +000.1877 +001.3522 -088.8368 +002.6692 +002.3919 0
L1 02    124 +007.1365 +005.8795 +001.6812 -119.7946 +003.4591 -128.8689 0
L1 03    124 +016.1314 -000.5847 -000.8236 -092.4204 +003.6635 +092.4330 0
L1 04    124 +008.5082 +010.6704 +001.8034 -056.0250 -000.3856 +000.4742 0
L1 05    124 +014.3868 +009.9584 +001.9684 -108.4522 +000.8833 -011.1683 0
L1 06    124 +015.2693 +001.9205 -000.9908 +092.4112 +041.6352 -156.1064 0
L1 07    124 +015.1154 +003.0458 -001.8756 -007.3134 +009.0690 +137.3408 0
L1 08    124 +015.0700 +003.6335 -002.5084 -083.5587 -039.4185 +164.2553 0
L1 01    128 +016.0505 +000.1875 +001.3523 -088.8380 +002.6694 +002.3927 0
L1 02    128 +007.1365 +005.8794 +001.6812 -119.7947 +003.4589 -128.8690 0
L1 03    128 +016.1315 -000.5844 -000.8235 -092.4193 +003.6638 +092.4343 0
L1 04    128 +008.5083 +010.6703 +001.8034 -056.0259 -000.3857 +000.4741 0
L1 05    128 +014.3868 +009.9582 +001.9683 -108.4530 +000.8828 -011.1676 0
L1 06    128 +015.2693 +001.9203 -000.9911 +092.4104 +041.6348 -156.1042 0
L1 07    128 +015.1154 +003.0461 -001.8752 -007.3121 +009.0669 +137.3429 0
L1 08    128 +015.0701 +003.6335 -002.5084 -083.5589 -039.4181 +164.2546 0
L1 01    132 +016.0505 +000.1877 +001.3523 -088.8365 +002.6692 +002.3928 0
L1 02    132 +007.1365 +005.8795 +001.6812 -119.7944 +003.4590 -128.8689 0
L1 03    132 +016.1315 -000.5843 -000.8234 -092.4183 +003.6650 +092.4348 0
L1 04    132 +008.5083 +010.6704 +001.8034 -056.0252 -000.3855 +000.4743 0
L1 05    132 +014.3864 +009.9591 +001.9682 -108.4477 +000.8827 -011.1661 0
L1 06    132 +015.2694 +001.9204 -000.9909 +092.4084 +041.6350 -156.1075 0
L1 07    132 +015.1154 +003.0463 -001.8752 -007.3106 +009.0664 +137.3437 0
L1 08    132 +015.0701 +003.6336 -002.5084 -083.5591 -039.4175 +164.2556 0
L1 01    136 +016.0505 +000.1878 +001.3523 -088.8349 +002.6684 +002.3930 0
L1 02    136 +007.1365 +005.8795 +001.6812 -119.7944 +003.4588 -128.8690 0
L1 03    136 +016.1315 -000.5842 -000.8235 -092.4175 +003.6645 +092.4343 0
L1 04    136 +008.5082 +010.6705 +001.8034 -056.0240 -000.3856 +000.4745 0
L1 05    136 +014.3860 +009.9594 +001.9689 -108.4437 +000.8847 -011.1632 0
L1 06    136 +015.2694 +001.9202 -000.9908 +092.4071 +041.6354 -156.1084 0
L1 07    136 +015.1154 +003.0463 -001.8754 -007.3109 +009.0684 +137.3436 0
L1 08    136 +015.0701 +003.6337 -002.5084 -083.5581 -039.4170 +164.2558 0
L1 01    140 +016.0504 +000.1877 +001.3522 -088.8361 +002.6688 +002.3920 0
L1 02    140 +007.1365 +005.8795 +001.6812 -119.7944 +003.4590 -128.8689 0
L1 03    140 +016.1314 -000.5845 -000.8236 -092.4193 +003.6640 +092.4332 0
L1 04    140 +008.5082 +010.6704 +001.8034 -056.0245 -000.3857 +000.4741 0
L1 05    140 +014.3863 +009.9589 +001.9684 -108.4479 +000.8839 -011.1655 0
L1 06    140 +015.2693 +001.9204 -000.9908 +092.4086 +041.6359 -156.1079 0
L1 07    140 +015.1154 +003.0463 -001.8753 -007.3107 +009.0680 +137.3427 0
L1 08    140 +015.0701 +003.6335 -002.5084 -083.5597 -039.4182 +164.2556 0
L1 01    144 +016.0505 +000.1876 +001.3522 -088.8368 +002.6680 +002.3918 0
L1 02    144 +007.1365 +005.8795 +001.6812 -119.7945 +003.4590 -128.8690 0
L1 03    144 +016.1314 -000.5845 -000.8236 -092.4195 +003.6629 +092.4332 0
L1 04    144 +008.5083 +010.6703 +001.8034 -056.0254 -000.3853 +000.4742 0
L1 05    144 +014.3864 +009.9588 +001.9679 -108.4496 +000.8813 -011.1670 0
L1 06    144 +015.2694 +001.9201 -000.9910 +092.4087 +041.6358 -156.1060 0
L1 07    144 +015.1153 +003.0463 -001.8754 -007.3102 +009.0693 +137.3426 0
L1 08    144 +015.0701 +003.6334 -002.5085 -083.5591 -039.4185 +164.2545 0
L1 01    148 +016.0505 +000.1875 +001.3524 -088.8370 +002.6676 +002.3930 0
L1 02    148 +007.1365 +005.8795 +001.6813 -119.7943 +003.4592 -128.8690 0
L1 03    148 +016.1314 -000.5843 -000.8236 -092.4184 +003.6620 +092.4329 0
L1 04    148 +008.5083 +010.6704 +001.8034 -056.0250 -000.3856 +000.4742 0
L1 05    148 +014.3864 +009.9588 +001.9680 -108.4491 +000.8818 -011.1663 0
L1 06    148 +015.2694 +001.9200 -000.9909 +092.4082 +041.6366 -156.1059 0
L1 07    148 +015.1153 +003.0464 -001.8756 -007.3096 +009.0697 +137.3421 0
L1 08    148 +015.0700 +003.6334 -002.5084 -083.5588 -039.4187 +164.2549 0
L1 01    152 +016.0504 +000.1875 +001.3522 -088.8374 +002.6673 +002.3918 0
L1 02    152 +007.1365 +005.8795 +001.6812 -119.7943 +003.4591 -128.8691 0
L1 03    152 +016.1314 -000.5845 -000.8236 -092.4194 +003.6620 +092.4333 0
L1 04    152 +008.5083 +010.6703 +001.8034 -056.0254 -000.3856 +000.4742 0
L1 05    152 +014.3865 +009.9586 +001.9687 -108.4503 +000.8859 -011.1658 0
L1 06    152 +015.2694 +001.9198 -000.9909 +092.4060 +041.6371 -156.1074 0
L1 07    152 +015.1153 +003.0458 -001.8758 -007.3125 +009.0705 +137.3409 0
L1 08    152 +015.0700 +003.6333 -002.5085 -083.5595 -039.4194 +164.2547 0
L1 01    156 +016.0505 +000.1875 +001.3523 -088.8369 +002.6679 +002.3924 0
L1 02    156 +007.1365 +005.8795 +001.6813 -119.7944 +003.4592 -128.8689 0
L1 03    156 +016.1314 -000.5844 -000.8235 -092.4187 +003.6625 +092.4340 0
L1 04    156 +008.5082 +010.6704 +001.8034 -056.0248 -000.3855 +000.4743 0
L1 05    156 +014.3863 +009.9589 +001.9683 -108.4484 +000.8845 -011.1658 0
L1 06    156 +015.2694 +001.9200 -000.9911 +092.4077 +041.6369 -156.1051 0
L1 07    156 +015.1154 +003.0456 -001.8761 -007.3141 +009.0731 +137.3401 0
L1 08    156 +015.0700 +003.6333 -002.5086 -083.5587 -039.4193 +164.2540 0
L1 01    160 +016.0505 +000.1874 +001.3524 -088.8377 +002.6681 +002.3933 0
L1 02    160 +007.1365 +005.8795 +001.6812 -119.7945 +003.4591 -128.8691 0
L1 03    160 +016.1314 -000.5844 -000.8236 -092.4194 +003.6632 +092.4337 0
L1 04    160 +008.5083 +010.6703 +001.8034 -056.0256 -000.3854 +000.4741 0
L1 05    160 +014.3864 +009.9588 +001.9682 -108.4497 +000.8839 -011.1663 0
L1 06    160 +015.2694 +001.9202 -000.9909 +092.4072 +041.6358 -156.1072 0
L1 07    160 +015.1154 +003.0462 -001.8756 -007.3120 +009.0712 +137.3435 0
L1 08    160 +015.0701 +003.6333 -002.5086 -083.5599 -039.4180 +164.2540 0
L1 01    164 +016.0505 +000.1873 +001.3522 -088.8396 +002.6680 +002.3921 0
L1 02    164 +007.1365 +005.8794 +001.6812 -119.7948 +003.4589 -128.8695 0
L1 03    164 +016.1315 -000.5845 -000.8236 -092.4207 +003.6633 +092.4342 0
L1 04    164 +008.5084 +010.6702 +001.8035 -056.0268 -000.3850 +000.4750 0
L1 05    164 +014.3864 +009.9588 +001.9682 -108.4490 +000.8841 -011.1680 0
L1 06    164 +015.2694 +001.9201 -000.9907 +092.4043 +041.6356 -156.1103 0
L1 07    164 +015.1154 +003.0463 -001.8754 -007.3108 +009.0695 +137.3448 0
L1 08    164 +015.0701 +003.6333 -002.5085 -083.5616 -039.4179 +164.2552 0
L1 01    168 +016.0505 +000.1874 +001.3522 -088.8380 +002.6685 +002.3922 0
L1 02    168 +007.1365 +005.8794 +001.6812 -119.7949 +003.4591 -128.8694 0
L1 03    168 +016.1314 -000.5847 -000.8238 -092.4218 +003.6636 +092.4329 0
L1 04    168 +008.5083 +010.6703 +001.8035 -056.0262 -000.3851 +000.4748 0
L1 05    168 +014.3868 +009.9582 +001.9685 -108.4534 +000.8847 -011.1669 0
L1 06    168 +015.2694 +001.9203 -000.9909 +092.4069 +041.6354 -156.1084 0
L1 07    168 +015.1154 +003.0460 -001.8755 -007.3119 +009.0695 +137.3436 0
L1 08    168 +015.0701 +003.6333 -002.5085 -083.5604 -039.4180 +164.2549 0
L1 01    172 +016.0505 +000.1876 +001.3522 -088.8367 +002.6690 +002.3923 0
L1 02    172 +007.1365 +005.8794 +001.6813 -119.7949 +003.4593 -128.8693 0
L1 03    172 +016.1314 -000.5847 -000.8236 -092.4219 +003.6636 +092.4335 0
L1 04    172 +008.5083 +010.6703 +001.8035 -056.0261 -000.3853 +000.4747 0
L1 05    172 +014.3869 +009.9580 +001.9683 -108.4544 +000.8837 -011.1682 0
L1 06    172 +015.2694 +001.9202 -000.9907 +092.4058 +041.6361 -156.1099 0
L1 07    172 +015.1154 +003.0459 -001.8757 -007.3123 +009.0700 +137.3431 0
L1 08    172 +015.0701 +003.6334 -002.5085 -083.5604 -039.4182 +164.2554 0
L1 01    176 +016.0505 +000.1874 +001.3524 -088.8366 +002.6681 +002.3932 0
L1 02    176 +007.1365 +005.8795 +001.6812 -119.7946 +003.4591 -128.8694 0
L1 03    176 +016.1314 -000.5846 -000.8237 -092.4207 +003.6634 +092.4334 0
L1 04    176 +008.5082 +010.6704 +001.8034 -056.0251 -000.3855 +000.4743 0
L1 05    176 +014.3867 +009.9584 +001.9683 -108.4520 +000.8834 -011.1670 0
L1 06    176 +015.2694 +001.9201 -000.9909 +092.4073 +041.6353 -156.1075 0
L1 07    176 +015.1154 +003.0461 -001.8758 -007.3112 +009.0708 +137.3425 0
L1 08    176 +015.0700 +003.6334 -002.5086 -083.5587 -039.4188 +164.2543 0
L1 01    180 +016.0505 +000.1874 +001.3523 -088.8375 +002.6677 +002.3925 0
L1 02    180 +007.1365 +005.8794 +001.6812 -119.7951 +003.4591 -128.8692 0
L1 03    180 +016.1314 -000.5847 -000.8237 -092.4214 +003.6628 +092.4329 0
L1 04    180 +008.5083 +010.6703 +001.8035 -056.0259 -000.3851 +000.4747 0
L1 05    180 +014.3867 +009.9583 +001.9685 -108.4529 +000.8848 -011.1670 0
L1 06    180 +015.2693 +001.9203 -000.9909 +092.4082 +041.6360 -156.1071 0
L1 07    180 +015.1153 +003.0458 -001.8760 -007.3125 +009.0720 +137.3414 0
L1 08    180 +015.0701 +003.6332 -002.5086 -083.5597 -039.4191 +164.2536 0
L1 01    184 +016.0505 +000.1876 +001.3525 -088.8357 +002.6675 +002.3941 0
L1 02    184 +007.1365 +005.8795 +001.6812 -119.7945 +003.4592 -128.8693 0
L1 03    184 +016.1314 -000.5846 -000.8237 -092.4202 +003.6631 +092.4332 0
L1 04    184 +008.5082 +010.6704 +001.8035 -056.0248 -000.3851 +000.4751 0
L1 05    184 +014.3863 +009.9590 +001.9686 -108.4474 +000.8859 -011.1658 0
L1 06    184 +015.2693 +001.9203 -000.9911 +092.4105 +041.6367 -156.1047 0
L1 07    184 +015.1153 +003.0460 -001.8758 -007.3101 +009.0719 +137.3417 0
L1 08    184 +015.0700 +003.6333 -002.5086 -083.5581 -039.4191 +164.2532 0
L1 01    188 +016.0505 +000.1878 +001.3525 -088.8346 +002.6676 +002.3938 0
L1 02    188 +007.1365 +005.8794 +001.6813 -119.7947 +003.4592 -128.8692 0
L1 03    188 +016.1314 -000.5845 -000.8237 -092.4199 +003.6631 +092.4328 0
L1 04    188 +008.5083 +010.6703 +001.8035 -056.0252 -000.3852 +000.4752 0
L1 05    188 +014.3867 +009.9584 +001.9688 -108.4509 +000.8858 -011.1649 0
L1 06    188 +015.2693 +001.9203 -000.9909 +092.4098 +041.6364 -156.1056 0
L1 07    188 +015.1153 +003.0461 -001.8759 -007.3094 +009.0737 +137.3423 0
L1 08    188 +015.0700 +003.6333 -002.5086 -083.5576 -039.4188 +164.2525 0
L1 01    192 +016.0504 +000.1876 +001.3524 -088.8353 +002.6677 +002.3935 0
L1 02    192 +007.1365 +005.8794 +001.6812 -119.7950 +003.4591 -128.8692 0
L1 03    192 +016.1314 -000.5845 -000.8235 -092.4203 +003.6645 +092.4341 0
L1 04    192 +008.5083 +010.6703 +001.8035 -056.0256 -000.3854 +000.4745 0
L1 05    192 +014.3868 +009.9583 +001.9685 -108.4512 +000.8845 -011.1662 0
L1 06    192 +015.2694 +001.9200 -000.9911 +092.4083 +041.6344 -156.1044 0
L1 07    192 +015.1153 +003.0460 -001.8758 -007.3096 +009.0726 +137.3432 0
L1 08    192 +015.0701 +003.6333 -002.5084 -083.5596 -039.4179 +164.2549 0
L1 01    196 +016.0505 +000.1876 +001.3524 -088.8353 +002.6679 +002.3934 0
L1 02    196 +007.1365 +005.8795 +001.6812 -119.7946 +003.4590 -128.8693 0
L1 03    196 +016.1315 -000.5844 -000.8234 -092.4197 +003.6647 +092.4355 0
L1 04    196 +008.5083 +010.6703 +001.8034 -056.0258 -000.3853 +000.4745 0
L1 05    196 +014.3868 +009.9584 +001.9682 -108.4514 +000.8832 -011.1670 0
L1 06    196 +015.2694 +001.9201 -000.9909 +092.4070 +041.6348 -156.1068 0
L1 07    196 +015.1153 +003.0463 -001.8756 -007.3085 +009.0705 +137.3442 0
L1 08    196 +015.0701 +003.6335 -002.5083 -083.5601 -039.4173 +164.2571 0
L1 01    200 +016.0505 +000.1877 +001.3522 -088.8345 +002.6683 +002.3922 0
L1 02    200 +007.1365 +005.8795 +001.6812 -119.7946 +003.4590 -128.8693 0
L1 03    200 +016.1315 -000.5845 -000.8235 -092.4199 +003.6645 +092.4339 0
L1 04    200 +008.5083 +010.6703 +001.8034 -056.0255 -000.3856 +000.4741 0
L1 05    200 +014.3869 +009.9583 +001.9683 -108.4514 +000.8831 -011.1656 0
L1 06    200 +015.2693 +001.9206 -000.9910 +092.4095 +041.6352 -156.1074 0
L1 07    200 +015.1153 +003.0464 -001.8758 -007.3080 +009.0714 +137.3434 0
L1 08    200 +015.0702 +003.6335 -002.5084 -083.5604 -039.4173 +164.2573 0
L1 01    204 +016.0505 +000.1876 +001.3523 -088.8346 +002.6677 +002.3927 0
L1 02    204 +007.1365 +005.8795 +001.6812 -119.7942 +003.4590 -128.8692 0
L1 03    204 +016.1314 -000.5844 -000.8235 -092.4188 +003.6643 +092.4348 0
L1 04    204 +008.5081 +010.6705 +001.8035 -056.0238 -000.3858 +000.4749 0
L1 05    204 +014.3866 +009.9585 +001.9685 -108.4501 +000.8842 -011.1656 0
L1 06    204 +015.2693 +001.9204 -000.9910 +092.4092 +041.6356 -156.1066 0
L1 07    204 +015.1154 +003.0462 -001.8755 -007.3082 +009.0710 +137.3437 0
L1 08    204 +015.0701 +003.6335 -002.5085 -083.5586 -039.4179 +164.2555 0
L1 01    208 +016.0505 +000.1879 +001.3524 -088.8328 +002.6675 +002.3935 0
L1 02    208 +007.1365 +005.8795 +001.6812 -119.7945 +003.4590 -128.8691 0
L1 03    208 +016.1314 -000.5845 -000.8234 -092.4192 +003.6642 +092.4344 0
L1 04    208 +008.5081 +010.6705 +001.8034 -056.0235 -000.3859 +000.4740 0
L1 05    208 +014.3865 +009.9587 +001.9684 -108.4502 +000.8827 -011.1651 0
L1 06    208 +015.2694 +001.9202 -000.9913 +092.4101 +041.6364 -156.1035 0
L1 07    208 +015.1153 +003.0461 -001.8756 -007.3087 +009.0714 +137.3423 0
L1 08    208 +015.0700 +003.6333 -002.5086 -083.5569 -039.4193 +164.2521 0
L1 01    212 +016.0504 +000.1878 +001.3522 -088.8327 +002.6664 +002.3916 0
L1 02    212 +007.1364 +005.8795 +001.6812 -119.7932 +003.4588 -128.8690 0
L1 03    212 +016.1314 -000.5842 -000.8235 -092.4168 +003.6634 +092.4333 0
L1 04    212 +008.5081 +010.6705 +001.8034 -056.0235 -000.3859 +000.4745 0
L1 05    212 +014.3865 +009.9589 +001.9687 -108.4481 +000.8846 -011.1654 0
L1 06    212 +015.2693 +001.9203 -000.9909 +092.4118 +041.6369 -156.1057 0
L1 07    212 +015.1153 +003.0463 -001.8755 -007.3057 +009.0716 +137.3439 0
L1 08    212 +015.0699 +003.6335 -002.5085 -083.5550 -039.4178 +164.2533 0
L1 01    216 +016.0504 +000.1877 +001.3523 -088.8332 +002.6666 +002.3920 0
L1 02    216 +007.1365 +005.8795 +001.6812 -119.7943 +003.4592 -128.8690 0
L1 03    216 +016.1314 -000.5844 -000.8236 -092.4187 +003.6636 +092.4327 0
L1 04    216 +008.5082 +010.6704 +001.8034 -056.0243 -000.3855 +000.4745 0
L1 05    216 +014.3865 +009.9586 +001.9682 -108.4495 +000.8831 -011.1678 0
L1 06    216 +015.2693 +001.9201 -000.9908 +092.4096 +041.6353 -156.1057 0
L1 07    216 +015.1153 +003.0463 -001.8755 -007.3056 +009.0723 +137.3440 0
L1 08    216 +015.0699 +003.6334 -002.5086 -083.5555 -039.4182 +164.2522 0
L1 01    220 +016.0504 +000.1876 +001.3521 -088.8341 +002.6667 +002.3905 0
L1 02    220 +007.1365 +005.8795 +001.6813 -119.7942 +003.4593 -128.8689 0
L1 03    220 +016.1314 -000.5844 -000.8236 -092.4192 +003.6637 +092.4326 0
L1 04    220 +008.5082 +010.6704 +001.8034 -056.0246 -000.3854 +000.4745 0
L1 05    220 +014.3867 +009.9583 +001.9681 -108.4519 +000.8831 -011.1682 0
L1 06    220 +015.2693 +001.9206 -000.9911 +092.4140 +041.6367 -156.1038 0
L1 07    220 +015.1153 +003.0464 -001.8755 -007.3047 +009.0729 +137.3445 0
L1 08    220 +015.0700 +003.6334 -002.5085 -083.5567 -039.4179 +164.2537 0
L1 01    224 +016.0505 +000.1877 +001.3524 -088.8332 +002.6666 +002.3934 0
L1 02    224 +007.1365 +005.8795 +001.6813 -119.7940 +003.4591 -128.8690 0
L1 03    224 +016.1314 -000.5842 -000.8235 -092.4175 +003.6637 +092.4341 0
L1 04    224 +008.5082 +010.6704 +001.8034 -056.0245 -000.3855 +000.4741 0
L1 05    224 +014.3866 +009.9584 +001.9688 -108.4508 +000.8860 -011.1666 0
L1 06    224 +015.2694 +001.9201 -000.9909 +092.4081 +041.6354 -156.1059 0
L1 07    224 +015.1152 +003.0466 -001.8756 -007.3036 +009.0732 +137.3436 0
L1 08    224 +015.0700 +003.6334 -002.5085 -083.5572 -039.4174 +164.2533 0
L1 01    228 +016.0505 +000.1876 +001.3523 -088.8338 +002.6668 +002.3930 0
L1 02    228 +007.1365 +005.8795 +001.6812 -119.7938 +003.4589 -128.8689 0
L1 03    228 +016.1314 -000.5842 -000.8234 -092.4182 +003.6645 +092.4341 0
L1 04    228 +008.5082 +010.6704 +001.8034 -056.0244 -000.3856 +000.4742 0
L1 05    228 +014.3862 +009.9590 +001.9685 -108.4463 +000.8848 -011.1667 0
L1 06    228 +015.2693 +001.9201 -000.9909 +092.4081 +041.6354 -156.1055 0
L1 07    228 +015.1152 +003.0467 -001.8757 -007.3043 +009.0744 +137.3439 0
L1 08    228 +015.0700 +003.6335 -002.5085 -083.5566 -039.4170 +164.2531 0
L1 01    232 +016.0505 +000.1875 +001.3522 -088.8350 +002.6670 +002.3919 0
L1 02    232 +007.1365 +005.8795 +001.6812 -119.7944 +003.4588 -128.8691 0
L1 03    232 +016.1314 -000.5846 -000.8234 -092.4213 +003.6645 +092.4337 0
L1 04    232 +008.5084 +010.6703 +001.8033 -056.0261 -000.3856 +000.4739 0
L1 05    232 +014.3868 +009.9581 +001.9682 -108.4522 +000.8840 -011.1680 0
L1 06    232 +015.2693 +001.9202 -000.9906 +092.4078 +041.6357 -156.1080 0
L1 07    232 +015.1155 +003.0459 -001.8754 -007.3089 +009.0727 +137.3438 0
L1 08    232 +015.0700 +003.6334 -002.5085 -083.5571 -039.4176 +164.2530 0
L1 01    236 +016.0505 +000.1876 +001.3524 -088.8343 +002.6667 +002.3930 0
L1 02    236 +007.1365 +005.8795 +001.6812 -119.7945 +003.4590 -128.8692 0
L1 03    236 +016.1314 -000.5845 -000.8234 -092.4198 +003.6642 +092.4343 0
L1 04    236 +008.5083 +010.6703 +001.8034 -056.0261 -000.3854 +000.4743 0
L1 05    236 +014.3866 +009.9584 +001.9678 -108.4518 +000.8817 -011.1690 0
L1 06    236 +015.2693 +001.9202 -000.9909 +092.4091 +041.6360 -156.1049 0
L1 07    236 +015.1153 +003.0460 -001.8760 -007.3078 +009.0769 +137.3433 0
L1 08    236 +015.0700 +003.6332 -002.5085 -083.5572 -039.4182 +164.2518 0
L1 01    240 +016.0504 +000.1875 +001.3524 -088.8341 +002.6666 +002.3925 0
L1 02    240 +007.1365 +005.8795 +001.6812 -119.7942 +003.4590 -128.8690 0
L1 03    240 +016.1314 -000.5845 -000.8235 -092.4198 +003.6641 +092.4334 0
L1 04    240 +008.5083 +010.6703 +001.8034 -056.0259 -000.3854 +000.4747 0
L1 05    240 +014.3866 +009.9586 +001.9681 -108.4508 +000.8826 -011.1693 0
L1 06    240 +015.2694 +001.9199 -000.9909 +092.4076 +041.6359 -156.1056 0
L1 07    240 +015.1153 +003.0462 -001.8758 -007.3058 +009.0755 +137.3433 0
L1 08    240 +015.0700 +003.6334 -002.5085 -083.5564 -039.4182 +164.2525 0
L1 01    244 +016.0505 +000.1875 +001.3523 -088.8345 +002.6662 +002.3922 0
L1 02    244 +007.1365 +005.8795 +001.6812 -119.7941 +003.4588 -128.8689 0
L1 03    244 +016.1313 -000.5844 -000.8235 -092.4192 +003.6640 +092.4335 0
L1 04    244 +008.5083 +010.6703 +001.8034 -056.0254 -000.3854 +000.4746 0
L1 05    244 +014.3870 +009.9579 +001.9686 -108.4537 +000.8843 -011.1670 0
L1 06    244 +015.2693 +001.9199 -000.9912 +092.4095 +041.6381 -156.1026 0
L1 07    244 +015.1153 +003.0461 -001.8756 -007.3064 +009.0749 +137.3426 0
L1 08    244 +015.0699 +003.6333 -002.5086 -083.5554 -039.4185 +164.2509 0
L1 01    248 +016.0504 +000.1875 +001.3521 -088.8342 +002.6660 +002.3903 0
L1 02    248 +007.1365 +005.8795 +001.6812 -119.7943 +003.4588 -128.8690 0
L1 03    248 +016.1314 -000.5845 -000.8237 -092.4200 +003.6642 +092.4312 0
L1 04    248 +008.5083 +010.6703 +001.8034 -056.0257 -000.3857 +000.4742 0
L1 05    248 +014.3867 +009.9584 +001.9680 -108.4523 +000.8819 -011.1672 0
L1 06    248 +015.2693 +001.9203 -000.9912 +092.4132 +041.6368 -156.1025 0
L1 07    248 +015.1152 +003.0463 -001.8756 -007.3044 +009.0743 +137.3434 0
L1 08    248 +015.0699 +003.6335 -002.5085 -083.5550 -039.4175 +164.2522 0
L1 01    252 +016.0504 +000.1877 +001.3524 -088.8329 +002.6663 +002.3921 0
L1 02    252 +007.1365 +005.8795 +001.6812 -119.7944 +003.4589 -128.8689 0
L1 03    252 +016.1314 -000.5846 -000.8236 -092.4203 +003.6644 +092.4326 0
L1 04    252 +008.5083 +010.6704 +001.8034 -056.0252 -000.3854 +000.4742 0
L1 05    252 +014.3868 +009.9581 +001.9681 -108.4542 +000.8822 -011.1669 0
L1 06    252 +015.2693 +001.9200 -000.9913 +092.4118 +041.6355 -156.1009 0
L1 07    252 +015.1153 +003.0461 -001.8756 -007.3062 +009.0746 +137.3431 0
L1 08    252 +015.0699 +003.6334 -002.5086 -083.5551 -039.4180 +164.2514 0
L1 01    256 +016.0504 +000.1875 +001.3525 -088.8335 +002.6662 +002.3933 0
L1 02    256 +007.1365 +005.8795 +001.6812 -119.7945 +003.4588 -128.8691 0
L1 03    256 +016.1314 -000.5845 -000.8236 -092.4204 +003.6648 +092.4334 0
L1 04    256 +008.5083 +010.6703 +001.8034 -056.0254 -000.3851 +000.4744 0
L1 05    256 +014.3866 +009.9584 +001.9681 -108.4516 +000.8829 -011.1677 0
L1 06    256 +015.2693 +001.9202 -000.9911 +092.4108 +041.6355 -156.1027 0
L1 07    256 +015.1153 +003.0462 -001.8755 -007.3055 +009.0737 +137.3444 0
L1 08    256 +015.0699 +003.6333 -002.5086 -083.5562 -039.4172 +164.2518 0
L1 01    260 +016.0504 +000.1875 +001.3523 -088.8335 +002.6663 +002.3919 0
L1 02    260 +007.1365 +005.8795 +001.6812 -119.7945 +003.4591 -128.8690 0
L1 03    260 +016.1314 -000.5846 -000.8239 -092.4209 +003.6648 +092.4313 0
L1 04    260 +008.5083 +010.6703 +001.8034 -056.0256 -000.3854 +000.4741 0
L1 05    260 +014.3867 +009.9583 +001.9681 -108.4528 +000.8834 -011.1680 0
L1 06    260 +015.2693 +001.9205 -000.9910 +092.4127 +041.6354 -156.1041 0
L1 07    260 +015.1153 +003.0463 -001.8754 -007.3051 +009.0728 +137.3447 0
L1 08    260 +015.0700 +003.6334 -002.5086 -083.5562 -039.4172 +164.2526 0
L1 01    264 +016.0504 +000.1876 +001.3522 -088.8331 +002.6661 +002.3909 0
L1 02    264 +007.1365 +005.8795 +001.6812 -119.7943 +003.4591 -128.8690 0
L1 03    264 +016.1315 -000.5845 -000.8237 -092.4200 +003.6650 +092.4322 0
L1 04    264 +008.5083 +010.6704 +001.8034 -056.0250 -000.3854 +000.4742 0
L1 05    264 +014.3867 +009.9584 +001.9683 -108.4515 +000.8838 -011.1676 0
L1 06    264 +015.2692 +001.9204 -000.9910 +092.4119 +041.6355 -156.1052 0
L1 07    264 +015.1154 +003.0463 -001.8753 -007.3040 +009.0723 +137.3449 0
L1 08    264 +015.0700 +003.6335 -002.5085 -083.5560 -039.4170 +164.2540 0
L1 01    268 +016.0504 +000.1875 +001.3522 -088.8343 +002.6665 +002.3913 0
L1 02    268 +007.1365 +005.8795 +001.6813 -119.7944 +003.4595 -128.8689 0
L1 03    268 +016.1315 -000.5846 -000.8237 -092.4211 +003.6649 +092.4323 0
L1 04    268 +008.5083 +010.6703 +001.8034 -056.0254 -000.3854 +000.4743 0
L1 05    268 +014.3866 +009.9585 +001.9686 -108.4507 +000.8846 -011.1658 0
L1 06    268 +015.2692 +001.9204 -000.9908 +092.4109 +041.6362 -156.1069 0
L1 07    268 +015.1154 +003.0464 -001.8752 -007.3034 +009.0714 +137.3460 0
L1 08    268 +015.0700 +003.6334 -002.5084 -083.5574 -039.4174 +164.2549 0
L1 01    272 +016.0505 +000.1875 +001.3522 -088.8342 +002.6659 +002.3915 0
L1 02    272 +007.1365 +005.8794 +001.6812 -119.7946 +003.4592 -128.8692 0
L1 03    272 +016.1315 -000.5845 -000.8237 -092.4206 +003.6648 +092.4325 0
L1 04    272 +008.5084 +010.6702 +001.8035 -056.0268 -000.3849 +000.4745 0
L1 05    272 +014.3866 +009.9586 +001.9682 -108.4504 +000.8832 -011.1674 0
L1 06    272 +015.2693 +001.9203 -000.9910 +092.4108 +041.6363 -156.1055 0
L1 07    272 +015.1153 +003.0463 -001.8754 -007.3043 +009.0738 +137.3461 0
L1 08    272 +015.0700 +003.6334 -002.5084 -083.5572 -039.4176 +164.2541 0
L1 01    276 +016.0504 +000.1875 +001.3524 -088.8328 +002.6658 +002.3930 0
L1 02    276 +007.1365 +005.8795 +001.6813 -119.7943 +003.4592 -128.8690 0
L1 03    276 +016.1314 -000.5844 -000.8237 -092.4194 +003.6649 +092.4336 0
L1 04    276 +008.5083 +010.6704 +001.8035 -056.0251 -000.3851 +000.4746 0
L1 05    276 +014.3861 +009.9590 +001.9689 -108.4468 +000.8864 -011.1641 0
L1 06    276 +015.2693 +001.9202 -000.9910 +092.4098 +041.6365 -156.1052 0
L1 07    276 +015.1152 +003.0465 -001.8755 -007.3034 +009.0740 +137.3441 0
L1 08    276 +015.0700 +003.6334 -002.5085 -083.5564 -039.4173 +164.2528 0
L1 01    280 +016.0505 +000.1873 +001.3526 -088.8348 +002.6657 +002.3944 0
L1 02    280 +007.1365 +005.8794 +001.6812 -119.7949 +003.4592 -128.8691 0
L1 03    280 +016.1313 -000.5843 -000.8236 -092.4197 +003.6651 +092.4338 0
L1 04    280 +008.5084 +010.6703 +001.8035 -056.0262 -000.3850 +000.4748 0
L1 05    280 +014.3866 +009.9584 +001.9681 -108.4520 +000.8823 -011.1673 0
L1 06    280 +015.2695 +001.9196 -000.9910 +092.4025 +041.6357 -156.1042 0
L1 07    280 +015.1153 +003.0459 -001.8758 -007.3077 +009.0770 +137.3440 0
L1 08    280 +015.0700 +003.6332 -002.5086 -083.5575 -039.4179 +164.2508 0
L1 01    284 +016.0505 +000.1874 +001.3525 -088.8335 +002.6659 +002.3939 0
L1 02    284 +007.1365 +005.8795 +001.6812 -119.7946 +003.4592 -128.8691 0
L1 03    284 +016.1314 -000.5845 -000.8236 -092.4203 +003.6651 +092.4339 0
L1 04    284 +008.5084 +010.6703 +001.8034 -056.0263 -000.3850 +000.4745 0
L1 05    284 +014.3864 +009.9588 +001.9680 -108.4492 +000.8836 -011.1688 0
L1 06    284 +015.2694 +001.9198 -000.9908 +092.4045 +041.6352 -156.1070 0
L1 07    284 +015.1153 +003.0459 -001.8758 -007.3063 +009.0764 +137.3440 0
L1 08    284 +015.0700 +003.6333 -002.5085 -083.5572 -039.4177 +164.2527 0
L1 01    288 +016.0504 +000.1875 +001.3525 -088.8333 +002.6658 +002.3933 0
L1 02    288 +007.1365 +005.8794 +001.6813 -119.7948 +003.4593 -128.8691 0
L1 03    288 +016.1314 -000.5845 -000.8239 -092.4206 +003.6646 +092.4315 0
L1 04    288 +008.5083 +010.6703 +001.8034 -056.0262 -000.3853 +000.4746 0
L1 05    288 +014.3865 +009.9586 +001.9682 -108.4501 +000.8840 -011.1683 0
L1 06    288 +015.2694 +001.9199 -000.9909 +092.4079 +041.6349 -156.1046 0
L1 07    288 +015.1153 +003.0458 -001.8756 -007.3065 +009.0759 +137.3440 0
L1 08    288 +015.0699 +003.6334 -002.5086 -083.5549 -039.4177 +164.2509 0
L1 01    292 +016.0505 +000.1874 +001.3526 -088.8349 +002.6663 +002.3937 0
L1 02    292 +007.1365 +005.8795 +001.6811 -119.7944 +003.4575 -128.8704 0
L1 03    292 +016.1314 -000.5852 -000.8238 -092.4241 +003.6645 +092.4321 0
L1 04    292 +008.5084 +010.6702 +001.8034 -056.0275 -000.3847 +000.4738 0
L1 05    292 +014.3863 +009.9587 +001.9682 -108.4513 +000.8840 -011.1685 0
L1 06    292 +015.2693 +001.9198 -000.9909 +092.4075 +041.6353 -156.1037 0
L1 07    292 +015.1152 +003.0458 -001.8757 -007.3071 +009.0763 +137.3437 0
L1 08    292 +015.0699 +003.6332 -002.5086 -083.5558 -039.4181 +164.2502 0
L1 01    296 +016.0504 +000.1876 +001.3525 -088.8324 +002.6657 +002.3933 0
L1 02    296 +007.1364 +005.8796 +001.6812 -119.7930 +003.4586 -128.8691 0
L1 03    296 +016.1313 -000.5843 -000.8236 -092.4197 +003.6652 +092.4331 0
L1 04    296 +008.5082 +010.6704 +001.8035 -056.0245 -000.3851 +000.4749 0
L1 05    296 +014.3864 +009.9587 +001.9682 -108.4490 +000.8838 -011.1686 0
L1 06    296 +015.2693 +001.9200 -000.9912 +092.4119 +041.6355 -156.1016 0
L1 07    296 +015.1153 +003.0459 -001.8756 -007.3050 +009.0768 +137.3440 0
L1 08    296 +015.0699 +003.6334 -002.5086 -083.5538 -039.4172 +164.2507 0
L1 01    300 +016.0505 +000.1875 +001.3525 -088.8331 +002.6658 +002.3932 0
L1 02    300 +007.1364 +005.8795 +001.6812 -119.7935 +003.4585 -128.8690 0
L1 03    300 +016.1313 -000.5847 -000.8236 -092.4217 +003.6648 +092.4331 0
L1 04    300 +008.5082 +010.6704 +001.8034 -056.0250 -000.3854 +000.4741 0
L1 05    300 +014.3864 +009.9588 +001.9682 -108.4483 +000.8833 -011.1686 0
L1 06    300 +015.2693 +001.9200 -000.9912 +092.4101 +041.6371 -156.1016 0
L1 07    300 +015.1152 +003.0462 -001.8757 -007.3040 +009.0769 +137.3443 0
L1 08    300 +015.0699 +003.6333 -002.5086 -083.5545 -039.4180 +164.2499 0
L1 01    304 +016.0504 +000.1874 +001.3523 -088.8334 +002.6657 +002.3923 0
L1 02    304 +007.1364 +005.8795 +001.6812 -119.7933 +003.4589 -128.8690 0
L1 03    304 +016.1314 -000.5848 -000.8236 -092.4222 +003.6652 +092.4326 0
L1 04    304 +008.5083 +010.6704 +001.8034 -056.0253 -000.3852 +000.4741 0
L1 05    304 +014.3868 +009.9584 +001.9682 -108.4521 +000.8827 -011.1682 0
L1 06    304 +015.2692 +001.9202 -000.9911 +092.4114 +041.6375 -156.1029 0
L1 07    304 +015.1152 +003.0460 -001.8755 -007.3045 +009.0766 +137.3454 0
L1 08    304 +015.0699 +003.6332 -002.5086 -083.5553 -039.4178 +164.2506 0
L1 01    308 +016.0504 +000.1874 +001.3521 -088.8334 +002.6653 +002.3912 0
L1 02    308 +007.1364 +005.8796 +001.6813 -119.7932 +003.4592 -128.8688 0
L1 03    308 +016.1313 -000.5847 -000.8235 -092.4216 +003.6653 +092.4329 0
L1 04    308 +008.5082 +010.6704 +001.8034 -056.0248 -000.3854 +000.4741 0
L1 05    308 +014.3865 +009.9585 +001.9684 -108.4510 +000.8837 -011.1663 0
L1 06    308 +015.2692 +001.9200 -000.9912 +092.4111 +041.6371 -156.1020 0
L1 07    308 +015.1153 +003.0459 -001.8756 -007.3049 +009.0772 +137.3448 0
L1 08    308 +015.0699 +003.6333 -002.5085 -083.5550 -039.4178 +164.2515 0
L1 01    312 +016.0504 +000.1874 +001.3523 -088.8333 +002.6653 +002.3919 0
L1 02    312 +007.1364 +005.8796 +001.6812 -119.7930 +003.4588 -128.8689 0
L1 03    312 +016.1314 -000.5846 -000.8236 -092.4215 +003.6650 +092.4322 0
L1 04    312 +008.5082 +010.6704 +001.8034 -056.0253 -000.3854 +000.4743 0
L1 05    312 +014.3867 +009.9583 +001.9685 -108.4523 +000.8853 -011.1672 0
L1 06    312 +015.2693 +001.9202 -000.9910 +092.4116 +041.6365 -156.1034 0
L1 07    312 +015.1152 +003.0463 -001.8757 -007.3021 +009.0782 +137.3451 0
L1 08    312 +015.0699 +003.6333 -002.5086 -083.5541 -039.4175 +164.2505 0
L1 01    316 +016.0504 +000.1875 +001.3524 -088.8324 +002.6651 +002.3926 0
L1 02    316 +007.1364 +005.8796 +001.6812 -119.7930 +003.4586 -128.8690 0
L1 03    316 +016.1313 -000.5848 -000.8236 -092.4222 +003.6652 +092.4328 0
L1 04    316 +008.5082 +010.6704 +001.8035 -056.0249 -000.3853 +000.4747 0
L1 05    316 +014.3867 +009.9583 +001.9685 -108.4513 +000.8835 -011.1660 0
L1 06    316 +015.2693 +001.9201 -000.9909 +092.4102 +041.6360 -156.1039 0
L1 07    316 +015.1152 +003.0460 -001.8755 -007.3039 +009.0771 +137.3456 0
L1 08    316 +015.0699 +003.6334 -002.5086 -083.5533 -039.4173 +164.2499 0
L1 01    320 +016.0505 +000.1875 +001.3524 -088.8325 +002.6654 +002.3932 0
L1 02    320 +007.1364 +005.8796 +001.6812 -119.7933 +003.4587 -128.8689 0
L1 03    320 +016.1313 -000.5846 -000.8234 -092.4214 +003.6652 +092.4339 0
L1 04    320 +008.5082 +010.6704 +001.8034 -056.0249 -000.3854 +000.4741 0
L1 05    320 +014.3866 +009.9585 +001.9683 -108.4508 +000.8820 -011.1659 0
L1 06    320 +015.2694 +001.9199 -000.9912 +092.4099 +041.6368 -156.1011 0
L1 07    320 +015.1152 +003.0461 -001.8755 -007.3039 +009.0778 +137.3454 0
L1 08    320 +015.0699 +003.6333 -002.5086 -083.5535 -039.4173 +164.2493 0
L1 01    324 +016.0504 +000.1876 +001.3525 -088.8308 +002.6647 +002.3936 0
L1 02    324 +007.1364 +005.8796 +001.6812 -119.7933 +003.4587 -128.8689 0
L1 03    324 +016.1313 -000.5844 -000.8235 -092.4194 +003.6658 +092.4338 0
L1 04    324 +008.5082 +010.6704 +001.8034 -056.0246 -000.3856 +000.4742 0
L1 05    324 +014.3865 +009.9586 +001.9684 -108.4497 +000.8830 -011.1675 0
L1 06    324 +015.2694 +001.9201 -000.9910 +092.4105 +041.6360 -156.1024 0
L1 07    324 +015.1151 +003.0465 -001.8754 -007.2998 +009.0773 +137.3462 0
L1 08    324 +015.0698 +003.6334 -002.5086 -083.5521 -039.4167 +164.2489 0
L1 01    328 +016.0504 +000.1873 +001.3523 -088.8333 +002.6653 +002.3920 0
L1 02    328 +007.1364 +005.8795 +001.6812 -119.7936 +003.4588 -128.8690 0
L1 03    328 +016.1314 -000.5846 -000.8236 -092.4217 +003.6659 +092.4328 0
L1 04    328 +008.5083 +010.6703 +001.8034 -056.0256 -000.3855 +000.4745 0
L1 05    328 +014.3864 +009.9586 +001.9682 -108.4501 +000.8826 -011.1680 0
L1 06    328 +015.2693 +001.9203 -000.9910 +092.4109 +041.6363 -156.1035 0
L1 07    328 +015.1153 +003.0460 -001.8754 -007.3044 +009.0769 +137.3458 0
L1 08    328 +015.0699 +003.6332 -002.5085 -083.5559 -039.4170 +164.2514 0
L1 01    332 +016.0505 +000.1874 +001.3522 -088.8327 +002.6651 +002.3916 0
L1 02    332 +007.1364 +005.8795 +001.6813 -119.7936 +003.4592 -128.8685 0
L1 03    332 +016.1314 -000.5848 -000.8236 -092.4225 +003.6658 +092.4334 0
L1 04    332 +008.5083 +010.6703 +001.8034 -056.0260 -000.3852 +000.4745 0
L1 05    332 +014.3865 +009.9585 +001.9681 -108.4509 +000.8822 -011.1684 0
L1 06    332 +015.2693 +001.9202 -000.9909 +092.4101 +041.6366 -156.1045 0
L1 07    332 +015.1152 +003.0464 -001.8756 -007.3014 +009.0780 +137.3461 0
L1 08    332 +015.0700 +003.6333 -002.5084 -083.5556 -039.4165 +164.2518 0
L1 01    336 +016.0505 +000.1877 +001.3522 -088.8300 +002.6652 +002.3921 0
L1 02    336 +007.1364 +005.8796 +001.6813 -119.7931 +003.4590 -128.8685 0
L1 03    336 +016.1314 -000.5847 -000.8235 -092.4216 +003.6669 +092.4340 0
L1 04    336 +008.5082 +010.6704 +001.8034 -056.0249 -000.3857 +000.4741 0
L1 05    336 +014.3865 +009.9586 +001.9684 -108.4505 +000.8831 -011.1661 0
L1 06    336 +015.2692 +001.9206 -000.9911 +092.4136 +041.6357 -156.1034 0
L1 07    336 +015.1152 +003.0464 -001.8757 -007.3003 +009.0778 +137.3457 0
L1 08    336 +015.0700 +003.6333 -002.5084 -083.5559 -039.4170 +164.2530 0
L1 01    340 +016.0505 +000.1873 +001.3523 -088.8327 +002.6653 +002.3921 0
L1 02    340 +007.1364 +005.8795 +001.6812 -119.7935 +003.4588 -128.8688 0
L1 03    340 +016.1314 -000.5847 -000.8236 -092.4223 +003.6667 +092.4332 0
L1 04    340 +008.5083 +010.6703 +001.8034 -056.0263 -000.3856 +000.4740 0
L1 05    340 +014.3866 +009.9584 +001.9683 -108.4526 +000.8824 -011.1655 0
L1 06    340 +015.2694 +001.9202 -000.9910 +092.4098 +041.6359 -156.1047 0
L1 07    340 +015.1153 +003.0464 -001.8755 -007.3012 +009.0766 +137.3473 0
L1 08    340 +015.0701 +003.6333 -002.5083 -083.5568 -039.4164 +164.2536 0
L1 01    344 +016.0505 +000.1877 +001.3523 -088.8300 +002.6654 +002.3924 0
L1 02    344 +007.1364 +005.8796 +001.6812 -119.7932 +003.4588 -128.8687 0
L1 03    344 +016.1314 -000.5846 -000.8237 -092.4217 +003.6675 +092.4332 0
L1 04    344 +008.5082 +010.6704 +001.8034 -056.0250 -000.3855 +000.4744 0
L1 05    344 +014.3865 +009.9586 +001.9686 -108.4497 +000.8840 -011.1653 0
L1 06    344 +015.2693 +001.9203 -000.9909 +092.4093 +041.6348 -156.1064 0
L1 07    344 +015.1153 +003.0464 -001.8757 -007.3007 +009.0775 +137.3474 0
L1 08    344 +015.0701 +003.6335 -002.5084 -083.5562 -039.4155 +164.2541 0
L1 01    348 +016.0505 +000.1874 +001.3523 -088.8315 +002.6647 +002.3921 0
L1 02    348 +007.1364 +005.8796 +001.6812 -119.7930 +003.4587 -128.8689 0
L1 03    348 +016.1315 -000.5845 -000.8237 -092.4212 +003.6669 +092.4328 0
L1 04    348 +008.5082 +010.6704 +001.8033 -056.0251 -000.3855 +000.4738 0
L1 05    348 +014.3864 +009.9588 +001.9681 -108.4478 +000.8830 -011.1677 0
L1 06    348 +015.2693 +001.9202 -000.9909 +092.4088 +041.6342 -156.1066 0
L1 07    348 +015.1153 +003.0467 -001.8757 -007.2995 +009.0774 +137.3477 0
L1 08    348 +015.0701 +003.6335 -002.5084 -083.5563 -039.4149 +164.2540 0
L1 01    352 +016.0505 +000.1875 +001.3524 -088.8311 +002.6654 +002.3927 0
L1 02    352 +007.1364 +005.8796 +001.6812 -119.7931 +003.4588 -128.8688 0
L1 03    352 +016.1314 -000.5847 -000.8236 -092.4224 +003.6668 +092.4335 0
L1 04    352 +008.5083 +010.6704 +001.8034 -056.0255 -000.3852 +000.4741 0
L1 05    352 +014.3863 +009.9589 +001.9683 -108.4483 +000.8841 -011.1677 0
L1 06    352 +015.2694 +001.9200 -000.9910 +092.4078 +041.6361 -156.1050 0
L1 07    352 +015.1153 +003.0464 -001.8756 -007.3008 +009.0776 +137.3468 0
L1 08    352 +015.0701 +003.6333 -002.5085 -083.5564 -039.4167 +164.2526 0
L1 01    356 +016.0504 +000.1877 +001.3522 -088.8293 +002.6645 +002.3917 0
L1 02    356 +007.1364 +005.8796 +001.6812 -119.7930 +003.4589 -128.8688 0
L1 03    356 +016.1314 -000.5844 -000.8236 -092.4191 +003.6665 +092.4329 0
L1 04    356 +008.5082 +010.6704 +001.8035 -056.0242 -000.3854 +000.4747 0
L1 05    356 +014.3865 +009.9586 +001.9686 -108.4482 +000.8847 -011.1666 0
L1 06    356 +015.2693 +001.9200 -000.9909 +092.4098 +041.6356 -156.1046 0
L1 07    356 +015.1152 +003.0466 -001.8757 -007.2975 +009.0790 +137.3473 0
L1 08    356 +015.0700 +003.6335 -002.5084 -083.5540 -039.4158 +164.2527 0
L1 01    360 +016.0504 +000.1876 +001.3523 -088.8303 +002.6649 +002.3920 0
L1 02    360 +007.1364 +005.8796 +001.6812 -119.7932 +003.4589 -128.8688 0
L1 03    360 +016.1313 -000.5848 -000.8236 -092.4219 +003.6654 +092.4331 0
L1 04    360 +008.5082 +010.6704 +001.8035 -056.0252 -000.3853 +000.4748 0
L1 05    360 +014.3865 +009.9586 +001.9680 -108.4499 +000.8820 -011.1685 0
L1 06    360 +015.2693 +001.9203 -000.9910 +092.4109 +041.6366 -156.1035 0
L1 07    360 +015.1151 +003.0465 -001.8758 -007.2985 +009.0796 +137.3450 0
L1 08    360 +015.0700 +003.6333 -002.5085 -083.5548 -039.4180 +164.2518 0
L1 01    364 +016.0504 +000.1875 +001.3523 -088.8307 +002.6641 +002.3911 0
L1 02    364 +007.1364 +005.8795 +001.6812 -119.7933 +003.4588 -128.8688 0
L1 03    364 +016.1314 -000.5846 -000.8237 -092.4212 +003.6649 +092.4323 0
L1 04    364 +008.5082 +010.6704 +001.8034 -056.0252 -000.3857 +000.4745 0
L1 05    364 +014.3862 +009.9591 +001.9679 -108.4461 +000.8812 -011.1685 0
L1 06    364 +015.2693 +001.9204 -000.9910 +092.4118 +041.6357 -156.1044 0
L1 07    364 +015.1152 +003.0463 -001.8759 -007.3004 +009.0793 +137.3448 0
L1 08    364 +015.0700 +003.6333 -002.5086 -083.5545 -039.4181 +164.2521 0
L1 01    368 +016.0504 +000.1878 +001.3524 -088.8282 +002.6638 +002.3928 0
L1 02    368 +007.1364 +005.8796 +001.6812 -119.7929 +003.4586 -128.8689 0
L1 03    368 +016.1313 -000.5846 -000.8237 -092.4206 +003.6655 +092.4326 0
L1 04    368 +008.5080 +010.6706 +001.8034 -056.0228 -000.3858 +000.4744 0
L1 05    368 +014.3861 +009.9591 +001.9684 -108.4465 +000.8823 -011.1658 0
L1 06    368 +015.2693 +001.9202 -000.9910 +092.4105 +041.6370 -156.1044 0
L1 07    368 +015.1153 +003.0462 -001.8758 -007.3000 +009.0788 +137.3452 0
L1 08    368 +015.0700 +003.6333 -002.5086 -083.5537 -039.4180 +164.2515 0
L1 01    372 +016.0504 +000.1876 +001.3522 -088.8302 +002.6642 +002.3913 0
L1 02    372 +007.1364 +005.8796 +001.6812 -119.7931 +003.4585 -128.8691 0
L1 03    372 +016.1314 -000.5846 -000.8236 -092.4214 +003.6659 +092.4328 0
L1 04    372 +008.5083 +010.6704 +001.8034 -056.0252 -000.3857 +000.4744 0
L1 05    372 +014.3861 +009.9591 +001.9680 -108.4470 +000.8811 -011.1681 0
L1 06    372 +015.2692 +001.9205 -000.9914 +092.4141 +041.6369 -156.1020 0
L1 07    372 +015.1153 +003.0461 -001.8759 -007.3004 +009.0799 +137.3455 0
L1 08    372 +015.0700 +003.6333 -002.5085 -083.5556 -039.4174 +164.2534 0
L1 01    376 +016.0504 +000.1876 +001.3523 -088.8291 +002.6639 +002.3920 0
L1 02    376 +007.1364 +005.8796 +001.6812 -119.7929 +003.4585 -128.8691 0
L1 03    376 +016.1314 -000.5843 -000.8238 -092.4192 +003.6666 +092.4327 0
L1 04    376 +008.5082 +010.6705 +001.8034 -056.0246 -000.3857 +000.4746 0
L1 05    376 +014.3861 +009.9592 +001.9680 -108.4454 +000.8819 -011.1684 0
L1 06    376 +015.2693 +001.9207 -000.9911 +092.4136 +041.6362 -156.1048 0
L1 07    376 +015.1153 +003.0468 -001.8757 -007.2967 +009.0782 +137.3478 0
L1 08    376 +015.0700 +003.6340 -002.5083 -083.5526 -039.4143 +164.2552 0
L1 01    380 +016.0504 +000.1875 +001.3524 -088.8294 +002.6638 +002.3927 0
L1 02    380 +007.1364 +005.8796 +001.6812 -119.7928 +003.4586 -128.8690 0
L1 03    380 +016.1314 -000.5845 -000.8236 -092.4200 +003.6673 +092.4335 0
L1 04    380 +008.5082 +010.6705 +001.8034 -056.0244 -000.3857 +000.4743 0
L1 05    380 +014.3863 +009.9589 +001.9682 -108.4477 +000.8830 -011.1687 0
L1 06    380 +015.2693 +001.9206 -000.9912 +092.4124 +041.6352 -156.1042 0
L1 07    380 +015.1153 +003.0466 -001.8758 -007.2978 +009.0790 +137.3471 0
L1 08    380 +015.0701 +003.6338 -002.5085 -083.5535 -039.4155 +164.2532 0
L1 01    384 +016.0505 +000.1876 +001.3523 -088.8288 +002.6645 +002.3922 0
L1 02    384 +007.1364 +005.8796 +001.6812 -119.7927 +003.4587 -128.8691 0
L1 03    384 +016.1314 -000.5844 -000.8237 -092.4200 +003.6667 +092.4335 0
L1 04    384 +008.5082 +010.6704 +001.8034 -056.0246 -000.3856 +000.4747 0
L1 05    384 +014.3863 +009.9591 +001.9680 -108.4468 +000.8827 -011.1686 0
L1 06    384 +015.2693 +001.9205 -000.9913 +092.4116 +041.6363 -156.1045 0
L1 07    384 +015.1154 +003.0466 -001.8757 -007.2981 +009.0779 +137.3473 0
L1 08    384 +015.0702 +003.6336 -002.5085 -083.5555 -039.4157 +164.2541 0
L1 01    388 +016.0504 +000.1878 +001.3523 -088.8271 +002.6640 +002.3924 0
L1 02    388 +007.1364 +005.8796 +001.6812 -119.7928 +003.4586 -128.8690 0
L1 03    388 +016.1314 -000.5843 -000.8236 -092.4187 +003.6667 +092.4337 0
L1 04    388 +008.5080 +010.6706 +001.8034 -056.0229 -000.3856 +000.4747 0
L1 05    388 +014.3862 +009.9592 +001.9682 -108.4461 +000.8829 -011.1684 0
L1 06    388 +015.2694 +001.9206 -000.9908 +092.4099 +041.6362 -156.1089 0
L1 07    388 +015.1153 +003.0466 -001.8757 -007.2969 +009.0774 +137.3469 0
L1 08    388 +015.0701 +003.6336 -002.5084 -083.5549 -039.4157 +164.2555 0
L1 01    392 +016.0505 +000.1875 +001.3524 -088.8294 +002.6636 +002.3927 0
L1 02    392 +007.1364 +005.8796 +001.6812 -119.7932 +003.4586 -128.8691 0
L1 03    392 +016.1314 -000.5845 -000.8236 -092.4202 +003.6660 +092.4338 0
L1 04    392 +008.5081 +010.6705 +001.8034 -056.0246 -000.3853 +000.4742 0
L1 05    392 +014.3866 +009.9586 +001.9686 -108.4516 +000.8851 -011.1685 0
L1 06    392 +015.2693 +001.9205 -000.9912 +092.4120 +041.6367 -156.1036 0
L1 07    392 +015.1153 +003.0465 -001.8758 -007.2975 +009.0781 +137.3456 0
L1 08    392 +015.0701 +003.6335 -002.5085 -083.5551 -039.4168 +164.2540 0
L1 01    396 +016.0505 +000.1876 +001.3525 -088.8285 +002.6637 +002.3937 0
L1 02    396 +007.1364 +005.8796 +001.6812 -119.7928 +003.4587 -128.8690 0
L1 03    396 +016.1314 -000.5845 -000.8236 -092.4198 +003.6663 +092.4341 0
L1 04    396 +008.5081 +010.6705 +001.8035 -056.0240 -000.3854 +000.4745 0
L1 05    396 +014.3865 +009.9587 +001.9686 -108.4503 +000.8858 -011.1683 0
L1 06    396 +015.2693 +001.9205 -000.9913 +092.4124 +041.6367 -156.1032 0
L1 07    396 +015.1153 +003.0467 -001.8756 -007.2962 +009.0777 +137.3463 0
L1 08    396 +015.0701 +003.6334 -002.5085 -083.5544 -039.4172 +164.2532 0
L1 01    400 +016.0505 +000.1878 +001.3524 -088.8269 +002.6636 +002.3931 0
L1 02    400 +007.1364 +005.8796 +001.6812 -119.7926 +003.4588 -128.8689 0
L1 03    400 +016.1313 -000.5843 -000.8235 -092.4185 +003.6668 +092.4341 0
L1 04    400 +008.5082 +010.6705 +001.8034 -056.0243 -000.3853 +000.4743 0
L1 05    400 +014.3863 +009.9591 +001.9683 -108.4465 +000.8841 -011.1675 0
L1 06    400 +015.2693 +001.9206 -000.9912 +092.4141 +041.6371 -156.1037 0
L1 07    400 +015.1154 +003.0463 -001.8757 -007.2974 +009.0782 +137.3455 0
L1 08    400 +015.0700 +003.6336 -002.5085 -083.5525 -039.4166 +164.2530 0
