L1 01      6 +013.4689 -004.6457 +001.2914 +170.6991 +004.2543 +001.5360 0
L1 02      6 +007.1366 +005.8796 +001.6814 -119.7946 +003.4713 -128.8808 0
L1 03      6 +012.6971 -004.4906 -000.8967 +163.2959 +004.5183 +091.5046 0
L1 04      6 +008.4599 +010.6750 +001.8048 -055.5478 -000.1962 +000.5267 0
L1 05      6 +014.3927 +009.9657 +001.9684 -108.7123 +000.9217 -011.5066 0
L1 06      6 +015.1867 -003.3179 -000.4350 +061.7619 +003.5599 -122.7377 0
L1 07      6 +014.4234 -001.6355 -000.2213 +029.0495 +024.2041 +155.3957 0
L1 08      6 +013.5503 -001.4191 -001.5678 +072.4763 -048.9010 +052.0008 0
L1 01     10 +013.4689 -004.6455 +001.2913 +170.7024 +004.2512 +001.5348 0
L1 02     10 +007.1366 +005.8796 +001.6814 -119.7949 +003.4714 -128.8808 0
L1 03     10 +012.6971 -004.4906 -000.8967 +163.2954 +004.5180 +091.5042 0
L1 04     10 +008.4600 +010.6750 +001.8048 -055.5485 -000.1965 +000.5262 0
L1 05     10 +014.3926 +009.9657 +001.9680 -108.7116 +000.9198 -011.5083 0
L1 06     10 +015.1867 -003.3178 -000.4350 +061.7624 +003.5609 -122.7381 0
L1 07     10 +014.4233 -001.6357 -000.2214 +029.0496 +024.2044 +155.3963 0
L1 08     10 +013.5503 -001.4191 -001.5678 +072.4765 -048.9010 +052.0015 0
L1 01     14 +013.4689 -004.6454 +001.2911 +170.7051 +004.2488 +001.5350 0
L1 02     14 +007.1366 +005.8796 +001.6814 -119.7949 +003.4714 -128.8808 0
L1 03     14 +012.6971 -004.4907 -000.8968 +163.2948 +004.5166 +091.5042 0
L1 04     14 +008.4599 +010.6750 +001.8048 -055.5484 -000.1965 +000.5264 0
L1 05     14 +014.3925 +009.9659 +001.9681 -108.7106 +000.9199 -011.5059 0
L1 06     14 +015.1867 -003.3179 -000.4348 +061.7615 +003.5601 -122.7391 0
L1 07     14 +014.4234 -001.6356 -000.2212 +029.0501 +024.2037 +155.3948 0
L1 08     14 +013.5503 -001.4190 -001.5678 +072.4770 -048.9011 +052.0020 0
L1 01     18 +013.4690 -004.6453 +001.2910 +170.7071 +004.2488 +001.5336 0
L1 02     18 +007.1366 +005.8796 +001.6814 -119.7947 +003.4713 -128.8808 0
L1 03     18 +012.6971 -004.4906 -000.8968 +163.2948 +004.5168 +091.5043 0
L1 04     18 +008.4600 +010.6749 +001.8047 -055.5488 -000.1964 +000.5260 0
L1 05     18 +014.3925 +009.9656 +001.9681 -108.7108 +000.9197 -011.5066 0
L1 06     18 +015.1867 -003.3178 -000.4345 +061.7619 +003.5595 -122.7421 0
L1 07     18 +014.4234 -001.6356 -000.2212 +029.0496 +024.2037 +155.3941 0
L1 08     18 +013.5503 -001.4189 -001.5678 +072.4775 -048.9013 +052.0022 0
L1 01     22 +013.4689 -004.6456 +001.2913 +170.7052 +004.2517 +001.5348 0
L1 02     22 +007.1366 +005.8796 +001.6814 -119.7947 +003.4713 -128.8808 0
L1 03     22 +012.6971 -004.4906 -000.8967 +163.2950 +004.5175 +091.5042 0
L1 04     22 +008.4600 +010.6749 +001.8047 -055.5491 -000.1964 +000.5258 0
L1 05     22 +014.3924 +009.9658 +001.9679 -108.7099 +000.9185 -011.5078 0
L1 06     22 +015.1866 -003.3182 -000.4347 +061.7593 +003.5610 -122.7399 0
L1 07     22 +014.4233 -001.6358 -000.2216 +029.0492 +024.2058 +155.3964 0
L1 08     22 +013.5503 -001.4191 -001.5677 +072.4764 -048.9010 +052.0013 0
L1 01     26 +013.4690 -004.6454 +001.2912 +170.7084 +004.2497 +001.5342 0
L1 02     26 +007.1366 +005.8796 +001.6814 -119.7945 +003.4713 -128.8807 0
L1 03     26 +012.6971 -004.4907 -000.8967 +163.2942 +004.5173 +091.5043 0
L1 04     26 +008.4600 +010.6750 +001.8047 -055.5485 -000.1968 +000.5258 0
L1 05     26 +014.3922 +009.9660 +001.9685 -108.7078 +000.9206 -011.5048 0
L1 06     26 +015.1866 -003.3179 -000.4348 +061.7616 +003.5612 -122.7394 0
L1 07     26 +014.4234 -001.6355 -000.2213 +029.0515 +024.2042 +155.3947 0
L1 08     26 +013.5503 -001.4190 -001.5677 +072.4771 -048.9010 +052.0019 0
L1 01     30 +013.4689 -004.6456 +001.2911 +170.7077 +004.2499 +001.5347 0
L1 02     30 +007.1366 +005.8796 +001.6814 -119.7946 +003.4712 -128.8808 0
L1 03     30 +012.6971 -004.4907 -000.8968 +163.2947 +004.5173 +091.5040 0
L1 04     30 +008.4600 +010.6750 +001.8047 -055.5483 -000.1968 +000.5258 0
L1 05     30 +014.3923 +009.9659 +001.9685 -108.7083 +000.9205 -011.5045 0
L1 06     30 +015.1866 -003.3179 -000.4348 +061.7611 +003.5617 -122.7391 0
L1 07     30 +014.4234 -001.6353 -000.2212 +029.0533 +024.2043 +155.3952 0
L1 08     30 +013.5503 -001.4191 -001.5678 +072.4759 -048.9005 +052.0024 0
L1 01     34 +013.4690 -004.6455 +001.2911 +170.7089 +004.2501 +001.5342 0
L1 02     34 +007.1366 +005.8796 +001.6813 -119.7954 +003.4705 -128.8813 0
L1 03     34 +012.6971 -004.4907 -000.8967 +163.2948 +004.5177 +091.5036 0
L1 04     34 +008.4600 +010.6750 +001.8046 -055.5488 -000.1970 +000.5244 0
L1 05     34 +014.3923 +009.9661 +001.9685 -108.7070 +000.9214 -011.5045 0
L1 06     34 +015.1866 -003.3181 -000.4349 +061.7593 +003.5617 -122.7384 0
L1 07     34 +014.4234 -001.6354 -000.2212 +029.0531 +024.2032 +155.3952 0
L1 08     34 +013.5503 -001.4190 -001.5678 +072.4752 -048.9006 +052.0026 0
L1 01     38 +013.4690 -004.6455 +001.2911 +170.7104 +004.2503 +001.5347 0
L1 02     38 +007.1366 +005.8796 +001.6813 -119.7945 +003.4706 -128.8811 0
L1 03     38 +012.6971 -004.4907 -000.8968 +163.2949 +004.5172 +091.5035 0
L1 04     38 +008.4600 +010.6750 +001.8047 -055.5485 -000.1968 +000.5258 0
L1 05     38 +014.3922 +009.9661 +001.9685 -108.7087 +000.9213 -011.5039 0
L1 06     38 +015.1866 -003.3180 -000.4348 +061.7601 +003.5620 -122.7390 0
L1 07     38 +014.4234 -001.6352 -000.2211 +029.0552 +024.2030 +155.3957 0
L1 08     38 +013.5503 -001.4191 -001.5678 +072.4754 -048.9006 +052.0024 0
L1 01     42 +013.4690 -004.6456 +001.2912 +170.7116 +004.2512 +001.5352 0
L1 02     42 +007.1366 +005.8796 +001.6814 -119.7945 +003.4711 -128.8809 0
L1 03     42 +012.6971 -004.4906 -000.8967 +163.2956 +004.5179 +091.5035 0
L1 04     42 +008.4600 +010.6750 +001.8048 -055.5482 -000.1968 +000.5262 0
L1 05     42 +014.3920 +009.9663 +001.9689 -108.7075 +000.9228 -011.5026 0
L1 06     42 +015.1866 -003.3180 -000.4347 +061.7591 +003.5624 -122.7393 0
L1 07     42 +014.4234 -001.6355 -000.2213 +029.0541 +024.2042 +155.3963 0
L1 08     42 +013.5503 -001.4191 -001.5677 +072.4754 -048.9005 +052.0017 0
L1 01     46 +013.4690 -004.6455 +001.2912 +170.7131 +004.2510 +001.5354 0
L1 02     46 +007.1366 +005.8796 +001.6814 -119.7948 +003.4714 -128.8811 0
L1 03     46 +012.6971 -004.4907 -000.8967 +163.2948 +004.5176 +091.5038 0
L1 04     46 +008.4599 +010.6750 +001.8048 -055.5481 -000.1966 +000.5262 0
L1 05     46 +014.3928 +009.9653 +001.9683 -108.7137 +000.9208 -011.5062 0
L1 06     46 +015.1866 -003.3183 -000.4347 +061.7567 +003.5631 -122.7401 0
L1 07     46 +014.4234 -001.6355 -000.2213 +029.0536 +024.2046 +155.3948 0
L1 08     46 +013.5503 -001.4191 -001.5678 +072.4749 -048.9002 +052.0020 0
L1 01     50 +013.4689 -004.6457 +001.2912 +170.7125 +004.2512 +001.5355 0
L1 02     50 +007.1366 +005.8796 +001.6814 -119.7952 +003.4709 -128.8811 0
L1 03     50 +012.6971 -004.4907 -000.8967 +163.2948 +004.5175 +091.5038 0
L1 04     50 +008.4600 +010.6750 +001.8047 -055.5483 -000.1967 +000.5260 0
L1 05     50 +014.3930 +009.9652 +001.9681 -108.7147 +000.9194 -011.5081 0
L1 06     50 +015.1866 -003.3182 -000.4346 +061.7579 +003.5635 -122.7399 0
L1 07     50 +014.4233 -001.6356 -000.2214 +029.0530 +024.2052 +155.3956 0
L1 08     50 +013.5503 -001.4192 -001.5677 +072.4749 -048.9000 +052.0012 0
L1 01     54 +013.4689 -004.6457 +001.2911 +170.7145 +004.2496 +001.5355 0
L1 02     54 +007.1366 +005.8796 +001.6814 -119.7946 +003.4708 -128.8811 0
L1 03     54 +012.6971 -004.4908 -000.8968 +163.2943 +004.5170 +091.5039 0
L1 04     54 +008.4600 +010.6750 +001.8047 -055.5483 -000.1969 +000.5260 0
L1 05     54 +014.3926 +009.9658 +001.9679 -108.7111 +000.9179 -011.5071 0
L1 06     54 +015.1867 -003.3179 -000.4347 +061.7593 +003.5637 -122.7396 0
L1 07     54 +014.4233 -001.6356 -000.2213 +029.0534 +024.2048 +155.3947 0
L1 08     54 +013.5503 -001.4191 -001.5677 +072.4753 -048.8999 +052.0019 0
L1 01     58 +013.4690 -004.6458 +001.2913 +170.7150 +004.2518 +001.5353 0
L1 02     58 +007.1366 +005.8796 +001.6814 -119.7947 +003.4709 -128.8809 0
L1 03     58 +012.6971 -004.4907 -000.8968 +163.2953 +004.5174 +091.5037 0
L1 04     58 +008.4600 +010.6749 +001.8048 -055.5489 -000.1965 +000.5265 0
L1 05     58 +014.3925 +009.9658 +001.9680 -108.7114 +000.9189 -011.5061 0
L1 06     58 +015.1867 -003.3181 -000.4348 +061.7587 +003.5650 -122.7387 0
L1 07     58 +014.4233 -001.6356 -000.2213 +029.0539 +024.2054 +155.3947 0
L1 08     58 +013.5503 -001.4192 -001.5677 +072.4742 -048.8998 +052.0020 0
L1 01     62 +013.4690 -004.6458 +001.2912 +170.7159 +004.2513 +001.5351 0
L1 02     62 +007.1366 +005.8796 +001.6814 -119.7952 +003.4711 -128.8809 0
L1 03     62 +012.6971 -004.4908 -000.8968 +163.2948 +004.5175 +091.5039 0
L1 04     62 +008.4601 +010.6749 +001.8047 -055.5496 -000.1965 +000.5259 0
L1 05     62 +014.3927 +009.9656 +001.9679 -108.7122 +000.9194 -011.5080 0
L1 06     62 +015.1867 -003.3179 -000.4350 +061.7590 +003.5653 -122.7367 0
L1 07     62 +014.4233 -001.6355 -000.2213 +029.0545 +024.2049 +155.3949 0
L1 08     62 +013.5503 -001.4192 -001.5678 +072.4732 -048.8997 +052.0029 0
L1 01     66 +013.4690 -004.6458 +001.2913 +170.7169 +004.2521 +001.5361 0
L1 02     66 +007.1366 +005.8796 +001.6814 -119.7947 +003.4710 -128.8810 0
L1 03     66 +012.6971 -004.4907 -000.8968 +163.2956 +004.5178 +091.5041 0
L1 04     66 +008.4600 +010.6749 +001.8048 -055.5489 -000.1963 +000.5263 0
L1 05     66 +014.3927 +009.9655 +001.9681 -108.7138 +000.9205 -011.5063 0
L1 06     66 +015.1867 -003.3179 -000.4347 +061.7599 +003.5645 -122.7379 0
L1 07     66 +014.4233 -001.6356 -000.2214 +029.0542 +024.2055 +155.3950 0
L1 08     66 +013.5503 -001.4192 -001.5678 +072.4736 -048.8993 +052.0027 0
L1 01     70 +013.4690 -004.6457 +001.2913 +170.7185 +004.2527 +001.5353 0
L1 02     70 +007.1366 +005.8796 +001.6814 -119.7950 +003.4710 -128.8812 0
L1 03     70 +012.6972 -004.4906 -000.8967 +163.2963 +004.5183 +091.5038 0
L1 04     70 +008.4600 +010.6749 +001.8048 -055.5490 -000.1963 +000.5266 0
L1 05     70 +014.3930 +009.9650 +001.9682 -108.7183 +000.9207 -011.5074 0
L1 06     70 +015.1866 -003.3181 -000.4348 +061.7573 +003.5656 -122.7381 0
L1 07     70 +014.4233 -001.6357 -000.2212 +029.0537 +024.2043 +155.3938 0
L1 08     70 +013.5503 -001.4191 -001.5678 +072.4739 -048.8992 +052.0023 0
L1 01     74 +013.4690 -004.6457 +001.2915 +170.7191 +004.2531 +001.5352 0
L1 02     74 +007.1366 +005.8795 +001.6814 -119.7953 +003.4711 -128.8812 0
L1 03     74 +012.6972 -004.4907 -000.8967 +163.2960 +004.5183 +091.5043 0
L1 04     74 +008.4600 +010.6749 +001.8048 -055.5494 -000.1963 +000.5265 0
L1 05     74 +014.3927 +009.9652 +001.9687 -108.7147 +000.9233 -011.5044 0
L1 06     74 +015.1866 -003.3182 -000.4349 +061.7568 +003.5652 -122.7378 0
L1 07     74 +014.4233 -001.6359 -000.2213 +029.0525 +024.2050 +155.3940 0
L1 08     74 +013.5503 -001.4192 -001.5677 +072.4730 -048.8992 +052.0023 0
L1 01     78 +013.4690 -004.6456 +001.2914 +170.7215 +004.2526 +001.5355 0
L1 02     78 +007.1366 +005.8796 +001.6814 -119.7948 +003.4711 -128.8809 0
L1 03     78 +012.6972 -004.4907 -000.8967 +163.2960 +004.5179 +091.5038 0
L1 04     78 +008.4600 +010.6749 +001.8048 -055.5492 -000.1962 +000.5264 0
L1 05     78 +014.3929 +009.9652 +001.9685 -108.7158 +000.9218 -011.5049 0
L1 06     78 +015.1865 -003.3181 -000.4350 +061.7570 +003.5665 -122.7370 0
L1 07     78 +014.4234 -001.6355 -000.2213 +029.0561 +024.2061 +155.3941 0
L1 08     78 +013.5503 -001.4192 -001.5677 +072.4728 -048.8994 +052.0027 0
L1 01     82 +013.4690 -004.6457 +001.2914 +170.7219 +004.2516 +001.5354 0
L1 02     82 +007.1366 +005.8796 +001.6814 -119.7949 +003.4710 -128.8809 0
L1 03     82 +012.6971 -004.4907 -000.8967 +163.2955 +004.5172 +091.5043 0
L1 04     82 +008.4600 +010.6749 +001.8048 -055.5489 -000.1963 +000.5267 0
L1 05     82 +014.3926 +009.9656 +001.9682 -108.7123 +000.9207 -011.5073 0
L1 06     82 +015.1866 -003.3180 -000.4347 +061.7576 +003.5662 -122.7380 0
L1 07     82 +014.4234 -001.6353 -000.2215 +029.0581 +024.2063 +155.3954 0
L1 08     82 +013.5503 -001.4192 -001.5677 +072.4731 -048.8993 +052.0030 0
L1 01     86 +013.4690 -004.6458 +001.2913 +170.7221 +004.2503 +001.5355 0
L1 02     86 +007.1366 +005.8795 +001.6814 -119.7951 +003.4708 -128.8810 0
L1 03     86 +012.6971 -004.4908 -000.8967 +163.2947 +004.5168 +091.5042 0
L1 04     86 +008.4600 +010.6749 +001.8048 -055.5491 -000.1964 +000.5266 0
L1 05     86 +014.3928 +009.9653 +001.9687 -108.7159 +000.9221 -011.5052 0
L1 06     86 +015.1866 -003.3181 -000.4346 +061.7565 +003.5664 -122.7388 0
L1 07     86 +014.4234 -001.6355 -000.2213 +029.0569 +024.2054 +155.3943 0
L1 08     86 +013.5503 -001.4192 -001.5678 +072.4721 -048.8990 +052.0038 0
L1 01     90 +013.4690 -004.6458 +001.2913 +170.7229 +004.2513 +001.5356 0
L1 02     90 +007.1366 +005.8795 +001.6814 -119.7953 +003.4709 -128.8810 0
L1 03     90 +012.6971 -004.4907 -000.8967 +163.2956 +004.5175 +091.5043 0
L1 04     90 +008.4600 +010.6749 +001.8048 -055.5489 -000.1964 +000.5266 0
L1 05     90 +014.3928 +009.9653 +001.9684 -108.7143 +000.9195 -011.5046 0
L1 06     90 +015.1866 -003.3180 -000.4347 +061.7568 +003.5678 -122.7374 0
L1 07     90 +014.4233 -001.6356 -000.2214 +029.0566 +024.2064 +155.3950 0
L1 08     90 +013.5503 -001.4192 -001.5677 +072.4717 -048.8990 +052.0037 0
L1 01     94 +013.4690 -004.6457 +001.2912 +170.7249 +004.2504 +001.5352 0
L1 02     94 +007.1366 +005.8795 +001.6814 -119.7951 +003.4710 -128.8808 0
L1 03     94 +012.6971 -004.4907 -000.8967 +163.2954 +004.5173 +091.5043 0
L1 04     94 +008.4600 +010.6750 +001.8047 -055.5485 -000.1965 +000.5261 0
L1 05     94 +014.3927 +009.9654 +001.9687 -108.7134 +000.9220 -011.5034 0
L1 06     94 +015.1867 -003.3181 -000.4347 +061.7557 +003.5680 -122.7384 0
L1 07     94 +014.4233 -001.6355 -000.2210 +029.0573 +024.2041 +155.3938 0
L1 08     94 +013.5503 -001.4191 -001.5677 +072.4727 -048.8991 +052.0035 0
L1 01     98 +013.4690 -004.6457 +001.2912 +170.7263 +004.2500 +001.5359 0
L1 02     98 +007.1366 +005.8796 +001.6814 -119.7950 +003.4709 -128.8810 0
L1 03     98 +012.6971 -004.4908 -000.8968 +163.2949 +004.5170 +091.5045 0
L1 04     98 +008.4600 +010.6749 +001.8048 -055.5485 -000.1967 +000.5263 0
L1 05     98 +014.3926 +009.9655 +001.9685 -108.7130 +000.9218 -011.5052 0
L1 06     98 +015.1866 -003.3183 -000.4347 +061.7552 +003.5680 -122.7375 0
L1 07     98 +014.4233 -001.6355 -000.2212 +029.0577 +024.2056 +155.3945 0
L1 08     98 +013.5503 -001.4192 -001.5677 +072.4719 -048.8988 +052.0035 0
L1 01    102 +013.4690 -004.6456 +001.2911 +170.7294 +004.2492 +001.5356 0
L1 02    102 +007.1366 +005.8796 +001.6814 -119.7949 +003.4710 -128.8810 0
L1 03    102 +012.6971 -004.4908 -000.8968 +163.2948 +004.5165 +091.5045 0
L1 04    102 +008.4600 +010.6750 +001.8047 -055.5482 -000.1969 +000.5257 0
L1 05    102 +014.3924 +009.9659 +001.9685 -108.7093 +000.9217 -011.5050 0
L1 06    102 +015.1866 -003.3181 -000.4346 +061.7555 +003.5684 -122.7390 0
L1 07    102 +014.4233 -001.6354 -000.2212 +029.0588 +024.2052 +155.3934 0
L1 08    102 +013.5503 -001.4191 -001.5677 +072.4728 -048.8987 +052.0035 0
L1 01    106 +013.4690 -004.6457 +001.2912 +170.7291 +004.2502 +001.5363 0
L1 02    106 +007.1366 +005.8796 +001.6814 -119.7949 +003.4711 -128.8808 0
L1 03    106 +012.6971 -004.4907 -000.8968 +163.2956 +004.5170 +091.5044 0
L1 04    106 +008.4599 +010.6750 +001.8048 -055.5477 -000.1970 +000.5263 0
L1 05    106 +014.3926 +009.9656 +001.9682 -108.7111 +000.9202 -011.5071 0
L1 06    106 +015.1866 -003.3182 -000.4347 +061.7552 +003.5686 -122.7379 0
L1 07    106 +014.4233 -001.6356 -000.2211 +029.0575 +024.2047 +155.3932 0
L1 08    106 +013.5503 -001.4191 -001.5677 +072.4726 -048.8986 +052.0034 0
L1 01    110 +013.4691 -004.6455 +001.2910 +170.7327 +004.2485 +001.5347 0
L1 02    110 +007.1366 +005.8796 +001.6814 -119.7950 +003.4712 -128.8808 0
L1 03    110 +012.6971 -004.4907 -000.8969 +163.2950 +004.5163 +091.5041 0
L1 04    110 +008.4600 +010.6749 +001.8047 -055.5489 -000.1967 +000.5259 0
L1 05    110 +014.3924 +009.9659 +001.9684 -108.7096 +000.9201 -011.5047 0
L1 06    110 +015.1866 -003.3182 -000.4347 +061.7545 +003.5694 -122.7390 0
L1 07    110 +014.4233 -001.6356 -000.2211 +029.0581 +024.2055 +155.3933 0
L1 08    110 +013.5503 -001.4191 -001.5678 +072.4719 -048.8986 +052.0048 0
L1 01    114 +013.4690 -004.6457 +001.2911 +170.7318 +004.2495 +001.5355 0
L1 02    114 +007.1366 +005.8796 +001.6814 -119.7949 +003.4710 -128.8810 0
L1 03    114 +012.6971 -004.4907 -000.8968 +163.2952 +004.5170 +091.5041 0
L1 04    114 +008.4599 +010.6750 +001.8047 -055.5480 -000.1971 +000.5256 0
L1 05    114 +014.3926 +009.9656 +001.9681 -108.7111 +000.9193 -011.5065 0
L1 06    114 +015.1866 -003.3180 -000.4350 +061.7557 +003.5701 -122.7367 0
L1 07    114 +014.4234 -001.6354 -000.2213 +029.0609 +024.2057 +155.3943 0
L1 08    114 +013.5503 -001.4192 -001.5677 +072.4716 -048.8986 +052.0044 0
L1 01    118 +013.4690 -004.6456 +001.2910 +170.7341 +004.2487 +001.5351 0
L1 02    118 +007.1366 +005.8796 +001.6814 -119.7945 +003.4709 -128.8811 0
L1 03    118 +012.6971 -004.4908 -000.8968 +163.2943 +004.5164 +091.5037 0
L1 04    118 +008.4599 +010.6750 +001.8047 -055.5481 -000.1970 +000.5257 0
L1 05    118 +014.3930 +009.9651 +001.9682 -108.7143 +000.9197 -011.5058 0
L1 06    118 +015.1867 -003.3178 -000.4347 +061.7568 +003.5695 -122.7375 0
L1 07    118 +014.4233 -001.6354 -000.2211 +029.0604 +024.2045 +155.3930 0
L1 08    118 +013.5503 -001.4191 -001.5678 +072.4715 -048.8985 +052.0049 0
L1 01    122 +013.4690 -004.6456 +001.2912 +170.7338 +004.2508 +001.5348 0
L1 02    122 +007.1366 +005.8796 +001.6814 -119.7949 +003.4711 -128.8810 0
L1 03    122 +012.6971 -004.4907 -000.8968 +163.2952 +004.5170 +091.5040 0
L1 04    122 +008.4600 +010.6749 +001.8048 -055.5491 -000.1967 +000.5264 0
L1 05    122 +014.3929 +009.9652 +001.9684 -108.7147 +000.9209 -011.5057 0
L1 06    122 +015.1867 -003.3180 -000.4347 +061.7540 +003.5704 -122.7380 0
L1 07    122 +014.4233 -001.6356 -000.2210 +029.0583 +024.2048 +155.3925 0
L1 08    122 +013.5503 -001.4191 -001.5678 +072.4710 -048.8982 +052.0049 0
L1 01    126 +013.4690 -004.6456 +001.2912 +170.7353 +004.2504 +001.5350 0
L1 02    126 +007.1366 +005.8795 +001.6814 -119.7953 +003.4711 -128.8811 0
L1 03    126 +012.6971 -004.4908 -000.8968 +163.2951 +004.5165 +091.5040 0
L1 04    126 +008.4600 +010.6749 +001.8048 -055.5486 -000.1967 +000.5265 0
L1 05    126 +014.3929 +009.9653 +001.9684 -108.7143 +000.9200 -011.5046 0
L1 06    126 +015.1867 -003.3181 -000.4348 +061.7540 +003.5713 -122.7375 0
L1 07    126 +014.4233 -001.6355 -000.2212 +029.0603 +024.2061 +155.3926 0
L1 08    126 +013.5503 -001.4192 -001.5678 +072.4706 -048.8979 +052.0049 0
L1 01    130 +013.4690 -004.6457 +001.2913 +170.7350 +004.2513 +001.5353 0
L1 02    130 +007.1366 +005.8795 +001.6814 -119.7954 +003.4712 -128.8809 0
L1 03    130 +012.6971 -004.4908 -000.8968 +163.2947 +004.5173 +091.5039 0
L1 04    130 +008.4600 +010.6749 +001.8048 -055.5490 -000.1962 +000.5265 0
L1 05    130 +014.3927 +009.9653 +001.9688 -108.7135 +000.9224 -011.5039 0
L1 06    130 +015.1866 -003.3183 -000.4347 +061.7520 +003.5718 -122.7377 0
L1 07    130 +014.4233 -001.6356 -000.2213 +029.0591 +024.2059 +155.3934 0
L1 08    130 +013.5503 -001.4192 -001.5678 +072.4702 -048.8978 +052.0047 0
L1 01    134 +013.4690 -004.6458 +001.2912 +170.7358 +004.2507 +001.5352 0
L1 02    134 +007.1366 +005.8796 +001.6814 -119.7951 +003.4714 -128.8811 0
L1 03    134 +012.6971 -004.4908 -000.8968 +163.2946 +004.5167 +091.5039 0
L1 04    134 +008.4600 +010.6749 +001.8048 -055.5492 -000.1964 +000.5263 0
L1 05    134 +014.3924 +009.9658 +001.9686 -108.7106 +000.9215 -011.5046 0
L1 06    134 +015.1866 -003.3184 -000.4346 +061.7518 +003.5717 -122.7379 0
L1 07    134 +014.4233 -001.6355 -000.2213 +029.0604 +024.2065 +155.3940 0
L1 08    134 +013.5503 -001.4192 -001.5678 +072.4700 -048.8979 +052.0050 0
L1 01    138 +013.4690 -004.6459 +001.2914 +170.7361 +004.2525 +001.5355 0
L1 02    138 +007.1366 +005.8795 +001.6814 -119.7953 +003.4712 -128.8810 0
L1 03    138 +012.6971 -004.4907 -000.8968 +163.2961 +004.5173 +091.5042 0
L1 04    138 +008.4599 +010.6750 +001.8048 -055.5481 -000.1965 +000.5270 0
L1 05    138 +014.3923 +009.9659 +001.9684 -108.7096 +000.9212 -011.5043 0
L1 06    138 +015.1867 -003.3180 -000.4346 +061.7546 +003.5712 -122.7377 0
L1 07    138 +014.4233 -001.6357 -000.2215 +029.0604 +024.2075 +155.3943 0
L1 08    138 +013.5503 -001.4192 -001.5677 +072.4699 -048.8980 +052.0045 0
L1 01    142 +013.4690 -004.6459 +001.2914 +170.7369 +004.2525 +001.5359 0
L1 02    142 +007.1366 +005.8796 +001.6814 -119.7952 +003.4710 -128.8811 0
L1 03    142 +012.6972 -004.4907 -000.8967 +163.2964 +004.5175 +091.5043 0
L1 04    142 +008.4599 +010.6749 +001.8048 -055.5486 -000.1966 +000.5270 0
L1 05    142 +014.3923 +009.9658 +001.9687 -108.7104 +000.9223 -011.5041 0
L1 06    142 +015.1867 -003.3178 -000.4349 +061.7546 +003.5732 -122.7365 0
L1 07    142 +014.4233 -001.6356 -000.2214 +029.0614 +024.2076 +155.3941 0
L1 08    142 +013.5503 -001.4193 -001.5678 +072.4687 -048.8976 +052.0054 0
L1 01    146 +013.4690 -004.6458 +001.2913 +170.7393 +004.2514 +001.5362 0
L1 02    146 +007.1366 +005.8796 +001.6814 -119.7948 +003.4710 -128.8810 0
L1 03    146 +012.6971 -004.4907 -000.8968 +163.2955 +004.5173 +091.5041 0
L1 04    146 +008.4600 +010.6749 +001.8047 -055.5492 -000.1965 +000.5261 0
L1 05    146 +014.3924 +009.9656 +001.9686 -108.7121 +000.9220 -011.5050 0
L1 06    146 +015.1866 -003.3180 -000.4348 +061.7533 +003.5734 -122.7368 0
L1 07    146 +014.4233 -001.6357 -000.2215 +029.0611 +024.2070 +155.3950 0
L1 08    146 +013.5503 -001.4192 -001.5678 +072.4693 -048.8974 +052.0056 0
L1 01    150 +013.4690 -004.6458 +001.2914 +170.7395 +004.2532 +001.5361 0
L1 02    150 +007.1366 +005.8796 +001.6814 -119.7946 +003.4711 -128.8809 0
L1 03    150 +012.6971 -004.4907 -000.8968 +163.2961 +004.5174 +091.5042 0
L1 04    150 +008.4600 +010.6749 +001.8048 -055.5486 -000.1965 +000.5268 0
L1 05    150 +014.3923 +009.9661 +001.9680 -108.7094 +000.9189 -011.5065 0
L1 06    150 +015.1867 -003.3180 -000.4347 +061.7541 +003.5726 -122.7373 0
L1 07    150 +014.4233 -001.6357 -000.2214 +029.0618 +024.2073 +155.3944 0
L1 08    150 +013.5503 -001.4192 -001.5677 +072.4695 -048.8977 +052.0054 0
L1 01    154 +013.4690 -004.6457 +001.2913 +170.7424 +004.2515 +001.5351 0
L1 02    154 +007.1366 +005.8796 +001.6814 -119.7947 +003.4710 -128.8808 0
L1 03    154 +012.6971 -004.4907 -000.8968 +163.2961 +004.5170 +091.5040 0
L1 04    154 +008.4600 +010.6749 +001.8047 -055.5486 -000.1968 +000.5262 0
L1 05    154 +014.3924 +009.9660 +001.9682 -108.7102 +000.9191 -011.5061 0
L1 06    154 +015.1865 -003.3182 -000.4349 +061.7531 +003.5728 -122.7358 0
L1 07    154 +014.4233 -001.6357 -000.2213 +029.0627 +024.2064 +155.3947 0
L1 08    154 +013.5503 -001.4191 -001.5678 +072.4691 -048.8976 +052.0065 0
L1 01    158 +013.4690 -004.6457 +001.2913 +170.7425 +004.2509 +001.5354 0
L1 02    158 +007.1366 +005.8795 +001.6814 -119.7953 +003.4710 -128.8810 0
L1 03    158 +012.6971 -004.4908 -000.8968 +163.2955 +004.5170 +091.5040 0
L1 04    158 +008.4600 +010.6749 +001.8047 -055.5486 -000.1970 +000.5259 0
L1 05    158 +014.3928 +009.9654 +001.9679 -108.7129 +000.9189 -011.5079 0
L1 06    158 +015.1866 -003.3182 -000.4348 +061.7523 +003.5742 -122.7362 0
L1 07    158 +014.4233 -001.6356 -000.2214 +029.0637 +024.2073 +155.3953 0
L1 08    158 +013.5503 -001.4192 -001.5678 +072.4683 -048.8975 +052.0068 0
L1 01    162 +013.4691 -004.6456 +001.2913 +170.7454 +004.2504 +001.5347 0
L1 02    162 +007.1366 +005.8796 +001.6814 -119.7948 +003.4711 -128.8809 0
L1 03    162 +012.6971 -004.4908 -000.8968 +163.2951 +004.5168 +091.5042 0
L1 04    162 +008.4599 +010.6750 +001.8047 -055.5480 -000.1969 +000.5257 0
L1 05    162 +014.3928 +009.9654 +001.9681 -108.7130 +000.9202 -011.5065 0
L1 06    162 +015.1866 -003.3183 -000.4350 +061.7516 +003.5748 -122.7353 0
L1 07    162 +014.4233 -001.6356 -000.2213 +029.0638 +024.2072 +155.3938 0
L1 08    162 +013.5503 -001.4191 -001.5677 +072.4697 -048.8976 +052.0059 0
L1 01    166 +013.4691 -004.6455 +001.2912 +170.7475 +004.2503 +001.5354 0
L1 02    166 +007.1366 +005.8796 +001.6814 -119.7950 +003.4710 -128.8809 0
L1 03    166 +012.6971 -004.4907 -000.8968 +163.2959 +004.5169 +091.5044 0
L1 04    166 +008.4599 +010.6750 +001.8048 -055.5477 -000.1965 +000.5261 0
L1 05    166 +014.3927 +009.9656 +001.9685 -108.7112 +000.9213 -011.5054 0
L1 06    166 +015.1866 -003.3182 -000.4349 +061.7518 +003.5750 -122.7358 0
L1 07    166 +014.4233 -001.6356 -000.2212 +029.0634 +024.2065 +155.3931 0
L1 08    166 +013.5503 -001.4191 -001.5677 +072.4700 -048.8976 +052.0057 0
L1 01    170 +013.4691 -004.6456 +001.2912 +170.7473 +004.2500 +001.5362 0
L1 02    170 +007.1366 +005.8796 +001.6814 -119.7940 +003.4710 -128.8807 0
L1 03    170 +012.6971 -004.4908 -000.8968 +163.2959 +004.5166 +091.5046 0
L1 04    170 +008.4598 +010.6750 +001.8048 -055.5474 -000.1967 +000.5263 0
L1 05    170 +014.3925 +009.9658 +001.9686 -108.7112 +000.9209 -011.5041 0
L1 06    170 +015.1866 -003.3182 -000.4351 +061.7522 +003.5756 -122.7349 0
L1 07    170 +014.4233 -001.6355 -000.2214 +029.0652 +024.2076 +155.3942 0
L1 08    170 +013.5503 -001.4190 -001.5678 +072.4697 -048.8971 +052.0067 0
L1 01    174 +013.4691 -004.6456 +001.2913 +170.7481 +004.2515 +001.5360 0
L1 02    174 +007.1366 +005.8796 +001.6814 -119.7940 +003.4712 -128.8808 0
L1 03    174 +012.6971 -004.4907 -000.8967 +163.2966 +004.5175 +091.5041 0
L1 04    174 +008.4599 +010.6750 +001.8048 -055.5479 -000.1966 +000.5265 0
L1 05    174 +014.3924 +009.9658 +001.9688 -108.7113 +000.9234 -011.5036 0
L1 06    174 +015.1866 -003.3180 -000.4350 +061.7533 +003.5756 -122.7354 0
L1 07    174 +014.4233 -001.6358 -000.2213 +029.0644 +024.2067 +155.3939 0
L1 08    174 +013.5503 -001.4191 -001.5677 +072.4698 -048.8971 +052.0060 0
L1 01    178 +013.4691 -004.6455 +001.2912 +170.7509 +004.2500 +001.5357 0
L1 02    178 +007.1366 +005.8796 +001.6814 -119.7943 +003.4712 -128.8807 0
L1 03    178 +012.6971 -004.4907 -000.8967 +163.2967 +004.5178 +091.5041 0
L1 04    178 +008.4599 +010.6750 +001.8048 -055.5480 -000.1969 +000.5263 0
L1 05    178 +014.3924 +009.9660 +001.9687 -108.7093 +000.9217 -011.5052 0
L1 06    178 +015.1867 -003.3177 -000.4347 +061.7552 +003.5750 -122.7374 0
L1 07    178 +014.4233 -001.6358 -000.2213 +029.0644 +024.2071 +155.3931 0
L1 08    178 +013.5503 -001.4189 -001.5677 +072.4711 -048.8976 +052.0062 0
L1 01    182 +013.4691 -004.6455 +001.2913 +170.7516 +004.2507 +001.5359 0
L1 02    182 +007.1366 +005.8796 +001.6814 -119.7944 +003.4713 -128.8806 0
L1 03    182 +012.6971 -004.4907 -000.8967 +163.2970 +004.5178 +091.5038 0
L1 04    182 +008.4599 +010.6750 +001.8048 -055.5479 -000.1969 +000.5264 0
L1 05    182 +014.3922 +009.9662 +001.9688 -108.7074 +000.9229 -011.5042 0
L1 06    182 +015.1866 -003.3180 -000.4347 +061.7540 +003.5745 -122.7368 0
L1 07    182 +014.4233 -001.6358 -000.2213 +029.0650 +024.2071 +155.3931 0
L1 08    182 +013.5503 -001.4190 -001.5677 +072.4706 -048.8975 +052.0063 0
L1 01    186 +013.4691 -004.6455 +001.2913 +170.7525 +004.2505 +001.5355 0
L1 02    186 +007.1366 +005.8796 +001.6814 -119.7943 +003.4711 -128.8808 0
L1 03    186 +012.6971 -004.4907 -000.8968 +163.2968 +004.5171 +091.5038 0
L1 04    186 +008.4599 +010.6750 +001.8048 -055.5485 -000.1967 +000.5261 0
L1 05    186 +014.3925 +009.9659 +001.9682 -108.7101 +000.9205 -011.5068 0
L1 06    186 +015.1867 -003.3179 -000.4349 +061.7540 +003.5762 -122.7353 0
L1 07    186 +014.4233 -001.6356 -000.2213 +029.0670 +024.2070 +155.3938 0
L1 08    186 +013.5503 -001.4190 -001.5677 +072.4696 -048.8972 +052.0069 0
L1 01    190 +013.4691 -004.6456 +001.2913 +170.7520 +004.2510 +001.5356 0
L1 02    190 +007.1366 +005.8796 +001.6814 -119.7947 +003.4712 -128.8808 0
L1 03    190 +012.6971 -004.4906 -000.8967 +163.2969 +004.5175 +091.5038 0
L1 04    190 +008.4600 +010.6749 +001.8048 -055.5485 -000.1966 +000.5266 0
L1 05    190 +014.3925 +009.9658 +001.9682 -108.7111 +000.9204 -011.5056 0
L1 06    190 +015.1866 -003.3180 -000.4347 +061.7522 +003.5768 -122.7372 0
L1 07    190 +014.4233 -001.6356 -000.2211 +029.0663 +024.2056 +155.3927 0
L1 08    190 +013.5503 -001.4191 -001.5677 +072.4686 -048.8970 +052.0070 0
L1 01    194 +013.4691 -004.6455 +001.2912 +170.7535 +004.2498 +001.5356 0
L1 02    194 +007.1366 +005.8796 +001.6814 -119.7944 +003.4710 -128.8807 0
L1 03    194 +012.6971 -004.4907 -000.8968 +163.2962 +004.5172 +091.5036 0
L1 04    194 +008.4599 +010.6750 +001.8048 -055.5480 -000.1966 +000.5264 0
L1 05    194 +014.3926 +009.9657 +001.9681 -108.7118 +000.9190 -011.5057 0
L1 06    194 +015.1866 -003.3179 -000.4346 +061.7531 +003.5752 -122.7370 0
L1 07    194 +014.4233 -001.6356 -000.2213 +029.0669 +024.2071 +155.3932 0
L1 08    194 +013.5503 -001.4190 -001.5678 +072.4689 -048.8967 +052.0076 0
L1 01    198 +013.4691 -004.6455 +001.2912 +170.7552 +004.2506 +001.5356 0
L1 02    198 +007.1366 +005.8796 +001.6814 -119.7946 +003.4711 -128.8809 0
L1 03    198 +012.6972 -004.4907 -000.8968 +163.2965 +004.5177 +091.5035 0
L1 04    198 +008.4599 +010.6750 +001.8048 -055.5481 -000.1966 +000.5262 0
L1 05    198 +014.3928 +009.9654 +001.9684 -108.7142 +000.9191 -011.5035 0
L1 06    198 +015.1866 -003.3180 -000.4346 +061.7521 +003.5758 -122.7373 0
L1 07    198 +014.4233 -001.6357 -000.2211 +029.0661 +024.2060 +155.3920 0
L1 08    198 +013.5503 -001.4191 -001.5678 +072.4681 -048.8966 +052.0069 0
L1 01    202 +013.4691 -004.6458 +001.2913 +170.7541 +004.2526 +001.5357 0
L1 02    202 +007.1366 +005.8796 +001.6814 -119.7948 +003.4712 -128.8808 0
L1 03    202 +012.6972 -004.4906 -000.8967 +163.2977 +004.5188 +091.5038 0
L1 04    202 +008.4599 +010.6750 +001.8048 -055.5480 -000.1964 +000.5264 0
L1 05    202 +014.3926 +009.9656 +001.9689 -108.7118 +000.9228 -011.5025 0
L1 06    202 +015.1867 -003.3180 -000.4348 +061.7525 +003.5759 -122.7358 0
L1 07    202 +014.4233 -001.6357 -000.2212 +029.0658 +024.2065 +155.3921 0
L1 08    202 +013.5503 -001.4192 -001.5678 +072.4676 -048.8966 +052.0062 0
L1 01    206 +013.4691 -004.6457 +001.2912 +170.7556 +004.2512 +001.5357 0
L1 02    206 +007.1366 +005.8796 +001.6814 -119.7946 +003.4711 -128.8809 0
L1 03    206 +012.6972 -004.4907 -000.8968 +163.2964 +004.5179 +091.5038 0
L1 04    206 +008.4600 +010.6749 +001.8048 -055.5487 -000.1966 +000.5265 0
L1 05    206 +014.3928 +009.9654 +001.9687 -108.7132 +000.9238 -011.5045 0
L1 06    206 +015.1866 -003.3181 -000.4348 +061.7518 +003.5775 -122.7362 0
L1 07    206 +014.4233 -001.6354 -000.2212 +029.0681 +024.2068 +155.3922 0
L1 08    206 +013.5503 -001.4192 -001.5678 +072.4680 -048.8962 +052.0069 0
L1 01    210 +013.4690 -004.6459 +001.2913 +170.7552 +004.2519 +001.5364 0
L1 02    210 +007.1366 +005.8796 +001.6814 -119.7946 +003.4711 -128.8808 0
L1 03    210 +012.6971 -004.4906 -000.8967 +163.2973 +004.5178 +091.5035 0
L1 04    210 +008.4599 +010.6750 +001.8048 -055.5478 -000.1969 +000.5264 0
L1 05    210 +014.3929 +009.9653 +001.9685 -108.7140 +000.9221 -011.5066 0
L1 06    210 +015.1866 -003.3180 -000.4349 +061.7516 +003.5785 -122.7349 0
L1 07    210 +014.4233 -001.6356 -000.2211 +029.0669 +024.2069 +155.3914 0
L1 08    210 +013.5503 -001.4192 -001.5678 +072.4670 -048.8958 +052.0076 0
L1 01    214 +013.4691 -004.6459 +001.2913 +170.7563 +004.2519 +001.5362 0
L1 02    214 +007.1366 +005.8795 +001.6814 -119.7950 +003.4712 -128.8807 0
L1 03    214 +012.6971 -004.4907 -000.8968 +163.2965 +004.5175 +091.5040 0
L1 04    214 +008.4599 +010.6749 +001.8047 -055.5483 -000.1967 +000.5262 0
L1 05    214 +014.3927 +009.9655 +001.9688 -108.7124 +000.9231 -011.5058 0
L1 06    214 +015.1866 -003.3180 -000.4348 +061.7510 +003.5776 -122.7351 0
L1 07    214 +014.4233 -001.6355 -000.2211 +029.0677 +024.2070 +155.3912 0
L1 08    214 +013.5503 -001.4192 -001.5677 +072.4666 -048.8960 +052.0070 0
L1 01    218 +013.4691 -004.6458 +001.2914 +170.7576 +004.2518 +001.5363 0
L1 02    218 +007.1366 +005.8796 +001.6814 -119.7949 +003.4711 -128.8808 0
L1 03    218 +012.6971 -004.4907 -000.8967 +163.2967 +004.5178 +091.5037 0
L1 04    218 +008.4600 +010.6749 +001.8048 -055.5488 -000.1966 +000.5265 0
L1 05    218 +014.3927 +009.9654 +001.9686 -108.7121 +000.9225 -011.5048 0
L1 06    218 +015.1866 -003.3180 -000.4349 +061.7512 +003.5779 -122.7348 0
L1 07    218 +014.4233 -001.6355 -000.2209 +029.0680 +024.2060 +155.3909 0
L1 08    218 +013.5503 -001.4193 -001.5676 +072.4660 -048.8962 +052.0066 0
L1 01    222 +013.4691 -004.6458 +001.2912 +170.7589 +004.2507 +001.5367 0
L1 02    222 +007.1366 +005.8796 +001.6814 -119.7949 +003.4711 -128.8808 0
L1 03    222 +012.6971 -004.4907 -000.8968 +163.2971 +004.5174 +091.5035 0
L1 04    222 +008.4599 +010.6749 +001.8048 -055.5483 -000.1965 +000.5265 0
L1 05    222 +014.3925 +009.9657 +001.9688 -108.7111 +000.9227 -011.5046 0
L1 06    222 +015.1866 -003.3179 -000.4348 +061.7522 +003.5786 -122.7348 0
L1 07    222 +014.4233 -001.6355 -000.2209 +029.0689 +024.2062 +155.3905 0
L1 08    222 +013.5503 -001.4192 -001.5677 +072.4663 -048.8960 +052.0076 0
L1 01    226 +013.4691 -004.6458 +001.2913 +170.7607 +004.2517 +001.5363 0
L1 02    226 +007.1366 +005.8796 +001.6814 -119.7948 +003.4711 -128.8809 0
L1 03    226 +012.6971 -004.4907 -000.8967 +163.2966 +004.5182 +091.5038 0
L1 04    226 +008.4600 +010.6749 +001.8047 -055.5490 -000.1967 +000.5261 0
L1 05    226 +014.3924 +009.9660 +001.9687 -108.7094 +000.9222 -011.5045 0
L1 06    226 +015.1866 -003.3181 -000.4346 +061.7504 +003.5785 -122.7363 0
L1 07    226 +014.4233 -001.6356 -000.2211 +029.0687 +024.2075 +155.3911 0
L1 08    226 +013.5503 -001.4192 -001.5677 +072.4662 -048.8959 +052.0077 0
L1 01    230 +013.4691 -004.6458 +001.2914 +170.7616 +004.2520 +001.5367 0
L1 02    230 +007.1366 +005.8796 +001.6814 -119.7949 +003.4711 -128.8810 0
L1 03    230 +012.6971 -004.4908 -000.8968 +163.2963 +004.5180 +091.5042 0
L1 04    230 +008.4599 +010.6749 +001.8048 -055.5486 -000.1968 +000.5264 0
L1 05    230 +014.3928 +009.9655 +001.9682 -108.7130 +000.9192 -011.5059 0
L1 06    230 +015.1866 -003.3182 -000.4350 +061.7496 +003.5793 -122.7335 0
L1 07    230 +014.4232 -001.6356 -000.2213 +029.0684 +024.2083 +155.3918 0
L1 08    230 +013.5503 -001.4193 -001.5678 +072.4653 -048.8954 +052.0079 0
L1 01    234 +013.4691 -004.6457 +001.2913 +170.7641 +004.2511 +001.5359 0
L1 02    234 +007.1366 +005.8796 +001.6814 -119.7941 +003.4709 -128.8810 0
L1 03    234 +012.6971 -004.4908 -000.8968 +163.2963 +004.5177 +091.5038 0
L1 04    234 +008.4600 +010.6750 +001.8047 -055.5484 -000.1969 +000.5260 0
L1 05    234 +014.3929 +009.9654 +001.9681 -108.7130 +000.9186 -011.5062 0
L1 06    234 +015.1866 -003.3181 -000.4350 +061.7507 +003.5799 -122.7341 0
L1 07    234 +014.4233 -001.6354 -000.2211 +029.0697 +024.2078 +155.3900 0
L1 08    234 +013.5503 -001.4191 -001.5678 +072.4662 -048.8955 +052.0085 0
L1 01    238 +013.4691 -004.6457 +001.2912 +170.7658 +004.2502 +001.5363 0
L1 02    238 +007.1365 +005.8797 +001.6814 -119.7938 +003.4710 -128.8808 0
L1 03    238 +012.6971 -004.4907 -000.8968 +163.2968 +004.5176 +091.5041 0
L1 04    238 +008.4598 +010.6750 +001.8048 -055.5477 -000.1971 +000.5266 0
L1 05    238 +014.3927 +009.9657 +001.9682 -108.7106 +000.9183 -011.5062 0
L1 06    238 +015.1867 -003.3180 -000.4347 +061.7512 +003.5788 -122.7359 0
L1 07    238 +014.4233 -001.6356 -000.2211 +029.0694 +024.2068 +155.3915 0
L1 08    238 +013.5503 -001.4191 -001.5678 +072.4664 -048.8953 +052.0085 0
L1 01    242 +013.4692 -004.6456 +001.2912 +170.7673 +004.2499 +001.5356 0
L1 02    242 +007.1366 +005.8796 +001.6814 -119.7943 +003.4711 -128.8807 0
L1 03    242 +012.6971 -004.4907 -000.8968 +163.2970 +004.5172 +091.5038 0
L1 04    242 +008.4598 +010.6750 +001.8048 -055.5475 -000.1971 +000.5264 0
L1 05    242 +014.3926 +009.9656 +001.9680 -108.7105 +000.9181 -011.5061 0
L1 06    242 +015.1867 -003.3179 -000.4349 +061.7517 +003.5815 -122.7349 0
L1 07    242 +014.4233 -001.6355 -000.2213 +029.0710 +024.2087 +155.3918 0
L1 08    242 +013.5503 -001.4190 -001.5678 +072.4668 -048.8956 +052.0090 0
L1 01    246 +013.4692 -004.6454 +001.2912 +170.7695 +004.2497 +001.5350 0
L1 02    246 +007.1366 +005.8796 +001.6814 -119.7944 +003.4714 -128.8807 0
L1 03    246 +012.6972 -004.4906 -000.8967 +163.2976 +004.5177 +091.5036 0
L1 04    246 +008.4599 +010.6750 +001.8048 -055.5478 -000.1970 +000.5263 0
L1 05    246 +014.3926 +009.9656 +001.9679 -108.7109 +000.9177 -011.5075 0
L1 06    246 +015.1866 -003.3182 -000.4348 +061.7498 +003.5811 -122.7355 0
L1 07    246 +014.4233 -001.6357 -000.2212 +029.0703 +024.2078 +155.3920 0
L1 08    246 +013.5503 -001.4190 -001.5678 +072.4667 -048.8956 +052.0092 0
L1 01    250 +013.4692 -004.6456 +001.2912 +170.7685 +004.2498 +001.5357 0
L1 02    250 +007.1366 +005.8796 +001.6814 -119.7945 +003.4714 -128.8810 0
L1 03    250 +012.6971 -004.4908 -000.8967 +163.2960 +004.5177 +091.5042 0
L1 04    250 +008.4600 +010.6749 +001.8048 -055.5486 -000.1967 +000.5266 0
L1 05    250 +014.3929 +009.9653 +001.9677 -108.7140 +000.9175 -011.5086 0
L1 06    250 +015.1866 -003.3183 -000.4347 +061.7481 +003.5809 -122.7367 0
L1 07    250 +014.4233 -001.6353 -000.2212 +029.0721 +024.2075 +155.3910 0
L1 08    250 +013.5503 -001.4190 -001.5678 +072.4661 -048.8959 +052.0090 0
L1 01    254 +013.4692 -004.6456 +001.2912 +170.7699 +004.2502 +001.5352 0
L1 02    254 +007.1366 +005.8796 +001.6814 -119.7946 +003.4712 -128.8809 0
L1 03    254 +012.6971 -004.4908 -000.8968 +163.2963 +004.5170 +091.5041 0
L1 04    254 +008.4600 +010.6749 +001.8048 -055.5488 -000.1968 +000.5262 0
L1 05    254 +014.3929 +009.9653 +001.9684 -108.7133 +000.9212 -011.5067 0
L1 06    254 +015.1866 -003.3185 -000.4349 +061.7474 +003.5819 -122.7342 0
L1 07    254 +014.4233 -001.6355 -000.2211 +029.0719 +024.2067 +155.3904 0
L1 08    254 +013.5503 -001.4191 -001.5677 +072.4660 -048.8957 +052.0087 0
L1 01    258 +013.4692 -004.6456 +001.2913 +170.7709 +004.2512 +001.5357 0
L1 02    258 +007.1366 +005.8796 +001.6814 -119.7943 +003.4712 -128.8807 0
L1 03    258 +012.6972 -004.4907 -000.8968 +163.2971 +004.5176 +091.5041 0
L1 04    258 +008.4599 +010.6750 +001.8048 -055.5482 -000.1967 +000.5263 0
L1 05    258 +014.3927 +009.9656 +001.9682 -108.7118 +000.9205 -011.5071 0
L1 06    258 +015.1866 -003.3180 -000.4349 +061.7504 +003.5818 -122.7338 0
L1 07    258 +014.4233 -001.6353 -000.2210 +029.0740 +024.2064 +155.3908 0
L1 08    258 +013.5503 -001.4190 -001.5678 +072.4659 -048.8957 +052.0090 0
L1 01    262 +013.4692 -004.6457 +001.2914 +170.7716 +004.2524 +001.5360 0
L1 02    262 +007.1366 +005.8796 +001.6814 -119.7946 +003.4712 -128.8809 0
L1 03    262 +012.6972 -004.4907 -000.8968 +163.2972 +004.5179 +091.5042 0
L1 04    262 +008.4600 +010.6749 +001.8048 -055.5491 -000.1965 +000.5265 0
L1 05    262 +014.3926 +009.9656 +001.9682 -108.7127 +000.9200 -011.5077 0
L1 06    262 +015.1866 -003.3184 -000.4349 +061.7473 +003.5809 -122.7338 0
L1 07    262 +014.4233 -001.6355 -000.2210 +029.0727 +024.2063 +155.3908 0
L1 08    262 +013.5503 -001.4192 -001.5678 +072.4651 -048.8951 +052.0085 0
L1 01    266 +013.4691 -004.6458 +001.2913 +170.7721 +004.2513 +001.5361 0
L1 02    266 +007.1366 +005.8796 +001.6814 -119.7950 +003.4714 -128.8808 0
L1 03    266 +012.6971 -004.4909 -000.8968 +163.2957 +004.5181 +091.5045 0
L1 04    266 +008.4600 +010.6748 +001.8048 -055.5493 -000.1963 +000.5266 0
L1 05    266 +014.3928 +009.9655 +001.9679 -108.7139 +000.9192 -011.5087 0
L1 06    266 +015.1867 -003.3180 -000.4348 +061.7502 +003.5800 -122.7346 0
L1 07    266 +014.4233 -001.6355 -000.2210 +029.0727 +024.2059 +155.3906 0
L1 08    266 +013.5503 -001.4192 -001.5677 +072.4652 -048.8950 +052.0086 0
L1 01    270 +013.4691 -004.6458 +001.2914 +170.7729 +004.2518 +001.5362 0
L1 02    270 +007.1366 +005.8796 +001.6814 -119.7950 +003.4713 -128.8809 0
L1 03    270 +012.6971 -004.4908 -000.8967 +163.2964 +004.5182 +091.5045 0
L1 04    270 +008.4600 +010.6749 +001.8048 -055.5492 -000.1963 +000.5265 0
L1 05    270 +014.3931 +009.9650 +001.9684 -108.7163 +000.9220 -011.5081 0
L1 06    270 +015.1866 -003.3179 -000.4348 +061.7505 +003.5813 -122.7344 0
L1 07    270 +014.4233 -001.6353 -000.2211 +029.0739 +024.2071 +155.3907 0
L1 08    270 +013.5504 -001.4191 -001.5677 +072.4656 -048.8951 +052.0085 0
L1 01    274 +013.4692 -004.6456 +001.2913 +170.7758 +004.2515 +001.5353 0
L1 02    274 +007.1367 +005.8795 +001.6813 -119.7959 +003.4709 -128.8815 0
L1 03    274 +012.6971 -004.4909 -000.8967 +163.2958 +004.5183 +091.5042 0
L1 04    274 +008.4601 +010.6748 +001.8047 -055.5503 -000.1967 +000.5254 0
L1 05    274 +014.3932 +009.9649 +001.9683 -108.7176 +000.9217 -011.5078 0
L1 06    274 +015.1866 -003.3184 -000.4346 +061.7478 +003.5805 -122.7355 0
L1 07    274 +014.4233 -001.6353 -000.2211 +029.0750 +024.2071 +155.3907 0
L1 08    274 +013.5504 -001.4191 -001.5677 +072.4658 -048.8957 +052.0083 0
L1 01    278 +013.4692 -004.6456 +001.2914 +170.7772 +004.2524 +001.5363 0
L1 02    278 +007.1366 +005.8795 +001.6814 -119.7953 +003.4713 -128.8810 0
L1 03    278 +012.6972 -004.4906 -000.8967 +163.2982 +004.5184 +091.5042 0
L1 04    278 +008.4600 +010.6749 +001.8049 -055.5493 -000.1961 +000.5269 0
L1 05    278 +014.3926 +009.9656 +001.9686 -108.7116 +000.9225 -011.5049 0
L1 06    278 +015.1866 -003.3182 -000.4348 +061.7492 +003.5815 -122.7345 0
L1 07    278 +014.4233 -001.6357 -000.2213 +029.0733 +024.2080 +155.3916 0
L1 08    278 +013.5503 -001.4192 -001.5677 +072.4652 -048.8954 +052.0083 0
L1 01    282 +013.4692 -004.6457 +001.2914 +170.7770 +004.2530 +001.5365 0
L1 02    282 +007.1367 +005.8795 +001.6814 -119.7959 +003.4713 -128.8808 0
L1 03    282 +012.6972 -004.4906 -000.8967 +163.2982 +004.5188 +091.5041 0
L1 04    282 +008.4601 +010.6748 +001.8049 -055.5497 -000.1964 +000.5269 0
L1 05    282 +014.3928 +009.9654 +001.9685 -108.7148 +000.9217 -011.5050 0
L1 06    282 +015.1866 -003.3183 -000.4349 +061.7474 +003.5809 -122.7337 0
L1 07    282 +014.4233 -001.6355 -000.2211 +029.0732 +024.2079 +155.3895 0
L1 08    282 +013.5504 -001.4192 -001.5677 +072.4646 -048.8948 +052.0083 0
L1 01    286 +013.4691 -004.6458 +001.2914 +170.7778 +004.2523 +001.5363 0
L1 02    286 +007.1367 +005.8794 +001.6814 -119.7964 +003.4713 -128.8811 0
L1 03    286 +012.6972 -004.4907 -000.8967 +163.2974 +004.5184 +091.5043 0
L1 04    286 +008.4601 +010.6747 +001.8048 -055.5508 -000.1962 +000.5267 0
L1 05    286 +014.3929 +009.9652 +001.9689 -108.7156 +000.9241 -011.5037 0
L1 06    286 +015.1866 -003.3183 -000.4346 +061.7472 +003.5812 -122.7358 0
L1 07    286 +014.4233 -001.6356 -000.2210 +029.0731 +024.2070 +155.3892 0
L1 08    286 +013.5504 -001.4193 -001.5677 +072.4645 -048.8950 +052.0078 0
L1 01    290 +013.4692 -004.6457 +001.2914 +170.7801 +004.2529 +001.5359 0
L1 02    290 +007.1366 +005.8795 +001.6814 -119.7955 +003.4708 -128.8809 0
L1 03    290 +012.6972 -004.4905 -000.8967 +163.2990 +004.5186 +091.5040 0
L1 04    290 +008.4600 +010.6749 +001.8048 -055.5497 -000.1967 +000.5262 0
L1 05    290 +014.3928 +009.9653 +001.9687 -108.7143 +000.9222 -011.5050 0
L1 06    290 +015.1866 -003.3182 -000.4350 +061.7484 +003.5832 -122.7321 0
L1 07    290 +014.4233 -001.6358 -000.2210 +029.0732 +024.2068 +155.3904 0
L1 08    290 +013.5503 -001.4193 -001.5677 +072.4634 -048.8943 +052.0092 0
L1 01    294 +013.4692 -004.6457 +001.2913 +170.7819 +004.2525 +001.5361 0
L1 02    294 +007.1367 +005.8795 +001.6814 -119.7958 +003.4711 -128.8810 0
L1 03    294 +012.6972 -004.4906 -000.8967 +163.2984 +004.5185 +091.5039 0
L1 04    294 +008.4600 +010.6748 +001.8048 -055.5498 -000.1964 +000.5268 0
L1 05    294 +014.3928 +009.9654 +001.9689 -108.7143 +000.9235 -011.5033 0
L1 06    294 +015.1866 -003.3183 -000.4350 +061.7483 +003.5822 -122.7322 0
L1 07    294 +014.4233 -001.6355 -000.2210 +029.0751 +024.2073 +155.3901 0
L1 08    294 +013.5503 -001.4193 -001.5677 +072.4635 -048.8944 +052.0097 0
L1 01    298 +013.4693 -004.6455 +001.2912 +170.7846 +004.2510 +001.5359 0
L1 02    298 +007.1367 +005.8795 +001.6814 -119.7959 +003.4712 -128.8810 0
L1 03    298 +012.6971 -004.4906 -000.8967 +163.2979 +004.5182 +091.5040 0
L1 04    298 +008.4601 +010.6748 +001.8049 -055.5502 -000.1963 +000.5270 0
L1 05    298 +014.3929 +009.9652 +001.9685 -108.7149 +000.9223 -011.5059 0
L1 06    298 +015.1865 -003.3182 -000.4348 +061.7484 +003.5832 -122.7344 0
L1 07    298 +014.4233 -001.6355 -000.2209 +029.0755 +024.2070 +155.3891 0
L1 08    298 +013.5503 -001.4192 -001.5677 +072.4646 -048.8944 +052.0089 0
L1 01    302 +013.4693 -004.6454 +001.2912 +170.7863 +004.2500 +001.5357 0
L1 02    302 +007.1367 +005.8795 +001.6814 -119.7960 +003.4714 -128.8810 0
L1 03    302 +012.6971 -004.4907 -000.8968 +163.2970 +004.5173 +091.5039 0
L1 04    302 +008.4601 +010.6747 +001.8048 -055.5504 -000.1968 +000.5267 0
L1 05    302 +014.3930 +009.9650 +001.9685 -108.7157 +000.9215 -011.5053 0
L1 06    302 +015.1866 -003.3180 -000.4344 +061.7488 +003.5828 -122.7368 0
L1 07    302 +014.4233 -001.6356 -000.2210 +029.0751 +024.2069 +155.3892 0
L1 08    302 +013.5503 -001.4192 -001.5677 +072.4641 -048.8944 +052.0096 0
L1 01    306 +013.4694 -004.6450 +001.2911 +170.7904 +004.2500 +001.5346 0
L1 02    306 +007.1366 +005.8795 +001.6814 -119.7955 +003.4715 -128.8807 0
L1 03    306 +012.6972 -004.4905 -000.8968 +163.2984 +004.5175 +091.5036 0
L1 04    306 +008.4601 +010.6748 +001.8048 -055.5497 -000.1967 +000.5262 0
L1 05    306 +014.3928 +009.9654 +001.9684 -108.7123 +000.9212 -011.5048 0
L1 06    306 +015.1866 -003.3180 -000.4347 +061.7494 +003.5845 -122.7348 0
L1 07    306 +014.4232 -001.6358 -000.2210 +029.0742 +024.2069 +155.3888 0
L1 08    306 +013.5503 -001.4189 -001.5677 +072.4660 -048.8948 +052.0096 0
L1 01    310 +013.4692 -004.6457 +001.2912 +170.7855 +004.2508 +001.5363 0
L1 02    310 +007.1367 +005.8795 +001.6814 -119.7958 +003.4710 -128.8810 0
L1 03    310 +012.6971 -004.4907 -000.8968 +163.2972 +004.5175 +091.5039 0
L1 04    310 +008.4602 +010.6747 +001.8048 -055.5506 -000.1964 +000.5264 0
L1 05    310 +014.3929 +009.9652 +001.9685 -108.7147 +000.9206 -011.5046 0
L1 06    310 +015.1866 -003.3183 -000.4346 +061.7465 +003.5842 -122.7352 0
L1 07    310 +014.4233 -001.6358 -000.2210 +029.0740 +024.2060 +155.3900 0
L1 08    310 +013.5503 -001.4192 -001.5677 +072.4630 -048.8945 +052.0100 0
L1 01    314 +013.4693 -004.6455 +001.2912 +170.7883 +004.2501 +001.5354 0
L1 02    314 +007.1367 +005.8795 +001.6814 -119.7960 +003.4712 -128.8810 0
L1 03    314 +012.6972 -004.4907 -000.8968 +163.2969 +004.5173 +091.5038 0
L1 04    314 +008.4602 +010.6747 +001.8047 -055.5512 -000.1967 +000.5256 0
L1 05    314 +014.3928 +009.9652 +001.9688 -108.7152 +000.9221 -011.5034 0
L1 06    314 +015.1867 -003.3183 -000.4348 +061.7470 +003.5837 -122.7340 0
L1 07    314 +014.4233 -001.6359 -000.2209 +029.0740 +024.2058 +155.3894 0
L1 08    314 +013.5503 -001.4192 -001.5678 +072.4626 -048.8942 +052.0108 0
L1 01    318 +013.4692 -004.6457 +001.2914 +170.7872 +004.2521 +001.5360 0
L1 02    318 +007.1366 +005.8795 +001.6814 -119.7958 +003.4710 -128.8811 0
L1 03    318 +012.6971 -004.4907 -000.8968 +163.2976 +004.5172 +091.5042 0
L1 04    318 +008.4601 +010.6748 +001.8048 -055.5505 -000.1965 +000.5263 0
L1 05    318 +014.3926 +009.9655 +001.9689 -108.7137 +000.9226 -011.5033 0
L1 06    318 +015.1866 -003.3183 -000.4349 +061.7461 +003.5846 -122.7325 0
L1 07    318 +014.4233 -001.6360 -000.2209 +029.0738 +024.2068 +155.3902 0
L1 08    318 +013.5503 -001.4193 -001.5678 +072.4613 -048.8938 +052.0109 0
L1 01    322 +013.4692 -004.6457 +001.2913 +170.7883 +004.2511 +001.5357 0
L1 02    322 +007.1367 +005.8795 +001.6814 -119.7962 +003.4711 -128.8812 0
L1 03    322 +012.6971 -004.4907 -000.8968 +163.2967 +004.5165 +091.5042 0
L1 04    322 +008.4602 +010.6747 +001.8047 -055.5510 -000.1967 +000.5259 0
L1 05    322 +014.3927 +009.9655 +001.9684 -108.7139 +000.9198 -011.5050 0
L1 06    322 +015.1866 -003.3183 -000.4349 +061.7457 +003.5848 -122.7327 0
L1 07    322 +014.4233 -001.6359 -000.2209 +029.0743 +024.2066 +155.3900 0
L1 08    322 +013.5503 -001.4193 -001.5678 +072.4608 -048.8940 +052.0115 0
L1 01    326 +013.4693 -004.6455 +001.2913 +170.7903 +004.2511 +001.5362 0
L1 02    326 +007.1367 +005.8794 +001.6814 -119.7963 +003.4711 -128.8810 0
L1 03    326 +012.6972 -004.4905 -000.8967 +163.2989 +004.5173 +091.5040 0
L1 04    326 +008.4601 +010.6748 +001.8048 -055.5502 -000.1966 +000.5267 0
L1 05    326 +014.3927 +009.9655 +001.9684 -108.7123 +000.9196 -011.5049 0
L1 06    326 +015.1866 -003.3181 -000.4349 +061.7481 +003.5851 -122.7324 0
L1 07    326 +014.4233 -001.6358 -000.2209 +029.0756 +024.2071 +155.3895 0
L1 08    326 +013.5503 -001.4192 -001.5677 +072.4611 -048.8938 +052.0116 0
L1 01    330 +013.4693 -004.6455 +001.2912 +170.7921 +004.2500 +001.5360 0
L1 02    330 +007.1367 +005.8794 +001.6814 -119.7963 +003.4713 -128.8808 0
L1 03    330 +012.6971 -004.4907 -000.8968 +163.2975 +004.5165 +091.5041 0
L1 04    330 +008.4601 +010.6748 +001.8048 -055.5498 -000.1969 +000.5262 0
L1 05    330 +014.3929 +009.9652 +001.9683 -108.7136 +000.9199 -011.5060 0
L1 06    330 +015.1866 -003.3182 -000.4347 +061.7472 +003.5851 -122.7342 0
L1 07    330 +014.4233 -001.6356 -000.2210 +029.0770 +024.2077 +155.3892 0
L1 08    330 +013.5503 -001.4192 -001.5677 +072.4615 -048.8939 +052.0116 0
L1 01    334 +013.4692 -004.6456 +001.2914 +170.7918 +004.2519 +001.5359 0
L1 02    334 +007.1367 +005.8795 +001.6814 -119.7958 +003.4714 -128.8808 0
L1 03    334 +012.6971 -004.4906 -000.8967 +163.2979 +004.5174 +091.5043 0
L1 04    334 +008.4601 +010.6748 +001.8048 -055.5499 -000.1967 +000.5262 0
L1 05    334 +014.3928 +009.9653 +001.9684 -108.7128 +000.9210 -011.5057 0
L1 06    334 +015.1866 -003.3180 -000.4348 +061.7476 +003.5861 -122.7330 0
L1 07    334 +014.4232 -001.6358 -000.2212 +029.0764 +024.2085 +155.3901 0
L1 08    334 +013.5503 -001.4193 -001.5677 +072.4608 -048.8937 +052.0113 0
L1 01    338 +013.4693 -004.6455 +001.2913 +170.7938 +004.2505 +001.5362 0
L1 02    338 +007.1367 +005.8795 +001.6814 -119.7958 +003.4713 -128.8808 0
L1 03    338 +012.6971 -004.4907 -000.8968 +163.2978 +004.5168 +091.5039 0
L1 04    338 +008.4601 +010.6748 +001.8048 -055.5501 -000.1967 +000.5261 0
L1 05    338 +014.3928 +009.9654 +001.9683 -108.7119 +000.9206 -011.5061 0
L1 06    338 +015.1866 -003.3180 -000.4347 +061.7472 +003.5864 -122.7337 0
L1 07    338 +014.4233 -001.6355 -000.2210 +029.0787 +024.2075 +155.3901 0
L1 08    338 +013.5503 -001.4192 -001.5677 +072.4615 -048.8935 +052.0115 0
L1 01    342 +013.4693 -004.6454 +001.2912 +170.7948 +004.2505 +001.5359 0
L1 02    342 +007.1367 +005.8795 +001.6814 -119.7958 +003.4710 -128.8809 0
L1 03    342 +012.6971 -004.4906 -000.8968 +163.2978 +004.5166 +091.5039 0
L1 04    342 +008.4601 +010.6748 +001.8048 -055.5499 -000.1967 +000.5266 0
L1 05    342 +014.3931 +009.9651 +001.9681 -108.7141 +000.9195 -011.5067 0
L1 06    342 +015.1866 -003.3183 -000.4350 +061.7454 +003.5861 -122.7320 0
L1 07    342 +014.4232 -001.6357 -000.2212 +029.0782 +024.2085 +155.3900 0
L1 08    342 +013.5503 -001.4191 -001.5677 +072.4619 -048.8936 +052.0116 0
L1 01    346 +013.4692 -004.6457 +001.2913 +170.7931 +004.2509 +001.5361 0
L1 02    346 +007.1367 +005.8795 +001.6814 -119.7961 +003.4709 -128.8810 0
L1 03    346 +012.6972 -004.4906 -000.8968 +163.2983 +004.5170 +091.5039 0
L1 04    346 +008.4602 +010.6747 +001.8048 -055.5510 -000.1966 +000.5264 0
L1 05    346 +014.3927 +009.9655 +001.9683 -108.7124 +000.9206 -011.5069 0
L1 06    346 +015.1865 -003.3186 -000.4349 +061.7429 +003.5869 -122.7316 0
L1 07    346 +014.4232 -001.6358 -000.2213 +029.0769 +024.2095 +155.3905 0
L1 08    346 +013.5503 -001.4192 -001.5677 +072.4604 -048.8934 +052.0117 0
L1 01    350 +013.4693 -004.6455 +001.2913 +170.7955 +004.2505 +001.5356 0
L1 02    350 +007.1367 +005.8795 +001.6814 -119.7959 +003.4710 -128.8811 0
L1 03    350 +012.6971 -004.4907 -000.8967 +163.2978 +004.5171 +091.5042 0
L1 04    350 +008.4602 +010.6747 +001.8048 -055.5508 -000.1967 +000.5263 0
L1 05    350 +014.3926 +009.9656 +001.9683 -108.7112 +000.9195 -011.5061 0
L1 06    350 +015.1865 -003.3186 -000.4347 +061.7432 +003.5853 -122.7327 0
L1 07    350 +014.4233 -001.6356 -000.2209 +029.0782 +024.2075 +155.3880 0
L1 08    350 +013.5503 -001.4192 -001.5677 +072.4607 -048.8938 +052.0116 0
L1 01    354 +013.4693 -004.6456 +001.2913 +170.7962 +004.2510 +001.5361 0
L1 02    354 +007.1366 +005.8795 +001.6814 -119.7957 +003.4711 -128.8809 0
L1 03    354 +012.6971 -004.4907 -000.8968 +163.2983 +004.5169 +091.5042 0
L1 04    354 +008.4601 +010.6748 +001.8048 -055.5503 -000.1967 +000.5262 0
L1 05    354 +014.3927 +009.9655 +001.9685 -108.7122 +000.9204 -011.5067 0
L1 06    354 +015.1865 -003.3184 -000.4347 +061.7441 +003.5866 -122.7330 0
L1 07    354 +014.4233 -001.6357 -000.2211 +029.0785 +024.2083 +155.3893 0
L1 08    354 +013.5503 -001.4192 -001.5676 +072.4611 -048.8936 +052.0111 0
L1 01    358 +013.4692 -004.6456 +001.2914 +170.7972 +004.2515 +001.5361 0
L1 02    358 +007.1366 +005.8795 +001.6814 -119.7957 +003.4711 -128.8809 0
L1 03    358 +012.6971 -004.4907 -000.8967 +163.2978 +004.5170 +091.5042 0
L1 04    358 +008.4601 +010.6748 +001.8048 -055.5503 -000.1968 +000.5263 0
L1 05    358 +014.3926 +009.9655 +001.9686 -108.7119 +000.9222 -011.5060 0
L1 06    358 +015.1866 -003.3182 -000.4345 +061.7450 +003.5860 -122.7342 0
L1 07    358 +014.4233 -001.6357 -000.2212 +029.0784 +024.2094 +155.3891 0
L1 08    358 +013.5503 -001.4192 -001.5677 +072.4611 -048.8936 +052.0113 0
L1 01    362 +013.4692 -004.6456 +001.2914 +170.7985 +004.2521 +001.5363 0
L1 02    362 +007.1367 +005.8795 +001.6814 -119.7958 +003.4710 -128.8810 0
L1 03    362 +012.6972 -004.4905 -000.8967 +163.2991 +004.5177 +091.5040 0
L1 04    362 +008.4601 +010.6748 +001.8048 -055.5497 -000.1967 +000.5265 0
L1 05    362 +014.3926 +009.9656 +001.9683 -108.7115 +000.9199 -011.5061 0
L1 06    362 +015.1866 -003.3179 -000.4347 +061.7464 +003.5866 -122.7332 0
L1 07    362 +014.4232 -001.6357 -000.2211 +029.0789 +024.2085 +155.3883 0
L1 08    362 +013.5503 -001.4192 -001.5677 +072.4608 -048.8934 +052.0116 0
L1 01    366 +013.4693 -004.6456 +001.2914 +170.7998 +004.2524 +001.5361 0
L1 02    366 +007.1366 +005.8795 +001.6814 -119.7955 +003.4709 -128.8811 0
L1 03    366 +012.6972 -004.4906 -000.8967 +163.2991 +004.5179 +091.5042 0
L1 04    366 +008.4601 +010.6748 +001.8049 -055.5500 -000.1965 +000.5266 0
L1 05    366 +014.3925 +009.9656 +001.9685 -108.7118 +000.9200 -011.5043 0
L1 06    366 +015.1866 -003.3180 -000.4351 +061.7464 +003.5885 -122.7311 0
L1 07    366 +014.4232 -001.6356 -000.2210 +029.0794 +024.2078 +155.3883 0
L1 08    366 +013.5503 -001.4193 -001.5677 +072.4600 -048.8935 +052.0117 0
L1 01    370 +013.4693 -004.6456 +001.2914 +170.8011 +004.2527 +001.5366 0
L1 02    370 +007.1366 +005.8795 +001.6814 -119.7955 +003.4711 -128.8810 0
L1 03    370 +012.6972 -004.4907 -000.8967 +163.2984 +004.5180 +091.5042 0
L1 04    370 +008.4601 +010.6748 +001.8048 -055.5506 -000.1965 +000.5264 0
L1 05    370 +014.3926 +009.9655 +001.9685 -108.7128 +000.9207 -011.5045 0
L1 06    370 +015.1866 -003.3182 -000.4350 +061.7446 +003.5874 -122.7313 0
L1 07    370 +014.4233 -001.6355 -000.2211 +029.0805 +024.2079 +155.3897 0
L1 08    370 +013.5503 -001.4193 -001.5677 +072.4592 -048.8930 +052.0116 0
L1 01    374 +013.4693 -004.6456 +001.2913 +170.8029 +004.2510 +001.5357 0
L1 02    374 +007.1366 +005.8795 +001.6814 -119.7959 +003.4716 -128.8811 0
L1 03    374 +012.6972 -004.4907 -000.8967 +163.2979 +004.5178 +091.5041 0
L1 04    374 +008.4602 +010.6747 +001.8048 -055.5510 -000.1965 +000.5263 0
L1 05    374 +014.3925 +009.9657 +001.9686 -108.7117 +000.9212 -011.5053 0
L1 06    374 +015.1867 -003.3182 -000.4349 +061.7451 +003.5876 -122.7322 0
L1 07    374 +014.4233 -001.6356 -000.2211 +029.0805 +024.2077 +155.3890 0
L1 08    374 +013.5503 -001.4192 -001.5678 +072.4599 -048.8928 +052.0117 0
L1 01    378 +013.4693 -004.6455 +001.2913 +170.8042 +004.2518 +001.5361 0
L1 02    378 +007.1366 +005.8795 +001.6814 -119.7959 +003.4714 -128.8810 0
L1 03    378 +012.6972 -004.4907 -000.8967 +163.2975 +004.5180 +091.5042 0
L1 04    378 +008.4601 +010.6747 +001.8049 -055.5508 -000.1963 +000.5266 0
L1 05    378 +014.3927 +009.9654 +001.9689 -108.7126 +000.9222 -011.5044 0
L1 06    378 +015.1866 -003.3183 -000.4352 +061.7445 +003.5888 -122.7306 0
L1 07    378 +014.4233 -001.6357 -000.2210 +029.0803 +024.2067 +155.3885 0
L1 08    378 +013.5504 -001.4192 -001.5678 +072.4601 -048.8928 +052.0121 0
L1 01    382 +013.4693 -004.6457 +001.2913 +170.8044 +004.2507 +001.5367 0
L1 02    382 +007.1367 +005.8795 +001.6814 -119.7960 +003.4710 -128.8812 0
L1 03    382 +012.6971 -004.4908 -000.8968 +163.2970 +004.5174 +091.5043 0
L1 04    382 +008.4602 +010.6747 +001.8048 -055.5509 -000.1964 +000.5266 0
L1 05    382 +014.3925 +009.9659 +001.9682 -108.7108 +000.9196 -011.5056 0
L1 06    382 +015.1865 -003.3183 -000.4349 +061.7444 +003.5879 -122.7321 0
L1 07    382 +014.4233 -001.6356 -000.2209 +029.0812 +024.2060 +155.3883 0
L1 08    382 +013.5504 -001.4192 -001.5677 +072.4602 -048.8928 +052.0119 0
L1 01    386 +013.4693 -004.6457 +001.2913 +170.8047 +004.2514 +001.5365 0
L1 02    386 +007.1367 +005.8795 +001.6814 -119.7958 +003.4711 -128.8812 0
L1 03    386 +012.6971 -004.4907 -000.8967 +163.2979 +004.5175 +091.5044 0
L1 04    386 +008.4601 +010.6748 +001.8048 -055.5500 -000.1964 +000.5267 0
L1 05    386 +014.3927 +009.9654 +001.9681 -108.7124 +000.9196 -011.5072 0
L1 06    386 +015.1866 -003.3184 -000.4348 +061.7437 +003.5878 -122.7325 0
L1 07    386 +014.4233 -001.6354 -000.2209 +029.0827 +024.2067 +155.3889 0
L1 08    386 +013.5504 -001.4191 -001.5678 +072.4597 -048.8926 +052.0128 0
L1 01    390 +013.4693 -004.6455 +001.2912 +170.8081 +004.2494 +001.5361 0
L1 02    390 +007.1366 +005.8795 +001.6814 -119.7955 +003.4713 -128.8810 0
L1 03    390 +012.6971 -004.4908 -000.8968 +163.2968 +004.5170 +091.5045 0
L1 04    390 +008.4601 +010.6748 +001.8048 -055.5504 -000.1967 +000.5266 0
L1 05    390 +014.3929 +009.9654 +001.9679 -108.7138 +000.9182 -011.5082 0
L1 06    390 +015.1865 -003.3184 -000.4348 +061.7435 +003.5878 -122.7328 0
L1 07    390 +014.4233 -001.6353 -000.2209 +029.0842 +024.2063 +155.3880 0
L1 08    390 +013.5503 -001.4191 -001.5678 +072.4601 -048.8928 +052.0129 0
L1 01    394 +013.4693 -004.6457 +001.2913 +170.8067 +004.2511 +001.5365 0
L1 02    394 +007.1366 +005.8795 +001.6814 -119.7956 +003.4712 -128.8811 0
L1 03    394 +012.6971 -004.4908 -000.8968 +163.2966 +004.5170 +091.5045 0
L1 04    394 +008.4601 +010.6748 +001.8048 -055.5503 -000.1966 +000.5264 0
L1 05    394 +014.3931 +009.9649 +001.9679 -108.7168 +000.9194 -011.5088 0
L1 06    394 +015.1866 -003.3184 -000.4345 +061.7421 +003.5883 -122.7346 0
L1 07    394 +014.4233 -001.6353 -000.2210 +029.0836 +024.2070 +155.3879 0
L1 08    394 +013.5504 -001.4192 -001.5678 +072.4595 -048.8922 +052.0125 0
L1 01    398 +013.4693 -004.6457 +001.2914 +170.8082 +004.2525 +001.5372 0
L1 02    398 +007.1367 +005.8795 +001.6814 -119.7959 +003.4711 -128.8810 0
L1 03    398 +012.6971 -004.4908 -000.8967 +163.2979 +004.5180 +091.5043 0
L1 04    398 +008.4600 +010.6748 +001.8049 -055.5496 -000.1964 +000.5271 0
L1 05    398 +014.3930 +009.9652 +001.9682 -108.7160 +000.9206 -011.5068 0
L1 06    398 +015.1866 -003.3182 -000.4348 +061.7435 +003.5891 -122.7325 0
L1 07    398 +014.4233 -001.6356 -000.2210 +029.0819 +024.2076 +155.3877 0
L1 08    398 +013.5504 -001.4192 -001.5677 +072.4597 -048.8922 +052.0116 0
L1 01    402 +013.4693 -004.6456 +001.2914 +170.8104 +004.2523 +001.5370 0
L1 02    402 +007.1367 +005.8795 +001.6814 -119.7962 +003.4715 -128.8810 0
L1 03    402 +012.6971 -004.4907 -000.8967 +163.2983 +004.5177 +091.5045 0
L1 04    402 +008.4601 +010.6748 +001.8048 -055.5502 -000.1966 +000.5269 0
L1 05    402 +014.3927 +009.9655 +001.9687 -108.7129 +000.9216 -011.5053 0
L1 06    402 +015.1866 -003.3181 -000.4349 +061.7449 +003.5901 -122.7328 0
L1 07    402 +014.4232 -001.6356 -000.2210 +029.0828 +024.2080 +155.3875 0
L1 08    402 +013.5504 -001.4192 -001.5677 +072.4595 -048.8921 +052.0124 0
L1 01    406 +013.4693 -004.6457 +001.2914 +170.8102 +004.2528 +001.5364 0
L1 02    406 +007.1367 +005.8795 +001.6814 -119.7963 +003.4712 -128.8810 0
L1 03    406 +012.6971 -004.4908 -000.8967 +163.2979 +004.5181 +091.5042 0
L1 04    406 +008.4601 +010.6747 +001.8049 -055.5507 -000.1962 +000.5269 0
L1 05    406 +014.3932 +009.9649 +001.9685 -108.7167 +000.9222 -011.5072 0
L1 06    406 +015.1865 -003.3185 -000.4349 +061.7412 +003.5904 -122.7321 0
L1 07    406 +014.4233 -001.6355 -000.2211 +029.0826 +024.2088 +155.3877 0
L1 08    406 +013.5504 -001.4192 -001.5677 +072.4584 -048.8921 +052.0123 0
L1 01    410 +013.4693 -004.6457 +001.2914 +170.8111 +004.2522 +001.5366 0
L1 02    410 +007.1366 +005.8795 +001.6814 -119.7954 +003.4710 -128.8811 0
L1 03    410 +012.6971 -004.4907 -000.8968 +163.2983 +004.5176 +091.5044 0
L1 04    410 +008.4601 +010.6747 +001.8049 -055.5507 -000.1963 +000.5270 0
L1 05    410 +014.3928 +009.9653 +001.9685 -108.7129 +000.9217 -011.5054 0
L1 06    410 +015.1866 -003.3182 -000.4349 +061.7437 +003.5899 -122.7318 0
L1 07    410 +014.4233 -001.6357 -000.2212 +029.0825 +024.2094 +155.3878 0
L1 08    410 +013.5504 -001.4192 -001.5677 +072.4592 -048.8920 +052.0118 0
L1 01    414 +013.4693 -004.6457 +001.2913 +170.8122 +004.2514 +001.5370 0
L1 02    414 +007.1366 +005.8795 +001.6814 -119.7958 +003.4712 -128.8810 0
L1 03    414 +012.6971 -004.4907 -000.8967 +163.2980 +004.5177 +091.5048 0
L1 04    414 +008.4601 +010.6748 +001.8048 -055.5505 -000.1966 +000.5268 0
L1 05    414 +014.3928 +009.9653 +001.9684 -108.7133 +000.9221 -011.5061 0
L1 06    414 +015.1867 -003.3180 -000.4347 +061.7449 +003.5896 -122.7330 0
L1 07    414 +014.4233 -001.6358 -000.2212 +029.0826 +024.2093 +155.3877 0
L1 08    414 +013.5504 -001.4192 -001.5677 +072.4588 -048.8921 +052.0121 0
L1 01    418 +013.4693 -004.6457 +001.2915 +170.8130 +004.2533 +001.5368 0
L1 02    418 +007.1366 +005.8795 +001.6814 -119.7958 +003.4711 -128.8810 0
L1 03    418 +012.6972 -004.4906 -000.8967 +163.2995 +004.5175 +091.5047 0
L1 04    418 +008.4601 +010.6748 +001.8048 -055.5500 -000.1967 +000.5266 0
L1 05    418 +014.3929 +009.9653 +001.9681 -108.7143 +000.9198 -011.5070 0
L1 06    418 +015.1867 -003.3181 -000.4348 +061.7437 +003.5910 -122.7314 0
L1 07    418 +014.4232 -001.6358 -000.2212 +029.0827 +024.2096 +155.3884 0
L1 08    418 +013.5504 -001.4193 -001.5677 +072.4581 -048.8918 +052.0124 0
L1 01    422 +013.4693 -004.6456 +001.2915 +170.8150 +004.2531 +001.5366 0
L1 02    422 +007.1366 +005.8795 +001.6814 -119.7956 +003.4711 -128.8810 0
L1 03    422 +012.6972 -004.4906 -000.8967 +163.2993 +004.5175 +091.5044 0
L1 04    422 +008.4600 +010.6748 +001.8048 -055.5496 -000.1967 +000.5262 0
L1 05    422 +014.3926 +009.9656 +001.9687 -108.7121 +000.9223 -011.5046 0
L1 06    422 +015.1866 -003.3183 -000.4349 +061.7426 +003.5912 -122.7309 0
L1 07    422 +014.4233 -001.6355 -000.2211 +029.0852 +024.2093 +155.3881 0
L1 08    422 +013.5503 -001.4192 -001.5677 +072.4582 -048.8916 +052.0131 0
L1 01    426 +013.4693 -004.6455 +001.2914 +170.8166 +004.2528 +001.5366 0
L1 02    426 +007.1366 +005.8795 +001.6814 -119.7956 +003.4708 -128.8810 0
L1 03    426 +012.6972 -004.4906 -000.8967 +163.2992 +004.5178 +091.5042 0
L1 04    426 +008.4600 +010.6748 +001.8048 -055.5496 -000.1966 +000.5264 0
L1 05    426 +014.3929 +009.9652 +001.9685 -108.7141 +000.9214 -011.5060 0
L1 06    426 +015.1866 -003.3180 -000.4348 +061.7436 +003.5922 -122.7320 0
L1 07    426 +014.4233 -001.6356 -000.2211 +029.0852 +024.2085 +155.3883 0
L1 08    426 +013.5503 -001.4192 -001.5677 +072.4582 -048.8917 +052.0130 0
L1 01    430 +013.4693 -004.6457 +001.2914 +170.8167 +004.2532 +001.5363 0
L1 02    430 +007.1366 +005.8795 +001.6814 -119.7956 +003.4711 -128.8808 0
L1 03    430 +012.6972 -004.4906 -000.8967 +163.2988 +004.5180 +091.5044 0
L1 04    430 +008.4601 +010.6748 +001.8048 -055.5500 -000.1966 +000.5262 0
L1 05    430 +014.3928 +009.9653 +001.9686 -108.7141 +000.9221 -011.5049 0
L1 06    430 +015.1867 -003.3180 -000.4346 +061.7439 +003.5920 -122.7331 0
L1 07    430 +014.4233 -001.6355 -000.2212 +029.0857 +024.2096 +155.3877 0
L1 08    430 +013.5504 -001.4192 -001.5677 +072.4578 -048.8913 +052.0128 0
L1 01    434 +013.4694 -004.6455 +001.2915 +170.8194 +004.2533 +001.5370 0
L1 02    434 +007.1367 +005.8795 +001.6814 -119.7958 +003.4711 -128.8809 0
L1 03    434 +012.6972 -004.4906 -000.8967 +163.2995 +004.5181 +091.5045 0
L1 04    434 +008.4600 +010.6748 +001.8048 -055.5496 -000.1964 +000.5268 0
L1 05    434 +014.3927 +009.9655 +001.9688 -108.7126 +000.9234 -011.5045 0
L1 06    434 +015.1867 -003.3179 -000.4347 +061.7438 +003.5928 -122.7335 0
L1 07    434 +014.4233 -001.6354 -000.2210 +029.0857 +024.2081 +155.3870 0
L1 08    434 +013.5504 -001.4192 -001.5677 +072.4576 -048.8912 +052.0129 0
L1 01    438 +013.4694 -004.6455 +001.2916 +170.8200 +004.2544 +001.5370 0
L1 02    438 +007.1367 +005.8795 +001.6814 -119.7958 +003.4710 -128.8810 0
L1 03    438 +012.6972 -004.4906 -000.8966 +163.2994 +004.5186 +091.5045 0
L1 04    438 +008.4601 +010.6748 +001.8048 -055.5501 -000.1964 +000.5267 0
L1 05    438 +014.3926 +009.9657 +001.9687 -108.7124 +000.9220 -011.5058 0
L1 06    438 +015.1866 -003.3183 -000.4347 +061.7421 +003.5925 -122.7333 0
L1 07    438 +014.4232 -001.6358 -000.2211 +029.0837 +024.2090 +155.3864 0
L1 08    438 +013.5504 -001.4192 -001.5677 +072.4579 -048.8913 +052.0127 0
L1 01    442 +013.4693 -004.6456 +001.2914 +170.8203 +004.2517 +001.5371 0
L1 02    442 +007.1366 +005.8795 +001.6814 -119.7959 +003.4714 -128.8809 0
L1 03    442 +012.6971 -004.4908 -000.8967 +163.2974 +004.5176 +091.5045 0
L1 04    442 +008.4602 +010.6748 +001.8048 -055.5506 -000.1964 +000.5268 0
L1 05    442 +014.3927 +009.9655 +001.9685 -108.7131 +000.9210 -011.5068 0
L1 06    442 +015.1866 -003.3183 -000.4347 +061.7410 +003.5921 -122.7334 0
L1 07    442 +014.4233 -001.6355 -000.2211 +029.0859 +024.2091 +155.3874 0
L1 08    442 +013.5503 -001.4192 -001.5678 +072.4572 -048.8912 +052.0140 0
L1 01    446 +013.4694 -004.6455 +001.2911 +170.8238 +004.2497 +001.5369 0
L1 02    446 +007.1366 +005.8795 +001.6814 -119.7956 +003.4713 -128.8809 0
L1 03    446 +012.6971 -004.4908 -000.8967 +163.2977 +004.5170 +091.5047 0
L1 04    446 +008.4601 +010.6748 +001.8048 -055.5498 -000.1966 +000.5268 0
L1 05    446 +014.3928 +009.9654 +001.9688 -108.7138 +000.9219 -011.5049 0
L1 06    446 +015.1866 -003.3183 -000.4346 +061.7416 +003.5928 -122.7341 0
L1 07    446 +014.4233 -001.6354 -000.2212 +029.0882 +024.2097 +155.3882 0
L1 08    446 +013.5504 -001.4192 -001.5678 +072.4576 -048.8913 +052.0142 0
L1 01    450 +013.4694 -004.6455 +001.2912 +170.8246 +004.2504 +001.5361 0
L1 02    450 +007.1367 +005.8795 +001.6814 -119.7958 +003.4711 -128.8810 0
L1 03    450 +012.6971 -004.4908 -000.8968 +163.2975 +004.5170 +091.5044 0
L1 04    450 +008.4601 +010.6748 +001.8048 -055.5499 -000.1970 +000.5265 0
L1 05    450 +014.3928 +009.9654 +001.9681 -108.7131 +000.9198 -011.5083 0
L1 06    450 +015.1866 -003.3184 -000.4346 +061.7411 +003.5941 -122.7344 0
L1 07    450 +014.4233 -001.6354 -000.2210 +029.0872 +024.2083 +155.3864 0
L1 08    450 +013.5504 -001.4191 -001.5678 +072.4579 -048.8912 +052.0144 0
L1 01    454 +013.4693 -004.6457 +001.2913 +170.8234 +004.2518 +001.5370 0
L1 02    454 +007.1366 +005.8795 +001.6814 -119.7956 +003.4711 -128.8809 0
L1 03    454 +012.6971 -004.4908 -000.8968 +163.2981 +004.5171 +091.5046 0
L1 04    454 +008.4601 +010.6748 +001.8048 -055.5502 -000.1967 +000.5264 0
L1 05    454 +014.3929 +009.9653 +001.9685 -108.7134 +000.9208 -011.5059 0
L1 06    454 +015.1866 -003.3183 -000.4349 +061.7412 +003.5945 -122.7308 0
L1 07    454 +014.4233 -001.6355 -000.2211 +029.0871 +024.2089 +155.3870 0
L1 08    454 +013.5504 -001.4192 -001.5677 +072.4574 -048.8910 +052.0137 0
L1 01    458 +013.4693 -004.6457 +001.2914 +170.8243 +004.2521 +001.5370 0
L1 02    458 +007.1366 +005.8795 +001.6814 -119.7952 +003.4708 -128.8809 0
L1 03    458 +012.6971 -004.4907 -000.8967 +163.2985 +004.5173 +091.5047 0
L1 04    458 +008.4601 +010.6748 +001.8048 -055.5496 -000.1968 +000.5265 0
L1 05    458 +014.3931 +009.9651 +001.9681 -108.7148 +000.9194 -011.5086 0
L1 06    458 +015.1866 -003.3184 -000.4347 +061.7402 +003.5939 -122.7328 0
L1 07    458 +014.4233 -001.6354 -000.2209 +029.0889 +024.2080 +155.3871 0
L1 08    458 +013.5504 -001.4192 -001.5677 +072.4576 -048.8908 +052.0134 0
L1 01    462 +013.4693 -004.6456 +001.2912 +170.8265 +004.2504 +001.5370 0
L1 02    462 +007.1366 +005.8795 +001.6814 -119.7953 +003.4711 -128.8807 0
L1 03    462 +012.6971 -004.4907 -000.8968 +163.2988 +004.5169 +091.5040 0
L1 04    462 +008.4600 +010.6749 +001.8048 -055.5493 -000.1968 +000.5268 0
L1 05    462 +014.3927 +009.9656 +001.9681 -108.7119 +000.9185 -011.5062 0
L1 06    462 +015.1866 -003.3182 -000.4347 +061.7415 +003.5945 -122.7331 0
L1 07    462 +014.4233 -001.6354 -000.2210 +029.0886 +024.2093 +155.3864 0
L1 08    462 +013.5504 -001.4191 -001.5677 +072.4569 -048.8908 +052.0141 0
L1 01    466 +013.4694 -004.6455 +001.2912 +170.8280 +004.2496 +001.5365 0
L1 02    466 +007.1366 +005.8795 +001.6814 -119.7952 +003.4711 -128.8809 0
L1 03    466 +012.6971 -004.4906 -000.8967 +163.2988 +004.5168 +091.5041 0
L1 04    466 +008.4600 +010.6749 +001.8048 -055.5489 -000.1970 +000.5266 0
L1 05    466 +014.3926 +009.9656 +001.9688 -108.7120 +000.9230 -011.5041 0
L1 06    466 +015.1866 -003.3181 -000.4347 +061.7412 +003.5954 -122.7331 0
L1 07    466 +014.4233 -001.6357 -000.2210 +029.0876 +024.2090 +155.3868 0
L1 08    466 +013.5504 -001.4191 -001.5678 +072.4563 -048.8908 +052.0150 0
L1 01    470 +013.4694 -004.6456 +001.2913 +170.8280 +004.2509 +001.5364 0
L1 02    470 +007.1366 +005.8795 +001.6814 -119.7956 +003.4711 -128.8808 0
L1 03    470 +012.6971 -004.4907 -000.8967 +163.2982 +004.5172 +091.5044 0
L1 04    470 +008.4601 +010.6748 +001.8048 -055.5498 -000.1965 +000.5267 0
L1 05    470 +014.3924 +009.9659 +001.9686 -108.7102 +000.9221 -011.5055 0
L1 06    470 +015.1866 -003.3182 -000.4347 +061.7408 +003.5953 -122.7333 0
L1 07    470 +014.4233 -001.6356 -000.2212 +029.0881 +024.2092 +155.3882 0
L1 08    470 +013.5504 -001.4191 -001.5677 +072.4566 -048.8908 +052.0141 0
L1 01    474 +013.4694 -004.6455 +001.2911 +170.8299 +004.2496 +001.5362 0
L1 02    474 +007.1366 +005.8796 +001.6814 -119.7947 +003.4708 -128.8807 0
L1 03    474 +012.6972 -004.4907 -000.8967 +163.2988 +004.5172 +091.5039 0
L1 04    474 +008.4600 +010.6748 +001.8048 -055.5494 -000.1968 +000.5261 0
L1 05    474 +014.3924 +009.9659 +001.9684 -108.7104 +000.9203 -011.5053 0
L1 06    474 +015.1867 -003.3180 -000.4347 +061.7421 +003.5961 -122.7333 0
L1 07    474 +014.4232 -001.6357 -000.2211 +029.0872 +024.2101 +155.3867 0
L1 08    474 +013.5504 -001.4192 -001.5678 +072.4560 -048.8904 +052.0151 0
L1 01    478 +013.4694 -004.6454 +001.2911 +170.8319 +004.2495 +001.5365 0
L1 02    478 +007.1366 +005.8795 +001.6814 -119.7955 +003.4709 -128.8809 0
L1 03    478 +012.6972 -004.4906 -000.8968 +163.2992 +004.5169 +091.5041 0
L1 04    478 +008.4600 +010.6749 +001.8048 -055.5494 -000.1972 +000.5264 0
L1 05    478 +014.3928 +009.9654 +001.9685 -108.7131 +000.9204 -011.5054 0
L1 06    478 +015.1867 -003.3180 -000.4346 +061.7426 +003.5949 -122.7332 0
L1 07    478 +014.4233 -001.6355 -000.2212 +029.0894 +024.2099 +155.3864 0
L1 08    478 +013.5504 -001.4192 -001.5678 +072.4565 -048.8901 +052.0150 0
L1 01    482 +013.4694 -004.6455 +001.2912 +170.8323 +004.2511 +001.5366 0
L1 02    482 +007.1366 +005.8795 +001.6814 -119.7956 +003.4712 -128.8809 0
L1 03    482 +012.6972 -004.4906 -000.8968 +163.2997 +004.5172 +091.5044 0
L1 04    482 +008.4600 +010.6749 +001.8048 -055.5491 -000.1972 +000.5263 0
L1 05    482 +014.3925 +009.9658 +001.9683 -108.7104 +000.9196 -011.5054 0
L1 06    482 +015.1867 -003.3181 -000.4347 +061.7415 +003.5959 -122.7325 0
L1 07    482 +014.4232 -001.6356 -000.2212 +029.0891 +024.2101 +155.3870 0
L1 08    482 +013.5504 -001.4191 -001.5678 +072.4563 -048.8901 +052.0149 0
L1 01    486 +013.4694 -004.6456 +001.2912 +170.8325 +004.2510 +001.5368 0
L1 02    486 +007.1366 +005.8795 +001.6814 -119.7955 +003.4710 -128.8810 0
L1 03    486 +012.6972 -004.4907 -000.8967 +163.2988 +004.5176 +091.5047 0
L1 04    486 +008.4600 +010.6749 +001.8048 -055.5492 -000.1969 +000.5262 0
L1 05    486 +014.3928 +009.9653 +001.9685 -108.7140 +000.9213 -011.5059 0
L1 06    486 +015.1867 -003.3179 -000.4347 +061.7429 +003.5966 -122.7328 0
L1 07    486 +014.4233 -001.6355 -000.2212 +029.0902 +024.2097 +155.3871 0
L1 08    486 +013.5504 -001.4192 -001.5678 +072.4558 -048.8900 +052.0149 0
L1 01    490 +013.4694 -004.6456 +001.2913 +170.8328 +004.2518 +001.5365 0
L1 02    490 +007.1367 +005.8795 +001.6814 -119.7960 +003.4710 -128.8810 0
L1 03    490 +012.6971 -004.4908 -000.8967 +163.2983 +004.5176 +091.5045 0
L1 04    490 +008.4601 +010.6748 +001.8048 -055.5505 -000.1966 +000.5266 0
L1 05    490 +014.3928 +009.9653 +001.9683 -108.7149 +000.9210 -011.5075 0
L1 06    490 +015.1866 -003.3184 -000.4349 +061.7382 +003.5964 -122.7311 0
L1 07    490 +014.4232 -001.6356 -000.2212 +029.0891 +024.2096 +155.3873 0
L1 08    490 +013.5504 -001.4193 -001.5678 +072.4535 -048.8897 +052.0156 0
L1 01    494 +013.4694 -004.6456 +001.2913 +170.8340 +004.2521 +001.5368 0
L1 02    494 +007.1367 +005.8795 +001.6814 -119.7960 +003.4710 -128.8811 0
L1 03    494 +012.6972 -004.4908 -000.8968 +163.2986 +004.5173 +091.5048 0
L1 04    494 +008.4601 +010.6748 +001.8048 -055.5504 -000.1966 +000.5266 0
L1 05    494 +014.3927 +009.9654 +001.9688 -108.7129 +000.9228 -011.5048 0
L1 06    494 +015.1866 -003.3181 -000.4351 +061.7407 +003.5964 -122.7302 0
L1 07    494 +014.4233 -001.6356 -000.2211 +029.0895 +024.2093 +155.3868 0
L1 08    494 +013.5504 -001.4193 -001.5678 +072.4541 -048.8898 +052.0157 0
L1 01    498 +013.4694 -004.6456 +001.2913 +170.8354 +004.2515 +001.5369 0
L1 02    498 +007.1366 +005.8795 +001.6814 -119.7955 +003.4710 -128.8812 0
L1 03    498 +012.6971 -004.4908 -000.8968 +163.2981 +004.5175 +091.5047 0
L1 04    498 +008.4601 +010.6748 +001.8048 -055.5499 -000.1966 +000.5262 0
L1 05    498 +014.3927 +009.9653 +001.9687 -108.7135 +000.9230 -011.5059 0
L1 06    498 +015.1866 -003.3181 -000.4349 +061.7402 +003.5969 -122.7316 0
L1 07    498 +014.4233 -001.6356 -000.2209 +029.0897 +024.2084 +155.3857 0
L1 08    498 +013.5504 -001.4192 -001.5678 +072.4546 -048.8901 +052.0153 0
L1 01    502 +013.4694 -004.6457 +001.2913 +170.8351 +004.2522 +001.5373 0
L1 02    502 +007.1367 +005.8795 +001.6814 -119.7958 +003.4712 -128.8811 0
L1 03    502 +012.6971 -004.4908 -000.8967 +163.2984 +004.5178 +091.5044 0
L1 04    502 +008.4601 +010.6748 +001.8048 -055.5505 -000.1961 +000.5268 0
L1 05    502 +014.3928 +009.9654 +001.9686 -108.7129 +000.9223 -011.5049 0
L1 06    502 +015.1866 -003.3182 -000.4348 +061.7397 +003.5970 -122.7316 0
L1 07    502 +014.4232 -001.6359 -000.2209 +029.0877 +024.2094 +155.3843 0
L1 08    502 +013.5504 -001.4193 -001.5678 +072.4539 -048.8898 +052.0154 0
L1 01    506 +013.4694 -004.6457 +001.2914 +170.8363 +004.2525 +001.5374 0
L1 02    506 +007.1366 +005.8795 +001.6814 -119.7955 +003.4713 -128.8810 0
L1 03    506 +012.6972 -004.4908 -000.8967 +163.2987 +004.5181 +091.5044 0
L1 04    506 +008.4601 +010.6748 +001.8049 -055.5504 -000.1962 +000.5273 0
L1 05    506 +014.3929 +009.9653 +001.9686 -108.7149 +000.9215 -011.5050 0
L1 06    506 +015.1866 -003.3183 -000.4349 +061.7386 +003.5978 -122.7313 0
L1 07    506 +014.4233 -001.6357 -000.2210 +029.0894 +024.2089 +155.3843 0
L1 08    506 +013.5504 -001.4192 -001.5678 +072.4539 -048.8895 +052.0155 0
L1 01    510 +013.4694 -004.6456 +001.2913 +170.8385 +004.2522 +001.5374 0
L1 02    510 +007.1366 +005.8795 +001.6814 -119.7951 +003.4711 -128.8811 0
L1 03    510 +012.6971 -004.4907 -000.8968 +163.2988 +004.5175 +091.5044 0
L1 04    510 +008.4600 +010.6749 +001.8048 -055.5492 -000.1967 +000.5268 0
L1 05    510 +014.3929 +009.9654 +001.9684 -108.7137 +000.9203 -011.5069 0
L1 06    510 +015.1867 -003.3182 -000.4349 +061.7398 +003.5985 -122.7321 0
L1 07    510 +014.4233 -001.6356 -000.2209 +029.0913 +024.2084 +155.3852 0
L1 08    510 +013.5504 -001.4191 -001.5678 +072.4553 -048.8896 +052.0153 0
L1 01    514 +013.4694 -004.6456 +001.2913 +170.8404 +004.2525 +001.5367 0
L1 02    514 +007.1367 +005.8795 +001.6813 -119.7961 +003.4704 -128.8816 0
L1 03    514 +012.6972 -004.4908 -000.8967 +163.2990 +004.5182 +091.5041 0
L1 04    514 +008.4600 +010.6749 +001.8048 -055.5496 -000.1964 +000.5263 0
L1 05    514 +014.3928 +009.9656 +001.9682 -108.7119 +000.9211 -011.5084 0
L1 06    514 +015.1866 -003.3181 -000.4348 +061.7404 +003.5990 -122.7325 0
L1 07    514 +014.4233 -001.6355 -000.2208 +029.0918 +024.2077 +155.3850 0
L1 08    514 +013.5504 -001.4191 -001.5677 +072.4567 -048.8902 +052.0143 0
L1 01    518 +013.4695 -004.6454 +001.2912 +170.8421 +004.2515 +001.5363 0
L1 02    518 +007.1367 +005.8795 +001.6813 -119.7964 +003.4705 -128.8812 0
L1 03    518 +012.6972 -004.4907 -000.8967 +163.2989 +004.5183 +091.5041 0
L1 04    518 +008.4600 +010.6748 +001.8047 -055.5498 -000.1968 +000.5257 0
L1 05    518 +014.3924 +009.9660 +001.9680 -108.7078 +000.9201 -011.5083 0
L1 06    518 +015.1866 -003.3183 -000.4352 +061.7394 +003.5989 -122.7295 0
L1 07    518 +014.4233 -001.6355 -000.2209 +029.0929 +024.2084 +155.3848 0
L1 08    518 +013.5504 -001.4191 -001.5677 +072.4557 -048.8901 +052.0151 0
L1 01    522 +013.4695 -004.6455 +001.2913 +170.8428 +004.2519 +001.5368 0
L1 02    522 +007.1367 +005.8794 +001.6813 -119.7973 +003.4710 -128.8815 0
L1 03    522 +012.6972 -004.4907 -000.8967 +163.2990 +004.5184 +091.5043 0
L1 04    522 +008.4600 +010.6748 +001.8047 -055.5500 -000.1966 +000.5260 0
L1 05    522 +014.3925 +009.9657 +001.9681 -108.7101 +000.9194 -011.5088 0
L1 06    522 +015.1866 -003.3182 -000.4349 +061.7396 +003.5987 -122.7315 0
L1 07    522 +014.4233 -001.6356 -000.2210 +029.0928 +024.2083 +155.3852 0
L1 08    522 +013.5504 -001.4192 -001.5678 +072.4546 -048.8900 +052.0158 0
L1 01    526 +013.4695 -004.6452 +001.2911 +170.8458 +004.2509 +001.5367 0
L1 02    526 +007.1367 +005.8795 +001.6814 -119.7959 +003.4711 -128.8812 0
L1 03    526 +012.6972 -004.4906 -000.8967 +163.2998 +004.5180 +091.5040 0
L1 04    526 +008.4599 +010.6749 +001.8047 -055.5486 -000.1972 +000.5260 0
L1 05    526 +014.3925 +009.9659 +001.9683 -108.7085 +000.9186 -011.5071 0
L1 06    526 +015.1866 -003.3183 -000.4346 +061.7388 +003.5980 -122.7335 0
L1 07    526 +014.4232 -001.6357 -000.2209 +029.0922 +024.2089 +155.3843 0
L1 08    526 +013.5504 -001.4191 -001.5678 +072.4548 -048.8898 +052.0164 0
L1 01    530 +013.4695 -004.6455 +001.2913 +170.8443 +004.2524 +001.5372 0
L1 02    530 +007.1367 +005.8795 +001.6813 -119.7961 +003.4709 -128.8812 0
L1 03    530 +012.6972 -004.4907 -000.8967 +163.2993 +004.5185 +091.5045 0
L1 04    530 +008.4600 +010.6749 +001.8048 -055.5489 -000.1969 +000.5265 0
L1 05    530 +014.3927 +009.9655 +001.9686 -108.7122 +000.9202 -011.5048 0
L1 06    530 +015.1866 -003.3182 -000.4345 +061.7385 +003.5992 -122.7336 0
L1 07    530 +014.4232 -001.6357 -000.2212 +029.0921 +024.2096 +155.3855 0
L1 08    530 +013.5504 -001.4191 -001.5677 +072.4550 -048.8896 +052.0152 0
