L1 01      6 +016.0225 +000.1986 +001.3539 -088.9987 -001.0247 +002.1996 0
L1 02      6 +007.1374 +005.8787 +001.6817 -119.7877 +003.4708 -128.8768 0
L1 03      6 +016.0879 -000.5670 -000.8322 -092.6143 +003.5725 +092.1616 0
L1 04      6 +008.4604 +010.6745 +001.8047 -055.5492 -000.1984 +000.5256 0
L1 05      6 +014.3953 +009.9692 +001.9679 -108.9313 +000.9250 -011.7108 0
L1 06      6 +014.0523 +001.1276 -000.8917 -158.7558 +026.4713 -118.9576 0
L1 07      6 +013.1362 -000.3536 -001.0826 +139.4240 +050.0328 +149.9468 0
L1 08      6 +013.7184 -001.4201 -002.0342 -179.2105 -033.5180 +066.6276 0
L1 01     10 +016.0224 +000.1986 +001.3539 -088.9987 -001.0253 +002.1996 0
L1 02     10 +007.1374 +005.8787 +001.6817 -119.7872 +003.4708 -128.8766 0
L1 03     10 +016.0878 -000.5668 -000.8322 -092.6135 +003.5722 +092.1617 0
L1 04     10 +008.4604 +010.6745 +001.8047 -055.5493 -000.1985 +000.5256 0
L1 05     10 +014.3956 +009.9687 +001.9685 -108.9332 +000.9280 -011.7083 0
L1 06     10 +014.0523 +001.1276 -000.8915 -158.7541 +026.4716 -118.9567 0
L1 07     10 +013.1362 -000.3536 -001.0827 +139.4274 +050.0314 +149.9508 0
L1 08     10 +013.7184 -001.4200 -002.0342 -179.2101 -033.5179 +066.6279 0
L1 01     14 +016.0224 +000.1989 +001.3541 -088.9977 -001.0260 +002.2008 0
L1 02     14 +007.1374 +005.8787 +001.6817 -119.7872 +003.4708 -128.8766 0
L1 03     14 +016.0878 -000.5670 -000.8321 -092.6148 +003.5716 +092.1625 0
L1 04     14 +008.4603 +010.6745 +001.8048 -055.5489 -000.1984 +000.5262 0
L1 05     14 +014.3954 +009.9689 +001.9683 -108.9318 +000.9276 -011.7091 0
L1 06     14 +014.0523 +001.1274 -000.8916 -158.7548 +026.4707 -118.9565 0
L1 07     14 +013.1362 -000.3535 -001.0825 +139.4281 +050.0324 +149.9505 0
L1 08     14 +013.7184 -001.4199 -002.0341 -179.2096 -033.5176 +066.6280 0
L1 01     18 +016.0224 +000.1987 +001.3541 -088.9985 -001.0266 +002.2008 0
L1 02     18 +007.1374 +005.8787 +001.6817 -119.7872 +003.4707 -128.8765 0
L1 03     18 +016.0878 -000.5670 -000.8321 -092.6147 +003.5723 +092.1624 0
L1 04     18 +008.4604 +010.6745 +001.8048 -055.5495 -000.1985 +000.5265 0
L1 05     18 +014.3956 +009.9687 +001.9682 -108.9331 +000.9274 -011.7103 0
L1 06     18 +014.0523 +001.1274 -000.8919 -158.7549 +026.4656 -118.9556 0
L1 07     18 +013.1362 -000.3537 -001.0826 +139.4275 +050.0314 +149.9517 0
L1 08     18 +013.7184 -001.4200 -002.0342 -179.2100 -033.5181 +066.6281 0
L1 01     22 +016.0225 +000.1985 +001.3541 -088.9995 -001.0267 +002.2005 0
L1 02     22 +007.1374 +005.8787 +001.6817 -119.7875 +003.4706 -128.8766 0
L1 03     22 +016.0878 -000.5671 -000.8321 -092.6155 +003.5717 +092.1621 0
L1 04     22 +008.4604 +010.6745 +001.8048 -055.5495 -000.1982 +000.5265 0
L1 05     22 +014.3958 +009.9682 +001.9685 -108.9364 +000.9285 -011.7089 0
L1 06     22 +014.0523 +001.1275 -000.8917 -158.7541 +026.4675 -118.9561 0
L1 07     22 +013.1362 -000.3536 -001.0826 +139.4279 +050.0307 +149.9514 0
L1 08     22 +013.7184 -001.4201 -002.0342 -179.2105 -033.5186 +066.6286 0
L1 01     26 +016.0224 +000.1985 +001.3540 -088.9993 -001.0274 +002.1998 0
L1 02     26 +007.1374 +005.8787 +001.6817 -119.7872 +003.4707 -128.8766 0
L1 03     26 +016.0878 -000.5669 -000.8323 -092.6145 +003.5711 +092.1609 0
L1 04     26 +008.4604 +010.6745 +001.8048 -055.5494 -000.1983 +000.5265 0
L1 05     26 +014.3959 +009.9684 +001.9683 -108.9357 +000.9286 -011.7104 0
L1 06     26 +014.0523 +001.1274 -000.8918 -158.7550 +026.4660 -118.9564 0
L1 07     26 +013.1362 -000.3536 -001.0826 +139.4281 +050.0303 +149.9520 0
L1 08     26 +013.7184 -001.4200 -002.0341 -179.2101 -033.5185 +066.6287 0
L1 01     30 +016.0225 +000.1991 +001.3537 -088.9961 -001.0276 +002.1972 0
L1 02     30 +007.1374 +005.8787 +001.6817 -119.7869 +003.4707 -128.8765 0
L1 03     30 +016.0878 -000.5670 -000.8322 -092.6149 +003.5711 +092.1613 0
L1 04     30 +008.4603 +010.6745 +001.8047 -055.5489 -000.1986 +000.5259 0
L1 05     30 +014.3958 +009.9685 +001.9676 -108.9350 +000.9257 -011.7124 0
L1 06     30 +014.0523 +001.1274 -000.8917 -158.7536 +026.4669 -118.9562 0
L1 07     30 +013.1362 -000.3537 -001.0826 +139.4283 +050.0303 +149.9528 0
L1 08     30 +013.7184 -001.4200 -002.0343 -179.2098 -033.5198 +066.6282 0
L1 01     34 +016.0224 +000.1986 +001.3539 -088.9991 -001.0279 +002.1987 0
L1 02     34 +007.1374 +005.8787 +001.6817 -119.7874 +003.4709 -128.8765 0
L1 03     34 +016.0878 -000.5671 -000.8322 -092.6157 +003.5707 +092.1618 0
L1 04     34 +008.4604 +010.6744 +001.8048 -055.5499 -000.1982 +000.5261 0
L1 05     34 +014.3957 +009.9685 +001.9681 -108.9349 +000.9283 -011.7111 0
L1 06     34 +014.0523 +001.1276 -000.8916 -158.7525 +026.4675 -118.9559 0
L1 07     34 +013.1362 -000.3536 -001.0826 +139.4291 +050.0299 +149.9531 0
L1 08     34 +013.7183 -001.4201 -002.0342 -179.2116 -033.5191 +066.6289 0
L1 01     38 +016.0224 +000.1987 +001.3539 -088.9991 -001.0278 +002.1984 0
L1 02     38 +007.1374 +005.8787 +001.6818 -119.7872 +003.4711 -128.8765 0
L1 03     38 +016.0878 -000.5672 -000.8322 -092.6166 +003.5706 +092.1618 0
L1 04     38 +008.4604 +010.6744 +001.8048 -055.5499 -000.1981 +000.5261 0
L1 05     38 +014.3957 +009.9684 +001.9680 -108.9345 +000.9289 -011.7116 0
L1 06     38 +014.0523 +001.1274 -000.8917 -158.7534 +026.4659 -118.9564 0
L1 07     38 +013.1362 -000.3535 -001.0826 +139.4299 +050.0292 +149.9536 0
L1 08     38 +013.7184 -001.4201 -002.0342 -179.2117 -033.5191 +066.6293 0
L1 01     42 +016.0224 +000.1986 +001.3538 -088.9997 -001.0283 +002.1984 0
L1 02     42 +007.1374 +005.8787 +001.6817 -119.7877 +003.4708 -128.8766 0
L1 03     42 +016.0878 -000.5673 -000.8321 -092.6175 +003.5704 +092.1625 0
L1 04     42 +008.4605 +010.6744 +001.8047 -055.5502 -000.1981 +000.5257 0
L1 05     42 +014.3956 +009.9686 +001.9679 -108.9330 +000.9274 -011.7119 0
L1 06     42 +014.0523 +001.1275 -000.8918 -158.7528 +026.4647 -118.9558 0
L1 07     42 +013.1362 -000.3536 -001.0826 +139.4299 +050.0297 +149.9545 0
L1 08     42 +013.7184 -001.4201 -002.0342 -179.2114 -033.5194 +066.6289 0
L1 01     46 +016.0224 +000.1988 +001.3540 -088.9984 -001.0291 +002.1992 0
L1 02     46 +007.1374 +005.8787 +001.6817 -119.7874 +003.4709 -128.8766 0
L1 03     46 +016.0878 -000.5671 -000.8321 -092.6156 +003.5703 +092.1621 0
L1 04     46 +008.4604 +010.6745 +001.8048 -055.5494 -000.1982 +000.5260 0
L1 05     46 +014.3956 +009.9688 +001.9681 -108.9321 +000.9286 -011.7126 0
L1 06     46 +014.0523 +001.1276 -000.8918 -158.7514 +026.4636 -118.9563 0
L1 07     46 +013.1362 -000.3535 -001.0826 +139.4315 +050.0297 +149.9553 0
L1 08     46 +013.7184 -001.4200 -002.0342 -179.2103 -033.5195 +066.6291 0
L1 01     50 +016.0224 +000.1987 +001.3541 -088.9995 -001.0292 +002.1992 0
L1 02     50 +007.1374 +005.8787 +001.6818 -119.7876 +003.4710 -128.8765 0
L1 03     50 +016.0878 -000.5673 -000.8322 -092.6174 +003.5700 +092.1613 0
L1 04     50 +008.4604 +010.6744 +001.8047 -055.5497 -000.1983 +000.5255 0
L1 05     50 +014.3957 +009.9686 +001.9681 -108.9345 +000.9280 -011.7113 0
L1 06     50 +014.0523 +001.1276 -000.8916 -158.7508 +026.4643 -118.9543 0
L1 07     50 +013.1362 -000.3536 -001.0824 +139.4298 +050.0307 +149.9544 0
L1 08     50 +013.7184 -001.4202 -002.0342 -179.2116 -033.5201 +066.6295 0
L1 01     54 +016.0224 +000.1985 +001.3539 -089.0002 -001.0297 +002.1979 0
L1 02     54 +007.1374 +005.8787 +001.6817 -119.7876 +003.4709 -128.8767 0
L1 03     54 +016.0878 -000.5671 -000.8322 -092.6160 +003.5695 +092.1611 0
L1 04     54 +008.4604 +010.6744 +001.8047 -055.5496 -000.1983 +000.5259 0
L1 05     54 +014.3955 +009.9686 +001.9682 -108.9335 +000.9280 -011.7099 0
L1 06     54 +014.0523 +001.1275 -000.8915 -158.7507 +026.4648 -118.9545 0
L1 07     54 +013.1362 -000.3536 -001.0826 +139.4319 +050.0289 +149.9561 0
L1 08     54 +013.7183 -001.4202 -002.0342 -179.2117 -033.5204 +066.6296 0
L1 01     58 +016.0224 +000.1985 +001.3540 -089.0005 -001.0300 +002.1984 0
L1 02     58 +007.1374 +005.8787 +001.6817 -119.7876 +003.4710 -128.8767 0
L1 03     58 +016.0878 -000.5671 -000.8323 -092.6164 +003.5695 +092.1610 0
L1 04     58 +008.4605 +010.6744 +001.8048 -055.5502 -000.1980 +000.5264 0
L1 05     58 +014.3956 +009.9686 +001.9681 -108.9340 +000.9283 -011.7105 0
L1 06     58 +014.0523 +001.1275 -000.8916 -158.7511 +026.4639 -118.9551 0
L1 07     58 +013.1361 -000.3537 -001.0825 +139.4301 +050.0289 +149.9553 0
L1 08     58 +013.7183 -001.4201 -002.0342 -179.2116 -033.5199 +066.6300 0
L1 01     62 +016.0224 +000.1986 +001.3540 -089.0004 -001.0303 +002.1984 0
L1 02     62 +007.1374 +005.8787 +001.6817 -119.7874 +003.4708 -128.8767 0
L1 03     62 +016.0878 -000.5672 -000.8325 -092.6170 +003.5691 +092.1597 0
L1 04     62 +008.4605 +010.6744 +001.8048 -055.5506 -000.1982 +000.5263 0
L1 05     62 +014.3958 +009.9683 +001.9680 -108.9360 +000.9281 -011.7125 0
L1 06     62 +014.0523 +001.1276 -000.8917 -158.7505 +026.4630 -118.9557 0
L1 07     62 +013.1362 -000.3538 -001.0826 +139.4298 +050.0280 +149.9563 0
L1 08     62 +013.7184 -001.4201 -002.0342 -179.2118 -033.5204 +066.6299 0
L1 01     66 +016.0224 +000.1986 +001.3542 -089.0005 -001.0307 +002.1998 0
L1 02     66 +007.1374 +005.8787 +001.6817 -119.7873 +003.4710 -128.8767 0
L1 03     66 +016.0878 -000.5672 -000.8323 -092.6169 +003.5692 +092.1612 0
L1 04     66 +008.4604 +010.6744 +001.8048 -055.5502 -000.1978 +000.5268 0
L1 05     66 +014.3957 +009.9685 +001.9678 -108.9349 +000.9278 -011.7129 0
L1 06     66 +014.0523 +001.1277 -000.8917 -158.7500 +026.4623 -118.9554 0
L1 07     66 +013.1362 -000.3536 -001.0827 +139.4317 +050.0272 +149.9570 0
L1 08     66 +013.7184 -001.4201 -002.0342 -179.2115 -033.5198 +066.6298 0
L1 01     70 +016.0224 +000.1986 +001.3540 -088.9997 -001.0316 +002.1985 0
L1 02     70 +007.1374 +005.8787 +001.6817 -119.7869 +003.4708 -128.8767 0
L1 03     70 +016.0878 -000.5670 -000.8322 -092.6154 +003.5694 +092.1618 0
L1 04     70 +008.4604 +010.6744 +001.8048 -055.5499 -000.1981 +000.5266 0
L1 05     70 +014.3957 +009.9685 +001.9679 -108.9346 +000.9278 -011.7126 0
L1 06     70 +014.0523 +001.1277 -000.8916 -158.7495 +026.4626 -118.9550 0
L1 07     70 +013.1362 -000.3536 -001.0826 +139.4318 +050.0269 +149.9575 0
L1 08     70 +013.7184 -001.4201 -002.0342 -179.2112 -033.5206 +066.6298 0
L1 01     74 +016.0224 +000.1984 +001.3541 -089.0017 -001.0311 +002.1985 0
L1 02     74 +007.1374 +005.8787 +001.6817 -119.7879 +003.4698 -128.8775 0
L1 03     74 +016.0878 -000.5671 -000.8322 -092.6170 +003.5695 +092.1622 0
L1 04     74 +008.4605 +010.6744 +001.8047 -055.5510 -000.1982 +000.5255 0
L1 05     74 +014.3953 +009.9687 +001.9680 -108.9343 +000.9286 -011.7125 0
L1 06     74 +014.0523 +001.1277 -000.8915 -158.7501 +026.4618 -118.9552 0
L1 07     74 +013.1362 -000.3538 -001.0825 +139.4309 +050.0266 +149.9579 0
L1 08     74 +013.7184 -001.4201 -002.0341 -179.2122 -033.5204 +066.6303 0
L1 01     78 +016.0224 +000.1985 +001.3542 -089.0010 -001.0324 +002.1991 0
L1 02     78 +007.1374 +005.8787 +001.6817 -119.7871 +003.4704 -128.8766 0
L1 03     78 +016.0878 -000.5670 -000.8321 -092.6159 +003.5686 +092.1625 0
L1 04     78 +008.4604 +010.6745 +001.8048 -055.5498 -000.1983 +000.5262 0
L1 05     78 +014.3956 +009.9686 +001.9680 -108.9348 +000.9278 -011.7118 0
L1 06     78 +014.0523 +001.1276 -000.8917 -158.7486 +026.4597 -118.9542 0
L1 07     78 +013.1362 -000.3537 -001.0825 +139.4330 +050.0262 +149.9589 0
L1 08     78 +013.7184 -001.4201 -002.0341 -179.2115 -033.5205 +066.6307 0
L1 01     82 +016.0224 +000.1985 +001.3541 -089.0011 -001.0328 +002.1979 0
L1 02     82 +007.1374 +005.8787 +001.6817 -119.7872 +003.4708 -128.8765 0
L1 03     82 +016.0878 -000.5672 -000.8322 -092.6172 +003.5683 +092.1621 0
L1 04     82 +008.4604 +010.6744 +001.8048 -055.5499 -000.1983 +000.5259 0
L1 05     82 +014.3956 +009.9685 +001.9681 -108.9353 +000.9282 -011.7110 0
L1 06     82 +014.0523 +001.1276 -000.8916 -158.7488 +026.4601 -118.9539 0
L1 07     82 +013.1362 -000.3538 -001.0824 +139.4323 +050.0274 +149.9592 0
L1 08     82 +013.7183 -001.4202 -002.0342 -179.2124 -033.5213 +066.6309 0
L1 01     86 +016.0224 +000.1988 +001.3541 -088.9990 -001.0330 +002.1982 0
L1 02     86 +007.1374 +005.8787 +001.6817 -119.7874 +003.4707 -128.8764 0
L1 03     86 +016.0878 -000.5671 -000.8323 -092.6161 +003.5683 +092.1618 0
L1 04     86 +008.4603 +010.6745 +001.8048 -055.5489 -000.1984 +000.5263 0
L1 05     86 +014.3956 +009.9687 +001.9683 -108.9333 +000.9285 -011.7109 0
L1 06     86 +014.0523 +001.1275 -000.8917 -158.7483 +026.4590 -118.9529 0
L1 07     86 +013.1362 -000.3537 -001.0826 +139.4341 +050.0264 +149.9604 0
L1 08     86 +013.7184 -001.4200 -002.0341 -179.2109 -033.5206 +066.6305 0
L1 01     90 +016.0224 +000.1987 +001.3541 -088.9997 -001.0339 +002.1980 0
L1 02     90 +007.1374 +005.8787 +001.6817 -119.7876 +003.4706 -128.8766 0
L1 03     90 +016.0878 -000.5671 -000.8322 -092.6165 +003.5681 +092.1623 0
L1 04     90 +008.4603 +010.6745 +001.8048 -055.5491 -000.1985 +000.5262 0
L1 05     90 +014.3955 +009.9688 +001.9681 -108.9328 +000.9274 -011.7111 0
L1 06     90 +014.0523 +001.1274 -000.8917 -158.7491 +026.4586 -118.9533 0
L1 07     90 +013.1362 -000.3536 -001.0826 +139.4346 +050.0258 +149.9609 0
L1 08     90 +013.7184 -001.4201 -002.0341 -179.2115 -033.5207 +066.6309 0
L1 01     94 +016.0224 +000.1987 +001.3540 -088.9996 -001.0342 +002.1969 0
L1 02     94 +007.1374 +005.8787 +001.6817 -119.7874 +003.4709 -128.8766 0
L1 03     94 +016.0878 -000.5670 -000.8322 -092.6152 +003.5678 +092.1622 0
L1 04     94 +008.4603 +010.6745 +001.8048 -055.5491 -000.1984 +000.5265 0
L1 05     94 +014.3955 +009.9690 +001.9679 -108.9319 +000.9267 -011.7122 0
L1 06     94 +014.0523 +001.1276 -000.8917 -158.7466 +026.4580 -118.9530 0
L1 07     94 +013.1362 -000.3536 -001.0827 +139.4359 +050.0250 +149.9616 0
L1 08     94 +013.7184 -001.4201 -002.0341 -179.2109 -033.5210 +066.6306 0
L1 01     98 +016.0224 +000.1987 +001.3538 -088.9998 -001.0342 +002.1958 0
L1 02     98 +007.1374 +005.8787 +001.6817 -119.7872 +003.4710 -128.8765 0
L1 03     98 +016.0878 -000.5672 -000.8321 -092.6164 +003.5679 +092.1623 0
L1 04     98 +008.4603 +010.6745 +001.8048 -055.5488 -000.1983 +000.5262 0
L1 05     98 +014.3953 +009.9691 +001.9678 -108.9308 +000.9256 -011.7114 0
L1 06     98 +014.0523 +001.1277 -000.8916 -158.7457 +026.4580 -118.9527 0
L1 07     98 +013.1362 -000.3534 -001.0826 +139.4365 +050.0241 +149.9608 0
L1 08     98 +013.7184 -001.4200 -002.0342 -179.2108 -033.5217 +066.6305 0
L1 01    102 +016.0224 +000.1986 +001.3538 -089.0012 -001.0341 +002.1953 0
L1 02    102 +007.1374 +005.8787 +001.6818 -119.7872 +003.4710 -128.8764 0
L1 03    102 +016.0878 -000.5672 -000.8322 -092.6173 +003.5677 +092.1619 0
L1 04    102 +008.4603 +010.6745 +001.8048 -055.5493 -000.1985 +000.5262 0
L1 05    102 +014.3955 +009.9687 +001.9681 -108.9328 +000.9275 -011.7112 0
L1 06    102 +014.0523 +001.1276 -000.8918 -158.7467 +026.4564 -118.9530 0
L1 07    102 +013.1362 -000.3535 -001.0827 +139.4356 +050.0241 +149.9615 0
L1 08    102 +013.7183 -001.4200 -002.0342 -179.2117 -033.5221 +066.6313 0
L1 01    106 +016.0224 +000.1983 +001.3537 -089.0027 -001.0350 +002.1951 0
L1 02    106 +007.1374 +005.8787 +001.6817 -119.7875 +003.4706 -128.8766 0
L1 03    106 +016.0878 -000.5672 -000.8321 -092.6176 +003.5673 +092.1624 0
L1 04    106 +008.4604 +010.6744 +001.8048 -055.5495 -000.1985 +000.5261 0
L1 05    106 +014.3956 +009.9686 +001.9679 -108.9337 +000.9267 -011.7108 0
L1 06    106 +014.0523 +001.1274 -000.8916 -158.7470 +026.4565 -118.9525 0
L1 07    106 +013.1362 -000.3538 -001.0828 +139.4346 +050.0236 +149.9632 0
L1 08    106 +013.7183 -001.4202 -002.0342 -179.2126 -033.5225 +066.6316 0
L1 01    110 +016.0224 +000.1985 +001.3540 -089.0018 -001.0355 +002.1968 0
L1 02    110 +007.1374 +005.8787 +001.6817 -119.7877 +003.4706 -128.8766 0
L1 03    110 +016.0878 -000.5671 -000.8322 -092.6172 +003.5668 +092.1620 0
L1 04    110 +008.4604 +010.6744 +001.8048 -055.5494 -000.1984 +000.5262 0
L1 05    110 +014.3955 +009.9686 +001.9684 -108.9330 +000.9286 -011.7095 0
L1 06    110 +014.0523 +001.1276 -000.8916 -158.7460 +026.4564 -118.9530 0
L1 07    110 +013.1362 -000.3538 -001.0827 +139.4347 +050.0242 +149.9636 0
L1 08    110 +013.7183 -001.4202 -002.0341 -179.2123 -033.5220 +066.6316 0
L1 01    114 +016.0224 +000.1987 +001.3538 -089.0010 -001.0358 +002.1950 0
L1 02    114 +007.1374 +005.8787 +001.6817 -119.7877 +003.4707 -128.8764 0
L1 03    114 +016.0878 -000.5672 -000.8321 -092.6173 +003.5668 +092.1618 0
L1 04    114 +008.4604 +010.6744 +001.8047 -055.5495 -000.1987 +000.5258 0
L1 05    114 +014.3957 +009.9684 +001.9679 -108.9340 +000.9270 -011.7120 0
L1 06    114 +014.0523 +001.1275 -000.8916 -158.7457 +026.4550 -118.9523 0
L1 07    114 +013.1362 -000.3537 -001.0828 +139.4357 +050.0235 +149.9642 0
L1 08    114 +013.7183 -001.4201 -002.0342 -179.2122 -033.5232 +066.6314 0
L1 01    118 +016.0224 +000.1987 +001.3538 -089.0001 -001.0359 +002.1938 0
L1 02    118 +007.1374 +005.8787 +001.6818 -119.7870 +003.4708 -128.8763 0
L1 03    118 +016.0878 -000.5671 -000.8322 -092.6164 +003.5672 +092.1612 0
L1 04    118 +008.4604 +010.6745 +001.8047 -055.5494 -000.1988 +000.5258 0
L1 05    118 +014.3955 +009.9689 +001.9679 -108.9308 +000.9264 -011.7117 0
L1 06    118 +014.0523 +001.1276 -000.8915 -158.7444 +026.4553 -118.9515 0
L1 07    118 +013.1362 -000.3537 -001.0826 +139.4349 +050.0243 +149.9628 0
L1 08    118 +013.7183 -001.4200 -002.0342 -179.2113 -033.5232 +066.6313 0
L1 01    122 +016.0224 +000.1986 +001.3541 -089.0014 -001.0369 +002.1963 0
L1 02    122 +007.1374 +005.8787 +001.6817 -119.7875 +003.4707 -128.8764 0
L1 03    122 +016.0878 -000.5671 -000.8321 -092.6170 +003.5669 +092.1619 0
L1 04    122 +008.4604 +010.6744 +001.8048 -055.5498 -000.1983 +000.5263 0
L1 05    122 +014.3958 +009.9684 +001.9680 -108.9356 +000.9267 -011.7109 0
L1 06    122 +014.0523 +001.1276 -000.8918 -158.7454 +026.4530 -118.9528 0
L1 07    122 +013.1362 -000.3538 -001.0826 +139.4338 +050.0242 +149.9621 0
L1 08    122 +013.7183 -001.4201 -002.0341 -179.2124 -033.5229 +066.6319 0
L1 01    126 +016.0224 +000.1986 +001.3540 -089.0013 -001.0368 +002.1959 0
L1 02    126 +007.1374 +005.8787 +001.6817 -119.7873 +003.4706 -128.8764 0
L1 03    126 +016.0878 -000.5672 -000.8322 -092.6180 +003.5668 +092.1615 0
L1 04    126 +008.4604 +010.6744 +001.8048 -055.5496 -000.1984 +000.5261 0
L1 05    126 +014.3957 +009.9685 +001.9679 -108.9354 +000.9263 -011.7108 0
L1 06    126 +014.0523 +001.1275 -000.8918 -158.7457 +026.4526 -118.9531 0
L1 07    126 +013.1362 -000.3537 -001.0826 +139.4349 +050.0240 +149.9632 0
L1 08    126 +013.7183 -001.4202 -002.0341 -179.2129 -033.5230 +066.6320 0
L1 01    130 +016.0224 +000.1986 +001.3541 -089.0017 -001.0375 +002.1963 0
L1 02    130 +007.1374 +005.8787 +001.6817 -119.7875 +003.4706 -128.8763 0
L1 03    130 +016.0878 -000.5671 -000.8321 -092.6171 +003.5655 +092.1619 0
L1 04    130 +008.4604 +010.6744 +001.8048 -055.5494 -000.1986 +000.5263 0
L1 05    130 +014.3956 +009.9686 +001.9680 -108.9343 +000.9271 -011.7101 0
L1 06    130 +014.0523 +001.1275 -000.8917 -158.7451 +026.4521 -118.9529 0
L1 07    130 +013.1362 -000.3536 -001.0826 +139.4361 +050.0240 +149.9636 0
L1 08    130 +013.7183 -001.4201 -002.0341 -179.2123 -033.5229 +066.6322 0
L1 01    134 +016.0224 +000.1983 +001.3540 -089.0037 -001.0378 +002.1958 0
L1 02    134 +007.1374 +005.8786 +001.6818 -119.7881 +003.4709 -128.8764 0
L1 03    134 +016.0878 -000.5672 -000.8321 -092.6178 +003.5659 +092.1626 0
L1 04    134 +008.4605 +010.6744 +001.8048 -055.5503 -000.1982 +000.5266 0
L1 05    134 +014.3957 +009.9685 +001.9679 -108.9342 +000.9268 -011.7108 0
L1 06    134 +014.0523 +001.1275 -000.8918 -158.7452 +026.4515 -118.9529 0
L1 07    134 +013.1362 -000.3537 -001.0826 +139.4353 +050.0233 +149.9633 0
L1 08    134 +013.7183 -001.4201 -002.0341 -179.2123 -033.5232 +066.6325 0
L1 01    138 +016.0224 +000.1984 +001.3538 -089.0028 -001.0387 +002.1937 0
L1 02    138 +007.1374 +005.8787 +001.6817 -119.7876 +003.4707 -128.8763 0
L1 03    138 +016.0879 -000.5671 -000.8323 -092.6167 +003.5660 +092.1610 0
L1 04    138 +008.4604 +010.6744 +001.8047 -055.5497 -000.1986 +000.5259 0
L1 05    138 +014.3959 +009.9683 +001.9680 -108.9356 +000.9266 -011.7111 0
L1 06    138 +014.0523 +001.1274 -000.8918 -158.7447 +026.4508 -118.9524 0
L1 07    138 +013.1362 -000.3537 -001.0824 +139.4349 +050.0232 +149.9622 0
L1 08    138 +013.7183 -001.4202 -002.0341 -179.2126 -033.5239 +066.6326 0
L1 01    142 +016.0224 +000.1987 +001.3538 -089.0009 -001.0379 +002.1940 0
L1 02    142 +007.1374 +005.8787 +001.6817 -119.7877 +003.4708 -128.8763 0
L1 03    142 +016.0878 -000.5671 -000.8323 -092.6163 +003.5657 +092.1609 0
L1 04    142 +008.4603 +010.6745 +001.8047 -055.5493 -000.1985 +000.5257 0
L1 05    142 +014.3956 +009.9687 +001.9682 -108.9329 +000.9282 -011.7106 0
L1 06    142 +014.0523 +001.1276 -000.8917 -158.7427 +026.4510 -118.9518 0
L1 07    142 +013.1362 -000.3536 -001.0825 +139.4367 +050.0233 +149.9637 0
L1 08    142 +013.7183 -001.4200 -002.0342 -179.2112 -033.5240 +066.6322 0
L1 01    146 +016.0224 +000.1987 +001.3540 -089.0010 -001.0384 +002.1950 0
L1 02    146 +007.1374 +005.8787 +001.6818 -119.7870 +003.4709 -128.8761 0
L1 03    146 +016.0878 -000.5672 -000.8322 -092.6173 +003.5656 +092.1614 0
L1 04    146 +008.4604 +010.6744 +001.8048 -055.5496 -000.1983 +000.5262 0
L1 05    146 +014.3956 +009.9685 +001.9686 -108.9348 +000.9305 -011.7089 0
L1 06    146 +014.0523 +001.1275 -000.8916 -158.7434 +026.4511 -118.9521 0
L1 07    146 +013.1362 -000.3537 -001.0825 +139.4361 +050.0231 +149.9646 0
L1 08    146 +013.7183 -001.4200 -002.0341 -179.2114 -033.5236 +066.6325 0
L1 01    150 +016.0224 +000.1984 +001.3540 -089.0031 -001.0393 +002.1949 0
L1 02    150 +007.1374 +005.8787 +001.6818 -119.7876 +003.4713 -128.8762 0
L1 03    150 +016.0878 -000.5673 -000.8323 -092.6182 +003.5649 +092.1609 0
L1 04    150 +008.4604 +010.6744 +001.8048 -055.5501 -000.1982 +000.5266 0
L1 05    150 +014.3957 +009.9685 +001.9675 -108.9348 +000.9259 -011.7136 0
L1 06    150 +014.0523 +001.1274 -000.8915 -158.7443 +026.4511 -118.9520 0
L1 07    150 +013.1362 -000.3538 -001.0825 +139.4354 +050.0234 +149.9648 0
L1 08    150 +013.7183 -001.4201 -002.0341 -179.2127 -033.5236 +066.6333 0
L1 01    154 +016.0224 +000.1984 +001.3542 -089.0033 -001.0401 +002.1963 0
L1 02    154 +007.1374 +005.8787 +001.6818 -119.7877 +003.4709 -128.8763 0
L1 03    154 +016.0878 -000.5672 -000.8321 -092.6179 +003.5644 +092.1623 0
L1 04    154 +008.4604 +010.6744 +001.8049 -055.5502 -000.1980 +000.5269 0
L1 05    154 +014.3959 +009.9681 +001.9682 -108.9369 +000.9293 -011.7120 0
L1 06    154 +014.0523 +001.1273 -000.8916 -158.7443 +026.4494 -118.9517 0
L1 07    154 +013.1362 -000.3538 -001.0825 +139.4355 +050.0235 +149.9655 0
L1 08    154 +013.7183 -001.4202 -002.0340 -179.2128 -033.5232 +066.6334 0
L1 01    158 +016.0224 +000.1986 +001.3540 -089.0017 -001.0401 +002.1951 0
L1 02    158 +007.1374 +005.8787 +001.6818 -119.7877 +003.4709 -128.8762 0
L1 03    158 +016.0878 -000.5672 -000.8321 -092.6176 +003.5652 +092.1626 0
L1 04    158 +008.4603 +010.6745 +001.8048 -055.5491 -000.1985 +000.5264 0
L1 05    158 +014.3957 +009.9686 +001.9680 -108.9345 +000.9276 -011.7121 0
L1 06    158 +014.0523 +001.1274 -000.8916 -158.7426 +026.4485 -118.9513 0
L1 07    158 +013.1362 -000.3537 -001.0825 +139.4370 +050.0236 +149.9657 0
L1 08    158 +013.7183 -001.4200 -002.0341 -179.2110 -033.5240 +066.6330 0
L1 01    162 +016.0224 +000.1986 +001.3540 -089.0019 -001.0405 +002.1948 0
L1 02    162 +007.1374 +005.8787 +001.6817 -119.7878 +003.4709 -128.8763 0
L1 03    162 +016.0878 -000.5671 -000.8321 -092.6172 +003.5650 +092.1626 0
L1 04    162 +008.4604 +010.6744 +001.8048 -055.5495 -000.1982 +000.5265 0
L1 05    162 +014.3956 +009.9688 +001.9679 -108.9340 +000.9276 -011.7121 0
L1 06    162 +014.0523 +001.1275 -000.8916 -158.7413 +026.4490 -118.9512 0
L1 07    162 +013.1362 -000.3536 -001.0825 +139.4383 +050.0230 +149.9660 0
L1 08    162 +013.7183 -001.4200 -002.0341 -179.2112 -033.5242 +066.6327 0
L1 01    166 +016.0224 +000.1986 +001.3541 -089.0018 -001.0413 +002.1959 0
L1 02    166 +007.1374 +005.8787 +001.6818 -119.7876 +003.4710 -128.8762 0
L1 03    166 +016.0878 -000.5671 -000.8321 -092.6171 +003.5650 +092.1625 0
L1 04    166 +008.4604 +010.6745 +001.8049 -055.5493 -000.1982 +000.5272 0
L1 05    166 +014.3957 +009.9686 +001.9682 -108.9345 +000.9284 -011.7118 0
L1 06    166 +014.0523 +001.1275 -000.8916 -158.7411 +026.4485 -118.9510 0
L1 07    166 +013.1362 -000.3537 -001.0825 +139.4372 +050.0228 +149.9654 0
L1 08    166 +013.7183 -001.4201 -002.0340 -179.2118 -033.5236 +066.6333 0
L1 01    170 +016.0224 +000.1985 +001.3540 -089.0023 -001.0412 +002.1945 0
L1 02    170 +007.1374 +005.8786 +001.6817 -119.7880 +003.4708 -128.8765 0
L1 03    170 +016.0878 -000.5671 -000.8321 -092.6172 +003.5648 +092.1623 0
L1 04    170 +008.4604 +010.6744 +001.8048 -055.5497 -000.1985 +000.5262 0
L1 05    170 +014.3957 +009.9685 +001.9682 -108.9355 +000.9278 -011.7103 0
L1 06    170 +014.0523 +001.1277 -000.8917 -158.7409 +026.4473 -118.9517 0
L1 07    170 +013.1362 -000.3539 -001.0825 +139.4371 +050.0220 +149.9675 0
L1 08    170 +013.7183 -001.4202 -002.0341 -179.2130 -033.5247 +066.6333 0
L1 01    174 +016.0224 +000.1985 +001.3541 -089.0029 -001.0415 +002.1949 0
L1 02    174 +007.1374 +005.8787 +001.6817 -119.7877 +003.4706 -128.8763 0
L1 03    174 +016.0878 -000.5672 -000.8321 -092.6178 +003.5644 +092.1628 0
L1 04    174 +008.4604 +010.6744 +001.8048 -055.5496 -000.1982 +000.5259 0
L1 05    174 +014.3958 +009.9684 +001.9683 -108.9368 +000.9281 -011.7103 0
L1 06    174 +014.0522 +001.1275 -000.8917 -158.7414 +026.4467 -118.9514 0
L1 07    174 +013.1362 -000.3537 -001.0824 +139.4392 +050.0219 +149.9682 0
L1 08    174 +013.7183 -001.4202 -002.0341 -179.2130 -033.5246 +066.6336 0
L1 01    178 +016.0224 +000.1985 +001.3540 -089.0033 -001.0421 +002.1946 0
L1 02    178 +007.1374 +005.8787 +001.6817 -119.7879 +003.4707 -128.8763 0
L1 03    178 +016.0878 -000.5672 -000.8322 -092.6180 +003.5641 +092.1625 0
L1 04    178 +008.4604 +010.6744 +001.8048 -055.5500 -000.1982 +000.5264 0
L1 05    178 +014.3957 +009.9686 +001.9678 -108.9347 +000.9253 -011.7121 0
L1 06    178 +014.0523 +001.1275 -000.8918 -158.7418 +026.4459 -118.9521 0
L1 07    178 +013.1362 -000.3537 -001.0824 +139.4387 +050.0211 +149.9675 0
L1 08    178 +013.7183 -001.4201 -002.0341 -179.2130 -033.5246 +066.6336 0
L1 01    182 +016.0224 +000.1984 +001.3540 -089.0044 -001.0426 +002.1939 0
L1 02    182 +007.1374 +005.8786 +001.6817 -119.7882 +003.4706 -128.8765 0
L1 03    182 +016.0878 -000.5671 -000.8322 -092.6180 +003.5641 +092.1624 0
L1 04    182 +008.4605 +010.6744 +001.8048 -055.5501 -000.1982 +000.5261 0
L1 05    182 +014.3957 +009.9684 +001.9677 -108.9361 +000.9260 -011.7123 0
L1 06    182 +014.0523 +001.1274 -000.8918 -158.7421 +026.4456 -118.9517 0
L1 07    182 +013.1362 -000.3538 -001.0825 +139.4376 +050.0208 +149.9686 0
L1 08    182 +013.7183 -001.4201 -002.0341 -179.2131 -033.5250 +066.6337 0
L1 01    186 +016.0224 +000.1984 +001.3539 -089.0043 -001.0426 +002.1938 0
L1 02    186 +007.1374 +005.8786 +001.6817 -119.7883 +003.4706 -128.8765 0
L1 03    186 +016.0878 -000.5672 -000.8321 -092.6182 +003.5640 +092.1625 0
L1 04    186 +008.4604 +010.6744 +001.8048 -055.5500 -000.1983 +000.5264 0
L1 05    186 +014.3957 +009.9683 +001.9679 -108.9370 +000.9261 -011.7112 0
L1 06    186 +014.0523 +001.1275 -000.8917 -158.7405 +026.4454 -118.9512 0
L1 07    186 +013.1362 -000.3538 -001.0825 +139.4392 +050.0210 +149.9695 0
L1 08    186 +013.7184 -001.4201 -002.0341 -179.2127 -033.5251 +066.6339 0
L1 01    190 +016.0224 +000.1985 +001.3539 -089.0025 -001.0433 +002.1932 0
L1 02    190 +007.1374 +005.8787 +001.6817 -119.7878 +003.4706 -128.8764 0
L1 03    190 +016.0878 -000.5671 -000.8322 -092.6171 +003.5639 +092.1623 0
L1 04    190 +008.4603 +010.6745 +001.8047 -055.5491 -000.1989 +000.5256 0
L1 05    190 +014.3960 +009.9683 +001.9676 -108.9371 +000.9250 -011.7122 0
L1 06    190 +014.0523 +001.1276 -000.8918 -158.7390 +026.4443 -118.9514 0
L1 07    190 +013.1362 -000.3537 -001.0825 +139.4409 +050.0198 +149.9706 0
L1 08    190 +013.7183 -001.4201 -002.0342 -179.2119 -033.5258 +066.6336 0
L1 01    194 +016.0224 +000.1987 +001.3539 -089.0015 -001.0433 +002.1932 0
L1 02    194 +007.1374 +005.8787 +001.6817 -119.7876 +003.4707 -128.8763 0
L1 03    194 +016.0878 -000.5671 -000.8321 -092.6166 +003.5639 +092.1628 0
L1 04    194 +008.4603 +010.6745 +001.8047 -055.5488 -000.1986 +000.5256 0
L1 05    194 +014.3959 +009.9684 +001.9679 -108.9361 +000.9262 -011.7119 0
L1 06    194 +014.0523 +001.1278 -000.8919 -158.7377 +026.4432 -118.9507 0
L1 07    194 +013.1362 -000.3537 -001.0824 +139.4424 +050.0202 +149.9715 0
L1 08    194 +013.7183 -001.4201 -002.0341 -179.2118 -033.5253 +066.6336 0
L1 01    198 +016.0224 +000.1986 +001.3538 -089.0028 -001.0437 +002.1919 0
L1 02    198 +007.1374 +005.8787 +001.6817 -119.7872 +003.4706 -128.8764 0
L1 03    198 +016.0879 -000.5671 -000.8322 -092.6171 +003.5637 +092.1619 0
L1 04    198 +008.4603 +010.6745 +001.8047 -055.5494 -000.1988 +000.5256 0
L1 05    198 +014.3955 +009.9689 +001.9679 -108.9328 +000.9267 -011.7119 0
L1 06    198 +014.0523 +001.1275 -000.8917 -158.7393 +026.4442 -118.9507 0
L1 07    198 +013.1362 -000.3536 -001.0824 +139.4427 +050.0195 +149.9708 0
L1 08    198 +013.7184 -001.4201 -002.0341 -179.2120 -033.5252 +066.6336 0
L1 01    202 +016.0224 +000.1986 +001.3540 -089.0029 -001.0438 +002.1938 0
L1 02    202 +007.1374 +005.8787 +001.6817 -119.7874 +003.4708 -128.8765 0
L1 03    202 +016.0878 -000.5672 -000.8322 -092.6186 +003.5634 +092.1625 0
L1 04    202 +008.4604 +010.6744 +001.8048 -055.5495 -000.1986 +000.5264 0
L1 05    202 +014.3955 +009.9687 +001.9682 -108.9331 +000.9288 -011.7100 0
L1 06    202 +014.0523 +001.1275 -000.8917 -158.7389 +026.4443 -118.9505 0
L1 07    202 +013.1363 -000.3536 -001.0823 +139.4409 +050.0201 +149.9699 0
L1 08    202 +013.7184 -001.4201 -002.0341 -179.2125 -033.5247 +066.6336 0
L1 01    206 +016.0224 +000.1988 +001.3541 -089.0014 -001.0441 +002.1944 0
L1 02    206 +007.1374 +005.8787 +001.6817 -119.7875 +003.4708 -128.8762 0
L1 03    206 +016.0878 -000.5672 -000.8319 -092.6174 +003.5637 +092.1646 0
L1 04    206 +008.4603 +010.6745 +001.8048 -055.5490 -000.1986 +000.5264 0
L1 05    206 +014.3953 +009.9689 +001.9683 -108.9319 +000.9293 -011.7098 0
L1 06    206 +014.0523 +001.1277 -000.8916 -158.7376 +026.4440 -118.9506 0
L1 07    206 +013.1363 -000.3535 -001.0824 +139.4435 +050.0203 +149.9717 0
L1 08    206 +013.7184 -001.4200 -002.0341 -179.2110 -033.5251 +066.6335 0
L1 01    210 +016.0224 +000.1987 +001.3540 -089.0031 -001.0451 +002.1936 0
L1 02    210 +007.1374 +005.8787 +001.6817 -119.7876 +003.4707 -128.8764 0
L1 03    210 +016.0878 -000.5673 -000.8321 -092.6189 +003.5636 +092.1630 0
L1 04    210 +008.4603 +010.6745 +001.8048 -055.5493 -000.1987 +000.5262 0
L1 05    210 +014.3953 +009.9690 +001.9679 -108.9310 +000.9268 -011.7100 0
L1 06    210 +014.0524 +001.1274 -000.8916 -158.7390 +026.4428 -118.9496 0
L1 07    210 +013.1363 -000.3537 -001.0825 +139.4441 +050.0186 +149.9747 0
L1 08    210 +013.7183 -001.4201 -002.0341 -179.2126 -033.5259 +066.6343 0
L1 01    214 +016.0225 +000.1987 +001.3540 -089.0028 -001.0460 +002.1938 0
L1 02    214 +007.1374 +005.8787 +001.6817 -119.7874 +003.4707 -128.8763 0
L1 03    214 +016.0878 -000.5672 -000.8320 -092.6179 +003.5627 +092.1636 0
L1 04    214 +008.4603 +010.6745 +001.8048 -055.5490 -000.1986 +000.5264 0
L1 05    214 +014.3953 +009.9689 +001.9681 -108.9321 +000.9284 -011.7105 0
L1 06    214 +014.0523 +001.1274 -000.8918 -158.7384 +026.4413 -118.9496 0
L1 07    214 +013.1363 -000.3537 -001.0825 +139.4449 +050.0187 +149.9746 0
L1 08    214 +013.7184 -001.4200 -002.0341 -179.2118 -033.5258 +066.6347 0
L1 01    218 +016.0224 +000.1986 +001.3541 -089.0034 -001.0462 +002.1942 0
L1 02    218 +007.1374 +005.8787 +001.6817 -119.7876 +003.4708 -128.8763 0
L1 03    218 +016.0878 -000.5670 -000.8320 -092.6171 +003.5628 +092.1636 0
L1 04    218 +008.4603 +010.6744 +001.8048 -055.5493 -000.1986 +000.5267 0
L1 05    218 +014.3954 +009.9690 +001.9679 -108.9322 +000.9273 -011.7117 0
L1 06    218 +014.0523 +001.1272 -000.8917 -158.7393 +026.4414 -118.9488 0
L1 07    218 +013.1363 -000.3537 -001.0824 +139.4445 +050.0194 +149.9740 0
L1 08    218 +013.7184 -001.4201 -002.0341 -179.2126 -033.5256 +066.6348 0
L1 01    222 +016.0224 +000.1986 +001.3542 -089.0026 -001.0466 +002.1947 0
L1 02    222 +007.1374 +005.8787 +001.6817 -119.7874 +003.4707 -128.8763 0
L1 03    222 +016.0878 -000.5668 -000.8320 -092.6156 +003.5631 +092.1639 0
L1 04    222 +008.4603 +010.6745 +001.8048 -055.5490 -000.1986 +000.5267 0
L1 05    222 +014.3955 +009.9688 +001.9683 -108.9325 +000.9288 -011.7102 0
L1 06    222 +014.0523 +001.1274 -000.8918 -158.7385 +026.4398 -118.9496 0
L1 07    222 +013.1362 -000.3537 -001.0825 +139.4450 +050.0186 +149.9745 0
L1 08    222 +013.7184 -001.4200 -002.0341 -179.2118 -033.5259 +066.6346 0
L1 01    226 +016.0224 +000.1987 +001.3541 -089.0027 -001.0473 +002.1941 0
L1 02    226 +007.1374 +005.8787 +001.6817 -119.7875 +003.4707 -128.8763 0
L1 03    226 +016.0878 -000.5670 -000.8320 -092.6170 +003.5623 +092.1634 0
L1 04    226 +008.4603 +010.6745 +001.8048 -055.5488 -000.1987 +000.5262 0
L1 05    226 +014.3954 +009.9690 +001.9680 -108.9314 +000.9273 -011.7105 0
L1 06    226 +014.0523 +001.1276 -000.8917 -158.7365 +026.4400 -118.9495 0
L1 07    226 +013.1362 -000.3537 -001.0826 +139.4443 +050.0186 +149.9744 0
L1 08    226 +013.7184 -001.4201 -002.0341 -179.2123 -033.5263 +066.6347 0
L1 01    230 +016.0224 +000.1984 +001.3540 -089.0051 -001.0477 +002.1930 0
L1 02    230 +007.1374 +005.8787 +001.6817 -119.7873 +003.4705 -128.8764 0
L1 03    230 +016.0878 -000.5671 -000.8321 -092.6180 +003.5621 +092.1629 0
L1 04    230 +008.4604 +010.6744 +001.8047 -055.5497 -000.1986 +000.5260 0
L1 05    230 +014.3953 +009.9690 +001.9682 -108.9326 +000.9276 -011.7093 0
L1 06    230 +014.0524 +001.1275 -000.8917 -158.7369 +026.4398 -118.9494 0
L1 07    230 +013.1363 -000.3537 -001.0825 +139.4436 +050.0190 +149.9735 0
L1 08    230 +013.7184 -001.4202 -002.0341 -179.2130 -033.5266 +066.6350 0
L1 01    234 +016.0224 +000.1983 +001.3540 -089.0055 -001.0476 +002.1929 0
L1 02    234 +007.1374 +005.8787 +001.6817 -119.7874 +003.4708 -128.8763 0
L1 03    234 +016.0878 -000.5673 -000.8320 -092.6195 +003.5622 +092.1633 0
L1 04    234 +008.4604 +010.6744 +001.8047 -055.5499 -000.1987 +000.5258 0
L1 05    234 +014.3960 +009.9680 +001.9685 -108.9384 +000.9294 -011.7087 0
L1 06    234 +014.0523 +001.1274 -000.8916 -158.7372 +026.4396 -118.9495 0
L1 07    234 +013.1363 -000.3537 -001.0825 +139.4432 +050.0189 +149.9741 0
L1 08    234 +013.7183 -001.4202 -002.0340 -179.2137 -033.5261 +066.6350 0
L1 01    238 +016.0224 +000.1985 +001.3541 -089.0041 -001.0487 +002.1931 0
L1 02    238 +007.1374 +005.8787 +001.6817 -119.7874 +003.4706 -128.8765 0
L1 03    238 +016.0878 -000.5671 -000.8321 -092.6178 +003.5617 +092.1631 0
L1 04    238 +008.4604 +010.6744 +001.8048 -055.5493 -000.1986 +000.5264 0
L1 05    238 +014.3958 +009.9686 +001.9678 -108.9344 +000.9266 -011.7120 0
L1 06    238 +014.0523 +001.1277 -000.8917 -158.7350 +026.4389 -118.9494 0
L1 07    238 +013.1363 -000.3536 -001.0825 +139.4439 +050.0184 +149.9735 0
L1 08    238 +013.7184 -001.4201 -002.0340 -179.2128 -033.5262 +066.6351 0
L1 01    242 +016.0224 +000.1984 +001.3540 -089.0047 -001.0494 +002.1926 0
L1 02    242 +007.1374 +005.8787 +001.6817 -119.7872 +003.4704 -128.8763 0
L1 03    242 +016.0878 -000.5671 -000.8321 -092.6175 +003.5612 +092.1631 0
L1 04    242 +008.4603 +010.6745 +001.8048 -055.5493 -000.1987 +000.5265 0
L1 05    242 +014.3958 +009.9685 +001.9680 -108.9346 +000.9273 -011.7111 0
L1 06    242 +014.0523 +001.1277 -000.8916 -158.7352 +026.4389 -118.9497 0
L1 07    242 +013.1363 -000.3537 -001.0825 +139.4440 +050.0185 +149.9744 0
L1 08    242 +013.7183 -001.4202 -002.0340 -179.2136 -033.5266 +066.6359 0
L1 01    246 +016.0224 +000.1987 +001.3544 -089.0020 -001.0499 +002.1953 0
L1 02    246 +007.1374 +005.8787 +001.6817 -119.7871 +003.4706 -128.8762 0
L1 03    246 +016.0878 -000.5670 -000.8319 -092.6158 +003.5610 +092.1644 0
L1 04    246 +008.4602 +010.6746 +001.8049 -055.5478 -000.1984 +000.5268 0
L1 05    246 +014.3956 +009.9686 +001.9683 -108.9337 +000.9282 -011.7096 0
L1 06    246 +014.0523 +001.1277 -000.8916 -158.7338 +026.4380 -118.9494 0
L1 07    246 +013.1363 -000.3536 -001.0824 +139.4444 +050.0191 +149.9738 0
L1 08    246 +013.7184 -001.4200 -002.0340 -179.2113 -033.5260 +066.6356 0
L1 01    250 +016.0224 +000.1986 +001.3543 -089.0030 -001.0498 +002.1947 0
L1 02    250 +007.1374 +005.8787 +001.6817 -119.7876 +003.4705 -128.8764 0
L1 03    250 +016.0878 -000.5671 -000.8320 -092.6170 +003.5613 +092.1637 0
L1 04    250 +008.4603 +010.6745 +001.8048 -055.5489 -000.1985 +000.5265 0
L1 05    250 +014.3956 +009.9687 +001.9684 -108.9340 +000.9291 -011.7079 0
L1 06    250 +014.0524 +001.1276 -000.8916 -158.7349 +026.4378 -118.9488 0
L1 07    250 +013.1363 -000.3537 -001.0824 +139.4441 +050.0196 +149.9736 0
L1 08    250 +013.7184 -001.4201 -002.0340 -179.2124 -033.5263 +066.6360 0
L1 01    254 +016.0224 +000.1985 +001.3541 -089.0038 -001.0502 +002.1933 0
L1 02    254 +007.1374 +005.8787 +001.6817 -119.7873 +003.4707 -128.8764 0
L1 03    254 +016.0878 -000.5668 -000.8322 -092.6153 +003.5616 +092.1628 0
L1 04    254 +008.4602 +010.6745 +001.8048 -055.5482 -000.1985 +000.5266 0
L1 05    254 +014.3955 +009.9688 +001.9683 -108.9322 +000.9286 -011.7095 0
L1 06    254 +014.0523 +001.1275 -000.8915 -158.7352 +026.4383 -118.9491 0
L1 07    254 +013.1363 -000.3535 -001.0824 +139.4451 +050.0182 +149.9734 0
L1 08    254 +013.7184 -001.4201 -002.0340 -179.2121 -033.5263 +066.6358 0
L1 01    258 +016.0224 +000.1985 +001.3542 -089.0049 -001.0499 +002.1937 0
L1 02    258 +007.1374 +005.8787 +001.6818 -119.7877 +003.4709 -128.8764 0
L1 03    258 +016.0878 -000.5672 -000.8321 -092.6183 +003.5613 +092.1633 0
L1 04    258 +008.4605 +010.6743 +001.8048 -055.5504 -000.1979 +000.5264 0
L1 05    258 +014.3954 +009.9689 +001.9680 -108.9325 +000.9278 -011.7103 0
L1 06    258 +014.0523 +001.1277 -000.8915 -158.7337 +026.4377 -118.9491 0
L1 07    258 +013.1363 -000.3537 -001.0825 +139.4456 +050.0185 +149.9760 0
L1 08    258 +013.7184 -001.4201 -002.0341 -179.2126 -033.5265 +066.6356 0
L1 01    262 +016.0224 +000.1985 +001.3541 -089.0048 -001.0498 +002.1931 0
L1 02    262 +007.1374 +005.8787 +001.6817 -119.7878 +003.4707 -128.8764 0
L1 03    262 +016.0878 -000.5673 -000.8321 -092.6194 +003.5605 +092.1633 0
L1 04    262 +008.4605 +010.6744 +001.8048 -055.5504 -000.1980 +000.5262 0
L1 05    262 +014.3956 +009.9687 +001.9678 -108.9352 +000.9271 -011.7117 0
L1 06    262 +014.0523 +001.1277 -000.8917 -158.7337 +026.4358 -118.9481 0
L1 07    262 +013.1363 -000.3537 -001.0827 +139.4470 +050.0169 +149.9781 0
L1 08    262 +013.7184 -001.4201 -002.0341 -179.2129 -033.5268 +066.6359 0
L1 01    266 +016.0224 +000.1983 +001.3542 -089.0064 -001.0498 +002.1942 0
L1 02    266 +007.1374 +005.8787 +001.6818 -119.7877 +003.4711 -128.8764 0
L1 03    266 +016.0878 -000.5672 -000.8321 -092.6186 +003.5609 +092.1638 0
L1 04    266 +008.4605 +010.6744 +001.8048 -055.5504 -000.1979 +000.5263 0
L1 05    266 +014.3956 +009.9684 +001.9686 -108.9365 +000.9312 -011.7098 0
L1 06    266 +014.0524 +001.1276 -000.8916 -158.7339 +026.4363 -118.9483 0
L1 07    266 +013.1363 -000.3537 -001.0825 +139.4459 +050.0172 +149.9773 0
L1 08    266 +013.7184 -001.4201 -002.0340 -179.2133 -033.5266 +066.6363 0
L1 01    270 +016.0224 +000.1986 +001.3542 -089.0043 -001.0510 +002.1934 0
L1 02    270 +007.1374 +005.8787 +001.6818 -119.7874 +003.4709 -128.8764 0
L1 03    270 +016.0878 -000.5672 -000.8320 -092.6181 +003.5605 +092.1639 0
L1 04    270 +008.4604 +010.6744 +001.8048 -055.5499 -000.1983 +000.5266 0
L1 05    270 +014.3954 +009.9689 +001.9682 -108.9328 +000.9282 -011.7104 0
L1 06    270 +014.0523 +001.1278 -000.8918 -158.7322 +026.4348 -118.9489 0
L1 07    270 +013.1363 -000.3535 -001.0824 +139.4467 +050.0174 +149.9763 0
L1 08    270 +013.7184 -001.4200 -002.0340 -179.2120 -033.5271 +066.6361 0
L1 01    274 +016.0224 +000.1985 +001.3541 -089.0049 -001.0516 +002.1923 0
L1 02    274 +007.1374 +005.8787 +001.6817 -119.7876 +003.4707 -128.8765 0
L1 03    274 +016.0878 -000.5670 -000.8321 -092.6170 +003.5604 +092.1632 0
L1 04    274 +008.4604 +010.6744 +001.8048 -055.5502 -000.1985 +000.5262 0
L1 05    274 +014.3955 +009.9687 +001.9682 -108.9334 +000.9270 -011.7093 0
L1 06    274 +014.0523 +001.1278 -000.8916 -158.7317 +026.4359 -118.9486 0
L1 07    274 +013.1363 -000.3535 -001.0824 +139.4474 +050.0172 +149.9771 0
L1 08    274 +013.7184 -001.4201 -002.0340 -179.2127 -033.5276 +066.6364 0
L1 01    278 +016.0225 +000.1984 +001.3542 -089.0057 -001.0522 +002.1935 0
L1 02    278 +007.1374 +005.8787 +001.6817 -119.7876 +003.4706 -128.8765 0
L1 03    278 +016.0878 -000.5671 -000.8320 -092.6178 +003.5602 +092.1642 0
L1 04    278 +008.4605 +010.6744 +001.8048 -055.5507 -000.1980 +000.5262 0
L1 05    278 +014.3954 +009.9689 +001.9682 -108.9328 +000.9278 -011.7095 0
L1 06    278 +014.0524 +001.1275 -000.8915 -158.7332 +026.4355 -118.9483 0
L1 07    278 +013.1363 -000.3536 -001.0824 +139.4470 +050.0166 +149.9780 0
L1 08    278 +013.7184 -001.4201 -002.0341 -179.2124 -033.5277 +066.6363 0
L1 01    282 +016.0225 +000.1986 +001.3542 -089.0046 -001.0525 +002.1931 0
L1 02    282 +007.1374 +005.8787 +001.6818 -119.7870 +003.4708 -128.8763 0
L1 03    282 +016.0878 -000.5670 -000.8321 -092.6170 +003.5601 +092.1637 0
L1 04    282 +008.4604 +010.6744 +001.8048 -055.5497 -000.1982 +000.5266 0
L1 05    282 +014.3953 +009.9691 +001.9684 -108.9314 +000.9284 -011.7079 0
L1 06    282 +014.0524 +001.1276 -000.8916 -158.7322 +026.4348 -118.9484 0
L1 07    282 +013.1363 -000.3537 -001.0823 +139.4473 +050.0163 +149.9781 0
L1 08    282 +013.7184 -001.4200 -002.0340 -179.2116 -033.5277 +066.6362 0
L1 01    286 +016.0224 +000.1987 +001.3541 -089.0044 -001.0529 +002.1930 0
L1 02    286 +007.1374 +005.8787 +001.6817 -119.7874 +003.4707 -128.8765 0
L1 03    286 +016.0878 -000.5671 -000.8321 -092.6174 +003.5603 +092.1640 0
L1 04    286 +008.4604 +010.6745 +001.8048 -055.5493 -000.1982 +000.5262 0
L1 05    286 +014.3951 +009.9694 +001.9682 -108.9301 +000.9281 -011.7095 0
L1 06    286 +014.0524 +001.1275 -000.8915 -158.7319 +026.4345 -118.9477 0
L1 07    286 +013.1363 -000.3537 -001.0823 +139.4480 +050.0161 +149.9785 0
L1 08    286 +013.7184 -001.4200 -002.0340 -179.2121 -033.5275 +066.6364 0
L1 01    290 +016.0224 +000.1985 +001.3541 -089.0048 -001.0535 +002.1923 0
L1 02    290 +007.1374 +005.8787 +001.6817 -119.7877 +003.4707 -128.8767 0
L1 03    290 +016.0878 -000.5669 -000.8320 -092.6163 +003.5594 +092.1646 0
L1 04    290 +008.4604 +010.6744 +001.8049 -055.5494 -000.1982 +000.5266 0
L1 05    290 +014.3953 +009.9692 +001.9680 -108.9307 +000.9269 -011.7102 0
L1 06    290 +014.0524 +001.1275 -000.8915 -158.7316 +026.4340 -118.9469 0
L1 07    290 +013.1363 -000.3537 -001.0824 +139.4496 +050.0150 +149.9802 0
L1 08    290 +013.7184 -001.4201 -002.0340 -179.2129 -033.5278 +066.6368 0
L1 01    294 +016.0224 +000.1985 +001.3543 -089.0049 -001.0534 +002.1936 0
L1 02    294 +007.1374 +005.8787 +001.6817 -119.7879 +003.4706 -128.8767 0
L1 03    294 +016.0878 -000.5671 -000.8319 -092.6181 +003.5599 +092.1649 0
L1 04    294 +008.4604 +010.6744 +001.8048 -055.5495 -000.1981 +000.5261 0
L1 05    294 +014.3955 +009.9688 +001.9684 -108.9326 +000.9298 -011.7101 0
L1 06    294 +014.0524 +001.1277 -000.8917 -158.7306 +026.4328 -118.9480 0
L1 07    294 +013.1363 -000.3536 -001.0824 +139.4505 +050.0151 +149.9816 0
L1 08    294 +013.7184 -001.4200 -002.0339 -179.2118 -033.5269 +066.6370 0
L1 01    298 +016.0224 +000.1987 +001.3543 -089.0036 -001.0543 +002.1942 0
L1 02    298 +007.1374 +005.8787 +001.6817 -119.7876 +003.4708 -128.8766 0
L1 03    298 +016.0878 -000.5669 -000.8319 -092.6167 +003.5598 +092.1652 0
L1 04    298 +008.4603 +010.6745 +001.8048 -055.5488 -000.1979 +000.5264 0
L1 05    298 +014.3956 +009.9688 +001.9682 -108.9332 +000.9286 -011.7096 0
L1 06    298 +014.0524 +001.1276 -000.8917 -158.7311 +026.4315 -118.9476 0
L1 07    298 +013.1363 -000.3537 -001.0824 +139.4513 +050.0150 +149.9827 0
L1 08    298 +013.7184 -001.4199 -002.0340 -179.2106 -033.5277 +066.6363 0
L1 01    302 +016.0224 +000.1986 +001.3539 -089.0045 -001.0543 +002.1904 0
L1 02    302 +007.1374 +005.8787 +001.6818 -119.7871 +003.4708 -128.8765 0
L1 03    302 +016.0879 -000.5669 -000.8320 -092.6164 +003.5598 +092.1645 0
L1 04    302 +008.4603 +010.6745 +001.8048 -055.5490 -000.1986 +000.5260 0
L1 05    302 +014.3950 +009.9696 +001.9676 -108.9281 +000.9254 -011.7105 0
L1 06    302 +014.0524 +001.1275 -000.8917 -158.7316 +026.4314 -118.9475 0
L1 07    302 +013.1363 -000.3536 -001.0823 +139.4522 +050.0151 +149.9827 0
L1 08    302 +013.7184 -001.4200 -002.0341 -179.2118 -033.5291 +066.6366 0
L1 01    306 +016.0224 +000.1985 +001.3542 -089.0058 -001.0549 +002.1924 0
L1 02    306 +007.1374 +005.8787 +001.6818 -119.7876 +003.4708 -128.8766 0
L1 03    306 +016.0878 -000.5670 -000.8319 -092.6177 +003.5589 +092.1650 0
L1 04    306 +008.4604 +010.6744 +001.8048 -055.5497 -000.1983 +000.5265 0
L1 05    306 +014.3952 +009.9693 +001.9680 -108.9296 +000.9263 -011.7099 0
L1 06    306 +014.0524 +001.1274 -000.8915 -158.7319 +026.4323 -118.9466 0
L1 07    306 +013.1363 -000.3536 -001.0826 +139.4535 +050.0129 +149.9847 0
L1 08    306 +013.7184 -001.4200 -002.0340 -179.2124 -033.5288 +066.6373 0
L1 01    310 +016.0224 +000.1982 +001.3542 -089.0082 -001.0548 +002.1921 0
L1 02    310 +007.1374 +005.8787 +001.6817 -119.7879 +003.4705 -128.8768 0
L1 03    310 +016.0878 -000.5671 -000.8319 -092.6182 +003.5588 +092.1646 0
L1 04    310 +008.4604 +010.6744 +001.8048 -055.5502 -000.1984 +000.5262 0
L1 05    310 +014.3953 +009.9689 +001.9683 -108.9322 +000.9285 -011.7095 0
L1 06    310 +014.0524 +001.1274 -000.8918 -158.7319 +026.4302 -118.9469 0
L1 07    310 +013.1363 -000.3537 -001.0826 +139.4532 +050.0130 +149.9854 0
L1 08    310 +013.7184 -001.4202 -002.0340 -179.2146 -033.5290 +066.6382 0
L1 01    314 +016.0224 +000.1984 +001.3538 -089.0078 -001.0545 +002.1900 0
L1 02    314 +007.1374 +005.8787 +001.6817 -119.7873 +003.4698 -128.8777 0
L1 03    314 +016.0879 -000.5671 -000.8321 -092.6190 +003.5591 +092.1637 0
L1 04    314 +008.4604 +010.6744 +001.8046 -055.5499 -000.1990 +000.5246 0
L1 05    314 +014.3956 +009.9687 +001.9677 -108.9354 +000.9277 -011.7138 0
L1 06    314 +014.0524 +001.1274 -000.8915 -158.7317 +026.4306 -118.9471 0
L1 07    314 +013.1363 -000.3536 -001.0825 +139.4533 +050.0132 +149.9853 0
L1 08    314 +013.7184 -001.4202 -002.0339 -179.2148 -033.5289 +066.6377 0
L1 01    318 +016.0224 +000.1985 +001.3540 -089.0066 -001.0553 +002.1918 0
L1 02    318 +007.1374 +005.8787 +001.6817 -119.7871 +003.4707 -128.8767 0
L1 03    318 +016.0878 -000.5670 -000.8320 -092.6179 +003.5588 +092.1647 0
L1 04    318 +008.4603 +010.6745 +001.8048 -055.5492 -000.1983 +000.5263 0
L1 05    318 +014.3954 +009.9689 +001.9680 -108.9314 +000.9300 -011.7103 0
L1 06    318 +014.0523 +001.1277 -000.8915 -158.7295 +026.4305 -118.9471 0
L1 07    318 +013.1363 -000.3537 -001.0821 +139.4514 +050.0148 +149.9834 0
L1 08    318 +013.7184 -001.4201 -002.0340 -179.2131 -033.5287 +066.6375 0
L1 01    322 +016.0224 +000.1984 +001.3538 -089.0069 -001.0557 +002.1900 0
L1 02    322 +007.1373 +005.8788 +001.6818 -119.7866 +003.4710 -128.8765 0
L1 03    322 +016.0878 -000.5670 -000.8322 -092.6176 +003.5588 +092.1635 0
L1 04    322 +008.4603 +010.6745 +001.8048 -055.5493 -000.1986 +000.5262 0
L1 05    322 +014.3955 +009.9686 +001.9682 -108.9337 +000.9295 -011.7105 0
L1 06    322 +014.0524 +001.1277 -000.8912 -158.7289 +026.4319 -118.9458 0
L1 07    322 +013.1363 -000.3536 -001.0823 +139.4523 +050.0135 +149.9839 0
L1 08    322 +013.7184 -001.4201 -002.0340 -179.2134 -033.5293 +066.6374 0
L1 01    326 +016.0224 +000.1983 +001.3538 -089.0075 -001.0564 +002.1896 0
L1 02    326 +007.1373 +005.8788 +001.6818 -119.7867 +003.4709 -128.8764 0
L1 03    326 +016.0878 -000.5671 -000.8321 -092.6186 +003.5584 +092.1637 0
L1 04    326 +008.4604 +010.6744 +001.8048 -055.5500 -000.1984 +000.5262 0
L1 05    326 +014.3957 +009.9685 +001.9678 -108.9355 +000.9273 -011.7121 0
L1 06    326 +014.0523 +001.1279 -000.8914 -158.7280 +026.4306 -118.9468 0
L1 07    326 +013.1363 -000.3536 -001.0824 +139.4545 +050.0131 +149.9856 0
L1 08    326 +013.7184 -001.4201 -002.0341 -179.2134 -033.5300 +066.6375 0
L1 01    330 +016.0224 +000.1985 +001.3539 -089.0061 -001.0573 +002.1897 0
L1 02    330 +007.1373 +005.8788 +001.6817 -119.7862 +003.4707 -128.8763 0
L1 03    330 +016.0878 -000.5671 -000.8320 -092.6179 +003.5580 +092.1642 0
L1 04    330 +008.4602 +010.6745 +001.8048 -055.5486 -000.1988 +000.5266 0
L1 05    330 +014.3956 +009.9687 +001.9683 -108.9340 +000.9293 -011.7104 0
L1 06    330 +014.0523 +001.1279 -000.8915 -158.7266 +026.4290 -118.9461 0
L1 07    330 +013.1363 -000.3537 -001.0824 +139.4545 +050.0125 +149.9867 0
L1 08    330 +013.7184 -001.4202 -002.0340 -179.2133 -033.5302 +066.6380 0
L1 01    334 +016.0224 +000.1985 +001.3541 -089.0063 -001.0579 +002.1910 0
L1 02    334 +007.1373 +005.8788 +001.6818 -119.7865 +003.4708 -128.8762 0
L1 03    334 +016.0878 -000.5671 -000.8320 -092.6179 +003.5575 +092.1641 0
L1 04    334 +008.4602 +010.6746 +001.8049 -055.5480 -000.1986 +000.5270 0
L1 05    334 +014.3954 +009.9690 +001.9682 -108.9323 +000.9279 -011.7106 0
L1 06    334 +014.0523 +001.1278 -000.8916 -158.7271 +026.4277 -118.9463 0
L1 07    334 +013.1363 -000.3537 -001.0822 +139.4537 +050.0137 +149.9861 0
L1 08    334 +013.7184 -001.4201 -002.0340 -179.2129 -033.5299 +066.6382 0
L1 01    338 +016.0225 +000.1985 +001.3541 -089.0058 -001.0580 +002.1913 0
L1 02    338 +007.1373 +005.8788 +001.6818 -119.7864 +003.4707 -128.8763 0
L1 03    338 +016.0878 -000.5670 -000.8318 -092.6172 +003.5578 +092.1656 0
L1 04    338 +008.4602 +010.6746 +001.8049 -055.5480 -000.1986 +000.5268 0
L1 05    338 +014.3954 +009.9691 +001.9680 -108.9310 +000.9271 -011.7121 0
L1 06    338 +014.0523 +001.1278 -000.8918 -158.7278 +026.4267 -118.9473 0
L1 07    338 +013.1363 -000.3537 -001.0823 +139.4546 +050.0133 +149.9868 0
L1 08    338 +013.7184 -001.4201 -002.0340 -179.2116 -033.5300 +066.6377 0
L1 01    342 +016.0225 +000.1985 +001.3540 -089.0065 -001.0584 +002.1907 0
L1 02    342 +007.1373 +005.8788 +001.6818 -119.7865 +003.4708 -128.8763 0
L1 03    342 +016.0878 -000.5669 -000.8320 -092.6174 +003.5576 +092.1645 0
L1 04    342 +008.4604 +010.6744 +001.8048 -055.5496 -000.1985 +000.5266 0
L1 05    342 +014.3957 +009.9687 +001.9680 -108.9343 +000.9265 -011.7110 0
L1 06    342 +014.0523 +001.1274 -000.8916 -158.7297 +026.4279 -118.9469 0
L1 07    342 +013.1363 -000.3536 -001.0823 +139.4544 +050.0133 +149.9864 0
L1 08    342 +013.7185 -001.4201 -002.0339 -179.2128 -033.5296 +066.6381 0
L1 01    346 +016.0225 +000.1987 +001.3541 -089.0053 -001.0594 +002.1909 0
L1 02    346 +007.1373 +005.8788 +001.6818 -119.7865 +003.4710 -128.8762 0
L1 03    346 +016.0878 -000.5670 -000.8320 -092.6177 +003.5571 +092.1645 0
L1 04    346 +008.4603 +010.6745 +001.8049 -055.5493 -000.1982 +000.5271 0
L1 05    346 +014.3954 +009.9688 +001.9684 -108.9328 +000.9288 -011.7090 0
L1 06    346 +014.0523 +001.1274 -000.8915 -158.7289 +026.4269 -118.9464 0
L1 07    346 +013.1363 -000.3537 -001.0822 +139.4532 +050.0144 +149.9850 0
L1 08    346 +013.7184 -001.4201 -002.0340 -179.2133 -033.5303 +066.6384 0
L1 01    350 +016.0224 +000.1985 +001.3539 -089.0064 -001.0596 +002.1897 0
L1 02    350 +007.1373 +005.8787 +001.6818 -119.7866 +003.4710 -128.8763 0
L1 03    350 +016.0878 -000.5671 -000.8319 -092.6186 +003.5571 +092.1646 0
L1 04    350 +008.4603 +010.6745 +001.8048 -055.5493 -000.1985 +000.5267 0
L1 05    350 +014.3955 +009.9687 +001.9682 -108.9333 +000.9281 -011.7104 0
L1 06    350 +014.0523 +001.1276 -000.8914 -158.7275 +026.4273 -118.9454 0
L1 07    350 +013.1363 -000.3535 -001.0823 +139.4552 +050.0138 +149.9858 0
L1 08    350 +013.7184 -001.4202 -002.0341 -179.2138 -033.5313 +066.6388 0
L1 01    354 +016.0224 +000.1984 +001.3538 -089.0067 -001.0598 +002.1882 0
L1 02    354 +007.1373 +005.8788 +001.6818 -119.7867 +003.4709 -128.8762 0
L1 03    354 +016.0878 -000.5671 -000.8321 -092.6184 +003.5570 +092.1635 0
L1 04    354 +008.4603 +010.6745 +001.8048 -055.5494 -000.1985 +000.5262 0
L1 05    354 +014.3955 +009.9689 +001.9680 -108.9333 +000.9267 -011.7104 0
L1 06    354 +014.0523 +001.1275 -000.8917 -158.7276 +026.4250 -118.9459 0
L1 07    354 +013.1363 -000.3535 -001.0822 +139.4549 +050.0136 +149.9855 0
L1 08    354 +013.7184 -001.4202 -002.0340 -179.2138 -033.5315 +066.6390 0
L1 01    358 +016.0225 +000.1983 +001.3539 -089.0082 -001.0599 +002.1891 0
L1 02    358 +007.1374 +005.8787 +001.6818 -119.7869 +003.4707 -128.8762 0
L1 03    358 +016.0878 -000.5671 -000.8320 -092.6191 +003.5573 +092.1645 0
L1 04    358 +008.4604 +010.6744 +001.8048 -055.5500 -000.1984 +000.5267 0
L1 05    358 +014.3960 +009.9680 +001.9687 -108.9393 +000.9307 -011.7092 0
L1 06    358 +014.0524 +001.1274 -000.8915 -158.7285 +026.4259 -118.9463 0
L1 07    358 +013.1363 -000.3538 -001.0824 +139.4542 +050.0131 +149.9875 0
L1 08    358 +013.7184 -001.4202 -002.0340 -179.2142 -033.5309 +066.6389 0
L1 01    362 +016.0224 +000.1984 +001.3540 -089.0070 -001.0600 +002.1897 0
L1 02    362 +007.1373 +005.8788 +001.6818 -119.7865 +003.4707 -128.8762 0
L1 03    362 +016.0878 -000.5670 -000.8321 -092.6180 +003.5576 +092.1640 0
L1 04    362 +008.4603 +010.6745 +001.8049 -055.5487 -000.1983 +000.5269 0
L1 05    362 +014.3955 +009.9688 +001.9681 -108.9332 +000.9264 -011.7109 0
L1 06    362 +014.0524 +001.1274 -000.8916 -158.7281 +026.4246 -118.9463 0
L1 07    362 +013.1364 -000.3536 -001.0824 +139.4560 +050.0130 +149.9879 0
L1 08    362 +013.7184 -001.4201 -002.0340 -179.2131 -033.5308 +066.6384 0
L1 01    366 +016.0224 +000.1984 +001.3539 -089.0073 -001.0606 +002.1890 0
L1 02    366 +007.1373 +005.8788 +001.6818 -119.7865 +003.4707 -128.8762 0
L1 03    366 +016.0878 -000.5671 -000.8320 -092.6183 +003.5570 +092.1645 0
L1 04    366 +008.4603 +010.6744 +001.8048 -055.5493 -000.1985 +000.5263 0
L1 05    366 +014.3956 +009.9687 +001.9678 -108.9333 +000.9273 -011.7120 0
L1 06    366 +014.0524 +001.1276 -000.8916 -158.7264 +026.4243 -118.9461 0
L1 07    366 +013.1364 -000.3536 -001.0823 +139.4563 +050.0137 +149.9881 0
L1 08    366 +013.7184 -001.4202 -002.0339 -179.2139 -033.5306 +066.6389 0
L1 01    370 +016.0224 +000.1985 +001.3539 -089.0068 -001.0611 +002.1885 0
L1 02    370 +007.1373 +005.8788 +001.6818 -119.7862 +003.4708 -128.8763 0
L1 03    370 +016.0878 -000.5670 -000.8320 -092.6182 +003.5567 +092.1643 0
L1 04    370 +008.4604 +010.6744 +001.8048 -055.5497 -000.1988 +000.5263 0
L1 05    370 +014.3953 +009.9690 +001.9684 -108.9316 +000.9291 -011.7083 0
L1 06    370 +014.0524 +001.1277 -000.8915 -158.7245 +026.4241 -118.9458 0
L1 07    370 +013.1364 -000.3536 -001.0823 +139.4573 +050.0128 +149.9885 0
L1 08    370 +013.7184 -001.4202 -002.0340 -179.2135 -033.5317 +066.6388 0
L1 01    374 +016.0224 +000.1985 +001.3539 -089.0076 -001.0612 +002.1885 0
L1 02    374 +007.1373 +005.8788 +001.6818 -119.7866 +003.4707 -128.8764 0
L1 03    374 +016.0878 -000.5672 -000.8321 -092.6192 +003.5561 +092.1636 0
L1 04    374 +008.4604 +010.6744 +001.8048 -055.5505 -000.1985 +000.5264 0
L1 05    374 +014.3954 +009.9688 +001.9683 -108.9333 +000.9281 -011.7089 0
L1 06    374 +014.0523 +001.1275 -000.8918 -158.7262 +026.4215 -118.9457 0
L1 07    374 +013.1363 -000.3536 -001.0823 +139.4568 +050.0124 +149.9894 0
L1 08    374 +013.7184 -001.4202 -002.0340 -179.2145 -033.5318 +066.6396 0
L1 01    378 +016.0224 +000.1985 +001.3540 -089.0072 -001.0623 +002.1890 0
L1 02    378 +007.1373 +005.8788 +001.6817 -119.7863 +003.4706 -128.8763 0
L1 03    378 +016.0878 -000.5671 -000.8321 -092.6182 +003.5560 +092.1639 0
L1 04    378 +008.4603 +010.6744 +001.8048 -055.5495 -000.1985 +000.5264 0
L1 05    378 +014.3952 +009.9691 +001.9686 -108.9307 +000.9293 -011.7072 0
L1 06    378 +014.0523 +001.1276 -000.8917 -158.7254 +026.4217 -118.9452 0
L1 07    378 +013.1363 -000.3537 -001.0823 +139.4567 +050.0124 +149.9895 0
L1 08    378 +013.7184 -001.4202 -002.0340 -179.2137 -033.5320 +066.6395 0
L1 01    382 +016.0224 +000.1984 +001.3540 -089.0072 -001.0623 +002.1895 0
L1 02    382 +007.1373 +005.8788 +001.6818 -119.7863 +003.4709 -128.8762 0
L1 03    382 +016.0878 -000.5671 -000.8320 -092.6181 +003.5560 +092.1647 0
L1 04    382 +008.4603 +010.6745 +001.8048 -055.5489 -000.1983 +000.5261 0
L1 05    382 +014.3959 +009.9683 +001.9682 -108.9362 +000.9289 -011.7102 0
L1 06    382 +014.0523 +001.1277 -000.8917 -158.7246 +026.4217 -118.9457 0
L1 07    382 +013.1363 -000.3537 -001.0823 +139.4555 +050.0128 +149.9885 0
L1 08    382 +013.7184 -001.4202 -002.0340 -179.2135 -033.5315 +066.6391 0
L1 01    386 +016.0224 +000.1985 +001.3539 -089.0073 -001.0627 +002.1883 0
L1 02    386 +007.1373 +005.8788 +001.6817 -119.7860 +003.4705 -128.8761 0
L1 03    386 +016.0878 -000.5670 -000.8320 -092.6176 +003.5563 +092.1644 0
L1 04    386 +008.4603 +010.6745 +001.8048 -055.5492 -000.1984 +000.5259 0
L1 05    386 +014.3956 +009.9687 +001.9683 -108.9341 +000.9292 -011.7101 0
L1 06    386 +014.0523 +001.1278 -000.8916 -158.7238 +026.4226 -118.9452 0
L1 07    386 +013.1363 -000.3537 -001.0824 +139.4559 +050.0115 +149.9884 0
L1 08    386 +013.7184 -001.4201 -002.0341 -179.2129 -033.5323 +066.6389 0
L1 01    390 +016.0224 +000.1986 +001.3540 -089.0064 -001.0628 +002.1895 0
L1 02    390 +007.1373 +005.8788 +001.6818 -119.7862 +003.4707 -128.8761 0
L1 03    390 +016.0878 -000.5671 -000.8320 -092.6179 +003.5559 +092.1649 0
L1 04    390 +008.4603 +010.6744 +001.8048 -055.5494 -000.1982 +000.5262 0
L1 05    390 +014.3958 +009.9685 +001.9684 -108.9351 +000.9296 -011.7112 0
L1 06    390 +014.0523 +001.1277 -000.8916 -158.7243 +026.4217 -118.9459 0
L1 07    390 +013.1364 -000.3537 -001.0822 +139.4550 +050.0132 +149.9878 0
L1 08    390 +013.7184 -001.4201 -002.0341 -179.2124 -033.5325 +066.6393 0
L1 01    394 +016.0224 +000.1986 +001.3539 -089.0067 -001.0630 +002.1888 0
L1 02    394 +007.1373 +005.8788 +001.6818 -119.7860 +003.4707 -128.8762 0
L1 03    394 +016.0878 -000.5670 -000.8319 -092.6179 +003.5559 +092.1652 0
L1 04    394 +008.4603 +010.6745 +001.8049 -055.5489 -000.1982 +000.5267 0
L1 05    394 +014.3960 +009.9684 +001.9676 -108.9373 +000.9263 -011.7133 0
L1 06    394 +014.0523 +001.1277 -000.8916 -158.7234 +026.4212 -118.9447 0
L1 07    394 +013.1363 -000.3538 -001.0823 +139.4559 +050.0123 +149.9895 0
L1 08    394 +013.7184 -001.4201 -002.0341 -179.2131 -033.5328 +066.6395 0
L1 01    398 +016.0224 +000.1987 +001.3539 -089.0063 -001.0635 +002.1883 0
L1 02    398 +007.1373 +005.8788 +001.6818 -119.7859 +003.4707 -128.8762 0
L1 03    398 +016.0878 -000.5669 -000.8319 -092.6169 +003.5559 +092.1648 0
L1 04    398 +008.4602 +010.6745 +001.8049 -055.5484 -000.1982 +000.5269 0
L1 05    398 +014.3955 +009.9688 +001.9679 -108.9333 +000.9269 -011.7107 0
L1 06    398 +014.0523 +001.1278 -000.8915 -158.7223 +026.4212 -118.9445 0
L1 07    398 +013.1363 -000.3538 -001.0822 +139.4564 +050.0124 +149.9893 0
L1 08    398 +013.7184 -001.4200 -002.0341 -179.2122 -033.5335 +066.6392 0
L1 01    402 +016.0224 +000.1984 +001.3539 -089.0086 -001.0638 +002.1881 0
L1 02    402 +007.1373 +005.8788 +001.6817 -119.7863 +003.4706 -128.8764 0
L1 03    402 +016.0878 -000.5670 -000.8320 -092.6182 +003.5555 +092.1645 0
L1 04    402 +008.4603 +010.6744 +001.8048 -055.5495 -000.1983 +000.5268 0
L1 05    402 +014.3957 +009.9686 +001.9679 -108.9360 +000.9268 -011.7105 0
L1 06    402 +014.0523 +001.1276 -000.8916 -158.7231 +026.4200 -118.9447 0
L1 07    402 +013.1363 -000.3537 -001.0824 +139.4570 +050.0115 +149.9908 0
L1 08    402 +013.7184 -001.4201 -002.0341 -179.2140 -033.5334 +066.6400 0
L1 01    406 +016.0224 +000.1983 +001.3539 -089.0094 -001.0645 +002.1878 0
L1 02    406 +007.1373 +005.8788 +001.6818 -119.7862 +003.4708 -128.8763 0
L1 03    406 +016.0879 -000.5669 -000.8319 -092.6176 +003.5553 +092.1649 0
L1 04    406 +008.4603 +010.6745 +001.8048 -055.5494 -000.1983 +000.5266 0
L1 05    406 +014.3957 +009.9686 +001.9681 -108.9358 +000.9273 -011.7099 0
L1 06    406 +014.0523 +001.1275 -000.8915 -158.7239 +026.4201 -118.9442 0
L1 07    406 +013.1363 -000.3538 -001.0823 +139.4560 +050.0114 +149.9902 0
L1 08    406 +013.7184 -001.4202 -002.0340 -179.2148 -033.5332 +066.6404 0
L1 01    410 +016.0224 +000.1983 +001.3540 -089.0096 -001.0645 +002.1882 0
L1 02    410 +007.1373 +005.8788 +001.6818 -119.7862 +003.4708 -128.8763 0
L1 03    410 +016.0878 -000.5671 -000.8320 -092.6192 +003.5551 +092.1643 0
L1 04    410 +008.4604 +010.6744 +001.8048 -055.5501 -000.1984 +000.5266 0
L1 05    410 +014.3956 +009.9687 +001.9682 -108.9344 +000.9274 -011.7082 0
L1 06    410 +014.0523 +001.1276 -000.8915 -158.7236 +026.4203 -118.9451 0
L1 07    410 +013.1363 -000.3537 -001.0822 +139.4566 +050.0117 +149.9901 0
L1 08    410 +013.7184 -001.4203 -002.0340 -179.2153 -033.5329 +066.6403 0
L1 01    414 +016.0224 +000.1985 +001.3539 -089.0081 -001.0653 +002.1871 0
L1 02    414 +007.1373 +005.8788 +001.6818 -119.7858 +003.4708 -128.8760 0
L1 03    414 +016.0879 -000.5672 -000.8321 -092.6190 +003.5546 +092.1637 0
L1 04    414 +008.4603 +010.6744 +001.8048 -055.5494 -000.1988 +000.5263 0
L1 05    414 +014.3954 +009.9690 +001.9683 -108.9312 +000.9278 -011.7092 0
L1 06    414 +014.0523 +001.1278 -000.8913 -158.7212 +026.4211 -118.9441 0
L1 07    414 +013.1363 -000.3537 -001.0823 +139.4574 +050.0107 +149.9901 0
L1 08    414 +013.7184 -001.4201 -002.0340 -179.2139 -033.5332 +066.6401 0
L1 01    418 +016.0224 +000.1984 +001.3540 -089.0083 -001.0660 +002.1880 0
L1 02    418 +007.1373 +005.8788 +001.6818 -119.7860 +003.4708 -128.8760 0
L1 03    418 +016.0878 -000.5671 -000.8320 -092.6181 +003.5550 +092.1640 0
L1 04    418 +008.4603 +010.6745 +001.8048 -055.5489 -000.1990 +000.5264 0
L1 05    418 +014.3952 +009.9694 +001.9677 -108.9298 +000.9259 -011.7119 0
L1 06    418 +014.0523 +001.1276 -000.8914 -158.7223 +026.4194 -118.9436 0
L1 07    418 +013.1363 -000.3536 -001.0822 +139.4580 +050.0110 +149.9908 0
L1 08    418 +013.7184 -001.4201 -002.0340 -179.2131 -033.5334 +066.6406 0
L1 01    422 +016.0224 +000.1985 +001.3539 -089.0077 -001.0668 +002.1869 0
L1 02    422 +007.1373 +005.8788 +001.6818 -119.7863 +003.4707 -128.8760 0
L1 03    422 +016.0878 -000.5671 -000.8320 -092.6184 +003.5549 +092.1640 0
L1 04    422 +008.4603 +010.6745 +001.8048 -055.5491 -000.1989 +000.5264 0
L1 05    422 +014.3957 +009.9686 +001.9683 -108.9342 +000.9288 -011.7109 0
L1 06    422 +014.0523 +001.1278 -000.8914 -158.7208 +026.4185 -118.9434 0
L1 07    422 +013.1363 -000.3537 -001.0822 +139.4574 +050.0109 +149.9912 0
L1 08    422 +013.7184 -001.4201 -002.0340 -179.2134 -033.5340 +066.6406 0
L1 01    426 +016.0224 +000.1984 +001.3538 -089.0091 -001.0666 +002.1858 0
L1 02    426 +007.1373 +005.8788 +001.6818 -119.7863 +003.4707 -128.8760 0
L1 03    426 +016.0878 -000.5671 -000.8321 -092.6189 +003.5546 +092.1634 0
L1 04    426 +008.4604 +010.6744 +001.8047 -055.5500 -000.1987 +000.5260 0
L1 05    426 +014.3954 +009.9688 +001.9684 -108.9334 +000.9288 -011.7097 0
L1 06    426 +014.0523 +001.1278 -000.8916 -158.7212 +026.4161 -118.9446 0
L1 07    426 +013.1363 -000.3537 -001.0821 +139.4558 +050.0111 +149.9895 0
L1 08    426 +013.7183 -001.4202 -002.0339 -179.2146 -033.5338 +066.6412 0
L1 01    430 +016.0224 +000.1984 +001.3538 -089.0093 -001.0667 +002.1855 0
L1 02    430 +007.1373 +005.8788 +001.6818 -119.7856 +003.4707 -128.8758 0
L1 03    430 +016.0878 -000.5672 -000.8321 -092.6192 +003.5546 +092.1632 0
L1 04    430 +008.4603 +010.6744 +001.8048 -055.5496 -000.1990 +000.5262 0
L1 05    430 +014.3957 +009.9683 +001.9680 -108.9369 +000.9276 -011.7115 0
L1 06    430 +014.0523 +001.1276 -000.8916 -158.7222 +026.4166 -118.9449 0
L1 07    430 +013.1363 -000.3536 -001.0822 +139.4561 +050.0109 +149.9892 0
L1 08    430 +013.7183 -001.4202 -002.0340 -179.2147 -033.5342 +066.6411 0
L1 01    434 +016.0224 +000.1985 +001.3539 -089.0090 -001.0671 +002.1864 0
L1 02    434 +007.1373 +005.8788 +001.6818 -119.7859 +003.4708 -128.8759 0
L1 03    434 +016.0878 -000.5671 -000.8321 -092.6194 +003.5541 +092.1633 0
L1 04    434 +008.4603 +010.6744 +001.8048 -055.5496 -000.1990 +000.5264 0
L1 05    434 +014.3952 +009.9692 +001.9682 -108.9305 +000.9280 -011.7100 0
L1 06    434 +014.0523 +001.1276 -000.8916 -158.7217 +026.4163 -118.9446 0
L1 07    434 +013.1363 -000.3537 -001.0822 +139.4550 +050.0107 +149.9889 0
L1 08    434 +013.7183 -001.4202 -002.0339 -179.2146 -033.5340 +066.6410 0
L1 01    438 +016.0224 +000.1983 +001.3541 -089.0101 -001.0678 +002.1883 0
L1 02    438 +007.1373 +005.8788 +001.6817 -119.7861 +003.4706 -128.8763 0
L1 03    438 +016.0878 -000.5670 -000.8320 -092.6188 +003.5539 +092.1638 0
L1 04    438 +008.4603 +010.6744 +001.8048 -055.5492 -000.1988 +000.5265 0
L1 05    438 +014.3954 +009.9689 +001.9678 -108.9331 +000.9265 -011.7114 0
L1 06    438 +014.0523 +001.1276 -000.8915 -158.7216 +026.4164 -118.9443 0
L1 07    438 +013.1363 -000.3537 -001.0823 +139.4539 +050.0107 +149.9881 0
L1 08    438 +013.7183 -001.4202 -002.0340 -179.2148 -033.5340 +066.6411 0
L1 01    443 +016.0224 +000.1984 +001.3540 -089.0095 -001.0689 +002.1871 0
L1 02    443 +007.1373 +005.8788 +001.6818 -119.7861 +003.4707 -128.8761 0
L1 03    443 +016.0878 -000.5670 -000.8322 -092.6186 +003.5538 +092.1628 0
L1 04    443 +008.4603 +010.6744 +001.8048 -055.5494 -000.1985 +000.5265 0
L1 05    443 +014.3952 +009.9692 +001.9678 -108.9310 +000.9264 -011.7106 0
L1 06    443 +014.0523 +001.1275 -000.8916 -158.7218 +026.4151 -118.9437 0
L1 07    443 +013.1363 -000.3536 -001.0823 +139.4554 +050.0103 +149.9886 0
L1 08    443 +013.7184 -001.4202 -002.0339 -179.2146 -033.5340 +066.6415 0
L1 01    447 +016.0224 +000.1983 +001.3540 -089.0104 -001.0691 +002.1871 0
L1 02    447 +007.1373 +005.8788 +001.6817 -119.7863 +003.4704 -128.8763 0
L1 03    447 +016.0878 -000.5671 -000.8321 -092.6196 +003.5535 +092.1635 0
L1 04    447 +008.4604 +010.6744 +001.8048 -055.5499 -000.1983 +000.5261 0
L1 05    447 +014.3955 +009.9689 +001.9679 -108.9331 +000.9270 -011.7095 0
L1 06    447 +014.0523 +001.1275 -000.8917 -158.7215 +026.4141 -118.9436 0
L1 07    447 +013.1363 -000.3537 -001.0822 +139.4550 +050.0104 +149.9893 0
L1 08    447 +013.7184 -001.4203 -002.0339 -179.2158 -033.5344 +066.6421 0
L1 01    451 +016.0224 +000.1984 +001.3539 -089.0093 -001.0697 +002.1871 0
L1 02    451 +007.1373 +005.8788 +001.6817 -119.7860 +003.4705 -128.8762 0
L1 03    451 +016.0878 -000.5669 -000.8320 -092.6181 +003.5535 +092.1643 0
L1 04    451 +008.4603 +010.6745 +001.8048 -055.5491 -000.1986 +000.5262 0
L1 05    451 +014.3953 +009.9692 +001.9677 -108.9319 +000.9254 -011.7104 0
L1 06    451 +014.0523 +001.1275 -000.8915 -158.7209 +026.4151 -118.9427 0
L1 07    451 +013.1363 -000.3536 -001.0823 +139.4562 +050.0102 +149.9902 0
L1 08    451 +013.7183 -001.4202 -002.0340 -179.2143 -033.5348 +066.6417 0
L1 01    455 +016.0224 +000.1985 +001.3539 -089.0090 -001.0698 +002.1868 0
L1 02    455 +007.1373 +005.8788 +001.6817 -119.7859 +003.4704 -128.8763 0
L1 03    455 +016.0878 -000.5671 -000.8320 -092.6192 +003.5532 +092.1640 0
L1 04    455 +008.4603 +010.6744 +001.8048 -055.5492 -000.1982 +000.5264 0
L1 05    455 +014.3955 +009.9688 +001.9682 -108.9343 +000.9277 -011.7086 0
L1 06    455 +014.0524 +001.1275 -000.8914 -158.7204 +026.4151 -118.9418 0
L1 07    455 +013.1363 -000.3537 -001.0822 +139.4544 +050.0106 +149.9888 0
L1 08    455 +013.7184 -001.4202 -002.0339 -179.2146 -033.5345 +066.6420 0
L1 01    459 +016.0224 +000.1986 +001.3539 -089.0081 -001.0699 +002.1862 0
L1 02    459 +007.1373 +005.8788 +001.6818 -119.7858 +003.4709 -128.8760 0
L1 03    459 +016.0878 -000.5671 -000.8320 -092.6186 +003.5531 +092.1643 0
L1 04    459 +008.4603 +010.6745 +001.8048 -055.5488 -000.1986 +000.5264 0
L1 05    459 +014.3956 +009.9685 +001.9684 -108.9345 +000.9291 -011.7086 0
L1 06    459 +014.0523 +001.1277 -000.8915 -158.7189 +026.4147 -118.9431 0
L1 07    459 +013.1363 -000.3535 -001.0822 +139.4559 +050.0102 +149.9888 0
L1 08    459 +013.7183 -001.4200 -002.0340 -179.2135 -033.5351 +066.6417 0
L1 01    463 +016.0224 +000.1985 +001.3539 -089.0089 -001.0700 +002.1857 0
L1 02    463 +007.1373 +005.8788 +001.6818 -119.7857 +003.4709 -128.8759 0
L1 03    463 +016.0878 -000.5671 -000.8320 -092.6195 +003.5531 +092.1642 0
L1 04    463 +008.4602 +010.6745 +001.8048 -055.5483 -000.1987 +000.5261 0
L1 05    463 +014.3956 +009.9685 +001.9685 -108.9344 +000.9290 -011.7086 0
L1 06    463 +014.0523 +001.1278 -000.8916 -158.7189 +026.4125 -118.9442 0
L1 07    463 +013.1363 -000.3538 -001.0823 +139.4540 +050.0092 +149.9896 0
L1 08    463 +013.7183 -001.4202 -002.0340 -179.2147 -033.5352 +066.6417 0
L1 01    467 +016.0224 +000.1985 +001.3539 -089.0086 -001.0705 +002.1855 0
L1 02    467 +007.1373 +005.8788 +001.6818 -119.7860 +003.4708 -128.8760 0
L1 03    467 +016.0878 -000.5670 -000.8320 -092.6184 +003.5528 +092.1640 0
L1 04    467 +008.4602 +010.6745 +001.8048 -055.5481 -000.1986 +000.5266 0
L1 05    467 +014.3956 +009.9687 +001.9680 -108.9325 +000.9270 -011.7099 0
L1 06    467 +014.0523 +001.1279 -000.8916 -158.7176 +026.4125 -118.9436 0
L1 07    467 +013.1363 -000.3537 -001.0823 +139.4551 +050.0094 +149.9899 0
L1 08    467 +013.7183 -001.4201 -002.0340 -179.2141 -033.5356 +066.6419 0
L1 01    471 +016.0224 +000.1987 +001.3539 -089.0083 -001.0708 +002.1858 0
L1 02    471 +007.1373 +005.8788 +001.6818 -119.7859 +003.4708 -128.8760 0
L1 03    471 +016.0878 -000.5672 -000.8319 -092.6196 +003.5526 +092.1645 0
L1 04    471 +008.4603 +010.6745 +001.8048 -055.5489 -000.1984 +000.5262 0
L1 05    471 +014.3956 +009.9687 +001.9680 -108.9325 +000.9270 -011.7106 0
L1 06    471 +014.0522 +001.1279 -000.8915 -158.7171 +026.4133 -118.9430 0
L1 07    471 +013.1363 -000.3536 -001.0824 +139.4571 +050.0090 +149.9915 0
L1 08    471 +013.7183 -001.4201 -002.0339 -179.2144 -033.5350 +066.6422 0
L1 01    475 +016.0224 +000.1984 +001.3538 -089.0096 -001.0714 +002.1849 0
L1 02    475 +007.1373 +005.8788 +001.6818 -119.7861 +003.4709 -128.8761 0
L1 03    475 +016.0878 -000.5670 -000.8321 -092.6189 +003.5526 +092.1632 0
L1 04    475 +008.4603 +010.6745 +001.8048 -055.5491 -000.1987 +000.5265 0
L1 05    475 +014.3956 +009.9688 +001.9680 -108.9331 +000.9262 -011.7103 0
L1 06    475 +014.0523 +001.1277 -000.8917 -158.7186 +026.4116 -118.9440 0
L1 07    475 +013.1363 -000.3536 -001.0823 +139.4573 +050.0093 +149.9913 0
L1 08    475 +013.7183 -001.4201 -002.0340 -179.2142 -033.5358 +066.6421 0
L1 01    479 +016.0224 +000.1983 +001.3537 -089.0107 -001.0717 +002.1843 0
L1 02    479 +007.1373 +005.8788 +001.6817 -119.7864 +003.4706 -128.8762 0
L1 03    479 +016.0878 -000.5670 -000.8320 -092.6191 +003.5523 +092.1638 0
L1 04    479 +008.4604 +010.6744 +001.8048 -055.5498 -000.1986 +000.5262 0
L1 05    479 +014.3958 +009.9684 +001.9681 -108.9354 +000.9275 -011.7107 0
L1 06    479 +014.0523 +001.1277 -000.8917 -158.7182 +026.4103 -118.9436 0
L1 07    479 +013.1363 -000.3537 -001.0822 +139.4557 +050.0095 +149.9910 0
L1 08    479 +013.7183 -001.4202 -002.0340 -179.2148 -033.5363 +066.6422 0
L1 01    483 +016.0224 +000.1985 +001.3539 -089.0094 -001.0723 +002.1860 0
L1 02    483 +007.1373 +005.8788 +001.6817 -119.7862 +003.4706 -128.8762 0
L1 03    483 +016.0878 -000.5670 -000.8320 -092.6182 +003.5520 +092.1645 0
L1 04    483 +008.4602 +010.6746 +001.8047 -055.5481 -000.1986 +000.5261 0
L1 05    483 +014.3955 +009.9688 +001.9683 -108.9333 +000.9294 -011.7109 0
L1 06    483 +014.0523 +001.1277 -000.8918 -158.7179 +026.4101 -118.9437 0
L1 07    483 +013.1363 -000.3537 -001.0821 +139.4563 +050.0097 +149.9907 0
L1 08    483 +013.7183 -001.4202 -002.0339 -179.2144 -033.5351 +066.6424 0
