L1 01      6 +016.2047 +000.1474 +001.3561 -085.8411 +003.2038 +002.4741 0
L1 02      6 +007.1366 +005.8794 +001.6812 -119.7948 +003.4563 -128.8640 0
L1 03      6 +016.3198 -000.6261 -000.8181 -089.9294 +003.7304 +092.4506 0
L1 04      6 +008.5086 +010.6702 +001.8030 -056.0265 -000.3913 +000.4734 0
L1 05      6 +014.3867 +009.9587 +001.9687 -108.4723 +000.8779 -011.1417 0
L1 06      6 +014.7976 +001.7806 -000.8291 +135.4562 +028.0063 -132.8923 0
L1 07      6 +013.7386 +002.6576 -001.3311 +029.9956 +035.1656 +149.3212 0
L1 08      6 +013.1091 +003.1151 -001.7570 -039.0798 -020.8258 +139.8511 0
L1 01     10 +016.2046 +000.1475 +001.3560 -085.8405 +003.2038 +002.4739 0
L1 02     10 +007.1366 +005.8794 +001.6812 -119.7945 +003.4563 -128.8640 0
L1 03     10 +016.3198 -000.6260 -000.8183 -089.9289 +003.7307 +092.4502 0
L1 04     10 +008.5086 +010.6702 +001.8030 -056.0256 -000.3909 +000.4738 0
L1 05     10 +014.3870 +009.9584 +001.9690 -108.4747 +000.8795 -011.1418 0
L1 06     10 +014.7976 +001.7806 -000.8293 +135.4561 +028.0067 -132.8918 0
L1 07     10 +013.7386 +002.6576 -001.3310 +029.9953 +035.1647 +149.3210 0
L1 08     10 +013.1091 +003.1152 -001.7571 -039.0796 -020.8253 +139.8512 0
L1 01     14 +016.2046 +000.1476 +001.3560 -085.8398 +003.2034 +002.4735 0
L1 02     14 +007.1366 +005.8794 +001.6812 -119.7942 +003.4563 -128.8639 0
L1 03     14 +016.3198 -000.6259 -000.8183 -089.9284 +003.7312 +092.4499 0
L1 04     14 +008.5085 +010.6703 +001.8030 -056.0253 -000.3912 +000.4738 0
L1 05     14 +014.3869 +009.9585 +001.9690 -108.4729 +000.8795 -011.1412 0
L1 06     14 +014.7976 +001.7805 -000.8294 +135.4561 +028.0061 -132.8909 0
L1 07     14 +013.7386 +002.6577 -001.3310 +029.9969 +035.1643 +149.3214 0
L1 08     14 +013.1091 +003.1153 -001.7571 -039.0792 -020.8248 +139.8512 0
L1 01     18 +016.2046 +000.1473 +001.3561 -085.8422 +003.2031 +002.4731 0
L1 02     18 +007.1366 +005.8794 +001.6812 -119.7947 +003.4562 -128.8640 0
L1 03     18 +016.3198 -000.6261 -000.8184 -089.9299 +003.7302 +092.4484 0
L1 04     18 +008.5086 +010.6701 +001.8030 -056.0263 -000.3911 +000.4740 0
L1 05     18 +014.3867 +009.9588 +001.9692 -108.4711 +000.8804 -011.1403 0
L1 06     18 +014.7976 +001.7804 -000.8293 +135.4544 +028.0072 -132.8914 0
L1 07     18 +013.7386 +002.6577 -001.3314 +029.9978 +035.1679 +149.3220 0
L1 08     18 +013.1091 +003.1152 -001.7571 -039.0792 -020.8247 +139.8507 0
L1 01     22 +016.2046 +000.1475 +001.3560 -085.8407 +003.2021 +002.4730 0
L1 02     22 +007.1366 +005.8794 +001.6812 -119.7941 +003.4561 -128.8638 0
L1 03     22 +016.3198 -000.6258 -000.8182 -089.9273 +003.7305 +092.4498 0
L1 04     22 +008.5085 +010.6702 +001.8030 -056.0253 -000.3914 +000.4740 0
L1 05     22 +014.3870 +009.9586 +001.9688 -108.4736 +000.8789 -011.1417 0
L1 06     22 +014.7975 +001.7806 -000.8293 +135.4557 +028.0065 -132.8897 0
L1 07     22 +013.7386 +002.6579 -001.3312 +029.9992 +035.1669 +149.3219 0
L1 08     22 +013.1091 +003.1153 -001.7570 -039.0784 -020.8247 +139.8511 0
L1 01     26 +016.2046 +000.1474 +001.3560 -085.8413 +003.2025 +002.4733 0
L1 02     26 +007.1366 +005.8794 +001.6812 -119.7942 +003.4559 -128.8637 0
L1 03     26 +016.3198 -000.6261 -000.8181 -089.9289 +003.7308 +092.4499 0
L1 04     26 +008.5085 +010.6702 +001.8030 -056.0254 -000.3916 +000.4738 0
L1 05     26 +014.3869 +009.9586 +001.9689 -108.4733 +000.8798 -011.1412 0
L1 06     26 +014.7976 +001.7807 -000.8292 +135.4547 +028.0080 -132.8894 0
L1 07     26 +013.7386 +002.6579 -001.3311 +029.9989 +035.1675 +149.3212 0
L1 08     26 +013.1091 +003.1151 -001.7570 -039.0799 -020.8249 +139.8508 0
L1 01     30 +016.2046 +000.1473 +001.3561 -085.8422 +003.2017 +002.4733 0
L1 02     30 +007.1366 +005.8794 +001.6812 -119.7945 +003.4561 -128.8639 0
L1 03     30 +016.3198 -000.6261 -000.8182 -089.9291 +003.7307 +092.4493 0
L1 04     30 +008.5086 +010.6702 +001.8030 -056.0260 -000.3914 +000.4742 0
L1 05     30 +014.3869 +009.9586 +001.9684 -108.4730 +000.8772 -011.1429 0
L1 06     30 +014.7976 +001.7805 -000.8291 +135.4521 +028.0093 -132.8907 0
L1 07     30 +013.7386 +002.6578 -001.3313 +029.9986 +035.1683 +149.3217 0
L1 08     30 +013.1091 +003.1152 -001.7571 -039.0793 -020.8246 +139.8507 0
L1 01     34 +016.2046 +000.1474 +001.3552 -085.8410 +003.2016 +002.4682 0
L1 02     34 +007.1366 +005.8794 +001.6810 -119.7946 +003.4541 -128.8652 0
L1 03     34 +016.3199 -000.6255 -000.8183 -089.9260 +003.7317 +092.4480 0
L1 04     34 +008.5085 +010.6703 +001.8028 -056.0255 -000.3926 +000.4713 0
L1 05     34 +014.3872 +009.9585 +001.9683 -108.4735 +000.8745 -011.1445 0
L1 06     34 +014.7976 +001.7804 -000.8293 +135.4516 +028.0083 -132.8904 0
L1 07     34 +013.7386 +002.6583 -001.3307 +030.0011 +035.1668 +149.3213 0
L1 08     34 +013.1091 +003.1157 -001.7569 -039.0770 -020.8241 +139.8523 0
L1 01     38 +016.2046 +000.1473 +001.3557 -085.8424 +003.2014 +002.4714 0
L1 02     38 +007.1366 +005.8794 +001.6811 -119.7946 +003.4555 -128.8641 0
L1 03     38 +016.3198 -000.6260 -000.8183 -089.9295 +003.7314 +092.4488 0
L1 04     38 +008.5086 +010.6702 +001.8029 -056.0266 -000.3914 +000.4727 0
L1 05     38 +014.3866 +009.9589 +001.9684 -108.4702 +000.8767 -011.1418 0
L1 06     38 +014.7977 +001.7805 -000.8292 +135.4514 +028.0090 -132.8895 0
L1 07     38 +013.7386 +002.6580 -001.3309 +029.9998 +035.1670 +149.3208 0
L1 08     38 +013.1091 +003.1153 -001.7570 -039.0795 -020.8249 +139.8516 0
L1 01     42 +016.2046 +000.1473 +001.3559 -085.8425 +003.2010 +002.4729 0
L1 02     42 +007.1365 +005.8794 +001.6812 -119.7942 +003.4562 -128.8638 0
L1 03     42 +016.3198 -000.6260 -000.8182 -089.9291 +003.7317 +092.4501 0
L1 04     42 +008.5086 +010.6702 +001.8028 -056.0260 -000.3913 +000.4727 0
L1 05     42 +014.3867 +009.9588 +001.9684 -108.4713 +000.8769 -011.1422 0
L1 06     42 +014.7977 +001.7804 -000.8293 +135.4500 +028.0103 -132.8880 0
L1 07     42 +013.7386 +002.6579 -001.3310 +029.9996 +035.1679 +149.3209 0
L1 08     42 +013.1091 +003.1152 -001.7570 -039.0803 -020.8251 +139.8513 0
L1 01     46 +016.2047 +000.1472 +001.3561 -085.8437 +003.2002 +002.4739 0
L1 02     46 +007.1366 +005.8794 +001.6812 -119.7944 +003.4564 -128.8639 0
L1 03     46 +016.3198 -000.6259 -000.8182 -089.9290 +003.7313 +092.4504 0
L1 04     46 +008.5087 +010.6701 +001.8030 -056.0271 -000.3909 +000.4737 0
L1 05     46 +014.3868 +009.9587 +001.9685 -108.4727 +000.8780 -011.1421 0
L1 06     46 +014.7977 +001.7802 -000.8293 +135.4474 +028.0116 -132.8864 0
L1 07     46 +013.7386 +002.6578 -001.3311 +029.9992 +035.1688 +149.3221 0
L1 08     46 +013.1091 +003.1152 -001.7570 -039.0808 -020.8252 +139.8514 0
L1 01     50 +016.2046 +000.1472 +001.3561 -085.8442 +003.2001 +002.4737 0
L1 02     50 +007.1365 +005.8794 +001.6812 -119.7940 +003.4562 -128.8641 0
L1 03     50 +016.3198 -000.6259 -000.8182 -089.9287 +003.7310 +092.4499 0
L1 04     50 +008.5086 +010.6701 +001.8029 -056.0270 -000.3912 +000.4734 0
L1 05     50 +014.3872 +009.9581 +001.9689 -108.4771 +000.8795 -011.1413 0
L1 06     50 +014.7977 +001.7802 -000.8292 +135.4468 +028.0125 -132.8874 0
L1 07     50 +013.7386 +002.6578 -001.3310 +029.9986 +035.1683 +149.3205 0
L1 08     50 +013.1091 +003.1153 -001.7570 -039.0801 -020.8253 +139.8514 0
L1 01     54 +016.2046 +000.1472 +001.3562 -085.8441 +003.2000 +002.4744 0
L1 02     54 +007.1366 +005.8794 +001.6812 -119.7942 +003.4561 -128.8641 0
L1 03     54 +016.3198 -000.6261 -000.8182 -089.9304 +003.7309 +092.4503 0
L1 04     54 +008.5087 +010.6701 +001.8029 -056.0272 -000.3911 +000.4733 0
L1 05     54 +014.3871 +009.9581 +001.9688 -108.4754 +000.8785 -011.1409 0
L1 06     54 +014.7977 +001.7802 -000.8291 +135.4451 +028.0143 -132.8879 0
L1 07     54 +013.7386 +002.6577 -001.3310 +029.9987 +035.1692 +149.3211 0
L1 08     54 +013.1091 +003.1152 -001.7570 -039.0808 -020.8251 +139.8511 0
L1 01     58 +016.2046 +000.1472 +001.3561 -085.8441 +003.2000 +002.4737 0
L1 02     58 +007.1366 +005.8794 +001.6812 -119.7942 +003.4561 -128.8640 0
L1 03     58 +016.3198 -000.6261 -000.8181 -089.9297 +003.7313 +092.4508 0
L1 04     58 +008.5086 +010.6702 +001.8030 -056.0259 -000.3910 +000.4737 0
L1 05     58 +014.3870 +009.9584 +001.9688 -108.4734 +000.8781 -011.1411 0
L1 06     58 +014.7977 +001.7801 -000.8292 +135.4451 +028.0139 -132.8861 0
L1 07     58 +013.7386 +002.6579 -001.3310 +030.0004 +035.1692 +149.3214 0
L1 08     58 +013.1091 +003.1152 -001.7570 -039.0807 -020.8251 +139.8511 0
L1 01     62 +016.2046 +000.1473 +001.3562 -085.8438 +003.1990 +002.4739 0
L1 02     62 +007.1365 +005.8794 +001.6812 -119.7940 +003.4561 -128.8641 0
L1 03     62 +016.3198 -000.6260 -000.8181 -089.9288 +003.7310 +092.4504 0
L1 04     62 +008.5085 +010.6702 +001.8030 -056.0259 -000.3911 +000.4738 0
L1 05     62 +014.3873 +009.9580 +001.9688 -108.4762 +000.8794 -011.1412 0
L1 06     62 +014.7977 +001.7803 -000.8295 +135.4462 +028.0135 -132.8846 0
L1 07     62 +013.7386 +002.6578 -001.3311 +030.0004 +035.1700 +149.3221 0
L1 08     62 +013.1091 +003.1153 -001.7570 -039.0806 -020.8248 +139.8513 0
L1 01     66 +016.2046 +000.1471 +001.3562 -085.8447 +003.1989 +002.4741 0
L1 02     66 +007.1365 +005.8794 +001.6812 -119.7941 +003.4561 -128.8642 0
L1 03     66 +016.3198 -000.6260 -000.8182 -089.9292 +003.7313 +092.4501 0
L1 04     66 +008.5086 +010.6702 +001.8030 -056.0260 -000.3910 +000.4734 0
L1 05     66 +014.3870 +009.9584 +001.9690 -108.4736 +000.8792 -011.1402 0
L1 06     66 +014.7977 +001.7805 -000.8294 +135.4469 +028.0140 -132.8844 0
L1 07     66 +013.7386 +002.6578 -001.3310 +030.0007 +035.1694 +149.3223 0
L1 08     66 +013.1091 +003.1152 -001.7570 -039.0814 -020.8246 +139.8511 0
L1 01     70 +016.2046 +000.1471 +001.3561 -085.8448 +003.1985 +002.4734 0
L1 02     70 +007.1365 +005.8794 +001.6811 -119.7937 +003.4559 -128.8641 0
L1 03     70 +016.3198 -000.6259 -000.8183 -089.9287 +003.7310 +092.4493 0
L1 04     70 +008.5085 +010.6702 +001.8029 -056.0261 -000.3913 +000.4732 0
L1 05     70 +014.3868 +009.9586 +001.9691 -108.4717 +000.8793 -011.1396 0
L1 06     70 +014.7977 +001.7804 -000.8294 +135.4458 +028.0144 -132.8844 0
L1 07     70 +013.7386 +002.6579 -001.3310 +030.0020 +035.1698 +149.3229 0
L1 08     70 +013.1091 +003.1153 -001.7570 -039.0805 -020.8242 +139.8515 0
L1 01     74 +016.2046 +000.1472 +001.3561 -085.8451 +003.1987 +002.4735 0
L1 02     74 +007.1365 +005.8795 +001.6812 -119.7937 +003.4560 -128.8641 0
L1 03     74 +016.3198 -000.6260 -000.8183 -089.9295 +003.7315 +092.4492 0
L1 04     74 +008.5086 +010.6702 +001.8029 -056.0262 -000.3911 +000.4733 0
L1 05     74 +014.3867 +009.9587 +001.9692 -108.4723 +000.8805 -011.1404 0
L1 06     74 +014.7977 +001.7802 -000.8295 +135.4433 +028.0152 -132.8831 0
L1 07     74 +013.7386 +002.6578 -001.3310 +030.0017 +035.1699 +149.3223 0
L1 08     74 +013.1091 +003.1153 -001.7571 -039.0810 -020.8241 +139.8510 0
L1 01     78 +016.2046 +000.1473 +001.3562 -085.8441 +003.1981 +002.4742 0
L1 02     78 +007.1365 +005.8795 +001.6812 -119.7933 +003.4558 -128.8641 0
L1 03     78 +016.3198 -000.6258 -000.8182 -089.9279 +003.7316 +092.4501 0
L1 04     78 +008.5085 +010.6703 +001.8029 -056.0254 -000.3911 +000.4732 0
L1 05     78 +014.3868 +009.9586 +001.9689 -108.4716 +000.8797 -011.1414 0
L1 06     78 +014.7977 +001.7805 -000.8295 +135.4454 +028.0159 -132.8833 0
L1 07     78 +013.7386 +002.6579 -001.3310 +030.0022 +035.1701 +149.3217 0
L1 08     78 +013.1091 +003.1153 -001.7570 -039.0805 -020.8241 +139.8512 0
L1 01     82 +016.2046 +000.1473 +001.3564 -085.8435 +003.1973 +002.4758 0
L1 02     82 +007.1365 +005.8795 +001.6812 -119.7932 +003.4558 -128.8640 0
L1 03     82 +016.3198 -000.6257 -000.8183 -089.9267 +003.7318 +092.4500 0
L1 04     82 +008.5084 +010.6703 +001.8030 -056.0249 -000.3910 +000.4736 0
L1 05     82 +014.3867 +009.9589 +001.9689 -108.4701 +000.8792 -011.1412 0
L1 06     82 +014.7977 +001.7806 -000.8294 +135.4444 +028.0162 -132.8838 0
L1 07     82 +013.7386 +002.6577 -001.3311 +030.0013 +035.1718 +149.3217 0
L1 08     82 +013.1091 +003.1153 -001.7570 -039.0810 -020.8244 +139.8511 0
L1 01     86 +016.2046 +000.1471 +001.3562 -085.8461 +003.1975 +002.4740 0
L1 02     86 +007.1366 +005.8794 +001.6812 -119.7940 +003.4560 -128.8641 0
L1 03     86 +016.3198 -000.6260 -000.8183 -089.9295 +003.7318 +092.4490 0
L1 04     86 +008.5086 +010.6702 +001.8028 -056.0263 -000.3911 +000.4727 0
L1 05     86 +014.3869 +009.9586 +001.9688 -108.4723 +000.8785 -011.1412 0
L1 06     86 +014.7978 +001.7803 -000.8294 +135.4402 +028.0182 -132.8826 0
L1 07     86 +013.7386 +002.6577 -001.3311 +030.0013 +035.1717 +149.3213 0
L1 08     86 +013.1091 +003.1152 -001.7570 -039.0815 -020.8242 +139.8511 0
L1 01     90 +016.2046 +000.1473 +001.3562 -085.8444 +003.1971 +002.4736 0
L1 02     90 +007.1365 +005.8795 +001.6812 -119.7935 +003.4561 -128.8638 0
L1 03     90 +016.3198 -000.6260 -000.8184 -089.9289 +003.7320 +092.4488 0
L1 04     90 +008.5085 +010.6702 +001.8029 -056.0257 -000.3911 +000.4731 0
L1 05     90 +014.3866 +009.9590 +001.9688 -108.4697 +000.8780 -011.1404 0
L1 06     90 +014.7977 +001.7806 -000.8295 +135.4433 +028.0174 -132.8816 0
L1 07     90 +013.7386 +002.6577 -001.3313 +030.0030 +035.1736 +149.3239 0
L1 08     90 +013.1091 +003.1153 -001.7570 -039.0810 -020.8240 +139.8514 0
L1 01     94 +016.2046 +000.1472 +001.3564 -085.8451 +003.1969 +002.4754 0
L1 02     94 +007.1365 +005.8794 +001.6812 -119.7940 +003.4560 -128.8642 0
L1 03     94 +016.3198 -000.6260 -000.8182 -089.9293 +003.7322 +092.4502 0
L1 04     94 +008.5086 +010.6702 +001.8030 -056.0262 -000.3907 +000.4737 0
L1 05     94 +014.3867 +009.9587 +001.9688 -108.4721 +000.8793 -011.1410 0
L1 06     94 +014.7977 +001.7805 -000.8295 +135.4417 +028.0179 -132.8813 0
L1 07     94 +013.7386 +002.6576 -001.3311 +030.0015 +035.1725 +149.3226 0
L1 08     94 +013.1091 +003.1152 -001.7571 -039.0815 -020.8235 +139.8508 0
L1 01     98 +016.2046 +000.1472 +001.3562 -085.8461 +003.1965 +002.4743 0
L1 02     98 +007.1365 +005.8794 +001.6812 -119.7940 +003.4561 -128.8641 0
L1 03     98 +016.3198 -000.6260 -000.8182 -089.9296 +003.7320 +092.4499 0
L1 04     98 +008.5086 +010.6701 +001.8030 -056.0268 -000.3904 +000.4737 0
L1 05     98 +014.3872 +009.9580 +001.9685 -108.4777 +000.8778 -011.1416 0
L1 06     98 +014.7977 +001.7803 -000.8295 +135.4391 +028.0178 -132.8807 0
L1 07     98 +013.7387 +002.6576 -001.3309 +030.0013 +035.1715 +149.3228 0
L1 08     98 +013.1091 +003.1152 -001.7570 -039.0819 -020.8237 +139.8510 0
L1 01    102 +016.2046 +000.1472 +001.3561 -085.8454 +003.1964 +002.4734 0
L1 02    102 +007.1365 +005.8795 +001.6812 -119.7936 +003.4561 -128.8639 0
L1 03    102 +016.3198 -000.6261 -000.8182 -089.9300 +003.7325 +092.4499 0
L1 04    102 +008.5085 +010.6702 +001.8029 -056.0255 -000.3909 +000.4730 0
L1 05    102 +014.3873 +009.9579 +001.9685 -108.4772 +000.8772 -011.1431 0
L1 06    102 +014.7977 +001.7805 -000.8295 +135.4406 +028.0184 -132.8803 0
L1 07    102 +013.7386 +002.6576 -001.3311 +030.0024 +035.1728 +149.3233 0
L1 08    102 +013.1091 +003.1153 -001.7570 -039.0816 -020.8237 +139.8513 0
L1 01    106 +016.2046 +000.1470 +001.3560 -085.8491 +003.1963 +002.4724 0
L1 02    106 +007.1366 +005.8794 +001.6812 -119.7942 +003.4563 -128.8640 0
L1 03    106 +016.3198 -000.6261 -000.8182 -089.9316 +003.7323 +092.4501 0
L1 04    106 +008.5087 +010.6701 +001.8029 -056.0273 -000.3908 +000.4728 0
L1 05    106 +014.3871 +009.9581 +001.9686 -108.4763 +000.8772 -011.1429 0
L1 06    106 +014.7978 +001.7800 -000.8293 +135.4345 +028.0194 -132.8809 0
L1 07    106 +013.7386 +002.6576 -001.3310 +030.0016 +035.1728 +149.3225 0
L1 08    106 +013.1091 +003.1151 -001.7570 -039.0834 -020.8239 +139.8509 0
L1 01    110 +016.2046 +000.1471 +001.3562 -085.8475 +003.1960 +002.4738 0
L1 02    110 +007.1365 +005.8794 +001.6812 -119.7940 +003.4561 -128.8640 0
L1 03    110 +016.3198 -000.6261 -000.8183 -089.9309 +003.7324 +092.4496 0
L1 04    110 +008.5086 +010.6702 +001.8030 -056.0263 -000.3911 +000.4737 0
L1 05    110 +014.3872 +009.9582 +001.9683 -108.4765 +000.8765 -011.1449 0
L1 06    110 +014.7978 +001.7804 -000.8291 +135.4360 +028.0217 -132.8826 0
L1 07    110 +013.7386 +002.6574 -001.3311 +030.0009 +035.1742 +149.3229 0
L1 08    110 +013.1091 +003.1152 -001.7571 -039.0824 -020.8235 +139.8507 0
L1 01    114 +016.2046 +000.1471 +001.3561 -085.8469 +003.1954 +002.4733 0
L1 02    114 +007.1365 +005.8794 +001.6812 -119.7940 +003.4561 -128.8641 0
L1 03    114 +016.3198 -000.6259 -000.8182 -089.9294 +003.7320 +092.4501 0
L1 04    114 +008.5086 +010.6701 +001.8029 -056.0267 -000.3911 +000.4732 0
L1 05    114 +014.3869 +009.9587 +001.9686 -108.4726 +000.8783 -011.1434 0
L1 06    114 +014.7978 +001.7804 -000.8292 +135.4367 +028.0218 -132.8811 0
L1 07    114 +013.7387 +002.6574 -001.3312 +030.0018 +035.1745 +149.3234 0
L1 08    114 +013.1091 +003.1152 -001.7570 -039.0821 -020.8238 +139.8512 0
L1 01    118 +016.2046 +000.1470 +001.3561 -085.8488 +003.1956 +002.4729 0
L1 02    118 +007.1365 +005.8794 +001.6812 -119.7941 +003.4562 -128.8642 0
L1 03    118 +016.3198 -000.6261 -000.8183 -089.9316 +003.7328 +092.4494 0
L1 04    118 +008.5088 +010.6700 +001.8028 -056.0280 -000.3910 +000.4727 0
L1 05    118 +014.3866 +009.9587 +001.9689 -108.4724 +000.8793 -011.1420 0
L1 06    118 +014.7978 +001.7802 -000.8292 +135.4346 +028.0220 -132.8810 0
L1 07    118 +013.7387 +002.6574 -001.3311 +030.0017 +035.1747 +149.3234 0
L1 08    118 +013.1091 +003.1152 -001.7570 -039.0831 -020.8240 +139.8515 0
L1 01    122 +016.2046 +000.1471 +001.3561 -085.8480 +003.1948 +002.4729 0
L1 02    122 +007.1365 +005.8795 +001.6812 -119.7937 +003.4561 -128.8641 0
L1 03    122 +016.3198 -000.6260 -000.8184 -089.9305 +003.7328 +092.4492 0
L1 04    122 +008.5086 +010.6701 +001.8029 -056.0269 -000.3909 +000.4729 0
L1 05    122 +014.3865 +009.9589 +001.9689 -108.4710 +000.8792 -011.1420 0
L1 06    122 +014.7978 +001.7803 -000.8292 +135.4337 +028.0223 -132.8811 0
L1 07    122 +013.7387 +002.6576 -001.3310 +030.0028 +035.1742 +149.3225 0
L1 08    122 +013.1091 +003.1153 -001.7570 -039.0828 -020.8239 +139.8516 0
L1 01    126 +016.2046 +000.1473 +001.3561 -085.8458 +003.1939 +002.4735 0
L1 02    126 +007.1365 +005.8795 +001.6812 -119.7936 +003.4560 -128.8640 0
L1 03    126 +016.3198 -000.6260 -000.8182 -089.9298 +003.7327 +092.4499 0
L1 04    126 +008.5085 +010.6703 +001.8028 -056.0251 -000.3915 +000.4727 0
L1 05    126 +014.3866 +009.9590 +001.9685 -108.4707 +000.8783 -011.1432 0
L1 06    126 +014.7978 +001.7805 -000.8293 +135.4354 +028.0232 -132.8799 0
L1 07    126 +013.7386 +002.6576 -001.3313 +030.0045 +035.1764 +149.3238 0
L1 08    126 +013.1091 +003.1153 -001.7570 -039.0822 -020.8233 +139.8514 0
L1 01    130 +016.2046 +000.1472 +001.3561 -085.8468 +003.1939 +002.4731 0
L1 02    130 +007.1365 +005.8795 +001.6811 -119.7937 +003.4559 -128.8641 0
L1 03    130 +016.3198 -000.6261 -000.8182 -089.9302 +003.7331 +092.4502 0
L1 04    130 +008.5085 +010.6702 +001.8029 -056.0255 -000.3912 +000.4730 0
L1 05    130 +014.3870 +009.9585 +001.9687 -108.4730 +000.8788 -011.1417 0
L1 06    130 +014.7978 +001.7805 -000.8294 +135.4353 +028.0238 -132.8785 0
L1 07    130 +013.7386 +002.6577 -001.3310 +030.0037 +035.1749 +149.3224 0
L1 08    130 +013.1091 +003.1153 -001.7570 -039.0827 -020.8236 +139.8515 0
L1 01    134 +016.2046 +000.1471 +001.3561 -085.8479 +003.1935 +002.4730 0
L1 02    134 +007.1365 +005.8794 +001.6812 -119.7938 +003.4559 -128.8639 0
L1 03    134 +016.3199 -000.6257 -000.8184 -089.9285 +003.7330 +092.4490 0
L1 04    134 +008.5086 +010.6702 +001.8029 -056.0262 -000.3912 +000.4734 0
L1 05    134 +014.3872 +009.9580 +001.9692 -108.4773 +000.8813 -011.1399 0
L1 06    134 +014.7978 +001.7805 -000.8293 +135.4341 +028.0244 -132.8781 0
L1 07    134 +013.7386 +002.6579 -001.3312 +030.0063 +035.1765 +149.3239 0
L1 08    134 +013.1091 +003.1153 -001.7570 -039.0819 -020.8231 +139.8513 0
L1 01    138 +016.2046 +000.1472 +001.3561 -085.8471 +003.1932 +002.4729 0
L1 02    138 +007.1365 +005.8794 +001.6811 -119.7938 +003.4558 -128.8640 0
L1 03    138 +016.3198 -000.6259 -000.8183 -089.9295 +003.7331 +092.4494 0
L1 04    138 +008.5085 +010.6702 +001.8029 -056.0258 -000.3915 +000.4731 0
L1 05    138 +014.3870 +009.9584 +001.9687 -108.4747 +000.8781 -011.1425 0
L1 06    138 +014.7978 +001.7804 -000.8294 +135.4337 +028.0244 -132.8768 0
L1 07    138 +013.7386 +002.6579 -001.3310 +030.0072 +035.1755 +149.3239 0
L1 08    138 +013.1091 +003.1153 -001.7570 -039.0818 -020.8233 +139.8510 0
L1 01    142 +016.2046 +000.1474 +001.3562 -085.8455 +003.1934 +002.4746 0
L1 02    142 +007.1365 +005.8795 +001.6812 -119.7935 +003.4562 -128.8638 0
L1 03    142 +016.3198 -000.6258 -000.8182 -089.9280 +003.7337 +092.4503 0
L1 04    142 +008.5084 +010.6703 +001.8029 -056.0246 -000.3914 +000.4733 0
L1 05    142 +014.3869 +009.9586 +001.9690 -108.4736 +000.8793 -011.1402 0
L1 06    142 +014.7979 +001.7804 -000.8294 +135.4329 +028.0256 -132.8768 0
L1 07    142 +013.7386 +002.6578 -001.3310 +030.0060 +035.1757 +149.3226 0
L1 08    142 +013.1091 +003.1153 -001.7570 -039.0819 -020.8232 +139.8512 0
L1 01    146 +016.2046 +000.1471 +001.3561 -085.8477 +003.1928 +002.4738 0
L1 02    146 +007.1365 +005.8795 +001.6812 -119.7935 +003.4562 -128.8640 0
L1 03    146 +016.3198 -000.6259 -000.8181 -089.9297 +003.7338 +092.4513 0
L1 04    146 +008.5085 +010.6702 +001.8029 -056.0256 -000.3913 +000.4730 0
L1 05    146 +014.3870 +009.9585 +001.9689 -108.4748 +000.8803 -011.1420 0
L1 06    146 +014.7978 +001.7806 -000.8295 +135.4330 +028.0258 -132.8767 0
L1 07    146 +013.7386 +002.6577 -001.3311 +030.0057 +035.1765 +149.3232 0
L1 08    146 +013.1091 +003.1153 -001.7570 -039.0824 -020.8231 +139.8512 0
L1 01    150 +016.2046 +000.1471 +001.3562 -085.8477 +003.1928 +002.4737 0
L1 02    150 +007.1365 +005.8795 +001.6812 -119.7936 +003.4559 -128.8640 0
L1 03    150 +016.3198 -000.6260 -000.8181 -089.9298 +003.7340 +092.4513 0
L1 04    150 +008.5086 +010.6702 +001.8029 -056.0258 -000.3908 +000.4734 0
L1 05    150 +014.3870 +009.9584 +001.9686 -108.4748 +000.8781 -011.1431 0
L1 06    150 +014.7978 +001.7806 -000.8294 +135.4328 +028.0259 -132.8762 0
L1 07    150 +013.7387 +002.6577 -001.3310 +030.0055 +035.1763 +149.3237 0
L1 08    150 +013.1091 +003.1152 -001.7571 -039.0827 -020.8228 +139.8508 0
L1 01    154 +016.2046 +000.1471 +001.3561 -085.8479 +003.1926 +002.4729 0
L1 02    154 +007.1365 +005.8795 +001.6812 -119.7935 +003.4559 -128.8640 0
L1 03    154 +016.3198 -000.6260 -000.8181 -089.9301 +003.7341 +092.4504 0
L1 04    154 +008.5086 +010.6702 +001.8029 -056.0258 -000.3911 +000.4729 0
L1 05    154 +014.3872 +009.9581 +001.9684 -108.4765 +000.8768 -011.1440 0
L1 06    154 +014.7978 +001.7805 -000.8296 +135.4308 +028.0257 -132.8759 0
L1 07    154 +013.7387 +002.6577 -001.3311 +030.0063 +035.1776 +149.3244 0
L1 08    154 +013.1091 +003.1153 -001.7570 -039.0828 -020.8228 +139.8510 0
L1 01    158 +016.2046 +000.1471 +001.3561 -085.8484 +003.1927 +002.4728 0
L1 02    158 +007.1366 +005.8794 +001.6812 -119.7943 +003.4564 -128.8640 0
L1 03    158 +016.3198 -000.6260 -000.8183 -089.9306 +003.7340 +092.4495 0
L1 04    158 +008.5086 +010.6702 +001.8028 -056.0263 -000.3913 +000.4726 0
L1 05    158 +014.3871 +009.9581 +001.9686 -108.4768 +000.8782 -011.1426 0
L1 06    158 +014.7978 +001.7805 -000.8294 +135.4297 +028.0281 -132.8763 0
L1 07    158 +013.7386 +002.6576 -001.3312 +030.0058 +035.1784 +149.3241 0
L1 08    158 +013.1091 +003.1153 -001.7570 -039.0834 -020.8229 +139.8513 0
L1 01    162 +016.2046 +000.1471 +001.3561 -085.8482 +003.1919 +002.4735 0
L1 02    162 +007.1365 +005.8794 +001.6811 -119.7938 +003.4558 -128.8641 0
L1 03    162 +016.3198 -000.6258 -000.8183 -089.9290 +003.7335 +092.4499 0
L1 04    162 +008.5085 +010.6702 +001.8029 -056.0259 -000.3912 +000.4731 0
L1 05    162 +014.3869 +009.9585 +001.9688 -108.4742 +000.8786 -011.1420 0
L1 06    162 +014.7978 +001.7805 -000.8293 +135.4281 +028.0282 -132.8755 0
L1 07    162 +013.7386 +002.6578 -001.3310 +030.0065 +035.1780 +149.3233 0
L1 08    162 +013.1091 +003.1152 -001.7570 -039.0834 -020.8226 +139.8506 0
L1 01    166 +016.2046 +000.1471 +001.3562 -085.8489 +003.1913 +002.4737 0
L1 02    166 +007.1366 +005.8794 +001.6812 -119.7942 +003.4559 -128.8642 0
L1 03    166 +016.3198 -000.6261 -000.8183 -089.9310 +003.7336 +092.4497 0
L1 04    166 +008.5086 +010.6702 +001.8029 -056.0264 -000.3908 +000.4734 0
L1 05    166 +014.3871 +009.9582 +001.9688 -108.4762 +000.8790 -011.1422 0
L1 06    166 +014.7979 +001.7804 -000.8294 +135.4274 +028.0283 -132.8746 0
L1 07    166 +013.7386 +002.6576 -001.3309 +030.0047 +035.1776 +149.3220 0
L1 08    166 +013.1091 +003.1151 -001.7571 -039.0842 -020.8228 +139.8502 0
L1 01    170 +016.2046 +000.1470 +001.3561 -085.8496 +003.1909 +002.4725 0
L1 02    170 +007.1366 +005.8794 +001.6811 -119.7943 +003.4559 -128.8641 0
L1 03    170 +016.3198 -000.6260 -000.8183 -089.9306 +003.7338 +092.4492 0
L1 04    170 +008.5086 +010.6702 +001.8029 -056.0263 -000.3911 +000.4730 0
L1 05    170 +014.3871 +009.9583 +001.9687 -108.4757 +000.8781 -011.1429 0
L1 06    170 +014.7979 +001.7803 -000.8293 +135.4268 +028.0296 -132.8749 0
L1 07    170 +013.7386 +002.6576 -001.3310 +030.0060 +035.1783 +149.3226 0
L1 08    170 +013.1091 +003.1152 -001.7570 -039.0835 -020.8228 +139.8506 0
L1 01    174 +016.2046 +000.1471 +001.3561 -085.8492 +003.1908 +002.4729 0
L1 02    174 +007.1366 +005.8794 +001.6811 -119.7943 +003.4559 -128.8641 0
L1 03    174 +016.3198 -000.6259 -000.8183 -089.9299 +003.7340 +092.4493 0
L1 04    174 +008.5086 +010.6702 +001.8029 -056.0260 -000.3912 +000.4728 0
L1 05    174 +014.3869 +009.9585 +001.9687 -108.4739 +000.8782 -011.1432 0
L1 06    174 +014.7978 +001.7805 -000.8296 +135.4275 +028.0295 -132.8730 0
L1 07    174 +013.7387 +002.6576 -001.3311 +030.0065 +035.1795 +149.3243 0
L1 08    174 +013.1091 +003.1152 -001.7570 -039.0835 -020.8224 +139.8508 0
L1 01    178 +016.2046 +000.1470 +001.3561 -085.8506 +003.1906 +002.4725 0
L1 02    178 +007.1366 +005.8793 +001.6811 -119.7953 +003.4559 -128.8644 0
L1 03    178 +016.3198 -000.6260 -000.8184 -089.9311 +003.7334 +092.4490 0
L1 04    178 +008.5086 +010.6701 +001.8029 -056.0268 -000.3910 +000.4732 0
L1 05    178 +014.3871 +009.9582 +001.9689 -108.4766 +000.8800 -011.1430 0
L1 06    178 +014.7979 +001.7803 -000.8294 +135.4247 +028.0305 -132.8740 0
L1 07    178 +013.7387 +002.6575 -001.3311 +030.0055 +035.1791 +149.3235 0
L1 08    178 +013.1091 +003.1152 -001.7570 -039.0845 -020.8225 +139.8510 0
L1 01    182 +016.2046 +000.1472 +001.3563 -085.8488 +003.1899 +002.4739 0
L1 02    182 +007.1366 +005.8794 +001.6812 -119.7942 +003.4564 -128.8642 0
L1 03    182 +016.3198 -000.6260 -000.8184 -089.9310 +003.7335 +092.4495 0
L1 04    182 +008.5086 +010.6701 +001.8029 -056.0267 -000.3906 +000.4734 0
L1 05    182 +014.3869 +009.9585 +001.9689 -108.4746 +000.8798 -011.1414 0
L1 06    182 +014.7978 +001.7807 -000.8294 +135.4263 +028.0316 -132.8741 0
L1 07    182 +013.7387 +002.6576 -001.3309 +030.0059 +035.1778 +149.3228 0
L1 08    182 +013.1091 +003.1153 -001.7570 -039.0841 -020.8227 +139.8512 0
L1 01    186 +016.2046 +000.1472 +001.3563 -085.8493 +003.1897 +002.4738 0
L1 02    186 +007.1366 +005.8794 +001.6812 -119.7944 +003.4563 -128.8641 0
L1 03    186 +016.3198 -000.6260 -000.8184 -089.9311 +003.7337 +092.4493 0
L1 04    186 +008.5086 +010.6701 +001.8029 -056.0266 -000.3910 +000.4731 0
L1 05    186 +014.3868 +009.9585 +001.9685 -108.4738 +000.8784 -011.1440 0
L1 06    186 +014.7979 +001.7805 -000.8293 +135.4241 +028.0311 -132.8750 0
L1 07    186 +013.7387 +002.6577 -001.3311 +030.0071 +035.1791 +149.3245 0
L1 08    186 +013.1091 +003.1153 -001.7571 -039.0838 -020.8224 +139.8510 0
L1 01    190 +016.2046 +000.1471 +001.3562 -085.8494 +003.1893 +002.4730 0
L1 02    190 +007.1365 +005.8794 +001.6812 -119.7940 +003.4561 -128.8641 0
L1 03    190 +016.3198 -000.6261 -000.8183 -089.9308 +003.7340 +092.4492 0
L1 04    190 +008.5086 +010.6702 +001.8030 -056.0266 -000.3911 +000.4735 0
L1 05    190 +014.3868 +009.9585 +001.9686 -108.4734 +000.8779 -011.1441 0
L1 06    190 +014.7979 +001.7806 -000.8294 +135.4256 +028.0326 -132.8732 0
L1 07    190 +013.7387 +002.6576 -001.3312 +030.0082 +035.1809 +149.3250 0
L1 08    190 +013.1091 +003.1153 -001.7570 -039.0835 -020.8218 +139.8513 0
L1 01    194 +016.2046 +000.1470 +001.3562 -085.8499 +003.1891 +002.4733 0
L1 02    194 +007.1365 +005.8794 +001.6812 -119.7940 +003.4563 -128.8640 0
L1 03    194 +016.3198 -000.6260 -000.8183 -089.9307 +003.7341 +092.4493 0
L1 04    194 +008.5085 +010.6703 +001.8028 -056.0257 -000.3913 +000.4731 0
L1 05    194 +014.3869 +009.9584 +001.9691 -108.4732 +000.8808 -011.1422 0
L1 06    194 +014.7979 +001.7804 -000.8294 +135.4226 +028.0333 -132.8723 0
L1 07    194 +013.7386 +002.6577 -001.3311 +030.0090 +035.1809 +149.3245 0
L1 08    194 +013.1091 +003.1153 -001.7570 -039.0836 -020.8220 +139.8508 0
L1 01    198 +016.2046 +000.1471 +001.3563 -085.8498 +003.1883 +002.4740 0
L1 02    198 +007.1365 +005.8794 +001.6812 -119.7939 +003.4561 -128.8641 0
L1 03    198 +016.3198 -000.6259 -000.8183 -089.9297 +003.7340 +092.4495 0
L1 04    198 +008.5085 +010.6703 +001.8029 -056.0255 -000.3912 +000.4734 0
L1 05    198 +014.3868 +009.9586 +001.9691 -108.4729 +000.8805 -011.1414 0
L1 06    198 +014.7979 +001.7805 -000.8295 +135.4239 +028.0323 -132.8714 0
L1 07    198 +013.7386 +002.6578 -001.3312 +030.0091 +035.1822 +149.3245 0
L1 08    198 +013.1091 +003.1153 -001.7571 -039.0839 -020.8216 +139.8503 0
L1 01    202 +016.2045 +000.1473 +001.3561 -085.8484 +003.1881 +002.4724 0
L1 02    202 +007.1365 +005.8794 +001.6812 -119.7939 +003.4560 -128.8641 0
L1 03    202 +016.3198 -000.6259 -000.8182 -089.9292 +003.7345 +092.4501 0
L1 04    202 +008.5085 +010.6702 +001.8029 -056.0257 -000.3913 +000.4736 0
L1 05    202 +014.3866 +009.9589 +001.9685 -108.4706 +000.8769 -011.1433 0
L1 06    202 +014.7979 +001.7805 -000.8297 +135.4235 +028.0334 -132.8695 0
L1 07    202 +013.7386 +002.6578 -001.3312 +030.0102 +035.1822 +149.3244 0
L1 08    202 +013.1091 +003.1154 -001.7571 -039.0831 -020.8218 +139.8507 0
L1 01    206 +016.2046 +000.1470 +001.3562 -085.8501 +003.1882 +002.4731 0
L1 02    206 +007.1365 +005.8794 +001.6812 -119.7941 +003.4561 -128.8643 0
L1 03    206 +016.3198 -000.6256 -000.8182 -089.9285 +003.7335 +092.4510 0
L1 04    206 +008.5085 +010.6703 +001.8030 -056.0253 -000.3908 +000.4741 0
L1 05    206 +014.3868 +009.9585 +001.9684 -108.4739 +000.8777 -011.1446 0
L1 06    206 +014.7979 +001.7805 -000.8296 +135.4223 +028.0340 -132.8696 0
L1 07    206 +013.7386 +002.6578 -001.3311 +030.0101 +035.1812 +149.3245 0
L1 08    206 +013.1091 +003.1153 -001.7570 -039.0840 -020.8217 +139.8510 0
L1 01    210 +016.2046 +000.1471 +001.3562 -085.8498 +003.1878 +002.4736 0
L1 02    210 +007.1365 +005.8794 +001.6811 -119.7940 +003.4559 -128.8642 0
L1 03    210 +016.3198 -000.6258 -000.8182 -089.9298 +003.7343 +092.4500 0
L1 04    210 +008.5086 +010.6702 +001.8030 -056.0265 -000.3907 +000.4734 0
L1 05    210 +014.3872 +009.9583 +001.9682 -108.4750 +000.8770 -011.1461 0
L1 06    210 +014.7979 +001.7806 -000.8295 +135.4217 +028.0345 -132.8707 0
L1 07    210 +013.7386 +002.6579 -001.3311 +030.0109 +035.1817 +149.3250 0
L1 08    210 +013.1091 +003.1153 -001.7570 -039.0844 -020.8216 +139.8508 0
L1 01    214 +016.2046 +000.1472 +001.3564 -085.8488 +003.1872 +002.4752 0
L1 02    214 +007.1365 +005.8794 +001.6812 -119.7941 +003.4562 -128.8640 0
L1 03    214 +016.3198 -000.6257 -000.8182 -089.9284 +003.7345 +092.4506 0
L1 04    214 +008.5085 +010.6702 +001.8030 -056.0258 -000.3908 +000.4738 0
L1 05    214 +014.3873 +009.9580 +001.9685 -108.4768 +000.8784 -011.1454 0
L1 06    214 +014.7979 +001.7804 -000.8295 +135.4204 +028.0345 -132.8697 0
L1 07    214 +013.7387 +002.6575 -001.3311 +030.0089 +035.1816 +149.3252 0
L1 08    214 +013.1091 +003.1153 -001.7571 -039.0841 -020.8215 +139.8501 0
L1 01    218 +016.2046 +000.1471 +001.3561 -085.8507 +003.1872 +002.4727 0
L1 02    218 +007.1365 +005.8794 +001.6812 -119.7942 +003.4560 -128.8641 0
L1 03    218 +016.3198 -000.6258 -000.8183 -089.9293 +003.7343 +092.4488 0
L1 04    218 +008.5086 +010.6702 +001.8030 -056.0263 -000.3910 +000.4736 0
L1 05    218 +014.3868 +009.9588 +001.9688 -108.4718 +000.8783 -011.1429 0
L1 06    218 +014.7979 +001.7804 -000.8293 +135.4181 +028.0366 -132.8711 0
L1 07    218 +013.7387 +002.6576 -001.3311 +030.0093 +035.1826 +149.3251 0
L1 08    218 +013.1091 +003.1153 -001.7570 -039.0842 -020.8218 +139.8504 0
L1 01    222 +016.2046 +000.1471 +001.3561 -085.8506 +003.1878 +002.4724 0
L1 02    222 +007.1365 +005.8794 +001.6811 -119.7940 +003.4560 -128.8640 0
L1 03    222 +016.3198 -000.6259 -000.8183 -089.9305 +003.7349 +092.4494 0
L1 04    222 +008.5086 +010.6702 +001.8029 -056.0263 -000.3908 +000.4732 0
L1 05    222 +014.3867 +009.9586 +001.9691 -108.4733 +000.8803 -011.1416 0
L1 06    222 +014.7979 +001.7805 -000.8293 +135.4183 +028.0378 -132.8695 0
L1 07    222 +013.7386 +002.6575 -001.3312 +030.0090 +035.1838 +149.3253 0
L1 08    222 +013.1091 +003.1153 -001.7570 -039.0843 -020.8215 +139.8502 0
L1 01    226 +016.2046 +000.1470 +001.3561 -085.8520 +003.1873 +002.4726 0
L1 02    226 +007.1366 +005.8794 +001.6812 -119.7943 +003.4562 -128.8640 0
L1 03    226 +016.3198 -000.6261 -000.8183 -089.9322 +003.7351 +092.4495 0
L1 04    226 +008.5086 +010.6701 +001.8029 -056.0265 -000.3906 +000.4731 0
L1 05    226 +014.3868 +009.9585 +001.9690 -108.4741 +000.8807 -011.1421 0
L1 06    226 +014.7980 +001.7804 -000.8295 +135.4173 +028.0373 -132.8687 0
L1 07    226 +013.7387 +002.6575 -001.3310 +030.0082 +035.1829 +149.3250 0
L1 08    226 +013.1091 +003.1152 -001.7570 -039.0857 -020.8216 +139.8511 0
L1 01    230 +016.2046 +000.1471 +001.3562 -085.8514 +003.1867 +002.4730 0
L1 02    230 +007.1365 +005.8794 +001.6812 -119.7941 +003.4563 -128.8641 0
L1 03    230 +016.3198 -000.6260 -000.8182 -089.9310 +003.7350 +092.4499 0
L1 04    230 +008.5085 +010.6702 +001.8029 -056.0259 -000.3908 +000.4735 0
L1 05    230 +014.3868 +009.9587 +001.9685 -108.4730 +000.8779 -011.1424 0
L1 06    230 +014.7980 +001.7803 -000.8296 +135.4165 +028.0382 -132.8674 0
L1 07    230 +013.7386 +002.6575 -001.3312 +030.0088 +035.1835 +149.3253 0
L1 08    230 +013.1091 +003.1152 -001.7570 -039.0856 -020.8218 +139.8508 0
L1 01    234 +016.2046 +000.1470 +001.3562 -085.8523 +003.1864 +002.4732 0
L1 02    234 +007.1366 +005.8794 +001.6812 -119.7943 +003.4563 -128.8642 0
L1 03    234 +016.3198 -000.6260 -000.8183 -089.9315 +003.7347 +092.4496 0
L1 04    234 +008.5086 +010.6701 +001.8030 -056.0267 -000.3906 +000.4740 0
L1 05    234 +014.3870 +009.9583 +001.9686 -108.4755 +000.8792 -011.1438 0
L1 06    234 +014.7980 +001.7799 -000.8295 +135.4122 +028.0381 -132.8686 0
L1 07    234 +013.7386 +002.6576 -001.3312 +030.0101 +035.1838 +149.3262 0
L1 08    234 +013.1091 +003.1152 -001.7570 -039.0860 -020.8217 +139.8507 0
L1 01    238 +016.2046 +000.1470 +001.3561 -085.8521 +003.1866 +002.4723 0
L1 02    238 +007.1366 +005.8794 +001.6812 -119.7942 +003.4562 -128.8641 0
L1 03    238 +016.3198 -000.6259 -000.8183 -089.9306 +003.7354 +092.4497 0
L1 04    238 +008.5086 +010.6702 +001.8030 -056.0262 -000.3911 +000.4739 0
L1 05    238 +014.3869 +009.9584 +001.9687 -108.4745 +000.8785 -011.1429 0
L1 06    238 +014.7980 +001.7802 -000.8296 +135.4144 +028.0386 -132.8668 0
L1 07    238 +013.7386 +002.6577 -001.3311 +030.0103 +035.1843 +149.3243 0
L1 08    238 +013.1092 +003.1152 -001.7569 -039.0857 -020.8220 +139.8513 0
L1 01    242 +016.2046 +000.1472 +001.3561 -085.8508 +003.1861 +002.4721 0
L1 02    242 +007.1365 +005.8794 +001.6812 -119.7940 +003.4562 -128.8641 0
L1 03    242 +016.3198 -000.6259 -000.8184 -089.9303 +003.7353 +092.4489 0
L1 04    242 +008.5085 +010.6702 +001.8029 -056.0256 -000.3914 +000.4735 0
L1 05    242 +014.3868 +009.9587 +001.9685 -108.4723 +000.8776 -011.1429 0
L1 06    242 +014.7980 +001.7804 -000.8296 +135.4153 +028.0392 -132.8665 0
L1 07    242 +013.7387 +002.6576 -001.3312 +030.0113 +035.1851 +149.3257 0
L1 08    242 +013.1091 +003.1152 -001.7570 -039.0853 -020.8215 +139.8508 0
L1 01    246 +016.2046 +000.1470 +001.3560 -085.8528 +003.1853 +002.4716 0
L1 02    246 +007.1365 +005.8794 +001.6812 -119.7940 +003.4561 -128.8641 0
L1 03    246 +016.3198 -000.6260 -000.8182 -089.9315 +003.7350 +092.4500 0
L1 04    246 +008.5086 +010.6702 +001.8029 -056.0263 -000.3911 +000.4732 0
L1 05    246 +014.3866 +009.9587 +001.9686 -108.4725 +000.8783 -011.1426 0
L1 06    246 +014.7980 +001.7802 -000.8296 +135.4131 +028.0402 -132.8662 0
L1 07    246 +013.7386 +002.6575 -001.3312 +030.0105 +035.1850 +149.3256 0
L1 08    246 +013.1091 +003.1153 -001.7570 -039.0853 -020.8211 +139.8506 0
L1 01    250 +016.2046 +000.1471 +001.3562 -085.8513 +003.1853 +002.4722 0
L1 02    250 +007.1366 +005.8794 +001.6812 -119.7940 +003.4560 -128.8642 0
L1 03    250 +016.3198 -000.6260 -000.8183 -089.9303 +003.7351 +092.4489 0
L1 04    250 +008.5084 +010.6703 +001.8029 -056.0249 -000.3913 +000.4736 0
L1 05    250 +014.3868 +009.9586 +001.9686 -108.4725 +000.8773 -011.1436 0
L1 06    250 +014.7980 +001.7804 -000.8296 +135.4139 +028.0403 -132.8662 0
L1 07    250 +013.7386 +002.6576 -001.3310 +030.0116 +035.1841 +149.3256 0
L1 08    250 +013.1091 +003.1154 -001.7570 -039.0840 -020.8208 +139.8506 0
L1 01    254 +016.2046 +000.1471 +001.3561 -085.8515 +003.1854 +002.4717 0
L1 02    254 +007.1366 +005.8794 +001.6812 -119.7942 +003.4560 -128.8643 0
L1 03    254 +016.3198 -000.6260 -000.8183 -089.9310 +003.7354 +092.4490 0
L1 04    254 +008.5085 +010.6703 +001.8029 -056.0256 -000.3913 +000.4733 0
L1 05    254 +014.3867 +009.9588 +001.9682 -108.4722 +000.8768 -011.1450 0
L1 06    254 +014.7980 +001.7803 -000.8296 +135.4133 +028.0411 -132.8657 0
L1 07    254 +013.7386 +002.6577 -001.3310 +030.0126 +035.1845 +149.3252 0
L1 08    254 +013.1091 +003.1153 -001.7570 -039.0850 -020.8211 +139.8509 0
L1 01    258 +016.2046 +000.1472 +001.3560 -085.8512 +003.1847 +002.4715 0
L1 02    258 +007.1366 +005.8794 +001.6812 -119.7942 +003.4561 -128.8643 0
L1 03    258 +016.3198 -000.6260 -000.8183 -089.9310 +003.7352 +092.4492 0
L1 04    258 +008.5085 +010.6702 +001.8030 -056.0258 -000.3910 +000.4736 0
L1 05    258 +014.3865 +009.9592 +001.9683 -108.4708 +000.8761 -011.1438 0
L1 06    258 +014.7980 +001.7802 -000.8294 +135.4112 +028.0427 -132.8667 0
L1 07    258 +013.7387 +002.6576 -001.3312 +030.0119 +035.1856 +149.3262 0
L1 08    258 +013.1091 +003.1154 -001.7571 -039.0847 -020.8210 +139.8507 0
L1 01    262 +016.2046 +000.1471 +001.3561 -085.8512 +003.1838 +002.4719 0
L1 02    262 +007.1365 +005.8795 +001.6812 -119.7936 +003.4562 -128.8642 0
L1 03    262 +016.3199 -000.6255 -000.8184 -089.9274 +003.7352 +092.4492 0
L1 04    262 +008.5085 +010.6703 +001.8030 -056.0249 -000.3911 +000.4735 0
L1 05    262 +014.3869 +009.9588 +001.9685 -108.4723 +000.8776 -011.1436 0
L1 06    262 +014.7981 +001.7802 -000.8295 +135.4103 +028.0424 -132.8659 0
L1 07    262 +013.7386 +002.6578 -001.3313 +030.0134 +035.1863 +149.3262 0
L1 08    262 +013.1091 +003.1155 -001.7571 -039.0840 -020.8205 +139.8505 0
L1 01    266 +016.2046 +000.1472 +001.3560 -085.8513 +003.1842 +002.4717 0
L1 02    266 +007.1365 +005.8794 +001.6811 -119.7940 +003.4561 -128.8643 0
L1 03    266 +016.3198 -000.6259 -000.8183 -089.9301 +003.7353 +092.4494 0
L1 04    266 +008.5085 +010.6703 +001.8029 -056.0254 -000.3910 +000.4733 0
L1 05    266 +014.3866 +009.9589 +001.9691 -108.4702 +000.8806 -011.1412 0
L1 06    266 +014.7980 +001.7803 -000.8297 +135.4116 +028.0426 -132.8642 0
L1 07    266 +013.7387 +002.6578 -001.3310 +030.0135 +035.1853 +149.3249 0
L1 08    266 +013.1091 +003.1153 -001.7570 -039.0854 -020.8211 +139.8514 0
L1 01    270 +016.2046 +000.1471 +001.3560 -085.8526 +003.1842 +002.4710 0
L1 02    270 +007.1366 +005.8794 +001.6812 -119.7942 +003.4563 -128.8644 0
L1 03    270 +016.3199 -000.6261 -000.8184 -089.9315 +003.7355 +092.4485 0
L1 04    270 +008.5086 +010.6702 +001.8029 -056.0260 -000.3911 +000.4734 0
L1 05    270 +014.3866 +009.9590 +001.9690 -108.4705 +000.8797 -011.1420 0
L1 06    270 +014.7980 +001.7804 -000.8295 +135.4113 +028.0431 -132.8651 0
L1 07    270 +013.7387 +002.6577 -001.3310 +030.0135 +035.1856 +149.3253 0
L1 08    270 +013.1091 +003.1153 -001.7570 -039.0855 -020.8213 +139.8512 0
L1 01    274 +016.2047 +000.1474 +001.3551 -085.8508 +003.1847 +002.4640 0
L1 02    274 +007.1366 +005.8795 +001.6810 -119.7937 +003.4541 -128.8657 0
L1 03    274 +016.3200 -000.6258 -000.8185 -089.9297 +003.7357 +092.4473 0
L1 04    274 +008.5085 +010.6704 +001.8025 -056.0250 -000.3923 +000.4692 0
L1 05    274 +014.3865 +009.9590 +001.9692 -108.4693 +000.8804 -011.1422 0
L1 06    274 +014.7979 +001.7808 -000.8296 +135.4137 +028.0436 -132.8648 0
L1 07    274 +013.7386 +002.6583 -001.3310 +030.0202 +035.1854 +149.3283 0
L1 08    274 +013.1092 +003.1156 -001.7568 -039.0844 -020.8211 +139.8531 0
L1 01    278 +016.2046 +000.1469 +001.3558 -085.8540 +003.1839 +002.4699 0
L1 02    278 +007.1365 +005.8795 +001.6812 -119.7932 +003.4560 -128.8645 0
L1 03    278 +016.3199 -000.6258 -000.8185 -089.9302 +003.7357 +092.4481 0
L1 04    278 +008.5085 +010.6703 +001.8029 -056.0252 -000.3909 +000.4728 0
L1 05    278 +014.3866 +009.9589 +001.9691 -108.4706 +000.8799 -011.1415 0
L1 06    278 +014.7980 +001.7806 -000.8296 +135.4108 +028.0439 -132.8642 0
L1 07    278 +013.7386 +002.6581 -001.3311 +030.0175 +035.1871 +149.3272 0
L1 08    278 +013.1091 +003.1154 -001.7570 -039.0854 -020.8207 +139.8515 0
L1 01    282 +016.2046 +000.1472 +001.3558 -085.8527 +003.1840 +002.4701 0
L1 02    282 +007.1365 +005.8795 +001.6812 -119.7932 +003.4564 -128.8640 0
L1 03    282 +016.3199 -000.6260 -000.8184 -089.9316 +003.7360 +092.4486 0
L1 04    282 +008.5084 +010.6703 +001.8029 -056.0249 -000.3911 +000.4732 0
L1 05    282 +014.3867 +009.9587 +001.9689 -108.4727 +000.8799 -011.1425 0
L1 06    282 +014.7980 +001.7805 -000.8297 +135.4088 +028.0440 -132.8633 0
L1 07    282 +013.7386 +002.6579 -001.3312 +030.0161 +035.1878 +149.3270 0
L1 08    282 +013.1091 +003.1153 -001.7570 -039.0859 -020.8208 +139.8512 0
L1 01    286 +016.2046 +000.1471 +001.3561 -085.8534 +003.1833 +002.4722 0
L1 02    286 +007.1365 +005.8795 +001.6812 -119.7931 +003.4563 -128.8642 0
L1 03    286 +016.3198 -000.6261 -000.8184 -089.9322 +003.7361 +092.4489 0
L1 04    286 +008.5084 +010.6703 +001.8030 -056.0251 -000.3906 +000.4737 0
L1 05    286 +014.3869 +009.9584 +001.9689 -108.4747 +000.8810 -011.1429 0
L1 06    286 +014.7980 +001.7805 -000.8294 +135.4073 +028.0462 -132.8645 0
L1 07    286 +013.7386 +002.6578 -001.3313 +030.0145 +035.1881 +149.3260 0
L1 08    286 +013.1091 +003.1153 -001.7570 -039.0864 -020.8209 +139.8512 0
L1 01    290 +016.2046 +000.1470 +001.3560 -085.8544 +003.1825 +002.4712 0
L1 02    290 +007.1365 +005.8795 +001.6812 -119.7934 +003.4565 -128.8642 0
L1 03    290 +016.3198 -000.6260 -000.8184 -089.9320 +003.7364 +092.4487 0
L1 04    290 +008.5085 +010.6702 +001.8029 -056.0254 -000.3909 +000.4732 0
L1 05    290 +014.3867 +009.9587 +001.9689 -108.4726 +000.8805 -011.1428 0
L1 06    290 +014.7981 +001.7805 -000.8296 +135.4068 +028.0451 -132.8636 0
L1 07    290 +013.7386 +002.6578 -001.3311 +030.0148 +035.1869 +149.3261 0
L1 08    290 +013.1091 +003.1154 -001.7570 -039.0858 -020.8204 +139.8511 0
L1 01    294 +016.2046 +000.1470 +001.3562 -085.8536 +003.1823 +002.4726 0
L1 02    294 +007.1365 +005.8795 +001.6812 -119.7929 +003.4562 -128.8640 0
L1 03    294 +016.3198 -000.6260 -000.8183 -089.9313 +003.7364 +092.4495 0
L1 04    294 +008.5085 +010.6703 +001.8029 -056.0252 -000.3909 +000.4733 0
L1 05    294 +014.3867 +009.9587 +001.9691 -108.4723 +000.8807 -011.1419 0
L1 06    294 +014.7981 +001.7804 -000.8295 +135.4065 +028.0467 -132.8628 0
L1 07    294 +013.7387 +002.6577 -001.3310 +030.0141 +035.1876 +149.3259 0
L1 08    294 +013.1091 +003.1154 -001.7570 -039.0860 -020.8202 +139.8509 0
L1 01    298 +016.2046 +000.1470 +001.3563 -085.8547 +003.1824 +002.4729 0
L1 02    298 +007.1365 +005.8795 +001.6812 -119.7932 +003.4564 -128.8640 0
L1 03    298 +016.3197 -000.6262 -000.8183 -089.9331 +003.7359 +092.4491 0
L1 04    298 +008.5085 +010.6702 +001.8029 -056.0257 -000.3907 +000.4733 0
L1 05    298 +014.3869 +009.9584 +001.9689 -108.4747 +000.8788 -011.1418 0
L1 06    298 +014.7981 +001.7805 -000.8296 +135.4052 +028.0465 -132.8624 0
L1 07    298 +013.7386 +002.6576 -001.3312 +030.0140 +035.1894 +149.3271 0
L1 08    298 +013.1091 +003.1151 -001.7571 -039.0877 -020.8202 +139.8498 0
L1 01    302 +016.2046 +000.1471 +001.3563 -085.8535 +003.1823 +002.4736 0
L1 02    302 +007.1365 +005.8795 +001.6812 -119.7936 +003.4564 -128.8640 0
L1 03    302 +016.3197 -000.6261 -000.8182 -089.9324 +003.7360 +092.4501 0
L1 04    302 +008.5085 +010.6702 +001.8030 -056.0256 -000.3904 +000.4739 0
L1 05    302 +014.3868 +009.9586 +001.9687 -108.4732 +000.8783 -011.1428 0
L1 06    302 +014.7981 +001.7802 -000.8295 +135.4028 +028.0491 -132.8615 0
L1 07    302 +013.7386 +002.6576 -001.3311 +030.0134 +035.1889 +149.3256 0
L1 08    302 +013.1091 +003.1152 -001.7570 -039.0875 -020.8202 +139.8499 0
L1 01    306 +016.2046 +000.1470 +001.3561 -085.8538 +003.1820 +002.4724 0
L1 02    306 +007.1365 +005.8795 +001.6812 -119.7934 +003.4562 -128.8641 0
L1 03    306 +016.3197 -000.6261 -000.8182 -089.9318 +003.7363 +092.4495 0
L1 04    306 +008.5085 +010.6702 +001.8030 -056.0258 -000.3907 +000.4737 0
L1 05    306 +014.3868 +009.9584 +001.9689 -108.4744 +000.8795 -011.1409 0
L1 06    306 +014.7981 +001.7804 -000.8296 +135.4037 +028.0474 -132.8613 0
L1 07    306 +013.7386 +002.6579 -001.3313 +030.0164 +035.1902 +149.3275 0
L1 08    306 +013.1091 +003.1153 -001.7571 -039.0865 -020.8198 +139.8499 0
L1 01    310 +016.2046 +000.1470 +001.3562 -085.8552 +003.1822 +002.4729 0
L1 02    310 +007.1365 +005.8795 +001.6812 -119.7937 +003.4562 -128.8641 0
L1 03    310 +016.3197 -000.6261 -000.8182 -089.9333 +003.7361 +092.4496 0
L1 04    310 +008.5086 +010.6701 +001.8029 -056.0269 -000.3906 +000.4736 0
L1 05    310 +014.3871 +009.9582 +001.9687 -108.4773 +000.8787 -011.1431 0
L1 06    310 +014.7980 +001.7804 -000.8297 +135.4026 +028.0487 -132.8588 0
L1 07    310 +013.7386 +002.6577 -001.3311 +030.0148 +035.1902 +149.3267 0
L1 08    310 +013.1091 +003.1152 -001.7570 -039.0878 -020.8200 +139.8499 0
L1 01    314 +016.2046 +000.1470 +001.3561 -085.8550 +003.1816 +002.4719 0
L1 02    314 +007.1365 +005.8794 +001.6812 -119.7939 +003.4560 -128.8642 0
L1 03    314 +016.3197 -000.6262 -000.8183 -089.9331 +003.7362 +092.4490 0
L1 04    314 +008.5086 +010.6701 +001.8030 -056.0268 -000.3906 +000.4737 0
L1 05    314 +014.3867 +009.9587 +001.9683 -108.4735 +000.8773 -011.1448 0
L1 06    314 +014.7981 +001.7803 -000.8297 +135.4017 +028.0486 -132.8593 0
L1 07    314 +013.7386 +002.6577 -001.3311 +030.0150 +035.1900 +149.3264 0
L1 08    314 +013.1091 +003.1152 -001.7570 -039.0874 -020.8200 +139.8499 0
L1 01    318 +016.2046 +000.1469 +001.3561 -085.8552 +003.1808 +002.4715 0
L1 02    318 +007.1365 +005.8795 +001.6812 -119.7937 +003.4561 -128.8642 0
L1 03    318 +016.3197 -000.6259 -000.8184 -089.9315 +003.7367 +092.4480 0
L1 04    318 +008.5085 +010.6702 +001.8030 -056.0255 -000.3910 +000.4739 0
L1 05    318 +014.3867 +009.9587 +001.9688 -108.4732 +000.8781 -011.1424 0
L1 06    318 +014.7980 +001.7805 -000.8295 +135.4023 +028.0500 -132.8607 0
L1 07    318 +013.7386 +002.6580 -001.3310 +030.0176 +035.1893 +149.3272 0
L1 08    318 +013.1091 +003.1153 -001.7570 -039.0869 -020.8196 +139.8505 0
L1 01    322 +016.2046 +000.1469 +001.3561 -085.8557 +003.1805 +002.4714 0
L1 02    322 +007.1365 +005.8795 +001.6812 -119.7935 +003.4565 -128.8642 0
L1 03    322 +016.3198 -000.6262 -000.8185 -089.9335 +003.7366 +092.4478 0
L1 04    322 +008.5086 +010.6701 +001.8030 -056.0263 -000.3906 +000.4737 0
L1 05    322 +014.3868 +009.9583 +001.9691 -108.4743 +000.8808 -011.1428 0
L1 06    322 +014.7981 +001.7803 -000.8297 +135.4011 +028.0494 -132.8587 0
L1 07    322 +013.7386 +002.6576 -001.3311 +030.0148 +035.1902 +149.3266 0
L1 08    322 +013.1091 +003.1152 -001.7570 -039.0878 -020.8196 +139.8505 0
L1 01    326 +016.2046 +000.1470 +001.3561 -085.8556 +003.1809 +002.4709 0
L1 02    326 +007.1365 +005.8795 +001.6812 -119.7935 +003.4563 -128.8642 0
L1 03    326 +016.3198 -000.6261 -000.8185 -089.9332 +003.7367 +092.4478 0
L1 04    326 +008.5086 +010.6702 +001.8030 -056.0263 -000.3909 +000.4735 0
L1 05    326 +014.3869 +009.9584 +001.9689 -108.4743 +000.8796 -011.1428 0
L1 06    326 +014.7980 +001.7804 -000.8299 +135.4015 +028.0491 -132.8575 0
L1 07    326 +013.7386 +002.6577 -001.3309 +030.0159 +035.1895 +149.3264 0
L1 08    326 +013.1091 +003.1153 -001.7570 -039.0872 -020.8196 +139.8506 0
L1 01    330 +016.2046 +000.1470 +001.3561 -085.8552 +003.1807 +002.4714 0
L1 02    330 +007.1365 +005.8795 +001.6812 -119.7934 +003.4564 -128.8640 0
L1 03    330 +016.3198 -000.6260 -000.8184 -089.9319 +003.7370 +092.4482 0
L1 04    330 +008.5085 +010.6702 +001.8030 -056.0257 -000.3907 +000.4736 0
L1 05    330 +014.3871 +009.9583 +001.9686 -108.4752 +000.8782 -011.1437 0
L1 06    330 +014.7980 +001.7806 -000.8297 +135.4014 +028.0502 -132.8588 0
L1 07    330 +013.7386 +002.6579 -001.3308 +030.0171 +035.1892 +149.3264 0
L1 08    330 +013.1091 +003.1154 -001.7569 -039.0872 -020.8195 +139.8509 0
L1 01    334 +016.2046 +000.1470 +001.3563 -085.8555 +003.1805 +002.4721 0
L1 02    334 +007.1365 +005.8795 +001.6812 -119.7933 +003.4564 -128.8640 0
L1 03    334 +016.3198 -000.6260 -000.8183 -089.9324 +003.7369 +092.4489 0
L1 04    334 +008.5085 +010.6702 +001.8030 -056.0253 -000.3909 +000.4737 0
L1 05    334 +014.3869 +009.9584 +001.9690 -108.4742 +000.8800 -011.1418 0
L1 06    334 +014.7982 +001.7801 -000.8295 +135.3972 +028.0517 -132.8594 0
L1 07    334 +013.7386 +002.6577 -001.3311 +030.0168 +035.1912 +149.3272 0
L1 08    334 +013.1091 +003.1153 -001.7569 -039.0875 -020.8193 +139.8506 0
L1 01    338 +016.2046 +000.1471 +001.3561 -085.8547 +003.1803 +002.4712 0
L1 02    338 +007.1365 +005.8795 +001.6812 -119.7931 +003.4566 -128.8639 0
L1 03    338 +016.3198 -000.6259 -000.8184 -089.9319 +003.7373 +092.4480 0
L1 04    338 +008.5084 +010.6703 +001.8029 -056.0252 -000.3912 +000.4735 0
L1 05    338 +014.3869 +009.9586 +001.9683 -108.4723 +000.8778 -011.1446 0
L1 06    338 +014.7981 +001.7803 -000.8295 +135.3978 +028.0527 -132.8601 0
L1 07    338 +013.7386 +002.6578 -001.3310 +030.0178 +035.1912 +149.3274 0
L1 08    338 +013.1091 +003.1154 -001.7569 -039.0870 -020.8194 +139.8513 0
L1 01    342 +016.2046 +000.1472 +001.3562 -085.8544 +003.1800 +002.4716 0
L1 02    342 +007.1365 +005.8795 +001.6812 -119.7933 +003.4566 -128.8639 0
L1 03    342 +016.3198 -000.6259 -000.8183 -089.9312 +003.7371 +092.4484 0
L1 04    342 +008.5084 +010.6703 +001.8029 -056.0249 -000.3911 +000.4736 0
L1 05    342 +014.3868 +009.9586 +001.9688 -108.4730 +000.8791 -011.1425 0
L1 06    342 +014.7981 +001.7804 -000.8297 +135.3983 +028.0525 -132.8578 0
L1 07    342 +013.7386 +002.6579 -001.3311 +030.0191 +035.1916 +149.3282 0
L1 08    342 +013.1091 +003.1153 -001.7570 -039.0877 -020.8192 +139.8507 0
L1 01    346 +016.2046 +000.1473 +001.3561 -085.8531 +003.1796 +002.4712 0
L1 02    346 +007.1365 +005.8795 +001.6812 -119.7929 +003.4563 -128.8639 0
L1 03    346 +016.3198 -000.6258 -000.8183 -089.9305 +003.7374 +092.4489 0
L1 04    346 +008.5083 +010.6704 +001.8029 -056.0239 -000.3912 +000.4737 0
L1 05    346 +014.3864 +009.9592 +001.9685 -108.4693 +000.8778 -011.1437 0
L1 06    346 +014.7981 +001.7805 -000.8295 +135.3981 +028.0536 -132.8584 0
L1 07    346 +013.7385 +002.6580 -001.3312 +030.0206 +035.1932 +149.3282 0
L1 08    346 +013.1091 +003.1154 -001.7570 -039.0867 -020.8186 +139.8506 0
L1 01    350 +016.2046 +000.1472 +001.3561 -085.8542 +003.1787 +002.4706 0
L1 02    350 +007.1365 +005.8795 +001.6812 -119.7929 +003.4563 -128.8639 0
L1 03    350 +016.3198 -000.6258 -000.8184 -089.9305 +003.7371 +092.4482 0
L1 04    350 +008.5084 +010.6703 +001.8030 -056.0244 -000.3912 +000.4743 0
L1 05    350 +014.3867 +009.9589 +001.9684 -108.4705 +000.8767 -011.1445 0
L1 06    350 +014.7981 +001.7805 -000.8297 +135.3978 +028.0530 -132.8577 0
L1 07    350 +013.7385 +002.6581 -001.3312 +030.0215 +035.1935 +149.3292 0
L1 08    350 +013.1091 +003.1154 -001.7570 -039.0868 -020.8186 +139.8506 0
L1 01    354 +016.2046 +000.1471 +001.3562 -085.8550 +003.1786 +002.4721 0
L1 02    354 +007.1365 +005.8795 +001.6812 -119.7934 +003.4562 -128.8640 0
L1 03    354 +016.3197 -000.6258 -000.8183 -089.9312 +003.7372 +092.4491 0
L1 04    354 +008.5084 +010.6703 +001.8030 -056.0249 -000.3909 +000.4741 0
L1 05    354 +014.3872 +009.9584 +001.9681 -108.4743 +000.8758 -011.1459 0
L1 06    354 +014.7981 +001.7806 -000.8299 +135.3978 +028.0533 -132.8551 0
L1 07    354 +013.7385 +002.6578 -001.3312 +030.0197 +035.1936 +149.3294 0
L1 08    354 +013.1091 +003.1152 -001.7570 -039.0882 -020.8186 +139.8500 0
L1 01    358 +016.2046 +000.1473 +001.3562 -085.8536 +003.1786 +002.4718 0
L1 02    358 +007.1365 +005.8795 +001.6812 -119.7932 +003.4561 -128.8640 0
L1 03    358 +016.3197 -000.6257 -000.8183 -089.9297 +003.7378 +092.4489 0
L1 04    358 +008.5083 +010.6704 +001.8030 -056.0238 -000.3910 +000.4736 0
L1 05    358 +014.3867 +009.9592 +001.9683 -108.4702 +000.8767 -011.1449 0
L1 06    358 +014.7981 +001.7808 -000.8296 +135.3978 +028.0551 -132.8574 0
L1 07    358 +013.7386 +002.6578 -001.3311 +030.0200 +035.1931 +149.3292 0
L1 08    358 +013.1091 +003.1154 -001.7570 -039.0866 -020.8185 +139.8495 0
