L1 01      4 +016.0348 +000.1509 +001.3486 -092.9862 +003.0112 +002.2105 0
L1 02      4 +007.1368 +005.8793 +001.6818 -119.7973 +003.4805 -128.8776 0
L1 03      4 +016.1380 -000.6090 -000.8295 -091.3826 +004.4223 +092.3377 0
L1 04      4 +008.4602 +010.6747 +001.8059 -055.5515 -000.1780 +000.5414 0
L1 05      4 +014.3920 +009.9668 +001.9700 -108.7478 +000.9402 -011.4425 0
L1 06      4 +014.3433 +001.4519 -000.4216 +168.3540 +002.3571 -122.8060 0
L1 07      4 +012.9213 +000.2841 -000.2349 +134.4310 +024.3168 +155.6548 0
L1 08      4 +012.9328 -000.5845 -001.5573 +178.5157 -048.4167 +051.5494 0
L1 01      8 +016.0345 +000.1513 +001.3485 -092.9605 +003.0118 +002.2090 0
L1 02      8 +007.1368 +005.8793 +001.6818 -119.7974 +003.4805 -128.8775 0
L1 03      8 +016.1382 -000.6085 -000.8295 -091.3505 +004.4208 +092.3370 0
L1 04      8 +008.4602 +010.6747 +001.8058 -055.5517 -000.1779 +000.5414 0
L1 05      8 +014.3919 +009.9670 +001.9692 -108.7473 +000.9376 -011.4456 0
L1 06      8 +014.3424 +001.4511 -000.4215 +168.3846 +002.3587 -122.8056 0
L1 07      8 +012.9207 +000.2828 -000.2347 +134.4703 +024.3242 +155.6548 0
L1 08      8 +012.9329 -000.5861 -001.5572 +178.5448 -048.4147 +051.5528 0
L1 01     12 +016.0335 +000.1529 +001.3484 -092.8802 +003.0120 +002.2086 0
L1 02     12 +007.1368 +005.8793 +001.6818 -119.7972 +003.4803 -128.8776 0
L1 03     12 +016.1385 -000.6065 -000.8297 -091.2524 +004.4192 +092.3347 0
L1 04     12 +008.4602 +010.6747 +001.8058 -055.5516 -000.1778 +000.5414 0
L1 05     12 +014.3925 +009.9662 +001.9695 -108.7514 +000.9384 -011.4444 0
L1 06     12 +014.3390 +001.4503 -000.4220 +168.4870 +002.3564 -122.8023 0
L1 07     12 +012.9195 +000.2786 -000.2350 +134.5772 +024.3342 +155.6669 0
L1 08     12 +012.9331 -000.5897 -001.5573 +178.6362 -048.4148 +051.5583 0
L1 01     16 +016.0317 +000.1573 +001.3484 -092.7259 +003.0161 +002.2109 0
L1 02     16 +007.1368 +005.8793 +001.6818 -119.7972 +003.4805 -128.8773 0
L1 03     16 +016.1391 -000.6023 -000.8293 -091.0819 +004.4190 +092.3381 0
L1 04     16 +008.4602 +010.6748 +001.8058 -055.5510 -000.1777 +000.5413 0
L1 05     16 +014.3923 +009.9667 +001.9700 -108.7502 +000.9393 -011.4424 0
L1 06     16 +014.3332 +001.4485 -000.4217 +168.6543 +002.3579 -122.8045 0
L1 07     16 +012.9174 +000.2731 -000.2352 +134.7752 +024.3500 +155.6811 0
L1 08     16 +012.9337 -000.5952 -001.5572 +178.8027 -048.4101 +051.5633 0
L1 01     20 +016.0297 +000.1616 +001.3479 -092.5439 +003.0173 +002.2084 0
L1 02     20 +007.1368 +005.8794 +001.6818 -119.7968 +003.4807 -128.8773 0
L1 03     20 +016.1400 -000.5978 -000.8293 -090.8870 +004.4200 +092.3404 0
L1 04     20 +008.4601 +010.6748 +001.8059 -055.5504 -000.1778 +000.5415 0
L1 05     20 +014.3919 +009.9670 +001.9705 -108.7472 +000.9428 -011.4405 0
L1 06     20 +014.3270 +001.4473 -000.4214 +168.8556 +002.3645 -122.8036 0
L1 07     20 +012.9152 +000.2667 -000.2353 +135.0044 +024.3622 +155.6934 0
L1 08     20 +012.9345 -000.6011 -001.5571 +178.9977 -048.4048 +051.5682 0
L1 01     24 +016.0286 +000.1638 +001.3488 -092.4366 +003.0160 +002.2176 0
L1 02     24 +007.1368 +005.8794 +001.6817 -119.7966 +003.4801 -128.8777 0
L1 03     24 +016.1403 -000.5946 -000.8288 -090.7665 +004.4197 +092.3451 0
L1 04     24 +008.4601 +010.6748 +001.8059 -055.5503 -000.1781 +000.5416 0
L1 05     24 +014.3923 +009.9667 +001.9697 -108.7498 +000.9397 -011.4450 0
L1 06     24 +014.3232 +001.4460 -000.4220 +168.9718 +002.3605 -122.8018 0
L1 07     24 +012.9139 +000.2630 -000.2356 +135.1481 +024.3657 +155.7035 0
L1 08     24 +012.9351 -000.6049 -001.5572 +179.1158 -048.4000 +051.5722 0
L1 01     28 +016.0285 +000.1636 +001.3483 -092.4363 +003.0146 +002.2141 0
L1 02     28 +007.1368 +005.8793 +001.6818 -119.7971 +003.4805 -128.8777 0
L1 03     28 +016.1404 -000.5950 -000.8292 -090.7625 +004.4170 +092.3420 0
L1 04     28 +008.4602 +010.6748 +001.8059 -055.5512 -000.1777 +000.5420 0
L1 05     28 +014.3925 +009.9661 +001.9701 -108.7539 +000.9419 -011.4435 0
L1 06     28 +014.3230 +001.4455 -000.4220 +168.9763 +002.3628 -122.7997 0
L1 07     28 +012.9139 +000.2628 -000.2356 +135.1609 +024.3714 +155.7089 0
L1 08     28 +012.9351 -000.6052 -001.5573 +179.1200 -048.3995 +051.5758 0
L1 01     32 +016.0284 +000.1638 +001.3481 -092.4386 +003.0124 +002.2112 0
L1 02     32 +007.1368 +005.8793 +001.6818 -119.7974 +003.4806 -128.8776 0
L1 03     32 +016.1404 -000.5955 -000.8295 -090.7660 +004.4140 +092.3408 0
L1 04     32 +008.4602 +010.6747 +001.8059 -055.5516 -000.1780 +000.5415 0
L1 05     32 +014.3924 +009.9663 +001.9696 -108.7521 +000.9387 -011.4452 0
L1 06     32 +014.3229 +001.4461 -000.4219 +168.9813 +002.3655 -122.7979 0
L1 07     32 +012.9138 +000.2631 -000.2354 +135.1714 +024.3764 +155.7141 0
L1 08     32 +012.9351 -000.6054 -001.5572 +179.1161 -048.3980 +051.5805 0
L1 01     36 +016.0285 +000.1639 +001.3483 -092.4377 +003.0134 +002.2140 0
L1 02     36 +007.1368 +005.8793 +001.6818 -119.7978 +003.4804 -128.8776 0
L1 03     36 +016.1403 -000.5950 -000.8293 -090.7615 +004.4168 +092.3409 0
L1 04     36 +008.4602 +010.6747 +001.8059 -055.5512 -000.1778 +000.5416 0
L1 05     36 +014.3924 +009.9666 +001.9692 -108.7496 +000.9376 -011.4484 0
L1 06     36 +014.3230 +001.4460 -000.4222 +168.9818 +002.3617 -122.7983 0
L1 07     36 +012.9137 +000.2632 -000.2355 +135.1744 +024.3745 +155.7127 0
L1 08     36 +012.9350 -000.6053 -001.5572 +179.1195 -048.3980 +051.5778 0
L1 01     40 +016.0284 +000.1640 +001.3481 -092.4381 +003.0132 +002.2111 0
L1 02     40 +007.1368 +005.8793 +001.6818 -119.7971 +003.4804 -128.8775 0
L1 03     40 +016.1404 -000.5947 -000.8294 -090.7593 +004.4166 +092.3399 0
L1 04     40 +008.4602 +010.6748 +001.8059 -055.5508 -000.1777 +000.5420 0
L1 05     40 +014.3925 +009.9664 +001.9697 -108.7506 +000.9389 -011.4456 0
L1 06     40 +014.3229 +001.4458 -000.4221 +168.9816 +002.3615 -122.8013 0
L1 07     40 +012.9137 +000.2631 -000.2355 +135.1766 +024.3745 +155.7132 0
L1 08     40 +012.9350 -000.6053 -001.5571 +179.1208 -048.3974 +051.5779 0
L1 01     44 +016.0284 +000.1644 +001.3484 -092.4363 +003.0134 +002.2160 0
L1 02     44 +007.1368 +005.8794 +001.6818 -119.7968 +003.4803 -128.8775 0
L1 03     44 +016.1403 -000.5947 -000.8292 -090.7583 +004.4160 +092.3424 0
L1 04     44 +008.4600 +010.6749 +001.8059 -055.5494 -000.1780 +000.5418 0
L1 05     44 +014.3923 +009.9666 +001.9696 -108.7494 +000.9383 -011.4455 0
L1 06     44 +014.3228 +001.4460 -000.4221 +168.9841 +002.3632 -122.7980 0
L1 07     44 +012.9138 +000.2629 -000.2355 +135.1774 +024.3758 +155.7147 0
L1 08     44 +012.9351 -000.6052 -001.5572 +179.1217 -048.3961 +051.5800 0
L1 01     48 +016.0284 +000.1641 +001.3483 -092.4405 +003.0139 +002.2134 0
L1 02     48 +007.1368 +005.8793 +001.6818 -119.7972 +003.4804 -128.8776 0
L1 03     48 +016.1404 -000.5947 -000.8294 -090.7586 +004.4171 +092.3404 0
L1 04     48 +008.4601 +010.6749 +001.8059 -055.5496 -000.1780 +000.5416 0
L1 05     48 +014.3923 +009.9667 +001.9703 -108.7490 +000.9407 -011.4429 0
L1 06     48 +014.3228 +001.4462 -000.4221 +168.9854 +002.3634 -122.7985 0
L1 07     48 +012.9137 +000.2629 -000.2355 +135.1767 +024.3735 +155.7138 0
L1 08     48 +012.9351 -000.6052 -001.5571 +179.1207 -048.3957 +051.5798 0
L1 01     52 +016.0284 +000.1641 +001.3483 -092.4429 +003.0139 +002.2142 0
L1 02     52 +007.1368 +005.8793 +001.6818 -119.7972 +003.4804 -128.8775 0
L1 03     52 +016.1404 -000.5948 -000.8293 -090.7607 +004.4170 +092.3415 0
L1 04     52 +008.4601 +010.6748 +001.8058 -055.5504 -000.1779 +000.5413 0
L1 05     52 +014.3924 +009.9666 +001.9697 -108.7502 +000.9391 -011.4448 0
L1 06     52 +014.3229 +001.4460 -000.4221 +168.9831 +002.3635 -122.7988 0
L1 07     52 +012.9138 +000.2628 -000.2357 +135.1765 +024.3713 +155.7160 0
L1 08     52 +012.9351 -000.6052 -001.5572 +179.1186 -048.3955 +051.5805 0
L1 01     56 +016.0284 +000.1641 +001.3485 -092.4461 +003.0141 +002.2154 0
L1 02     56 +007.1368 +005.8793 +001.6818 -119.7972 +003.4803 -128.8778 0
L1 03     56 +016.1404 -000.5949 -000.8293 -090.7620 +004.4158 +092.3421 0
L1 04     56 +008.4602 +010.6748 +001.8059 -055.5508 -000.1779 +000.5416 0
L1 05     56 +014.3923 +009.9666 +001.9702 -108.7495 +000.9410 -011.4437 0
L1 06     56 +014.3229 +001.4460 -000.4223 +168.9821 +002.3629 -122.7980 0
L1 07     56 +012.9138 +000.2628 -000.2355 +135.1767 +024.3711 +155.7154 0
L1 08     56 +012.9351 -000.6053 -001.5572 +179.1158 -048.3941 +051.5827 0
L1 01     60 +016.0284 +000.1642 +001.3485 -092.4470 +003.0149 +002.2153 0
L1 02     60 +007.1368 +005.8793 +001.6818 -119.7971 +003.4803 -128.8777 0
L1 03     60 +016.1404 -000.5949 -000.8293 -090.7625 +004.4167 +092.3420 0
L1 04     60 +008.4602 +010.6748 +001.8059 -055.5506 -000.1776 +000.5419 0
L1 05     60 +014.3922 +009.9668 +001.9700 -108.7483 +000.9405 -011.4445 0
L1 06     60 +014.3229 +001.4462 -000.4221 +168.9824 +002.3634 -122.7987 0
L1 07     60 +012.9138 +000.2630 -000.2356 +135.1777 +024.3687 +155.7148 0
L1 08     60 +012.9351 -000.6052 -001.5572 +179.1167 -048.3940 +051.5809 0
L1 01     64 +016.0284 +000.1644 +001.3484 -092.4464 +003.0153 +002.2141 0
L1 02     64 +007.1367 +005.8794 +001.6818 -119.7962 +003.4804 -128.8776 0
L1 03     64 +016.1404 -000.5947 -000.8293 -090.7601 +004.4172 +092.3418 0
L1 04     64 +008.4600 +010.6749 +001.8059 -055.5487 -000.1778 +000.5420 0
L1 05     64 +014.3919 +009.9672 +001.9700 -108.7453 +000.9402 -011.4437 0
L1 06     64 +014.3229 +001.4461 -000.4220 +168.9826 +002.3648 -122.7992 0
L1 07     64 +012.9138 +000.2631 -000.2356 +135.1785 +024.3674 +155.7148 0
L1 08     64 +012.9351 -000.6051 -001.5572 +179.1184 -048.3938 +051.5808 0
L1 01     68 +016.0284 +000.1641 +001.3485 -092.4499 +003.0148 +002.2153 0
L1 02     68 +007.1368 +005.8794 +001.6818 -119.7968 +003.4810 -128.8776 0
L1 03     68 +016.1404 -000.5947 -000.8293 -090.7598 +004.4162 +092.3425 0
L1 04     68 +008.4601 +010.6749 +001.8059 -055.5499 -000.1776 +000.5421 0
L1 05     68 +014.3921 +009.9669 +001.9703 -108.7474 +000.9416 -011.4430 0
L1 06     68 +014.3229 +001.4460 -000.4221 +168.9820 +002.3641 -122.7986 0
L1 07     68 +012.9138 +000.2629 -000.2355 +135.1768 +024.3679 +155.7136 0
L1 08     68 +012.9351 -000.6052 -001.5571 +179.1160 -048.3926 +051.5828 0
L1 01     72 +016.0284 +000.1642 +001.3483 -092.4510 +003.0154 +002.2140 0
L1 02     72 +007.1367 +005.8794 +001.6818 -119.7964 +003.4808 -128.8774 0
L1 03     72 +016.1404 -000.5949 -000.8292 -090.7613 +004.4161 +092.3429 0
L1 04     72 +008.4600 +010.6749 +001.8059 -055.5495 -000.1776 +000.5417 0
L1 05     72 +014.3922 +009.9668 +001.9704 -108.7486 +000.9416 -011.4434 0
L1 06     72 +014.3230 +001.4460 -000.4221 +168.9815 +002.3648 -122.7989 0
L1 07     72 +012.9138 +000.2630 -000.2355 +135.1776 +024.3664 +155.7136 0
L1 08     72 +012.9351 -000.6052 -001.5572 +179.1169 -048.3924 +051.5822 0
L1 01     76 +016.0284 +000.1643 +001.3483 -092.4529 +003.0169 +002.2140 0
L1 02     76 +007.1368 +005.8793 +001.6818 -119.7970 +003.4806 -128.8776 0
L1 03     76 +016.1404 -000.5950 -000.8293 -090.7629 +004.4163 +092.3427 0
L1 04     76 +008.4601 +010.6748 +001.8059 -055.5503 -000.1776 +000.5416 0
L1 05     76 +014.3922 +009.9667 +001.9703 -108.7489 +000.9406 -011.4432 0
L1 06     76 +014.3230 +001.4460 -000.4220 +168.9810 +002.3654 -122.7986 0
L1 07     76 +012.9138 +000.2631 -000.2354 +135.1792 +024.3653 +155.7133 0
L1 08     76 +012.9351 -000.6051 -001.5572 +179.1165 -048.3921 +051.5823 0
L1 01     80 +016.0284 +000.1640 +001.3483 -092.4573 +003.0168 +002.2147 0
L1 02     80 +007.1368 +005.8793 +001.6818 -119.7971 +003.4806 -128.8779 0
L1 03     80 +016.1404 -000.5951 -000.8294 -090.7641 +004.4158 +092.3419 0
L1 04     80 +008.4602 +010.6747 +001.8059 -055.5509 -000.1774 +000.5417 0
L1 05     80 +014.3921 +009.9667 +001.9699 -108.7484 +000.9397 -011.4454 0
L1 06     80 +014.3230 +001.4460 -000.4222 +168.9805 +002.3645 -122.7984 0
L1 07     80 +012.9138 +000.2629 -000.2354 +135.1779 +024.3657 +155.7129 0
L1 08     80 +012.9351 -000.6052 -001.5572 +179.1136 -048.3911 +051.5841 0
L1 01     84 +016.0284 +000.1639 +001.3486 -092.4586 +003.0158 +002.2164 0
L1 02     84 +007.1368 +005.8794 +001.6818 -119.7970 +003.4806 -128.8777 0
L1 03     84 +016.1404 -000.5950 -000.8295 -090.7631 +004.4158 +092.3418 0
L1 04     84 +008.4601 +010.6748 +001.8060 -055.5504 -000.1773 +000.5423 0
L1 05     84 +014.3923 +009.9666 +001.9697 -108.7493 +000.9394 -011.4475 0
L1 06     84 +014.3230 +001.4460 -000.4222 +168.9814 +002.3636 -122.7988 0
L1 07     84 +012.9139 +000.2628 -000.2355 +135.1792 +024.3652 +155.7137 0
L1 08     84 +012.9351 -000.6054 -001.5572 +179.1131 -048.3909 +051.5845 0
L1 01     88 +016.0284 +000.1642 +001.3486 -092.4566 +003.0166 +002.2171 0
L1 02     88 +007.1368 +005.8794 +001.6818 -119.7967 +003.4805 -128.8777 0
L1 03     88 +016.1404 -000.5950 -000.8294 -090.7620 +004.4160 +092.3424 0
L1 04     88 +008.4600 +010.6749 +001.8060 -055.5494 -000.1774 +000.5422 0
L1 05     88 +014.3920 +009.9671 +001.9696 -108.7469 +000.9384 -011.4468 0
L1 06     88 +014.3229 +001.4462 -000.4221 +168.9830 +002.3650 -122.7993 0
L1 07     88 +012.9139 +000.2630 -000.2355 +135.1817 +024.3652 +155.7137 0
L1 08     88 +012.9352 -000.6053 -001.5572 +179.1150 -048.3902 +051.5845 0
L1 01     92 +016.0284 +000.1641 +001.3485 -092.4587 +003.0165 +002.2163 0
L1 02     92 +007.1368 +005.8794 +001.6818 -119.7970 +003.4805 -128.8779 0
L1 03     92 +016.1404 -000.5949 -000.8293 -090.7612 +004.4158 +092.3430 0
L1 04     92 +008.4600 +010.6749 +001.8059 -055.5496 -000.1777 +000.5420 0
L1 05     92 +014.3920 +009.9670 +001.9698 -108.7479 +000.9385 -011.4454 0
L1 06     92 +014.3230 +001.4459 -000.4222 +168.9822 +002.3643 -122.7986 0
L1 07     92 +012.9138 +000.2630 -000.2355 +135.1835 +024.3671 +155.7147 0
L1 08     92 +012.9352 -000.6053 -001.5572 +179.1140 -048.3901 +051.5860 0
L1 01     96 +016.0284 +000.1641 +001.3486 -092.4599 +003.0161 +002.2169 0
L1 02     96 +007.1368 +005.8794 +001.6818 -119.7969 +003.4807 -128.8778 0
L1 03     96 +016.1405 -000.5947 -000.8292 -090.7598 +004.4158 +092.3440 0
L1 04     96 +008.4600 +010.6749 +001.8060 -055.5492 -000.1776 +000.5420 0
L1 05     96 +014.3920 +009.9671 +001.9700 -108.7466 +000.9398 -011.4448 0
L1 06     96 +014.3230 +001.4460 -000.4223 +168.9822 +002.3635 -122.7987 0
L1 07     96 +012.9138 +000.2630 -000.2356 +135.1849 +024.3663 +155.7155 0
L1 08     96 +012.9352 -000.6053 -001.5572 +179.1142 -048.3895 +051.5867 0
L1 01    100 +016.0284 +000.1640 +001.3484 -092.4644 +003.0166 +002.2150 0
L1 02    100 +007.1368 +005.8793 +001.6818 -119.7972 +003.4806 -128.8779 0
L1 03    100 +016.1404 -000.5950 -000.8294 -090.7630 +004.4150 +092.3426 0
L1 04    100 +008.4601 +010.6748 +001.8059 -055.5502 -000.1776 +000.5419 0
L1 05    100 +014.3923 +009.9666 +001.9695 -108.7499 +000.9382 -011.4478 0
L1 06    100 +014.3230 +001.4458 -000.4220 +168.9805 +002.3648 -122.7980 0
L1 07    100 +012.9138 +000.2626 -000.2356 +135.1817 +024.3655 +155.7160 0
L1 08    100 +012.9352 -000.6054 -001.5572 +179.1124 -048.3896 +051.5875 0
L1 01    104 +016.0284 +000.1638 +001.3483 -092.4676 +003.0168 +002.2142 0
L1 02    104 +007.1368 +005.8793 +001.6818 -119.7974 +003.4806 -128.8779 0
L1 03    104 +016.1405 -000.5951 -000.8293 -090.7633 +004.4149 +092.3430 0
L1 04    104 +008.4602 +010.6747 +001.8059 -055.5508 -000.1776 +000.5416 0
L1 05    104 +014.3922 +009.9666 +001.9700 -108.7496 +000.9396 -011.4451 0
L1 06    104 +014.3230 +001.4456 -000.4223 +168.9800 +002.3639 -122.7978 0
L1 07    104 +012.9138 +000.2627 -000.2356 +135.1828 +024.3641 +155.7153 0
L1 08    104 +012.9351 -000.6054 -001.5572 +179.1119 -048.3891 +051.5879 0
L1 01    108 +016.0284 +000.1640 +001.3482 -092.4669 +003.0178 +002.2132 0
L1 02    108 +007.1368 +005.8793 +001.6818 -119.7970 +003.4807 -128.8778 0
L1 03    108 +016.1405 -000.5952 -000.8294 -090.7635 +004.4149 +092.3423 0
L1 04    108 +008.4602 +010.6747 +001.8059 -055.5514 -000.1776 +000.5415 0
L1 05    108 +014.3924 +009.9664 +001.9698 -108.7514 +000.9383 -011.4451 0
L1 06    108 +014.3229 +001.4458 -000.4223 +168.9815 +002.3640 -122.7976 0
L1 07    108 +012.9138 +000.2628 -000.2356 +135.1844 +024.3635 +155.7159 0
L1 08    108 +012.9351 -000.6053 -001.5572 +179.1125 -048.3889 +051.5883 0
L1 01    112 +016.0284 +000.1640 +001.3484 -092.4673 +003.0170 +002.2151 0
L1 02    112 +007.1368 +005.8793 +001.6818 -119.7970 +003.4806 -128.8779 0
L1 03    112 +016.1405 -000.5950 -000.8294 -090.7617 +004.4149 +092.3422 0
L1 04    112 +008.4602 +010.6748 +001.8060 -055.5507 -000.1774 +000.5419 0
L1 05    112 +014.3921 +009.9667 +001.9700 -108.7495 +000.9392 -011.4436 0
L1 06    112 +014.3229 +001.4459 -000.4222 +168.9826 +002.3642 -122.7987 0
L1 07    112 +012.9138 +000.2628 -000.2356 +135.1864 +024.3621 +155.7160 0
L1 08    112 +012.9352 -000.6054 -001.5572 +179.1128 -048.3883 +051.5886 0
L1 01    116 +016.0284 +000.1642 +001.3483 -092.4667 +003.0173 +002.2147 0
L1 02    116 +007.1368 +005.8794 +001.6818 -119.7969 +003.4807 -128.8778 0
L1 03    116 +016.1405 -000.5950 -000.8293 -090.7607 +004.4154 +092.3430 0
L1 04    116 +008.4600 +010.6749 +001.8059 -055.5494 -000.1777 +000.5416 0
L1 05    116 +014.3923 +009.9666 +001.9699 -108.7500 +000.9394 -011.4450 0
L1 06    116 +014.3229 +001.4460 -000.4221 +168.9845 +002.3656 -122.7987 0
L1 07    116 +012.9138 +000.2629 -000.2356 +135.1885 +024.3609 +155.7152 0
L1 08    116 +012.9352 -000.6053 -001.5572 +179.1151 -048.3881 +051.5881 0
L1 01    120 +016.0284 +000.1643 +001.3484 -092.4668 +003.0175 +002.2154 0
L1 02    120 +007.1368 +005.8793 +001.6818 -119.7971 +003.4810 -128.8778 0
L1 03    120 +016.1405 -000.5949 -000.8294 -090.7598 +004.4153 +092.3431 0
L1 04    120 +008.4600 +010.6749 +001.8059 -055.5493 -000.1775 +000.5416 0
L1 05    120 +014.3925 +009.9666 +001.9695 -108.7508 +000.9380 -011.4465 0
L1 06    120 +014.3229 +001.4461 -000.4219 +168.9861 +002.3677 -122.7992 0
L1 07    120 +012.9138 +000.2630 -000.2355 +135.1895 +024.3601 +155.7147 0
L1 08    120 +012.9352 -000.6053 -001.5572 +179.1147 -048.3866 +051.5889 0
L1 01    124 +016.0284 +000.1642 +001.3482 -092.4697 +003.0180 +002.2138 0
L1 02    124 +007.1368 +005.8793 +001.6818 -119.7969 +003.4809 -128.8778 0
L1 03    124 +016.1405 -000.5951 -000.8293 -090.7610 +004.4149 +092.3429 0
L1 04    124 +008.4601 +010.6749 +001.8059 -055.5497 -000.1778 +000.5416 0
L1 05    124 +014.3923 +009.9667 +001.9699 -108.7487 +000.9400 -011.4458 0
L1 06    124 +014.3229 +001.4459 -000.4220 +168.9836 +002.3673 -122.7989 0
L1 07    124 +012.9138 +000.2629 -000.2355 +135.1884 +024.3596 +155.7144 0
L1 08    124 +012.9352 -000.6053 -001.5572 +179.1144 -048.3868 +051.5896 0
L1 01    128 +016.0283 +000.1640 +001.3483 -092.4727 +003.0178 +002.2156 0
L1 02    128 +007.1368 +005.8794 +001.6818 -119.7969 +003.4810 -128.8777 0
L1 03    128 +016.1405 -000.5950 -000.8293 -090.7604 +004.4146 +092.3435 0
L1 04    128 +008.4601 +010.6748 +001.8059 -055.5499 -000.1778 +000.5417 0
L1 05    128 +014.3922 +009.9667 +001.9698 -108.7487 +000.9395 -011.4464 0
L1 06    128 +014.3229 +001.4457 -000.4221 +168.9825 +002.3666 -122.7988 0
L1 07    128 +012.9139 +000.2626 -000.2356 +135.1859 +024.3580 +155.7145 0
L1 08    128 +012.9352 -000.6055 -001.5573 +179.1124 -048.3867 +051.5905 0
L1 01    132 +016.0283 +000.1642 +001.3482 -092.4728 +003.0185 +002.2137 0
L1 02    132 +007.1368 +005.8794 +001.6818 -119.7969 +003.4810 -128.8777 0
L1 03    132 +016.1405 -000.5950 -000.8293 -090.7609 +004.4147 +092.3431 0
L1 04    132 +008.4601 +010.6749 +001.8059 -055.5498 -000.1780 +000.5411 0
L1 05    132 +014.3925 +009.9667 +001.9694 -108.7492 +000.9377 -011.4477 0
L1 06    132 +014.3229 +001.4459 -000.4220 +168.9840 +002.3676 -122.7984 0
L1 07    132 +012.9138 +000.2627 -000.2355 +135.1869 +024.3576 +155.7141 0
L1 08    132 +012.9352 -000.6054 -001.5573 +179.1125 -048.3871 +051.5906 0
L1 01    136 +016.0283 +000.1643 +001.3483 -092.4730 +003.0186 +002.2155 0
L1 02    136 +007.1368 +005.8794 +001.6818 -119.7969 +003.4809 -128.8777 0
L1 03    136 +016.1405 -000.5950 -000.8293 -090.7605 +004.4146 +092.3434 0
L1 04    136 +008.4601 +010.6749 +001.8059 -055.5494 -000.1779 +000.5415 0
L1 05    136 +014.3922 +009.9668 +001.9696 -108.7480 +000.9378 -011.4472 0
L1 06    136 +014.3229 +001.4460 -000.4221 +168.9842 +002.3666 -122.7989 0
L1 07    136 +012.9138 +000.2627 -000.2355 +135.1868 +024.3559 +155.7135 0
L1 08    136 +012.9352 -000.6054 -001.5573 +179.1122 -048.3867 +051.5908 0
L1 01    140 +016.0283 +000.1641 +001.3482 -092.4759 +003.0194 +002.2144 0
L1 02    140 +007.1368 +005.8793 +001.6818 -119.7976 +003.4806 -128.8777 0
L1 03    140 +016.1405 -000.5951 -000.8293 -090.7621 +004.4144 +092.3437 0
L1 04    140 +008.4602 +010.6748 +001.8059 -055.5508 -000.1776 +000.5412 0
L1 05    140 +014.3924 +009.9665 +001.9698 -108.7502 +000.9384 -011.4459 0
L1 06    140 +014.3230 +001.4456 -000.4220 +168.9814 +002.3667 -122.7989 0
L1 07    140 +012.9138 +000.2627 -000.2355 +135.1871 +024.3544 +155.7135 0
L1 08    140 +012.9352 -000.6055 -001.5573 +179.1108 -048.3864 +051.5916 0
L1 01    144 +016.0283 +000.1640 +001.3484 -092.4793 +003.0186 +002.2156 0
L1 02    144 +007.1368 +005.8793 +001.6818 -119.7979 +003.4806 -128.8778 0
L1 03    144 +016.1405 -000.5951 -000.8292 -090.7620 +004.4142 +092.3442 0
L1 04    144 +008.4602 +010.6747 +001.8059 -055.5510 -000.1775 +000.5419 0
L1 05    144 +014.3920 +009.9669 +001.9697 -108.7472 +000.9377 -011.4457 0
L1 06    144 +014.3229 +001.4456 -000.4221 +168.9812 +002.3657 -122.7988 0
L1 07    144 +012.9138 +000.2627 -000.2355 +135.1873 +024.3531 +155.7142 0
L1 08    144 +012.9352 -000.6055 -001.5572 +179.1105 -048.3857 +051.5917 0
L1 01    148 +016.0283 +000.1639 +001.3483 -092.4802 +003.0183 +002.2149 0
L1 02    148 +007.1368 +005.8793 +001.6818 -119.7970 +003.4806 -128.8777 0
L1 03    148 +016.1405 -000.5949 -000.8293 -090.7609 +004.4143 +092.3433 0
L1 04    148 +008.4602 +010.6748 +001.8059 -055.5505 -000.1778 +000.5417 0
L1 05    148 +014.3924 +009.9664 +001.9695 -108.7507 +000.9369 -011.4476 0
L1 06    148 +014.3229 +001.4459 -000.4223 +168.9833 +002.3652 -122.7989 0
L1 07    148 +012.9138 +000.2627 -000.2355 +135.1886 +024.3517 +155.7138 0
L1 08    148 +012.9352 -000.6055 -001.5573 +179.1102 -048.3860 +051.5922 0
L1 01    152 +016.0283 +000.1641 +001.3483 -092.4802 +003.0186 +002.2142 0
L1 02    152 +007.1368 +005.8793 +001.6818 -119.7971 +003.4808 -128.8778 0
L1 03    152 +016.1405 -000.5949 -000.8293 -090.7608 +004.4142 +092.3434 0
L1 04    152 +008.4601 +010.6748 +001.8059 -055.5499 -000.1777 +000.5418 0
L1 05    152 +014.3922 +009.9671 +001.9696 -108.7469 +000.9381 -011.4471 0
L1 06    152 +014.3229 +001.4458 -000.4221 +168.9833 +002.3668 -122.7979 0
L1 07    152 +012.9139 +000.2628 -000.2355 +135.1898 +024.3506 +155.7142 0
L1 08    152 +012.9352 -000.6054 -001.5572 +179.1107 -048.3853 +051.5924 0
L1 01    156 +016.0283 +000.1641 +001.3484 -092.4813 +003.0184 +002.2155 0
L1 02    156 +007.1368 +005.8794 +001.6818 -119.7970 +003.4808 -128.8777 0
L1 03    156 +016.1405 -000.5948 -000.8291 -090.7601 +004.4136 +092.3442 0
L1 04    156 +008.4601 +010.6749 +001.8060 -055.5499 -000.1777 +000.5420 0
L1 05    156 +014.3922 +009.9668 +001.9697 -108.7487 +000.9388 -011.4471 0
L1 06    156 +014.3229 +001.4457 -000.4223 +168.9826 +002.3646 -122.7988 0
L1 07    156 +012.9139 +000.2627 -000.2354 +135.1887 +024.3494 +155.7142 0
L1 08    156 +012.9352 -000.6054 -001.5573 +179.1101 -048.3853 +051.5930 0
L1 01    160 +016.0284 +000.1640 +001.3484 -092.4849 +003.0194 +002.2158 0
L1 02    160 +007.1368 +005.8793 +001.6818 -119.7971 +003.4805 -128.8778 0
L1 03    160 +016.1405 -000.5951 -000.8292 -090.7623 +004.4138 +092.3441 0
L1 04    160 +008.4602 +010.6748 +001.8059 -055.5509 -000.1776 +000.5416 0
L1 05    160 +014.3924 +009.9664 +001.9700 -108.7517 +000.9398 -011.4461 0
L1 06    160 +014.3229 +001.4459 -000.4223 +168.9832 +002.3649 -122.7985 0
L1 07    160 +012.9139 +000.2626 -000.2355 +135.1893 +024.3482 +155.7152 0
L1 08    160 +012.9352 -000.6055 -001.5573 +179.1086 -048.3851 +051.5934 0
L1 01    164 +016.0283 +000.1640 +001.3484 -092.4867 +003.0196 +002.2153 0
L1 02    164 +007.1368 +005.8793 +001.6818 -119.7971 +003.4806 -128.8777 0
L1 03    164 +016.1405 -000.5951 -000.8292 -090.7630 +004.4137 +092.3438 0
L1 04    164 +008.4601 +010.6748 +001.8059 -055.5506 -000.1777 +000.5416 0
L1 05    164 +014.3923 +009.9666 +001.9698 -108.7506 +000.9390 -011.4462 0
L1 06    164 +014.3229 +001.4459 -000.4224 +168.9822 +002.3638 -122.7981 0
L1 07    164 +012.9139 +000.2627 -000.2355 +135.1903 +024.3475 +155.7156 0
L1 08    164 +012.9352 -000.6055 -001.5573 +179.1083 -048.3850 +051.5936 0
L1 01    168 +016.0283 +000.1641 +001.3484 -092.4866 +003.0202 +002.2158 0
L1 02    168 +007.1368 +005.8793 +001.6818 -119.7973 +003.4805 -128.8778 0
L1 03    168 +016.1404 -000.5952 -000.8293 -090.7634 +004.4137 +092.3430 0
L1 04    168 +008.4601 +010.6748 +001.8059 -055.5500 -000.1776 +000.5417 0
L1 05    168 +014.3920 +009.9670 +001.9702 -108.7465 +000.9413 -011.4450 0
L1 06    168 +014.3229 +001.4459 -000.4224 +168.9832 +002.3644 -122.7972 0
L1 07    168 +012.9139 +000.2625 -000.2355 +135.1901 +024.3477 +155.7157 0
L1 08    168 +012.9352 -000.6055 -001.5573 +179.1082 -048.3851 +051.5943 0
L1 01    172 +016.0283 +000.1641 +001.3484 -092.4867 +003.0204 +002.2159 0
L1 02    172 +007.1368 +005.8794 +001.6818 -119.7968 +003.4806 -128.8777 0
L1 03    172 +016.1404 -000.5950 -000.8292 -090.7615 +004.4139 +092.3440 0
L1 04    172 +008.4600 +010.6749 +001.8059 -055.5494 -000.1776 +000.5416 0
L1 05    172 +014.3920 +009.9671 +001.9695 -108.7459 +000.9375 -011.4457 0
L1 06    172 +014.3229 +001.4459 -000.4223 +168.9836 +002.3649 -122.7981 0
L1 07    172 +012.9139 +000.2626 -000.2356 +135.1913 +024.3456 +155.7163 0
L1 08    172 +012.9351 -000.6054 -001.5573 +179.1094 -048.3849 +051.5936 0
L1 01    176 +016.0283 +000.1642 +001.3483 -092.4880 +003.0203 +002.2142 0
L1 02    176 +007.1368 +005.8794 +001.6818 -119.7967 +003.4808 -128.8776 0
L1 03    176 +016.1405 -000.5950 -000.8293 -090.7613 +004.4135 +092.3430 0
L1 04    176 +008.4601 +010.6749 +001.8059 -055.5497 -000.1778 +000.5416 0
L1 05    176 +014.3921 +009.9669 +001.9699 -108.7471 +000.9391 -011.4439 0
L1 06    176 +014.3228 +001.4461 -000.4223 +168.9857 +002.3648 -122.7980 0
L1 07    176 +012.9139 +000.2627 -000.2355 +135.1913 +024.3460 +155.7143 0
L1 08    176 +012.9351 -000.6054 -001.5572 +179.1103 -048.3842 +051.5939 0
L1 01    180 +016.0283 +000.1642 +001.3484 -092.4887 +003.0203 +002.2156 0
L1 02    180 +007.1368 +005.8794 +001.6818 -119.7967 +003.4805 -128.8776 0
L1 03    180 +016.1405 -000.5951 -000.8292 -090.7620 +004.4132 +092.3435 0
L1 04    180 +008.4601 +010.6748 +001.8059 -055.5498 -000.1776 +000.5418 0
L1 05    180 +014.3921 +009.9669 +001.9701 -108.7472 +000.9402 -011.4435 0
L1 06    180 +014.3229 +001.4459 -000.4222 +168.9843 +002.3652 -122.7980 0
L1 07    180 +012.9138 +000.2627 -000.2355 +135.1911 +024.3454 +155.7146 0
L1 08    180 +012.9352 -000.6054 -001.5572 +179.1091 -048.3835 +051.5949 0
L1 01    184 +016.0283 +000.1640 +001.3482 -092.4918 +003.0208 +002.2131 0
L1 02    184 +007.1368 +005.8794 +001.6818 -119.7967 +003.4806 -128.8776 0
L1 03    184 +016.1405 -000.5950 -000.8295 -090.7618 +004.4132 +092.3417 0
L1 04    184 +008.4601 +010.6748 +001.8059 -055.5500 -000.1779 +000.5414 0
L1 05    184 +014.3921 +009.9670 +001.9699 -108.7456 +000.9385 -011.4451 0
L1 06    184 +014.3229 +001.4459 -000.4222 +168.9841 +002.3655 -122.7991 0
L1 07    184 +012.9138 +000.2629 -000.2355 +135.1944 +024.3447 +155.7153 0
L1 08    184 +012.9351 -000.6053 -001.5572 +179.1088 -048.3837 +051.5953 0
L1 01    188 +016.0283 +000.1642 +001.3484 -092.4920 +003.0211 +002.2157 0
L1 02    188 +007.1368 +005.8793 +001.6818 -119.7972 +003.4807 -128.8776 0
L1 03    188 +016.1404 -000.5951 -000.8293 -090.7624 +004.4130 +092.3430 0
L1 04    188 +008.4601 +010.6748 +001.8059 -055.5500 -000.1775 +000.5417 0
L1 05    188 +014.3921 +009.9670 +001.9701 -108.7466 +000.9396 -011.4451 0
L1 06    188 +014.3229 +001.4458 -000.4223 +168.9828 +002.3642 -122.7980 0
L1 07    188 +012.9138 +000.2628 -000.2356 +135.1935 +024.3441 +155.7164 0
L1 08    188 +012.9352 -000.6053 -001.5573 +179.1089 -048.3838 +051.5949 0
L1 01    192 +016.0283 +000.1640 +001.3481 -092.4960 +003.0207 +002.2120 0
L1 02    192 +007.1368 +005.8794 +001.6818 -119.7969 +003.4806 -128.8777 0
L1 03    192 +016.1405 -000.5950 -000.8294 -090.7631 +004.4131 +092.3416 0
L1 04    192 +008.4602 +010.6748 +001.8059 -055.5507 -000.1779 +000.5417 0
L1 05    192 +014.3921 +009.9668 +001.9701 -108.7481 +000.9401 -011.4452 0
L1 06    192 +014.3229 +001.4459 -000.4220 +168.9826 +002.3660 -122.7992 0
L1 07    192 +012.9138 +000.2627 -000.2356 +135.1931 +024.3433 +155.7163 0
L1 08    192 +012.9351 -000.6054 -001.5573 +179.1065 -048.3842 +051.5957 0
L1 01    196 +016.0283 +000.1641 +001.3481 -092.4963 +003.0211 +002.2128 0
L1 02    196 +007.1368 +005.8794 +001.6818 -119.7968 +003.4806 -128.8775 0
L1 03    196 +016.1405 -000.5950 -000.8294 -090.7629 +004.4133 +092.3421 0
L1 04    196 +008.4601 +010.6748 +001.8060 -055.5501 -000.1778 +000.5420 0
L1 05    196 +014.3923 +009.9666 +001.9698 -108.7495 +000.9386 -011.4455 0
L1 06    196 +014.3229 +001.4461 -000.4221 +168.9837 +002.3659 -122.7992 0
L1 07    196 +012.9138 +000.2627 -000.2355 +135.1929 +024.3437 +155.7158 0
L1 08    196 +012.9351 -000.6054 -001.5573 +179.1068 -048.3835 +051.5961 0
L1 01    200 +016.0283 +000.1641 +001.3484 -092.4981 +003.0220 +002.2163 0
L1 02    200 +007.1368 +005.8793 +001.6818 -119.7971 +003.4806 -128.8776 0
L1 03    200 +016.1404 -000.5950 -000.8294 -090.7631 +004.4131 +092.3426 0
L1 04    200 +008.4602 +010.6748 +001.8060 -055.5508 -000.1775 +000.5421 0
L1 05    200 +014.3921 +009.9669 +001.9696 -108.7473 +000.9380 -011.4470 0
L1 06    200 +014.3229 +001.4461 -000.4222 +168.9836 +002.3645 -122.7989 0
L1 07    200 +012.9139 +000.2623 -000.2355 +135.1895 +024.3441 +155.7152 0
L1 08    200 +012.9351 -000.6054 -001.5572 +179.1059 -048.3828 +051.5966 0
L1 01    204 +016.0283 +000.1640 +001.3484 -092.5004 +003.0221 +002.2158 0
L1 02    204 +007.1368 +005.8794 +001.6818 -119.7969 +003.4807 -128.8775 0
L1 03    204 +016.1405 -000.5952 -000.8293 -090.7646 +004.4131 +092.3434 0
L1 04    204 +008.4602 +010.6748 +001.8059 -055.5509 -000.1774 +000.5417 0
L1 05    204 +014.3921 +009.9669 +001.9696 -108.7485 +000.9376 -011.4470 0
L1 06    204 +014.3230 +001.4458 -000.4224 +168.9817 +002.3638 -122.7977 0
L1 07    204 +012.9139 +000.2625 -000.2355 +135.1913 +024.3435 +155.7155 0
L1 08    204 +012.9352 -000.6054 -001.5572 +179.1053 -048.3821 +051.5971 0
L1 01    208 +016.0283 +000.1639 +001.3481 -092.5028 +003.0220 +002.2123 0
L1 02    208 +007.1368 +005.8794 +001.6818 -119.7967 +003.4808 -128.8775 0
L1 03    208 +016.1405 -000.5950 -000.8293 -090.7639 +004.4126 +092.3431 0
L1 04    208 +008.4602 +010.6748 +001.8058 -055.5507 -000.1778 +000.5412 0
L1 05    208 +014.3924 +009.9665 +001.9697 -108.7512 +000.9383 -011.4463 0
L1 06    208 +014.3230 +001.4457 -000.4223 +168.9805 +002.3650 -122.7986 0
L1 07    208 +012.9139 +000.2626 -000.2355 +135.1928 +024.3423 +155.7153 0
L1 08    208 +012.9351 -000.6055 -001.5573 +179.1043 -048.3823 +051.5974 0
L1 01    212 +016.0283 +000.1638 +001.3483 -092.5042 +003.0218 +002.2148 0
L1 02    212 +007.1368 +005.8794 +001.6817 -119.7968 +003.4793 -128.8784 0
L1 03    212 +016.1405 -000.5950 -000.8293 -090.7638 +004.4126 +092.3430 0
L1 04    212 +008.4601 +010.6749 +001.8058 -055.5500 -000.1780 +000.5408 0
L1 05    212 +014.3924 +009.9668 +001.9693 -108.7499 +000.9363 -011.4486 0
L1 06    212 +014.3230 +001.4459 -000.4224 +168.9811 +002.3630 -122.7994 0
L1 07    212 +012.9139 +000.2628 -000.2354 +135.1931 +024.3412 +155.7144 0
L1 08    212 +012.9352 -000.6053 -001.5572 +179.1055 -048.3813 +051.5973 0
L1 01    216 +016.0283 +000.1640 +001.3483 -092.5044 +003.0225 +002.2141 0
L1 02    216 +007.1368 +005.8794 +001.6817 -119.7965 +003.4799 -128.8777 0
L1 03    216 +016.1405 -000.5948 -000.8294 -090.7628 +004.4130 +092.3427 0
L1 04    216 +008.4601 +010.6749 +001.8058 -055.5501 -000.1779 +000.5409 0
L1 05    216 +014.3923 +009.9669 +001.9691 -108.7487 +000.9347 -011.4499 0
L1 06    216 +014.3230 +001.4459 -000.4224 +168.9817 +002.3640 -122.7990 0
L1 07    216 +012.9139 +000.2626 -000.2354 +135.1917 +024.3393 +155.7144 0
L1 08    216 +012.9352 -000.6052 -001.5572 +179.1062 -048.3813 +051.5972 0
L1 01    220 +016.0283 +000.1640 +001.3483 -092.5056 +003.0229 +002.2140 0
L1 02    220 +007.1368 +005.8793 +001.6817 -119.7974 +003.4802 -128.8781 0
L1 03    220 +016.1404 -000.5950 -000.8294 -090.7640 +004.4129 +092.3424 0
L1 04    220 +008.4601 +010.6748 +001.8058 -055.5500 -000.1780 +000.5412 0
L1 05    220 +014.3924 +009.9666 +001.9692 -108.7509 +000.9369 -011.4491 0
L1 06    220 +014.3230 +001.4460 -000.4222 +168.9820 +002.3647 -122.7995 0
L1 07    220 +012.9139 +000.2626 -000.2355 +135.1924 +024.3382 +155.7145 0
L1 08    220 +012.9351 -000.6054 -001.5572 +179.1050 -048.3811 +051.5972 0
L1 01    224 +016.0283 +000.1641 +001.3482 -092.5066 +003.0234 +002.2139 0
L1 02    224 +007.1368 +005.8794 +001.6817 -119.7971 +003.4798 -128.8780 0
L1 03    224 +016.1404 -000.5950 -000.8293 -090.7642 +004.4132 +092.3430 0
L1 04    224 +008.4601 +010.6748 +001.8058 -055.5502 -000.1780 +000.5409 0
L1 05    224 +014.3923 +009.9667 +001.9697 -108.7496 +000.9385 -011.4476 0
L1 06    224 +014.3229 +001.4460 -000.4223 +168.9818 +002.3636 -122.7995 0
L1 07    224 +012.9139 +000.2626 -000.2355 +135.1919 +024.3379 +155.7142 0
L1 08    224 +012.9351 -000.6053 -001.5573 +179.1055 -048.3813 +051.5970 0
L1 01    228 +016.0283 +000.1639 +001.3482 -092.5090 +003.0232 +002.2132 0
L1 02    228 +007.1368 +005.8793 +001.6817 -119.7971 +003.4800 -128.8781 0
L1 03    228 +016.1404 -000.5949 -000.8294 -090.7638 +004.4127 +092.3426 0
L1 04    228 +008.4600 +010.6748 +001.8058 -055.5498 -000.1780 +000.5410 0
L1 05    228 +014.3926 +009.9664 +001.9694 -108.7516 +000.9375 -011.4492 0
L1 06    228 +014.3229 +001.4458 -000.4224 +168.9812 +002.3629 -122.7995 0
L1 07    228 +012.9139 +000.2626 -000.2354 +135.1919 +024.3384 +155.7142 0
L1 08    228 +012.9351 -000.6054 -001.5573 +179.1047 -048.3813 +051.5975 0
L1 01    232 +016.0282 +000.1642 +001.3482 -092.5080 +003.0241 +002.2130 0
L1 02    232 +007.1368 +005.8794 +001.6817 -119.7966 +003.4801 -128.8778 0
L1 03    232 +016.1404 -000.5949 -000.8295 -090.7633 +004.4129 +092.3415 0
L1 04    232 +008.4600 +010.6749 +001.8057 -055.5488 -000.1784 +000.5404 0
L1 05    232 +014.3922 +009.9668 +001.9696 -108.7478 +000.9372 -011.4478 0
L1 06    232 +014.3230 +001.4456 -000.4219 +168.9807 +002.3657 -122.7998 0
L1 07    232 +012.9139 +000.2627 -000.2354 +135.1926 +024.3381 +155.7143 0
L1 08    232 +012.9351 -000.6052 -001.5573 +179.1057 -048.3813 +051.5978 0
L1 01    236 +016.0282 +000.1643 +001.3481 -092.5088 +003.0235 +002.2122 0
L1 02    236 +007.1368 +005.8794 +001.6817 -119.7965 +003.4802 -128.8777 0
L1 03    236 +016.1404 -000.5947 -000.8294 -090.7617 +004.4131 +092.3418 0
L1 04    236 +008.4600 +010.6749 +001.8058 -055.5488 -000.1781 +000.5410 0
L1 05    236 +014.3921 +009.9671 +001.9697 -108.7453 +000.9376 -011.4470 0
L1 06    236 +014.3229 +001.4461 -000.4219 +168.9831 +002.3662 -122.8000 0
L1 07    236 +012.9139 +000.2628 -000.2353 +135.1929 +024.3375 +155.7130 0
L1 08    236 +012.9351 -000.6052 -001.5571 +179.1060 -048.3807 +051.5984 0
L1 01    240 +016.0282 +000.1642 +001.3482 -092.5109 +003.0237 +002.2126 0
L1 02    240 +007.1368 +005.8794 +001.6817 -119.7966 +003.4802 -128.8778 0
L1 03    240 +016.1404 -000.5948 -000.8295 -090.7625 +004.4129 +092.3411 0
L1 04    240 +008.4600 +010.6749 +001.8058 -055.5490 -000.1783 +000.5406 0
L1 05    240 +014.3919 +009.9674 +001.9696 -108.7442 +000.9374 -011.4482 0
L1 06    240 +014.3229 +001.4459 -000.4221 +168.9820 +002.3642 -122.7994 0
L1 07    240 +012.9138 +000.2627 -000.2354 +135.1930 +024.3348 +155.7137 0
L1 08    240 +012.9351 -000.6052 -001.5572 +179.1050 -048.3811 +051.5986 0
L1 01    244 +016.0282 +000.1642 +001.3481 -092.5125 +003.0241 +002.2117 0
L1 02    244 +007.1368 +005.8794 +001.6817 -119.7967 +003.4803 -128.8778 0
L1 03    244 +016.1404 -000.5950 -000.8295 -090.7643 +004.4132 +092.3407 0
L1 04    244 +008.4600 +010.6749 +001.8058 -055.5497 -000.1780 +000.5406 0
L1 05    244 +014.3919 +009.9673 +001.9693 -108.7449 +000.9358 -011.4489 0
L1 06    244 +014.3229 +001.4460 -000.4221 +168.9820 +002.3644 -122.7997 0
L1 07    244 +012.9138 +000.2627 -000.2354 +135.1929 +024.3323 +155.7147 0
L1 08    244 +012.9351 -000.6052 -001.5572 +179.1049 -048.3814 +051.5982 0
L1 01    248 +016.0282 +000.1639 +001.3482 -092.5180 +003.0248 +002.2136 0
L1 02    248 +007.1368 +005.8793 +001.6817 -119.7975 +003.4801 -128.8782 0
L1 03    248 +016.1404 -000.5953 -000.8295 -090.7679 +004.4124 +092.3412 0
L1 04    248 +008.4602 +010.6747 +001.8059 -055.5515 -000.1776 +000.5415 0
L1 05    248 +014.3920 +009.9671 +001.9693 -108.7476 +000.9358 -011.4477 0
L1 06    248 +014.3229 +001.4457 -000.4222 +168.9791 +002.3643 -122.8001 0
L1 07    248 +012.9139 +000.2626 -000.2353 +135.1908 +024.3304 +155.7132 0
L1 08    248 +012.9351 -000.6054 -001.5572 +179.1018 -048.3806 +051.5991 0
L1 01    252 +016.0282 +000.1639 +001.3482 -092.5184 +003.0253 +002.2132 0
L1 02    252 +007.1368 +005.8794 +001.6817 -119.7970 +003.4802 -128.8779 0
L1 03    252 +016.1404 -000.5952 -000.8294 -090.7671 +004.4131 +092.3423 0
L1 04    252 +008.4601 +010.6747 +001.8058 -055.5508 -000.1778 +000.5414 0
L1 05    252 +014.3921 +009.9669 +001.9695 -108.7491 +000.9376 -011.4485 0
L1 06    252 +014.3229 +001.4458 -000.4220 +168.9796 +002.3658 -122.7999 0
L1 07    252 +012.9139 +000.2624 -000.2354 +135.1895 +024.3283 +155.7136 0
L1 08    252 +012.9351 -000.6053 -001.5573 +179.1028 -048.3806 +051.5989 0
L1 01    256 +016.0282 +000.1639 +001.3483 -092.5191 +003.0253 +002.2132 0
L1 02    256 +007.1368 +005.8794 +001.6817 -119.7970 +003.4803 -128.8780 0
L1 03    256 +016.1404 -000.5950 -000.8295 -090.7647 +004.4124 +092.3413 0
L1 04    256 +008.4601 +010.6748 +001.8058 -055.5502 -000.1782 +000.5411 0
L1 05    256 +014.3922 +009.9668 +001.9698 -108.7493 +000.9378 -011.4463 0
L1 06    256 +014.3229 +001.4460 -000.4221 +168.9808 +002.3647 -122.8010 0
L1 07    256 +012.9139 +000.2627 -000.2353 +135.1925 +024.3279 +155.7123 0
L1 08    256 +012.9351 -000.6053 -001.5572 +179.1028 -048.3798 +051.5994 0
L1 01    260 +016.0282 +000.1641 +001.3484 -092.5182 +003.0248 +002.2144 0
L1 02    260 +007.1368 +005.8794 +001.6817 -119.7968 +003.4800 -128.8779 0
L1 03    260 +016.1404 -000.5947 -000.8293 -090.7624 +004.4121 +092.3425 0
L1 04    260 +008.4600 +010.6749 +001.8059 -055.5494 -000.1782 +000.5416 0
L1 05    260 +014.3923 +009.9667 +001.9695 -108.7494 +000.9370 -011.4487 0
L1 06    260 +014.3229 +001.4461 -000.4220 +168.9823 +002.3648 -122.8001 0
L1 07    260 +012.9139 +000.2626 -000.2354 +135.1925 +024.3261 +155.7131 0
L1 08    260 +012.9351 -000.6053 -001.5572 +179.1031 -048.3801 +051.5997 0
L1 01    264 +016.0282 +000.1639 +001.3482 -092.5207 +003.0248 +002.2122 0
L1 02    264 +007.1368 +005.8794 +001.6817 -119.7965 +003.4801 -128.8778 0
L1 03    264 +016.1404 -000.5947 -000.8294 -090.7626 +004.4122 +092.3416 0
L1 04    264 +008.4600 +010.6749 +001.8058 -055.5491 -000.1783 +000.5411 0
L1 05    264 +014.3920 +009.9669 +001.9697 -108.7467 +000.9376 -011.4467 0
L1 06    264 +014.3229 +001.4460 -000.4221 +168.9821 +002.3648 -122.7997 0
L1 07    264 +012.9139 +000.2628 -000.2354 +135.1941 +024.3244 +155.7135 0
L1 08    264 +012.9351 -000.6053 -001.5573 +179.1030 -048.3809 +051.6000 0
L1 01    268 +016.0282 +000.1639 +001.3481 -092.5226 +003.0252 +002.2124 0
L1 02    268 +007.1368 +005.8793 +001.6817 -119.7973 +003.4802 -128.8781 0
L1 03    268 +016.1404 -000.5950 -000.8293 -090.7655 +004.4118 +092.3420 0
L1 04    268 +008.4601 +010.6748 +001.8058 -055.5502 -000.1779 +000.5412 0
L1 05    268 +014.3922 +009.9668 +001.9697 -108.7490 +000.9380 -011.4477 0
L1 06    268 +014.3229 +001.4457 -000.4222 +168.9799 +002.3634 -122.8004 0
L1 07    268 +012.9139 +000.2626 -000.2354 +135.1931 +024.3228 +155.7137 0
L1 08    268 +012.9351 -000.6053 -001.5573 +179.1025 -048.3809 +051.6001 0
L1 01    272 +016.0282 +000.1640 +001.3481 -092.5242 +003.0260 +002.2126 0
L1 02    272 +007.1368 +005.8793 +001.6817 -119.7978 +003.4805 -128.8781 0
L1 03    272 +016.1404 -000.5951 -000.8293 -090.7662 +004.4122 +092.3428 0
L1 04    272 +008.4601 +010.6748 +001.8058 -055.5504 -000.1778 +000.5410 0
L1 05    272 +014.3922 +009.9666 +001.9697 -108.7496 +000.9388 -011.4466 0
L1 06    272 +014.3229 +001.4457 -000.4224 +168.9794 +002.3627 -122.8001 0
L1 07    272 +012.9139 +000.2625 -000.2352 +135.1920 +024.3241 +155.7125 0
L1 08    272 +012.9351 -000.6053 -001.5573 +179.1021 -048.3804 +051.6002 0
L1 01    276 +016.0281 +000.1639 +001.3481 -092.5263 +003.0258 +002.2116 0
L1 02    276 +007.1368 +005.8793 +001.6817 -119.7971 +003.4804 -128.8780 0
L1 03    276 +016.1404 -000.5951 -000.8295 -090.7666 +004.4119 +092.3413 0
L1 04    276 +008.4601 +010.6747 +001.8058 -055.5505 -000.1779 +000.5410 0
L1 05    276 +014.3924 +009.9663 +001.9698 -108.7506 +000.9386 -011.4466 0
L1 06    276 +014.3229 +001.4457 -000.4222 +168.9796 +002.3646 -122.8006 0
L1 07    276 +012.9139 +000.2627 -000.2354 +135.1945 +024.3224 +155.7135 0
L1 08    276 +012.9351 -000.6054 -001.5573 +179.1019 -048.3802 +051.6001 0
L1 01    280 +016.0282 +000.1639 +001.3481 -092.5266 +003.0259 +002.2124 0
L1 02    280 +007.1368 +005.8793 +001.6817 -119.7972 +003.4802 -128.8780 0
L1 03    280 +016.1404 -000.5950 -000.8295 -090.7655 +004.4125 +092.3413 0
L1 04    280 +008.4601 +010.6748 +001.8058 -055.5501 -000.1781 +000.5410 0
L1 05    280 +014.3927 +009.9661 +001.9699 -108.7536 +000.9394 -011.4471 0
L1 06    280 +014.3229 +001.4458 -000.4223 +168.9805 +002.3633 -122.8006 0
L1 07    280 +012.9139 +000.2625 -000.2353 +135.1936 +024.3214 +155.7130 0
L1 08    280 +012.9351 -000.6054 -001.5573 +179.1024 -048.3797 +051.6000 0
L1 01    284 +016.0282 +000.1645 +001.3479 -092.5243 +003.0265 +002.2115 0
L1 02    284 +007.1367 +005.8794 +001.6817 -119.7964 +003.4802 -128.8779 0
L1 03    284 +016.1404 -000.5949 -000.8295 -090.7630 +004.4121 +092.3415 0
L1 04    284 +008.4598 +010.6750 +001.8059 -055.5479 -000.1784 +000.5413 0
L1 05    284 +014.3918 +009.9677 +001.9696 -108.7427 +000.9370 -011.4455 0
L1 06    284 +014.3229 +001.4459 -000.4223 +168.9821 +002.3640 -122.7994 0
L1 07    284 +012.9139 +000.2627 -000.2354 +135.1962 +024.3196 +155.7132 0
L1 08    284 +012.9351 -000.6051 -001.5573 +179.1050 -048.3799 +051.6007 0
L1 01    288 +016.0282 +000.1641 +001.3478 -092.5268 +003.0265 +002.2108 0
L1 02    288 +007.1368 +005.8794 +001.6817 -119.7968 +003.4803 -128.8778 0
L1 03    288 +016.1404 -000.5950 -000.8294 -090.7641 +004.4118 +092.3417 0
L1 04    288 +008.4599 +010.6750 +001.8058 -055.5482 -000.1789 +000.5406 0
L1 05    288 +014.3917 +009.9676 +001.9694 -108.7416 +000.9363 -011.4471 0
L1 06    288 +014.3229 +001.4459 -000.4222 +168.9821 +002.3641 -122.7997 0
L1 07    288 +012.9139 +000.2628 -000.2354 +135.1968 +024.3186 +155.7136 0
L1 08    288 +012.9351 -000.6053 -001.5573 +179.1027 -048.3803 +051.6012 0
L1 01    292 +016.0282 +000.1641 +001.3481 -092.5284 +003.0262 +002.2119 0
L1 02    292 +007.1368 +005.8794 +001.6817 -119.7968 +003.4804 -128.8777 0
L1 03    292 +016.1404 -000.5949 -000.8294 -090.7640 +004.4114 +092.3417 0
L1 04    292 +008.4600 +010.6749 +001.8058 -055.5491 -000.1784 +000.5408 0
L1 05    292 +014.3922 +009.9669 +001.9698 -108.7473 +000.9385 -011.4457 0
L1 06    292 +014.3229 +001.4460 -000.4221 +168.9819 +002.3647 -122.8002 0
L1 07    292 +012.9139 +000.2628 -000.2353 +135.1966 +024.3177 +155.7134 0
L1 08    292 +012.9351 -000.6053 -001.5573 +179.1017 -048.3796 +051.6015 0
L1 01    296 +016.0282 +000.1639 +001.3482 -092.5322 +003.0273 +002.2132 0
L1 02    296 +007.1368 +005.8793 +001.6817 -119.7971 +003.4803 -128.8778 0
L1 03    296 +016.1404 -000.5950 -000.8293 -090.7655 +004.4119 +092.3425 0
L1 04    296 +008.4600 +010.6748 +001.8058 -055.5495 -000.1782 +000.5410 0
L1 05    296 +014.3927 +009.9660 +001.9698 -108.7537 +000.9395 -011.4474 0
L1 06    296 +014.3229 +001.4458 -000.4222 +168.9798 +002.3639 -122.8003 0
L1 07    296 +012.9139 +000.2627 -000.2353 +135.1952 +024.3164 +155.7130 0
L1 08    296 +012.9351 -000.6053 -001.5573 +179.1012 -048.3794 +051.6015 0
L1 01    300 +016.0282 +000.1640 +001.3484 -092.5325 +003.0268 +002.2145 0
L1 02    300 +007.1368 +005.8793 +001.6817 -119.7970 +003.4803 -128.8777 0
L1 03    300 +016.1403 -000.5950 -000.8294 -090.7656 +004.4119 +092.3421 0
L1 04    300 +008.4600 +010.6748 +001.8058 -055.5495 -000.1779 +000.5413 0
L1 05    300 +014.3927 +009.9660 +001.9698 -108.7532 +000.9398 -011.4482 0
L1 06    300 +014.3229 +001.4457 -000.4224 +168.9793 +002.3625 -122.8003 0
L1 07    300 +012.9139 +000.2625 -000.2354 +135.1935 +024.3141 +155.7139 0
L1 08    300 +012.9351 -000.6053 -001.5572 +179.1008 -048.3790 +051.6019 0
L1 01    304 +016.0282 +000.1640 +001.3481 -092.5332 +003.0274 +002.2122 0
L1 02    304 +007.1368 +005.8793 +001.6817 -119.7972 +003.4804 -128.8777 0
L1 03    304 +016.1404 -000.5950 -000.8292 -090.7645 +004.4114 +092.3426 0
L1 04    304 +008.4600 +010.6749 +001.8058 -055.5489 -000.1780 +000.5410 0
L1 05    304 +014.3924 +009.9664 +001.9702 -108.7506 +000.9401 -011.4457 0
L1 06    304 +014.3229 +001.4458 -000.4223 +168.9803 +002.3632 -122.7998 0
L1 07    304 +012.9139 +000.2627 -000.2355 +135.1966 +024.3115 +155.7153 0
L1 08    304 +012.9351 -000.6053 -001.5573 +179.1016 -048.3795 +051.6018 0
L1 01    308 +016.0282 +000.1641 +001.3484 -092.5333 +003.0272 +002.2145 0
L1 02    308 +007.1368 +005.8794 +001.6817 -119.7968 +003.4803 -128.8777 0
L1 03    308 +016.1404 -000.5949 -000.8293 -090.7637 +004.4116 +092.3426 0
L1 04    308 +008.4600 +010.6749 +001.8058 -055.5490 -000.1779 +000.5410 0
L1 05    308 +014.3924 +009.9667 +001.9698 -108.7496 +000.9388 -011.4476 0
L1 06    308 +014.3229 +001.4460 -000.4222 +168.9822 +002.3632 -122.7994 0
L1 07    308 +012.9139 +000.2626 -000.2354 +135.1951 +024.3109 +155.7133 0
L1 08    308 +012.9351 -000.6053 -001.5572 +179.1022 -048.3789 +051.6021 0
L1 01    312 +016.0282 +000.1639 +001.3481 -092.5359 +003.0267 +002.2117 0
L1 02    312 +007.1368 +005.8794 +001.6817 -119.7969 +003.4802 -128.8778 0
L1 03    312 +016.1404 -000.5948 -000.8294 -090.7639 +004.4115 +092.3414 0
L1 04    312 +008.4600 +010.6748 +001.8058 -055.5497 -000.1782 +000.5409 0
L1 05    312 +014.3924 +009.9667 +001.9695 -108.7488 +000.9364 -011.4475 0
L1 06    312 +014.3229 +001.4459 -000.4224 +168.9814 +002.3628 -122.7998 0
L1 07    312 +012.9139 +000.2625 -000.2353 +135.1942 +024.3108 +155.7125 0
L1 08    312 +012.9351 -000.6054 -001.5573 +179.1008 -048.3794 +051.6027 0
L1 01    316 +016.0282 +000.1642 +001.3484 -092.5353 +003.0276 +002.2146 0
L1 02    316 +007.1368 +005.8794 +001.6817 -119.7968 +003.4802 -128.8779 0
L1 03    316 +016.1404 -000.5950 -000.8292 -090.7642 +004.4113 +092.3430 0
L1 04    316 +008.4600 +010.6749 +001.8058 -055.5494 -000.1777 +000.5411 0
L1 05    316 +014.3922 +009.9668 +001.9697 -108.7491 +000.9377 -011.4470 0
L1 06    316 +014.3229 +001.4460 -000.4223 +168.9823 +002.3636 -122.7994 0
L1 07    316 +012.9139 +000.2625 -000.2353 +135.1950 +024.3109 +155.7130 0
L1 08    316 +012.9351 -000.6053 -001.5573 +179.1016 -048.3789 +051.6029 0
L1 01    320 +016.0282 +000.1641 +001.3483 -092.5371 +003.0271 +002.2140 0
L1 02    320 +007.1368 +005.8793 +001.6817 -119.7971 +003.4802 -128.8781 0
L1 03    320 +016.1404 -000.5949 -000.8294 -090.7645 +004.4111 +092.3422 0
L1 04    320 +008.4601 +010.6748 +001.8058 -055.5499 -000.1777 +000.5412 0
L1 05    320 +014.3923 +009.9667 +001.9698 -108.7497 +000.9395 -011.4464 0
L1 06    320 +014.3229 +001.4459 -000.4221 +168.9814 +002.3646 -122.8005 0
L1 07    320 +012.9139 +000.2627 -000.2353 +135.1963 +024.3094 +155.7128 0
L1 08    320 +012.9351 -000.6054 -001.5573 +179.1008 -048.3785 +051.6030 0
L1 01    324 +016.0282 +000.1638 +001.3482 -092.5400 +003.0270 +002.2128 0
L1 02    324 +007.1368 +005.8794 +001.6817 -119.7970 +003.4804 -128.8779 0
L1 03    324 +016.1404 -000.5949 -000.8293 -090.7645 +004.4107 +092.3423 0
L1 04    324 +008.4600 +010.6749 +001.8058 -055.5494 -000.1777 +000.5415 0
L1 05    324 +014.3924 +009.9665 +001.9699 -108.7512 +000.9392 -011.4467 0
L1 06    324 +014.3229 +001.4459 -000.4222 +168.9822 +002.3647 -122.8001 0
L1 07    324 +012.9139 +000.2627 -000.2352 +135.1974 +024.3090 +155.7120 0
L1 08    324 +012.9351 -000.6054 -001.5573 +179.1004 -048.3786 +051.6036 0
L1 01    328 +016.0282 +000.1639 +001.3482 -092.5412 +003.0276 +002.2124 0
L1 02    328 +007.1368 +005.8794 +001.6817 -119.7970 +003.4804 -128.8779 0
L1 03    328 +016.1404 -000.5950 -000.8293 -090.7656 +004.4111 +092.3426 0
L1 04    328 +008.4600 +010.6749 +001.8058 -055.5495 -000.1778 +000.5412 0
L1 05    328 +014.3921 +009.9667 +001.9703 -108.7487 +000.9407 -011.4443 0
L1 06    328 +014.3230 +001.4458 -000.4221 +168.9810 +002.3656 -122.8005 0
L1 07    328 +012.9139 +000.2626 -000.2353 +135.1968 +024.3084 +155.7130 0
L1 08    328 +012.9351 -000.6055 -001.5573 +179.0997 -048.3780 +051.6038 0
L1 01    332 +016.0282 +000.1640 +001.3483 -092.5418 +003.0278 +002.2133 0
L1 02    332 +007.1368 +005.8793 +001.6817 -119.7971 +003.4804 -128.8778 0
L1 03    332 +016.1404 -000.5949 -000.8293 -090.7642 +004.4108 +092.3425 0
L1 04    332 +008.4600 +010.6749 +001.8058 -055.5491 -000.1780 +000.5407 0
L1 05    332 +014.3924 +009.9665 +001.9698 -108.7501 +000.9385 -011.4468 0
L1 06    332 +014.3229 +001.4458 -000.4221 +168.9811 +002.3646 -122.8001 0
L1 07    332 +012.9139 +000.2626 -000.2354 +135.1972 +024.3067 +155.7136 0
L1 08    332 +012.9351 -000.6054 -001.5572 +179.1000 -048.3779 +051.6040 0
L1 01    336 +016.0282 +000.1640 +001.3481 -092.5434 +003.0279 +002.2116 0
L1 02    336 +007.1368 +005.8793 +001.6817 -119.7973 +003.4804 -128.8778 0
L1 03    336 +016.1404 -000.5950 -000.8295 -090.7657 +004.4108 +092.3410 0
L1 04    336 +008.4601 +010.6748 +001.8058 -055.5498 -000.1779 +000.5409 0
L1 05    336 +014.3924 +009.9664 +001.9697 -108.7506 +000.9384 -011.4479 0
L1 06    336 +014.3229 +001.4457 -000.4221 +168.9806 +002.3644 -122.8000 0
L1 07    336 +012.9139 +000.2625 -000.2353 +135.1970 +024.3066 +155.7137 0
L1 08    336 +012.9351 -000.6054 -001.5572 +179.0991 -048.3779 +051.6048 0
L1 01    340 +016.0281 +000.1641 +001.3482 -092.5432 +003.0276 +002.2121 0
L1 02    340 +007.1368 +005.8794 +001.6817 -119.7970 +003.4802 -128.8777 0
L1 03    340 +016.1404 -000.5950 -000.8295 -090.7648 +004.4107 +092.3410 0
L1 04    340 +008.4601 +010.6748 +001.8058 -055.5498 -000.1779 +000.5414 0
L1 05    340 +014.3923 +009.9670 +001.9689 -108.7477 +000.9342 -011.4493 0
L1 06    340 +014.3229 +001.4457 -000.4221 +168.9812 +002.3644 -122.8002 0
L1 07    340 +012.9139 +000.2624 -000.2352 +135.1979 +024.3075 +155.7135 0
L1 08    340 +012.9351 -000.6054 -001.5572 +179.0995 -048.3778 +051.6046 0
L1 01    344 +016.0281 +000.1643 +001.3481 -092.5428 +003.0288 +002.2116 0
L1 02    344 +007.1368 +005.8794 +001.6817 -119.7967 +003.4803 -128.8777 0
L1 03    344 +016.1404 -000.5950 -000.8295 -090.7640 +004.4111 +092.3408 0
L1 04    344 +008.4600 +010.6749 +001.8058 -055.5489 -000.1785 +000.5411 0
L1 05    344 +014.3920 +009.9673 +001.9695 -108.7453 +000.9370 -011.4483 0
L1 06    344 +014.3229 +001.4459 -000.4222 +168.9827 +002.3640 -122.8009 0
L1 07    344 +012.9139 +000.2626 -000.2353 +135.2015 +024.3058 +155.7144 0
L1 08    344 +012.9351 -000.6054 -001.5572 +179.1011 -048.3777 +051.6044 0
L1 01    348 +016.0282 +000.1644 +001.3481 -092.5434 +003.0291 +002.2119 0
L1 02    348 +007.1368 +005.8793 +001.6817 -119.7971 +003.4803 -128.8778 0
L1 03    348 +016.1404 -000.5950 -000.8295 -090.7634 +004.4105 +092.3413 0
L1 04    348 +008.4599 +010.6750 +001.8058 -055.5485 -000.1786 +000.5409 0
L1 05    348 +014.3923 +009.9668 +001.9699 -108.7480 +000.9382 -011.4469 0
L1 06    348 +014.3228 +001.4460 -000.4222 +168.9834 +002.3641 -122.8008 0
L1 07    348 +012.9139 +000.2625 -000.2353 +135.2005 +024.3035 +155.7140 0
L1 08    348 +012.9351 -000.6053 -001.5572 +179.1016 -048.3769 +051.6050 0
L1 01    352 +016.0281 +000.1642 +001.3483 -092.5452 +003.0293 +002.2135 0
L1 02    352 +007.1368 +005.8793 +001.6817 -119.7970 +003.4803 -128.8779 0
L1 03    352 +016.1404 -000.5950 -000.8294 -090.7635 +004.4105 +092.3419 0
L1 04    352 +008.4600 +010.6749 +001.8059 -055.5492 -000.1781 +000.5414 0
L1 05    352 +014.3922 +009.9668 +001.9699 -108.7477 +000.9387 -011.4471 0
L1 06    352 +014.3229 +001.4458 -000.4221 +168.9818 +002.3646 -122.8016 0
L1 07    352 +012.9139 +000.2624 -000.2352 +135.1992 +024.3031 +155.7123 0
L1 08    352 +012.9351 -000.6053 -001.5572 +179.1014 -048.3764 +051.6046 0
L1 01    356 +016.0281 +000.1642 +001.3483 -092.5476 +003.0292 +002.2139 0
L1 02    356 +007.1368 +005.8793 +001.6817 -119.7972 +003.4806 -128.8779 0
L1 03    356 +016.1404 -000.5951 -000.8294 -090.7647 +004.4099 +092.3419 0
L1 04    356 +008.4600 +010.6749 +001.8058 -055.5496 -000.1779 +000.5411 0
L1 05    356 +014.3923 +009.9667 +001.9698 -108.7494 +000.9392 -011.4474 0
L1 06    356 +014.3229 +001.4459 -000.4222 +168.9827 +002.3645 -122.8006 0
L1 07    356 +012.9139 +000.2625 -000.2354 +135.2006 +024.3020 +155.7140 0
L1 08    356 +012.9351 -000.6054 -001.5572 +179.1003 -048.3763 +051.6057 0
L1 01    360 +016.0281 +000.1641 +001.3482 -092.5506 +003.0300 +002.2124 0
L1 02    360 +007.1368 +005.8793 +001.6817 -119.7971 +003.4805 -128.8779 0
L1 03    360 +016.1404 -000.5952 -000.8294 -090.7659 +004.4103 +092.3415 0
L1 04    360 +008.4601 +010.6748 +001.8058 -055.5499 -000.1778 +000.5411 0
L1 05    360 +014.3922 +009.9666 +001.9695 -108.7494 +000.9385 -011.4487 0
L1 06    360 +014.3228 +001.4458 -000.4221 +168.9813 +002.3649 -122.8008 0
L1 07    360 +012.9139 +000.2625 -000.2353 +135.2006 +024.3021 +155.7137 0
L1 08    360 +012.9351 -000.6054 -001.5573 +179.0999 -048.3772 +051.6058 0
L1 01    364 +016.0281 +000.1641 +001.3483 -092.5494 +003.0299 +002.2143 0
L1 02    364 +007.1368 +005.8793 +001.6817 -119.7971 +003.4804 -128.8777 0
L1 03    364 +016.1403 -000.5949 -000.8295 -090.7638 +004.4108 +092.3414 0
L1 04    364 +008.4600 +010.6749 +001.8058 -055.5487 -000.1781 +000.5413 0
L1 05    364 +014.3920 +009.9670 +001.9696 -108.7461 +000.9378 -011.4477 0
L1 06    364 +014.3228 +001.4460 -000.4221 +168.9831 +002.3646 -122.8011 0
L1 07    364 +012.9139 +000.2625 -000.2352 +135.2020 +024.3026 +155.7132 0
L1 08    364 +012.9351 -000.6054 -001.5573 +179.1006 -048.3773 +051.6057 0
L1 01    368 +016.0281 +000.1641 +001.3481 -092.5510 +003.0297 +002.2109 0
L1 02    368 +007.1368 +005.8794 +001.6817 -119.7970 +003.4802 -128.8778 0
L1 03    368 +016.1404 -000.5948 -000.8295 -090.7624 +004.4109 +092.3409 0
L1 04    368 +008.4599 +010.6750 +001.8058 -055.5483 -000.1785 +000.5410 0
L1 05    368 +014.3921 +009.9670 +001.9699 -108.7457 +000.9383 -011.4464 0
L1 06    368 +014.3228 +001.4458 -000.4222 +168.9828 +002.3639 -122.8011 0
L1 07    368 +012.9139 +000.2625 -000.2350 +135.2027 +024.3021 +155.7119 0
L1 08    368 +012.9350 -000.6054 -001.5573 +179.1010 -048.3771 +051.6057 0
L1 01    372 +016.0281 +000.1643 +001.3483 -092.5498 +003.0303 +002.2129 0
L1 02    372 +007.1368 +005.8794 +001.6817 -119.7964 +003.4802 -128.8776 0
L1 03    372 +016.1404 -000.5948 -000.8294 -090.7622 +004.4110 +092.3416 0
L1 04    372 +008.4599 +010.6750 +001.8058 -055.5481 -000.1782 +000.5412 0
L1 05    372 +014.3917 +009.9675 +001.9699 -108.7435 +000.9387 -011.4468 0
L1 06    372 +014.3228 +001.4458 -000.4220 +168.9833 +002.3642 -122.8011 0
L1 07    372 +012.9139 +000.2626 -000.2353 +135.2036 +024.2986 +155.7136 0
L1 08    372 +012.9351 -000.6053 -001.5573 +179.1022 -048.3769 +051.6054 0
L1 01    376 +016.0281 +000.1643 +001.3483 -092.5513 +003.0304 +002.2133 0
L1 02    376 +007.1368 +005.8794 +001.6817 -119.7967 +003.4804 -128.8777 0
L1 03    376 +016.1404 -000.5949 -000.8293 -090.7626 +004.4109 +092.3425 0
L1 04    376 +008.4599 +010.6750 +001.8059 -055.5480 -000.1781 +000.5415 0
L1 05    376 +014.3918 +009.9673 +001.9702 -108.7447 +000.9406 -011.4466 0
L1 06    376 +014.3228 +001.4460 -000.4222 +168.9845 +002.3637 -122.8008 0
L1 07    376 +012.9138 +000.2625 -000.2354 +135.2027 +024.2972 +155.7141 0
L1 08    376 +012.9351 -000.6053 -001.5572 +179.1015 -048.3757 +051.6060 0
L1 01    380 +016.0281 +000.1640 +001.3485 -092.5576 +003.0310 +002.2155 0
L1 02    380 +007.1368 +005.8794 +001.6817 -119.7969 +003.4803 -128.8780 0
L1 03    380 +016.1404 -000.5951 -000.8294 -090.7651 +004.4105 +092.3424 0
L1 04    380 +008.4600 +010.6749 +001.8059 -055.5491 -000.1777 +000.5416 0
L1 05    380 +014.3921 +009.9668 +001.9702 -108.7480 +000.9408 -011.4464 0
L1 06    380 +014.3228 +001.4459 -000.4221 +168.9829 +002.3644 -122.8008 0
L1 07    380 +012.9139 +000.2623 -000.2354 +135.2009 +024.2976 +155.7136 0
L1 08    380 +012.9351 -000.6054 -001.5572 +179.0995 -048.3756 +051.6068 0
L1 01    384 +016.0281 +000.1637 +001.3484 -092.5600 +003.0307 +002.2157 0
L1 02    384 +007.1368 +005.8793 +001.6817 -119.7979 +003.4799 -128.8783 0
L1 03    384 +016.1403 -000.5949 -000.8293 -090.7637 +004.4105 +092.3428 0
L1 04    384 +008.4601 +010.6748 +001.8059 -055.5499 -000.1776 +000.5417 0
L1 05    384 +014.3924 +009.9664 +001.9702 -108.7502 +000.9406 -011.4461 0
L1 06    384 +014.3228 +001.4458 -000.4225 +168.9814 +002.3605 -122.8000 0
L1 07    384 +012.9139 +000.2621 -000.2353 +135.2000 +024.2968 +155.7133 0
L1 08    384 +012.9351 -000.6055 -001.5572 +179.0985 -048.3756 +051.6068 0
L1 01    388 +016.0281 +000.1639 +001.3484 -092.5579 +003.0316 +002.2145 0
L1 02    388 +007.1368 +005.8794 +001.6817 -119.7969 +003.4801 -128.8781 0
L1 03    388 +016.1403 -000.5949 -000.8293 -090.7634 +004.4104 +092.3421 0
L1 04    388 +008.4600 +010.6749 +001.8059 -055.5492 -000.1778 +000.5418 0
L1 05    388 +014.3922 +009.9668 +001.9699 -108.7499 +000.9404 -011.4461 0
L1 06    388 +014.3228 +001.4459 -000.4224 +168.9827 +002.3621 -122.8009 0
L1 07    388 +012.9139 +000.2624 -000.2353 +135.2032 +024.2965 +155.7138 0
L1 08    388 +012.9351 -000.6054 -001.5573 +179.1005 -048.3762 +051.6062 0
L1 01    392 +016.0281 +000.1640 +001.3482 -092.5585 +003.0309 +002.2117 0
L1 02    392 +007.1368 +005.8794 +001.6817 -119.7972 +003.4799 -128.8779 0
L1 03    392 +016.1404 -000.5949 -000.8294 -090.7636 +004.4106 +092.3416 0
L1 04    392 +008.4600 +010.6749 +001.8059 -055.5491 -000.1779 +000.5417 0
L1 05    392 +014.3920 +009.9670 +001.9697 -108.7470 +000.9382 -011.4467 0
L1 06    392 +014.3228 +001.4459 -000.4223 +168.9827 +002.3629 -122.8018 0
L1 07    392 +012.9139 +000.2625 -000.2354 +135.2052 +024.2940 +155.7147 0
L1 08    392 +012.9351 -000.6054 -001.5572 +179.1001 -048.3759 +051.6065 0
L1 01    396 +016.0281 +000.1641 +001.3481 -092.5591 +003.0308 +002.2115 0
L1 02    396 +007.1368 +005.8794 +001.6817 -119.7970 +003.4802 -128.8778 0
L1 03    396 +016.1404 -000.5949 -000.8294 -090.7630 +004.4105 +092.3422 0
L1 04    396 +008.4599 +010.6750 +001.8058 -055.5488 -000.1781 +000.5414 0
L1 05    396 +014.3919 +009.9671 +001.9701 -108.7468 +000.9404 -011.4461 0
L1 06    396 +014.3229 +001.4458 -000.4223 +168.9823 +002.3629 -122.8009 0
L1 07    396 +012.9139 +000.2626 -000.2353 +135.2051 +024.2939 +155.7130 0
L1 08    396 +012.9351 -000.6054 -001.5573 +179.0998 -048.3759 +051.6065 0
L1 01    400 +016.0281 +000.1641 +001.3482 -092.5607 +003.0311 +002.2124 0
L1 02    400 +007.1368 +005.8794 +001.6817 -119.7969 +003.4804 -128.8777 0
L1 03    400 +016.1404 -000.5950 -000.8293 -090.7640 +004.4102 +092.3427 0
L1 04    400 +008.4600 +010.6749 +001.8058 -055.5492 -000.1782 +000.5414 0
L1 05    400 +014.3922 +009.9670 +001.9695 -108.7487 +000.9380 -011.4479 0
L1 06    400 +014.3229 +001.4458 -000.4221 +168.9819 +002.3644 -122.8006 0
L1 07    400 +012.9139 +000.2627 -000.2353 +135.2056 +024.2935 +155.7137 0
L1 08    400 +012.9351 -000.6055 -001.5572 +179.0985 -048.3753 +051.6071 0
L1 01    404 +016.0281 +000.1639 +001.3481 -092.5671 +003.0321 +002.2110 0
L1 02    404 +007.1368 +005.8793 +001.6817 -119.7974 +003.4803 -128.8778 0
L1 03    404 +016.1404 -000.5951 -000.8293 -090.7658 +004.4101 +092.3420 0
L1 04    404 +008.4603 +010.6747 +001.8057 -055.5515 -000.1778 +000.5407 0
L1 05    404 +014.3923 +009.9666 +001.9695 -108.7506 +000.9379 -011.4489 0
L1 06    404 +014.3229 +001.4458 -000.4221 +168.9814 +002.3649 -122.8007 0
L1 07    404 +012.9139 +000.2626 -000.2354 +135.2046 +024.2926 +155.7145 0
L1 08    404 +012.9350 -000.6055 -001.5573 +179.0974 -048.3760 +051.6080 0
L1 01    408 +016.0281 +000.1641 +001.3484 -092.5646 +003.0327 +002.2148 0
L1 02    408 +007.1368 +005.8793 +001.6817 -119.7971 +003.4803 -128.8778 0
L1 03    408 +016.1404 -000.5951 -000.8292 -090.7656 +004.4099 +092.3432 0
L1 04    408 +008.4600 +010.6749 +001.8058 -055.5495 -000.1777 +000.5407 0
L1 05    408 +014.3923 +009.9667 +001.9694 -108.7496 +000.9374 -011.4489 0
L1 06    408 +014.3229 +001.4459 -000.4222 +168.9821 +002.3639 -122.8006 0
L1 07    408 +012.9139 +000.2625 -000.2354 +135.2049 +024.2917 +155.7150 0
L1 08    408 +012.9351 -000.6054 -001.5572 +179.0980 -048.3753 +051.6080 0
L1 01    412 +016.0281 +000.1638 +001.3483 -092.5676 +003.0316 +002.2136 0
L1 02    412 +007.1368 +005.8793 +001.6817 -119.7972 +003.4802 -128.8779 0
L1 03    412 +016.1403 -000.5951 -000.8293 -090.7659 +004.4096 +092.3421 0
L1 04    412 +008.4601 +010.6748 +001.8058 -055.5500 -000.1777 +000.5411 0
L1 05    412 +014.3923 +009.9667 +001.9695 -108.7498 +000.9377 -011.4494 0
L1 06    412 +014.3229 +001.4459 -000.4222 +168.9820 +002.3636 -122.8010 0
L1 07    412 +012.9139 +000.2625 -000.2352 +135.2045 +024.2907 +155.7136 0
L1 08    412 +012.9350 -000.6055 -001.5573 +179.0971 -048.3756 +051.6085 0
L1 01    416 +016.0280 +000.1639 +001.3481 -092.5674 +003.0320 +002.2113 0
L1 02    416 +007.1367 +005.8794 +001.6817 -119.7962 +003.4802 -128.8777 0
L1 03    416 +016.1404 -000.5950 -000.8294 -090.7647 +004.4101 +092.3414 0
L1 04    416 +008.4599 +010.6749 +001.8058 -055.5487 -000.1781 +000.5414 0
L1 05    416 +014.3922 +009.9667 +001.9698 -108.7483 +000.9389 -011.4484 0
L1 06    416 +014.3229 +001.4458 -000.4224 +168.9824 +002.3627 -122.8009 0
L1 07    416 +012.9139 +000.2625 -000.2352 +135.2053 +024.2897 +155.7130 0
L1 08    416 +012.9350 -000.6053 -001.5573 +179.0986 -048.3757 +051.6079 0
L1 01    420 +016.0281 +000.1640 +001.3483 -092.5678 +003.0322 +002.2128 0
L1 02    420 +007.1368 +005.8793 +001.6817 -119.7972 +003.4805 -128.8778 0
L1 03    420 +016.1404 -000.5950 -000.8294 -090.7651 +004.4106 +092.3415 0
L1 04    420 +008.4601 +010.6749 +001.8059 -055.5497 -000.1776 +000.5415 0
L1 05    420 +014.3926 +009.9663 +001.9699 -108.7524 +000.9403 -011.4493 0
L1 06    420 +014.3228 +001.4459 -000.4223 +168.9823 +002.3627 -122.8012 0
L1 07    420 +012.9139 +000.2625 -000.2353 +135.2058 +024.2892 +155.7143 0
L1 08    420 +012.9350 -000.6054 -001.5572 +179.0980 -048.3752 +051.6081 0
L1 01    424 +016.0281 +000.1641 +001.3481 -092.5680 +003.0317 +002.2117 0
L1 02    424 +007.1368 +005.8794 +001.6817 -119.7969 +003.4805 -128.8777 0
L1 03    424 +016.1403 -000.5948 -000.8293 -090.7631 +004.4100 +092.3419 0
L1 04    424 +008.4600 +010.6749 +001.8059 -055.5494 -000.1781 +000.5416 0
L1 05    424 +014.3923 +009.9667 +001.9696 -108.7487 +000.9380 -011.4491 0
L1 06    424 +014.3229 +001.4458 -000.4224 +168.9816 +002.3624 -122.8012 0
L1 07    424 +012.9139 +000.2625 -000.2352 +135.2076 +024.2889 +155.7141 0
L1 08    424 +012.9350 -000.6054 -001.5573 +179.0981 -048.3752 +051.6084 0
L1 01    428 +016.0281 +000.1640 +001.3482 -092.5694 +003.0318 +002.2123 0
L1 02    428 +007.1368 +005.8794 +001.6817 -119.7967 +003.4803 -128.8778 0
L1 03    428 +016.1404 -000.5948 -000.8294 -090.7635 +004.4099 +092.3417 0
L1 04    428 +008.4600 +010.6750 +001.8058 -055.5487 -000.1783 +000.5407 0
L1 05    428 +014.3920 +009.9670 +001.9702 -108.7458 +000.9401 -011.4459 0
L1 06    428 +014.3229 +001.4460 -000.4222 +168.9827 +002.3635 -122.8023 0
L1 07    428 +012.9139 +000.2626 -000.2351 +135.2076 +024.2881 +155.7129 0
L1 08    428 +012.9350 -000.6054 -001.5572 +179.0976 -048.3747 +051.6087 0
L1 01    432 +016.0281 +000.1641 +001.3483 -092.5702 +003.0326 +002.2129 0
L1 02    432 +007.1368 +005.8794 +001.6817 -119.7968 +003.4802 -128.8778 0
L1 03    432 +016.1404 -000.5949 -000.8294 -090.7642 +004.4098 +092.3414 0
L1 04    432 +008.4600 +010.6749 +001.8058 -055.5493 -000.1781 +000.5411 0
L1 05    432 +014.3923 +009.9668 +001.9695 -108.7487 +000.9372 -011.4485 0
L1 06    432 +014.3229 +001.4459 -000.4221 +168.9824 +002.3638 -122.8020 0
L1 07    432 +012.9139 +000.2625 -000.2352 +135.2076 +024.2871 +155.7142 0
L1 08    432 +012.9350 -000.6054 -001.5572 +179.0973 -048.3748 +051.6093 0
L1 01    436 +016.0281 +000.1640 +001.3484 -092.5717 +003.0323 +002.2136 0
L1 02    436 +007.1368 +005.8794 +001.6817 -119.7968 +003.4802 -128.8776 0
L1 03    436 +016.1403 -000.5949 -000.8294 -090.7637 +004.4093 +092.3415 0
L1 04    436 +008.4600 +010.6750 +001.8058 -055.5486 -000.1783 +000.5410 0
L1 05    436 +014.3919 +009.9672 +001.9701 -108.7460 +000.9397 -011.4454 0
L1 06    436 +014.3228 +001.4459 -000.4222 +168.9825 +002.3636 -122.8009 0
L1 07    436 +012.9139 +000.2624 -000.2352 +135.2067 +024.2869 +155.7140 0
L1 08    436 +012.9351 -000.6054 -001.5572 +179.0971 -048.3741 +051.6099 0
L1 01    440 +016.0281 +000.1641 +001.3483 -092.5725 +003.0329 +002.2127 0
L1 02    440 +007.1368 +005.8794 +001.6817 -119.7969 +003.4804 -128.8777 0
L1 03    440 +016.1404 -000.5949 -000.8293 -090.7638 +004.4092 +092.3425 0
L1 04    440 +008.4599 +010.6750 +001.8058 -055.5486 -000.1785 +000.5411 0
L1 05    440 +014.3922 +009.9668 +001.9701 -108.7479 +000.9401 -011.4461 0
L1 06    440 +014.3228 +001.4460 -000.4223 +168.9828 +002.3633 -122.8016 0
L1 07    440 +012.9139 +000.2625 -000.2352 +135.2067 +024.2859 +155.7129 0
L1 08    440 +012.9351 -000.6054 -001.5572 +179.0976 -048.3739 +051.6094 0
