L1 01      5 +012.1102 +004.2467 +001.3173 +091.3723 +001.7799 +000.8249 0
L1 02      5 +007.1369 +005.8794 +001.6822 -119.7975 +003.4934 -128.8825 0
L1 03      5 +012.0517 +005.0416 -000.8572 +089.4176 +004.1981 +091.2097 0
L1 04      5 +008.4744 +010.6726 +001.8065 -055.7419 +000.7122 +000.5966 0
L1 05      5 +014.3888 +009.9618 +001.9688 -107.9915 +002.4031 -008.4088 0
L1 06      5 +013.8991 +002.9899 -000.4247 -011.6495 +003.1421 -122.1668 0
L1 07      5 +015.4580 +003.9804 -000.3636 -058.9116 +033.7700 +149.0285 0
L1 08      5 +015.7303 +004.9320 -001.2579 -072.7943 -048.7154 +103.1982 0
L1 01      9 +012.1102 +004.2467 +001.3173 +091.3729 +001.7798 +000.8249 0
L1 02      9 +007.1369 +005.8795 +001.6822 -119.7971 +003.4932 -128.8824 0
L1 03      9 +012.0517 +005.0416 -000.8572 +089.4176 +004.1982 +091.2099 0
L1 04      9 +008.4744 +010.6726 +001.8064 -055.7414 +000.7121 +000.5966 0
L1 05      9 +014.3888 +009.9619 +001.9690 -107.9904 +002.4049 -008.4060 0
L1 06      9 +013.8991 +002.9899 -000.4247 -011.6490 +003.1438 -122.1667 0
L1 07      9 +015.4579 +003.9807 -000.3634 -058.9088 +033.7696 +149.0293 0
L1 08      9 +015.7302 +004.9322 -001.2579 -072.7937 -048.7146 +103.1988 0
L1 01     13 +012.1102 +004.2466 +001.3174 +091.3723 +001.7787 +000.8244 0
L1 02     13 +007.1369 +005.8795 +001.6822 -119.7971 +003.4932 -128.8824 0
L1 03     13 +012.0517 +005.0416 -000.8572 +089.4180 +004.1983 +091.2098 0
L1 04     13 +008.4744 +010.6727 +001.8065 -055.7413 +000.7128 +000.5969 0
L1 05     13 +014.3886 +009.9620 +001.9687 -107.9909 +002.4056 -008.4051 0
L1 06     13 +013.8991 +002.9898 -000.4248 -011.6514 +003.1455 -122.1677 0
L1 07     13 +015.4580 +003.9803 -000.3635 -058.9120 +033.7694 +149.0291 0
L1 08     13 +015.7303 +004.9319 -001.2578 -072.7957 -048.7150 +103.1994 0
L1 01     17 +012.1102 +004.2467 +001.3175 +091.3730 +001.7790 +000.8233 0
L1 02     17 +007.1369 +005.8795 +001.6822 -119.7974 +003.4930 -128.8826 0
L1 03     17 +012.0517 +005.0415 -000.8572 +089.4173 +004.1988 +091.2098 0
L1 04     17 +008.4743 +010.6727 +001.8065 -055.7406 +000.7125 +000.5971 0
L1 05     17 +014.3885 +009.9622 +001.9687 -107.9896 +002.4036 -008.4049 0
L1 06     17 +013.8990 +002.9902 -000.4250 -011.6479 +003.1476 -122.1675 0
L1 07     17 +015.4579 +003.9807 -000.3638 -058.9095 +033.7702 +149.0268 0
L1 08     17 +015.7303 +004.9320 -001.2579 -072.7933 -048.7143 +103.1978 0
L1 01     21 +012.1102 +004.2467 +001.3174 +091.3743 +001.7791 +000.8245 0
L1 02     21 +007.1369 +005.8795 +001.6822 -119.7973 +003.4933 -128.8826 0
L1 03     21 +012.0517 +005.0416 -000.8572 +089.4181 +004.1988 +091.2096 0
L1 04     21 +008.4743 +010.6727 +001.8065 -055.7409 +000.7120 +000.5971 0
L1 05     21 +014.3883 +009.9625 +001.9687 -107.9881 +002.4015 -008.4063 0
L1 06     21 +013.8990 +002.9902 -000.4248 -011.6490 +003.1461 -122.1652 0
L1 07     21 +015.4579 +003.9808 -000.3636 -058.9089 +033.7706 +149.0276 0
L1 08     21 +015.7303 +004.9320 -001.2580 -072.7933 -048.7143 +103.1981 0
L1 01     25 +012.1102 +004.2467 +001.3174 +091.3753 +001.7790 +000.8241 0
L1 02     25 +007.1369 +005.8795 +001.6822 -119.7971 +003.4933 -128.8825 0
L1 03     25 +012.0517 +005.0417 -000.8572 +089.4192 +004.1989 +091.2093 0
L1 04     25 +008.4743 +010.6727 +001.8066 -055.7404 +000.7118 +000.5972 0
L1 05     25 +014.3884 +009.9624 +001.9688 -107.9890 +002.4020 -008.4075 0
L1 06     25 +013.8990 +002.9902 -000.4247 -011.6488 +003.1462 -122.1657 0
L1 07     25 +015.4579 +003.9808 -000.3631 -058.9058 +033.7704 +149.0321 0
L1 08     25 +015.7302 +004.9321 -001.2579 -072.7929 -048.7145 +103.1992 0
L1 01     29 +012.1102 +004.2467 +001.3173 +091.3757 +001.7793 +000.8251 0
L1 02     29 +007.1369 +005.8795 +001.6822 -119.7971 +003.4933 -128.8826 0
L1 03     29 +012.0516 +005.0417 -000.8572 +089.4193 +004.2000 +091.2097 0
L1 04     29 +008.4743 +010.6727 +001.8065 -055.7403 +000.7122 +000.5969 0
L1 05     29 +014.3883 +009.9623 +001.9688 -107.9876 +002.4031 -008.4061 0
L1 06     29 +013.8990 +002.9902 -000.4247 -011.6501 +003.1479 -122.1651 0
L1 07     29 +015.4579 +003.9808 -000.3633 -058.9069 +033.7707 +149.0304 0
L1 08     29 +015.7303 +004.9320 -001.2578 -072.7944 -048.7144 +103.1999 0
L1 01     33 +012.1102 +004.2468 +001.3173 +091.3764 +001.7790 +000.8251 0
L1 02     33 +007.1369 +005.8795 +001.6822 -119.7970 +003.4934 -128.8826 0
L1 03     33 +012.0516 +005.0418 -000.8572 +089.4199 +004.2000 +091.2099 0
L1 04     33 +008.4742 +010.6728 +001.8065 -055.7399 +000.7126 +000.5969 0
L1 05     33 +014.3884 +009.9625 +001.9686 -107.9864 +002.4028 -008.4059 0
L1 06     33 +013.8990 +002.9901 -000.4248 -011.6511 +003.1497 -122.1656 0
L1 07     33 +015.4579 +003.9809 -000.3637 -058.9079 +033.7717 +149.0275 0
L1 08     33 +015.7303 +004.9322 -001.2579 -072.7918 -048.7140 +103.1985 0
L1 01     37 +012.1102 +004.2467 +001.3174 +091.3751 +001.7781 +000.8240 0
L1 02     37 +007.1369 +005.8795 +001.6822 -119.7968 +003.4931 -128.8825 0
L1 03     37 +012.0517 +005.0417 -000.8571 +089.4190 +004.2000 +091.2098 0
L1 04     37 +008.4742 +010.6728 +001.8065 -055.7396 +000.7124 +000.5971 0
L1 05     37 +014.3884 +009.9624 +001.9688 -107.9862 +002.4042 -008.4043 0
L1 06     37 +013.8990 +002.9900 -000.4249 -011.6522 +003.1525 -122.1662 0
L1 07     37 +015.4578 +003.9808 -000.3636 -058.9088 +033.7705 +149.0278 0
L1 08     37 +015.7303 +004.9321 -001.2579 -072.7916 -048.7143 +103.1979 0
L1 01     41 +012.1102 +004.2465 +001.3175 +091.3727 +001.7760 +000.8234 0
L1 02     41 +007.1369 +005.8795 +001.6822 -119.7971 +003.4931 -128.8826 0
L1 03     41 +012.0517 +005.0417 -000.8571 +089.4182 +004.2002 +091.2095 0
L1 04     41 +008.4742 +010.6727 +001.8065 -055.7402 +000.7125 +000.5973 0
L1 05     41 +014.3887 +009.9619 +001.9689 -107.9918 +002.4050 -008.4066 0
L1 06     41 +013.8990 +002.9900 -000.4249 -011.6527 +003.1534 -122.1660 0
L1 07     41 +015.4579 +003.9806 -000.3638 -058.9114 +033.7711 +149.0260 0
L1 08     41 +015.7303 +004.9319 -001.2579 -072.7936 -048.7146 +103.1979 0
L1 01     45 +012.1102 +004.2466 +001.3174 +091.3752 +001.7774 +000.8250 0
L1 02     45 +007.1369 +005.8795 +001.6822 -119.7973 +003.4932 -128.8826 0
L1 03     45 +012.0517 +005.0417 -000.8572 +089.4190 +004.2009 +091.2101 0
L1 04     45 +008.4742 +010.6727 +001.8065 -055.7400 +000.7122 +000.5972 0
L1 05     45 +014.3884 +009.9624 +001.9691 -107.9884 +002.4045 -008.4057 0
L1 06     45 +013.8991 +002.9899 -000.4249 -011.6544 +003.1529 -122.1654 0
L1 07     45 +015.4580 +003.9806 -000.3634 -058.9093 +033.7711 +149.0297 0
L1 08     45 +015.7304 +004.9319 -001.2578 -072.7952 -048.7143 +103.2000 0
L1 01     49 +012.1101 +004.2468 +001.3171 +091.3779 +001.7795 +000.8287 0
L1 02     49 +007.1369 +005.8795 +001.6822 -119.7970 +003.4933 -128.8824 0
L1 03     49 +012.0516 +005.0417 -000.8573 +089.4196 +004.2020 +091.2105 0
L1 04     49 +008.4743 +010.6727 +001.8065 -055.7401 +000.7118 +000.5968 0
L1 05     49 +014.3885 +009.9621 +001.9686 -107.9894 +002.3986 -008.4094 0
L1 06     49 +013.8991 +002.9899 -000.4247 -011.6541 +003.1519 -122.1651 0
L1 07     49 +015.4579 +003.9805 -000.3636 -058.9094 +033.7718 +149.0294 0
L1 08     49 +015.7303 +004.9320 -001.2577 -072.7948 -048.7139 +103.2008 0
L1 01     53 +012.1101 +004.2468 +001.3173 +091.3781 +001.7795 +000.8264 0
L1 02     53 +007.1369 +005.8795 +001.6822 -119.7972 +003.4931 -128.8824 0
L1 03     53 +012.0517 +005.0417 -000.8572 +089.4195 +004.2027 +091.2103 0
L1 04     53 +008.4742 +010.6728 +001.8065 -055.7399 +000.7115 +000.5970 0
L1 05     53 +014.3886 +009.9619 +001.9685 -107.9926 +002.3931 -008.4134 0
L1 06     53 +013.8991 +002.9899 -000.4247 -011.6552 +003.1533 -122.1650 0
L1 07     53 +015.4579 +003.9808 -000.3636 -058.9074 +033.7725 +149.0294 0
L1 08     53 +015.7303 +004.9322 -001.2578 -072.7926 -048.7140 +103.2002 0
L1 01     57 +012.1102 +004.2467 +001.3173 +091.3768 +001.7778 +000.8260 0
L1 02     57 +007.1369 +005.8794 +001.6822 -119.7974 +003.4932 -128.8825 0
L1 03     57 +012.0517 +005.0416 -000.8572 +089.4181 +004.2030 +091.2100 0
L1 04     57 +008.4743 +010.6727 +001.8065 -055.7406 +000.7111 +000.5966 0
L1 05     57 +014.3887 +009.9618 +001.9688 -107.9955 +002.3949 -008.4094 0
L1 06     57 +013.8991 +002.9900 -000.4247 -011.6554 +003.1547 -122.1653 0
L1 07     57 +015.4579 +003.9805 -000.3637 -058.9098 +033.7731 +149.0295 0
L1 08     57 +015.7303 +004.9320 -001.2578 -072.7936 -048.7148 +103.1994 0
L1 01     61 +012.1101 +004.2467 +001.3175 +091.3766 +001.7761 +000.8237 0
L1 02     61 +007.1369 +005.8795 +001.6822 -119.7967 +003.4932 -128.8823 0
L1 03     61 +012.0517 +005.0417 -000.8572 +089.4189 +004.2027 +091.2101 0
L1 04     61 +008.4742 +010.6729 +001.8064 -055.7383 +000.7105 +000.5967 0
L1 05     61 +014.3883 +009.9626 +001.9688 -107.9880 +002.3949 -008.4083 0
L1 06     61 +013.8990 +002.9901 -000.4248 -011.6537 +003.1566 -122.1649 0
L1 07     61 +015.4579 +003.9804 -000.3635 -058.9073 +033.7741 +149.0313 0
L1 08     61 +015.7302 +004.9323 -001.2577 -072.7911 -048.7141 +103.1998 0
L1 01     65 +012.1102 +004.2466 +001.3174 +091.3753 +001.7755 +000.8243 0
L1 02     65 +007.1369 +005.8795 +001.6822 -119.7969 +003.4933 -128.8824 0
L1 03     65 +012.0517 +005.0415 -000.8571 +089.4164 +004.2022 +091.2096 0
L1 04     65 +008.4744 +010.6726 +001.8064 -055.7414 +000.7114 +000.5965 0
L1 05     65 +014.3886 +009.9619 +001.9686 -107.9929 +002.3961 -008.4089 0
L1 06     65 +013.8991 +002.9898 -000.4249 -011.6576 +003.1576 -122.1649 0
L1 07     65 +015.4580 +003.9803 -000.3637 -058.9111 +033.7742 +149.0289 0
L1 08     65 +015.7303 +004.9319 -001.2577 -072.7949 -048.7141 +103.2005 0
L1 01     69 +012.1102 +004.2467 +001.3175 +091.3759 +001.7741 +000.8206 0
L1 02     69 +007.1369 +005.8795 +001.6822 -119.7971 +003.4933 -128.8824 0
L1 03     69 +012.0518 +005.0415 -000.8572 +089.4155 +004.2014 +091.2087 0
L1 04     69 +008.4743 +010.6727 +001.8065 -055.7410 +000.7119 +000.5975 0
L1 05     69 +014.3889 +009.9615 +001.9686 -107.9949 +002.4017 -008.4081 0
L1 06     69 +013.8990 +002.9901 -000.4248 -011.6571 +003.1590 -122.1638 0
L1 07     69 +015.4578 +003.9805 -000.3634 -058.9105 +033.7722 +149.0290 0
L1 08     69 +015.7303 +004.9321 -001.2579 -072.7941 -048.7132 +103.1994 0
L1 01     73 +012.1102 +004.2468 +001.3174 +091.3782 +001.7735 +000.8224 0
L1 02     73 +007.1369 +005.8795 +001.6822 -119.7968 +003.4932 -128.8826 0
L1 03     73 +012.0518 +005.0416 -000.8572 +089.4171 +004.2006 +091.2096 0
L1 04     73 +008.4743 +010.6727 +001.8064 -055.7402 +000.7120 +000.5967 0
L1 05     73 +014.3886 +009.9621 +001.9685 -107.9898 +002.4021 -008.4053 0
L1 06     73 +013.8990 +002.9900 -000.4248 -011.6574 +003.1585 -122.1633 0
L1 07     73 +015.4578 +003.9807 -000.3636 -058.9117 +033.7729 +149.0268 0
L1 08     73 +015.7303 +004.9321 -001.2578 -072.7945 -048.7132 +103.2005 0
L1 01     77 +012.1102 +004.2467 +001.3174 +091.3797 +001.7720 +000.8204 0
L1 02     77 +007.1369 +005.8795 +001.6821 -119.7970 +003.4929 -128.8827 0
L1 03     77 +012.0517 +005.0416 -000.8572 +089.4172 +004.2007 +091.2098 0
L1 04     77 +008.4742 +010.6728 +001.8064 -055.7399 +000.7119 +000.5967 0
L1 05     77 +014.3888 +009.9620 +001.9688 -107.9908 +002.4033 -008.4036 0
L1 06     77 +013.8991 +002.9901 -000.4248 -011.6578 +003.1599 -122.1637 0
L1 07     77 +015.4580 +003.9805 -000.3639 -058.9174 +033.7725 +149.0220 0
L1 08     77 +015.7303 +004.9321 -001.2577 -072.7942 -048.7129 +103.2008 0
L1 01     81 +012.1102 +004.2468 +001.3172 +091.3811 +001.7713 +000.8212 0
L1 02     81 +007.1369 +005.8795 +001.6822 -119.7974 +003.4932 -128.8827 0
L1 03     81 +012.0517 +005.0416 -000.8572 +089.4169 +004.2009 +091.2096 0
L1 04     81 +008.4743 +010.6727 +001.8065 -055.7406 +000.7119 +000.5968 0
L1 05     81 +014.3884 +009.9622 +001.9685 -107.9900 +002.3979 -008.4069 0
L1 06     81 +013.8992 +002.9899 -000.4247 -011.6603 +003.1600 -122.1628 0
L1 07     81 +015.4579 +003.9807 -000.3637 -058.9173 +033.7726 +149.0229 0
L1 08     81 +015.7303 +004.9321 -001.2578 -072.7946 -048.7127 +103.2003 0
L1 01     85 +012.1102 +004.2469 +001.3173 +091.3833 +001.7711 +000.8205 0
L1 02     85 +007.1368 +005.8795 +001.6822 -119.7966 +003.4933 -128.8825 0
L1 03     85 +012.0517 +005.0418 -000.8573 +089.4197 +004.2014 +091.2099 0
L1 04     85 +008.4742 +010.6728 +001.8065 -055.7390 +000.7107 +000.5969 0
L1 05     85 +014.3883 +009.9624 +001.9685 -107.9871 +002.3923 -008.4106 0
L1 06     85 +013.8990 +002.9902 -000.4248 -011.6573 +003.1616 -122.1636 0
L1 07     85 +015.4578 +003.9811 -000.3637 -058.9145 +033.7739 +149.0234 0
L1 08     85 +015.7303 +004.9322 -001.2577 -072.7929 -048.7123 +103.2011 0
L1 01     89 +012.1102 +004.2467 +001.3174 +091.3813 +001.7697 +000.8191 0
L1 02     89 +007.1369 +005.8795 +001.6822 -119.7970 +003.4933 -128.8826 0
L1 03     89 +012.0517 +005.0416 -000.8572 +089.4165 +004.2015 +091.2095 0
L1 04     89 +008.4742 +010.6727 +001.8065 -055.7399 +000.7112 +000.5965 0
L1 05     89 +014.3887 +009.9619 +001.9685 -107.9927 +002.3944 -008.4115 0
L1 06     89 +013.8990 +002.9901 -000.4250 -011.6585 +003.1641 -122.1639 0
L1 07     89 +015.4579 +003.9810 -000.3635 -058.9142 +033.7734 +149.0251 0
L1 08     89 +015.7303 +004.9322 -001.2578 -072.7931 -048.7124 +103.2003 0
L1 01     93 +012.1102 +004.2468 +001.3174 +091.3811 +001.7694 +000.8194 0
L1 02     93 +007.1369 +005.8795 +001.6822 -119.7971 +003.4933 -128.8826 0
L1 03     93 +012.0517 +005.0417 -000.8573 +089.4179 +004.2014 +091.2097 0
L1 04     93 +008.4742 +010.6728 +001.8064 -055.7399 +000.7116 +000.5962 0
L1 05     93 +014.3885 +009.9622 +001.9687 -107.9904 +002.3992 -008.4083 0
L1 06     93 +013.8991 +002.9900 -000.4249 -011.6603 +003.1642 -122.1633 0
L1 07     93 +015.4578 +003.9810 -000.3637 -058.9137 +033.7723 +149.0244 0
L1 08     93 +015.7303 +004.9322 -001.2578 -072.7937 -048.7129 +103.2011 0
L1 01     97 +012.1102 +004.2468 +001.3174 +091.3812 +001.7703 +000.8201 0
L1 02     97 +007.1369 +005.8795 +001.6822 -119.7967 +003.4933 -128.8825 0
L1 03     97 +012.0517 +005.0417 -000.8572 +089.4181 +004.2014 +091.2093 0
L1 04     97 +008.4742 +010.6728 +001.8065 -055.7393 +000.7116 +000.5967 0
L1 05     97 +014.3889 +009.9618 +001.9691 -107.9935 +002.4040 -008.4028 0
L1 06     97 +013.8991 +002.9901 -000.4248 -011.6600 +003.1641 -122.1622 0
L1 07     97 +015.4578 +003.9810 -000.3635 -058.9111 +033.7740 +149.0273 0
L1 08     97 +015.7303 +004.9323 -001.2578 -072.7929 -048.7123 +103.2011 0
L1 01    101 +012.1102 +004.2468 +001.3173 +091.3805 +001.7710 +000.8213 0
L1 02    101 +007.1369 +005.8795 +001.6822 -119.7971 +003.4933 -128.8827 0
L1 03    101 +012.0518 +005.0416 -000.8572 +089.4164 +004.2015 +091.2096 0
L1 04    101 +008.4743 +010.6727 +001.8065 -055.7407 +000.7119 +000.5972 0
L1 05    101 +014.3884 +009.9623 +001.9688 -107.9885 +002.4038 -008.4003 0
L1 06    101 +013.8991 +002.9901 -000.4246 -011.6614 +003.1642 -122.1615 0
L1 07    101 +015.4579 +003.9808 -000.3634 -058.9122 +033.7731 +149.0282 0
L1 08    101 +015.7303 +004.9321 -001.2577 -072.7950 -048.7121 +103.2016 0
L1 01    105 +012.1102 +004.2467 +001.3173 +091.3794 +001.7708 +000.8221 0
L1 02    105 +007.1368 +005.8795 +001.6822 -119.7968 +003.4935 -128.8825 0
L1 03    105 +012.0517 +005.0416 -000.8572 +089.4165 +004.2013 +091.2094 0
L1 04    105 +008.4744 +010.6726 +001.8064 -055.7411 +000.7117 +000.5963 0
L1 05    105 +014.3885 +009.9621 +001.9687 -107.9909 +002.4018 -008.4039 0
L1 06    105 +013.8991 +002.9899 -000.4248 -011.6638 +003.1659 -122.1625 0
L1 07    105 +015.4579 +003.9807 -000.3635 -058.9128 +033.7745 +149.0280 0
L1 08    105 +015.7304 +004.9320 -001.2578 -072.7958 -048.7122 +103.2011 0
L1 01    109 +012.1102 +004.2467 +001.3172 +091.3799 +001.7715 +000.8223 0
L1 02    109 +007.1369 +005.8795 +001.6822 -119.7969 +003.4935 -128.8825 0
L1 03    109 +012.0517 +005.0417 -000.8572 +089.4171 +004.2013 +091.2096 0
L1 04    109 +008.4743 +010.6727 +001.8065 -055.7400 +000.7118 +000.5966 0
L1 05    109 +014.3886 +009.9620 +001.9688 -107.9903 +002.3991 -008.4071 0
L1 06    109 +013.8991 +002.9898 -000.4247 -011.6643 +003.1664 -122.1624 0
L1 07    109 +015.4579 +003.9807 -000.3637 -058.9120 +033.7746 +149.0270 0
L1 08    109 +015.7303 +004.9321 -001.2576 -072.7951 -048.7120 +103.2021 0
L1 01    113 +012.1102 +004.2467 +001.3174 +091.3798 +001.7713 +000.8211 0
L1 02    113 +007.1369 +005.8795 +001.6822 -119.7969 +003.4932 -128.8826 0
L1 03    113 +012.0517 +005.0417 -000.8572 +089.4173 +004.2020 +091.2095 0
L1 04    113 +008.4742 +010.6728 +001.8065 -055.7395 +000.7118 +000.5969 0
L1 05    113 +014.3885 +009.9621 +001.9688 -107.9884 +002.3966 -008.4083 0
L1 06    113 +013.8991 +002.9899 -000.4247 -011.6641 +003.1681 -122.1624 0
L1 07    113 +015.4579 +003.9808 -000.3636 -058.9104 +033.7744 +149.0279 0
L1 08    113 +015.7303 +004.9322 -001.2576 -072.7945 -048.7121 +103.2025 0
L1 01    117 +012.1102 +004.2467 +001.3175 +091.3795 +001.7710 +000.8200 0
L1 02    117 +007.1369 +005.8795 +001.6822 -119.7972 +003.4931 -128.8826 0
L1 03    117 +012.0517 +005.0416 -000.8572 +089.4162 +004.2029 +091.2096 0
L1 04    117 +008.4743 +010.6727 +001.8065 -055.7403 +000.7119 +000.5972 0
L1 05    117 +014.3885 +009.9621 +001.9691 -107.9902 +002.4001 -008.4062 0
L1 06    117 +013.8991 +002.9900 -000.4248 -011.6643 +003.1710 -122.1628 0
L1 07    117 +015.4578 +003.9810 -000.3638 -058.9100 +033.7743 +149.0265 0
L1 08    117 +015.7303 +004.9320 -001.2578 -072.7940 -048.7123 +103.2003 0
L1 01    121 +012.1102 +004.2468 +001.3174 +091.3807 +001.7708 +000.8205 0
L1 02    121 +007.1368 +005.8795 +001.6822 -119.7968 +003.4932 -128.8824 0
L1 03    121 +012.0517 +005.0416 -000.8572 +089.4170 +004.2034 +091.2096 0
L1 04    121 +008.4742 +010.6728 +001.8065 -055.7396 +000.7114 +000.5971 0
L1 05    121 +014.3882 +009.9626 +001.9692 -107.9868 +002.4007 -008.4036 0
L1 06    121 +013.8990 +002.9902 -000.4249 -011.6620 +003.1722 -122.1624 0
L1 07    121 +015.4577 +003.9812 -000.3644 -058.9084 +033.7760 +149.0230 0
L1 08    121 +015.7303 +004.9321 -001.2579 -072.7914 -048.7121 +103.1989 0
L1 01    125 +012.1102 +004.2467 +001.3173 +091.3796 +001.7711 +000.8221 0
L1 02    125 +007.1369 +005.8795 +001.6822 -119.7969 +003.4934 -128.8827 0
L1 03    125 +012.0518 +005.0415 -000.8572 +089.4157 +004.2034 +091.2097 0
L1 04    125 +008.4743 +010.6727 +001.8065 -055.7407 +000.7117 +000.5968 0
L1 05    125 +014.3885 +009.9620 +001.9691 -107.9922 +002.4011 -008.4026 0
L1 06    125 +013.8990 +002.9901 -000.4248 -011.6654 +003.1712 -122.1622 0
L1 07    125 +015.4578 +003.9806 -000.3640 -058.9112 +033.7763 +149.0258 0
L1 08    125 +015.7303 +004.9319 -001.2579 -072.7935 -048.7124 +103.1990 0
L1 01    129 +012.1102 +004.2468 +001.3173 +091.3804 +001.7718 +000.8212 0
L1 02    129 +007.1369 +005.8795 +001.6822 -119.7971 +003.4935 -128.8827 0
L1 03    129 +012.0518 +005.0416 -000.8572 +089.4159 +004.2034 +091.2095 0
L1 04    129 +008.4743 +010.6727 +001.8065 -055.7402 +000.7116 +000.5969 0
L1 05    129 +014.3886 +009.9619 +001.9693 -107.9933 +002.4042 -008.4000 0
L1 06    129 +013.8991 +002.9899 -000.4247 -011.6662 +003.1714 -122.1609 0
L1 07    129 +015.4578 +003.9806 -000.3639 -058.9097 +033.7776 +149.0271 0
L1 08    129 +015.7303 +004.9320 -001.2579 -072.7941 -048.7119 +103.2006 0
L1 01    133 +012.1102 +004.2469 +001.3172 +091.3808 +001.7720 +000.8221 0
L1 02    133 +007.1369 +005.8795 +001.6822 -119.7970 +003.4934 -128.8827 0
L1 03    133 +012.0518 +005.0416 -000.8572 +089.4160 +004.2032 +091.2095 0
L1 04    133 +008.4743 +010.6727 +001.8064 -055.7406 +000.7114 +000.5963 0
L1 05    133 +014.3886 +009.9618 +001.9691 -107.9927 +002.4044 -008.4010 0
L1 06    133 +013.8990 +002.9900 -000.4247 -011.6662 +003.1723 -122.1596 0
L1 07    133 +015.4578 +003.9805 -000.3638 -058.9095 +033.7772 +149.0285 0
L1 08    133 +015.7303 +004.9320 -001.2578 -072.7947 -048.7115 +103.2016 0
L1 01    137 +012.1102 +004.2467 +001.3173 +091.3799 +001.7698 +000.8211 0
L1 02    137 +007.1368 +005.8795 +001.6822 -119.7968 +003.4933 -128.8826 0
L1 03    137 +012.0518 +005.0416 -000.8572 +089.4156 +004.2030 +091.2093 0
L1 04    137 +008.4743 +010.6727 +001.8065 -055.7403 +000.7117 +000.5967 0
L1 05    137 +014.3884 +009.9622 +001.9691 -107.9909 +002.4031 -008.4009 0
L1 06    137 +013.8990 +002.9901 -000.4247 -011.6661 +003.1729 -122.1608 0
L1 07    137 +015.4578 +003.9805 -000.3640 -058.9111 +033.7761 +149.0270 0
L1 08    137 +015.7303 +004.9319 -001.2578 -072.7955 -048.7121 +103.2015 0
L1 01    141 +012.1102 +004.2467 +001.3174 +091.3797 +001.7695 +000.8197 0
L1 02    141 +007.1368 +005.8795 +001.6822 -119.7968 +003.4932 -128.8825 0
L1 03    141 +012.0518 +005.0416 -000.8572 +089.4153 +004.2034 +091.2093 0
L1 04    141 +008.4743 +010.6727 +001.8065 -055.7406 +000.7118 +000.5968 0
L1 05    141 +014.3887 +009.9619 +001.9692 -107.9929 +002.4039 -008.4037 0
L1 06    141 +013.8990 +002.9901 -000.4249 -011.6677 +003.1755 -122.1616 0
L1 07    141 +015.4579 +003.9806 -000.3636 -058.9102 +033.7766 +149.0290 0
L1 08    141 +015.7304 +004.9316 -001.2579 -072.7962 -048.7113 +103.1998 0
L1 01    145 +012.1102 +004.2467 +001.3174 +091.3806 +001.7692 +000.8199 0
L1 02    145 +007.1368 +005.8795 +001.6822 -119.7966 +003.4931 -128.8824 0
L1 03    145 +012.0517 +005.0417 -000.8572 +089.4164 +004.2038 +091.2093 0
L1 04    145 +008.4741 +010.6728 +001.8065 -055.7393 +000.7114 +000.5968 0
L1 05    145 +014.3884 +009.9623 +001.9692 -107.9874 +002.4023 -008.4070 0
L1 06    145 +013.8990 +002.9901 -000.4248 -011.6669 +003.1758 -122.1617 0
L1 07    145 +015.4578 +003.9808 -000.3638 -058.9090 +033.7759 +149.0277 0
L1 08    145 +015.7303 +004.9320 -001.2578 -072.7940 -048.7118 +103.2006 0
L1 01    149 +012.1102 +004.2468 +001.3174 +091.3807 +001.7695 +000.8194 0
L1 02    149 +007.1368 +005.8795 +001.6821 -119.7967 +003.4930 -128.8825 0
L1 03    149 +012.0517 +005.0417 -000.8572 +089.4162 +004.2045 +091.2097 0
L1 04    149 +008.4742 +010.6728 +001.8064 -055.7399 +000.7113 +000.5964 0
L1 05    149 +014.3887 +009.9620 +001.9689 -107.9895 +002.4024 -008.4105 0
L1 06    149 +013.8990 +002.9901 -000.4248 -011.6673 +003.1768 -122.1614 0
L1 07    149 +015.4579 +003.9805 -000.3636 -058.9113 +033.7755 +149.0284 0
L1 08    149 +015.7303 +004.9322 -001.2577 -072.7940 -048.7112 +103.2017 0
L1 01    153 +012.1102 +004.2467 +001.3174 +091.3805 +001.7687 +000.8199 0
L1 02    153 +007.1369 +005.8795 +001.6822 -119.7967 +003.4932 -128.8825 0
L1 03    153 +012.0517 +005.0417 -000.8572 +089.4168 +004.2040 +091.2092 0
L1 04    153 +008.4742 +010.6728 +001.8064 -055.7396 +000.7120 +000.5966 0
L1 05    153 +014.3884 +009.9624 +001.9689 -107.9823 +002.4073 -008.4092 0
L1 06    153 +013.8990 +002.9901 -000.4248 -011.6683 +003.1778 -122.1612 0
L1 07    153 +015.4580 +003.9801 -000.3636 -058.9129 +033.7758 +149.0286 0
L1 08    153 +015.7303 +004.9321 -001.2577 -072.7948 -048.7112 +103.2024 0
L1 01    157 +012.1102 +004.2470 +001.3170 +091.3829 +001.7716 +000.8235 0
L1 02    157 +007.1368 +005.8795 +001.6822 -119.7964 +003.4934 -128.8824 0
L1 03    157 +012.0517 +005.0417 -000.8573 +089.4170 +004.2047 +091.2101 0
L1 04    157 +008.4742 +010.6728 +001.8065 -055.7396 +000.7122 +000.5966 0
L1 05    157 +014.3885 +009.9624 +001.9686 -107.9820 +002.4058 -008.4087 0
L1 06    157 +013.8990 +002.9902 -000.4247 -011.6683 +003.1773 -122.1606 0
L1 07    157 +015.4579 +003.9806 -000.3635 -058.9084 +033.7759 +149.0310 0
L1 08    157 +015.7303 +004.9323 -001.2578 -072.7929 -048.7110 +103.2014 0
L1 01    161 +012.1102 +004.2466 +001.3173 +091.3796 +001.7685 +000.8211 0
L1 02    161 +007.1369 +005.8795 +001.6822 -119.7968 +003.4932 -128.8824 0
L1 03    161 +012.0517 +005.0416 -000.8572 +089.4154 +004.2048 +091.2094 0
L1 04    161 +008.4743 +010.6727 +001.8065 -055.7406 +000.7127 +000.5969 0
L1 05    161 +014.3887 +009.9621 +001.9685 -107.9834 +002.4059 -008.4097 0
L1 06    161 +013.8990 +002.9900 -000.4247 -011.6705 +003.1795 -122.1612 0
L1 07    161 +015.4578 +003.9806 -000.3638 -058.9103 +033.7772 +149.0289 0
L1 08    161 +015.7303 +004.9320 -001.2579 -072.7943 -048.7111 +103.2008 0
L1 01    165 +012.1102 +004.2468 +001.3174 +091.3811 +001.7686 +000.8203 0
L1 02    165 +007.1368 +005.8795 +001.6822 -119.7964 +003.4932 -128.8824 0
L1 03    165 +012.0517 +005.0417 -000.8572 +089.4159 +004.2048 +091.2099 0
L1 04    165 +008.4742 +010.6728 +001.8065 -055.7397 +000.7124 +000.5971 0
L1 05    165 +014.3884 +009.9625 +001.9686 -107.9790 +002.4036 -008.4133 0
L1 06    165 +013.8990 +002.9901 -000.4246 -011.6703 +003.1788 -122.1608 0
L1 07    165 +015.4579 +003.9806 -000.3638 -058.9098 +033.7780 +149.0283 0
L1 08    165 +015.7303 +004.9322 -001.2578 -072.7935 -048.7106 +103.2013 0
L1 01    169 +012.1102 +004.2468 +001.3175 +091.3805 +001.7679 +000.8196 0
L1 02    169 +007.1369 +005.8795 +001.6822 -119.7970 +003.4932 -128.8824 0
L1 03    169 +012.0517 +005.0417 -000.8572 +089.4156 +004.2051 +091.2096 0
L1 04    169 +008.4743 +010.6727 +001.8065 -055.7405 +000.7126 +000.5968 0
L1 05    169 +014.3884 +009.9624 +001.9686 -107.9800 +002.4025 -008.4162 0
L1 06    169 +013.8990 +002.9900 -000.4246 -011.6720 +003.1796 -122.1601 0
L1 07    169 +015.4579 +003.9808 -000.3638 -058.9089 +033.7784 +149.0284 0
L1 08    169 +015.7303 +004.9320 -001.2578 -072.7951 -048.7107 +103.2020 0
L1 01    173 +012.1102 +004.2467 +001.3175 +091.3798 +001.7674 +000.8199 0
L1 02    173 +007.1369 +005.8795 +001.6821 -119.7971 +003.4930 -128.8826 0
L1 03    173 +012.0517 +005.0416 -000.8572 +089.4148 +004.2058 +091.2092 0
L1 04    173 +008.4744 +010.6726 +001.8065 -055.7412 +000.7127 +000.5969 0
L1 05    173 +014.3884 +009.9623 +001.9687 -107.9806 +002.4037 -008.4166 0
L1 06    173 +013.8990 +002.9898 -000.4247 -011.6753 +003.1828 -122.1617 0
L1 07    173 +015.4578 +003.9805 -000.3634 -058.9096 +033.7763 +149.0308 0
L1 08    173 +015.7304 +004.9318 -001.2576 -072.7973 -048.7105 +103.2028 0
L1 01    177 +012.1102 +004.2469 +001.3173 +091.3818 +001.7682 +000.8218 0
L1 02    177 +007.1369 +005.8795 +001.6821 -119.7969 +003.4930 -128.8826 0
L1 03    177 +012.0517 +005.0417 -000.8572 +089.4159 +004.2062 +091.2099 0
L1 04    177 +008.4743 +010.6727 +001.8065 -055.7404 +000.7123 +000.5971 0
L1 05    177 +014.3885 +009.9623 +001.9685 -107.9800 +002.4020 -008.4153 0
L1 06    177 +013.8990 +002.9898 -000.4248 -011.6741 +003.1834 -122.1609 0
L1 07    177 +015.4577 +003.9809 -000.3635 -058.9078 +033.7770 +149.0293 0
L1 08    177 +015.7304 +004.9319 -001.2578 -072.7950 -048.7106 +103.2010 0
L1 01    181 +012.1102 +004.2469 +001.3173 +091.3813 +001.7688 +000.8223 0
L1 02    181 +007.1369 +005.8795 +001.6821 -119.7972 +003.4931 -128.8826 0
L1 03    181 +012.0517 +005.0416 -000.8572 +089.4155 +004.2067 +091.2099 0
L1 04    181 +008.4743 +010.6727 +001.8065 -055.7411 +000.7125 +000.5967 0
L1 05    181 +014.3887 +009.9621 +001.9683 -107.9814 +002.4024 -008.4154 0
L1 06    181 +013.8990 +002.9898 -000.4246 -011.6745 +003.1828 -122.1595 0
L1 07    181 +015.4578 +003.9806 -000.3638 -058.9115 +033.7777 +149.0278 0
L1 08    181 +015.7303 +004.9319 -001.2578 -072.7958 -048.7104 +103.2015 0
L1 01    185 +012.1101 +004.2469 +001.3173 +091.3810 +001.7687 +000.8221 0
L1 02    185 +007.1368 +005.8795 +001.6821 -119.7966 +003.4930 -128.8825 0
L1 03    185 +012.0517 +005.0417 -000.8572 +089.4159 +004.2069 +091.2099 0
L1 04    185 +008.4742 +010.6728 +001.8065 -055.7394 +000.7126 +000.5968 0
L1 05    185 +014.3884 +009.9625 +001.9688 -107.9777 +002.4047 -008.4146 0
L1 06    185 +013.8989 +002.9901 -000.4247 -011.6728 +003.1841 -122.1602 0
L1 07    185 +015.4578 +003.9807 -000.3633 -058.9063 +033.7763 +149.0320 0
L1 08    185 +015.7303 +004.9321 -001.2579 -072.7930 -048.7103 +103.2002 0
L1 01    189 +012.1101 +004.2469 +001.3174 +091.3804 +001.7679 +000.8211 0
L1 02    189 +007.1368 +005.8795 +001.6821 -119.7964 +003.4929 -128.8824 0
L1 03    189 +012.0517 +005.0417 -000.8572 +089.4155 +004.2069 +091.2097 0
L1 04    189 +008.4742 +010.6728 +001.8065 -055.7395 +000.7127 +000.5968 0
L1 05    189 +014.3882 +009.9626 +001.9688 -107.9767 +002.4043 -008.4159 0
L1 06    189 +013.8989 +002.9901 -000.4248 -011.6739 +003.1858 -122.1605 0
L1 07    189 +015.4578 +003.9808 -000.3636 -058.9068 +033.7782 +149.0303 0
L1 08    189 +015.7302 +004.9321 -001.2578 -072.7941 -048.7100 +103.2017 0
L1 01    193 +012.1101 +004.2469 +001.3174 +091.3804 +001.7674 +000.8204 0
L1 02    193 +007.1369 +005.8795 +001.6821 -119.7967 +003.4928 -128.8826 0
L1 03    193 +012.0518 +005.0416 -000.8571 +089.4143 +004.2069 +091.2091 0
L1 04    193 +008.4743 +010.6727 +001.8064 -055.7405 +000.7124 +000.5966 0
L1 05    193 +014.3882 +009.9626 +001.9685 -107.9786 +002.4011 -008.4179 0
L1 06    193 +013.8990 +002.9900 -000.4247 -011.6752 +003.1857 -122.1603 0
L1 07    193 +015.4578 +003.9808 -000.3635 -058.9056 +033.7781 +149.0325 0
L1 08    193 +015.7303 +004.9321 -001.2577 -072.7956 -048.7103 +103.2031 0
L1 01    197 +012.1101 +004.2469 +001.3173 +091.3809 +001.7683 +000.8218 0
L1 02    197 +007.1369 +005.8795 +001.6822 -119.7966 +003.4931 -128.8826 0
L1 03    197 +012.0518 +005.0416 -000.8572 +089.4145 +004.2074 +091.2097 0
L1 04    197 +008.4744 +010.6726 +001.8065 -055.7416 +000.7121 +000.5967 0
L1 05    197 +014.3884 +009.9624 +001.9680 -107.9794 +002.3932 -008.4271 0
L1 06    197 +013.8990 +002.9898 -000.4249 -011.6778 +003.1886 -122.1598 0
L1 07    197 +015.4578 +003.9806 -000.3639 -058.9080 +033.7789 +149.0299 0
L1 08    197 +015.7303 +004.9319 -001.2577 -072.7958 -048.7100 +103.2021 0
L1 01    201 +012.1101 +004.2469 +001.3173 +091.3820 +001.7687 +000.8222 0
L1 02    201 +007.1368 +005.8795 +001.6821 -119.7962 +003.4930 -128.8824 0
L1 03    201 +012.0517 +005.0417 -000.8572 +089.4152 +004.2072 +091.2095 0
L1 04    201 +008.4743 +010.6727 +001.8065 -055.7404 +000.7115 +000.5973 0
L1 05    201 +014.3884 +009.9624 +001.9683 -107.9811 +002.3922 -008.4260 0
L1 06    201 +013.8989 +002.9901 -000.4248 -011.6744 +003.1879 -122.1600 0
L1 07    201 +015.4579 +003.9803 -000.3636 -058.9086 +033.7777 +149.0306 0
L1 08    201 +015.7302 +004.9321 -001.2577 -072.7939 -048.7102 +103.2019 0
L1 01    205 +012.1102 +004.2467 +001.3173 +091.3805 +001.7686 +000.8221 0
L1 02    205 +007.1370 +005.8794 +001.6820 -119.7979 +003.4917 -128.8839 0
L1 03    205 +012.0518 +005.0414 -000.8572 +089.4124 +004.2071 +091.2099 0
L1 04    205 +008.4745 +010.6725 +001.8064 -055.7415 +000.7121 +000.5959 0
L1 05    205 +014.3889 +009.9618 +001.9676 -107.9866 +002.3893 -008.4290 0
L1 06    205 +013.8990 +002.9899 -000.4248 -011.6776 +003.1892 -122.1590 0
L1 07    205 +015.4580 +003.9799 -000.3632 -058.9120 +033.7780 +149.0334 0
L1 08    205 +015.7304 +004.9317 -001.2576 -072.7981 -048.7098 +103.2038 0
L1 01    209 +012.1101 +004.2468 +001.3174 +091.3811 +001.7690 +000.8214 0
L1 02    209 +007.1370 +005.8794 +001.6821 -119.7981 +003.4926 -128.8834 0
L1 03    209 +012.0518 +005.0415 -000.8572 +089.4133 +004.2074 +091.2094 0
L1 04    209 +008.4744 +010.6725 +001.8065 -055.7416 +000.7120 +000.5965 0
L1 05    209 +014.3885 +009.9623 +001.9687 -107.9804 +002.3972 -008.4205 0
L1 06    209 +013.8989 +002.9900 -000.4250 -011.6775 +003.1916 -122.1594 0
L1 07    209 +015.4578 +003.9804 -000.3635 -058.9093 +033.7799 +149.0317 0
L1 08    209 +015.7304 +004.9317 -001.2578 -072.7961 -048.7097 +103.2017 0
L1 01    213 +012.1102 +004.2468 +001.3173 +091.3814 +001.7689 +000.8223 0
L1 02    213 +007.1369 +005.8794 +001.6821 -119.7979 +003.4930 -128.8830 0
L1 03    213 +012.0517 +005.0415 -000.8572 +089.4139 +004.2074 +091.2096 0
L1 04    213 +008.4745 +010.6725 +001.8065 -055.7419 +000.7122 +000.5967 0
L1 05    213 +014.3886 +009.9620 +001.9688 -107.9806 +002.4002 -008.4184 0
L1 06    213 +013.8990 +002.9898 -000.4250 -011.6793 +003.1918 -122.1602 0
L1 07    213 +015.4578 +003.9806 -000.3636 -058.9089 +033.7794 +149.0304 0
L1 08    213 +015.7304 +004.9316 -001.2579 -072.7960 -048.7097 +103.2012 0
L1 01    217 +012.1102 +004.2467 +001.3174 +091.3803 +001.7684 +000.8217 0
L1 02    217 +007.1369 +005.8794 +001.6821 -119.7983 +003.4927 -128.8831 0
L1 03    217 +012.0518 +005.0415 -000.8572 +089.4126 +004.2076 +091.2097 0
L1 04    217 +008.4745 +010.6725 +001.8065 -055.7427 +000.7125 +000.5964 0
L1 05    217 +014.3889 +009.9616 +001.9688 -107.9868 +002.4005 -008.4188 0
L1 06    217 +013.8990 +002.9897 -000.4248 -011.6808 +003.1914 -122.1602 0
L1 07    217 +015.4579 +003.9802 -000.3636 -058.9113 +033.7796 +149.0314 0
L1 08    217 +015.7304 +004.9314 -001.2579 -072.7985 -048.7101 +103.2010 0
L1 01    221 +012.1101 +004.2468 +001.3173 +091.3818 +001.7687 +000.8225 0
L1 02    221 +007.1369 +005.8794 +001.6821 -119.7980 +003.4929 -128.8829 0
L1 03    221 +012.0517 +005.0416 -000.8572 +089.4141 +004.2076 +091.2100 0
L1 04    221 +008.4743 +010.6726 +001.8064 -055.7412 +000.7120 +000.5962 0
L1 05    221 +014.3886 +009.9620 +001.9689 -107.9826 +002.4002 -008.4188 0
L1 06    221 +013.8990 +002.9898 -000.4249 -011.6806 +003.1925 -122.1593 0
L1 07    221 +015.4579 +003.9804 -000.3635 -058.9074 +033.7800 +149.0327 0
L1 08    221 +015.7304 +004.9318 -001.2580 -072.7945 -048.7094 +103.1999 0
L1 01    225 +012.1101 +004.2467 +001.3174 +091.3812 +001.7677 +000.8207 0
L1 02    225 +007.1369 +005.8794 +001.6821 -119.7978 +003.4927 -128.8829 0
L1 03    225 +012.0517 +005.0416 -000.8571 +089.4135 +004.2074 +091.2095 0
L1 04    225 +008.4744 +010.6726 +001.8065 -055.7417 +000.7122 +000.5968 0
L1 05    225 +014.3886 +009.9621 +001.9690 -107.9817 +002.4005 -008.4196 0
L1 06    225 +013.8989 +002.9897 -000.4250 -011.6816 +003.1946 -122.1596 0
L1 07    225 +015.4579 +003.9805 -000.3637 -058.9076 +033.7794 +149.0319 0
L1 08    225 +015.7303 +004.9316 -001.2580 -072.7954 -048.7090 +103.2003 0
L1 01    229 +012.1101 +004.2468 +001.3174 +091.3821 +001.7687 +000.8215 0
L1 02    229 +007.1369 +005.8794 +001.6821 -119.7981 +003.4932 -128.8829 0
L1 03    229 +012.0518 +005.0415 -000.8572 +089.4131 +004.2078 +091.2095 0
L1 04    229 +008.4745 +010.6725 +001.8065 -055.7424 +000.7125 +000.5973 0
L1 05    229 +014.3887 +009.9618 +001.9688 -107.9838 +002.4002 -008.4227 0
L1 06    229 +013.8990 +002.9897 -000.4249 -011.6823 +003.1950 -122.1586 0
L1 07    229 +015.4579 +003.9803 -000.3638 -058.9100 +033.7810 +149.0313 0
L1 08    229 +015.7304 +004.9316 -001.2579 -072.7968 -048.7091 +103.2013 0
L1 01    233 +012.1101 +004.2470 +001.3174 +091.3844 +001.7693 +000.8210 0
L1 02    233 +007.1369 +005.8794 +001.6821 -119.7977 +003.4930 -128.8830 0
L1 03    233 +012.0518 +005.0416 -000.8572 +089.4139 +004.2081 +091.2095 0
L1 04    233 +008.4744 +010.6726 +001.8065 -055.7413 +000.7122 +000.5971 0
L1 05    233 +014.3887 +009.9621 +001.9682 -107.9810 +002.3961 -008.4243 0
L1 06    233 +013.8989 +002.9900 -000.4247 -011.6804 +003.1948 -122.1575 0
L1 07    233 +015.4579 +003.9802 -000.3638 -058.9105 +033.7821 +149.0303 0
L1 08    233 +015.7303 +004.9320 -001.2579 -072.7938 -048.7089 +103.2015 0
L1 01    237 +012.1101 +004.2469 +001.3173 +091.3834 +001.7694 +000.8219 0
L1 02    237 +007.1369 +005.8794 +001.6821 -119.7978 +003.4927 -128.8832 0
L1 03    237 +012.0518 +005.0415 -000.8572 +089.4129 +004.2087 +091.2096 0
L1 04    237 +008.4745 +010.6725 +001.8065 -055.7423 +000.7121 +000.5969 0
L1 05    237 +014.3891 +009.9615 +001.9684 -107.9865 +002.3956 -008.4238 0
L1 06    237 +013.8989 +002.9899 -000.4247 -011.6816 +003.1956 -122.1578 0
L1 07    237 +015.4580 +003.9801 -000.3639 -058.9113 +033.7819 +149.0298 0
L1 08    237 +015.7303 +004.9319 -001.2579 -072.7951 -048.7089 +103.2015 0
L1 01    241 +012.1101 +004.2469 +001.3174 +091.3841 +001.7685 +000.8210 0
L1 02    241 +007.1369 +005.8794 +001.6821 -119.7976 +003.4926 -128.8831 0
L1 03    241 +012.0518 +005.0415 -000.8572 +089.4133 +004.2086 +091.2097 0
L1 04    241 +008.4743 +010.6726 +001.8065 -055.7411 +000.7121 +000.5971 0
L1 05    241 +014.3890 +009.9619 +001.9687 -107.9831 +002.3976 -008.4235 0
L1 06    241 +013.8989 +002.9901 -000.4246 -011.6809 +003.1957 -122.1576 0
L1 07    241 +015.4578 +003.9808 -000.3638 -058.9053 +033.7827 +149.0311 0
L1 08    241 +015.7303 +004.9320 -001.2578 -072.7945 -048.7086 +103.2025 0
L1 01    245 +012.1101 +004.2469 +001.3174 +091.3837 +001.7686 +000.8213 0
L1 02    245 +007.1369 +005.8794 +001.6821 -119.7977 +003.4929 -128.8830 0
L1 03    245 +012.0518 +005.0415 -000.8572 +089.4128 +004.2092 +091.2098 0
L1 04    245 +008.4744 +010.6726 +001.8065 -055.7418 +000.7123 +000.5971 0
L1 05    245 +014.3890 +009.9615 +001.9687 -107.9836 +002.3985 -008.4242 0
L1 06    245 +013.8989 +002.9899 -000.4247 -011.6829 +003.1972 -122.1572 0
L1 07    245 +015.4579 +003.9805 -000.3637 -058.9079 +033.7814 +149.0312 0
L1 08    245 +015.7304 +004.9318 -001.2577 -072.7967 -048.7089 +103.2032 0
L1 01    249 +012.1101 +004.2469 +001.3174 +091.3834 +001.7679 +000.8213 0
L1 02    249 +007.1369 +005.8794 +001.6821 -119.7978 +003.4932 -128.8830 0
L1 03    249 +012.0517 +005.0416 -000.8572 +089.4135 +004.2093 +091.2098 0
L1 04    249 +008.4743 +010.6726 +001.8065 -055.7412 +000.7124 +000.5971 0
L1 05    249 +014.3885 +009.9621 +001.9684 -107.9786 +002.3983 -008.4247 0
L1 06    249 +013.8989 +002.9901 -000.4248 -011.6825 +003.1991 -122.1569 0
L1 07    249 +015.4579 +003.9804 -000.3636 -058.9073 +033.7819 +149.0322 0
L1 08    249 +015.7304 +004.9317 -001.2577 -072.7972 -048.7089 +103.2032 0
L1 01    253 +012.1101 +004.2469 +001.3172 +091.3838 +001.7693 +000.8239 0
L1 02    253 +007.1369 +005.8794 +001.6821 -119.7981 +003.4929 -128.8831 0
L1 03    253 +012.0517 +005.0416 -000.8573 +089.4136 +004.2097 +091.2103 0
L1 04    253 +008.4743 +010.6726 +001.8064 -055.7407 +000.7119 +000.5964 0
L1 05    253 +014.3884 +009.9623 +001.9685 -107.9767 +002.3991 -008.4236 0
L1 06    253 +013.8988 +002.9901 -000.4248 -011.6827 +003.2008 -122.1566 0
L1 07    253 +015.4579 +003.9804 -000.3639 -058.9076 +033.7829 +149.0301 0
L1 08    253 +015.7303 +004.9318 -001.2579 -072.7950 -048.7093 +103.2014 0
L1 01    257 +012.1101 +004.2468 +001.3172 +091.3825 +001.7681 +000.8234 0
L1 02    257 +007.1369 +005.8794 +001.6821 -119.7981 +003.4932 -128.8829 0
L1 03    257 +012.0518 +005.0415 -000.8573 +089.4127 +004.2099 +091.2102 0
L1 04    257 +008.4744 +010.6726 +001.8064 -055.7418 +000.7123 +000.5965 0
L1 05    257 +014.3883 +009.9625 +001.9685 -107.9758 +002.4023 -008.4225 0
L1 06    257 +013.8989 +002.9899 -000.4248 -011.6856 +003.2014 -122.1570 0
L1 07    257 +015.4579 +003.9801 -000.3638 -058.9100 +033.7819 +149.0306 0
L1 08    257 +015.7304 +004.9317 -001.2579 -072.7962 -048.7087 +103.2009 0
L1 01    261 +012.1101 +004.2469 +001.3173 +091.3831 +001.7680 +000.8224 0
L1 02    261 +007.1369 +005.8794 +001.6821 -119.7982 +003.4931 -128.8832 0
L1 03    261 +012.0518 +005.0415 -000.8572 +089.4126 +004.2105 +091.2097 0
L1 04    261 +008.4744 +010.6725 +001.8066 -055.7420 +000.7130 +000.5975 0
L1 05    261 +014.3883 +009.9626 +001.9688 -107.9752 +002.4031 -008.4213 0
L1 06    261 +013.8990 +002.9897 -000.4247 -011.6870 +003.2010 -122.1573 0
L1 07    261 +015.4579 +003.9802 -000.3638 -058.9090 +033.7830 +149.0313 0
L1 08    261 +015.7304 +004.9316 -001.2577 -072.7988 -048.7094 +103.2035 0
L1 01    265 +012.1101 +004.2468 +001.3174 +091.3833 +001.7677 +000.8221 0
L1 02    265 +007.1369 +005.8794 +001.6821 -119.7982 +003.4933 -128.8829 0
L1 03    265 +012.0518 +005.0415 -000.8572 +089.4128 +004.2107 +091.2094 0
L1 04    265 +008.4745 +010.6725 +001.8066 -055.7419 +000.7129 +000.5974 0
L1 05    265 +014.3881 +009.9629 +001.9684 -107.9730 +002.3983 -008.4257 0
L1 06    265 +013.8989 +002.9898 -000.4246 -011.6862 +003.2017 -122.1570 0
L1 07    265 +015.4579 +003.9802 -000.3638 -058.9098 +033.7817 +149.0306 0
L1 08    265 +015.7303 +004.9316 -001.2579 -072.7968 -048.7090 +103.2021 0
L1 01    269 +012.1101 +004.2469 +001.3173 +091.3836 +001.7678 +000.8233 0
L1 02    269 +007.1369 +005.8794 +001.6821 -119.7982 +003.4932 -128.8828 0
L1 03    269 +012.0517 +005.0416 -000.8572 +089.4132 +004.2117 +091.2101 0
L1 04    269 +008.4744 +010.6726 +001.8064 -055.7416 +000.7119 +000.5962 0
L1 05    269 +014.3887 +009.9618 +001.9685 -107.9806 +002.3966 -008.4252 0
L1 06    269 +013.8989 +002.9899 -000.4249 -011.6864 +003.2037 -122.1572 0
L1 07    269 +015.4579 +003.9802 -000.3635 -058.9080 +033.7816 +149.0332 0
L1 08    269 +015.7304 +004.9316 -001.2579 -072.7962 -048.7086 +103.2011 0
L1 01    273 +012.1101 +004.2468 +001.3173 +091.3830 +001.7672 +000.8229 0
L1 02    273 +007.1369 +005.8794 +001.6821 -119.7981 +003.4930 -128.8829 0
L1 03    273 +012.0517 +005.0416 -000.8572 +089.4129 +004.2116 +091.2103 0
L1 04    273 +008.4744 +010.6726 +001.8065 -055.7413 +000.7116 +000.5967 0
L1 05    273 +014.3887 +009.9621 +001.9685 -107.9797 +002.3967 -008.4255 0
L1 06    273 +013.8989 +002.9898 -000.4248 -011.6874 +003.2037 -122.1574 0
L1 07    273 +015.4580 +003.9799 -000.3636 -058.9099 +033.7819 +149.0332 0
L1 08    273 +015.7304 +004.9316 -001.2578 -072.7972 -048.7086 +103.2021 0
L1 01    277 +012.1101 +004.2468 +001.3173 +091.3822 +001.7659 +000.8222 0
L1 02    277 +007.1369 +005.8794 +001.6821 -119.7984 +003.4930 -128.8829 0
L1 03    277 +012.0517 +005.0415 -000.8572 +089.4119 +004.2116 +091.2101 0
L1 04    277 +008.4744 +010.6725 +001.8065 -055.7422 +000.7123 +000.5968 0
L1 05    277 +014.3885 +009.9623 +001.9683 -107.9779 +002.3961 -008.4266 0
L1 06    277 +013.8989 +002.9897 -000.4249 -011.6908 +003.2050 -122.1580 0
L1 07    277 +015.4580 +003.9799 -000.3635 -058.9106 +033.7822 +149.0339 0
L1 08    277 +015.7304 +004.9315 -001.2578 -072.7989 -048.7084 +103.2027 0
L1 01    281 +012.1101 +004.2469 +001.3173 +091.3833 +001.7654 +000.8210 0
L1 02    281 +007.1369 +005.8794 +001.6821 -119.7982 +003.4929 -128.8831 0
L1 03    281 +012.0517 +005.0416 -000.8572 +089.4120 +004.2110 +091.2100 0
L1 04    281 +008.4744 +010.6726 +001.8065 -055.7419 +000.7120 +000.5967 0
L1 05    281 +014.3885 +009.9624 +001.9683 -107.9761 +002.3965 -008.4274 0
L1 06    281 +013.8989 +002.9899 -000.4249 -011.6882 +003.2056 -122.1562 0
L1 07    281 +015.4578 +003.9803 -000.3634 -058.9082 +033.7817 +149.0343 0
L1 08    281 +015.7304 +004.9317 -001.2578 -072.7973 -048.7077 +103.2025 0
L1 01    285 +012.1101 +004.2469 +001.3173 +091.3846 +001.7643 +000.8190 0
L1 02    285 +007.1369 +005.8794 +001.6821 -119.7978 +003.4931 -128.8829 0
L1 03    285 +012.0518 +005.0416 -000.8572 +089.4119 +004.2105 +091.2098 0
L1 04    285 +008.4744 +010.6726 +001.8065 -055.7415 +000.7123 +000.5971 0
L1 05    285 +014.3883 +009.9626 +001.9684 -107.9738 +002.3997 -008.4256 0
L1 06    285 +013.8989 +002.9899 -000.4248 -011.6891 +003.2056 -122.1554 0
L1 07    285 +015.4577 +003.9805 -000.3635 -058.9095 +033.7823 +149.0315 0
L1 08    285 +015.7303 +004.9318 -001.2578 -072.7965 -048.7073 +103.2032 0
L1 01    289 +012.1101 +004.2467 +001.3175 +091.3816 +001.7592 +000.8140 0
L1 02    289 +007.1369 +005.8794 +001.6821 -119.7981 +003.4931 -128.8829 0
L1 03    289 +012.0518 +005.0416 -000.8572 +089.4104 +004.2092 +091.2089 0
L1 04    289 +008.4744 +010.6726 +001.8065 -055.7415 +000.7127 +000.5972 0
L1 05    289 +014.3883 +009.9624 +001.9688 -107.9761 +002.4020 -008.4243 0
L1 06    289 +013.8989 +002.9899 -000.4250 -011.6899 +003.2083 -122.1563 0
L1 07    289 +015.4578 +003.9802 -000.3635 -058.9133 +033.7814 +149.0306 0
L1 08    289 +015.7304 +004.9314 -001.2578 -072.7999 -048.7075 +103.2035 0
L1 01    293 +012.1101 +004.2470 +001.3173 +091.3876 +001.7628 +000.8169 0
L1 02    293 +007.1369 +005.8794 +001.6821 -119.7977 +003.4931 -128.8829 0
L1 03    293 +012.0518 +005.0416 -000.8572 +089.4112 +004.2090 +091.2092 0
L1 04    293 +008.4744 +010.6726 +001.8066 -055.7411 +000.7128 +000.5977 0
L1 05    293 +014.3887 +009.9620 +001.9686 -107.9769 +002.3989 -008.4265 0
L1 06    293 +013.8989 +002.9900 -000.4249 -011.6898 +003.2086 -122.1558 0
L1 07    293 +015.4578 +003.9802 -000.3639 -058.9166 +033.7831 +149.0262 0
L1 08    293 +015.7304 +004.9317 -001.2579 -072.7977 -048.7072 +103.2029 0
L1 01    297 +012.1101 +004.2470 +001.3173 +091.3866 +001.7621 +000.8163 0
L1 02    297 +007.1369 +005.8794 +001.6821 -119.7978 +003.4931 -128.8829 0
L1 03    297 +012.0518 +005.0417 -000.8572 +089.4116 +004.2094 +091.2091 0
L1 04    297 +008.4744 +010.6726 +001.8066 -055.7414 +000.7122 +000.5976 0
L1 05    297 +014.3886 +009.9621 +001.9689 -107.9753 +002.3986 -008.4284 0
L1 06    297 +013.8988 +002.9901 -000.4250 -011.6900 +003.2100 -122.1561 0
L1 07    297 +015.4578 +003.9804 -000.3640 -058.9182 +033.7833 +149.0244 0
L1 08    297 +015.7304 +004.9317 -001.2579 -072.7971 -048.7074 +103.2028 0
L1 01    301 +012.1101 +004.2470 +001.3173 +091.3872 +001.7622 +000.8174 0
L1 02    301 +007.1369 +005.8794 +001.6821 -119.7979 +003.4932 -128.8828 0
L1 03    301 +012.0518 +005.0417 -000.8572 +089.4115 +004.2096 +091.2092 0
L1 04    301 +008.4743 +010.6726 +001.8065 -055.7412 +000.7120 +000.5973 0
L1 05    301 +014.3884 +009.9624 +001.9686 -107.9710 +002.3970 -008.4316 0
L1 06    301 +013.8989 +002.9900 -000.4249 -011.6912 +003.2103 -122.1556 0
L1 07    301 +015.4578 +003.9804 -000.3638 -058.9162 +033.7827 +149.0269 0
L1 08    301 +015.7304 +004.9318 -001.2579 -072.7972 -048.7072 +103.2025 0
L1 01    305 +012.1101 +004.2470 +001.3173 +091.3866 +001.7623 +000.8171 0
L1 02    305 +007.1369 +005.8794 +001.6822 -119.7981 +003.4936 -128.8829 0
L1 03    305 +012.0518 +005.0416 -000.8572 +089.4111 +004.2096 +091.2094 0
L1 04    305 +008.4744 +010.6726 +001.8065 -055.7415 +000.7123 +000.5968 0
L1 05    305 +014.3886 +009.9619 +001.9688 -107.9765 +002.4002 -008.4325 0
L1 06    305 +013.8989 +002.9898 -000.4249 -011.6932 +003.2107 -122.1555 0
L1 07    305 +015.4579 +003.9802 -000.3637 -058.9180 +033.7819 +149.0273 0
L1 08    305 +015.7304 +004.9317 -001.2579 -072.7978 -048.7071 +103.2026 0
L1 01    309 +012.1101 +004.2469 +001.3174 +091.3853 +001.7621 +000.8170 0
L1 02    309 +007.1369 +005.8794 +001.6821 -119.7982 +003.4933 -128.8830 0
L1 03    309 +012.0518 +005.0416 -000.8572 +089.4102 +004.2098 +091.2096 0
L1 04    309 +008.4744 +010.6726 +001.8065 -055.7416 +000.7124 +000.5969 0
L1 05    309 +014.3887 +009.9619 +001.9689 -107.9758 +002.3998 -008.4288 0
L1 06    309 +013.8988 +002.9898 -000.4247 -011.6938 +003.2111 -122.1543 0
L1 07    309 +015.4578 +003.9803 -000.3637 -058.9166 +033.7819 +149.0275 0
L1 08    309 +015.7304 +004.9316 -001.2579 -072.7981 -048.7069 +103.2022 0
L1 01    313 +012.1101 +004.2469 +001.3174 +091.3852 +001.7624 +000.8169 0
L1 02    313 +007.1369 +005.8794 +001.6821 -119.7980 +003.4929 -128.8832 0
L1 03    313 +012.0518 +005.0416 -000.8572 +089.4102 +004.2094 +091.2092 0
L1 04    313 +008.4744 +010.6726 +001.8064 -055.7413 +000.7123 +000.5965 0
L1 05    313 +014.3886 +009.9620 +001.9691 -107.9761 +002.4007 -008.4260 0
L1 06    313 +013.8989 +002.9898 -000.4248 -011.6944 +003.2131 -122.1542 0
L1 07    313 +015.4578 +003.9804 -000.3638 -058.9157 +033.7835 +149.0271 0
L1 08    313 +015.7304 +004.9317 -001.2578 -072.7980 -048.7064 +103.2033 0
L1 01    317 +012.1102 +004.2468 +001.3173 +091.3836 +001.7628 +000.8178 0
L1 02    317 +007.1370 +005.8794 +001.6821 -119.7986 +003.4931 -128.8833 0
L1 03    317 +012.0518 +005.0416 -000.8572 +089.4091 +004.2093 +091.2094 0
L1 04    317 +008.4745 +010.6725 +001.8065 -055.7427 +000.7124 +000.5969 0
L1 05    317 +014.3887 +009.9619 +001.9690 -107.9770 +002.4002 -008.4251 0
L1 06    317 +013.8988 +002.9898 -000.4249 -011.6956 +003.2141 -122.1547 0
L1 07    317 +015.4578 +003.9803 -000.3639 -058.9151 +033.7849 +149.0285 0
L1 08    317 +015.7304 +004.9316 -001.2579 -072.7986 -048.7061 +103.2024 0
L1 01    321 +012.1102 +004.2469 +001.3172 +091.3844 +001.7638 +000.8193 0
L1 02    321 +007.1370 +005.8794 +001.6821 -119.7986 +003.4933 -128.8831 0
L1 03    321 +012.0517 +005.0417 -000.8573 +089.4106 +004.2097 +091.2099 0
L1 04    321 +008.4745 +010.6725 +001.8064 -055.7430 +000.7127 +000.5959 0
L1 05    321 +014.3885 +009.9622 +001.9685 -107.9741 +002.3959 -008.4304 0
L1 06    321 +013.8988 +002.9900 -000.4248 -011.6954 +003.2136 -122.1540 0
L1 07    321 +015.4578 +003.9802 -000.3637 -058.9142 +033.7846 +149.0309 0
L1 08    321 +015.7304 +004.9316 -001.2579 -072.7994 -048.7066 +103.2027 0
L1 01    325 +012.1102 +004.2469 +001.3173 +091.3840 +001.7636 +000.8183 0
L1 02    325 +007.1370 +005.8794 +001.6821 -119.7984 +003.4931 -128.8831 0
L1 03    325 +012.0517 +005.0417 -000.8572 +089.4107 +004.2099 +091.2093 0
L1 04    325 +008.4744 +010.6726 +001.8065 -055.7413 +000.7124 +000.5967 0
L1 05    325 +014.3884 +009.9624 +001.9684 -107.9703 +002.3943 -008.4333 0
L1 06    325 +013.8988 +002.9900 -000.4250 -011.6952 +003.2154 -122.1553 0
L1 07    325 +015.4578 +003.9801 -000.3635 -058.9130 +033.7844 +149.0326 0
L1 08    325 +015.7304 +004.9315 -001.2579 -072.7988 -048.7066 +103.2022 0
L1 01    329 +012.1101 +004.2469 +001.3173 +091.3840 +001.7632 +000.8180 0
L1 02    329 +007.1370 +005.8794 +001.6821 -119.7986 +003.4930 -128.8833 0
L1 03    329 +012.0518 +005.0416 -000.8572 +089.4093 +004.2103 +091.2093 0
L1 04    329 +008.4745 +010.6725 +001.8065 -055.7424 +000.7125 +000.5972 0
L1 05    329 +014.3884 +009.9623 +001.9689 -107.9713 +002.3984 -008.4328 0
L1 06    329 +013.8988 +002.9900 -000.4250 -011.6961 +003.2163 -122.1559 0
L1 07    329 +015.4579 +003.9801 -000.3635 -058.9130 +033.7847 +149.0322 0
L1 08    329 +015.7303 +004.9316 -001.2579 -072.7984 -048.7069 +103.2025 0
L1 01    333 +012.1101 +004.2469 +001.3173 +091.3845 +001.7634 +000.8186 0
L1 02    333 +007.1370 +005.8794 +001.6821 -119.7984 +003.4929 -128.8832 0
L1 03    333 +012.0518 +005.0416 -000.8572 +089.4097 +004.2111 +091.2094 0
L1 04    333 +008.4744 +010.6725 +001.8065 -055.7420 +000.7124 +000.5969 0
L1 05    333 +014.3886 +009.9622 +001.9686 -107.9727 +002.3967 -008.4329 0
L1 06    333 +013.8988 +002.9899 -000.4249 -011.6966 +003.2171 -122.1553 0
L1 07    333 +015.4578 +003.9801 -000.3636 -058.9126 +033.7841 +149.0318 0
L1 08    333 +015.7304 +004.9315 -001.2578 -072.7993 -048.7065 +103.2028 0
L1 01    337 +012.1101 +004.2469 +001.3173 +091.3840 +001.7639 +000.8191 0
L1 02    337 +007.1369 +005.8794 +001.6821 -119.7983 +003.4932 -128.8830 0
L1 03    337 +012.0518 +005.0416 -000.8572 +089.4089 +004.2115 +091.2100 0
L1 04    337 +008.4745 +010.6724 +001.8065 -055.7428 +000.7125 +000.5969 0
L1 05    337 +014.3884 +009.9621 +001.9686 -107.9728 +002.3969 -008.4319 0
L1 06    337 +013.8988 +002.9896 -000.4248 -011.7006 +003.2173 -122.1546 0
L1 07    337 +015.4579 +003.9798 -000.3633 -058.9136 +033.7835 +149.0343 0
L1 08    337 +015.7305 +004.9313 -001.2579 -072.8010 -048.7064 +103.2022 0
L1 01    341 +012.1101 +004.2470 +001.3172 +091.3842 +001.7644 +000.8193 0
L1 02    341 +007.1369 +005.8794 +001.6821 -119.7982 +003.4929 -128.8832 0
L1 03    341 +012.0518 +005.0417 -000.8573 +089.4092 +004.2115 +091.2102 0
L1 04    341 +008.4744 +010.6725 +001.8065 -055.7419 +000.7122 +000.5970 0
L1 05    341 +014.3886 +009.9621 +001.9685 -107.9732 +002.3960 -008.4320 0
L1 06    341 +013.8987 +002.9899 -000.4247 -011.6988 +003.2180 -122.1536 0
L1 07    341 +015.4580 +003.9798 -000.3634 -058.9150 +033.7837 +149.0333 0
L1 08    341 +015.7304 +004.9316 -001.2579 -072.7990 -048.7058 +103.2024 0
L1 01    345 +012.1101 +004.2469 +001.3174 +091.3836 +001.7631 +000.8173 0
L1 02    345 +007.1370 +005.8794 +001.6821 -119.7984 +003.4930 -128.8831 0
L1 03    345 +012.0518 +005.0416 -000.8572 +089.4084 +004.2114 +091.2096 0
L1 04    345 +008.4744 +010.6726 +001.8065 -055.7414 +000.7124 +000.5971 0
L1 05    345 +014.3887 +009.9622 +001.9681 -107.9728 +002.3964 -008.4312 0
L1 06    345 +013.8987 +002.9899 -000.4251 -011.6992 +003.2220 -122.1541 0
L1 07    345 +015.4580 +003.9798 -000.3635 -058.9161 +033.7846 +149.0320 0
L1 08    345 +015.7303 +004.9317 -001.2579 -072.7982 -048.7060 +103.2025 0
L1 01    349 +012.1101 +004.2469 +001.3174 +091.3831 +001.7624 +000.8169 0
L1 02    349 +007.1369 +005.8794 +001.6821 -119.7984 +003.4931 -128.8831 0
L1 03    349 +012.0518 +005.0416 -000.8572 +089.4072 +004.2113 +091.2093 0
L1 04    349 +008.4745 +010.6725 +001.8065 -055.7426 +000.7128 +000.5971 0
L1 05    349 +014.3890 +009.9616 +001.9689 -107.9770 +002.4006 -008.4304 0
L1 06    349 +013.8987 +002.9899 -000.4251 -011.7007 +003.2219 -122.1542 0
L1 07    349 +015.4580 +003.9795 -000.3637 -058.9194 +033.7848 +149.0304 0
L1 08    349 +015.7304 +004.9315 -001.2578 -072.8013 -048.7060 +103.2038 0
L1 01    353 +012.1101 +004.2470 +001.3174 +091.3846 +001.7634 +000.8169 0
L1 02    353 +007.1369 +005.8794 +001.6821 -119.7981 +003.4930 -128.8832 0
L1 03    353 +012.0518 +005.0417 -000.8572 +089.4086 +004.2118 +091.2096 0
L1 04    353 +008.4744 +010.6726 +001.8065 -055.7416 +000.7127 +000.5968 0
L1 05    353 +014.3887 +009.9621 +001.9688 -107.9717 +002.3980 -008.4342 0
L1 06    353 +013.8987 +002.9900 -000.4250 -011.6995 +003.2216 -122.1548 0
L1 07    353 +015.4578 +003.9801 -000.3637 -058.9154 +033.7834 +149.0298 0
L1 08    353 +015.7303 +004.9316 -001.2578 -072.7995 -048.7057 +103.2036 0
L1 01    357 +012.1101 +004.2469 +001.3174 +091.3844 +001.7632 +000.8173 0
L1 02    357 +007.1370 +005.8794 +001.6821 -119.7984 +003.4933 -128.8830 0
L1 03    357 +012.0518 +005.0417 -000.8572 +089.4084 +004.2120 +091.2096 0
L1 04    357 +008.4745 +010.6725 +001.8065 -055.7422 +000.7125 +000.5970 0
L1 05    357 +014.3887 +009.9619 +001.9687 -107.9726 +002.3942 -008.4417 0
L1 06    357 +013.8988 +002.9898 -000.4249 -011.7019 +003.2219 -122.1542 0
L1 07    357 +015.4578 +003.9801 -000.3635 -058.9156 +033.7834 +149.0307 0
L1 08    357 +015.7304 +004.9314 -001.2578 -072.8014 -048.7061 +103.2036 0
L1 01    361 +012.1101 +004.2469 +001.3173 +091.3848 +001.7638 +000.8183 0
L1 02    361 +007.1370 +005.8794 +001.6822 -119.7985 +003.4935 -128.8830 0
L1 03    361 +012.0518 +005.0417 -000.8572 +089.4084 +004.2122 +091.2097 0
L1 04    361 +008.4744 +010.6725 +001.8065 -055.7417 +000.7121 +000.5970 0
L1 05    361 +014.3889 +009.9619 +001.9681 -107.9707 +002.3861 -008.4510 0
L1 06    361 +013.8987 +002.9900 -000.4248 -011.7015 +003.2219 -122.1532 0
L1 07    361 +015.4577 +003.9801 -000.3638 -058.9160 +033.7848 +149.0298 0
L1 08    361 +015.7304 +004.9316 -001.2577 -072.8012 -048.7056 +103.2047 0
L1 01    365 +012.1101 +004.2470 +001.3172 +091.3847 +001.7636 +000.8188 0
L1 02    365 +007.1370 +005.8794 +001.6821 -119.7986 +003.4933 -128.8830 0
L1 03    365 +012.0518 +005.0417 -000.8572 +089.4085 +004.2122 +091.2100 0
L1 04    365 +008.4743 +010.6726 +001.8065 -055.7412 +000.7120 +000.5970 0
L1 05    365 +014.3886 +009.9622 +001.9680 -107.9658 +002.3892 -008.4508 0
L1 06    365 +013.8988 +002.9899 -000.4249 -011.7024 +003.2235 -122.1530 0
L1 07    365 +015.4578 +003.9799 -000.3638 -058.9185 +033.7848 +149.0289 0
L1 08    365 +015.7304 +004.9316 -001.2578 -072.8006 -048.7053 +103.2043 0
L1 01    369 +012.1101 +004.2468 +001.3174 +091.3823 +001.7619 +000.8170 0
L1 02    369 +007.1370 +005.8794 +001.6821 -119.7986 +003.4933 -128.8830 0
L1 03    369 +012.0518 +005.0417 -000.8572 +089.4073 +004.2123 +091.2094 0
L1 04    369 +008.4744 +010.6725 +001.8066 -055.7422 +000.7133 +000.5976 0
L1 05    369 +014.3888 +009.9620 +001.9681 -107.9669 +002.3945 -008.4473 0
L1 06    369 +013.8987 +002.9898 -000.4249 -011.7040 +003.2244 -122.1535 0
L1 07    369 +015.4577 +003.9803 -000.3639 -058.9167 +033.7859 +149.0282 0
L1 08    369 +015.7304 +004.9313 -001.2579 -072.8020 -048.7051 +103.2030 0
L1 01    373 +012.1101 +004.2469 +001.3173 +091.3839 +001.7620 +000.8180 0
L1 02    373 +007.1369 +005.8794 +001.6821 -119.7981 +003.4931 -128.8830 0
L1 03    373 +012.0517 +005.0418 -000.8572 +089.4084 +004.2129 +091.2101 0
L1 04    373 +008.4744 +010.6726 +001.8065 -055.7412 +000.7129 +000.5967 0
L1 05    373 +014.3888 +009.9619 +001.9686 -107.9660 +002.3968 -008.4462 0
L1 06    373 +013.8987 +002.9899 -000.4248 -011.7026 +003.2247 -122.1534 0
L1 07    373 +015.4577 +003.9802 -000.3637 -058.9159 +033.7852 +149.0291 0
L1 08    373 +015.7304 +004.9314 -001.2579 -072.8007 -048.7053 +103.2028 0
L1 01    377 +012.1101 +004.2469 +001.3174 +091.3836 +001.7622 +000.8170 0
L1 02    377 +007.1369 +005.8794 +001.6821 -119.7980 +003.4932 -128.8829 0
L1 03    377 +012.0518 +005.0417 -000.8572 +089.4073 +004.2133 +091.2100 0
L1 04    377 +008.4743 +010.6726 +001.8065 -055.7409 +000.7127 +000.5970 0
L1 05    377 +014.3888 +009.9619 +001.9691 -107.9668 +002.3970 -008.4467 0
L1 06    377 +013.8987 +002.9898 -000.4249 -011.7044 +003.2268 -122.1531 0
L1 07    377 +015.4578 +003.9800 -000.3637 -058.9165 +033.7856 +149.0293 0
L1 08    377 +015.7303 +004.9315 -001.2579 -072.8003 -048.7048 +103.2030 0
L1 01    381 +012.1101 +004.2469 +001.3174 +091.3834 +001.7623 +000.8179 0
L1 02    381 +007.1369 +005.8794 +001.6821 -119.7983 +003.4931 -128.8830 0
L1 03    381 +012.0518 +005.0417 -000.8572 +089.4072 +004.2137 +091.2101 0
L1 04    381 +008.4743 +010.6726 +001.8065 -055.7413 +000.7125 +000.5971 0
L1 05    381 +014.3889 +009.9617 +001.9685 -107.9669 +002.3924 -008.4553 0
L1 06    381 +013.8987 +002.9899 -000.4248 -011.7052 +003.2265 -122.1535 0
L1 07    381 +015.4579 +003.9798 -000.3633 -058.9172 +033.7831 +149.0319 0
L1 08    381 +015.7303 +004.9314 -001.2579 -072.8004 -048.7050 +103.2023 0
L1 01    385 +012.1101 +004.2470 +001.3173 +091.3837 +001.7634 +000.8189 0
L1 02    385 +007.1370 +005.8794 +001.6821 -119.7984 +003.4931 -128.8831 0
L1 03    385 +012.0518 +005.0417 -000.8572 +089.4071 +004.2139 +091.2094 0
L1 04    385 +008.4743 +010.6726 +001.8065 -055.7411 +000.7126 +000.5970 0
L1 05    385 +014.3888 +009.9621 +001.9685 -107.9611 +002.3923 -008.4554 0
L1 06    385 +013.8987 +002.9898 -000.4247 -011.7065 +003.2263 -122.1530 0
L1 07    385 +015.4578 +003.9798 -000.3635 -058.9177 +033.7845 +149.0310 0
L1 08    385 +015.7303 +004.9315 -001.2579 -072.7996 -048.7049 +103.2024 0
L1 01    389 +012.1101 +004.2469 +001.3173 +091.3828 +001.7629 +000.8198 0
L1 02    389 +007.1370 +005.8793 +001.6821 -119.7987 +003.4931 -128.8831 0
L1 03    389 +012.0518 +005.0417 -000.8571 +089.4059 +004.2143 +091.2094 0
L1 04    389 +008.4744 +010.6725 +001.8065 -055.7423 +000.7134 +000.5968 0
L1 05    389 +014.3886 +009.9621 +001.9689 -107.9618 +002.3953 -008.4527 0
L1 06    389 +013.8987 +002.9897 -000.4247 -011.7083 +003.2273 -122.1522 0
L1 07    389 +015.4578 +003.9797 -000.3637 -058.9197 +033.7853 +149.0306 0
L1 08    389 +015.7304 +004.9312 -001.2578 -072.8029 -048.7055 +103.2032 0
L1 01    393 +012.1101 +004.2469 +001.3174 +091.3832 +001.7629 +000.8186 0
L1 02    393 +007.1370 +005.8793 +001.6821 -119.7989 +003.4934 -128.8830 0
L1 03    393 +012.0518 +005.0416 -000.8572 +089.4056 +004.2146 +091.2097 0
L1 04    393 +008.4744 +010.6725 +001.8066 -055.7415 +000.7134 +000.5979 0
L1 05    393 +014.3886 +009.9619 +001.9690 -107.9626 +002.3964 -008.4522 0
L1 06    393 +013.8987 +002.9898 -000.4250 -011.7087 +003.2310 -122.1530 0
L1 07    393 +015.4579 +003.9796 -000.3635 -058.9185 +033.7853 +149.0328 0
L1 08    393 +015.7304 +004.9313 -001.2579 -072.8016 -048.7052 +103.2026 0
L1 01    397 +012.1101 +004.2469 +001.3173 +091.3836 +001.7630 +000.8190 0
L1 02    397 +007.1370 +005.8793 +001.6821 -119.7987 +003.4934 -128.8829 0
L1 03    397 +012.0518 +005.0417 -000.8571 +089.4061 +004.2150 +091.2096 0
L1 04    397 +008.4744 +010.6725 +001.8066 -055.7417 +000.7131 +000.5979 0
L1 05    397 +014.3886 +009.9621 +001.9689 -107.9616 +002.3940 -008.4546 0
L1 06    397 +013.8987 +002.9898 -000.4248 -011.7086 +003.2303 -122.1518 0
L1 07    397 +015.4578 +003.9795 -000.3636 -058.9189 +033.7848 +149.0316 0
L1 08    397 +015.7303 +004.9313 -001.2579 -072.8015 -048.7051 +103.2029 0
L1 01    401 +012.1101 +004.2469 +001.3173 +091.3839 +001.7628 +000.8191 0
L1 02    401 +007.1370 +005.8794 +001.6821 -119.7984 +003.4933 -128.8830 0
L1 03    401 +012.0517 +005.0418 -000.8572 +089.4062 +004.2152 +091.2101 0
L1 04    401 +008.4743 +010.6725 +001.8066 -055.7414 +000.7126 +000.5977 0
L1 05    401 +014.3882 +009.9627 +001.9686 -107.9581 +002.3874 -008.4566 0
L1 06    401 +013.8987 +002.9898 -000.4250 -011.7093 +003.2313 -122.1528 0
L1 07    401 +015.4579 +003.9798 -000.3636 -058.9172 +033.7868 +149.0325 0
L1 08    401 +015.7303 +004.9314 -001.2578 -072.8021 -048.7046 +103.2038 0
L1 01    405 +012.1101 +004.2469 +001.3173 +091.3837 +001.7628 +000.8195 0
L1 02    405 +007.1369 +005.8794 +001.6821 -119.7983 +003.4934 -128.8830 0
L1 03    405 +012.0517 +005.0418 -000.8572 +089.4060 +004.2150 +091.2107 0
L1 04    405 +008.4743 +010.6726 +001.8065 -055.7413 +000.7122 +000.5970 0
L1 05    405 +014.3885 +009.9622 +001.9687 -107.9635 +002.3874 -008.4582 0
L1 06    405 +013.8987 +002.9897 -000.4249 -011.7101 +003.2325 -122.1524 0
L1 07    405 +015.4578 +003.9800 -000.3635 -058.9149 +033.7866 +149.0338 0
L1 08    405 +015.7304 +004.9313 -001.2579 -072.8019 -048.7046 +103.2027 0
L1 01    409 +012.1101 +004.2470 +001.3173 +091.3843 +001.7636 +000.8197 0
L1 02    409 +007.1369 +005.8794 +001.6821 -119.7981 +003.4933 -128.8829 0
L1 03    409 +012.0517 +005.0418 -000.8572 +089.4059 +004.2152 +091.2105 0
L1 04    409 +008.4743 +010.6726 +001.8064 -055.7410 +000.7118 +000.5966 0
L1 05    409 +014.3890 +009.9617 +001.9683 -107.9669 +002.3845 -008.4599 0
L1 06    409 +013.8986 +002.9898 -000.4249 -011.7102 +003.2328 -122.1523 0
L1 07    409 +015.4578 +003.9800 -000.3636 -058.9154 +033.7873 +149.0330 0
L1 08    409 +015.7304 +004.9313 -001.2579 -072.8018 -048.7042 +103.2029 0
L1 01    413 +012.1101 +004.2471 +001.3173 +091.3849 +001.7643 +000.8195 0
L1 02    413 +007.1369 +005.8794 +001.6821 -119.7981 +003.4934 -128.8830 0
L1 03    413 +012.0518 +005.0417 -000.8573 +089.4052 +004.2158 +091.2105 0
L1 04    413 +008.4743 +010.6726 +001.8065 -055.7412 +000.7119 +000.5966 0
L1 05    413 +014.3888 +009.9619 +001.9685 -107.9627 +002.3851 -008.4630 0
L1 06    413 +013.8986 +002.9898 -000.4249 -011.7111 +003.2338 -122.1510 0
L1 07    413 +015.4578 +003.9800 -000.3639 -058.9165 +033.7878 +149.0304 0
L1 08    413 +015.7303 +004.9314 -001.2580 -072.8015 -048.7041 +103.2020 0
L1 01    417 +012.1101 +004.2471 +001.3173 +091.3858 +001.7639 +000.8205 0
L1 02    417 +007.1369 +005.8794 +001.6821 -119.7982 +003.4934 -128.8829 0
L1 03    417 +012.0517 +005.0420 -000.8573 +089.4069 +004.2157 +091.2107 0
L1 04    417 +008.4743 +010.6726 +001.8064 -055.7408 +000.7122 +000.5964 0
L1 05    417 +014.3884 +009.9623 +001.9687 -107.9588 +002.3841 -008.4636 0
L1 06    417 +013.8986 +002.9899 -000.4248 -011.7104 +003.2330 -122.1511 0
L1 07    417 +015.4577 +003.9802 -000.3638 -058.9132 +033.7878 +149.0327 0
L1 08    417 +015.7304 +004.9314 -001.2579 -072.8023 -048.7040 +103.2033 0
L1 01    421 +012.1100 +004.2471 +001.3173 +091.3860 +001.7641 +000.8199 0
L1 02    421 +007.1369 +005.8794 +001.6821 -119.7979 +003.4934 -128.8828 0
L1 03    421 +012.0517 +005.0419 -000.8572 +089.4060 +004.2161 +091.2104 0
L1 04    421 +008.4743 +010.6727 +001.8064 -055.7406 +000.7119 +000.5964 0
L1 05    421 +014.3885 +009.9625 +001.9685 -107.9590 +002.3799 -008.4653 0
L1 06    421 +013.8986 +002.9899 -000.4249 -011.7104 +003.2344 -122.1512 0
L1 07    421 +015.4577 +003.9801 -000.3636 -058.9119 +033.7893 +149.0338 0
L1 08    421 +015.7303 +004.9316 -001.2579 -072.8008 -048.7036 +103.2031 0
L1 01    425 +012.1100 +004.2470 +001.3174 +091.3847 +001.7633 +000.8189 0
L1 02    425 +007.1369 +005.8794 +001.6821 -119.7983 +003.4932 -128.8830 0
L1 03    425 +012.0518 +005.0418 -000.8572 +089.4048 +004.2162 +091.2104 0
L1 04    425 +008.4744 +010.6726 +001.8065 -055.7414 +000.7120 +000.5970 0
L1 05    425 +014.3887 +009.9620 +001.9683 -107.9622 +002.3799 -008.4686 0
L1 06    425 +013.8986 +002.9899 -000.4248 -011.7125 +003.2356 -122.1512 0
L1 07    425 +015.4578 +003.9797 -000.3634 -058.9147 +033.7893 +149.0352 0
L1 08    425 +015.7303 +004.9314 -001.2578 -072.8025 -048.7037 +103.2035 0
L1 01    429 +012.1100 +004.2470 +001.3174 +091.3845 +001.7633 +000.8192 0
L1 02    429 +007.1369 +005.8794 +001.6821 -119.7981 +003.4931 -128.8831 0
L1 03    429 +012.0518 +005.0418 -000.8572 +089.4046 +004.2162 +091.2102 0
L1 04    429 +008.4743 +010.6726 +001.8065 -055.7408 +000.7120 +000.5972 0
L1 05    429 +014.3885 +009.9625 +001.9684 -107.9585 +002.3814 -008.4690 0
L1 06    429 +013.8986 +002.9898 -000.4247 -011.7133 +003.2350 -122.1508 0
L1 07    429 +015.4578 +003.9801 -000.3635 -058.9139 +033.7892 +149.0336 0
L1 08    429 +015.7303 +004.9316 -001.2578 -072.8017 -048.7032 +103.2040 0
L1 01    433 +012.1101 +004.2468 +001.3174 +091.3825 +001.7627 +000.8188 0
L1 02    433 +007.1369 +005.8794 +001.6821 -119.7984 +003.4932 -128.8830 0
L1 03    433 +012.0518 +005.0417 -000.8572 +089.4036 +004.2164 +091.2102 0
L1 04    433 +008.4744 +010.6725 +001.8066 -055.7414 +000.7130 +000.5976 0
L1 05    433 +014.3886 +009.9620 +001.9684 -107.9606 +002.3832 -008.4686 0
L1 06    433 +013.8986 +002.9896 -000.4249 -011.7167 +003.2383 -122.1519 0
L1 07    433 +015.4577 +003.9800 -000.3634 -058.9148 +033.7873 +149.0346 0
L1 08    433 +015.7303 +004.9312 -001.2579 -072.8034 -048.7039 +103.2035 0
L1 01    437 +012.1100 +004.2469 +001.3174 +091.3834 +001.7631 +000.8193 0
L1 02    437 +007.1369 +005.8794 +001.6821 -119.7980 +003.4932 -128.8829 0
L1 03    437 +012.0517 +005.0418 -000.8572 +089.4045 +004.2171 +091.2108 0
L1 04    437 +008.4743 +010.6726 +001.8065 -055.7411 +000.7128 +000.5968 0
L1 05    437 +014.3884 +009.9622 +001.9688 -107.9573 +002.3840 -008.4684 0
L1 06    437 +013.8986 +002.9897 -000.4248 -011.7150 +003.2376 -122.1503 0
L1 07    437 +015.4578 +003.9796 -000.3635 -058.9178 +033.7887 +149.0332 0
L1 08    437 +015.7303 +004.9313 -001.2579 -072.8027 -048.7040 +103.2027 0
L1 01    441 +012.1100 +004.2471 +001.3172 +091.3848 +001.7644 +000.8214 0
L1 02    441 +007.1369 +005.8794 +001.6821 -119.7983 +003.4932 -128.8829 0
L1 03    441 +012.0517 +005.0418 -000.8573 +089.4046 +004.2177 +091.2109 0
L1 04    441 +008.4743 +010.6726 +001.8065 -055.7413 +000.7122 +000.5967 0
L1 05    441 +014.3885 +009.9622 +001.9684 -107.9575 +002.3813 -008.4700 0
L1 06    441 +013.8985 +002.9898 -000.4248 -011.7152 +003.2383 -122.1499 0
L1 07    441 +015.4578 +003.9797 -000.3637 -058.9187 +033.7893 +149.0315 0
L1 08    441 +015.7303 +004.9314 -001.2580 -072.8020 -048.7039 +103.2022 0
L1 01    445 +012.1100 +004.2469 +001.3174 +091.3837 +001.7631 +000.8205 0
L1 02    445 +007.1370 +005.8794 +001.6821 -119.7992 +003.4918 -128.8843 0
L1 03    445 +012.0517 +005.0419 -000.8572 +089.4043 +004.2178 +091.2111 0
L1 04    445 +008.4745 +010.6725 +001.8064 -055.7418 +000.7120 +000.5957 0
L1 05    445 +014.3885 +009.9624 +001.9682 -107.9578 +002.3803 -008.4726 0
L1 06    445 +013.8987 +002.9896 -000.4253 -011.7166 +003.2408 -122.1506 0
L1 07    445 +015.4577 +003.9799 -000.3640 -058.9192 +033.7915 +149.0291 0
L1 08    445 +015.7304 +004.9312 -001.2578 -072.8035 -048.7037 +103.2032 0
L1 01    449 +012.1100 +004.2470 +001.3174 +091.3847 +001.7636 +000.8205 0
L1 02    449 +007.1370 +005.8794 +001.6821 -119.7978 +003.4929 -128.8829 0
L1 03    449 +012.0517 +005.0420 -000.8572 +089.4050 +004.2181 +091.2107 0
L1 04    449 +008.4744 +010.6726 +001.8065 -055.7417 +000.7126 +000.5964 0
L1 05    449 +014.3884 +009.9627 +001.9682 -107.9511 +002.3818 -008.4725 0
L1 06    449 +013.8985 +002.9898 -000.4248 -011.7166 +003.2401 -122.1506 0
L1 07    449 +015.4576 +003.9802 -000.3638 -058.9149 +033.7905 +149.0317 0
L1 08    449 +015.7304 +004.9313 -001.2578 -072.8030 -048.7033 +103.2035 0
L1 01    453 +012.1100 +004.2470 +001.3173 +091.3852 +001.7637 +000.8212 0
L1 02    453 +007.1369 +005.8794 +001.6821 -119.7977 +003.4927 -128.8829 0
L1 03    453 +012.0517 +005.0419 -000.8572 +089.4048 +004.2179 +091.2109 0
L1 04    453 +008.4744 +010.6726 +001.8065 -055.7414 +000.7128 +000.5966 0
L1 05    453 +014.3885 +009.9625 +001.9688 -107.9522 +002.3858 -008.4716 0
L1 06    453 +013.8985 +002.9899 -000.4247 -011.7167 +003.2402 -122.1501 0
L1 07    453 +015.4576 +003.9802 -000.3638 -058.9142 +033.7898 +149.0323 0
L1 08    453 +015.7304 +004.9312 -001.2579 -072.8028 -048.7036 +103.2028 0
L1 01    457 +012.1100 +004.2470 +001.3173 +091.3843 +001.7640 +000.8200 0
L1 02    457 +007.1370 +005.8794 +001.6821 -119.7986 +003.4929 -128.8830 0
L1 03    457 +012.0517 +005.0418 -000.8573 +089.4027 +004.2181 +091.2106 0
L1 04    457 +008.4745 +010.6725 +001.8064 -055.7423 +000.7126 +000.5967 0
L1 05    457 +014.3889 +009.9619 +001.9684 -107.9577 +002.3830 -008.4703 0
L1 06    457 +013.8986 +002.9898 -000.4248 -011.7190 +003.2419 -122.1506 0
L1 07    457 +015.4577 +003.9798 -000.3638 -058.9169 +033.7905 +149.0325 0
L1 08    457 +015.7304 +004.9311 -001.2579 -072.8062 -048.7041 +103.2031 0
L1 01    461 +012.1100 +004.2471 +001.3172 +091.3861 +001.7651 +000.8210 0
L1 02    461 +007.1370 +005.8794 +001.6821 -119.7984 +003.4931 -128.8830 0
L1 03    461 +012.0517 +005.0418 -000.8573 +089.4028 +004.2185 +091.2112 0
L1 04    461 +008.4745 +010.6725 +001.8065 -055.7424 +000.7125 +000.5974 0
L1 05    461 +014.3889 +009.9618 +001.9684 -107.9576 +002.3824 -008.4716 0
L1 06    461 +013.8985 +002.9899 -000.4248 -011.7183 +003.2416 -122.1498 0
L1 07    461 +015.4577 +003.9797 -000.3639 -058.9159 +033.7902 +149.0334 0
L1 08    461 +015.7304 +004.9312 -001.2578 -072.8056 -048.7030 +103.2048 0
L1 01    465 +012.1100 +004.2471 +001.3172 +091.3870 +001.7652 +000.8219 0
L1 02    465 +007.1370 +005.8793 +001.6821 -119.7987 +003.4928 -128.8831 0
L1 03    465 +012.0517 +005.0418 -000.8573 +089.4032 +004.2185 +091.2110 0
L1 04    465 +008.4745 +010.6725 +001.8065 -055.7424 +000.7124 +000.5971 0
L1 05    465 +014.3886 +009.9620 +001.9685 -107.9558 +002.3812 -008.4751 0
L1 06    465 +013.8985 +002.9897 -000.4247 -011.7197 +003.2415 -122.1493 0
L1 07    465 +015.4577 +003.9799 -000.3636 -058.9137 +033.7903 +149.0349 0
L1 08    465 +015.7303 +004.9313 -001.2580 -072.8030 -048.7030 +103.2027 0
L1 01    469 +012.1100 +004.2470 +001.3172 +091.3852 +001.7654 +000.8213 0
L1 02    469 +007.1370 +005.8793 +001.6821 -119.7990 +003.4931 -128.8830 0
L1 03    469 +012.0518 +005.0417 -000.8573 +089.4011 +004.2191 +091.2106 0
L1 04    469 +008.4747 +010.6723 +001.8065 -055.7447 +000.7128 +000.5971 0
L1 05    469 +014.3884 +009.9622 +001.9684 -107.9539 +002.3796 -008.4763 0
L1 06    469 +013.8985 +002.9899 -000.4249 -011.7200 +003.2436 -122.1500 0
L1 07    469 +015.4577 +003.9798 -000.3634 -058.9137 +033.7893 +149.0374 0
L1 08    469 +015.7304 +004.9309 -001.2580 -072.8072 -048.7032 +103.2031 0
L1 01    473 +012.1100 +004.2471 +001.3172 +091.3852 +001.7659 +000.8210 0
L1 02    473 +007.1370 +005.8793 +001.6821 -119.7989 +003.4930 -128.8830 0
L1 03    473 +012.0518 +005.0418 -000.8573 +089.4018 +004.2191 +091.2107 0
L1 04    473 +008.4745 +010.6725 +001.8065 -055.7427 +000.7127 +000.5970 0
L1 05    473 +014.3886 +009.9622 +001.9683 -107.9537 +002.3817 -008.4760 0
L1 06    473 +013.8985 +002.9900 -000.4247 -011.7192 +003.2439 -122.1491 0
L1 07    473 +015.4577 +003.9798 -000.3634 -058.9131 +033.7887 +149.0366 0
L1 08    473 +015.7303 +004.9313 -001.2577 -072.8056 -048.7028 +103.2052 0
L1 01    477 +012.1100 +004.2470 +001.3173 +091.3838 +001.7657 +000.8208 0
L1 02    477 +007.1370 +005.8793 +001.6821 -119.7995 +003.4931 -128.8831 0
L1 03    477 +012.0518 +005.0418 -000.8573 +089.4010 +004.2191 +091.2110 0
L1 04    477 +008.4746 +010.6724 +001.8064 -055.7431 +000.7130 +000.5966 0
L1 05    477 +014.3885 +009.9622 +001.9686 -107.9524 +002.3862 -008.4698 0
L1 06    477 +013.8985 +002.9898 -000.4248 -011.7213 +003.2456 -122.1493 0
L1 07    477 +015.4576 +003.9798 -000.3635 -058.9130 +033.7906 +149.0375 0
L1 08    477 +015.7303 +004.9311 -001.2578 -072.8058 -048.7029 +103.2039 0
L1 01    481 +012.1100 +004.2469 +001.3174 +091.3831 +001.7657 +000.8199 0
L1 02    481 +007.1370 +005.8793 +001.6821 -119.7993 +003.4931 -128.8833 0
L1 03    481 +012.0518 +005.0417 -000.8572 +089.3994 +004.2194 +091.2103 0
L1 04    481 +008.4747 +010.6723 +001.8065 -055.7454 +000.7140 +000.5973 0
L1 05    481 +014.3886 +009.9619 +001.9687 -107.9562 +002.3862 -008.4691 0
L1 06    481 +013.8985 +002.9895 -000.4249 -011.7251 +003.2472 -122.1504 0
L1 07    481 +015.4577 +003.9795 -000.3634 -058.9157 +033.7911 +149.0382 0
L1 08    481 +015.7304 +004.9309 -001.2579 -072.8064 -048.7022 +103.2021 0
L1 01    485 +012.1100 +004.2470 +001.3173 +091.3849 +001.7656 +000.8203 0
L1 02    485 +007.1370 +005.8793 +001.6821 -119.7990 +003.4932 -128.8830 0
L1 03    485 +012.0518 +005.0418 -000.8573 +089.4011 +004.2196 +091.2104 0
L1 04    485 +008.4746 +010.6724 +001.8065 -055.7429 +000.7128 +000.5973 0
L1 05    485 +014.3884 +009.9624 +001.9685 -107.9531 +002.3818 -008.4729 0
L1 06    485 +013.8985 +002.9895 -000.4250 -011.7247 +003.2480 -122.1509 0
L1 07    485 +015.4578 +003.9795 -000.3635 -058.9145 +033.7900 +149.0372 0
L1 08    485 +015.7304 +004.9311 -001.2579 -072.8054 -048.7026 +103.2032 0
L1 01    489 +012.1100 +004.2470 +001.3174 +091.3851 +001.7654 +000.8196 0
L1 02    489 +007.1370 +005.8793 +001.6821 -119.7988 +003.4931 -128.8831 0
L1 03    489 +012.0518 +005.0417 -000.8572 +089.4003 +004.2202 +091.2099 0
L1 04    489 +008.4745 +010.6724 +001.8065 -055.7429 +000.7125 +000.5970 0
L1 05    489 +014.3885 +009.9622 +001.9693 -107.9566 +002.3819 -008.4719 0
L1 06    489 +013.8984 +002.9897 -000.4250 -011.7235 +003.2484 -122.1502 0
L1 07    489 +015.4577 +003.9797 -000.3634 -058.9126 +033.7908 +149.0388 0
L1 08    489 +015.7304 +004.9310 -001.2578 -072.8074 -048.7029 +103.2051 0
L1 01    493 +012.1100 +004.2472 +001.3173 +091.3860 +001.7658 +000.8208 0
L1 02    493 +007.1370 +005.8794 +001.6821 -119.7982 +003.4933 -128.8828 0
L1 03    493 +012.0517 +005.0419 -000.8572 +089.4012 +004.2205 +091.2104 0
L1 04    493 +008.4745 +010.6725 +001.8065 -055.7425 +000.7119 +000.5969 0
L1 05    493 +014.3883 +009.9624 +001.9689 -107.9570 +002.3785 -008.4707 0
L1 06    493 +013.8984 +002.9897 -000.4249 -011.7243 +003.2482 -122.1500 0
L1 07    493 +015.4577 +003.9798 -000.3634 -058.9120 +033.7913 +149.0384 0
L1 08    493 +015.7304 +004.9310 -001.2579 -072.8071 -048.7032 +103.2044 0
L1 01    497 +012.1100 +004.2471 +001.3173 +091.3851 +001.7652 +000.8213 0
L1 02    497 +007.1370 +005.8794 +001.6821 -119.7984 +003.4933 -128.8827 0
L1 03    497 +012.0517 +005.0419 -000.8572 +089.4011 +004.2204 +091.2104 0
L1 04    497 +008.4745 +010.6725 +001.8065 -055.7423 +000.7121 +000.5970 0
L1 05    497 +014.3883 +009.9625 +001.9689 -107.9568 +002.3791 -008.4687 0
L1 06    497 +013.8984 +002.9898 -000.4247 -011.7245 +003.2480 -122.1499 0
L1 07    497 +015.4576 +003.9799 -000.3635 -058.9116 +033.7916 +149.0383 0
L1 08    497 +015.7303 +004.9311 -001.2579 -072.8062 -048.7028 +103.2040 0
L1 01    501 +012.1100 +004.2470 +001.3173 +091.3835 +001.7639 +000.8193 0
L1 02    501 +007.1370 +005.8794 +001.6821 -119.7985 +003.4930 -128.8830 0
L1 03    501 +012.0518 +005.0419 -000.8572 +089.4003 +004.2202 +091.2103 0
L1 04    501 +008.4745 +010.6725 +001.8065 -055.7427 +000.7122 +000.5972 0
L1 05    501 +014.3885 +009.9622 +001.9689 -107.9581 +002.3801 -008.4691 0
L1 06    501 +013.8984 +002.9897 -000.4249 -011.7254 +003.2499 -122.1498 0
L1 07    501 +015.4576 +003.9799 -000.3633 -058.9107 +033.7909 +149.0393 0
L1 08    501 +015.7304 +004.9309 -001.2580 -072.8059 -048.7026 +103.2024 0
L1 01    505 +012.1100 +004.2470 +001.3173 +091.3841 +001.7630 +000.8180 0
L1 02    505 +007.1370 +005.8793 +001.6821 -119.7987 +003.4929 -128.8831 0
L1 03    505 +012.0518 +005.0419 -000.8572 +089.3993 +004.2193 +091.2097 0
L1 04    505 +008.4746 +010.6724 +001.8065 -055.7433 +000.7127 +000.5965 0
L1 05    505 +014.3887 +009.9619 +001.9690 -107.9588 +002.3823 -008.4688 0
L1 06    505 +013.8985 +002.9897 -000.4249 -011.7268 +003.2505 -122.1491 0
L1 07    505 +015.4576 +003.9800 -000.3634 -058.9123 +033.7913 +149.0382 0
L1 08    505 +015.7304 +004.9310 -001.2579 -072.8072 -048.7023 +103.2039 0
