L1 01      4 +013.4405 +000.2781 +001.3041 +065.4363 +001.9484 +000.9445 0
L1 02      4 +007.1377 +005.8784 +001.6815 -119.7897 +003.4709 -128.8719 0
L1 03      4 +013.7035 +001.0405 -000.8701 +066.0267 +003.6010 +091.1056 0
L1 04      4 +008.4607 +010.6742 +001.8047 -055.5520 -000.1955 +000.5301 0
L1 05      4 +014.3957 +009.9681 +001.9683 -108.9544 +000.9294 -011.7342 0
L1 06      4 +015.0131 -001.2713 -000.9094 -003.7809 +031.7629 -120.2059 0
L1 07      4 +016.3941 -000.2422 -001.0605 -060.6359 +050.5025 +151.7309 0
L1 08      4 +016.1903 +000.9915 -001.9782 -021.1845 -034.2604 +067.3779 0
L1 01      8 +013.4405 +000.2781 +001.3041 +065.4355 +001.9488 +000.9448 0
L1 02      8 +007.1377 +005.8784 +001.6816 -119.7901 +003.4711 -128.8719 0
L1 03      8 +013.7035 +001.0406 -000.8702 +066.0272 +003.6010 +091.1068 0
L1 04      8 +008.4608 +010.6742 +001.8047 -055.5522 -000.1961 +000.5296 0
L1 05      8 +014.3957 +009.9681 +001.9684 -108.9550 +000.9296 -011.7341 0
L1 06      8 +015.0131 -001.2717 -000.9094 -003.7837 +031.7624 -120.2066 0
L1 07      8 +016.3942 -000.2426 -001.0606 -060.6393 +050.5038 +151.7296 0
L1 08      8 +016.1904 +000.9914 -001.9781 -021.1858 -034.2614 +067.3786 0
L1 01     12 +013.4405 +000.2780 +001.3041 +065.4340 +001.9495 +000.9450 0
L1 02     12 +007.1377 +005.8784 +001.6816 -119.7904 +003.4711 -128.8719 0
L1 03     12 +013.7034 +001.0406 -000.8702 +066.0268 +003.6011 +091.1068 0
L1 04     12 +008.4608 +010.6742 +001.8046 -055.5523 -000.1957 +000.5293 0
L1 05     12 +014.3957 +009.9682 +001.9682 -108.9547 +000.9276 -011.7334 0
L1 06     12 +015.0131 -001.2716 -000.9095 -003.7831 +031.7628 -120.2058 0
L1 07     12 +016.3942 -000.2423 -001.0606 -060.6376 +050.5042 +151.7309 0
L1 08     12 +016.1904 +000.9913 -001.9781 -021.1870 -034.2608 +067.3783 0
L1 01     16 +013.4405 +000.2781 +001.3042 +065.4337 +001.9502 +000.9445 0
L1 02     16 +007.1377 +005.8784 +001.6816 -119.7905 +003.4710 -128.8721 0
L1 03     16 +013.7035 +001.0406 -000.8701 +066.0261 +003.6015 +091.1064 0
L1 04     16 +008.4608 +010.6742 +001.8046 -055.5521 -000.1959 +000.5293 0
L1 05     16 +014.3957 +009.9683 +001.9681 -108.9549 +000.9271 -011.7343 0
L1 06     16 +015.0131 -001.2715 -000.9095 -003.7830 +031.7641 -120.2054 0
L1 07     16 +016.3942 -000.2423 -001.0608 -060.6398 +050.5044 +151.7282 0
L1 08     16 +016.1904 +000.9915 -001.9782 -021.1858 -034.2609 +067.3783 0
L1 01     20 +013.4405 +000.2781 +001.3042 +065.4335 +001.9507 +000.9448 0
L1 02     20 +007.1377 +005.8784 +001.6816 -119.7900 +003.4709 -128.8720 0
L1 03     20 +013.7034 +001.0406 -000.8702 +066.0264 +003.6020 +091.1072 0
L1 04     20 +008.4607 +010.6743 +001.8046 -055.5516 -000.1959 +000.5295 0
L1 05     20 +014.3957 +009.9683 +001.9676 -108.9547 +000.9263 -011.7349 0
L1 06     20 +015.0131 -001.2716 -000.9094 -003.7833 +031.7631 -120.2054 0
L1 07     20 +016.3942 -000.2422 -001.0606 -060.6370 +050.5052 +151.7313 0
L1 08     20 +016.1904 +000.9916 -001.9781 -021.1853 -034.2611 +067.3786 0
L1 01     24 +013.4405 +000.2781 +001.3043 +065.4329 +001.9504 +000.9436 0
L1 02     24 +007.1377 +005.8784 +001.6816 -119.7902 +003.4709 -128.8720 0
L1 03     24 +013.7034 +001.0406 -000.8701 +066.0263 +003.6016 +091.1064 0
L1 04     24 +008.4607 +010.6743 +001.8047 -055.5518 -000.1957 +000.5297 0
L1 05     24 +014.3954 +009.9685 +001.9687 -108.9524 +000.9307 -011.7315 0
L1 06     24 +015.0130 -001.2716 -000.9095 -003.7842 +031.7635 -120.2067 0
L1 07     24 +016.3941 -000.2419 -001.0607 -060.6339 +050.5044 +151.7325 0
L1 08     24 +016.1904 +000.9913 -001.9780 -021.1869 -034.2622 +067.3792 0
L1 01     28 +013.4405 +000.2782 +001.3042 +065.4329 +001.9520 +000.9435 0
L1 02     28 +007.1377 +005.8785 +001.6815 -119.7893 +003.4705 -128.8719 0
L1 03     28 +013.7035 +001.0405 -000.8701 +066.0255 +003.6017 +091.1065 0
L1 04     28 +008.4607 +010.6743 +001.8047 -055.5514 -000.1959 +000.5299 0
L1 05     28 +014.3955 +009.9685 +001.9685 -108.9526 +000.9295 -011.7324 0
L1 06     28 +015.0131 -001.2712 -000.9095 -003.7807 +031.7636 -120.2052 0
L1 07     28 +016.3941 -000.2418 -001.0606 -060.6346 +050.5045 +151.7314 0
L1 08     28 +016.1903 +000.9917 -001.9782 -021.1852 -034.2609 +067.3794 0
L1 01     32 +013.4405 +000.2781 +001.3042 +065.4308 +001.9522 +000.9442 0
L1 02     32 +007.1377 +005.8784 +001.6815 -119.7903 +003.4710 -128.8722 0
L1 03     32 +013.7035 +001.0405 -000.8702 +066.0248 +003.6019 +091.1067 0
L1 04     32 +008.4608 +010.6742 +001.8046 -055.5524 -000.1960 +000.5293 0
L1 05     32 +014.3955 +009.9684 +001.9682 -108.9532 +000.9283 -011.7332 0
L1 06     32 +015.0131 -001.2714 -000.9093 -003.7832 +031.7622 -120.2054 0
L1 07     32 +016.3942 -000.2420 -001.0607 -060.6367 +050.5046 +151.7314 0
L1 08     32 +016.1904 +000.9915 -001.9781 -021.1866 -034.2614 +067.3789 0
L1 01     36 +013.4405 +000.2783 +001.3041 +065.4323 +001.9529 +000.9444 0
L1 02     36 +007.1377 +005.8784 +001.6816 -119.7899 +003.4711 -128.8720 0
L1 03     36 +013.7035 +001.0406 -000.8701 +066.0257 +003.6020 +091.1065 0
L1 04     36 +008.4605 +010.6745 +001.8046 -055.5500 -000.1958 +000.5294 0
L1 05     36 +014.3955 +009.9687 +001.9681 -108.9518 +000.9285 -011.7346 0
L1 06     36 +015.0132 -001.2711 -000.9091 -003.7801 +031.7600 -120.2042 0
L1 07     36 +016.3942 -000.2420 -001.0607 -060.6360 +050.5042 +151.7324 0
L1 08     36 +016.1904 +000.9918 -001.9782 -021.1848 -034.2613 +067.3793 0
L1 01     40 +013.4405 +000.2781 +001.3041 +065.4299 +001.9531 +000.9445 0
L1 02     40 +007.1377 +005.8784 +001.6816 -119.7899 +003.4711 -128.8721 0
L1 03     40 +013.7035 +001.0405 -000.8702 +066.0242 +003.6024 +091.1064 0
L1 04     40 +008.4608 +010.6742 +001.8046 -055.5524 -000.1955 +000.5293 0
L1 05     40 +014.3959 +009.9678 +001.9686 -108.9568 +000.9311 -011.7332 0
L1 06     40 +015.0131 -001.2717 -000.9091 -003.7854 +031.7600 -120.2058 0
L1 07     40 +016.3942 -000.2424 -001.0606 -060.6389 +050.5041 +151.7326 0
L1 08     40 +016.1904 +000.9915 -001.9782 -021.1872 -034.2612 +067.3789 0
L1 01     44 +013.4405 +000.2780 +001.3042 +065.4288 +001.9535 +000.9440 0
L1 02     44 +007.1377 +005.8784 +001.6816 -119.7900 +003.4711 -128.8721 0
L1 03     44 +013.7035 +001.0406 -000.8702 +066.0244 +003.6022 +091.1062 0
L1 04     44 +008.4607 +010.6743 +001.8046 -055.5516 -000.1958 +000.5291 0
L1 05     44 +014.3959 +009.9678 +001.9685 -108.9571 +000.9300 -011.7333 0
L1 06     44 +015.0130 -001.2715 -000.9093 -003.7844 +031.7620 -120.2059 0
L1 07     44 +016.3942 -000.2425 -001.0604 -060.6384 +050.5029 +151.7337 0
L1 08     44 +016.1904 +000.9915 -001.9782 -021.1873 -034.2618 +067.3790 0
L1 01     48 +013.4405 +000.2781 +001.3041 +065.4280 +001.9547 +000.9448 0
L1 02     48 +007.1377 +005.8784 +001.6815 -119.7900 +003.4708 -128.8722 0
L1 03     48 +013.7035 +001.0406 -000.8702 +066.0242 +003.6027 +091.1063 0
L1 04     48 +008.4607 +010.6743 +001.8045 -055.5516 -000.1961 +000.5286 0
L1 05     48 +014.3958 +009.9680 +001.9682 -108.9562 +000.9275 -011.7331 0
L1 06     48 +015.0130 -001.2715 -000.9093 -003.7847 +031.7621 -120.2052 0
L1 07     48 +016.3942 -000.2423 -001.0607 -060.6398 +050.5044 +151.7322 0
L1 08     48 +016.1904 +000.9913 -001.9781 -021.1887 -034.2619 +067.3788 0
L1 01     52 +013.4405 +000.2781 +001.3041 +065.4275 +001.9552 +000.9442 0
L1 02     52 +007.1377 +005.8784 +001.6815 -119.7899 +003.4708 -128.8722 0
L1 03     52 +013.7035 +001.0406 -000.8701 +066.0240 +003.6027 +091.1062 0
L1 04     52 +008.4608 +010.6742 +001.8047 -055.5522 -000.1957 +000.5295 0
L1 05     52 +014.3957 +009.9683 +001.9682 -108.9538 +000.9275 -011.7338 0
L1 06     52 +015.0130 -001.2717 -000.9093 -003.7863 +031.7618 -120.2048 0
L1 07     52 +016.3942 -000.2423 -001.0607 -060.6420 +050.5049 +151.7296 0
L1 08     52 +016.1904 +000.9914 -001.9782 -021.1883 -034.2616 +067.3786 0
L1 01     56 +013.4405 +000.2781 +001.3042 +065.4271 +001.9551 +000.9439 0
L1 02     56 +007.1377 +005.8784 +001.6815 -119.7901 +003.4709 -128.8722 0
L1 03     56 +013.7035 +001.0406 -000.8701 +066.0237 +003.6027 +091.1061 0
L1 04     56 +008.4607 +010.6743 +001.8047 -055.5512 -000.1959 +000.5295 0
L1 05     56 +014.3959 +009.9681 +001.9678 -108.9545 +000.9265 -011.7349 0
L1 06     56 +015.0129 -001.2715 -000.9093 -003.7852 +031.7624 -120.2049 0
L1 07     56 +016.3942 -000.2425 -001.0607 -060.6413 +050.5044 +151.7324 0
L1 08     56 +016.1904 +000.9915 -001.9781 -021.1882 -034.2620 +067.3794 0
L1 01     60 +013.4405 +000.2781 +001.3041 +065.4257 +001.9557 +000.9437 0
L1 02     60 +007.1377 +005.8784 +001.6816 -119.7906 +003.4710 -128.8723 0
L1 03     60 +013.7035 +001.0406 -000.8701 +066.0236 +003.6030 +091.1058 0
L1 04     60 +008.4607 +010.6743 +001.8046 -055.5517 -000.1961 +000.5293 0
L1 05     60 +014.3958 +009.9683 +001.9676 -108.9546 +000.9252 -011.7359 0
L1 06     60 +015.0130 -001.2717 -000.9094 -003.7866 +031.7629 -120.2051 0
L1 07     60 +016.3941 -000.2420 -001.0609 -060.6405 +050.5050 +151.7296 0
L1 08     60 +016.1905 +000.9913 -001.9782 -021.1893 -034.2617 +067.3784 0
L1 01     64 +013.4405 +000.2781 +001.3041 +065.4259 +001.9566 +000.9438 0
L1 02     64 +007.1377 +005.8784 +001.6815 -119.7901 +003.4707 -128.8722 0
L1 03     64 +013.7035 +001.0406 -000.8701 +066.0233 +003.6033 +091.1055 0
L1 04     64 +008.4607 +010.6743 +001.8046 -055.5516 -000.1961 +000.5293 0
L1 05     64 +014.3958 +009.9682 +001.9683 -108.9552 +000.9281 -011.7333 0
L1 06     64 +015.0130 -001.2715 -000.9093 -003.7851 +031.7616 -120.2059 0
L1 07     64 +016.3942 -000.2423 -001.0607 -060.6410 +050.5036 +151.7308 0
L1 08     64 +016.1905 +000.9915 -001.9782 -021.1886 -034.2621 +067.3791 0
L1 01     68 +013.4405 +000.2781 +001.3041 +065.4246 +001.9572 +000.9438 0
L1 02     68 +007.1377 +005.8784 +001.6816 -119.7901 +003.4712 -128.8721 0
L1 03     68 +013.7035 +001.0406 -000.8702 +066.0228 +003.6034 +091.1056 0
L1 04     68 +008.4608 +010.6742 +001.8047 -055.5525 -000.1957 +000.5297 0
L1 05     68 +014.3957 +009.9682 +001.9686 -108.9547 +000.9300 -011.7319 0
L1 06     68 +015.0130 -001.2717 -000.9093 -003.7868 +031.7613 -120.2050 0
L1 07     68 +016.3942 -000.2428 -001.0604 -060.6405 +050.5033 +151.7354 0
L1 08     68 +016.1905 +000.9913 -001.9781 -021.1893 -034.2633 +067.3782 0
L1 01     72 +013.4405 +000.2780 +001.3041 +065.4234 +001.9571 +000.9434 0
L1 02     72 +007.1377 +005.8784 +001.6816 -119.7903 +003.4712 -128.8719 0
L1 03     72 +013.7035 +001.0406 -000.8701 +066.0225 +003.6031 +091.1056 0
L1 04     72 +008.4608 +010.6742 +001.8046 -055.5523 -000.1958 +000.5293 0
L1 05     72 +014.3956 +009.9683 +001.9685 -108.9542 +000.9295 -011.7328 0
L1 06     72 +015.0130 -001.2715 -000.9096 -003.7856 +031.7633 -120.2038 0
L1 07     72 +016.3941 -000.2422 -001.0602 -060.6358 +050.5043 +151.7374 0
L1 08     72 +016.1904 +000.9915 -001.9781 -021.1893 -034.2632 +067.3793 0
L1 01     76 +013.4405 +000.2781 +001.3041 +065.4239 +001.9576 +000.9437 0
L1 02     76 +007.1377 +005.8784 +001.6816 -119.7901 +003.4712 -128.8719 0
L1 03     76 +013.7035 +001.0407 -000.8701 +066.0231 +003.6034 +091.1059 0
L1 04     76 +008.4607 +010.6743 +001.8046 -055.5516 -000.1960 +000.5289 0
L1 05     76 +014.3956 +009.9684 +001.9685 -108.9525 +000.9284 -011.7326 0
L1 06     76 +015.0131 -001.2715 -000.9092 -003.7859 +031.7604 -120.2047 0
L1 07     76 +016.3942 -000.2428 -001.0603 -060.6410 +050.5034 +151.7350 0
L1 08     76 +016.1905 +000.9915 -001.9781 -021.1889 -034.2627 +067.3799 0
L1 01     80 +013.4405 +000.2781 +001.3041 +065.4233 +001.9582 +000.9438 0
L1 02     80 +007.1377 +005.8784 +001.6816 -119.7899 +003.4710 -128.8720 0
L1 03     80 +013.7035 +001.0406 -000.8702 +066.0226 +003.6039 +091.1062 0
L1 04     80 +008.4607 +010.6743 +001.8045 -055.5514 -000.1964 +000.5286 0
L1 05     80 +014.3960 +009.9680 +001.9681 -108.9566 +000.9280 -011.7357 0
L1 06     80 +015.0130 -001.2716 -000.9094 -003.7864 +031.7621 -120.2045 0
L1 07     80 +016.3942 -000.2426 -001.0604 -060.6408 +050.5030 +151.7340 0
L1 08     80 +016.1905 +000.9916 -001.9781 -021.1882 -034.2627 +067.3790 0
L1 01     84 +013.4405 +000.2781 +001.3043 +065.4216 +001.9578 +000.9420 0
L1 02     84 +007.1377 +005.8784 +001.6816 -119.7899 +003.4708 -128.8720 0
L1 03     84 +013.7035 +001.0406 -000.8702 +066.0213 +003.6041 +091.1061 0
L1 04     84 +008.4606 +010.6743 +001.8046 -055.5511 -000.1959 +000.5286 0
L1 05     84 +014.3962 +009.9677 +001.9679 -108.9587 +000.9270 -011.7350 0
L1 06     84 +015.0129 -001.2720 -000.9095 -003.7907 +031.7650 -120.2057 0
L1 07     84 +016.3941 -000.2424 -001.0607 -060.6415 +050.5049 +151.7323 0
L1 08     84 +016.1905 +000.9914 -001.9780 -021.1902 -034.2638 +067.3790 0
L1 01     88 +013.4405 +000.2782 +001.3043 +065.4219 +001.9592 +000.9421 0
L1 02     88 +007.1377 +005.8784 +001.6816 -119.7896 +003.4709 -128.8719 0
L1 03     88 +013.7035 +001.0406 -000.8702 +066.0220 +003.6043 +091.1058 0
L1 04     88 +008.4607 +010.6743 +001.8047 -055.5513 -000.1957 +000.5297 0
L1 05     88 +014.3959 +009.9681 +001.9685 -108.9557 +000.9293 -011.7322 0
L1 06     88 +015.0130 -001.2717 -000.9093 -003.7873 +031.7622 -120.2038 0
L1 07     88 +016.3941 -000.2420 -001.0605 -060.6369 +050.5046 +151.7347 0
L1 08     88 +016.1904 +000.9916 -001.9781 -021.1889 -034.2631 +067.3795 0
L1 01     92 +013.4405 +000.2781 +001.3041 +065.4209 +001.9598 +000.9431 0
L1 02     92 +007.1377 +005.8784 +001.6816 -119.7896 +003.4710 -128.8719 0
L1 03     92 +013.7035 +001.0407 -000.8702 +066.0227 +003.6044 +091.1063 0
L1 04     92 +008.4607 +010.6743 +001.8046 -055.5516 -000.1962 +000.5294 0
L1 05     92 +014.3956 +009.9682 +001.9687 -108.9542 +000.9300 -011.7315 0
L1 06     92 +015.0130 -001.2716 -000.9094 -003.7870 +031.7625 -120.2041 0
L1 07     92 +016.3942 -000.2424 -001.0606 -060.6406 +050.5052 +151.7331 0
L1 08     92 +016.1905 +000.9913 -001.9781 -021.1907 -034.2630 +067.3795 0
L1 01     96 +013.4405 +000.2782 +001.3042 +065.4210 +001.9603 +000.9429 0
L1 02     96 +007.1377 +005.8785 +001.6816 -119.7896 +003.4709 -128.8720 0
L1 03     96 +013.7036 +001.0407 -000.8702 +066.0222 +003.6048 +091.1062 0
L1 04     96 +008.4606 +010.6743 +001.8046 -055.5511 -000.1962 +000.5290 0
L1 05     96 +014.3958 +009.9681 +001.9683 -108.9547 +000.9287 -011.7329 0
L1 06     96 +015.0130 -001.2713 -000.9093 -003.7846 +031.7617 -120.2039 0
L1 07     96 +016.3942 -000.2424 -001.0605 -060.6399 +050.5057 +151.7338 0
L1 08     96 +016.1905 +000.9916 -001.9781 -021.1892 -034.2631 +067.3801 0
L1 01    100 +013.4405 +000.2782 +001.3042 +065.4201 +001.9605 +000.9430 0
L1 02    100 +007.1377 +005.8784 +001.6816 -119.7898 +003.4709 -128.8719 0
L1 03    100 +013.7035 +001.0406 -000.8702 +066.0213 +003.6051 +091.1060 0
L1 04    100 +008.4608 +010.6742 +001.8046 -055.5521 -000.1961 +000.5291 0
L1 05    100 +014.3960 +009.9680 +001.9679 -108.9559 +000.9266 -011.7345 0
L1 06    100 +015.0130 -001.2715 -000.9092 -003.7861 +031.7612 -120.2036 0
L1 07    100 +016.3942 -000.2424 -001.0602 -060.6381 +050.5047 +151.7374 0
L1 08    100 +016.1905 +000.9915 -001.9780 -021.1908 -034.2639 +067.3799 0
L1 01    104 +013.4405 +000.2782 +001.3042 +065.4198 +001.9615 +000.9425 0
L1 02    104 +007.1377 +005.8784 +001.6815 -119.7898 +003.4706 -128.8720 0
L1 03    104 +013.7035 +001.0405 -000.8701 +066.0208 +003.6049 +091.1056 0
L1 04    104 +008.4608 +010.6742 +001.8046 -055.5521 -000.1961 +000.5292 0
L1 05    104 +014.3956 +009.9684 +001.9680 -108.9530 +000.9266 -011.7336 0
L1 06    104 +015.0130 -001.2716 -000.9094 -003.7872 +031.7628 -120.2045 0
L1 07    104 +016.3941 -000.2422 -001.0607 -060.6401 +050.5056 +151.7331 0
L1 08    104 +016.1904 +000.9915 -001.9780 -021.1902 -034.2637 +067.3794 0
L1 01    108 +013.4405 +000.2781 +001.3042 +065.4180 +001.9618 +000.9430 0
L1 02    108 +007.1377 +005.8784 +001.6816 -119.7902 +003.4708 -128.8720 0
L1 03    108 +013.7035 +001.0406 -000.8701 +066.0205 +003.6053 +091.1055 0
L1 04    108 +008.4607 +010.6743 +001.8046 -055.5517 -000.1959 +000.5292 0
L1 05    108 +014.3955 +009.9684 +001.9681 -108.9533 +000.9281 -011.7342 0
L1 06    108 +015.0130 -001.2717 -000.9095 -003.7895 +031.7647 -120.2054 0
L1 07    108 +016.3941 -000.2424 -001.0605 -060.6411 +050.5037 +151.7335 0
L1 08    108 +016.1905 +000.9913 -001.9782 -021.1917 -034.2630 +067.3789 0
L1 01    112 +013.4405 +000.2781 +001.3042 +065.4182 +001.9621 +000.9430 0
L1 02    112 +007.1377 +005.8784 +001.6816 -119.7899 +003.4709 -128.8718 0
L1 03    112 +013.7035 +001.0406 -000.8702 +066.0210 +003.6056 +091.1060 0
L1 04    112 +008.4607 +010.6743 +001.8046 -055.5511 -000.1965 +000.5291 0
L1 05    112 +014.3956 +009.9684 +001.9679 -108.9520 +000.9263 -011.7345 0
L1 06    112 +015.0130 -001.2717 -000.9092 -003.7881 +031.7626 -120.2038 0
L1 07    112 +016.3941 -000.2426 -001.0607 -060.6418 +050.5059 +151.7335 0
L1 08    112 +016.1904 +000.9914 -001.9781 -021.1909 -034.2630 +067.3798 0
L1 01    116 +013.4405 +000.2782 +001.3041 +065.4174 +001.9628 +000.9428 0
L1 02    116 +007.1377 +005.8784 +001.6816 -119.7898 +003.4708 -128.8720 0
L1 03    116 +013.7036 +001.0406 -000.8702 +066.0204 +003.6055 +091.1059 0
L1 04    116 +008.4606 +010.6744 +001.8046 -055.5506 -000.1963 +000.5294 0
L1 05    116 +014.3958 +009.9681 +001.9680 -108.9557 +000.9282 -011.7340 0
L1 06    116 +015.0129 -001.2717 -000.9096 -003.7879 +031.7643 -120.2042 0
L1 07    116 +016.3941 -000.2427 -001.0604 -060.6413 +050.5051 +151.7356 0
L1 08    116 +016.1905 +000.9916 -001.9781 -021.1904 -034.2628 +067.3799 0
L1 01    120 +013.4405 +000.2782 +001.3042 +065.4169 +001.9630 +000.9424 0
L1 02    120 +007.1377 +005.8784 +001.6815 -119.7896 +003.4708 -128.8720 0
L1 03    120 +013.7036 +001.0405 -000.8701 +066.0200 +003.6055 +091.1054 0
L1 04    120 +008.4606 +010.6743 +001.8046 -055.5508 -000.1959 +000.5294 0
L1 05    120 +014.3959 +009.9680 +001.9684 -108.9561 +000.9300 -011.7334 0
L1 06    120 +015.0129 -001.2713 -000.9096 -003.7859 +031.7643 -120.2044 0
L1 07    120 +016.3941 -000.2426 -001.0601 -060.6385 +050.5025 +151.7385 0
L1 08    120 +016.1904 +000.9914 -001.9782 -021.1912 -034.2633 +067.3794 0
L1 01    124 +013.4405 +000.2782 +001.3041 +065.4170 +001.9636 +000.9431 0
L1 02    124 +007.1377 +005.8785 +001.6816 -119.7894 +003.4710 -128.8718 0
L1 03    124 +013.7036 +001.0406 -000.8701 +066.0207 +003.6054 +091.1055 0
L1 04    124 +008.4606 +010.6743 +001.8046 -055.5508 -000.1963 +000.5290 0
L1 05    124 +014.3953 +009.9689 +001.9682 -108.9499 +000.9281 -011.7329 0
L1 06    124 +015.0129 -001.2715 -000.9094 -003.7868 +031.7627 -120.2050 0
L1 07    124 +016.3942 -000.2422 -001.0605 -060.6398 +050.5043 +151.7338 0
L1 08    124 +016.1905 +000.9914 -001.9782 -021.1913 -034.2629 +067.3800 0
L1 01    128 +013.4405 +000.2781 +001.3041 +065.4152 +001.9637 +000.9429 0
L1 02    128 +007.1377 +005.8784 +001.6815 -119.7901 +003.4707 -128.8720 0
L1 03    128 +013.7036 +001.0406 -000.8701 +066.0198 +003.6054 +091.1055 0
L1 04    128 +008.4607 +010.6743 +001.8046 -055.5511 -000.1962 +000.5292 0
L1 05    128 +014.3954 +009.9686 +001.9684 -108.9520 +000.9282 -011.7330 0
L1 06    128 +015.0129 -001.2716 -000.9096 -003.7886 +031.7644 -120.2048 0
L1 07    128 +016.3942 -000.2423 -001.0605 -060.6391 +050.5051 +151.7351 0
L1 08    128 +016.1905 +000.9912 -001.9782 -021.1929 -034.2632 +067.3793 0
L1 01    132 +013.4405 +000.2782 +001.3041 +065.4161 +001.9648 +000.9429 0
L1 02    132 +007.1377 +005.8784 +001.6816 -119.7899 +003.4709 -128.8721 0
L1 03    132 +013.7035 +001.0406 -000.8701 +066.0207 +003.6056 +091.1059 0
L1 04    132 +008.4606 +010.6743 +001.8047 -055.5510 -000.1962 +000.5298 0
L1 05    132 +014.3955 +009.9685 +001.9684 -108.9526 +000.9291 -011.7333 0
L1 06    132 +015.0129 -001.2714 -000.9093 -003.7871 +031.7620 -120.2047 0
L1 07    132 +016.3942 -000.2426 -001.0604 -060.6391 +050.5054 +151.7372 0
L1 08    132 +016.1905 +000.9917 -001.9782 -021.1898 -034.2632 +067.3802 0
L1 01    136 +013.4405 +000.2781 +001.3042 +065.4136 +001.9651 +000.9424 0
L1 02    136 +007.1377 +005.8784 +001.6815 -119.7899 +003.4708 -128.8721 0
L1 03    136 +013.7036 +001.0405 -000.8701 +066.0187 +003.6060 +091.1057 0
L1 04    136 +008.4607 +010.6743 +001.8046 -055.5519 -000.1960 +000.5293 0
L1 05    136 +014.3960 +009.9677 +001.9688 -108.9606 +000.9316 -011.7323 0
L1 06    136 +015.0130 -001.2714 -000.9093 -003.7884 +031.7626 -120.2045 0
L1 07    136 +016.3942 -000.2424 -001.0605 -060.6405 +050.5057 +151.7352 0
L1 08    136 +016.1905 +000.9912 -001.9781 -021.1932 -034.2639 +067.3796 0
L1 01    140 +013.4405 +000.2781 +001.3041 +065.4138 +001.9656 +000.9425 0
L1 02    140 +007.1377 +005.8784 +001.6816 -119.7900 +003.4709 -128.8719 0
L1 03    140 +013.7035 +001.0406 -000.8701 +066.0196 +003.6061 +091.1058 0
L1 04    140 +008.4607 +010.6743 +001.8046 -055.5515 -000.1962 +000.5292 0
L1 05    140 +014.3958 +009.9680 +001.9685 -108.9558 +000.9293 -011.7325 0
L1 06    140 +015.0129 -001.2716 -000.9095 -003.7893 +031.7632 -120.2047 0
L1 07    140 +016.3941 -000.2424 -001.0603 -060.6393 +050.5052 +151.7367 0
L1 08    140 +016.1905 +000.9914 -001.9782 -021.1918 -034.2631 +067.3796 0
L1 01    144 +013.4405 +000.2781 +001.3041 +065.4129 +001.9665 +000.9429 0
L1 02    144 +007.1377 +005.8784 +001.6816 -119.7898 +003.4711 -128.8718 0
L1 03    144 +013.7036 +001.0406 -000.8702 +066.0199 +003.6062 +091.1059 0
L1 04    144 +008.4607 +010.6743 +001.8046 -055.5513 -000.1963 +000.5290 0
L1 05    144 +014.3956 +009.9683 +001.9687 -108.9531 +000.9296 -011.7306 0
L1 06    144 +015.0130 -001.2715 -000.9093 -003.7884 +031.7622 -120.2045 0
L1 07    144 +016.3942 -000.2423 -001.0604 -060.6394 +050.5051 +151.7359 0
L1 08    144 +016.1905 +000.9913 -001.9782 -021.1920 -034.2636 +067.3798 0
L1 01    148 +013.4405 +000.2782 +001.3041 +065.4131 +001.9670 +000.9422 0
L1 02    148 +007.1377 +005.8784 +001.6815 -119.7897 +003.4708 -128.8723 0
L1 03    148 +013.7036 +001.0406 -000.8701 +066.0199 +003.6066 +091.1054 0
L1 04    148 +008.4607 +010.6743 +001.8046 -055.5516 -000.1960 +000.5292 0
L1 05    148 +014.3960 +009.9679 +001.9684 -108.9558 +000.9298 -011.7340 0
L1 06    148 +015.0130 -001.2713 -000.9092 -003.7858 +031.7613 -120.2027 0
L1 07    148 +016.3942 -000.2422 -001.0604 -060.6391 +050.5057 +151.7357 0
L1 08    148 +016.1905 +000.9918 -001.9779 -021.1912 -034.2647 +067.3808 0
L1 01    152 +013.4405 +000.2782 +001.3041 +065.4129 +001.9671 +000.9421 0
L1 02    152 +007.1377 +005.8785 +001.6816 -119.7893 +003.4712 -128.8720 0
L1 03    152 +013.7036 +001.0408 -000.8701 +066.0209 +003.6062 +091.1057 0
L1 04    152 +008.4605 +010.6744 +001.8046 -055.5502 -000.1963 +000.5291 0
L1 05    152 +014.3956 +009.9684 +001.9685 -108.9522 +000.9298 -011.7334 0
L1 06    152 +015.0130 -001.2714 -000.9093 -003.7866 +031.7622 -120.2035 0
L1 07    152 +016.3941 -000.2422 -001.0603 -060.6371 +050.5051 +151.7369 0
L1 08    152 +016.1905 +000.9915 -001.9781 -021.1912 -034.2643 +067.3808 0
L1 01    156 +013.4405 +000.2781 +001.3041 +065.4113 +001.9680 +000.9424 0
L1 02    156 +007.1377 +005.8784 +001.6816 -119.7898 +003.4710 -128.8721 0
L1 03    156 +013.7036 +001.0406 -000.8702 +066.0194 +003.6068 +091.1057 0
L1 04    156 +008.4606 +010.6743 +001.8046 -055.5511 -000.1963 +000.5291 0
L1 05    156 +014.3956 +009.9684 +001.9684 -108.9539 +000.9289 -011.7327 0
L1 06    156 +015.0129 -001.2715 -000.9094 -003.7879 +031.7624 -120.2040 0
L1 07    156 +016.3941 -000.2424 -001.0607 -060.6414 +050.5058 +151.7336 0
L1 08    156 +016.1905 +000.9915 -001.9781 -021.1919 -034.2641 +067.3795 0
L1 01    160 +013.4405 +000.2782 +001.3041 +065.4115 +001.9684 +000.9423 0
L1 02    160 +007.1377 +005.8785 +001.6816 -119.7894 +003.4710 -128.8719 0
L1 03    160 +013.7036 +001.0407 -000.8701 +066.0199 +003.6066 +091.1055 0
L1 04    160 +008.4605 +010.6744 +001.8047 -055.5496 -000.1962 +000.5300 0
L1 05    160 +014.3956 +009.9685 +001.9682 -108.9516 +000.9284 -011.7335 0
L1 06    160 +015.0129 -001.2714 -000.9093 -003.7875 +031.7623 -120.2052 0
L1 07    160 +016.3942 -000.2421 -001.0607 -060.6383 +050.5063 +151.7347 0
L1 08    160 +016.1905 +000.9915 -001.9782 -021.1915 -034.2641 +067.3802 0
L1 01    164 +013.4405 +000.2781 +001.3042 +065.4097 +001.9685 +000.9413 0
L1 02    164 +007.1377 +005.8784 +001.6816 -119.7902 +003.4711 -128.8720 0
L1 03    164 +013.7036 +001.0405 -000.8701 +066.0180 +003.6067 +091.1049 0
L1 04    164 +008.4606 +010.6743 +001.8047 -055.5510 -000.1954 +000.5296 0
L1 05    164 +014.3958 +009.9680 +001.9684 -108.9554 +000.9294 -011.7326 0
L1 06    164 +015.0129 -001.2715 -000.9093 -003.7889 +031.7625 -120.2046 0
L1 07    164 +016.3941 -000.2427 -001.0605 -060.6408 +050.5065 +151.7367 0
L1 08    164 +016.1905 +000.9914 -001.9780 -021.1929 -034.2653 +067.3799 0
L1 01    168 +013.4405 +000.2782 +001.3041 +065.4099 +001.9690 +000.9428 0
L1 02    168 +007.1377 +005.8784 +001.6816 -119.7899 +003.4711 -128.8719 0
L1 03    168 +013.7036 +001.0407 -000.8701 +066.0199 +003.6070 +091.1061 0
L1 04    168 +008.4605 +010.6744 +001.8046 -055.5497 -000.1963 +000.5291 0
L1 05    168 +014.3957 +009.9682 +001.9685 -108.9529 +000.9286 -011.7325 0
L1 06    168 +015.0129 -001.2715 -000.9095 -003.7879 +031.7631 -120.2039 0
L1 07    168 +016.3941 -000.2425 -001.0607 -060.6435 +050.5069 +151.7318 0
L1 08    168 +016.1905 +000.9913 -001.9782 -021.1932 -034.2637 +067.3795 0
L1 01    172 +013.4405 +000.2781 +001.3041 +065.4085 +001.9695 +000.9425 0
L1 02    172 +007.1377 +005.8784 +001.6816 -119.7901 +003.4710 -128.8722 0
L1 03    172 +013.7036 +001.0406 -000.8702 +066.0186 +003.6075 +091.1059 0
L1 04    172 +008.4606 +010.6743 +001.8046 -055.5507 -000.1963 +000.5291 0
L1 05    172 +014.3958 +009.9681 +001.9686 -108.9543 +000.9296 -011.7320 0
L1 06    172 +015.0129 -001.2717 -000.9094 -003.7910 +031.7630 -120.2049 0
L1 07    172 +016.3941 -000.2428 -001.0605 -060.6440 +050.5056 +151.7351 0
L1 08    172 +016.1905 +000.9912 -001.9782 -021.1939 -034.2638 +067.3793 0
L1 01    176 +013.4405 +000.2781 +001.3041 +065.4077 +001.9702 +000.9421 0
L1 02    176 +007.1377 +005.8784 +001.6816 -119.7901 +003.4708 -128.8723 0
L1 03    176 +013.7036 +001.0406 -000.8702 +066.0184 +003.6083 +091.1059 0
L1 04    176 +008.4607 +010.6742 +001.8046 -055.5520 -000.1958 +000.5292 0
L1 05    176 +014.3958 +009.9682 +001.9682 -108.9547 +000.9271 -011.7332 0
L1 06    176 +015.0130 -001.2712 -000.9093 -003.7885 +031.7621 -120.2044 0
L1 07    176 +016.3941 -000.2426 -001.0605 -060.6438 +050.5064 +151.7349 0
L1 08    176 +016.1905 +000.9914 -001.9781 -021.1930 -034.2646 +067.3797 0
L1 01    180 +013.4405 +000.2781 +001.3041 +065.4072 +001.9704 +000.9420 0
L1 02    180 +007.1377 +005.8784 +001.6816 -119.7898 +003.4710 -128.8721 0
L1 03    180 +013.7036 +001.0405 -000.8701 +066.0176 +003.6078 +091.1051 0
L1 04    180 +008.4607 +010.6743 +001.8047 -055.5512 -000.1957 +000.5301 0
L1 05    180 +014.3956 +009.9685 +001.9683 -108.9534 +000.9287 -011.7335 0
L1 06    180 +015.0129 -001.2714 -000.9094 -003.7885 +031.7624 -120.2030 0
L1 07    180 +016.3941 -000.2427 -001.0606 -060.6439 +050.5070 +151.7354 0
L1 08    180 +016.1905 +000.9913 -001.9781 -021.1943 -034.2647 +067.3799 0
L1 01    184 +013.4405 +000.2781 +001.3042 +065.4069 +001.9706 +000.9414 0
L1 02    184 +007.1377 +005.8784 +001.6816 -119.7899 +003.4711 -128.8721 0
L1 03    184 +013.7036 +001.0406 -000.8701 +066.0177 +003.6078 +091.1050 0
L1 04    184 +008.4606 +010.6743 +001.8047 -055.5509 -000.1959 +000.5296 0
L1 05    184 +014.3956 +009.9684 +001.9684 -108.9535 +000.9290 -011.7332 0
L1 06    184 +015.0129 -001.2714 -000.9095 -003.7881 +031.7631 -120.2028 0
L1 07    184 +016.3942 -000.2429 -001.0604 -060.6429 +050.5076 +151.7379 0
L1 08    184 +016.1905 +000.9914 -001.9781 -021.1938 -034.2647 +067.3803 0
L1 01    188 +013.4405 +000.2781 +001.3041 +065.4068 +001.9718 +000.9428 0
L1 02    188 +007.1377 +005.8785 +001.6816 -119.7893 +003.4709 -128.8721 0
L1 03    188 +013.7036 +001.0406 -000.8702 +066.0187 +003.6083 +091.1062 0
L1 04    188 +008.4606 +010.6743 +001.8046 -055.5510 -000.1962 +000.5289 0
L1 05    188 +014.3954 +009.9688 +001.9682 -108.9496 +000.9275 -011.7338 0
L1 06    188 +015.0130 -001.2713 -000.9093 -003.7871 +031.7614 -120.2037 0
L1 07    188 +016.3942 -000.2426 -001.0605 -060.6412 +050.5076 +151.7369 0
L1 08    188 +016.1905 +000.9916 -001.9781 -021.1922 -034.2646 +067.3810 0
L1 01    192 +013.4405 +000.2781 +001.3041 +065.4062 +001.9720 +000.9422 0
L1 02    192 +007.1377 +005.8784 +001.6816 -119.7901 +003.4711 -128.8722 0
L1 03    192 +013.7036 +001.0406 -000.8702 +066.0179 +003.6086 +091.1059 0
L1 04    192 +008.4607 +010.6743 +001.8046 -055.5515 -000.1959 +000.5295 0
L1 05    192 +014.3954 +009.9684 +001.9689 -108.9525 +000.9313 -011.7309 0
L1 06    192 +015.0130 -001.2712 -000.9091 -003.7865 +031.7603 -120.2030 0
L1 07    192 +016.3941 -000.2421 -001.0600 -060.6359 +050.5063 +151.7418 0
L1 08    192 +016.1905 +000.9916 -001.9781 -021.1928 -034.2645 +067.3806 0
L1 01    196 +013.4406 +000.2781 +001.3041 +065.4058 +001.9725 +000.9430 0
L1 02    196 +007.1377 +005.8785 +001.6815 -119.7895 +003.4698 -128.8730 0
L1 03    196 +013.7036 +001.0406 -000.8702 +066.0187 +003.6085 +091.1062 0
L1 04    196 +008.4607 +010.6743 +001.8045 -055.5511 -000.1963 +000.5282 0
L1 05    196 +014.3959 +009.9678 +001.9685 -108.9561 +000.9302 -011.7323 0
L1 06    196 +015.0130 -001.2716 -000.9093 -003.7886 +031.7608 -120.2023 0
L1 07    196 +016.3941 -000.2422 -001.0606 -060.6390 +050.5087 +151.7385 0
L1 08    196 +016.1906 +000.9916 -001.9781 -021.1931 -034.2644 +067.3815 0
L1 01    200 +013.4405 +000.2781 +001.3041 +065.4048 +001.9731 +000.9422 0
L1 02    200 +007.1376 +005.8785 +001.6815 -119.7889 +003.4706 -128.8722 0
L1 03    200 +013.7036 +001.0406 -000.8702 +066.0183 +003.6088 +091.1058 0
L1 04    200 +008.4606 +010.6744 +001.8046 -055.5501 -000.1965 +000.5288 0
L1 05    200 +014.3957 +009.9683 +001.9683 -108.9541 +000.9290 -011.7323 0
L1 06    200 +015.0129 -001.2717 -000.9094 -003.7908 +031.7624 -120.2042 0
L1 07    200 +016.3941 -000.2425 -001.0607 -060.6417 +050.5092 +151.7366 0
L1 08    200 +016.1906 +000.9916 -001.9781 -021.1926 -034.2651 +067.3810 0
L1 01    204 +013.4405 +000.2782 +001.3041 +065.4046 +001.9737 +000.9418 0
L1 02    204 +007.1377 +005.8785 +001.6816 -119.7895 +003.4710 -128.8720 0
L1 03    204 +013.7036 +001.0406 -000.8703 +066.0180 +003.6094 +091.1059 0
L1 04    204 +008.4606 +010.6744 +001.8046 -055.5505 -000.1962 +000.5290 0
L1 05    204 +014.3955 +009.9686 +001.9683 -108.9515 +000.9289 -011.7313 0
L1 06    204 +015.0130 -001.2716 -000.9093 -003.7906 +031.7618 -120.2042 0
L1 07    204 +016.3942 -000.2422 -001.0605 -060.6398 +050.5072 +151.7370 0
L1 08    204 +016.1906 +000.9915 -001.9781 -021.1934 -034.2654 +067.3808 0
L1 01    208 +013.4405 +000.2781 +001.3042 +065.4034 +001.9742 +000.9409 0
L1 02    208 +007.1376 +005.8785 +001.6816 -119.7888 +003.4711 -128.8717 0
L1 03    208 +013.7036 +001.0406 -000.8702 +066.0173 +003.6094 +091.1054 0
L1 04    208 +008.4606 +010.6744 +001.8047 -055.5505 -000.1961 +000.5299 0
L1 05    208 +014.3955 +009.9685 +001.9686 -108.9525 +000.9300 -011.7318 0
L1 06    208 +015.0129 -001.2719 -000.9094 -003.7925 +031.7626 -120.2041 0
L1 07    208 +016.3941 -000.2430 -001.0604 -060.6438 +050.5063 +151.7370 0
L1 08    208 +016.1905 +000.9915 -001.9781 -021.1933 -034.2652 +067.3805 0
L1 01    212 +013.4405 +000.2781 +001.3042 +065.4022 +001.9747 +000.9407 0
L1 02    212 +007.1376 +005.8785 +001.6816 -119.7890 +003.4708 -128.8719 0
L1 03    212 +013.7036 +001.0406 -000.8702 +066.0168 +003.6106 +091.1057 0
L1 04    212 +008.4607 +010.6743 +001.8047 -055.5511 -000.1961 +000.5295 0
L1 05    212 +014.3955 +009.9685 +001.9685 -108.9522 +000.9292 -011.7321 0
L1 06    212 +015.0129 -001.2718 -000.9093 -003.7927 +031.7615 -120.2041 0
L1 07    212 +016.3941 -000.2429 -001.0607 -060.6459 +050.5081 +151.7358 0
L1 08    212 +016.1905 +000.9913 -001.9780 -021.1945 -034.2658 +067.3802 0
L1 01    216 +013.4405 +000.2782 +001.3041 +065.4025 +001.9759 +000.9422 0
L1 02    216 +007.1376 +005.8785 +001.6816 -119.7890 +003.4711 -128.8716 0
L1 03    216 +013.7036 +001.0406 -000.8703 +066.0179 +003.6105 +091.1065 0
L1 04    216 +008.4606 +010.6743 +001.8046 -055.5504 -000.1964 +000.5292 0
L1 05    216 +014.3956 +009.9683 +001.9684 -108.9539 +000.9288 -011.7329 0
L1 06    216 +015.0129 -001.2718 -000.9092 -003.7924 +031.7609 -120.2041 0
L1 07    216 +016.3941 -000.2428 -001.0608 -060.6459 +050.5087 +151.7347 0
L1 08    216 +016.1906 +000.9915 -001.9781 -021.1932 -034.2646 +067.3805 0
L1 01    220 +013.4406 +000.2781 +001.3041 +065.4014 +001.9754 +000.9417 0
L1 02    220 +007.1376 +005.8785 +001.6816 -119.7890 +003.4710 -128.8719 0
L1 03    220 +013.7036 +001.0406 -000.8702 +066.0169 +003.6100 +091.1058 0
L1 04    220 +008.4606 +010.6743 +001.8046 -055.5507 -000.1961 +000.5293 0
L1 05    220 +014.3957 +009.9682 +001.9682 -108.9545 +000.9281 -011.7334 0
L1 06    220 +015.0129 -001.2718 -000.9093 -003.7937 +031.7618 -120.2053 0
L1 07    220 +016.3941 -000.2431 -001.0606 -060.6452 +050.5090 +151.7370 0
L1 08    220 +016.1905 +000.9910 -001.9782 -021.1969 -034.2649 +067.3801 0
L1 01    224 +013.4405 +000.2781 +001.3041 +065.4009 +001.9754 +000.9417 0
L1 02    224 +007.1376 +005.8785 +001.6816 -119.7885 +003.4713 -128.8717 0
L1 03    224 +013.7036 +001.0407 -000.8702 +066.0176 +003.6097 +091.1056 0
L1 04    224 +008.4606 +010.6744 +001.8047 -055.5505 -000.1960 +000.5295 0
L1 05    224 +014.3954 +009.9688 +001.9679 -108.9509 +000.9267 -011.7346 0
L1 06    224 +015.0129 -001.2718 -000.9093 -003.7927 +031.7618 -120.2048 0
L1 07    224 +016.3941 -000.2428 -001.0605 -060.6437 +050.5075 +151.7369 0
L1 08    224 +016.1905 +000.9913 -001.9783 -021.1951 -034.2646 +067.3806 0
L1 01    228 +013.4406 +000.2780 +001.3041 +065.3994 +001.9759 +000.9419 0
L1 02    228 +007.1376 +005.8785 +001.6816 -119.7886 +003.4712 -128.8717 0
L1 03    228 +013.7036 +001.0407 -000.8702 +066.0173 +003.6100 +091.1057 0
L1 04    228 +008.4606 +010.6744 +001.8047 -055.5504 -000.1962 +000.5295 0
L1 05    228 +014.3954 +009.9688 +001.9678 -108.9504 +000.9262 -011.7342 0
L1 06    228 +015.0129 -001.2716 -000.9091 -003.7916 +031.7605 -120.2037 0
L1 07    228 +016.3941 -000.2429 -001.0608 -060.6463 +050.5092 +151.7349 0
L1 08    228 +016.1905 +000.9912 -001.9783 -021.1957 -034.2649 +067.3804 0
L1 01    232 +013.4406 +000.2781 +001.3041 +065.4002 +001.9765 +000.9413 0
L1 02    232 +007.1376 +005.8785 +001.6816 -119.7885 +003.4711 -128.8718 0
L1 03    232 +013.7036 +001.0406 -000.8702 +066.0174 +003.6100 +091.1055 0
L1 04    232 +008.4605 +010.6744 +001.8047 -055.5499 -000.1960 +000.5294 0
L1 05    232 +014.3960 +009.9679 +001.9685 -108.9557 +000.9303 -011.7335 0
L1 06    232 +015.0129 -001.2717 -000.9094 -003.7917 +031.7625 -120.2041 0
L1 07    232 +016.3942 -000.2425 -001.0609 -060.6444 +050.5091 +151.7337 0
L1 08    232 +016.1906 +000.9912 -001.9782 -021.1950 -034.2650 +067.3803 0
L1 01    236 +013.4406 +000.2781 +001.3041 +065.4000 +001.9777 +000.9419 0
L1 02    236 +007.1376 +005.8785 +001.6816 -119.7884 +003.4709 -128.8719 0
L1 03    236 +013.7036 +001.0407 -000.8702 +066.0176 +003.6103 +091.1055 0
L1 04    236 +008.4605 +010.6744 +001.8047 -055.5503 -000.1964 +000.5297 0
L1 05    236 +014.3960 +009.9680 +001.9683 -108.9552 +000.9291 -011.7341 0
L1 06    236 +015.0129 -001.2716 -000.9097 -003.7911 +031.7645 -120.2040 0
L1 07    236 +016.3942 -000.2424 -001.0607 -060.6427 +050.5096 +151.7363 0
L1 08    236 +016.1906 +000.9913 -001.9782 -021.1947 -034.2649 +067.3802 0
L1 01    240 +013.4405 +000.2781 +001.3042 +065.3993 +001.9777 +000.9408 0
L1 02    240 +007.1376 +005.8785 +001.6816 -119.7883 +003.4711 -128.8719 0
L1 03    240 +013.7036 +001.0406 -000.8702 +066.0173 +003.6102 +091.1056 0
L1 04    240 +008.4605 +010.6744 +001.8047 -055.5499 -000.1962 +000.5301 0
L1 05    240 +014.3956 +009.9685 +001.9682 -108.9525 +000.9284 -011.7338 0
L1 06    240 +015.0129 -001.2716 -000.9096 -003.7910 +031.7635 -120.2033 0
L1 07    240 +016.3941 -000.2427 -001.0609 -060.6439 +050.5110 +151.7360 0
L1 08    240 +016.1905 +000.9912 -001.9782 -021.1955 -034.2654 +067.3805 0
L1 01    244 +013.4406 +000.2781 +001.3041 +065.3980 +001.9780 +000.9411 0
L1 02    244 +007.1376 +005.8785 +001.6816 -119.7891 +003.4711 -128.8720 0
L1 03    244 +013.7036 +001.0406 -000.8702 +066.0170 +003.6101 +091.1057 0
L1 04    244 +008.4605 +010.6744 +001.8047 -055.5501 -000.1959 +000.5299 0
L1 05    244 +014.3959 +009.9681 +001.9683 -108.9559 +000.9289 -011.7325 0
L1 06    244 +015.0129 -001.2716 -000.9098 -003.7915 +031.7652 -120.2039 0
L1 07    244 +016.3942 -000.2427 -001.0607 -060.6438 +050.5094 +151.7368 0
L1 08    244 +016.1906 +000.9913 -001.9783 -021.1960 -034.2651 +067.3806 0
L1 01    248 +013.4405 +000.2781 +001.3042 +065.3980 +001.9787 +000.9400 0
L1 02    248 +007.1376 +005.8785 +001.6816 -119.7888 +003.4708 -128.8721 0
L1 03    248 +013.7036 +001.0405 -000.8702 +066.0163 +003.6104 +091.1055 0
L1 04    248 +008.4605 +010.6744 +001.8047 -055.5496 -000.1960 +000.5301 0
L1 05    248 +014.3956 +009.9683 +001.9684 -108.9540 +000.9299 -011.7329 0
L1 06    248 +015.0129 -001.2713 -000.9097 -003.7882 +031.7651 -120.2021 0
L1 07    248 +016.3942 -000.2426 -001.0604 -060.6412 +050.5084 +151.7394 0
L1 08    248 +016.1905 +000.9914 -001.9782 -021.1953 -034.2657 +067.3812 0
L1 01    252 +013.4406 +000.2781 +001.3041 +065.3977 +001.9791 +000.9409 0
L1 02    252 +007.1376 +005.8785 +001.6816 -119.7887 +003.4712 -128.8720 0
L1 03    252 +013.7036 +001.0407 -000.8702 +066.0174 +003.6104 +091.1053 0
L1 04    252 +008.4605 +010.6744 +001.8047 -055.5497 -000.1959 +000.5297 0
L1 05    252 +014.3956 +009.9683 +001.9682 -108.9539 +000.9289 -011.7333 0
L1 06    252 +015.0129 -001.2716 -000.9095 -003.7905 +031.7632 -120.2024 0
L1 07    252 +016.3942 -000.2426 -001.0607 -060.6432 +050.5090 +151.7370 0
L1 08    252 +016.1906 +000.9913 -001.9782 -021.1957 -034.2656 +067.3815 0
L1 01    256 +013.4405 +000.2781 +001.3041 +065.3967 +001.9800 +000.9407 0
L1 02    256 +007.1376 +005.8785 +001.6816 -119.7887 +003.4709 -128.8720 0
L1 03    256 +013.7036 +001.0406 -000.8701 +066.0166 +003.6107 +091.1053 0
L1 04    256 +008.4606 +010.6744 +001.8047 -055.5499 -000.1957 +000.5297 0
L1 05    256 +014.3956 +009.9684 +001.9679 -108.9522 +000.9265 -011.7348 0
L1 06    256 +015.0128 -001.2718 -000.9096 -003.7920 +031.7647 -120.2025 0
L1 07    256 +016.3941 -000.2425 -001.0608 -060.6432 +050.5101 +151.7357 0
L1 08    256 +016.1905 +000.9914 -001.9782 -021.1952 -034.2656 +067.3810 0
L1 01    260 +013.4405 +000.2782 +001.3041 +065.3966 +001.9809 +000.9409 0
L1 02    260 +007.1376 +005.8785 +001.6816 -119.7887 +003.4709 -128.8719 0
L1 03    260 +013.7036 +001.0406 -000.8703 +066.0164 +003.6113 +091.1060 0
L1 04    260 +008.4606 +010.6744 +001.8047 -055.5500 -000.1960 +000.5296 0
L1 05    260 +014.3956 +009.9685 +001.9679 -108.9523 +000.9261 -011.7346 0
L1 06    260 +015.0129 -001.2717 -000.9095 -003.7917 +031.7633 -120.2028 0
L1 07    260 +016.3941 -000.2426 -001.0604 -060.6418 +050.5090 +151.7389 0
L1 08    260 +016.1905 +000.9913 -001.9781 -021.1958 -034.2662 +067.3813 0
L1 01    264 +013.4405 +000.2780 +001.3041 +065.3943 +001.9813 +000.9406 0
L1 02    264 +007.1376 +005.8785 +001.6816 -119.7894 +003.4710 -128.8721 0
L1 03    264 +013.7036 +001.0405 -000.8702 +066.0155 +003.6112 +091.1055 0
L1 04    264 +008.4606 +010.6743 +001.8047 -055.5508 -000.1960 +000.5296 0
L1 05    264 +014.3957 +009.9683 +001.9681 -108.9546 +000.9282 -011.7349 0
L1 06    264 +015.0129 -001.2718 -000.9092 -003.7924 +031.7615 -120.2028 0
L1 07    264 +016.3941 -000.2430 -001.0607 -060.6467 +050.5087 +151.7363 0
L1 08    264 +016.1905 +000.9913 -001.9781 -021.1962 -034.2662 +067.3805 0
L1 01    268 +013.4406 +000.2781 +001.3041 +065.3958 +001.9827 +000.9411 0
L1 02    268 +007.1376 +005.8785 +001.6816 -119.7889 +003.4711 -128.8719 0
L1 03    268 +013.7036 +001.0406 -000.8701 +066.0166 +003.6111 +091.1051 0
L1 04    268 +008.4605 +010.6744 +001.8047 -055.5494 -000.1962 +000.5295 0
L1 05    268 +014.3955 +009.9686 +001.9681 -108.9506 +000.9273 -011.7337 0
L1 06    268 +015.0129 -001.2716 -000.9095 -003.7905 +031.7623 -120.2034 0
L1 07    268 +016.3941 -000.2429 -001.0609 -060.6473 +050.5086 +151.7339 0
L1 08    268 +016.1905 +000.9914 -001.9783 -021.1948 -034.2654 +067.3812 0
L1 01    272 +013.4405 +000.2781 +001.3041 +065.3946 +001.9831 +000.9408 0
L1 02    272 +007.1376 +005.8785 +001.6816 -119.7891 +003.4709 -128.8721 0
L1 03    272 +013.7036 +001.0405 -000.8702 +066.0160 +003.6116 +091.1055 0
L1 04    272 +008.4605 +010.6744 +001.8046 -055.5498 -000.1961 +000.5296 0
L1 05    272 +014.3957 +009.9683 +001.9679 -108.9545 +000.9269 -011.7342 0
L1 06    272 +015.0129 -001.2716 -000.9097 -003.7908 +031.7647 -120.2029 0
L1 07    272 +016.3941 -000.2425 -001.0610 -060.6449 +050.5096 +151.7344 0
L1 08    272 +016.1905 +000.9914 -001.9782 -021.1957 -034.2661 +067.3813 0
L1 01    276 +013.4405 +000.2781 +001.3041 +065.3942 +001.9834 +000.9408 0
L1 02    276 +007.1376 +005.8785 +001.6815 -119.7893 +003.4705 -128.8722 0
L1 03    276 +013.7036 +001.0405 -000.8702 +066.0154 +003.6118 +091.1055 0
L1 04    276 +008.4605 +010.6744 +001.8047 -055.5495 -000.1961 +000.5295 0
L1 05    276 +014.3959 +009.9681 +001.9679 -108.9558 +000.9277 -011.7343 0
L1 06    276 +015.0129 -001.2713 -000.9099 -003.7899 +031.7658 -120.2025 0
L1 07    276 +016.3941 -000.2426 -001.0606 -060.6420 +050.5099 +151.7386 0
L1 08    276 +016.1905 +000.9914 -001.9781 -021.1965 -034.2660 +067.3815 0
L1 01    280 +013.4406 +000.2781 +001.3040 +065.3941 +001.9847 +000.9417 0
L1 02    280 +007.1376 +005.8785 +001.6816 -119.7890 +003.4710 -128.8720 0
L1 03    280 +013.7036 +001.0406 -000.8702 +066.0166 +003.6121 +091.1061 0
L1 04    280 +008.4605 +010.6744 +001.8046 -055.5500 -000.1964 +000.5295 0
L1 05    280 +014.3957 +009.9683 +001.9681 -108.9530 +000.9279 -011.7339 0
L1 06    280 +015.0129 -001.2716 -000.9094 -003.7911 +031.7622 -120.2027 0
L1 07    280 +016.3942 -000.2427 -001.0609 -060.6463 +050.5098 +151.7348 0
L1 08    280 +016.1906 +000.9916 -001.9782 -021.1947 -034.2659 +067.3813 0
L1 01    284 +013.4406 +000.2780 +001.3041 +065.3925 +001.9845 +000.9410 0
L1 02    284 +007.1377 +005.8785 +001.6816 -119.7893 +003.4711 -128.8720 0
L1 03    284 +013.7036 +001.0407 -000.8702 +066.0167 +003.6121 +091.1056 0
L1 04    284 +008.4605 +010.6744 +001.8047 -055.5504 -000.1961 +000.5298 0
L1 05    284 +014.3956 +009.9684 +001.9681 -108.9528 +000.9272 -011.7330 0
L1 06    284 +015.0129 -001.2719 -000.9093 -003.7935 +031.7624 -120.2042 0
L1 07    284 +016.3942 -000.2426 -001.0606 -060.6423 +050.5098 +151.7390 0
L1 08    284 +016.1906 +000.9914 -001.9779 -021.1963 -034.2673 +067.3817 0
L1 01    288 +013.4405 +000.2782 +001.3041 +065.3936 +001.9845 +000.9404 0
L1 02    288 +007.1376 +005.8785 +001.6816 -119.7885 +003.4711 -128.8719 0
L1 03    288 +013.7036 +001.0408 -000.8702 +066.0177 +003.6116 +091.1053 0
L1 04    288 +008.4604 +010.6745 +001.8047 -055.5488 -000.1958 +000.5296 0
L1 05    288 +014.3957 +009.9684 +001.9682 -108.9535 +000.9270 -011.7321 0
L1 06    288 +015.0128 -001.2718 -000.9096 -003.7928 +031.7635 -120.2033 0
L1 07    288 +016.3941 -000.2426 -001.0608 -060.6427 +050.5104 +151.7370 0
L1 08    288 +016.1906 +000.9912 -001.9780 -021.1967 -034.2676 +067.3823 0
L1 01    292 +013.4406 +000.2782 +001.3040 +065.3929 +001.9854 +000.9412 0
L1 02    292 +007.1376 +005.8785 +001.6816 -119.7886 +003.4712 -128.8718 0
L1 03    292 +013.7036 +001.0407 -000.8702 +066.0170 +003.6119 +091.1056 0
L1 04    292 +008.4605 +010.6744 +001.8047 -055.5493 -000.1958 +000.5296 0
L1 05    292 +014.3957 +009.9683 +001.9679 -108.9536 +000.9266 -011.7327 0
L1 06    292 +015.0129 -001.2718 -000.9092 -003.7929 +031.7610 -120.2031 0
L1 07    292 +016.3942 -000.2427 -001.0609 -060.6435 +050.5116 +151.7364 0
L1 08    292 +016.1906 +000.9913 -001.9781 -021.1963 -034.2669 +067.3818 0
L1 01    296 +013.4406 +000.2781 +001.3040 +065.3920 +001.9861 +000.9418 0
L1 02    296 +007.1376 +005.8785 +001.6816 -119.7889 +003.4713 -128.8717 0
L1 03    296 +013.7036 +001.0408 -000.8702 +066.0178 +003.6123 +091.1061 0
L1 04    296 +008.4605 +010.6744 +001.8047 -055.5494 -000.1962 +000.5297 0
L1 05    296 +014.3957 +009.9683 +001.9681 -108.9540 +000.9268 -011.7324 0
L1 06    296 +015.0129 -001.2720 -000.9093 -003.7943 +031.7615 -120.2044 0
L1 07    296 +016.3942 -000.2430 -001.0608 -060.6456 +050.5099 +151.7362 0
L1 08    296 +016.1906 +000.9913 -001.9782 -021.1962 -034.2659 +067.3813 0
L1 01    300 +013.4405 +000.2781 +001.3041 +065.3905 +001.9863 +000.9397 0
L1 02    300 +007.1376 +005.8785 +001.6816 -119.7889 +003.4713 -128.8718 0
L1 03    300 +013.7036 +001.0407 -000.8702 +066.0167 +003.6124 +091.1054 0
L1 04    300 +008.4605 +010.6744 +001.8047 -055.5494 -000.1961 +000.5300 0
L1 05    300 +014.3958 +009.9684 +001.9682 -108.9537 +000.9277 -011.7333 0
L1 06    300 +015.0128 -001.2716 -000.9094 -003.7920 +031.7630 -120.2034 0
L1 07    300 +016.3942 -000.2426 -001.0605 -060.6409 +050.5094 +151.7394 0
L1 08    300 +016.1905 +000.9914 -001.9781 -021.1959 -034.2665 +067.3817 0
L1 01    304 +013.4406 +000.2780 +001.3041 +065.3894 +001.9867 +000.9404 0
L1 02    304 +007.1376 +005.8785 +001.6816 -119.7890 +003.4713 -128.8719 0
L1 03    304 +013.7036 +001.0407 -000.8701 +066.0166 +003.6126 +091.1047 0
L1 04    304 +008.4605 +010.6744 +001.8047 -055.5495 -000.1960 +000.5299 0
L1 05    304 +014.3957 +009.9682 +001.9685 -108.9551 +000.9294 -011.7317 0
L1 06    304 +015.0129 -001.2719 -000.9093 -003.7933 +031.7629 -120.2037 0
L1 07    304 +016.3942 -000.2426 -001.0604 -060.6403 +050.5083 +151.7402 0
L1 08    304 +016.1905 +000.9913 -001.9782 -021.1962 -034.2664 +067.3813 0
L1 01    308 +013.4406 +000.2781 +001.3041 +065.3902 +001.9880 +000.9410 0
L1 02    308 +007.1376 +005.8785 +001.6816 -119.7891 +003.4712 -128.8718 0
L1 03    308 +013.7036 +001.0407 -000.8702 +066.0171 +003.6131 +091.1060 0
L1 04    308 +008.4605 +010.6744 +001.8047 -055.5494 -000.1965 +000.5298 0
L1 05    308 +014.3960 +009.9681 +001.9680 -108.9563 +000.9272 -011.7331 0
L1 06    308 +015.0129 -001.2714 -000.9096 -003.7902 +031.7645 -120.2028 0
L1 07    308 +016.3941 -000.2426 -001.0609 -060.6444 +050.5099 +151.7361 0
L1 08    308 +016.1905 +000.9915 -001.9782 -021.1955 -034.2662 +067.3814 0
L1 01    312 +013.4406 +000.2782 +001.3041 +065.3904 +001.9886 +000.9411 0
L1 02    312 +007.1376 +005.8785 +001.6816 -119.7889 +003.4709 -128.8719 0
L1 03    312 +013.7036 +001.0408 -000.8702 +066.0176 +003.6130 +091.1060 0
L1 04    312 +008.4604 +010.6745 +001.8046 -055.5490 -000.1965 +000.5294 0
L1 05    312 +014.3957 +009.9684 +001.9683 -108.9546 +000.9283 -011.7327 0
L1 06    312 +015.0128 -001.2716 -000.9097 -003.7913 +031.7650 -120.2025 0
L1 07    312 +016.3942 -000.2425 -001.0607 -060.6423 +050.5115 +151.7378 0
L1 08    312 +016.1905 +000.9915 -001.9781 -021.1952 -034.2664 +067.3819 0
L1 01    316 +013.4405 +000.2780 +001.3041 +065.3872 +001.9882 +000.9405 0
L1 02    316 +007.1377 +005.8785 +001.6816 -119.7894 +003.4709 -128.8720 0
L1 03    316 +013.7036 +001.0405 -000.8701 +066.0150 +003.6135 +091.1055 0
L1 04    316 +008.4605 +010.6744 +001.8046 -055.5500 -000.1960 +000.5294 0
L1 05    316 +014.3959 +009.9680 +001.9683 -108.9561 +000.9293 -011.7334 0
L1 06    316 +015.0128 -001.2720 -000.9096 -003.7948 +031.7653 -120.2025 0
L1 07    316 +016.3941 -000.2425 -001.0607 -060.6443 +050.5106 +151.7362 0
L1 08    316 +016.1905 +000.9912 -001.9782 -021.1982 -034.2663 +067.3813 0
L1 01    320 +013.4406 +000.2782 +001.3041 +065.3891 +001.9894 +000.9405 0
L1 02    320 +007.1377 +005.8785 +001.6816 -119.7895 +003.4713 -128.8719 0
L1 03    320 +013.7036 +001.0407 -000.8702 +066.0162 +003.6138 +091.1058 0
L1 04    320 +008.4605 +010.6744 +001.8047 -055.5499 -000.1959 +000.5301 0
L1 05    320 +014.3958 +009.9682 +001.9684 -108.9551 +000.9302 -011.7326 0
L1 06    320 +015.0128 -001.2717 -000.9096 -003.7925 +031.7644 -120.2026 0
L1 07    320 +016.3942 -000.2428 -001.0604 -060.6441 +050.5089 +151.7387 0
L1 08    320 +016.1905 +000.9915 -001.9782 -021.1956 -034.2662 +067.3817 0
L1 01    324 +013.4406 +000.2782 +001.3040 +065.3884 +001.9905 +000.9415 0
L1 02    324 +007.1377 +005.8785 +001.6816 -119.7891 +003.4710 -128.8718 0
L1 03    324 +013.7036 +001.0407 -000.8702 +066.0170 +003.6139 +091.1059 0
L1 04    324 +008.4606 +010.6743 +001.8047 -055.5504 -000.1966 +000.5297 0
L1 05    324 +014.3957 +009.9685 +001.9680 -108.9526 +000.9280 -011.7354 0
L1 06    324 +015.0129 -001.2716 -000.9093 -003.7921 +031.7623 -120.2031 0
L1 07    324 +016.3942 -000.2427 -001.0608 -060.6458 +050.5107 +151.7363 0
L1 08    324 +016.1906 +000.9914 -001.9783 -021.1955 -034.2657 +067.3810 0
L1 01    328 +013.4406 +000.2781 +001.3041 +065.3869 +001.9901 +000.9403 0
L1 02    328 +007.1377 +005.8785 +001.6816 -119.7892 +003.4710 -128.8717 0
L1 03    328 +013.7036 +001.0406 -000.8702 +066.0156 +003.6140 +091.1056 0
L1 04    328 +008.4605 +010.6744 +001.8047 -055.5500 -000.1961 +000.5300 0
L1 05    328 +014.3957 +009.9684 +001.9684 -108.9542 +000.9301 -011.7334 0
L1 06    328 +015.0129 -001.2717 -000.9096 -003.7926 +031.7654 -120.2026 0
L1 07    328 +016.3941 -000.2426 -001.0608 -060.6451 +050.5100 +151.7355 0
L1 08    328 +016.1905 +000.9913 -001.9781 -021.1974 -034.2671 +067.3816 0
L1 01    332 +013.4405 +000.2782 +001.3041 +065.3871 +001.9907 +000.9404 0
L1 02    332 +007.1376 +005.8785 +001.6816 -119.7886 +003.4711 -128.8716 0
L1 03    332 +013.7036 +001.0407 -000.8701 +066.0163 +003.6139 +091.1059 0
L1 04    332 +008.4604 +010.6745 +001.8048 -055.5484 -000.1961 +000.5310 0
L1 05    332 +014.3956 +009.9686 +001.9683 -108.9520 +000.9299 -011.7348 0
L1 06    332 +015.0128 -001.2716 -000.9096 -003.7915 +031.7653 -120.2030 0
L1 07    332 +016.3941 -000.2426 -001.0604 -060.6417 +050.5108 +151.7393 0
L1 08    332 +016.1905 +000.9914 -001.9782 -021.1957 -034.2662 +067.3811 0
L1 01    336 +013.4406 +000.2781 +001.3041 +065.3854 +001.9911 +000.9411 0
L1 02    336 +007.1376 +005.8785 +001.6816 -119.7891 +003.4709 -128.8718 0
L1 03    336 +013.7036 +001.0406 -000.8701 +066.0154 +003.6145 +091.1063 0
L1 04    336 +008.4606 +010.6743 +001.8047 -055.5503 -000.1957 +000.5301 0
L1 05    336 +014.3955 +009.9685 +001.9679 -108.9528 +000.9279 -011.7353 0
L1 06    336 +015.0128 -001.2716 -000.9093 -003.7926 +031.7630 -120.2032 0
L1 07    336 +016.3941 -000.2426 -001.0604 -060.6434 +050.5103 +151.7388 0
L1 08    336 +016.1905 +000.9914 -001.9782 -021.1966 -034.2662 +067.3808 0
L1 01    340 +013.4406 +000.2782 +001.3040 +065.3860 +001.9923 +000.9419 0
L1 02    340 +007.1376 +005.8785 +001.6816 -119.7888 +003.4711 -128.8716 0
L1 03    340 +013.7035 +001.0408 -000.8702 +066.0168 +003.6148 +091.1067 0
L1 04    340 +008.4605 +010.6744 +001.8047 -055.5494 -000.1963 +000.5297 0
L1 05    340 +014.3956 +009.9684 +001.9688 -108.9525 +000.9308 -011.7307 0
L1 06    340 +015.0128 -001.2716 -000.9094 -003.7924 +031.7635 -120.2022 0
L1 07    340 +016.3942 -000.2426 -001.0607 -060.6435 +050.5116 +151.7376 0
L1 08    340 +016.1905 +000.9916 -001.9782 -021.1957 -034.2659 +067.3817 0
L1 01    344 +013.4406 +000.2782 +001.3040 +065.3856 +001.9924 +000.9414 0
L1 02    344 +007.1376 +005.8785 +001.6816 -119.7888 +003.4711 -128.8717 0
L1 03    344 +013.7036 +001.0407 -000.8702 +066.0163 +003.6143 +091.1063 0
L1 04    344 +008.4604 +010.6745 +001.8047 -055.5486 -000.1962 +000.5300 0
L1 05    344 +014.3956 +009.9685 +001.9682 -108.9523 +000.9279 -011.7322 0
L1 06    344 +015.0128 -001.2717 -000.9095 -003.7920 +031.7645 -120.2017 0
L1 07    344 +016.3941 -000.2425 -001.0608 -060.6435 +050.5111 +151.7369 0
L1 08    344 +016.1905 +000.9914 -001.9782 -021.1964 -034.2660 +067.3817 0
L1 01    348 +013.4406 +000.2781 +001.3040 +065.3845 +001.9929 +000.9419 0
L1 02    348 +007.1376 +005.8785 +001.6816 -119.7890 +003.4712 -128.8716 0
L1 03    348 +013.7036 +001.0407 -000.8702 +066.0159 +003.6143 +091.1063 0
L1 04    348 +008.4605 +010.6744 +001.8047 -055.5494 -000.1961 +000.5297 0
L1 05    348 +014.3956 +009.9684 +001.9681 -108.9530 +000.9285 -011.7337 0
L1 06    348 +015.0128 -001.2720 -000.9096 -003.7946 +031.7642 -120.2022 0
L1 07    348 +016.3941 -000.2427 -001.0607 -060.6434 +050.5111 +151.7386 0
L1 08    348 +016.1905 +000.9914 -001.9782 -021.1970 -034.2665 +067.3820 0
L1 01    352 +013.4406 +000.2780 +001.3041 +065.3834 +001.9933 +000.9408 0
L1 02    352 +007.1376 +005.8785 +001.6816 -119.7886 +003.4711 -128.8717 0
L1 03    352 +013.7036 +001.0406 -000.8702 +066.0152 +003.6147 +091.1061 0
L1 04    352 +008.4605 +010.6744 +001.8047 -055.5492 -000.1960 +000.5299 0
L1 05    352 +014.3955 +009.9686 +001.9676 -108.9507 +000.9264 -011.7366 0
L1 06    352 +015.0128 -001.2719 -000.9094 -003.7941 +031.7638 -120.2023 0
L1 07    352 +016.3941 -000.2425 -001.0606 -060.6420 +050.5111 +151.7391 0
L1 08    352 +016.1905 +000.9914 -001.9781 -021.1971 -034.2672 +067.3823 0
L1 01    356 +013.4406 +000.2780 +001.3040 +065.3821 +001.9941 +000.9414 0
L1 02    356 +007.1376 +005.8785 +001.6816 -119.7889 +003.4712 -128.8716 0
L1 03    356 +013.7036 +001.0408 -000.8702 +066.0162 +003.6153 +091.1065 0
L1 04    356 +008.4605 +010.6744 +001.8047 -055.5496 -000.1961 +000.5295 0
L1 05    356 +014.3955 +009.9686 +001.9678 -108.9513 +000.9270 -011.7340 0
L1 06    356 +015.0128 -001.2719 -000.9094 -003.7948 +031.7634 -120.2034 0
L1 07    356 +016.3941 -000.2427 -001.0608 -060.6462 +050.5108 +151.7360 0
L1 08    356 +016.1905 +000.9911 -001.9784 -021.1984 -034.2657 +067.3810 0
L1 01    360 +013.4406 +000.2781 +001.3041 +065.3823 +001.9943 +000.9403 0
L1 02    360 +007.1376 +005.8785 +001.6816 -119.7886 +003.4712 -128.8717 0
L1 03    360 +013.7036 +001.0407 -000.8702 +066.0152 +003.6157 +091.1060 0
L1 04    360 +008.4605 +010.6744 +001.8047 -055.5498 -000.1958 +000.5300 0
L1 05    360 +014.3955 +009.9685 +001.9683 -108.9529 +000.9299 -011.7339 0
L1 06    360 +015.0128 -001.2717 -000.9095 -003.7933 +031.7639 -120.2023 0
L1 07    360 +016.3941 -000.2422 -001.0604 -060.6415 +050.5088 +151.7381 0
L1 08    360 +016.1906 +000.9913 -001.9782 -021.1980 -034.2671 +067.3818 0
L1 01    364 +013.4406 +000.2781 +001.3041 +065.3819 +001.9949 +000.9409 0
L1 02    364 +007.1376 +005.8785 +001.6816 -119.7884 +003.4712 -128.8716 0
L1 03    364 +013.7036 +001.0407 -000.8703 +066.0156 +003.6160 +091.1063 0
L1 04    364 +008.4605 +010.6744 +001.8046 -055.5494 -000.1964 +000.5292 0
L1 05    364 +014.3954 +009.9686 +001.9684 -108.9520 +000.9298 -011.7327 0
L1 06    364 +015.0129 -001.2715 -000.9095 -003.7938 +031.7643 -120.2037 0
L1 07    364 +016.3941 -000.2425 -001.0604 -060.6428 +050.5098 +151.7384 0
L1 08    364 +016.1906 +000.9914 -001.9782 -021.1968 -034.2671 +067.3814 0
L1 01    368 +013.4406 +000.2781 +001.3040 +065.3811 +001.9962 +000.9416 0
L1 02    368 +007.1376 +005.8785 +001.6816 -119.7888 +003.4712 -128.8717 0
L1 03    368 +013.7036 +001.0407 -000.8702 +066.0154 +003.6161 +091.1065 0
L1 04    368 +008.4605 +010.6744 +001.8047 -055.5498 -000.1965 +000.5297 0
L1 05    368 +014.3956 +009.9684 +001.9683 -108.9523 +000.9296 -011.7341 0
L1 06    368 +015.0129 -001.2712 -000.9094 -003.7917 +031.7632 -120.2032 0
L1 07    368 +016.3942 -000.2424 -001.0605 -060.6447 +050.5105 +151.7356 0
L1 08    368 +016.1905 +000.9914 -001.9783 -021.1969 -034.2664 +067.3817 0
L1 01    372 +013.4406 +000.2780 +001.3040 +065.3799 +001.9959 +000.9412 0
L1 02    372 +007.1376 +005.8785 +001.6816 -119.7890 +003.4712 -128.8716 0
L1 03    372 +013.7036 +001.0407 -000.8702 +066.0150 +003.6162 +091.1065 0
L1 04    372 +008.4605 +010.6744 +001.8047 -055.5497 -000.1963 +000.5295 0
L1 05    372 +014.3955 +009.9687 +001.9681 -108.9516 +000.9280 -011.7346 0
L1 06    372 +015.0128 -001.2715 -000.9098 -003.7926 +031.7662 -120.2030 0
L1 07    372 +016.3941 -000.2425 -001.0608 -060.6462 +050.5115 +151.7350 0
L1 08    372 +016.1905 +000.9912 -001.9783 -021.1985 -034.2660 +067.3812 0
L1 01    376 +013.4406 +000.2781 +001.3041 +065.3797 +001.9965 +000.9409 0
L1 02    376 +007.1376 +005.8785 +001.6816 -119.7887 +003.4711 -128.8717 0
L1 03    376 +013.7036 +001.0407 -000.8702 +066.0148 +003.6162 +091.1063 0
L1 04    376 +008.4605 +010.6744 +001.8047 -055.5500 -000.1963 +000.5297 0
L1 05    376 +014.3957 +009.9684 +001.9681 -108.9536 +000.9276 -011.7337 0
L1 06    376 +015.0128 -001.2718 -000.9096 -003.7945 +031.7648 -120.2030 0
L1 07    376 +016.3942 -000.2423 -001.0606 -060.6424 +050.5120 +151.7384 0
L1 08    376 +016.1905 +000.9913 -001.9782 -021.1979 -034.2665 +067.3816 0
L1 01    380 +013.4406 +000.2781 +001.3041 +065.3795 +001.9969 +000.9406 0
L1 02    380 +007.1376 +005.8785 +001.6816 -119.7885 +003.4712 -128.8719 0
L1 03    380 +013.7036 +001.0406 -000.8702 +066.0147 +003.6162 +091.1066 0
L1 04    380 +008.4605 +010.6744 +001.8047 -055.5500 -000.1962 +000.5299 0
L1 05    380 +014.3956 +009.9685 +001.9681 -108.9516 +000.9280 -011.7340 0
L1 06    380 +015.0128 -001.2715 -000.9096 -003.7921 +031.7654 -120.2016 0
L1 07    380 +016.3941 -000.2422 -001.0606 -060.6421 +050.5110 +151.7383 0
L1 08    380 +016.1905 +000.9915 -001.9782 -021.1972 -034.2668 +067.3822 0
L1 01    384 +013.4406 +000.2781 +001.3041 +065.3794 +001.9972 +000.9409 0
L1 02    384 +007.1376 +005.8785 +001.6816 -119.7883 +003.4712 -128.8717 0
L1 03    384 +013.7036 +001.0407 -000.8703 +066.0156 +003.6163 +091.1075 0
L1 04    384 +008.4605 +010.6744 +001.8047 -055.5495 -000.1965 +000.5296 0
L1 05    384 +014.3957 +009.9684 +001.9683 -108.9530 +000.9275 -011.7342 0
L1 06    384 +015.0128 -001.2717 -000.9095 -003.7932 +031.7649 -120.2013 0
L1 07    384 +016.3940 -000.2423 -001.0610 -060.6448 +050.5138 +151.7352 0
L1 08    384 +016.1905 +000.9914 -001.9783 -021.1975 -034.2658 +067.3818 0
L1 01    388 +013.4406 +000.2780 +001.3041 +065.3777 +001.9973 +000.9408 0
L1 02    388 +007.1376 +005.8785 +001.6816 -119.7889 +003.4714 -128.8716 0
L1 03    388 +013.7036 +001.0406 -000.8702 +066.0143 +003.6162 +091.1066 0
L1 04    388 +008.4605 +010.6743 +001.8047 -055.5506 -000.1960 +000.5298 0
L1 05    388 +014.3963 +009.9672 +001.9682 -108.9623 +000.9295 -011.7354 0
L1 06    388 +015.0128 -001.2719 -000.9095 -003.7945 +031.7646 -120.2016 0
L1 07    388 +016.3941 -000.2428 -001.0608 -060.6466 +050.5122 +151.7374 0
L1 08    388 +016.1905 +000.9912 -001.9782 -021.1995 -034.2670 +067.3818 0
L1 01    392 +013.4406 +000.2780 +001.3042 +065.3770 +001.9978 +000.9397 0
L1 02    392 +007.1376 +005.8785 +001.6816 -119.7892 +003.4712 -128.8717 0
L1 03    392 +013.7036 +001.0406 -000.8702 +066.0138 +003.6167 +091.1061 0
L1 04    392 +008.4605 +010.6744 +001.8046 -055.5502 -000.1958 +000.5296 0
L1 05    392 +014.3959 +009.9681 +001.9681 -108.9563 +000.9285 -011.7351 0
L1 06    392 +015.0127 -001.2717 -000.9096 -003.7937 +031.7654 -120.2014 0
L1 07    392 +016.3940 -000.2429 -001.0607 -060.6465 +050.5127 +151.7386 0
L1 08    392 +016.1905 +000.9912 -001.9782 -021.1990 -034.2672 +067.3819 0
L1 01    396 +013.4406 +000.2780 +001.3041 +065.3769 +001.9989 +000.9402 0
L1 02    396 +007.1376 +005.8785 +001.6816 -119.7889 +003.4713 -128.8714 0
L1 03    396 +013.7036 +001.0406 -000.8702 +066.0140 +003.6170 +091.1066 0
L1 04    396 +008.4605 +010.6744 +001.8046 -055.5496 -000.1961 +000.5295 0
L1 05    396 +014.3959 +009.9681 +001.9683 -108.9560 +000.9289 -011.7352 0
L1 06    396 +015.0127 -001.2717 -000.9095 -003.7942 +031.7651 -120.2022 0
L1 07    396 +016.3940 -000.2428 -001.0607 -060.6446 +050.5123 +151.7390 0
L1 08    396 +016.1905 +000.9914 -001.9782 -021.1979 -034.2673 +067.3820 0
L1 01    400 +013.4406 +000.2780 +001.3041 +065.3762 +002.0001 +000.9414 0
L1 02    400 +007.1376 +005.8785 +001.6816 -119.7889 +003.4712 -128.8715 0
L1 03    400 +013.7036 +001.0407 -000.8702 +066.0147 +003.6173 +091.1070 0
L1 04    400 +008.4605 +010.6744 +001.8046 -055.5504 -000.1963 +000.5294 0
L1 05    400 +014.3959 +009.9680 +001.9683 -108.9570 +000.9293 -011.7351 0
L1 06    400 +015.0128 -001.2718 -000.9095 -003.7952 +031.7645 -120.2021 0
L1 07    400 +016.3941 -000.2429 -001.0610 -060.6479 +050.5135 +151.7367 0
L1 08    400 +016.1906 +000.9914 -001.9781 -021.1983 -034.2671 +067.3819 0
L1 01    404 +013.4406 +000.2780 +001.3040 +065.3756 +002.0004 +000.9419 0
L1 02    404 +007.1376 +005.8785 +001.6816 -119.7891 +003.4714 -128.8715 0
L1 03    404 +013.7035 +001.0408 -000.8702 +066.0153 +003.6172 +091.1077 0
L1 04    404 +008.4605 +010.6744 +001.8047 -055.5502 -000.1964 +000.5294 0
L1 05    404 +014.3958 +009.9682 +001.9682 -108.9553 +000.9283 -011.7349 0
L1 06    404 +015.0128 -001.2720 -000.9094 -003.7964 +031.7638 -120.2029 0
L1 07    404 +016.3940 -000.2428 -001.0609 -060.6480 +050.5124 +151.7357 0
L1 08    404 +016.1905 +000.9913 -001.9783 -021.1981 -034.2660 +067.3813 0
L1 01    408 +013.4406 +000.2779 +001.3040 +065.3742 +002.0006 +000.9420 0
L1 02    408 +007.1376 +005.8785 +001.6816 -119.7888 +003.4712 -128.8718 0
L1 03    408 +013.7035 +001.0407 -000.8702 +066.0149 +003.6176 +091.1075 0
L1 04    408 +008.4606 +010.6744 +001.8046 -055.5504 -000.1963 +000.5295 0
L1 05    408 +014.3958 +009.9681 +001.9685 -108.9547 +000.9298 -011.7341 0
L1 06    408 +015.0128 -001.2719 -000.9091 -003.7965 +031.7621 -120.2035 0
L1 07    408 +016.3941 -000.2429 -001.0605 -060.6458 +050.5115 +151.7397 0
L1 08    408 +016.1905 +000.9913 -001.9780 -021.1990 -034.2671 +067.3825 0
L1 01    412 +013.4406 +000.2780 +001.3040 +065.3741 +002.0010 +000.9411 0
L1 02    412 +007.1376 +005.8785 +001.6816 -119.7889 +003.4712 -128.8718 0
L1 03    412 +013.7036 +001.0406 -000.8702 +066.0133 +003.6178 +091.1076 0
L1 04    412 +008.4606 +010.6743 +001.8046 -055.5505 -000.1961 +000.5293 0
L1 05    412 +014.3959 +009.9680 +001.9682 -108.9564 +000.9287 -011.7351 0
L1 06    412 +015.0128 -001.2717 -000.9093 -003.7945 +031.7637 -120.2019 0
L1 07    412 +016.3941 -000.2424 -001.0608 -060.6448 +050.5139 +151.7367 0
L1 08    412 +016.1905 +000.9914 -001.9781 -021.1988 -034.2669 +067.3827 0
L1 01    416 +013.4406 +000.2780 +001.3040 +065.3740 +002.0010 +000.9415 0
L1 02    416 +007.1376 +005.8785 +001.6816 -119.7887 +003.4711 -128.8717 0
L1 03    416 +013.7035 +001.0407 -000.8703 +066.0151 +003.6178 +091.1079 0
L1 04    416 +008.4605 +010.6744 +001.8047 -055.5500 -000.1960 +000.5294 0
L1 05    416 +014.3956 +009.9684 +001.9683 -108.9534 +000.9288 -011.7352 0
L1 06    416 +015.0128 -001.2715 -000.9093 -003.7928 +031.7634 -120.2023 0
L1 07    416 +016.3941 -000.2430 -001.0607 -060.6478 +050.5130 +151.7372 0
L1 08    416 +016.1905 +000.9913 -001.9783 -021.1994 -034.2663 +067.3821 0
L1 01    420 +013.4406 +000.2781 +001.3039 +065.3744 +002.0023 +000.9423 0
L1 02    420 +007.1376 +005.8785 +001.6816 -119.7888 +003.4716 -128.8714 0
L1 03    420 +013.7035 +001.0407 -000.8702 +066.0151 +003.6180 +091.1076 0
L1 04    420 +008.4605 +010.6744 +001.8047 -055.5498 -000.1962 +000.5301 0
L1 05    420 +014.3956 +009.9685 +001.9684 -108.9517 +000.9291 -011.7342 0
L1 06    420 +015.0128 -001.2715 -000.9094 -003.7928 +031.7627 -120.2021 0
L1 07    420 +016.3941 -000.2428 -001.0609 -060.6471 +050.5125 +151.7372 0
L1 08    420 +016.1905 +000.9914 -001.9783 -021.1981 -034.2669 +067.3821 0
L1 01    424 +013.4406 +000.2779 +001.3040 +065.3719 +002.0021 +000.9413 0
L1 02    424 +007.1376 +005.8785 +001.6816 -119.7891 +003.4714 -128.8716 0
L1 03    424 +013.7036 +001.0406 -000.8702 +066.0128 +003.6183 +091.1068 0
L1 04    424 +008.4606 +010.6743 +001.8047 -055.5508 -000.1959 +000.5301 0
L1 05    424 +014.3958 +009.9682 +001.9680 -108.9548 +000.9280 -011.7366 0
L1 06    424 +015.0127 -001.2720 -000.9100 -003.7971 +031.7673 -120.2015 0
L1 07    424 +016.3940 -000.2426 -001.0608 -060.6466 +050.5131 +151.7372 0
L1 08    424 +016.1905 +000.9912 -001.9782 -021.2004 -034.2678 +067.3817 0
L1 01    428 +013.4406 +000.2780 +001.3040 +065.3723 +002.0032 +000.9411 0
L1 02    428 +007.1376 +005.8785 +001.6816 -119.7889 +003.4712 -128.8716 0
L1 03    428 +013.7036 +001.0406 -000.8702 +066.0127 +003.6187 +091.1073 0
L1 04    428 +008.4606 +010.6744 +001.8047 -055.5505 -000.1962 +000.5299 0
L1 05    428 +014.3960 +009.9680 +001.9680 -108.9552 +000.9275 -011.7352 0
L1 06    428 +015.0127 -001.2715 -000.9095 -003.7940 +031.7652 -120.2005 0
L1 07    428 +016.3940 -000.2426 -001.0604 -060.6438 +050.5128 +151.7414 0
L1 08    428 +016.1905 +000.9914 -001.9781 -021.1994 -034.2677 +067.3819 0
L1 01    432 +013.4406 +000.2781 +001.3041 +065.3723 +002.0039 +000.9412 0
L1 02    432 +007.1376 +005.8785 +001.6816 -119.7887 +003.4714 -128.8715 0
L1 03    432 +013.7036 +001.0406 -000.8701 +066.0131 +003.6190 +091.1067 0
L1 04    432 +008.4605 +010.6744 +001.8047 -055.5501 -000.1961 +000.5297 0
L1 05    432 +014.3957 +009.9683 +001.9681 -108.9529 +000.9272 -011.7345 0
L1 06    432 +015.0128 -001.2715 -000.9095 -003.7931 +031.7642 -120.2008 0
L1 07    432 +016.3940 -000.2426 -001.0609 -060.6481 +050.5138 +151.7356 0
L1 08    432 +016.1905 +000.9915 -001.9782 -021.1979 -034.2675 +067.3815 0
L1 01    436 +013.4406 +000.2780 +001.3040 +065.3711 +002.0042 +000.9416 0
L1 02    436 +007.1377 +005.8785 +001.6815 -119.7889 +003.4694 -128.8724 0
L1 03    436 +013.7035 +001.0406 -000.8702 +066.0132 +003.6190 +091.1072 0
L1 04    436 +008.4606 +010.6744 +001.8045 -055.5503 -000.1967 +000.5282 0
L1 05    436 +014.3956 +009.9684 +001.9689 -108.9525 +000.9291 -011.7349 0
L1 06    436 +015.0129 -001.2715 -000.9094 -003.7929 +031.7650 -120.2001 0
L1 07    436 +016.3939 -000.2426 -001.0610 -060.6486 +050.5146 +151.7344 0
L1 08    436 +016.1905 +000.9914 -001.9783 -021.1981 -034.2668 +067.3818 0
L1 01    440 +013.4406 +000.2779 +001.3041 +065.3691 +002.0040 +000.9407 0
L1 02    440 +007.1376 +005.8785 +001.6815 -119.7890 +003.4704 -128.8717 0
L1 03    440 +013.7036 +001.0407 -000.8702 +066.0130 +003.6190 +091.1071 0
L1 04    440 +008.4606 +010.6743 +001.8047 -055.5510 -000.1958 +000.5297 0
L1 05    440 +014.3954 +009.9688 +001.9683 -108.9522 +000.9274 -011.7340 0
L1 06    440 +015.0128 -001.2717 -000.9094 -003.7949 +031.7649 -120.2006 0
L1 07    440 +016.3940 -000.2428 -001.0608 -060.6487 +050.5136 +151.7360 0
L1 08    440 +016.1905 +000.9911 -001.9781 -021.2005 -034.2677 +067.3818 0
L1 01    444 +013.4406 +000.2778 +001.3041 +065.3680 +002.0046 +000.9409 0
L1 02    444 +007.1376 +005.8785 +001.6816 -119.7884 +003.4710 -128.8716 0
L1 03    444 +013.7036 +001.0406 -000.8702 +066.0119 +003.6190 +091.1068 0
L1 04    444 +008.4607 +010.6742 +001.8047 -055.5518 -000.1956 +000.5294 0
L1 05    444 +014.3957 +009.9682 +001.9685 -108.9555 +000.9301 -011.7335 0
L1 06    444 +015.0126 -001.2725 -000.9096 -003.8021 +031.7643 -120.2017 0
L1 07    444 +016.3941 -000.2430 -001.0603 -060.6464 +050.5115 +151.7412 0
L1 08    444 +016.1905 +000.9911 -001.9783 -021.2009 -034.2672 +067.3813 0
L1 01    448 +013.4406 +000.2780 +001.3040 +065.3697 +002.0054 +000.9412 0
L1 02    448 +007.1376 +005.8785 +001.6816 -119.7883 +003.4710 -128.8715 0
L1 03    448 +013.7035 +001.0409 -000.8703 +066.0150 +003.6190 +091.1082 0
L1 04    448 +008.4605 +010.6744 +001.8047 -055.5498 -000.1963 +000.5299 0
L1 05    448 +014.3956 +009.9686 +001.9680 -108.9515 +000.9269 -011.7349 0
L1 06    448 +015.0127 -001.2717 -000.9093 -003.7948 +031.7632 -120.2021 0
L1 07    448 +016.3940 -000.2428 -001.0604 -060.6449 +050.5119 +151.7407 0
L1 08    448 +016.1906 +000.9914 -001.9781 -021.1995 -034.2677 +067.3828 0
L1 01    452 +013.4406 +000.2779 +001.3040 +065.3684 +002.0056 +000.9414 0
L1 02    452 +007.1376 +005.8785 +001.6816 -119.7884 +003.4711 -128.8715 0
L1 03    452 +013.7035 +001.0407 -000.8702 +066.0133 +003.6191 +091.1075 0
L1 04    452 +008.4605 +010.6744 +001.8046 -055.5498 -000.1962 +000.5296 0
L1 05    452 +014.3959 +009.9680 +001.9684 -108.9561 +000.9291 -011.7339 0
L1 06    452 +015.0127 -001.2718 -000.9096 -003.7961 +031.7655 -120.2029 0
L1 07    452 +016.3941 -000.2426 -001.0603 -060.6443 +050.5114 +151.7409 0
L1 08    452 +016.1905 +000.9912 -001.9781 -021.2007 -034.2680 +067.3825 0
L1 01    456 +013.4406 +000.2779 +001.3040 +065.3680 +002.0065 +000.9420 0
L1 02    456 +007.1376 +005.8785 +001.6816 -119.7888 +003.4709 -128.8715 0
L1 03    456 +013.7035 +001.0408 -000.8702 +066.0138 +003.6195 +091.1080 0
L1 04    456 +008.4606 +010.6743 +001.8046 -055.5506 -000.1964 +000.5295 0
L1 05    456 +014.3958 +009.9681 +001.9681 -108.9556 +000.9282 -011.7349 0
L1 06    456 +015.0127 -001.2719 -000.9093 -003.7968 +031.7635 -120.2032 0
L1 07    456 +016.3940 -000.2429 -001.0606 -060.6486 +050.5139 +151.7380 0
L1 08    456 +016.1905 +000.9912 -001.9783 -021.2008 -034.2664 +067.3822 0
L1 01    460 +013.4406 +000.2779 +001.3040 +065.3667 +002.0074 +000.9421 0
L1 02    460 +007.1376 +005.8785 +001.6816 -119.7889 +003.4709 -128.8716 0
L1 03    460 +013.7035 +001.0408 -000.8702 +066.0135 +003.6198 +091.1082 0
L1 04    460 +008.4607 +010.6743 +001.8047 -055.5514 -000.1962 +000.5298 0
L1 05    460 +014.3959 +009.9680 +001.9682 -108.9559 +000.9271 -011.7336 0
L1 06    460 +015.0127 -001.2718 -000.9094 -003.7965 +031.7645 -120.2025 0
L1 07    460 +016.3940 -000.2430 -001.0608 -060.6507 +050.5141 +151.7365 0
L1 08    460 +016.1905 +000.9913 -001.9782 -021.2004 -034.2669 +067.3818 0
L1 01    464 +013.4406 +000.2779 +001.3040 +065.3663 +002.0072 +000.9410 0
L1 02    464 +007.1376 +005.8785 +001.6816 -119.7889 +003.4710 -128.8718 0
L1 03    464 +013.7035 +001.0407 -000.8702 +066.0132 +003.6200 +091.1079 0
L1 04    464 +008.4606 +010.6743 +001.8047 -055.5506 -000.1957 +000.5300 0
L1 05    464 +014.3958 +009.9679 +001.9685 -108.9560 +000.9305 -011.7333 0
L1 06    464 +015.0127 -001.2718 -000.9093 -003.7961 +031.7634 -120.2016 0
L1 07    464 +016.3940 -000.2429 -001.0609 -060.6493 +050.5153 +151.7374 0
L1 08    464 +016.1905 +000.9913 -001.9780 -021.2011 -034.2681 +067.3827 0
L1 01    468 +013.4406 +000.2779 +001.3040 +065.3662 +002.0078 +000.9414 0
L1 02    468 +007.1376 +005.8786 +001.6816 -119.7877 +003.4711 -128.8716 0
L1 03    468 +013.7035 +001.0408 -000.8703 +066.0138 +003.6199 +091.1080 0
L1 04    468 +008.4605 +010.6745 +001.8046 -055.5494 -000.1962 +000.5293 0
L1 05    468 +014.3955 +009.9685 +001.9680 -108.9522 +000.9270 -011.7349 0
L1 06    468 +015.0127 -001.2717 -000.9096 -003.7963 +031.7650 -120.2023 0
L1 07    468 +016.3940 -000.2423 -001.0610 -060.6461 +050.5149 +151.7367 0
L1 08    468 +016.1905 +000.9914 -001.9782 -021.1998 -034.2669 +067.3825 0
L1 01    472 +013.4406 +000.2778 +001.3040 +065.3645 +002.0081 +000.9417 0
L1 02    472 +007.1376 +005.8785 +001.6815 -119.7891 +003.4707 -128.8720 0
L1 03    472 +013.7036 +001.0407 -000.8702 +066.0123 +003.6202 +091.1077 0
L1 04    472 +008.4606 +010.6743 +001.8046 -055.5513 -000.1959 +000.5295 0
L1 05    472 +014.3957 +009.9683 +001.9681 -108.9544 +000.9287 -011.7357 0
L1 06    472 +015.0127 -001.2720 -000.9096 -003.7983 +031.7651 -120.2018 0
L1 07    472 +016.3940 -000.2427 -001.0606 -060.6468 +050.5140 +151.7391 0
L1 08    472 +016.1906 +000.9912 -001.9782 -021.2016 -034.2679 +067.3823 0
L1 01    476 +013.4406 +000.2778 +001.3040 +065.3642 +002.0081 +000.9407 0
L1 02    476 +007.1376 +005.8785 +001.6816 -119.7889 +003.4708 -128.8720 0
L1 03    476 +013.7035 +001.0406 -000.8703 +066.0121 +003.6202 +091.1075 0
L1 04    476 +008.4606 +010.6743 +001.8046 -055.5507 -000.1957 +000.5295 0
L1 05    476 +014.3956 +009.9684 +001.9682 -108.9544 +000.9295 -011.7344 0
L1 06    476 +015.0127 -001.2717 -000.9095 -003.7957 +031.7650 -120.2012 0
L1 07    476 +016.3940 -000.2426 -001.0607 -060.6462 +050.5146 +151.7385 0
L1 08    476 +016.1905 +000.9912 -001.9782 -021.2021 -034.2679 +067.3828 0
L1 01    480 +013.4406 +000.2780 +001.3040 +065.3653 +002.0086 +000.9405 0
L1 02    480 +007.1376 +005.8785 +001.6816 -119.7884 +003.4709 -128.8719 0
L1 03    480 +013.7035 +001.0407 -000.8702 +066.0130 +003.6200 +091.1075 0
L1 04    480 +008.4605 +010.6744 +001.8047 -055.5498 -000.1960 +000.5300 0
L1 05    480 +014.3952 +009.9691 +001.9685 -108.9483 +000.9287 -011.7317 0
L1 06    480 +015.0126 -001.2716 -000.9096 -003.7943 +031.7659 -120.2006 0
L1 07    480 +016.3939 -000.2425 -001.0609 -060.6460 +050.5157 +151.7375 0
L1 08    480 +016.1905 +000.9914 -001.9782 -021.2002 -034.2680 +067.3833 0
L1 01    484 +013.4406 +000.2780 +001.3040 +065.3642 +002.0091 +000.9410 0
L1 02    484 +007.1376 +005.8785 +001.6816 -119.7887 +003.4708 -128.8720 0
L1 03    484 +013.7036 +001.0407 -000.8702 +066.0121 +003.6199 +091.1075 0
L1 04    484 +008.4606 +010.6743 +001.8047 -055.5506 -000.1958 +000.5300 0
L1 05    484 +014.3956 +009.9685 +001.9680 -108.9537 +000.9270 -011.7349 0
L1 06    484 +015.0127 -001.2714 -000.9094 -003.7940 +031.7642 -120.2008 0
L1 07    484 +016.3940 -000.2431 -001.0605 -060.6486 +050.5133 +151.7410 0
L1 08    484 +016.1905 +000.9913 -001.9782 -021.2014 -034.2679 +067.3828 0
