L1 01      6 +016.2257 +000.2180 +001.3486 -092.6887 +003.9719 +002.3540 0
L1 02      6 +007.1367 +005.8795 +001.6819 -119.7954 +003.4876 -128.8801 0
L1 03      6 +016.3099 -000.5551 -000.8264 -092.3500 +004.1732 +092.3258 0
L1 04      6 +008.5090 +010.6704 +001.8072 -056.0251 -000.3444 +000.5149 0
L1 05      6 +014.3892 +009.9600 +001.9702 -108.7885 +000.9570 -011.4642 0
L1 06      6 +014.5493 +001.5375 -000.4222 +167.9692 +001.4234 -123.0040 0
L1 07      6 +012.9446 +000.5932 -000.3973 +120.0783 +032.8594 +148.8407 0
L1 08      6 +012.5797 -000.3426 -001.3457 +106.9044 -048.7880 +101.1790 0
L1 01     10 +016.2257 +000.2180 +001.3485 -092.6890 +003.9710 +002.3524 0
L1 02     10 +007.1367 +005.8795 +001.6819 -119.7949 +003.4874 -128.8803 0
L1 03     10 +016.3099 -000.5550 -000.8264 -092.3494 +004.1734 +092.3257 0
L1 04     10 +008.5089 +010.6705 +001.8073 -056.0244 -000.3441 +000.5154 0
L1 05     10 +014.3892 +009.9601 +001.9703 -108.7882 +000.9565 -011.4632 0
L1 06     10 +014.5492 +001.5376 -000.4222 +167.9701 +001.4229 -123.0043 0
L1 07     10 +012.9446 +000.5932 -000.3975 +120.0800 +032.8588 +148.8423 0
L1 08     10 +012.5797 -000.3426 -001.3457 +106.9040 -048.7882 +101.1794 0
L1 01     14 +016.2257 +000.2180 +001.3486 -092.6911 +003.9713 +002.3538 0
L1 02     14 +007.1367 +005.8795 +001.6819 -119.7954 +003.4877 -128.8803 0
L1 03     14 +016.3099 -000.5551 -000.8264 -092.3500 +004.1728 +092.3261 0
L1 04     14 +008.5090 +010.6705 +001.8073 -056.0245 -000.3439 +000.5150 0
L1 05     14 +014.3888 +009.9606 +001.9701 -108.7852 +000.9569 -011.4639 0
L1 06     14 +014.5492 +001.5376 -000.4223 +167.9694 +001.4224 -123.0039 0
L1 07     14 +012.9446 +000.5932 -000.3975 +120.0797 +032.8589 +148.8428 0
L1 08     14 +012.5797 -000.3426 -001.3457 +106.9041 -048.7878 +101.1794 0
L1 01     18 +016.2257 +000.2181 +001.3486 -092.6916 +003.9706 +002.3531 0
L1 02     18 +007.1367 +005.8795 +001.6819 -119.7951 +003.4874 -128.8804 0
L1 03     18 +016.3099 -000.5549 -000.8265 -092.3490 +004.1732 +092.3256 0
L1 04     18 +008.5089 +010.6704 +001.8073 -056.0244 -000.3439 +000.5153 0
L1 05     18 +014.3889 +009.9602 +001.9707 -108.7870 +000.9597 -011.4622 0
L1 06     18 +014.5492 +001.5374 -000.4222 +167.9684 +001.4223 -123.0038 0
L1 07     18 +012.9445 +000.5932 -000.3976 +120.0815 +032.8585 +148.8444 0
L1 08     18 +012.5797 -000.3426 -001.3457 +106.9041 -048.7877 +101.1796 0
L1 01     22 +016.2257 +000.2179 +001.3487 -092.6938 +003.9708 +002.3543 0
L1 02     22 +007.1367 +005.8795 +001.6819 -119.7951 +003.4874 -128.8802 0
L1 03     22 +016.3099 -000.5547 -000.8264 -092.3479 +004.1734 +092.3260 0
L1 04     22 +008.5089 +010.6705 +001.8073 -056.0240 -000.3442 +000.5153 0
L1 05     22 +014.3888 +009.9605 +001.9706 -108.7855 +000.9584 -011.4625 0
L1 06     22 +014.5492 +001.5375 -000.4219 +167.9692 +001.4239 -123.0040 0
L1 07     22 +012.9446 +000.5931 -000.3977 +120.0818 +032.8576 +148.8451 0
L1 08     22 +012.5797 -000.3426 -001.3457 +106.9036 -048.7878 +101.1799 0
L1 01     26 +016.2257 +000.2180 +001.3488 -092.6956 +003.9711 +002.3552 0
L1 02     26 +007.1367 +005.8795 +001.6819 -119.7955 +003.4874 -128.8803 0
L1 03     26 +016.3099 -000.5550 -000.8263 -092.3494 +004.1734 +092.3272 0
L1 04     26 +008.5089 +010.6705 +001.8074 -056.0244 -000.3438 +000.5155 0
L1 05     26 +014.3889 +009.9603 +001.9707 -108.7865 +000.9594 -011.4625 0
L1 06     26 +014.5492 +001.5376 -000.4221 +167.9689 +001.4227 -123.0038 0
L1 07     26 +012.9446 +000.5932 -000.3976 +120.0810 +032.8572 +148.8445 0
L1 08     26 +012.5797 -000.3426 -001.3457 +106.9031 -048.7879 +101.1803 0
L1 01     30 +016.2257 +000.2181 +001.3485 -092.6963 +003.9706 +002.3526 0
L1 02     30 +007.1367 +005.8795 +001.6819 -119.7952 +003.4876 -128.8803 0
L1 03     30 +016.3099 -000.5548 -000.8264 -092.3487 +004.1728 +092.3258 0
L1 04     30 +008.5089 +010.6705 +001.8073 -056.0242 -000.3439 +000.5149 0
L1 05     30 +014.3891 +009.9599 +001.9711 -108.7884 +000.9613 -011.4606 0
L1 06     30 +014.5492 +001.5375 -000.4219 +167.9693 +001.4240 -123.0036 0
L1 07     30 +012.9446 +000.5933 -000.3975 +120.0824 +032.8577 +148.8435 0
L1 08     30 +012.5797 -000.3426 -001.3457 +106.9027 -048.7880 +101.1807 0
L1 01     34 +016.2256 +000.2179 +001.3486 -092.6989 +003.9699 +002.3533 0
L1 02     34 +007.1367 +005.8795 +001.6818 -119.7954 +003.4873 -128.8805 0
L1 03     34 +016.3099 -000.5548 -000.8265 -092.3486 +004.1723 +092.3255 0
L1 04     34 +008.5090 +010.6705 +001.8073 -056.0244 -000.3440 +000.5150 0
L1 05     34 +014.3890 +009.9600 +001.9708 -108.7879 +000.9601 -011.4608 0
L1 06     34 +014.5492 +001.5376 -000.4221 +167.9699 +001.4233 -123.0039 0
L1 07     34 +012.9446 +000.5932 -000.3976 +120.0824 +032.8573 +148.8445 0
L1 08     34 +012.5797 -000.3427 -001.3456 +106.9029 -048.7876 +101.1801 0
L1 01     38 +016.2256 +000.2181 +001.3485 -092.6984 +003.9699 +002.3527 0
L1 02     38 +007.1367 +005.8795 +001.6818 -119.7953 +003.4874 -128.8804 0
L1 03     38 +016.3099 -000.5547 -000.8265 -092.3475 +004.1723 +092.3254 0
L1 04     38 +008.5089 +010.6705 +001.8073 -056.0235 -000.3442 +000.5154 0
L1 05     38 +014.3891 +009.9602 +001.9707 -108.7873 +000.9586 -011.4606 0
L1 06     38 +014.5492 +001.5375 -000.4221 +167.9700 +001.4234 -123.0048 0
L1 07     38 +012.9445 +000.5932 -000.3975 +120.0832 +032.8580 +148.8443 0
L1 08     38 +012.5797 -000.3426 -001.3456 +106.9037 -048.7877 +101.1801 0
L1 01     42 +016.2257 +000.2180 +001.3487 -092.7012 +003.9704 +002.3535 0
L1 02     42 +007.1367 +005.8795 +001.6819 -119.7955 +003.4875 -128.8804 0
L1 03     42 +016.3099 -000.5548 -000.8266 -092.3484 +004.1728 +092.3247 0
L1 04     42 +008.5089 +010.6705 +001.8074 -056.0242 -000.3438 +000.5155 0
L1 05     42 +014.3889 +009.9605 +001.9702 -108.7854 +000.9571 -011.4625 0
L1 06     42 +014.5493 +001.5373 -000.4223 +167.9681 +001.4219 -123.0043 0
L1 07     42 +012.9446 +000.5932 -000.3975 +120.0834 +032.8574 +148.8448 0
L1 08     42 +012.5797 -000.3426 -001.3457 +106.9033 -048.7878 +101.1806 0
L1 01     46 +016.2257 +000.2178 +001.3486 -092.7050 +003.9707 +002.3525 0
L1 02     46 +007.1367 +005.8795 +001.6819 -119.7952 +003.4877 -128.8802 0
L1 03     46 +016.3099 -000.5549 -000.8265 -092.3491 +004.1724 +092.3251 0
L1 04     46 +008.5089 +010.6705 +001.8073 -056.0243 -000.3440 +000.5152 0
L1 05     46 +014.3893 +009.9600 +001.9700 -108.7891 +000.9560 -011.4634 0
L1 06     46 +014.5492 +001.5377 -000.4221 +167.9699 +001.4231 -123.0044 0
L1 07     46 +012.9446 +000.5932 -000.3975 +120.0837 +032.8571 +148.8452 0
L1 08     46 +012.5797 -000.3426 -001.3457 +106.9028 -048.7877 +101.1807 0
L1 01     50 +016.2257 +000.2179 +001.3487 -092.7040 +003.9701 +002.3543 0
L1 02     50 +007.1367 +005.8795 +001.6819 -119.7951 +003.4876 -128.8803 0
L1 03     50 +016.3099 -000.5546 -000.8265 -092.3469 +004.1728 +092.3260 0
L1 04     50 +008.5088 +010.6705 +001.8075 -056.0234 -000.3438 +000.5163 0
L1 05     50 +014.3892 +009.9600 +001.9704 -108.7886 +000.9586 -011.4621 0
L1 06     50 +014.5493 +001.5376 -000.4221 +167.9704 +001.4229 -123.0043 0
L1 07     50 +012.9446 +000.5931 -000.3975 +120.0842 +032.8566 +148.8454 0
L1 08     50 +012.5797 -000.3425 -001.3457 +106.9036 -048.7878 +101.1805 0
L1 01     54 +016.2257 +000.2179 +001.3487 -092.7059 +003.9702 +002.3538 0
L1 02     54 +007.1367 +005.8795 +001.6819 -119.7955 +003.4876 -128.8804 0
L1 03     54 +016.3099 -000.5548 -000.8265 -092.3481 +004.1725 +092.3260 0
L1 04     54 +008.5089 +010.6705 +001.8074 -056.0236 -000.3439 +000.5157 0
L1 05     54 +014.3892 +009.9600 +001.9706 -108.7889 +000.9594 -011.4623 0
L1 06     54 +014.5492 +001.5376 -000.4220 +167.9706 +001.4241 -123.0037 0
L1 07     54 +012.9446 +000.5932 -000.3975 +120.0850 +032.8558 +148.8459 0
L1 08     54 +012.5797 -000.3425 -001.3457 +106.9035 -048.7878 +101.1804 0
L1 01     58 +016.2257 +000.2179 +001.3487 -092.7078 +003.9703 +002.3538 0
L1 02     58 +007.1368 +005.8795 +001.6819 -119.7961 +003.4876 -128.8805 0
L1 03     58 +016.3099 -000.5549 -000.8265 -092.3492 +004.1728 +092.3260 0
L1 04     58 +008.5089 +010.6705 +001.8073 -056.0238 -000.3441 +000.5156 0
L1 05     58 +014.3892 +009.9601 +001.9703 -108.7884 +000.9568 -011.4623 0
L1 06     58 +014.5492 +001.5375 -000.4220 +167.9698 +001.4238 -123.0048 0
L1 07     58 +012.9446 +000.5932 -000.3975 +120.0847 +032.8553 +148.8458 0
L1 08     58 +012.5797 -000.3425 -001.3457 +106.9028 -048.7880 +101.1807 0
L1 01     62 +016.2256 +000.2180 +001.3489 -092.7091 +003.9701 +002.3548 0
L1 02     62 +007.1368 +005.8795 +001.6819 -119.7959 +003.4878 -128.8804 0
L1 03     62 +016.3099 -000.5550 -000.8264 -092.3495 +004.1728 +092.3265 0
L1 04     62 +008.5090 +010.6704 +001.8074 -056.0244 -000.3438 +000.5156 0
L1 05     62 +014.3893 +009.9599 +001.9705 -108.7909 +000.9576 -011.4624 0
L1 06     62 +014.5492 +001.5376 -000.4220 +167.9697 +001.4232 -123.0057 0
L1 07     62 +012.9446 +000.5930 -000.3975 +120.0837 +032.8553 +148.8462 0
L1 08     62 +012.5797 -000.3426 -001.3456 +106.9028 -048.7877 +101.1805 0
L1 01     66 +016.2256 +000.2180 +001.3487 -092.7098 +003.9693 +002.3534 0
L1 02     66 +007.1367 +005.8796 +001.6818 -119.7950 +003.4871 -128.8805 0
L1 03     66 +016.3099 -000.5549 -000.8266 -092.3490 +004.1724 +092.3255 0
L1 04     66 +008.5089 +010.6705 +001.8073 -056.0237 -000.3441 +000.5150 0
L1 05     66 +014.3894 +009.9598 +001.9703 -108.7907 +000.9563 -011.4629 0
L1 06     66 +014.5492 +001.5378 -000.4220 +167.9716 +001.4229 -123.0051 0
L1 07     66 +012.9446 +000.5931 -000.3976 +120.0864 +032.8549 +148.8470 0
L1 08     66 +012.5797 -000.3425 -001.3456 +106.9028 -048.7874 +101.1813 0
L1 01     70 +016.2257 +000.2180 +001.3486 -092.7121 +003.9690 +002.3527 0
L1 02     70 +007.1368 +005.8795 +001.6818 -119.7955 +003.4872 -128.8805 0
L1 03     70 +016.3099 -000.5551 -000.8266 -092.3501 +004.1723 +092.3253 0
L1 04     70 +008.5090 +010.6705 +001.8073 -056.0243 -000.3440 +000.5153 0
L1 05     70 +014.3892 +009.9600 +001.9704 -108.7893 +000.9570 -011.4623 0
L1 06     70 +014.5492 +001.5376 -000.4222 +167.9701 +001.4215 -123.0046 0
L1 07     70 +012.9446 +000.5931 -000.3977 +120.0865 +032.8544 +148.8486 0
L1 08     70 +012.5797 -000.3426 -001.3456 +106.9017 -048.7874 +101.1818 0
L1 01     74 +016.2256 +000.2180 +001.3486 -092.7127 +003.9687 +002.3522 0
L1 02     74 +007.1367 +005.8795 +001.6819 -119.7953 +003.4876 -128.8803 0
L1 03     74 +016.3099 -000.5549 -000.8267 -092.3491 +004.1719 +092.3243 0
L1 04     74 +008.5089 +010.6705 +001.8073 -056.0237 -000.3443 +000.5153 0
L1 05     74 +014.3891 +009.9603 +001.9701 -108.7868 +000.9556 -011.4641 0
L1 06     74 +014.5492 +001.5377 -000.4222 +167.9707 +001.4216 -123.0051 0
L1 07     74 +012.9446 +000.5932 -000.3976 +120.0875 +032.8545 +148.8483 0
L1 08     74 +012.5797 -000.3425 -001.3456 +106.9020 -048.7875 +101.1818 0
L1 01     78 +016.2256 +000.2180 +001.3487 -092.7141 +003.9693 +002.3529 0
L1 02     78 +007.1367 +005.8795 +001.6819 -119.7955 +003.4876 -128.8804 0
L1 03     78 +016.3099 -000.5550 -000.8266 -092.3495 +004.1718 +092.3251 0
L1 04     78 +008.5089 +010.6705 +001.8074 -056.0238 -000.3442 +000.5159 0
L1 05     78 +014.3891 +009.9602 +001.9702 -108.7875 +000.9563 -011.4645 0
L1 06     78 +014.5492 +001.5379 -000.4221 +167.9722 +001.4220 -123.0052 0
L1 07     78 +012.9446 +000.5931 -000.3975 +120.0874 +032.8542 +148.8482 0
L1 08     78 +012.5797 -000.3425 -001.3456 +106.9025 -048.7875 +101.1811 0
L1 01     82 +016.2257 +000.2179 +001.3487 -092.7169 +003.9694 +002.3535 0
L1 02     82 +007.1367 +005.8795 +001.6819 -119.7956 +003.4877 -128.8804 0
L1 03     82 +016.3099 -000.5550 -000.8265 -092.3498 +004.1722 +092.3261 0
L1 04     82 +008.5090 +010.6704 +001.8074 -056.0246 -000.3438 +000.5157 0
L1 05     82 +014.3890 +009.9602 +001.9705 -108.7880 +000.9585 -011.4626 0
L1 06     82 +014.5492 +001.5379 -000.4220 +167.9720 +001.4232 -123.0045 0
L1 07     82 +012.9446 +000.5932 -000.3975 +120.0885 +032.8539 +148.8485 0
L1 08     82 +012.5797 -000.3425 -001.3456 +106.9019 -048.7874 +101.1815 0
L1 01     86 +016.2256 +000.2181 +001.3488 -092.7164 +003.9693 +002.3545 0
L1 02     86 +007.1367 +005.8795 +001.6819 -119.7953 +003.4881 -128.8802 0
L1 03     86 +016.3099 -000.5549 -000.8263 -092.3486 +004.1723 +092.3273 0
L1 04     86 +008.5088 +010.6706 +001.8074 -056.0231 -000.3440 +000.5160 0
L1 05     86 +014.3886 +009.9609 +001.9706 -108.7814 +000.9581 -011.4633 0
L1 06     86 +014.5492 +001.5379 -000.4220 +167.9723 +001.4236 -123.0045 0
L1 07     86 +012.9446 +000.5932 -000.3976 +120.0896 +032.8541 +148.8491 0
L1 08     86 +012.5797 -000.3425 -001.3456 +106.9025 -048.7875 +101.1815 0
L1 01     90 +016.2256 +000.2181 +001.3488 -092.7182 +003.9698 +002.3545 0
L1 02     90 +007.1367 +005.8795 +001.6819 -119.7955 +003.4879 -128.8803 0
L1 03     90 +016.3099 -000.5551 -000.8265 -092.3501 +004.1717 +092.3260 0
L1 04     90 +008.5089 +010.6705 +001.8074 -056.0237 -000.3438 +000.5157 0
L1 05     90 +014.3887 +009.9609 +001.9700 -108.7831 +000.9562 -011.4639 0
L1 06     90 +014.5492 +001.5377 -000.4220 +167.9704 +001.4235 -123.0036 0
L1 07     90 +012.9446 +000.5932 -000.3975 +120.0893 +032.8535 +148.8495 0
L1 08     90 +012.5797 -000.3425 -001.3456 +106.9015 -048.7874 +101.1821 0
L1 01     94 +016.2256 +000.2179 +001.3489 -092.7211 +003.9684 +002.3544 0
L1 02     94 +007.1368 +005.8795 +001.6819 -119.7960 +003.4880 -128.8802 0
L1 03     94 +016.3099 -000.5548 -000.8266 -092.3488 +004.1717 +092.3255 0
L1 04     94 +008.5089 +010.6705 +001.8074 -056.0240 -000.3440 +000.5155 0
L1 05     94 +014.3888 +009.9605 +001.9703 -108.7859 +000.9579 -011.4634 0
L1 06     94 +014.5492 +001.5376 -000.4221 +167.9702 +001.4222 -123.0038 0
L1 07     94 +012.9446 +000.5930 -000.3976 +120.0887 +032.8529 +148.8498 0
L1 08     94 +012.5797 -000.3425 -001.3456 +106.9010 -048.7874 +101.1826 0
L1 01     98 +016.2256 +000.2178 +001.3488 -092.7245 +003.9692 +002.3538 0
L1 02     98 +007.1367 +005.8795 +001.6819 -119.7956 +003.4878 -128.8802 0
L1 03     98 +016.3099 -000.5550 -000.8265 -092.3500 +004.1722 +092.3263 0
L1 04     98 +008.5090 +010.6705 +001.8073 -056.0245 -000.3434 +000.5153 0
L1 05     98 +014.3891 +009.9601 +001.9705 -108.7879 +000.9586 -011.4629 0
L1 06     98 +014.5493 +001.5373 -000.4221 +167.9686 +001.4222 -123.0039 0
L1 07     98 +012.9446 +000.5931 -000.3976 +120.0890 +032.8526 +148.8503 0
L1 08     98 +012.5797 -000.3425 -001.3456 +106.9005 -048.7873 +101.1828 0
L1 01    102 +016.2256 +000.2178 +001.3487 -092.7248 +003.9688 +002.3528 0
L1 02    102 +007.1367 +005.8795 +001.6819 -119.7955 +003.4876 -128.8804 0
L1 03    102 +016.3099 -000.5549 -000.8264 -092.3492 +004.1719 +092.3260 0
L1 04    102 +008.5089 +010.6705 +001.8074 -056.0242 -000.3436 +000.5157 0
L1 05    102 +014.3891 +009.9600 +001.9709 -108.7882 +000.9598 -011.4610 0
L1 06    102 +014.5492 +001.5377 -000.4220 +167.9713 +001.4224 -123.0045 0
L1 07    102 +012.9446 +000.5930 -000.3977 +120.0900 +032.8523 +148.8518 0
L1 08    102 +012.5797 -000.3425 -001.3456 +106.9005 -048.7875 +101.1833 0
L1 01    106 +016.2256 +000.2179 +001.3488 -092.7258 +003.9689 +002.3534 0
L1 02    106 +007.1367 +005.8795 +001.6819 -119.7955 +003.4876 -128.8804 0
L1 03    106 +016.3099 -000.5550 -000.8265 -092.3500 +004.1717 +092.3254 0
L1 04    106 +008.5089 +010.6705 +001.8074 -056.0241 -000.3440 +000.5158 0
L1 05    106 +014.3895 +009.9596 +001.9707 -108.7918 +000.9593 -011.4628 0
L1 06    106 +014.5492 +001.5377 -000.4220 +167.9708 +001.4226 -123.0051 0
L1 07    106 +012.9446 +000.5931 -000.3976 +120.0907 +032.8515 +148.8513 0
L1 08    106 +012.5797 -000.3425 -001.3456 +106.9001 -048.7874 +101.1835 0
L1 01    110 +016.2256 +000.2177 +001.3488 -092.7299 +003.9695 +002.3536 0
L1 02    110 +007.1368 +005.8795 +001.6819 -119.7961 +003.4879 -128.8803 0
L1 03    110 +016.3099 -000.5551 -000.8265 -092.3511 +004.1717 +092.3256 0
L1 04    110 +008.5090 +010.6704 +001.8074 -056.0250 -000.3437 +000.5156 0
L1 05    110 +014.3893 +009.9597 +001.9709 -108.7914 +000.9611 -011.4625 0
L1 06    110 +014.5492 +001.5376 -000.4221 +167.9693 +001.4214 -123.0047 0
L1 07    110 +012.9446 +000.5930 -000.3975 +120.0898 +032.8523 +148.8511 0
L1 08    110 +012.5797 -000.3426 -001.3456 +106.8995 -048.7873 +101.1833 0
L1 01    114 +016.2256 +000.2177 +001.3488 -092.7306 +003.9685 +002.3530 0
L1 02    114 +007.1367 +005.8795 +001.6819 -119.7956 +003.4877 -128.8803 0
L1 03    114 +016.3099 -000.5550 -000.8266 -092.3503 +004.1717 +092.3250 0
L1 04    114 +008.5090 +010.6704 +001.8074 -056.0247 -000.3436 +000.5157 0
L1 05    114 +014.3891 +009.9601 +001.9710 -108.7887 +000.9610 -011.4611 0
L1 06    114 +014.5493 +001.5374 -000.4222 +167.9694 +001.4208 -123.0040 0
L1 07    114 +012.9446 +000.5929 -000.3975 +120.0903 +032.8520 +148.8514 0
L1 08    114 +012.5797 -000.3426 -001.3456 +106.8998 -048.7872 +101.1833 0
L1 01    118 +016.2256 +000.2175 +001.3486 -092.7344 +003.9681 +002.3512 0
L1 02    118 +007.1368 +005.8795 +001.6819 -119.7963 +003.4879 -128.8804 0
L1 03    118 +016.3099 -000.5550 -000.8266 -092.3509 +004.1717 +092.3248 0
L1 04    118 +008.5090 +010.6704 +001.8074 -056.0250 -000.3437 +000.5155 0
L1 05    118 +014.3892 +009.9599 +001.9710 -108.7894 +000.9619 -011.4610 0
L1 06    118 +014.5492 +001.5376 -000.4222 +167.9694 +001.4207 -123.0038 0
L1 07    118 +012.9446 +000.5929 -000.3976 +120.0912 +032.8508 +148.8535 0
L1 08    118 +012.5797 -000.3426 -001.3456 +106.8994 -048.7870 +101.1834 0
L1 01    122 +016.2256 +000.2179 +001.3487 -092.7317 +003.9679 +002.3531 0
L1 02    122 +007.1368 +005.8795 +001.6819 -119.7962 +003.4880 -128.8804 0
L1 03    122 +016.3099 -000.5550 -000.8265 -092.3506 +004.1720 +092.3257 0
L1 04    122 +008.5090 +010.6704 +001.8074 -056.0247 -000.3437 +000.5156 0
L1 05    122 +014.3895 +009.9595 +001.9705 -108.7921 +000.9585 -011.4625 0
L1 06    122 +014.5492 +001.5374 -000.4223 +167.9683 +001.4197 -123.0039 0
L1 07    122 +012.9446 +000.5931 -000.3975 +120.0926 +032.8511 +148.8530 0
L1 08    122 +012.5797 -000.3425 -001.3456 +106.8996 -048.7870 +101.1837 0
L1 01    126 +016.2256 +000.2178 +001.3488 -092.7348 +003.9683 +002.3534 0
L1 02    126 +007.1368 +005.8795 +001.6819 -119.7961 +003.4879 -128.8804 0
L1 03    126 +016.3099 -000.5548 -000.8264 -092.3495 +004.1715 +092.3265 0
L1 04    126 +008.5090 +010.6704 +001.8074 -056.0251 -000.3435 +000.5160 0
L1 05    126 +014.3893 +009.9597 +001.9707 -108.7914 +000.9598 -011.4615 0
L1 06    126 +014.5493 +001.5373 -000.4222 +167.9679 +001.4209 -123.0043 0
L1 07    126 +012.9446 +000.5929 -000.3975 +120.0916 +032.8510 +148.8527 0
L1 08    126 +012.5797 -000.3426 -001.3456 +106.8990 -048.7871 +101.1841 0
L1 01    130 +016.2256 +000.2179 +001.3488 -092.7353 +003.9685 +002.3526 0
L1 02    130 +007.1369 +005.8795 +001.6816 -119.7961 +003.4832 -128.8826 0
L1 03    130 +016.3099 -000.5550 -000.8265 -092.3511 +004.1712 +092.3257 0
L1 04    130 +008.5092 +010.6703 +001.8072 -056.0265 -000.3438 +000.5137 0
L1 05    130 +014.3894 +009.9596 +001.9701 -108.7926 +000.9589 -011.4643 0
L1 06    130 +014.5493 +001.5373 -000.4222 +167.9676 +001.4211 -123.0048 0
L1 07    130 +012.9446 +000.5931 -000.3975 +120.0926 +032.8503 +148.8528 0
L1 08    130 +012.5797 -000.3425 -001.3455 +106.8988 -048.7874 +101.1835 0
L1 01    134 +016.2255 +000.2179 +001.3488 -092.7355 +003.9689 +002.3533 0
L1 02    134 +007.1368 +005.8795 +001.6819 -119.7963 +003.4877 -128.8804 0
L1 03    134 +016.3099 -000.5549 -000.8265 -092.3498 +004.1716 +092.3255 0
L1 04    134 +008.5091 +010.6703 +001.8075 -056.0259 -000.3435 +000.5159 0
L1 05    134 +014.3890 +009.9601 +001.9704 -108.7883 +000.9595 -011.4630 0
L1 06    134 +014.5493 +001.5375 -000.4221 +167.9695 +001.4213 -123.0052 0
L1 07    134 +012.9446 +000.5930 -000.3975 +120.0926 +032.8505 +148.8526 0
L1 08    134 +012.5797 -000.3425 -001.3456 +106.8992 -048.7873 +101.1842 0
L1 01    138 +016.2255 +000.2181 +001.3488 -092.7369 +003.9687 +002.3534 0
L1 02    138 +007.1368 +005.8794 +001.6819 -119.7963 +003.4884 -128.8800 0
L1 03    138 +016.3099 -000.5551 -000.8264 -092.3510 +004.1719 +092.3270 0
L1 04    138 +008.5091 +010.6703 +001.8074 -056.0256 -000.3434 +000.5159 0
L1 05    138 +014.3890 +009.9603 +001.9704 -108.7873 +000.9590 -011.4621 0
L1 06    138 +014.5493 +001.5374 -000.4220 +167.9681 +001.4221 -123.0053 0
L1 07    138 +012.9446 +000.5931 -000.3975 +120.0939 +032.8503 +148.8531 0
L1 08    138 +012.5797 -000.3425 -001.3456 +106.8991 -048.7873 +101.1841 0
L1 01    142 +016.2255 +000.2181 +001.3489 -092.7384 +003.9685 +002.3539 0
L1 02    142 +007.1367 +005.8795 +001.6819 -119.7958 +003.4882 -128.8803 0
L1 03    142 +016.3099 -000.5550 -000.8265 -092.3508 +004.1718 +092.3262 0
L1 04    142 +008.5090 +010.6703 +001.8074 -056.0253 -000.3433 +000.5160 0
L1 05    142 +014.3886 +009.9609 +001.9706 -108.7834 +000.9577 -011.4616 0
L1 06    142 +014.5492 +001.5377 -000.4220 +167.9704 +001.4218 -123.0052 0
L1 07    142 +012.9446 +000.5931 -000.3975 +120.0942 +032.8503 +148.8537 0
L1 08    142 +012.5797 -000.3424 -001.3456 +106.8996 -048.7871 +101.1841 0
L1 01    146 +016.2255 +000.2177 +001.3489 -092.7438 +003.9691 +002.3542 0
L1 02    146 +007.1368 +005.8794 +001.6819 -119.7965 +003.4880 -128.8806 0
L1 03    146 +016.3099 -000.5550 -000.8263 -092.3509 +004.1713 +092.3274 0
L1 04    146 +008.5090 +010.6703 +001.8075 -056.0254 -000.3432 +000.5163 0
L1 05    146 +014.3892 +009.9600 +001.9705 -108.7895 +000.9584 -011.4636 0
L1 06    146 +014.5493 +001.5376 -000.4222 +167.9693 +001.4210 -123.0045 0
L1 07    146 +012.9446 +000.5931 -000.3974 +120.0939 +032.8503 +148.8535 0
L1 08    146 +012.5797 -000.3425 -001.3456 +106.8980 -048.7867 +101.1848 0
L1 01    150 +016.2255 +000.2177 +001.3490 -092.7450 +003.9678 +002.3539 0
L1 02    150 +007.1368 +005.8795 +001.6819 -119.7959 +003.4877 -128.8805 0
L1 03    150 +016.3098 -000.5548 -000.8265 -092.3497 +004.1707 +092.3254 0
L1 04    150 +008.5090 +010.6704 +001.8076 -056.0251 -000.3435 +000.5168 0
L1 05    150 +014.3892 +009.9601 +001.9708 -108.7889 +000.9596 -011.4617 0
L1 06    150 +014.5492 +001.5375 -000.4221 +167.9695 +001.4209 -123.0047 0
L1 07    150 +012.9446 +000.5931 -000.3974 +120.0954 +032.8500 +148.8547 0
L1 08    150 +012.5796 -000.3425 -001.3455 +106.8985 -048.7867 +101.1850 0
L1 01    154 +016.2255 +000.2178 +001.3487 -092.7463 +003.9685 +002.3513 0
L1 02    154 +007.1368 +005.8795 +001.6819 -119.7960 +003.4876 -128.8803 0
L1 03    154 +016.3098 -000.5550 -000.8266 -092.3507 +004.1706 +092.3249 0
L1 04    154 +008.5091 +010.6703 +001.8075 -056.0257 -000.3432 +000.5162 0
L1 05    154 +014.3890 +009.9601 +001.9705 -108.7876 +000.9574 -011.4625 0
L1 06    154 +014.5492 +001.5377 -000.4221 +167.9707 +001.4209 -123.0032 0
L1 07    154 +012.9446 +000.5931 -000.3975 +120.0964 +032.8503 +148.8561 0
L1 08    154 +012.5796 -000.3425 -001.3455 +106.8980 -048.7868 +101.1856 0
L1 01    158 +016.2255 +000.2177 +001.3488 -092.7485 +003.9682 +002.3528 0
L1 02    158 +007.1368 +005.8795 +001.6819 -119.7963 +003.4875 -128.8805 0
L1 03    158 +016.3098 -000.5550 -000.8264 -092.3508 +004.1701 +092.3259 0
L1 04    158 +008.5091 +010.6703 +001.8075 -056.0257 -000.3434 +000.5162 0
L1 05    158 +014.3895 +009.9594 +001.9705 -108.7930 +000.9583 -011.4634 0
L1 06    158 +014.5492 +001.5376 -000.4219 +167.9704 +001.4217 -123.0045 0
L1 07    158 +012.9446 +000.5931 -000.3975 +120.0967 +032.8496 +148.8560 0
L1 08    158 +012.5796 -000.3425 -001.3455 +106.8976 -048.7867 +101.1856 0
L1 01    163 +016.2255 +000.2176 +001.3487 -092.7526 +003.9680 +002.3517 0
L1 02    163 +007.1368 +005.8794 +001.6819 -119.7966 +003.4878 -128.8805 0
L1 03    163 +016.3099 -000.5549 -000.8264 -092.3509 +004.1709 +092.3255 0
L1 04    163 +008.5091 +010.6703 +001.8075 -056.0260 -000.3434 +000.5163 0
L1 05    163 +014.3894 +009.9595 +001.9710 -108.7929 +000.9607 -011.4615 0
L1 06    163 +014.5492 +001.5376 -000.4219 +167.9701 +001.4214 -123.0049 0
L1 07    163 +012.9446 +000.5930 -000.3974 +120.0969 +032.8493 +148.8561 0
L1 08    163 +012.5796 -000.3425 -001.3455 +106.8972 -048.7868 +101.1861 0
L1 01    167 +016.2255 +000.2177 +001.3489 -092.7525 +003.9689 +002.3535 0
L1 02    167 +007.1367 +005.8795 +001.6819 -119.7959 +003.4879 -128.8805 0
L1 03    167 +016.3099 -000.5550 -000.8264 -092.3509 +004.1710 +092.3261 0
L1 04    167 +008.5091 +010.6703 +001.8075 -056.0257 -000.3433 +000.5166 0
L1 05    167 +014.3892 +009.9599 +001.9709 -108.7899 +000.9610 -011.4615 0
L1 06    167 +014.5492 +001.5378 -000.4220 +167.9708 +001.4218 -123.0042 0
L1 07    167 +012.9446 +000.5931 -000.3974 +120.0977 +032.8494 +148.8555 0
L1 08    167 +012.5796 -000.3425 -001.3455 +106.8973 -048.7868 +101.1857 0
L1 01    171 +016.2255 +000.2181 +001.3488 -092.7510 +003.9683 +002.3514 0
L1 02    171 +007.1367 +005.8795 +001.6819 -119.7957 +003.4881 -128.8802 0
L1 03    171 +016.3099 -000.5550 -000.8267 -092.3506 +004.1708 +092.3238 0
L1 04    171 +008.5090 +010.6703 +001.8075 -056.0256 -000.3438 +000.5160 0
L1 05    171 +014.3889 +009.9602 +001.9710 -108.7869 +000.9592 -011.4594 0
L1 06    171 +014.5492 +001.5378 -000.4219 +167.9716 +001.4227 -123.0040 0
L1 07    171 +012.9446 +000.5931 -000.3973 +120.0984 +032.8493 +148.8558 0
L1 08    171 +012.5796 -000.3424 -001.3454 +106.8987 -048.7866 +101.1854 0
L1 01    175 +016.2255 +000.2179 +001.3487 -092.7532 +003.9679 +002.3513 0
L1 02    175 +007.1367 +005.8795 +001.6819 -119.7958 +003.4882 -128.8804 0
L1 03    175 +016.3099 -000.5549 -000.8266 -092.3499 +004.1703 +092.3248 0
L1 04    175 +008.5090 +010.6704 +001.8075 -056.0249 -000.3436 +000.5163 0
L1 05    175 +014.3890 +009.9603 +001.9712 -108.7868 +000.9603 -011.4583 0
L1 06    175 +014.5492 +001.5378 -000.4219 +167.9717 +001.4221 -123.0047 0
L1 07    175 +012.9446 +000.5933 -000.3975 +120.1002 +032.8479 +148.8569 0
L1 08    175 +012.5797 -000.3424 -001.3455 +106.8984 -048.7866 +101.1857 0
L1 01    179 +016.2255 +000.2179 +001.3489 -092.7554 +003.9683 +002.3531 0
L1 02    179 +007.1368 +005.8795 +001.6819 -119.7961 +003.4880 -128.8804 0
L1 03    179 +016.3099 -000.5548 -000.8265 -092.3493 +004.1709 +092.3261 0
L1 04    179 +008.5090 +010.6704 +001.8075 -056.0247 -000.3432 +000.5163 0
L1 05    179 +014.3889 +009.9603 +001.9710 -108.7862 +000.9597 -011.4588 0
L1 06    179 +014.5493 +001.5375 -000.4220 +167.9697 +001.4215 -123.0051 0
L1 07    179 +012.9446 +000.5932 -000.3974 +120.0994 +032.8483 +148.8562 0
L1 08    179 +012.5797 -000.3424 -001.3455 +106.8979 -048.7864 +101.1860 0
L1 01    183 +016.2255 +000.2180 +001.3488 -092.7561 +003.9680 +002.3527 0
L1 02    183 +007.1367 +005.8795 +001.6819 -119.7957 +003.4876 -128.8805 0
L1 03    183 +016.3099 -000.5549 -000.8264 -092.3499 +004.1710 +092.3268 0
L1 04    183 +008.5090 +010.6704 +001.8075 -056.0252 -000.3432 +000.5160 0
L1 05    183 +014.3890 +009.9603 +001.9710 -108.7867 +000.9599 -011.4610 0
L1 06    183 +014.5493 +001.5373 -000.4219 +167.9686 +001.4223 -123.0045 0
L1 07    183 +012.9446 +000.5932 -000.3976 +120.1003 +032.8478 +148.8581 0
L1 08    183 +012.5797 -000.3424 -001.3455 +106.8986 -048.7869 +101.1857 0
L1 01    187 +016.2255 +000.2181 +001.3490 -092.7557 +003.9672 +002.3541 0
L1 02    187 +007.1367 +005.8795 +001.6819 -119.7955 +003.4880 -128.8803 0
L1 03    187 +016.3099 -000.5544 -000.8264 -092.3456 +004.1714 +092.3269 0
L1 04    187 +008.5089 +010.6705 +001.8075 -056.0239 -000.3432 +000.5165 0
L1 05    187 +014.3890 +009.9603 +001.9710 -108.7866 +000.9598 -011.4600 0
L1 06    187 +014.5492 +001.5378 -000.4218 +167.9719 +001.4232 -123.0060 0
L1 07    187 +012.9446 +000.5932 -000.3974 +120.1011 +032.8483 +148.8571 0
L1 08    187 +012.5797 -000.3423 -001.3455 +106.8991 -048.7868 +101.1856 0
L1 01    191 +016.2255 +000.2180 +001.3488 -092.7597 +003.9672 +002.3523 0
L1 02    191 +007.1367 +005.8795 +001.6819 -119.7958 +003.4879 -128.8803 0
L1 03    191 +016.3099 -000.5547 -000.8264 -092.3487 +004.1710 +092.3268 0
L1 04    191 +008.5090 +010.6704 +001.8075 -056.0248 -000.3433 +000.5164 0
L1 05    191 +014.3893 +009.9598 +001.9712 -108.7900 +000.9609 -011.4581 0
L1 06    191 +014.5492 +001.5379 -000.4219 +167.9719 +001.4223 -123.0061 0
L1 07    191 +012.9446 +000.5931 -000.3974 +120.1001 +032.8476 +148.8569 0
L1 08    191 +012.5797 -000.3424 -001.3455 +106.8980 -048.7868 +101.1861 0
L1 01    195 +016.2255 +000.2177 +001.3489 -092.7638 +003.9672 +002.3525 0
L1 02    195 +007.1368 +005.8795 +001.6819 -119.7962 +003.4881 -128.8805 0
L1 03    195 +016.3099 -000.5547 -000.8265 -092.3492 +004.1705 +092.3256 0
L1 04    195 +008.5090 +010.6704 +001.8075 -056.0251 -000.3433 +000.5165 0
L1 05    195 +014.3892 +009.9599 +001.9707 -108.7902 +000.9583 -011.4612 0
L1 06    195 +014.5492 +001.5377 -000.4218 +167.9707 +001.4224 -123.0057 0
L1 07    195 +012.9446 +000.5932 -000.3975 +120.1013 +032.8473 +148.8584 0
L1 08    195 +012.5797 -000.3424 -001.3455 +106.8974 -048.7865 +101.1866 0
L1 01    199 +016.2255 +000.2181 +001.3488 -092.7603 +003.9674 +002.3524 0
L1 02    199 +007.1367 +005.8795 +001.6819 -119.7956 +003.4880 -128.8802 0
L1 03    199 +016.3099 -000.5548 -000.8263 -092.3486 +004.1713 +092.3272 0
L1 04    199 +008.5089 +010.6704 +001.8075 -056.0242 -000.3432 +000.5165 0
L1 05    199 +014.3888 +009.9607 +001.9705 -108.7850 +000.9581 -011.4617 0
L1 06    199 +014.5492 +001.5378 -000.4221 +167.9713 +001.4204 -123.0055 0
L1 07    199 +012.9446 +000.5932 -000.3974 +120.1015 +032.8472 +148.8580 0
L1 08    199 +012.5796 -000.3423 -001.3456 +106.8976 -048.7867 +101.1874 0
L1 01    203 +016.2255 +000.2181 +001.3487 -092.7630 +003.9676 +002.3511 0
L1 02    203 +007.1367 +005.8795 +001.6819 -119.7958 +003.4880 -128.8803 0
L1 03    203 +016.3099 -000.5549 -000.8265 -092.3501 +004.1709 +092.3255 0
L1 04    203 +008.5089 +010.6704 +001.8075 -056.0244 -000.3433 +000.5162 0
L1 05    203 +014.3889 +009.9605 +001.9705 -108.7857 +000.9574 -011.4613 0
L1 06    203 +014.5492 +001.5378 -000.4219 +167.9718 +001.4219 -123.0062 0
L1 07    203 +012.9446 +000.5932 -000.3974 +120.1024 +032.8468 +148.8587 0
L1 08    203 +012.5796 -000.3424 -001.3456 +106.8972 -048.7866 +101.1874 0
L1 01    207 +016.2254 +000.2180 +001.3489 -092.7647 +003.9674 +002.3522 0
L1 02    207 +007.1367 +005.8795 +001.6819 -119.7954 +003.4877 -128.8803 0
L1 03    207 +016.3099 -000.5549 -000.8264 -092.3497 +004.1707 +092.3259 0
L1 04    207 +008.5090 +010.6704 +001.8074 -056.0245 -000.3435 +000.5156 0
L1 05    207 +014.3888 +009.9606 +001.9707 -108.7847 +000.9579 -011.4611 0
L1 06    207 +014.5492 +001.5377 -000.4219 +167.9710 +001.4219 -123.0053 0
L1 07    207 +012.9446 +000.5931 -000.3975 +120.1020 +032.8463 +148.8595 0
L1 08    207 +012.5796 -000.3424 -001.3455 +106.8976 -048.7865 +101.1869 0
L1 01    211 +016.2255 +000.2180 +001.3490 -092.7675 +003.9676 +002.3528 0
L1 02    211 +007.1367 +005.8795 +001.6819 -119.7958 +003.4879 -128.8805 0
L1 03    211 +016.3099 -000.5549 -000.8264 -092.3504 +004.1710 +092.3259 0
L1 04    211 +008.5090 +010.6704 +001.8075 -056.0248 -000.3433 +000.5162 0
L1 05    211 +014.3891 +009.9601 +001.9707 -108.7896 +000.9588 -011.4611 0
L1 06    211 +014.5493 +001.5376 -000.4220 +167.9700 +001.4213 -123.0056 0
L1 07    211 +012.9446 +000.5932 -000.3975 +120.1028 +032.8461 +148.8597 0
L1 08    211 +012.5796 -000.3424 -001.3455 +106.8969 -048.7865 +101.1872 0
L1 01    215 +016.2254 +000.2180 +001.3489 -092.7682 +003.9665 +002.3522 0
L1 02    215 +007.1367 +005.8795 +001.6819 -119.7957 +003.4880 -128.8804 0
L1 03    215 +016.3099 -000.5548 -000.8266 -092.3494 +004.1707 +092.3247 0
L1 04    215 +008.5089 +010.6704 +001.8075 -056.0241 -000.3436 +000.5161 0
L1 05    215 +014.3889 +009.9604 +001.9708 -108.7873 +000.9590 -011.4608 0
L1 06    215 +014.5492 +001.5377 -000.4219 +167.9711 +001.4217 -123.0057 0
L1 07    215 +012.9446 +000.5934 -000.3974 +120.1048 +032.8457 +148.8597 0
L1 08    215 +012.5796 -000.3424 -001.3455 +106.8969 -048.7864 +101.1874 0
L1 01    219 +016.2254 +000.2180 +001.3487 -092.7696 +003.9666 +002.3511 0
L1 02    219 +007.1367 +005.8795 +001.6819 -119.7958 +003.4878 -128.8805 0
L1 03    219 +016.3099 -000.5547 -000.8264 -092.3489 +004.1702 +092.3259 0
L1 04    219 +008.5089 +010.6705 +001.8074 -056.0239 -000.3439 +000.5161 0
L1 05    219 +014.3893 +009.9598 +001.9709 -108.7905 +000.9601 -011.4596 0
L1 06    219 +014.5492 +001.5378 -000.4219 +167.9718 +001.4216 -123.0059 0
L1 07    219 +012.9446 +000.5932 -000.3974 +120.1036 +032.8460 +148.8596 0
L1 08    219 +012.5796 -000.3423 -001.3455 +106.8967 -048.7866 +101.1877 0
L1 01    223 +016.2255 +000.2180 +001.3488 -092.7704 +003.9667 +002.3503 0
L1 02    223 +007.1367 +005.8795 +001.6819 -119.7957 +003.4878 -128.8804 0
L1 03    223 +016.3099 -000.5548 -000.8265 -092.3491 +004.1705 +092.3251 0
L1 04    223 +008.5089 +010.6704 +001.8075 -056.0244 -000.3435 +000.5161 0
L1 05    223 +014.3890 +009.9602 +001.9707 -108.7879 +000.9578 -011.4596 0
L1 06    223 +014.5492 +001.5378 -000.4222 +167.9723 +001.4203 -123.0042 0
L1 07    223 +012.9446 +000.5933 -000.3974 +120.1050 +032.8451 +148.8599 0
L1 08    223 +012.5796 -000.3423 -001.3455 +106.8966 -048.7868 +101.1879 0
L1 01    227 +016.2255 +000.2180 +001.3488 -092.7719 +003.9674 +002.3508 0
L1 02    227 +007.1367 +005.8795 +001.6819 -119.7952 +003.4877 -128.8804 0
L1 03    227 +016.3099 -000.5547 -000.8266 -092.3490 +004.1704 +092.3244 0
L1 04    227 +008.5089 +010.6704 +001.8075 -056.0246 -000.3436 +000.5163 0
L1 05    227 +014.3889 +009.9604 +001.9706 -108.7859 +000.9579 -011.4613 0
L1 06    227 +014.5492 +001.5378 -000.4219 +167.9726 +001.4219 -123.0048 0
L1 07    227 +012.9446 +000.5934 -000.3975 +120.1073 +032.8450 +148.8611 0
L1 08    227 +012.5796 -000.3423 -001.3455 +106.8963 -048.7866 +101.1882 0
L1 01    231 +016.2255 +000.2178 +001.3489 -092.7768 +003.9675 +002.3522 0
L1 02    231 +007.1368 +005.8795 +001.6819 -119.7960 +003.4882 -128.8804 0
L1 03    231 +016.3099 -000.5549 -000.8266 -092.3502 +004.1698 +092.3253 0
L1 04    231 +008.5090 +010.6703 +001.8075 -056.0254 -000.3432 +000.5161 0
L1 05    231 +014.3893 +009.9599 +001.9708 -108.7907 +000.9599 -011.4618 0
L1 06    231 +014.5492 +001.5377 -000.4220 +167.9709 +001.4205 -123.0049 0
L1 07    231 +012.9446 +000.5933 -000.3973 +120.1059 +032.8453 +148.8603 0
L1 08    231 +012.5796 -000.3424 -001.3455 +106.8959 -048.7863 +101.1881 0
L1 01    235 +016.2255 +000.2179 +001.3489 -092.7767 +003.9679 +002.3525 0
L1 02    235 +007.1367 +005.8795 +001.6819 -119.7957 +003.4881 -128.8803 0
L1 03    235 +016.3099 -000.5549 -000.8264 -092.3498 +004.1705 +092.3263 0
L1 04    235 +008.5090 +010.6704 +001.8074 -056.0251 -000.3434 +000.5158 0
L1 05    235 +014.3890 +009.9601 +001.9705 -108.7878 +000.9590 -011.4616 0
L1 06    235 +014.5492 +001.5378 -000.4219 +167.9718 +001.4209 -123.0051 0
L1 07    235 +012.9446 +000.5933 -000.3974 +120.1071 +032.8446 +148.8611 0
L1 08    235 +012.5796 -000.3423 -001.3455 +106.8957 -048.7864 +101.1885 0
L1 01    239 +016.2254 +000.2180 +001.3489 -092.7766 +003.9673 +002.3521 0
L1 02    239 +007.1367 +005.8795 +001.6819 -119.7955 +003.4881 -128.8804 0
L1 03    239 +016.3099 -000.5548 -000.8263 -092.3491 +004.1708 +092.3270 0
L1 04    239 +008.5089 +010.6704 +001.8075 -056.0245 -000.3433 +000.5162 0
L1 05    239 +014.3890 +009.9603 +001.9704 -108.7867 +000.9585 -011.4620 0
L1 06    239 +014.5492 +001.5380 -000.4220 +167.9733 +001.4207 -123.0060 0
L1 07    239 +012.9446 +000.5932 -000.3974 +120.1066 +032.8439 +148.8614 0
L1 08    239 +012.5796 -000.3423 -001.3455 +106.8966 -048.7864 +101.1875 0
L1 01    243 +016.2254 +000.2177 +001.3488 -092.7801 +003.9673 +002.3507 0
L1 02    243 +007.1367 +005.8795 +001.6819 -119.7956 +003.4882 -128.8803 0
L1 03    243 +016.3099 -000.5549 -000.8265 -092.3504 +004.1705 +092.3257 0
L1 04    243 +008.5091 +010.6703 +001.8074 -056.0255 -000.3434 +000.5158 0
L1 05    243 +014.3889 +009.9602 +001.9706 -108.7865 +000.9595 -011.4614 0
L1 06    243 +014.5492 +001.5381 -000.4222 +167.9736 +001.4196 -123.0049 0
L1 07    243 +012.9446 +000.5931 -000.3973 +120.1055 +032.8444 +148.8606 0
L1 08    243 +012.5796 -000.3423 -001.3455 +106.8960 -048.7864 +101.1878 0
L1 01    247 +016.2254 +000.2176 +001.3489 -092.7831 +003.9667 +002.3532 0
L1 02    247 +007.1367 +005.8795 +001.6819 -119.7960 +003.4880 -128.8805 0
L1 03    247 +016.3099 -000.5549 -000.8264 -092.3510 +004.1701 +092.3266 0
L1 04    247 +008.5091 +010.6703 +001.8075 -056.0257 -000.3429 +000.5166 0
L1 05    247 +014.3891 +009.9598 +001.9709 -108.7902 +000.9607 -011.4603 0
L1 06    247 +014.5492 +001.5377 -000.4221 +167.9712 +001.4202 -123.0054 0
L1 07    247 +012.9446 +000.5931 -000.3974 +120.1055 +032.8438 +148.8614 0
L1 08    247 +012.5797 -000.3424 -001.3454 +106.8948 -048.7860 +101.1875 0
L1 01    251 +016.2254 +000.2178 +001.3489 -092.7825 +003.9672 +002.3518 0
L1 02    251 +007.1367 +005.8795 +001.6819 -119.7957 +003.4881 -128.8804 0
L1 03    251 +016.3099 -000.5549 -000.8265 -092.3510 +004.1702 +092.3259 0
L1 04    251 +008.5090 +010.6703 +001.8075 -056.0252 -000.3430 +000.5164 0
L1 05    251 +014.3890 +009.9599 +001.9712 -108.7888 +000.9618 -011.4596 0
L1 06    251 +014.5492 +001.5378 -000.4219 +167.9718 +001.4216 -123.0050 0
L1 07    251 +012.9446 +000.5931 -000.3973 +120.1070 +032.8437 +148.8618 0
L1 08    251 +012.5796 -000.3424 -001.3454 +106.8959 -048.7860 +101.1872 0
L1 01    255 +016.2255 +000.2180 +001.3488 -092.7827 +003.9670 +002.3511 0
L1 02    255 +007.1367 +005.8795 +001.6819 -119.7959 +003.4882 -128.8802 0
L1 03    255 +016.3099 -000.5552 -000.8265 -092.3524 +004.1702 +092.3260 0
L1 04    255 +008.5090 +010.6704 +001.8075 -056.0253 -000.3434 +000.5159 0
L1 05    255 +014.3891 +009.9600 +001.9708 -108.7889 +000.9592 -011.4603 0
L1 06    255 +014.5492 +001.5377 -000.4221 +167.9715 +001.4205 -123.0052 0
L1 07    255 +012.9446 +000.5932 -000.3974 +120.1086 +032.8428 +148.8629 0
L1 08    255 +012.5796 -000.3423 -001.3454 +106.8956 -048.7859 +101.1882 0
L1 01    259 +016.2254 +000.2179 +001.3489 -092.7840 +003.9667 +002.3518 0
L1 02    259 +007.1368 +005.8795 +001.6819 -119.7961 +003.4880 -128.8804 0
L1 03    259 +016.3099 -000.5548 -000.8263 -092.3506 +004.1699 +092.3268 0
L1 04    259 +008.5090 +010.6704 +001.8075 -056.0246 -000.3433 +000.5162 0
L1 05    259 +014.3892 +009.9599 +001.9707 -108.7892 +000.9588 -011.4618 0
L1 06    259 +014.5492 +001.5377 -000.4221 +167.9717 +001.4201 -123.0052 0
L1 07    259 +012.9446 +000.5931 -000.3975 +120.1088 +032.8423 +148.8644 0
L1 08    259 +012.5796 -000.3424 -001.3454 +106.8949 -048.7859 +101.1885 0
L1 01    263 +016.2254 +000.2174 +001.3488 -092.7925 +003.9660 +002.3511 0
L1 02    263 +007.1368 +005.8794 +001.6819 -119.7965 +003.4878 -128.8806 0
L1 03    263 +016.3098 -000.5549 -000.8265 -092.3518 +004.1697 +092.3257 0
L1 04    263 +008.5090 +010.6703 +001.8075 -056.0254 -000.3434 +000.5162 0
L1 05    263 +014.3892 +009.9599 +001.9707 -108.7897 +000.9582 -011.4616 0
L1 06    263 +014.5492 +001.5377 -000.4220 +167.9716 +001.4206 -123.0049 0
L1 07    263 +012.9446 +000.5931 -000.3975 +120.1093 +032.8422 +148.8653 0
L1 08    263 +012.5796 -000.3425 -001.3455 +106.8927 -048.7861 +101.1896 0
L1 01    267 +016.2254 +000.2178 +001.3488 -092.7883 +003.9668 +002.3512 0
L1 02    267 +007.1367 +005.8795 +001.6819 -119.7959 +003.4882 -128.8802 0
L1 03    267 +016.3099 -000.5548 -000.8265 -092.3508 +004.1700 +092.3260 0
L1 04    267 +008.5090 +010.6704 +001.8075 -056.0252 -000.3432 +000.5160 0
L1 05    267 +014.3890 +009.9602 +001.9704 -108.7878 +000.9581 -011.4628 0
L1 06    267 +014.5492 +001.5377 -000.4219 +167.9713 +001.4214 -123.0047 0
L1 07    267 +012.9446 +000.5933 -000.3974 +120.1106 +032.8426 +148.8648 0
L1 08    267 +012.5796 -000.3424 -001.3454 +106.8948 -048.7861 +101.1888 0
L1 01    271 +016.2254 +000.2178 +001.3489 -092.7899 +003.9667 +002.3521 0
L1 02    271 +007.1368 +005.8795 +001.6819 -119.7962 +003.4880 -128.8802 0
L1 03    271 +016.3099 -000.5547 -000.8264 -092.3501 +004.1699 +092.3262 0
L1 04    271 +008.5090 +010.6704 +001.8074 -056.0252 -000.3433 +000.5157 0
L1 05    271 +014.3893 +009.9597 +001.9706 -108.7912 +000.9594 -011.4633 0
L1 06    271 +014.5492 +001.5377 -000.4220 +167.9706 +001.4207 -123.0053 0
L1 07    271 +012.9446 +000.5932 -000.3974 +120.1105 +032.8418 +148.8653 0
L1 08    271 +012.5796 -000.3424 -001.3455 +106.8939 -048.7860 +101.1897 0
L1 01    275 +016.2254 +000.2178 +001.3487 -092.7910 +003.9662 +002.3496 0
L1 02    275 +007.1368 +005.8795 +001.6819 -119.7962 +003.4880 -128.8803 0
L1 03    275 +016.3099 -000.5548 -000.8266 -092.3504 +004.1696 +092.3246 0
L1 04    275 +008.5090 +010.6704 +001.8074 -056.0248 -000.3435 +000.5153 0
L1 05    275 +014.3892 +009.9599 +001.9706 -108.7891 +000.9594 -011.4622 0
L1 06    275 +014.5492 +001.5379 -000.4219 +167.9718 +001.4212 -123.0049 0
L1 07    275 +012.9445 +000.5933 -000.3973 +120.1112 +032.8423 +148.8648 0
L1 08    275 +012.5796 -000.3423 -001.3454 +106.8946 -048.7859 +101.1893 0
L1 01    279 +016.2254 +000.2178 +001.3487 -092.7929 +003.9653 +002.3503 0
L1 02    279 +007.1368 +005.8795 +001.6819 -119.7962 +003.4880 -128.8805 0
L1 03    279 +016.3099 -000.5546 -000.8265 -092.3494 +004.1695 +092.3252 0
L1 04    279 +008.5090 +010.6704 +001.8075 -056.0247 -000.3435 +000.5162 0
L1 05    279 +014.3893 +009.9600 +001.9703 -108.7896 +000.9570 -011.4631 0
L1 06    279 +014.5492 +001.5379 -000.4219 +167.9722 +001.4207 -123.0057 0
L1 07    279 +012.9446 +000.5931 -000.3974 +120.1116 +032.8411 +148.8661 0
L1 08    279 +012.5796 -000.3424 -001.3454 +106.8938 -048.7858 +101.1898 0
L1 01    283 +016.2254 +000.2181 +001.3488 -092.7915 +003.9653 +002.3502 0
L1 02    283 +007.1368 +005.8795 +001.6819 -119.7959 +003.4881 -128.8804 0
L1 03    283 +016.3099 -000.5548 -000.8265 -092.3493 +004.1700 +092.3252 0
L1 04    283 +008.5089 +010.6705 +001.8075 -056.0241 -000.3433 +000.5167 0
L1 05    283 +014.3890 +009.9603 +001.9704 -108.7865 +000.9581 -011.4628 0
L1 06    283 +014.5492 +001.5376 -000.4220 +167.9715 +001.4204 -123.0052 0
L1 07    283 +012.9446 +000.5932 -000.3975 +120.1143 +032.8407 +148.8671 0
L1 08    283 +012.5796 -000.3422 -001.3455 +106.8948 -048.7858 +101.1902 0
L1 01    287 +016.2254 +000.2179 +001.3488 -092.7933 +003.9652 +002.3505 0
L1 02    287 +007.1367 +005.8795 +001.6819 -119.7959 +003.4881 -128.8806 0
L1 03    287 +016.3099 -000.5548 -000.8265 -092.3495 +004.1696 +092.3254 0
L1 04    287 +008.5089 +010.6705 +001.8075 -056.0238 -000.3434 +000.5167 0
L1 05    287 +014.3891 +009.9603 +001.9708 -108.7865 +000.9606 -011.4615 0
L1 06    287 +014.5492 +001.5377 -000.4222 +167.9724 +001.4192 -123.0044 0
L1 07    287 +012.9446 +000.5932 -000.3974 +120.1144 +032.8408 +148.8668 0
L1 08    287 +012.5796 -000.3423 -001.3454 +106.8954 -048.7855 +101.1894 0
L1 01    291 +016.2254 +000.2178 +001.3490 -092.7969 +003.9658 +002.3518 0
L1 02    291 +007.1368 +005.8795 +001.6819 -119.7961 +003.4877 -128.8804 0
L1 03    291 +016.3099 -000.5549 -000.8264 -092.3511 +004.1698 +092.3260 0
L1 04    291 +008.5090 +010.6704 +001.8076 -056.0247 -000.3431 +000.5169 0
L1 05    291 +014.3888 +009.9604 +001.9710 -108.7863 +000.9611 -011.4609 0
L1 06    291 +014.5492 +001.5378 -000.4221 +167.9720 +001.4194 -123.0047 0
L1 07    291 +012.9446 +000.5932 -000.3973 +120.1134 +032.8408 +148.8668 0
L1 08    291 +012.5796 -000.3423 -001.3454 +106.8938 -048.7858 +101.1906 0
L1 01    295 +016.2254 +000.2175 +001.3488 -092.8041 +003.9660 +002.3499 0
L1 02    295 +007.1368 +005.8794 +001.6819 -119.7964 +003.4880 -128.8806 0
L1 03    295 +016.3098 -000.5555 -000.8265 -092.3580 +004.1690 +092.3251 0
L1 04    295 +008.5093 +010.6700 +001.8074 -056.0279 -000.3428 +000.5156 0
L1 05    295 +014.3897 +009.9591 +001.9707 -108.7966 +000.9598 -011.4622 0
L1 06    295 +014.5492 +001.5378 -000.4222 +167.9713 +001.4190 -123.0049 0
L1 07    295 +012.9446 +000.5931 -000.3974 +120.1133 +032.8400 +148.8681 0
L1 08    295 +012.5796 -000.3424 -001.3455 +106.8915 -048.7857 +101.1911 0
L1 01    299 +016.2254 +000.2177 +001.3485 -092.8012 +003.9655 +002.3452 0
L1 02    299 +007.1368 +005.8794 +001.6819 -119.7963 +003.4882 -128.8803 0
L1 03    299 +016.3099 -000.5551 -000.8266 -092.3534 +004.1697 +092.3228 0
L1 04    299 +008.5091 +010.6703 +001.8073 -056.0256 -000.3438 +000.5151 0
L1 05    299 +014.3895 +009.9596 +001.9701 -108.7935 +000.9565 -011.4648 0
L1 06    299 +014.5492 +001.5378 -000.4223 +167.9720 +001.4174 -123.0043 0
L1 07    299 +012.9446 +000.5931 -000.3974 +120.1144 +032.8394 +148.8683 0
L1 08    299 +012.5796 -000.3423 -001.3455 +106.8921 -048.7856 +101.1918 0
L1 01    303 +016.2254 +000.2178 +001.3487 -092.8014 +003.9658 +002.3505 0
L1 02    303 +007.1368 +005.8794 +001.6819 -119.7964 +003.4880 -128.8804 0
L1 03    303 +016.3099 -000.5549 -000.8263 -092.3510 +004.1696 +092.3265 0
L1 04    303 +008.5090 +010.6704 +001.8075 -056.0249 -000.3433 +000.5160 0
L1 05    303 +014.3888 +009.9606 +001.9703 -108.7860 +000.9579 -011.4631 0
L1 06    303 +014.5492 +001.5376 -000.4220 +167.9705 +001.4193 -123.0045 0
L1 07    303 +012.9446 +000.5931 -000.3974 +120.1142 +032.8398 +148.8690 0
L1 08    303 +012.5796 -000.3423 -001.3454 +106.8926 -048.7855 +101.1915 0
L1 01    307 +016.2254 +000.2177 +001.3487 -092.8037 +003.9653 +002.3486 0
L1 02    307 +007.1368 +005.8795 +001.6819 -119.7963 +003.4879 -128.8805 0
L1 03    307 +016.3099 -000.5547 -000.8265 -092.3497 +004.1694 +092.3251 0
L1 04    307 +008.5090 +010.6704 +001.8075 -056.0249 -000.3434 +000.5164 0
L1 05    307 +014.3887 +009.9607 +001.9705 -108.7849 +000.9588 -011.4618 0
L1 06    307 +014.5492 +001.5377 -000.4220 +167.9715 +001.4197 -123.0051 0
L1 07    307 +012.9446 +000.5930 -000.3973 +120.1144 +032.8398 +148.8681 0
L1 08    307 +012.5796 -000.3423 -001.3454 +106.8931 -048.7854 +101.1910 0
L1 01    311 +016.2254 +000.2176 +001.3487 -092.8063 +003.9655 +002.3497 0
L1 02    311 +007.1368 +005.8794 +001.6819 -119.7966 +003.4878 -128.8806 0
L1 03    311 +016.3099 -000.5551 -000.8264 -092.3528 +004.1695 +092.3259 0
L1 04    311 +008.5091 +010.6703 +001.8075 -056.0261 -000.3430 +000.5164 0
L1 05    311 +014.3891 +009.9600 +001.9704 -108.7890 +000.9592 -011.4637 0
L1 06    311 +014.5492 +001.5375 -000.4222 +167.9701 +001.4187 -123.0044 0
L1 07    311 +012.9446 +000.5931 -000.3973 +120.1152 +032.8400 +148.8694 0
L1 08    311 +012.5796 -000.3423 -001.3454 +106.8923 -048.7853 +101.1915 0
L1 01    315 +016.2254 +000.2177 +001.3488 -092.8065 +003.9656 +002.3502 0
L1 02    315 +007.1368 +005.8795 +001.6819 -119.7963 +003.4877 -128.8806 0
L1 03    315 +016.3099 -000.5549 -000.8264 -092.3513 +004.1694 +092.3260 0
L1 04    315 +008.5091 +010.6703 +001.8074 -056.0258 -000.3432 +000.5160 0
L1 05    315 +014.3889 +009.9603 +001.9703 -108.7871 +000.9575 -011.4632 0
L1 06    315 +014.5492 +001.5377 -000.4222 +167.9715 +001.4188 -123.0049 0
L1 07    315 +012.9446 +000.5931 -000.3974 +120.1157 +032.8394 +148.8695 0
L1 08    315 +012.5796 -000.3424 -001.3454 +106.8921 -048.7852 +101.1916 0
L1 01    319 +016.2254 +000.2179 +001.3487 -092.8060 +003.9656 +002.3494 0
L1 02    319 +007.1368 +005.8795 +001.6819 -119.7960 +003.4878 -128.8805 0
L1 03    319 +016.3099 -000.5550 -000.8265 -092.3517 +004.1699 +092.3255 0
L1 04    319 +008.5090 +010.6704 +001.8075 -056.0251 -000.3433 +000.5161 0
L1 05    319 +014.3891 +009.9602 +001.9705 -108.7883 +000.9581 -011.4628 0
L1 06    319 +014.5492 +001.5378 -000.4221 +167.9727 +001.4194 -123.0047 0
L1 07    319 +012.9446 +000.5933 -000.3974 +120.1174 +032.8380 +148.8693 0
L1 08    319 +012.5796 -000.3423 -001.3454 +106.8927 -048.7855 +101.1918 0
L1 01    323 +016.2254 +000.2178 +001.3488 -092.8084 +003.9658 +002.3499 0
L1 02    323 +007.1368 +005.8795 +001.6819 -119.7962 +003.4877 -128.8806 0
L1 03    323 +016.3098 -000.5550 -000.8265 -092.3522 +004.1697 +092.3258 0
L1 04    323 +008.5090 +010.6704 +001.8075 -056.0250 -000.3432 +000.5164 0
L1 05    323 +014.3888 +009.9604 +001.9705 -108.7855 +000.9586 -011.4625 0
L1 06    323 +014.5492 +001.5377 -000.4220 +167.9712 +001.4193 -123.0054 0
L1 07    323 +012.9446 +000.5931 -000.3975 +120.1170 +032.8379 +148.8706 0
L1 08    323 +012.5796 -000.3423 -001.3454 +106.8921 -048.7855 +101.1916 0
L1 01    327 +016.2254 +000.2180 +001.3487 -092.8084 +003.9651 +002.3493 0
L1 02    327 +007.1367 +005.8795 +001.6819 -119.7957 +003.4877 -128.8802 0
L1 03    327 +016.3098 -000.5549 -000.8265 -092.3509 +004.1690 +092.3254 0
L1 04    327 +008.5089 +010.6705 +001.8075 -056.0235 -000.3435 +000.5165 0
L1 05    327 +014.3892 +009.9600 +001.9708 -108.7888 +000.9592 -011.4620 0
L1 06    327 +014.5492 +001.5378 -000.4220 +167.9720 +001.4193 -123.0049 0
L1 07    327 +012.9446 +000.5933 -000.3974 +120.1186 +032.8380 +148.8703 0
L1 08    327 +012.5796 -000.3422 -001.3454 +106.8924 -048.7855 +101.1924 0
L1 01    331 +016.2254 +000.2178 +001.3488 -092.8119 +003.9648 +002.3492 0
L1 02    331 +007.1367 +005.8795 +001.6819 -119.7957 +003.4878 -128.8804 0
L1 03    331 +016.3099 -000.5549 -000.8264 -092.3512 +004.1687 +092.3253 0
L1 04    331 +008.5089 +010.6704 +001.8075 -056.0243 -000.3433 +000.5166 0
L1 05    331 +014.3893 +009.9598 +001.9708 -108.7898 +000.9599 -011.4609 0
L1 06    331 +014.5493 +001.5376 -000.4219 +167.9713 +001.4195 -123.0055 0
L1 07    331 +012.9446 +000.5932 -000.3972 +120.1174 +032.8388 +148.8693 0
L1 08    331 +012.5796 -000.3423 -001.3454 +106.8914 -048.7850 +101.1927 0
L1 01    335 +016.2254 +000.2180 +001.3488 -092.8113 +003.9650 +002.3494 0
L1 02    335 +007.1367 +005.8795 +001.6819 -119.7957 +003.4878 -128.8805 0
L1 03    335 +016.3098 -000.5549 -000.8264 -092.3510 +004.1692 +092.3259 0
L1 04    335 +008.5089 +010.6705 +001.8075 -056.0235 -000.3432 +000.5163 0
L1 05    335 +014.3889 +009.9604 +001.9707 -108.7870 +000.9587 -011.4602 0
L1 06    335 +014.5492 +001.5377 -000.4220 +167.9713 +001.4191 -123.0049 0
L1 07    335 +012.9446 +000.5933 -000.3972 +120.1192 +032.8381 +148.8700 0
L1 08    335 +012.5796 -000.3423 -001.3454 +106.8914 -048.7851 +101.1930 0
L1 01    339 +016.2254 +000.2179 +001.3489 -092.8133 +003.9648 +002.3502 0
L1 02    339 +007.1368 +005.8795 +001.6819 -119.7959 +003.4877 -128.8804 0
L1 03    339 +016.3098 -000.5548 -000.8265 -092.3501 +004.1694 +092.3254 0
L1 04    339 +008.5089 +010.6705 +001.8075 -056.0236 -000.3434 +000.5162 0
L1 05    339 +014.3889 +009.9605 +001.9709 -108.7857 +000.9592 -011.4617 0
L1 06    339 +014.5492 +001.5376 -000.4220 +167.9714 +001.4193 -123.0047 0
L1 07    339 +012.9446 +000.5932 -000.3973 +120.1207 +032.8374 +148.8724 0
L1 08    339 +012.5796 -000.3423 -001.3454 +106.8915 -048.7852 +101.1931 0
L1 01    343 +016.2254 +000.2181 +001.3489 -092.8131 +003.9648 +002.3496 0
L1 02    343 +007.1368 +005.8795 +001.6819 -119.7960 +003.4880 -128.8804 0
L1 03    343 +016.3099 -000.5545 -000.8267 -092.3484 +004.1693 +092.3241 0
L1 04    343 +008.5089 +010.6705 +001.8075 -056.0235 -000.3436 +000.5162 0
L1 05    343 +014.3887 +009.9609 +001.9707 -108.7821 +000.9570 -011.4608 0
L1 06    343 +014.5492 +001.5378 -000.4218 +167.9725 +001.4200 -123.0060 0
L1 07    343 +012.9446 +000.5932 -000.3972 +120.1200 +032.8376 +148.8706 0
L1 08    343 +012.5796 -000.3422 -001.3454 +106.8929 -048.7854 +101.1924 0
L1 01    347 +016.2254 +000.2177 +001.3488 -092.8183 +003.9654 +002.3492 0
L1 02    347 +007.1368 +005.8795 +001.6819 -119.7960 +003.4879 -128.8806 0
L1 03    347 +016.3099 -000.5547 -000.8267 -092.3501 +004.1693 +092.3245 0
L1 04    347 +008.5089 +010.6705 +001.8075 -056.0240 -000.3433 +000.5161 0
L1 05    347 +014.3887 +009.9608 +001.9703 -108.7834 +000.9567 -011.4625 0
L1 06    347 +014.5492 +001.5377 -000.4218 +167.9713 +001.4197 -123.0063 0
L1 07    347 +012.9446 +000.5933 -000.3973 +120.1210 +032.8369 +148.8720 0
L1 08    347 +012.5796 -000.3423 -001.3454 +106.8925 -048.7854 +101.1919 0
L1 01    351 +016.2254 +000.2177 +001.3490 -092.8197 +003.9645 +002.3516 0
L1 02    351 +007.1367 +005.8795 +001.6819 -119.7958 +003.4881 -128.8805 0
L1 03    351 +016.3099 -000.5549 -000.8266 -092.3508 +004.1686 +092.3248 0
L1 04    351 +008.5089 +010.6705 +001.8075 -056.0241 -000.3433 +000.5161 0
L1 05    351 +014.3887 +009.9606 +001.9708 -108.7843 +000.9588 -011.4615 0
L1 06    351 +014.5493 +001.5377 -000.4221 +167.9712 +001.4181 -123.0048 0
L1 07    351 +012.9446 +000.5932 -000.3973 +120.1207 +032.8374 +148.8720 0
L1 08    351 +012.5796 -000.3423 -001.3454 +106.8918 -048.7852 +101.1926 0
L1 01    355 +016.2254 +000.2178 +001.3489 -092.8194 +003.9643 +002.3501 0
L1 02    355 +007.1367 +005.8795 +001.6819 -119.7956 +003.4880 -128.8802 0
L1 03    355 +016.3099 -000.5547 -000.8266 -092.3497 +004.1686 +092.3247 0
L1 04    355 +008.5088 +010.6705 +001.8075 -056.0232 -000.3437 +000.5162 0
L1 05    355 +014.3887 +009.9607 +001.9708 -108.7841 +000.9588 -011.4615 0
L1 06    355 +014.5492 +001.5379 -000.4221 +167.9729 +001.4182 -123.0051 0
L1 07    355 +012.9446 +000.5931 -000.3972 +120.1209 +032.8369 +148.8724 0
L1 08    355 +012.5796 -000.3423 -001.3454 +106.8910 -048.7852 +101.1940 0
L1 01    359 +016.2254 +000.2177 +001.3488 -092.8232 +003.9642 +002.3490 0
L1 02    359 +007.1367 +005.8795 +001.6819 -119.7959 +003.4881 -128.8804 0
L1 03    359 +016.3099 -000.5548 -000.8266 -092.3504 +004.1683 +092.3245 0
L1 04    359 +008.5089 +010.6705 +001.8075 -056.0240 -000.3436 +000.5164 0
L1 05    359 +014.3888 +009.9605 +001.9706 -108.7857 +000.9583 -011.4626 0
L1 06    359 +014.5492 +001.5379 -000.4220 +167.9729 +001.4190 -123.0046 0
L1 07    359 +012.9446 +000.5932 -000.3973 +120.1222 +032.8365 +148.8732 0
L1 08    359 +012.5796 -000.3423 -001.3453 +106.8913 -048.7848 +101.1931 0
L1 01    363 +016.2253 +000.2177 +001.3489 -092.8237 +003.9644 +002.3497 0
L1 02    363 +007.1367 +005.8795 +001.6819 -119.7958 +003.4879 -128.8805 0
L1 03    363 +016.3099 -000.5547 -000.8265 -092.3502 +004.1688 +092.3256 0
L1 04    363 +008.5089 +010.6704 +001.8075 -056.0242 -000.3433 +000.5161 0
L1 05    363 +014.3891 +009.9603 +001.9703 -108.7881 +000.9574 -011.4637 0
L1 06    363 +014.5492 +001.5379 -000.4221 +167.9727 +001.4180 -123.0053 0
L1 07    363 +012.9446 +000.5932 -000.3974 +120.1228 +032.8360 +148.8739 0
L1 08    363 +012.5796 -000.3423 -001.3454 +106.8912 -048.7848 +101.1929 0
L1 01    367 +016.2254 +000.2176 +001.3489 -092.8284 +003.9650 +002.3500 0
L1 02    367 +007.1368 +005.8795 +001.6819 -119.7961 +003.4880 -128.8806 0
L1 03    367 +016.3099 -000.5548 -000.8266 -092.3510 +004.1691 +092.3254 0
L1 04    367 +008.5090 +010.6704 +001.8075 -056.0247 -000.3431 +000.5163 0
L1 05    367 +014.3891 +009.9602 +001.9705 -108.7876 +000.9578 -011.4634 0
L1 06    367 +014.5493 +001.5377 -000.4221 +167.9712 +001.4187 -123.0056 0
L1 07    367 +012.9446 +000.5931 -000.3973 +120.1218 +032.8359 +148.8736 0
L1 08    367 +012.5796 -000.3423 -001.3454 +106.8913 -048.7849 +101.1927 0
L1 01    371 +016.2253 +000.2178 +001.3488 -092.8260 +003.9655 +002.3487 0
L1 02    371 +007.1368 +005.8795 +001.6818 -119.7958 +003.4863 -128.8813 0
L1 03    371 +016.3099 -000.5547 -000.8264 -092.3501 +004.1692 +092.3261 0
L1 04    371 +008.5090 +010.6705 +001.8073 -056.0239 -000.3435 +000.5146 0
L1 05    371 +014.3889 +009.9607 +001.9708 -108.7848 +000.9582 -011.4626 0
L1 06    371 +014.5492 +001.5380 -000.4219 +167.9728 +001.4198 -123.0063 0
L1 07    371 +012.9446 +000.5933 -000.3972 +120.1238 +032.8356 +148.8741 0
L1 08    371 +012.5796 -000.3422 -001.3453 +106.8923 -048.7852 +101.1925 0
L1 01    375 +016.2253 +000.2177 +001.3488 -092.8295 +003.9651 +002.3489 0
L1 02    375 +007.1368 +005.8794 +001.6818 -119.7968 +003.4875 -128.8808 0
L1 03    375 +016.3099 -000.5547 -000.8264 -092.3507 +004.1691 +092.3257 0
L1 04    375 +008.5090 +010.6704 +001.8074 -056.0248 -000.3433 +000.5153 0
L1 05    375 +014.3893 +009.9599 +001.9708 -108.7899 +000.9596 -011.4630 0
L1 06    375 +014.5492 +001.5378 -000.4221 +167.9718 +001.4180 -123.0058 0
L1 07    375 +012.9446 +000.5929 -000.3973 +120.1221 +032.8349 +148.8749 0
L1 08    375 +012.5796 -000.3422 -001.3453 +106.8911 -048.7847 +101.1935 0
L1 01    379 +016.2253 +000.2177 +001.3488 -092.8307 +003.9644 +002.3486 0
L1 02    379 +007.1368 +005.8794 +001.6819 -119.7966 +003.4880 -128.8807 0
L1 03    379 +016.3099 -000.5546 -000.8266 -092.3503 +004.1688 +092.3247 0
L1 04    379 +008.5090 +010.6704 +001.8075 -056.0247 -000.3433 +000.5161 0
L1 05    379 +014.3893 +009.9597 +001.9708 -108.7905 +000.9604 -011.4632 0
L1 06    379 +014.5492 +001.5377 -000.4220 +167.9714 +001.4182 -123.0054 0
L1 07    379 +012.9446 +000.5930 -000.3972 +120.1227 +032.8353 +148.8744 0
L1 08    379 +012.5796 -000.3422 -001.3453 +106.8906 -048.7845 +101.1940 0
L1 01    383 +016.2253 +000.2178 +001.3488 -092.8309 +003.9640 +002.3487 0
L1 02    383 +007.1368 +005.8795 +001.6819 -119.7960 +003.4877 -128.8806 0
L1 03    383 +016.3099 -000.5547 -000.8266 -092.3506 +004.1688 +092.3246 0
L1 04    383 +008.5089 +010.6704 +001.8075 -056.0240 -000.3435 +000.5163 0
L1 05    383 +014.3887 +009.9605 +001.9705 -108.7847 +000.9583 -011.4619 0
L1 06    383 +014.5492 +001.5379 -000.4220 +167.9731 +001.4184 -123.0051 0
L1 07    383 +012.9446 +000.5932 -000.3972 +120.1237 +032.8352 +148.8743 0
L1 08    383 +012.5796 -000.3422 -001.3454 +106.8903 -048.7846 +101.1947 0
L1 01    387 +016.2253 +000.2177 +001.3490 -092.8335 +003.9645 +002.3508 0
L1 02    387 +007.1368 +005.8794 +001.6819 -119.7968 +003.4877 -128.8806 0
L1 03    387 +016.3099 -000.5549 -000.8263 -092.3521 +004.1686 +092.3270 0
L1 04    387 +008.5090 +010.6704 +001.8075 -056.0248 -000.3430 +000.5159 0
L1 05    387 +014.3891 +009.9600 +001.9706 -108.7898 +000.9599 -011.4622 0
L1 06    387 +014.5493 +001.5373 -000.4221 +167.9689 +001.4176 -123.0058 0
L1 07    387 +012.9446 +000.5931 -000.3972 +120.1232 +032.8354 +148.8750 0
L1 08    387 +012.5796 -000.3422 -001.3454 +106.8902 -048.7847 +101.1944 0
L1 01    391 +016.2253 +000.2175 +001.3488 -092.8380 +003.9646 +002.3488 0
L1 02    391 +007.1368 +005.8794 +001.6819 -119.7968 +003.4876 -128.8807 0
L1 03    391 +016.3099 -000.5548 -000.8264 -092.3519 +004.1689 +092.3261 0
L1 04    391 +008.5090 +010.6703 +001.8075 -056.0249 -000.3431 +000.5160 0
L1 05    391 +014.3892 +009.9598 +001.9707 -108.7901 +000.9599 -011.4614 0
L1 06    391 +014.5492 +001.5376 -000.4222 +167.9706 +001.4181 -123.0066 0
L1 07    391 +012.9446 +000.5932 -000.3973 +120.1256 +032.8347 +148.8757 0
L1 08    391 +012.5796 -000.3423 -001.3454 +106.8901 -048.7846 +101.1940 0
L1 01    395 +016.2253 +000.2176 +001.3488 -092.8376 +003.9650 +002.3499 0
L1 02    395 +007.1368 +005.8794 +001.6819 -119.7964 +003.4877 -128.8808 0
L1 03    395 +016.3099 -000.5549 -000.8264 -092.3517 +004.1691 +092.3262 0
L1 04    395 +008.5090 +010.6703 +001.8075 -056.0250 -000.3431 +000.5167 0
L1 05    395 +014.3892 +009.9598 +001.9707 -108.7901 +000.9597 -011.4623 0
L1 06    395 +014.5492 +001.5379 -000.4222 +167.9727 +001.4178 -123.0060 0
L1 07    395 +012.9447 +000.5931 -000.3973 +120.1246 +032.8343 +148.8753 0
L1 08    395 +012.5797 -000.3422 -001.3455 +106.8899 -048.7849 +101.1942 0
L1 01    399 +016.2253 +000.2178 +001.3488 -092.8367 +003.9645 +002.3494 0
L1 02    399 +007.1368 +005.8794 +001.6819 -119.7966 +003.4880 -128.8806 0
L1 03    399 +016.3099 -000.5548 -000.8264 -092.3509 +004.1689 +092.3259 0
L1 04    399 +008.5090 +010.6704 +001.8075 -056.0244 -000.3434 +000.5161 0
L1 05    399 +014.3892 +009.9598 +001.9703 -108.7903 +000.9578 -011.4641 0
L1 06    399 +014.5492 +001.5379 -000.4222 +167.9724 +001.4178 -123.0066 0
L1 07    399 +012.9447 +000.5931 -000.3972 +120.1253 +032.8345 +148.8752 0
L1 08    399 +012.5796 -000.3422 -001.3455 +106.8902 -048.7852 +101.1943 0
L1 01    403 +016.2253 +000.2175 +001.3487 -092.8432 +003.9651 +002.3471 0
L1 02    403 +007.1368 +005.8794 +001.6819 -119.7974 +003.4880 -128.8808 0
L1 03    403 +016.3099 -000.5550 -000.8265 -092.3532 +004.1687 +092.3257 0
L1 04    403 +008.5090 +010.6703 +001.8075 -056.0251 -000.3432 +000.5159 0
L1 05    403 +014.3899 +009.9589 +001.9702 -108.7961 +000.9576 -011.4641 0
L1 06    403 +014.5493 +001.5378 -000.4221 +167.9715 +001.4184 -123.0063 0
L1 07    403 +012.9446 +000.5932 -000.3973 +120.1260 +032.8341 +148.8754 0
L1 08    403 +012.5797 -000.3422 -001.3454 +106.8897 -048.7847 +101.1941 0
L1 01    407 +016.2253 +000.2174 +001.3487 -092.8437 +003.9644 +002.3481 0
L1 02    407 +007.1369 +005.8794 +001.6819 -119.7975 +003.4879 -128.8808 0
L1 03    407 +016.3099 -000.5549 -000.8264 -092.3521 +004.1686 +092.3260 0
L1 04    407 +008.5091 +010.6703 +001.8075 -056.0255 -000.3432 +000.5163 0
L1 05    407 +014.3896 +009.9594 +001.9704 -108.7940 +000.9584 -011.4636 0
L1 06    407 +014.5493 +001.5376 -000.4221 +167.9706 +001.4185 -123.0060 0
L1 07    407 +012.9447 +000.5931 -000.3972 +120.1260 +032.8338 +148.8760 0
L1 08    407 +012.5797 -000.3422 -001.3453 +106.8899 -048.7844 +101.1941 0
L1 01    411 +016.2253 +000.2177 +001.3488 -092.8427 +003.9647 +002.3489 0
L1 02    411 +007.1368 +005.8794 +001.6819 -119.7969 +003.4879 -128.8807 0
L1 03    411 +016.3099 -000.5550 -000.8264 -092.3524 +004.1688 +092.3266 0
L1 04    411 +008.5090 +010.6703 +001.8075 -056.0253 -000.3431 +000.5163 0
L1 05    411 +014.3893 +009.9598 +001.9706 -108.7913 +000.9596 -011.4628 0
L1 06    411 +014.5493 +001.5377 -000.4221 +167.9715 +001.4185 -123.0056 0
L1 07    411 +012.9446 +000.5931 -000.3972 +120.1267 +032.8336 +148.8762 0
L1 08    411 +012.5797 -000.3422 -001.3454 +106.8900 -048.7844 +101.1944 0
L1 01    415 +016.2253 +000.2179 +001.3487 -092.8416 +003.9644 +002.3485 0
L1 02    415 +007.1368 +005.8794 +001.6819 -119.7968 +003.4879 -128.8807 0
L1 03    415 +016.3099 -000.5548 -000.8264 -092.3505 +004.1688 +092.3266 0
L1 04    415 +008.5089 +010.6705 +001.8074 -056.0241 -000.3433 +000.5157 0
L1 05    415 +014.3893 +009.9599 +001.9704 -108.7895 +000.9590 -011.4636 0
L1 06    415 +014.5493 +001.5377 -000.4220 +167.9718 +001.4188 -123.0063 0
L1 07    415 +012.9446 +000.5931 -000.3974 +120.1287 +032.8322 +148.8779 0
L1 08    415 +012.5796 -000.3421 -001.3454 +106.8901 -048.7850 +101.1955 0
L1 01    419 +016.2253 +000.2179 +001.3488 -092.8430 +003.9644 +002.3493 0
L1 02    419 +007.1368 +005.8794 +001.6819 -119.7965 +003.4879 -128.8807 0
L1 03    419 +016.3099 -000.5549 -000.8264 -092.3512 +004.1684 +092.3265 0
L1 04    419 +008.5089 +010.6705 +001.8075 -056.0242 -000.3433 +000.5166 0
L1 05    419 +014.3892 +009.9600 +001.9708 -108.7891 +000.9599 -011.4610 0
L1 06    419 +014.5493 +001.5377 -000.4218 +167.9717 +001.4207 -123.0061 0
L1 07    419 +012.9446 +000.5931 -000.3973 +120.1273 +032.8323 +148.8772 0
L1 08    419 +012.5797 -000.3422 -001.3454 +106.8896 -048.7846 +101.1947 0
L1 01    423 +016.2253 +000.2179 +001.3489 -092.8438 +003.9641 +002.3492 0
L1 02    423 +007.1368 +005.8794 +001.6819 -119.7963 +003.4880 -128.8806 0
L1 03    423 +016.3100 -000.5547 -000.8264 -092.3501 +004.1684 +092.3265 0
L1 04    423 +008.5089 +010.6705 +001.8075 -056.0239 -000.3433 +000.5164 0
L1 05    423 +014.3893 +009.9599 +001.9706 -108.7899 +000.9594 -011.4624 0
L1 06    423 +014.5493 +001.5377 -000.4220 +167.9720 +001.4190 -123.0066 0
L1 07    423 +012.9446 +000.5931 -000.3972 +120.1285 +032.8323 +148.8770 0
L1 08    423 +012.5797 -000.3422 -001.3454 +106.8905 -048.7845 +101.1943 0
L1 01    427 +016.2253 +000.2179 +001.3488 -092.8446 +003.9648 +002.3503 0
L1 02    427 +007.1368 +005.8794 +001.6819 -119.7963 +003.4880 -128.8806 0
L1 03    427 +016.3099 -000.5547 -000.8263 -092.3498 +004.1686 +092.3268 0
L1 04    427 +008.5089 +010.6705 +001.8075 -056.0237 -000.3434 +000.5161 0
L1 05    427 +014.3889 +009.9603 +001.9705 -108.7864 +000.9585 -011.4615 0
L1 06    427 +014.5493 +001.5377 -000.4220 +167.9720 +001.4190 -123.0068 0
L1 07    427 +012.9447 +000.5931 -000.3972 +120.1287 +032.8324 +148.8775 0
L1 08    427 +012.5797 -000.3421 -001.3453 +106.8905 -048.7846 +101.1947 0
L1 01    431 +016.2253 +000.2178 +001.3487 -092.8490 +003.9642 +002.3483 0
L1 02    431 +007.1368 +005.8794 +001.6819 -119.7968 +003.4880 -128.8807 0
L1 03    431 +016.3099 -000.5547 -000.8263 -092.3503 +004.1686 +092.3266 0
L1 04    431 +008.5090 +010.6704 +001.8075 -056.0243 -000.3433 +000.5163 0
L1 05    431 +014.3891 +009.9601 +001.9704 -108.7877 +000.9587 -011.4623 0
L1 06    431 +014.5492 +001.5377 -000.4219 +167.9724 +001.4189 -123.0065 0
L1 07    431 +012.9447 +000.5930 -000.3972 +120.1283 +032.8324 +148.8781 0
L1 08    431 +012.5796 -000.3422 -001.3454 +106.8893 -048.7846 +101.1956 0
L1 01    435 +016.2253 +000.2177 +001.3488 -092.8499 +003.9643 +002.3487 0
L1 02    435 +007.1368 +005.8794 +001.6819 -119.7967 +003.4880 -128.8806 0
L1 03    435 +016.3099 -000.5547 -000.8265 -092.3503 +004.1688 +092.3260 0
L1 04    435 +008.5089 +010.6705 +001.8075 -056.0241 -000.3433 +000.5162 0
L1 05    435 +014.3890 +009.9603 +001.9707 -108.7866 +000.9593 -011.4615 0
L1 06    435 +014.5493 +001.5377 -000.4220 +167.9722 +001.4184 -123.0064 0
L1 07    435 +012.9447 +000.5931 -000.3972 +120.1297 +032.8320 +148.8779 0
L1 08    435 +012.5797 -000.3422 -001.3454 +106.8898 -048.7845 +101.1950 0
L1 01    439 +016.2253 +000.2177 +001.3488 -092.8521 +003.9639 +002.3490 0
L1 02    439 +007.1368 +005.8794 +001.6819 -119.7971 +003.4882 -128.8808 0
L1 03    439 +016.3099 -000.5548 -000.8266 -092.3516 +004.1688 +092.3252 0
L1 04    439 +008.5090 +010.6704 +001.8075 -056.0248 -000.3431 +000.5158 0
L1 05    439 +014.3892 +009.9600 +001.9711 -108.7896 +000.9604 -011.4605 0
L1 06    439 +014.5492 +001.5378 -000.4219 +167.9727 +001.4194 -123.0065 0
L1 07    439 +012.9446 +000.5933 -000.3972 +120.1319 +032.8318 +148.8782 0
L1 08    439 +012.5797 -000.3422 -001.3453 +106.8903 -048.7844 +101.1945 0
L1 01    443 +016.2252 +000.2177 +001.3486 -092.8532 +003.9644 +002.3468 0
L1 02    443 +007.1368 +005.8794 +001.6819 -119.7967 +003.4881 -128.8808 0
L1 03    443 +016.3099 -000.5548 -000.8266 -092.3517 +004.1690 +092.3246 0
L1 04    443 +008.5090 +010.6704 +001.8074 -056.0246 -000.3436 +000.5158 0
L1 05    443 +014.3893 +009.9599 +001.9706 -108.7899 +000.9574 -011.4622 0
L1 06    443 +014.5493 +001.5377 -000.4220 +167.9720 +001.4185 -123.0055 0
L1 07    443 +012.9446 +000.5932 -000.3973 +120.1325 +032.8312 +148.8798 0
L1 08    443 +012.5796 -000.3421 -001.3453 +106.8900 -048.7844 +101.1952 0
L1 01    447 +016.2253 +000.2177 +001.3487 -092.8550 +003.9640 +002.3478 0
L1 02    447 +007.1368 +005.8794 +001.6819 -119.7971 +003.4880 -128.8808 0
L1 03    447 +016.3099 -000.5548 -000.8265 -092.3523 +004.1683 +092.3257 0
L1 04    447 +008.5091 +010.6703 +001.8075 -056.0255 -000.3433 +000.5162 0
L1 05    447 +014.3890 +009.9601 +001.9705 -108.7889 +000.9577 -011.4619 0
L1 06    447 +014.5493 +001.5375 -000.4218 +167.9701 +001.4191 -123.0067 0
L1 07    447 +012.9446 +000.5931 -000.3973 +120.1319 +032.8306 +148.8807 0
L1 08    447 +012.5796 -000.3422 -001.3454 +106.8885 -048.7842 +101.1961 0
L1 01    451 +016.2253 +000.2178 +001.3488 -092.8546 +003.9640 +002.3482 0
L1 02    451 +007.1368 +005.8794 +001.6819 -119.7966 +003.4878 -128.8806 0
L1 03    451 +016.3099 -000.5548 -000.8265 -092.3509 +004.1685 +092.3259 0
L1 04    451 +008.5089 +010.6704 +001.8075 -056.0242 -000.3434 +000.5159 0
L1 05    451 +014.3890 +009.9603 +001.9706 -108.7873 +000.9590 -011.4625 0
L1 06    451 +014.5493 +001.5375 -000.4220 +167.9706 +001.4185 -123.0054 0
L1 07    451 +012.9447 +000.5931 -000.3973 +120.1320 +032.8306 +148.8804 0
L1 08    451 +012.5797 -000.3421 -001.3454 +106.8891 -048.7843 +101.1959 0
L1 01    455 +016.2253 +000.2177 +001.3488 -092.8571 +003.9635 +002.3483 0
L1 02    455 +007.1368 +005.8794 +001.6819 -119.7964 +003.4878 -128.8806 0
L1 03    455 +016.3100 -000.5548 -000.8265 -092.3513 +004.1690 +092.3260 0
L1 04    455 +008.5090 +010.6704 +001.8075 -056.0248 -000.3432 +000.5162 0
L1 05    455 +014.3892 +009.9601 +001.9706 -108.7884 +000.9584 -011.4617 0
L1 06    455 +014.5493 +001.5375 -000.4218 +167.9704 +001.4198 -123.0063 0
L1 07    455 +012.9447 +000.5931 -000.3972 +120.1320 +032.8308 +148.8799 0
L1 08    455 +012.5797 -000.3421 -001.3453 +106.8889 -048.7844 +101.1958 0
L1 01    459 +016.2253 +000.2177 +001.3490 -092.8588 +003.9638 +002.3505 0
L1 02    459 +007.1368 +005.8794 +001.6819 -119.7966 +003.4877 -128.8804 0
L1 03    459 +016.3099 -000.5548 -000.8264 -092.3517 +004.1679 +092.3261 0
L1 04    459 +008.5089 +010.6704 +001.8075 -056.0245 -000.3431 +000.5165 0
L1 05    459 +014.3891 +009.9604 +001.9706 -108.7872 +000.9584 -011.4615 0
L1 06    459 +014.5493 +001.5374 -000.4221 +167.9699 +001.4180 -123.0062 0
L1 07    459 +012.9447 +000.5930 -000.3972 +120.1319 +032.8304 +148.8808 0
L1 08    459 +012.5797 -000.3422 -001.3454 +106.8883 -048.7843 +101.1962 0
L1 01    463 +016.2253 +000.2178 +001.3489 -092.8585 +003.9633 +002.3480 0
L1 02    463 +007.1368 +005.8795 +001.6819 -119.7961 +003.4876 -128.8803 0
L1 03    463 +016.3099 -000.5547 -000.8264 -092.3505 +004.1681 +092.3263 0
L1 04    463 +008.5088 +010.6706 +001.8074 -056.0229 -000.3438 +000.5159 0
L1 05    463 +014.3892 +009.9600 +001.9707 -108.7880 +000.9589 -011.4617 0
L1 06    463 +014.5493 +001.5378 -000.4219 +167.9734 +001.4188 -123.0065 0
L1 07    463 +012.9447 +000.5932 -000.3972 +120.1345 +032.8302 +148.8810 0
L1 08    463 +012.5797 -000.3421 -001.3453 +106.8891 -048.7845 +101.1962 0
L1 01    467 +016.2253 +000.2177 +001.3489 -092.8614 +003.9639 +002.3491 0
L1 02    467 +007.1368 +005.8795 +001.6819 -119.7960 +003.4876 -128.8804 0
L1 03    467 +016.3099 -000.5549 -000.8264 -092.3517 +004.1680 +092.3263 0
L1 04    467 +008.5089 +010.6705 +001.8075 -056.0240 -000.3432 +000.5160 0
L1 05    467 +014.3890 +009.9603 +001.9707 -108.7880 +000.9591 -011.4621 0
L1 06    467 +014.5493 +001.5378 -000.4219 +167.9729 +001.4190 -123.0066 0
L1 07    467 +012.9447 +000.5931 -000.3973 +120.1341 +032.8293 +148.8821 0
L1 08    467 +012.5797 -000.3422 -001.3453 +106.8886 -048.7841 +101.1961 0
L1 01    471 +016.2253 +000.2179 +001.3489 -092.8614 +003.9635 +002.3485 0
L1 02    471 +007.1368 +005.8795 +001.6819 -119.7961 +003.4881 -128.8803 0
L1 03    471 +016.3099 -000.5549 -000.8265 -092.3514 +004.1682 +092.3255 0
L1 04    471 +008.5089 +010.6705 +001.8075 -056.0231 -000.3434 +000.5159 0
L1 05    471 +014.3891 +009.9601 +001.9711 -108.7887 +000.9609 -011.4604 0
L1 06    471 +014.5492 +001.5378 -000.4219 +167.9728 +001.4190 -123.0065 0
L1 07    471 +012.9447 +000.5931 -000.3973 +120.1350 +032.8292 +148.8824 0
L1 08    471 +012.5796 -000.3421 -001.3453 +106.8889 -048.7839 +101.1964 0
L1 01    475 +016.2253 +000.2176 +001.3488 -092.8638 +003.9633 +002.3482 0
L1 02    475 +007.1368 +005.8794 +001.6819 -119.7964 +003.4880 -128.8804 0
L1 03    475 +016.3099 -000.5547 -000.8266 -092.3508 +004.1678 +092.3252 0
L1 04    475 +008.5089 +010.6705 +001.8075 -056.0234 -000.3434 +000.5164 0
L1 05    475 +014.3892 +009.9600 +001.9711 -108.7890 +000.9607 -011.4604 0
L1 06    475 +014.5492 +001.5377 -000.4221 +167.9722 +001.4174 -123.0058 0
L1 07    475 +012.9447 +000.5931 -000.3971 +120.1346 +032.8294 +148.8815 0
L1 08    475 +012.5797 -000.3421 -001.3454 +106.8887 -048.7841 +101.1967 0
L1 01    479 +016.2252 +000.2177 +001.3489 -092.8652 +003.9637 +002.3484 0
L1 02    479 +007.1368 +005.8794 +001.6819 -119.7968 +003.4879 -128.8805 0
L1 03    479 +016.3099 -000.5549 -000.8265 -092.3523 +004.1685 +092.3259 0
L1 04    479 +008.5089 +010.6705 +001.8074 -056.0237 -000.3434 +000.5157 0
L1 05    479 +014.3894 +009.9597 +001.9706 -108.7900 +000.9595 -011.4632 0
L1 06    479 +014.5493 +001.5377 -000.4219 +167.9720 +001.4182 -123.0062 0
L1 07    479 +012.9447 +000.5931 -000.3971 +120.1350 +032.8294 +148.8819 0
L1 08    479 +012.5796 -000.3421 -001.3453 +106.8885 -048.7841 +101.1964 0
