L1 01      5 +012.9813 +004.8045 +001.3341 -031.2554 -000.8406 +001.5526 0
L1 02      5 +004.4962 +007.2378 +001.6841 -172.8855 +001.3543 -129.6978 0
L1 03      5 +013.6836 +004.4448 -000.8582 -034.9143 +002.5440 +091.9533 0
L1 04      5 +007.9819 +008.8165 +001.7707 -043.8241 -003.0567 +000.4906 0
L1 05      5 +014.4013 +009.9748 +001.9645 -108.4830 +001.9795 -010.9093 0
L1 06      5 +011.1681 +004.7938 -000.2540 -170.8411 -024.2775 -105.4884 0
L1 07      5 +010.4985 +003.3790 +000.7974 +166.2070 +016.8508 -179.3354 0
L1 08      5 +010.4454 +002.1401 -000.1872 +164.1358 -074.2730 +093.4508 0
L1 01      9 +012.9813 +004.8044 +001.3341 -031.2556 -000.8420 +001.5520 0
L1 02      9 +004.4961 +007.2378 +001.6842 -172.8856 +001.3556 -129.6989 0
L1 03      9 +013.6836 +004.4448 -000.8581 -034.9140 +002.5432 +091.9537 0
L1 04      9 +007.9819 +008.8164 +001.7708 -043.8246 -003.0570 +000.4918 0
L1 05      9 +014.4013 +009.9749 +001.9644 -108.4825 +001.9781 -010.9100 0
L1 06      9 +011.1681 +004.7938 -000.2540 -170.8415 -024.2776 -105.4881 0
L1 07      9 +010.4985 +003.3788 +000.7975 +166.2059 +016.8516 -179.3358 0
L1 08      9 +010.4454 +002.1400 -000.1871 +164.1346 -074.2724 +093.4517 0
L1 01     13 +012.9812 +004.8045 +001.3342 -031.2540 -000.8418 +001.5527 0
L1 02     13 +004.4962 +007.2378 +001.6842 -172.8858 +001.3558 -129.6985 0
L1 03     13 +013.6837 +004.4447 -000.8580 -034.9143 +002.5432 +091.9537 0
L1 04     13 +007.9819 +008.8164 +001.7709 -043.8247 -003.0572 +000.4923 0
L1 05     13 +014.4014 +009.9748 +001.9644 -108.4839 +001.9768 -010.9105 0
L1 06     13 +011.1681 +004.7936 -000.2540 -170.8428 -024.2779 -105.4880 0
L1 07     13 +010.4985 +003.3789 +000.7976 +166.2055 +016.8519 -179.3355 0
L1 08     13 +010.4454 +002.1401 -000.1871 +164.1330 -074.2723 +093.4542 0
L1 01     17 +012.9813 +004.8044 +001.3341 -031.2544 -000.8409 +001.5519 0
L1 02     17 +004.4962 +007.2378 +001.6842 -172.8860 +001.3558 -129.6988 0
L1 03     17 +013.6836 +004.4446 -000.8579 -034.9147 +002.5431 +091.9535 0
L1 04     17 +007.9819 +008.8164 +001.7709 -043.8246 -003.0572 +000.4926 0
L1 05     17 +014.4012 +009.9749 +001.9642 -108.4828 +001.9764 -010.9104 0
L1 06     17 +011.1681 +004.7936 -000.2540 -170.8424 -024.2787 -105.4877 0
L1 07     17 +010.4985 +003.3789 +000.7976 +166.2052 +016.8508 -179.3355 0
L1 08     17 +010.4454 +002.1401 -000.1870 +164.1328 -074.2723 +093.4543 0
L1 01     21 +012.9813 +004.8044 +001.3341 -031.2544 -000.8407 +001.5515 0
L1 02     21 +004.4962 +007.2377 +001.6842 -172.8865 +001.3556 -129.6989 0
L1 03     21 +013.6836 +004.4447 -000.8580 -034.9152 +002.5438 +091.9532 0
L1 04     21 +007.9819 +008.8164 +001.7708 -043.8250 -003.0569 +000.4922 0
L1 05     21 +014.4013 +009.9748 +001.9644 -108.4844 +001.9797 -010.9092 0
L1 06     21 +011.1681 +004.7937 -000.2540 -170.8431 -024.2788 -105.4879 0
L1 07     21 +010.4985 +003.3788 +000.7976 +166.2016 +016.8499 -179.3366 0
L1 08     21 +010.4453 +002.1401 -000.1871 +164.1330 -074.2731 +093.4533 0
L1 01     25 +012.9812 +004.8045 +001.3342 -031.2531 -000.8416 +001.5523 0
L1 02     25 +004.4962 +007.2377 +001.6842 -172.8862 +001.3556 -129.6989 0
L1 03     25 +013.6836 +004.4447 -000.8580 -034.9154 +002.5442 +091.9541 0
L1 04     25 +007.9819 +008.8164 +001.7709 -043.8246 -003.0571 +000.4926 0
L1 05     25 +014.4013 +009.9748 +001.9642 -108.4836 +001.9791 -010.9089 0
L1 06     25 +011.1680 +004.7939 -000.2539 -170.8413 -024.2785 -105.4888 0
L1 07     25 +010.4985 +003.3789 +000.7975 +166.2014 +016.8484 -179.3369 0
L1 08     25 +010.4453 +002.1401 -000.1871 +164.1343 -074.2734 +093.4512 0
L1 01     29 +012.9813 +004.8044 +001.3341 -031.2540 -000.8408 +001.5523 0
L1 02     29 +004.4962 +007.2377 +001.6842 -172.8860 +001.3558 -129.6991 0
L1 03     29 +013.6837 +004.4445 -000.8580 -034.9174 +002.5439 +091.9542 0
L1 04     29 +007.9819 +008.8164 +001.7709 -043.8250 -003.0572 +000.4926 0
L1 05     29 +014.4012 +009.9749 +001.9643 -108.4826 +001.9798 -010.9083 0
L1 06     29 +011.1680 +004.7939 -000.2540 -170.8422 -024.2784 -105.4888 0
L1 07     29 +010.4985 +003.3789 +000.7975 +166.2006 +016.8496 -179.3371 0
L1 08     29 +010.4453 +002.1403 -000.1871 +164.1350 -074.2726 +093.4508 0
L1 01     33 +012.9813 +004.8045 +001.3341 -031.2533 -000.8410 +001.5521 0
L1 02     33 +004.4962 +007.2378 +001.6842 -172.8857 +001.3560 -129.6988 0
L1 03     33 +013.6837 +004.4447 -000.8579 -034.9158 +002.5440 +091.9548 0
L1 04     33 +007.9818 +008.8164 +001.7709 -043.8244 -003.0573 +000.4922 0
L1 05     33 +014.4012 +009.9750 +001.9646 -108.4821 +001.9810 -010.9072 0
L1 06     33 +011.1681 +004.7938 -000.2539 -170.8428 -024.2780 -105.4886 0
L1 07     33 +010.4985 +003.3790 +000.7976 +166.2013 +016.8494 -179.3369 0
L1 08     33 +010.4453 +002.1402 -000.1871 +164.1340 -074.2724 +093.4516 0
L1 01     37 +012.9813 +004.8044 +001.3341 -031.2545 -000.8410 +001.5512 0
L1 02     37 +004.4962 +007.2378 +001.6842 -172.8859 +001.3559 -129.6986 0
L1 03     37 +013.6837 +004.4446 -000.8578 -034.9174 +002.5439 +091.9543 0
L1 04     37 +007.9819 +008.8164 +001.7708 -043.8252 -003.0571 +000.4921 0
L1 05     37 +014.4011 +009.9751 +001.9641 -108.4806 +001.9778 -010.9097 0
L1 06     37 +011.1680 +004.7939 -000.2539 -170.8434 -024.2786 -105.4887 0
L1 07     37 +010.4985 +003.3790 +000.7976 +166.1994 +016.8488 -179.3369 0
L1 08     37 +010.4453 +002.1402 -000.1870 +164.1316 -074.2727 +093.4531 0
L1 01     41 +012.9813 +004.8044 +001.3340 -031.2545 -000.8409 +001.5496 0
L1 02     41 +004.4962 +007.2378 +001.6842 -172.8859 +001.3559 -129.6984 0
L1 03     41 +013.6836 +004.4447 -000.8580 -034.9168 +002.5444 +091.9527 0
L1 04     41 +007.9819 +008.8163 +001.7708 -043.8254 -003.0575 +000.4917 0
L1 05     41 +014.4015 +009.9748 +001.9641 -108.4840 +001.9777 -010.9091 0
L1 06     41 +011.1680 +004.7940 -000.2539 -170.8432 -024.2793 -105.4882 0
L1 07     41 +010.4985 +003.3790 +000.7977 +166.1987 +016.8477 -179.3366 0
L1 08     41 +010.4453 +002.1402 -000.1869 +164.1286 -074.2725 +093.4550 0
L1 01     45 +012.9813 +004.8043 +001.3341 -031.2552 -000.8408 +001.5503 0
L1 02     45 +004.4962 +007.2378 +001.6842 -172.8858 +001.3560 -129.6986 0
L1 03     45 +013.6836 +004.4446 -000.8580 -034.9182 +002.5446 +091.9528 0
L1 04     45 +007.9820 +008.8163 +001.7708 -043.8261 -003.0571 +000.4917 0
L1 05     45 +014.4015 +009.9746 +001.9640 -108.4842 +001.9781 -010.9089 0
L1 06     45 +011.1680 +004.7940 -000.2539 -170.8435 -024.2795 -105.4881 0
L1 07     45 +010.4985 +003.3789 +000.7977 +166.1966 +016.8477 -179.3373 0
L1 08     45 +010.4452 +002.1402 -000.1869 +164.1286 -074.2720 +093.4547 0
L1 01     49 +012.9813 +004.8044 +001.3340 -031.2535 -000.8416 +001.5504 0
L1 02     49 +004.4961 +007.2378 +001.6842 -172.8854 +001.3562 -129.6986 0
L1 03     49 +013.6837 +004.4446 -000.8579 -034.9177 +002.5439 +091.9534 0
L1 04     49 +007.9819 +008.8163 +001.7708 -043.8255 -003.0573 +000.4918 0
L1 05     49 +014.4015 +009.9747 +001.9640 -108.4829 +001.9784 -010.9088 0
L1 06     49 +011.1680 +004.7939 -000.2539 -170.8438 -024.2789 -105.4881 0
L1 07     49 +010.4985 +003.3790 +000.7976 +166.1964 +016.8477 -179.3377 0
L1 08     49 +010.4453 +002.1403 -000.1870 +164.1298 -074.2719 +093.4540 0
L1 01     53 +012.9813 +004.8044 +001.3341 -031.2538 -000.8425 +001.5505 0
L1 02     53 +004.4961 +007.2378 +001.6842 -172.8852 +001.3561 -129.6984 0
L1 03     53 +013.6837 +004.4447 -000.8579 -034.9176 +002.5437 +091.9538 0
L1 04     53 +007.9819 +008.8164 +001.7708 -043.8249 -003.0575 +000.4919 0
L1 05     53 +014.4014 +009.9748 +001.9642 -108.4821 +001.9806 -010.9082 0
L1 06     53 +011.1681 +004.7939 -000.2539 -170.8447 -024.2786 -105.4882 0
L1 07     53 +010.4985 +003.3790 +000.7977 +166.1960 +016.8485 -179.3380 0
L1 08     53 +010.4453 +002.1403 -000.1870 +164.1302 -074.2717 +093.4534 0
L1 01     57 +012.9813 +004.8043 +001.3341 -031.2538 -000.8426 +001.5504 0
L1 02     57 +004.4962 +007.2378 +001.6842 -172.8855 +001.3563 -129.6984 0
L1 03     57 +013.6837 +004.4445 -000.8579 -034.9187 +002.5436 +091.9535 0
L1 04     57 +007.9819 +008.8164 +001.7708 -043.8250 -003.0575 +000.4916 0
L1 05     57 +014.4010 +009.9751 +001.9643 -108.4802 +001.9814 -010.9065 0
L1 06     57 +011.1681 +004.7939 -000.2539 -170.8449 -024.2780 -105.4883 0
L1 07     57 +010.4986 +003.3789 +000.7977 +166.1948 +016.8489 -179.3381 0
L1 08     57 +010.4453 +002.1403 -000.1870 +164.1288 -074.2709 +093.4546 0
L1 01     61 +012.9814 +004.8043 +001.3341 -031.2536 -000.8432 +001.5503 0
L1 02     61 +004.4962 +007.2378 +001.6842 -172.8857 +001.3562 -129.6982 0
L1 03     61 +013.6837 +004.4446 -000.8578 -034.9186 +002.5428 +091.9537 0
L1 04     61 +007.9819 +008.8164 +001.7708 -043.8248 -003.0576 +000.4915 0
L1 05     61 +014.4012 +009.9751 +001.9638 -108.4812 +001.9784 -010.9087 0
L1 06     61 +011.1681 +004.7938 -000.2539 -170.8457 -024.2781 -105.4879 0
L1 07     61 +010.4986 +003.3789 +000.7977 +166.1942 +016.8491 -179.3379 0
L1 08     61 +010.4453 +002.1403 -000.1870 +164.1284 -074.2707 +093.4554 0
L1 01     65 +012.9814 +004.8043 +001.3341 -031.2529 -000.8436 +001.5497 0
L1 02     65 +004.4962 +007.2378 +001.6842 -172.8856 +001.3564 -129.6982 0
L1 03     65 +013.6837 +004.4447 -000.8578 -034.9181 +002.5430 +091.9532 0
L1 04     65 +007.9819 +008.8164 +001.7708 -043.8251 -003.0579 +000.4916 0
L1 05     65 +014.4013 +009.9750 +001.9638 -108.4827 +001.9777 -010.9086 0
L1 06     65 +011.1682 +004.7938 -000.2539 -170.8467 -024.2793 -105.4874 0
L1 07     65 +010.4985 +003.3789 +000.7978 +166.1936 +016.8484 -179.3382 0
L1 08     65 +010.4452 +002.1403 -000.1869 +164.1272 -074.2711 +093.4561 0
L1 01     69 +012.9814 +004.8043 +001.3341 -031.2532 -000.8425 +001.5497 0
L1 02     69 +004.4961 +007.2378 +001.6842 -172.8854 +001.3564 -129.6980 0
L1 03     69 +013.6837 +004.4446 -000.8578 -034.9191 +002.5438 +091.9528 0
L1 04     69 +007.9819 +008.8163 +001.7708 -043.8254 -003.0576 +000.4917 0
L1 05     69 +014.4014 +009.9749 +001.9642 -108.4827 +001.9793 -010.9071 0
L1 06     69 +011.1681 +004.7938 -000.2538 -170.8468 -024.2793 -105.4877 0
L1 07     69 +010.4985 +003.3790 +000.7977 +166.1928 +016.8454 -179.3378 0
L1 08     69 +010.4452 +002.1403 -000.1869 +164.1264 -074.2721 +093.4559 0
L1 01     73 +012.9814 +004.8044 +001.3341 -031.2527 -000.8420 +001.5500 0
L1 02     73 +004.4961 +007.2378 +001.6842 -172.8852 +001.3566 -129.6982 0
L1 03     73 +013.6837 +004.4445 -000.8578 -034.9202 +002.5449 +091.9535 0
L1 04     73 +007.9818 +008.8164 +001.7708 -043.8245 -003.0577 +000.4916 0
L1 05     73 +014.4013 +009.9751 +001.9643 -108.4810 +001.9804 -010.9075 0
L1 06     73 +011.1680 +004.7941 -000.2537 -170.8456 -024.2795 -105.4879 0
L1 07     73 +010.4985 +003.3791 +000.7978 +166.1915 +016.8445 -179.3387 0
L1 08     73 +010.4451 +002.1404 -000.1869 +164.1268 -074.2727 +093.4552 0
L1 01     77 +012.9813 +004.8045 +001.3341 -031.2525 -000.8426 +001.5497 0
L1 02     77 +004.4961 +007.2378 +001.6842 -172.8854 +001.3564 -129.6982 0
L1 03     77 +013.6836 +004.4447 -000.8578 -034.9197 +002.5445 +091.9534 0
L1 04     77 +007.9818 +008.8164 +001.7708 -043.8241 -003.0581 +000.4918 0
L1 05     77 +014.4016 +009.9747 +001.9645 -108.4829 +001.9813 -010.9061 0
L1 06     77 +011.1681 +004.7941 -000.2538 -170.8467 -024.2803 -105.4886 0
L1 07     77 +010.4985 +003.3792 +000.7978 +166.1897 +016.8447 -179.3388 0
L1 08     77 +010.4451 +002.1404 -000.1870 +164.1253 -074.2724 +093.4552 0
L1 01     81 +012.9814 +004.8044 +001.3343 -031.2530 -000.8437 +001.5506 0
L1 02     81 +004.4962 +007.2377 +001.6842 -172.8860 +001.3564 -129.6983 0
L1 03     81 +013.6837 +004.4445 -000.8578 -034.9218 +002.5442 +091.9533 0
L1 04     81 +007.9819 +008.8164 +001.7708 -043.8250 -003.0580 +000.4919 0
L1 05     81 +014.4016 +009.9747 +001.9641 -108.4840 +001.9802 -010.9086 0
L1 06     81 +011.1682 +004.7939 -000.2537 -170.8495 -024.2788 -105.4880 0
L1 07     81 +010.4985 +003.3791 +000.7977 +166.1880 +016.8442 -179.3389 0
L1 08     81 +010.4452 +002.1403 -000.1869 +164.1226 -074.2714 +093.4572 0
L1 01     85 +012.9814 +004.8045 +001.3342 -031.2523 -000.8437 +001.5499 0
L1 02     85 +004.4962 +007.2378 +001.6842 -172.8857 +001.3566 -129.6980 0
L1 03     85 +013.6836 +004.4447 -000.8577 -034.9203 +002.5438 +091.9536 0
L1 04     85 +007.9819 +008.8164 +001.7708 -043.8245 -003.0582 +000.4917 0
L1 05     85 +014.4013 +009.9750 +001.9643 -108.4812 +001.9798 -010.9077 0
L1 06     85 +011.1682 +004.7940 -000.2537 -170.8486 -024.2792 -105.4878 0
L1 07     85 +010.4985 +003.3791 +000.7978 +166.1882 +016.8444 -179.3391 0
L1 08     85 +010.4452 +002.1404 -000.1869 +164.1224 -074.2713 +093.4579 0
L1 01     89 +012.9814 +004.8044 +001.3342 -031.2525 -000.8445 +001.5502 0
L1 02     89 +004.4962 +007.2377 +001.6842 -172.8860 +001.3565 -129.6981 0
L1 03     89 +013.6837 +004.4446 -000.8577 -034.9217 +002.5439 +091.9535 0
L1 04     89 +007.9819 +008.8164 +001.7708 -043.8253 -003.0578 +000.4915 0
L1 05     89 +014.4014 +009.9748 +001.9643 -108.4830 +001.9806 -010.9083 0
L1 06     89 +011.1682 +004.7940 -000.2537 -170.8489 -024.2796 -105.4880 0
L1 07     89 +010.4985 +003.3791 +000.7978 +166.1865 +016.8441 -179.3386 0
L1 08     89 +010.4451 +002.1404 -000.1869 +164.1217 -074.2715 +093.4584 0
L1 01     93 +012.9814 +004.8045 +001.3342 -031.2513 -000.8454 +001.5504 0
L1 02     93 +004.4962 +007.2378 +001.6842 -172.8859 +001.3565 -129.6980 0
L1 03     93 +013.6837 +004.4446 -000.8578 -034.9216 +002.5434 +091.9537 0
L1 04     93 +007.9819 +008.8164 +001.7708 -043.8247 -003.0579 +000.4915 0
L1 05     93 +014.4015 +009.9746 +001.9646 -108.4840 +001.9818 -010.9070 0
L1 06     93 +011.1681 +004.7941 -000.2537 -170.8486 -024.2787 -105.4878 0
L1 07     93 +010.4986 +003.3791 +000.7977 +166.1853 +016.8448 -179.3391 0
L1 08     93 +010.4452 +002.1403 -000.1869 +164.1219 -074.2702 +093.4575 0
L1 01     97 +012.9814 +004.8044 +001.3342 -031.2522 -000.8463 +001.5499 0
L1 02     97 +004.4962 +007.2378 +001.6841 -172.8858 +001.3564 -129.6980 0
L1 03     97 +013.6838 +004.4445 -000.8578 -034.9225 +002.5433 +091.9534 0
L1 04     97 +007.9819 +008.8164 +001.7708 -043.8251 -003.0578 +000.4917 0
L1 05     97 +014.4014 +009.9747 +001.9642 -108.4835 +001.9800 -010.9088 0
L1 06     97 +011.1682 +004.7941 -000.2538 -170.8490 -024.2780 -105.4875 0
L1 07     97 +010.4986 +003.3790 +000.7977 +166.1830 +016.8454 -179.3403 0
L1 08     97 +010.4452 +002.1403 -000.1869 +164.1227 -074.2694 +093.4560 0
L1 01    101 +012.9814 +004.8044 +001.3342 -031.2523 -000.8463 +001.5497 0
L1 02    101 +004.4962 +007.2377 +001.6842 -172.8861 +001.3567 -129.6983 0
L1 03    101 +013.6838 +004.4445 -000.8579 -034.9230 +002.5436 +091.9530 0
L1 04    101 +007.9819 +008.8163 +001.7708 -043.8253 -003.0578 +000.4916 0
L1 05    101 +014.4016 +009.9745 +001.9639 -108.4854 +001.9767 -010.9110 0
L1 06    101 +011.1682 +004.7940 -000.2538 -170.8496 -024.2778 -105.4874 0
L1 07    101 +010.4986 +003.3790 +000.7977 +166.1838 +016.8451 -179.3397 0
L1 08    101 +010.4452 +002.1404 -000.1869 +164.1223 -074.2693 +093.4569 0
L1 01    105 +012.9814 +004.8045 +001.3342 -031.2510 -000.8462 +001.5497 0
L1 02    105 +004.4962 +007.2378 +001.6842 -172.8858 +001.3568 -129.6982 0
L1 03    105 +013.6838 +004.4445 -000.8578 -034.9225 +002.5434 +091.9533 0
L1 04    105 +007.9818 +008.8164 +001.7708 -043.8240 -003.0580 +000.4915 0
L1 05    105 +014.4013 +009.9747 +001.9646 -108.4835 +001.9799 -010.9067 0
L1 06    105 +011.1681 +004.7942 -000.2537 -170.8483 -024.2781 -105.4878 0
L1 07    105 +010.4986 +003.3791 +000.7978 +166.1845 +016.8445 -179.3396 0
L1 08    105 +010.4451 +002.1405 -000.1869 +164.1222 -074.2696 +093.4580 0
L1 01    109 +012.9814 +004.8045 +001.3343 -031.2495 -000.8471 +001.5501 0
L1 02    109 +004.4962 +007.2378 +001.6842 -172.8857 +001.3568 -129.6980 0
L1 03    109 +013.6837 +004.4445 -000.8578 -034.9229 +002.5435 +091.9535 0
L1 04    109 +007.9818 +008.8164 +001.7708 -043.8243 -003.0578 +000.4917 0
L1 05    109 +014.4010 +009.9752 +001.9641 -108.4800 +001.9776 -010.9093 0
L1 06    109 +011.1682 +004.7940 -000.2537 -170.8494 -024.2791 -105.4875 0
L1 07    109 +010.4986 +003.3792 +000.7977 +166.1841 +016.8435 -179.3398 0
L1 08    109 +010.4451 +002.1404 -000.1869 +164.1211 -074.2699 +093.4590 0
L1 01    113 +012.9814 +004.8044 +001.3343 -031.2499 -000.8469 +001.5498 0
L1 02    113 +004.4962 +007.2377 +001.6842 -172.8860 +001.3567 -129.6979 0
L1 03    113 +013.6837 +004.4444 -000.8578 -034.9233 +002.5438 +091.9527 0
L1 04    113 +007.9818 +008.8164 +001.7708 -043.8244 -003.0578 +000.4916 0
L1 05    113 +014.4014 +009.9749 +001.9642 -108.4822 +001.9777 -010.9105 0
L1 06    113 +011.1681 +004.7940 -000.2538 -170.8494 -024.2798 -105.4871 0
L1 07    113 +010.4986 +003.3791 +000.7978 +166.1830 +016.8432 -179.3399 0
L1 08    113 +010.4451 +002.1404 -000.1869 +164.1189 -074.2704 +093.4612 0
L1 01    117 +012.9814 +004.8044 +001.3343 -031.2501 -000.8471 +001.5493 0
L1 02    117 +004.4962 +007.2377 +001.6841 -172.8862 +001.3567 -129.6980 0
L1 03    117 +013.6838 +004.4442 -000.8579 -034.9247 +002.5433 +091.9525 0
L1 04    117 +007.9819 +008.8163 +001.7708 -043.8254 -003.0577 +000.4918 0
L1 05    117 +014.4013 +009.9749 +001.9640 -108.4839 +001.9762 -010.9113 0
L1 06    117 +011.1682 +004.7940 -000.2539 -170.8503 -024.2801 -105.4869 0
L1 07    117 +010.4986 +003.3791 +000.7978 +166.1824 +016.8436 -179.3400 0
L1 08    117 +010.4451 +002.1404 -000.1869 +164.1184 -074.2695 +093.4613 0
L1 01    121 +012.9814 +004.8044 +001.3341 -031.2491 -000.8470 +001.5487 0
L1 02    121 +004.4962 +007.2378 +001.6842 -172.8857 +001.3569 -129.6982 0
L1 03    121 +013.6838 +004.4445 -000.8578 -034.9225 +002.5427 +091.9531 0
L1 04    121 +007.9819 +008.8164 +001.7708 -043.8246 -003.0580 +000.4917 0
L1 05    121 +014.4015 +009.9747 +001.9642 -108.4836 +001.9761 -010.9104 0
L1 06    121 +011.1682 +004.7940 -000.2538 -170.8497 -024.2786 -105.4871 0
L1 07    121 +010.4986 +003.3791 +000.7978 +166.1825 +016.8444 -179.3404 0
L1 08    121 +010.4452 +002.1404 -000.1869 +164.1195 -074.2687 +093.4607 0
L1 01    125 +012.9815 +004.8043 +001.3342 -031.2496 -000.8486 +001.5491 0
L1 02    125 +004.4961 +007.2378 +001.6842 -172.8854 +001.3569 -129.6982 0
L1 03    125 +013.6838 +004.4446 -000.8577 -034.9213 +002.5409 +091.9542 0
L1 04    125 +007.9819 +008.8164 +001.7708 -043.8247 -003.0580 +000.4918 0
L1 05    125 +014.4017 +009.9743 +001.9646 -108.4860 +001.9791 -010.9094 0
L1 06    125 +011.1682 +004.7941 -000.2538 -170.8491 -024.2777 -105.4866 0
L1 07    125 +010.4986 +003.3790 +000.7977 +166.1815 +016.8450 -179.3407 0
L1 08    125 +010.4452 +002.1403 -000.1870 +164.1193 -074.2672 +093.4599 0
L1 01    129 +012.9814 +004.8044 +001.3342 -031.2480 -000.8502 +001.5498 0
L1 02    129 +004.4962 +007.2378 +001.6842 -172.8856 +001.3568 -129.6981 0
L1 03    129 +013.6839 +004.4445 -000.8577 -034.9225 +002.5398 +091.9541 0
L1 04    129 +007.9819 +008.8164 +001.7708 -043.8248 -003.0580 +000.4916 0
L1 05    129 +014.4015 +009.9746 +001.9644 -108.4830 +001.9776 -010.9089 0
L1 06    129 +011.1682 +004.7941 -000.2537 -170.8490 -024.2753 -105.4863 0
L1 07    129 +010.4987 +003.3790 +000.7976 +166.1809 +016.8460 -179.3408 0
L1 08    129 +010.4453 +002.1403 -000.1870 +164.1207 -074.2657 +093.4595 0
L1 01    133 +012.9814 +004.8044 +001.3342 -031.2477 -000.8501 +001.5495 0
L1 02    133 +004.4961 +007.2378 +001.6842 -172.8855 +001.3568 -129.6980 0
L1 03    133 +013.6839 +004.4445 -000.8577 -034.9216 +002.5400 +091.9542 0
L1 04    133 +007.9819 +008.8164 +001.7708 -043.8248 -003.0582 +000.4911 0
L1 05    133 +014.4012 +009.9751 +001.9649 -108.4807 +001.9798 -010.9047 0
L1 06    133 +011.1682 +004.7941 -000.2539 -170.8492 -024.2769 -105.4857 0
L1 07    133 +010.4986 +003.3791 +000.7977 +166.1817 +016.8463 -179.3408 0
L1 08    133 +010.4453 +002.1404 -000.1870 +164.1206 -074.2657 +093.4596 0
L1 01    137 +012.9815 +004.8042 +001.3342 -031.2489 -000.8497 +001.5496 0
L1 02    137 +004.4962 +007.2378 +001.6841 -172.8859 +001.3566 -129.6980 0
L1 03    137 +013.6839 +004.4444 -000.8577 -034.9230 +002.5411 +091.9544 0
L1 04    137 +007.9819 +008.8163 +001.7708 -043.8258 -003.0574 +000.4918 0
L1 05    137 +014.4013 +009.9749 +001.9644 -108.4812 +001.9792 -010.9077 0
L1 06    137 +011.1682 +004.7940 -000.2539 -170.8497 -024.2773 -105.4870 0
L1 07    137 +010.4987 +003.3790 +000.7976 +166.1798 +016.8452 -179.3416 0
L1 08    137 +010.4452 +002.1404 -000.1870 +164.1216 -074.2663 +093.4583 0
L1 01    141 +012.9815 +004.8043 +001.3342 -031.2480 -000.8497 +001.5496 0
L1 02    141 +004.4962 +007.2378 +001.6842 -172.8858 +001.3568 -129.6982 0
L1 03    141 +013.6838 +004.4445 -000.8577 -034.9225 +002.5409 +091.9549 0
L1 04    141 +007.9819 +008.8164 +001.7708 -043.8250 -003.0579 +000.4920 0
L1 05    141 +014.4014 +009.9747 +001.9644 -108.4822 +001.9802 -010.9069 0
L1 06    141 +011.1682 +004.7941 -000.2540 -170.8488 -024.2782 -105.4874 0
L1 07    141 +010.4987 +003.3790 +000.7977 +166.1787 +016.8451 -179.3431 0
L1 08    141 +010.4452 +002.1404 -000.1870 +164.1236 -074.2663 +093.4561 0
L1 01    145 +012.9815 +004.8043 +001.3342 -031.2479 -000.8501 +001.5498 0
L1 02    145 +004.4962 +007.2378 +001.6842 -172.8855 +001.3569 -129.6980 0
L1 03    145 +013.6839 +004.4445 -000.8577 -034.9224 +002.5411 +091.9547 0
L1 04    145 +007.9818 +008.8164 +001.7708 -043.8246 -003.0580 +000.4915 0
L1 05    145 +014.4016 +009.9745 +001.9645 -108.4846 +001.9806 -010.9072 0
L1 06    145 +011.1682 +004.7940 -000.2539 -170.8498 -024.2778 -105.4876 0
L1 07    145 +010.4987 +003.3791 +000.7977 +166.1785 +016.8446 -179.3434 0
L1 08    145 +010.4452 +002.1404 -000.1870 +164.1240 -074.2661 +093.4559 0
L1 01    149 +012.9815 +004.8041 +001.3341 -031.2485 -000.8490 +001.5488 0
L1 02    149 +004.4962 +007.2378 +001.6842 -172.8858 +001.3570 -129.6980 0
L1 03    149 +013.6839 +004.4445 -000.8577 -034.9234 +002.5415 +091.9538 0
L1 04    149 +007.9819 +008.8164 +001.7708 -043.8252 -003.0582 +000.4913 0
L1 05    149 +014.4016 +009.9745 +001.9643 -108.4845 +001.9784 -010.9086 0
L1 06    149 +011.1682 +004.7940 -000.2539 -170.8496 -024.2784 -105.4871 0
L1 07    149 +010.4987 +003.3790 +000.7977 +166.1779 +016.8443 -179.3421 0
L1 08    149 +010.4452 +002.1404 -000.1869 +164.1219 -074.2665 +093.4575 0
L1 01    153 +012.9815 +004.8043 +001.3341 -031.2471 -000.8477 +001.5484 0
L1 02    153 +004.4961 +007.2378 +001.6842 -172.8853 +001.3573 -129.6979 0
L1 03    153 +013.6839 +004.4444 -000.8578 -034.9236 +002.5422 +091.9529 0
L1 04    153 +007.9819 +008.8164 +001.7707 -043.8249 -003.0583 +000.4909 0
L1 05    153 +014.4013 +009.9749 +001.9643 -108.4819 +001.9780 -010.9080 0
L1 06    153 +011.1682 +004.7940 -000.2538 -170.8498 -024.2787 -105.4869 0
L1 07    153 +010.4986 +003.3791 +000.7978 +166.1778 +016.8435 -179.3422 0
L1 08    153 +010.4452 +002.1405 -000.1869 +164.1205 -074.2668 +093.4596 0
L1 01    157 +012.9814 +004.8043 +001.3342 -031.2455 -000.8494 +001.5487 0
L1 02    157 +004.4962 +007.2378 +001.6842 -172.8856 +001.3570 -129.6978 0
L1 03    157 +013.6838 +004.4444 -000.8577 -034.9228 +002.5421 +091.9535 0
L1 04    157 +007.9818 +008.8164 +001.7708 -043.8243 -003.0581 +000.4911 0
L1 05    157 +014.4011 +009.9750 +001.9648 -108.4808 +001.9804 -010.9059 0
L1 06    157 +011.1682 +004.7940 -000.2537 -170.8498 -024.2788 -105.4872 0
L1 07    157 +010.4986 +003.3791 +000.7978 +166.1777 +016.8430 -179.3419 0
L1 08    157 +010.4451 +002.1405 -000.1869 +164.1205 -074.2672 +093.4602 0
L1 01    161 +012.9814 +004.8044 +001.3343 -031.2452 -000.8512 +001.5492 0
L1 02    161 +004.4962 +007.2378 +001.6841 -172.8857 +001.3568 -129.6978 0
L1 03    161 +013.6838 +004.4445 -000.8577 -034.9228 +002.5418 +091.9540 0
L1 04    161 +007.9818 +008.8164 +001.7708 -043.8244 -003.0582 +000.4912 0
L1 05    161 +014.4014 +009.9748 +001.9645 -108.4823 +001.9803 -010.9058 0
L1 06    161 +011.1682 +004.7940 -000.2537 -170.8495 -024.2781 -105.4867 0
L1 07    161 +010.4986 +003.3791 +000.7977 +166.1771 +016.8428 -179.3425 0
L1 08    161 +010.4452 +002.1405 -000.1869 +164.1229 -074.2662 +093.4576 0
L1 01    165 +012.9815 +004.8044 +001.3343 -031.2450 -000.8511 +001.5495 0
L1 02    165 +004.4962 +007.2378 +001.6841 -172.8859 +001.3569 -129.6978 0
L1 03    165 +013.6839 +004.4444 -000.8577 -034.9243 +002.5413 +091.9547 0
L1 04    165 +007.9819 +008.8164 +001.7708 -043.8250 -003.0580 +000.4911 0
L1 05    165 +014.4015 +009.9747 +001.9642 -108.4842 +001.9810 -010.9071 0
L1 06    165 +011.1683 +004.7939 -000.2538 -170.8510 -024.2784 -105.4868 0
L1 07    165 +010.4986 +003.3791 +000.7978 +166.1760 +016.8442 -179.3435 0
L1 08    165 +010.4452 +002.1404 -000.1869 +164.1222 -074.2657 +093.4578 0
L1 01    169 +012.9814 +004.8045 +001.3343 -031.2430 -000.8511 +001.5495 0
L1 02    169 +004.4962 +007.2378 +001.6842 -172.8857 +001.3572 -129.6979 0
L1 03    169 +013.6838 +004.4444 -000.8577 -034.9232 +002.5416 +091.9542 0
L1 04    169 +007.9818 +008.8164 +001.7708 -043.8244 -003.0582 +000.4913 0
L1 05    169 +014.4012 +009.9751 +001.9644 -108.4805 +001.9795 -010.9059 0
L1 06    169 +011.1683 +004.7940 -000.2539 -170.8505 -024.2789 -105.4865 0
L1 07    169 +010.4986 +003.3791 +000.7977 +166.1764 +016.8424 -179.3426 0
L1 08    169 +010.4452 +002.1405 -000.1869 +164.1221 -074.2659 +093.4585 0
L1 01    173 +012.9815 +004.8043 +001.3343 -031.2442 -000.8512 +001.5493 0
L1 02    173 +004.4962 +007.2378 +001.6842 -172.8858 +001.3570 -129.6980 0
L1 03    173 +013.6839 +004.4444 -000.8577 -034.9240 +002.5414 +091.9540 0
L1 04    173 +007.9819 +008.8164 +001.7708 -043.8249 -003.0580 +000.4912 0
L1 05    173 +014.4013 +009.9750 +001.9645 -108.4815 +001.9801 -010.9054 0
L1 06    173 +011.1682 +004.7940 -000.2539 -170.8503 -024.2785 -105.4866 0
L1 07    173 +010.4987 +003.3791 +000.7976 +166.1753 +016.8422 -179.3424 0
L1 08    173 +010.4452 +002.1405 -000.1869 +164.1205 -074.2654 +093.4598 0
L1 01    177 +012.9815 +004.8043 +001.3343 -031.2446 -000.8522 +001.5495 0
L1 02    177 +004.4962 +007.2378 +001.6841 -172.8857 +001.3570 -129.6979 0
L1 03    177 +013.6839 +004.4443 -000.8576 -034.9244 +002.5404 +091.9544 0
L1 04    177 +007.9819 +008.8164 +001.7708 -043.8251 -003.0580 +000.4915 0
L1 05    177 +014.4015 +009.9748 +001.9643 -108.4836 +001.9790 -010.9055 0
L1 06    177 +011.1682 +004.7941 -000.2538 -170.8497 -024.2772 -105.4864 0
L1 07    177 +010.4987 +003.3791 +000.7977 +166.1751 +016.8433 -179.3432 0
L1 08    177 +010.4452 +002.1404 -000.1869 +164.1201 -074.2647 +093.4599 0
L1 01    181 +012.9815 +004.8043 +001.3342 -031.2437 -000.8523 +001.5479 0
L1 02    181 +004.4962 +007.2378 +001.6841 -172.8856 +001.3570 -129.6977 0
L1 03    181 +013.6839 +004.4445 -000.8577 -034.9223 +002.5402 +091.9538 0
L1 04    181 +007.9818 +008.8164 +001.7708 -043.8243 -003.0585 +000.4909 0
L1 05    181 +014.4015 +009.9746 +001.9644 -108.4844 +001.9797 -010.9064 0
L1 06    181 +011.1682 +004.7942 -000.2538 -170.8484 -024.2772 -105.4860 0
L1 07    181 +010.4987 +003.3791 +000.7977 +166.1756 +016.8435 -179.3430 0
L1 08    181 +010.4452 +002.1404 -000.1869 +164.1202 -074.2641 +093.4601 0
L1 01    185 +012.9815 +004.8043 +001.3342 -031.2429 -000.8527 +001.5479 0
L1 02    185 +004.4962 +007.2377 +001.6841 -172.8859 +001.3569 -129.6975 0
L1 03    185 +013.6839 +004.4445 -000.8577 -034.9227 +002.5407 +091.9536 0
L1 04    185 +007.9819 +008.8164 +001.7707 -043.8245 -003.0584 +000.4906 0
L1 05    185 +014.4014 +009.9749 +001.9638 -108.4821 +001.9765 -010.9079 0
L1 06    185 +011.1682 +004.7941 -000.2538 -170.8493 -024.2778 -105.4864 0
L1 07    185 +010.4987 +003.3791 +000.7977 +166.1748 +016.8435 -179.3434 0
L1 08    185 +010.4452 +002.1404 -000.1869 +164.1190 -074.2648 +093.4613 0
L1 01    189 +012.9815 +004.8043 +001.3343 -031.2427 -000.8529 +001.5482 0
L1 02    189 +004.4962 +007.2377 +001.6841 -172.8859 +001.3567 -129.6973 0
L1 03    189 +013.6838 +004.4445 -000.8577 -034.9231 +002.5411 +091.9533 0
L1 04    189 +007.9819 +008.8163 +001.7708 -043.8254 -003.0583 +000.4909 0
L1 05    189 +014.4015 +009.9746 +001.9639 -108.4830 +001.9777 -010.9082 0
L1 06    189 +011.1683 +004.7940 -000.2538 -170.8509 -024.2784 -105.4860 0
L1 07    189 +010.4987 +003.3791 +000.7978 +166.1738 +016.8427 -179.3439 0
L1 08    189 +010.4452 +002.1404 -000.1869 +164.1183 -074.2651 +093.4618 0
L1 01    193 +012.9814 +004.8043 +001.3343 -031.2418 -000.8531 +001.5482 0
L1 02    193 +004.4962 +007.2377 +001.6841 -172.8859 +001.3567 -129.6974 0
L1 03    193 +013.6838 +004.4446 -000.8577 -034.9225 +002.5413 +091.9537 0
L1 04    193 +007.9819 +008.8164 +001.7708 -043.8252 -003.0582 +000.4910 0
L1 05    193 +014.4015 +009.9745 +001.9649 -108.4827 +001.9821 -010.9042 0
L1 06    193 +011.1682 +004.7941 -000.2538 -170.8497 -024.2780 -105.4864 0
L1 07    193 +010.4987 +003.3791 +000.7979 +166.1731 +016.8423 -179.3442 0
L1 08    193 +010.4452 +002.1404 -000.1869 +164.1195 -074.2653 +093.4604 0
L1 01    197 +012.9815 +004.8043 +001.3343 -031.2427 -000.8521 +001.5482 0
L1 02    197 +004.4962 +007.2377 +001.6841 -172.8860 +001.3568 -129.6976 0
L1 03    197 +013.6838 +004.4445 -000.8577 -034.9230 +002.5413 +091.9538 0
L1 04    197 +007.9819 +008.8164 +001.7707 -043.8250 -003.0582 +000.4908 0
L1 05    197 +014.4016 +009.9745 +001.9644 -108.4828 +001.9817 -010.9066 0
L1 06    197 +011.1682 +004.7941 -000.2538 -170.8504 -024.2782 -105.4866 0
L1 07    197 +010.4987 +003.3791 +000.7979 +166.1722 +016.8424 -179.3447 0
L1 08    197 +010.4452 +002.1404 -000.1869 +164.1202 -074.2649 +093.4594 0
L1 01    201 +012.9814 +004.8044 +001.3342 -031.2416 -000.8520 +001.5477 0
L1 02    201 +004.4962 +007.2377 +001.6841 -172.8859 +001.3571 -129.6976 0
L1 03    201 +013.6838 +004.4445 -000.8576 -034.9234 +002.5414 +091.9541 0
L1 04    201 +007.9819 +008.8164 +001.7707 -043.8246 -003.0585 +000.4908 0
L1 05    201 +014.4014 +009.9747 +001.9645 -108.4814 +001.9814 -010.9065 0
L1 06    201 +011.1683 +004.7939 -000.2537 -170.8514 -024.2779 -105.4871 0
L1 07    201 +010.4987 +003.3791 +000.7979 +166.1714 +016.8413 -179.3446 0
L1 08    201 +010.4451 +002.1404 -000.1869 +164.1192 -074.2654 +093.4605 0
L1 01    205 +012.9815 +004.8043 +001.3342 -031.2424 -000.8511 +001.5466 0
L1 02    205 +004.4962 +007.2378 +001.6842 -172.8857 +001.3572 -129.6977 0
L1 03    205 +013.6838 +004.4444 -000.8577 -034.9249 +002.5420 +091.9524 0
L1 04    205 +007.9819 +008.8164 +001.7707 -043.8253 -003.0584 +000.4905 0
L1 05    205 +014.4016 +009.9743 +001.9645 -108.4855 +001.9817 -010.9072 0
L1 06    205 +011.1683 +004.7940 -000.2537 -170.8526 -024.2791 -105.4866 0
L1 07    205 +010.4987 +003.3791 +000.7979 +166.1699 +016.8401 -179.3445 0
L1 08    205 +010.4451 +002.1404 -000.1868 +164.1161 -074.2658 +093.4626 0
L1 01    209 +012.9815 +004.8042 +001.3341 -031.2430 -000.8515 +001.5454 0
L1 02    209 +004.4962 +007.2378 +001.6841 -172.8856 +001.3571 -129.6976 0
L1 03    209 +013.6838 +004.4446 -000.8578 -034.9238 +002.5427 +091.9517 0
L1 04    209 +007.9819 +008.8164 +001.7707 -043.8250 -003.0585 +000.4908 0
L1 05    209 +014.4018 +009.9744 +001.9642 -108.4855 +001.9788 -010.9070 0
L1 06    209 +011.1682 +004.7940 -000.2537 -170.8518 -024.2793 -105.4865 0
L1 07    209 +010.4986 +003.3792 +000.7979 +166.1705 +016.8392 -179.3445 0
L1 08    209 +010.4451 +002.1404 -000.1868 +164.1154 -074.2659 +093.4632 0
L1 01    213 +012.9815 +004.8043 +001.3341 -031.2415 -000.8506 +001.5461 0
L1 02    213 +004.4962 +007.2378 +001.6841 -172.8856 +001.3574 -129.6977 0
L1 03    213 +013.6838 +004.4444 -000.8577 -034.9242 +002.5425 +091.9524 0
L1 04    213 +007.9819 +008.8164 +001.7708 -043.8247 -003.0585 +000.4908 0
L1 05    213 +014.4014 +009.9748 +001.9642 -108.4813 +001.9793 -010.9064 0
L1 06    213 +011.1682 +004.7941 -000.2537 -170.8511 -024.2793 -105.4863 0
L1 07    213 +010.4986 +003.3793 +000.7979 +166.1709 +016.8395 -179.3442 0
L1 08    213 +010.4451 +002.1405 -000.1868 +164.1177 -074.2656 +093.4618 0
L1 01    217 +012.9815 +004.8042 +001.3341 -031.2422 -000.8514 +001.5469 0
L1 02    217 +004.4962 +007.2377 +001.6841 -172.8862 +001.3572 -129.6977 0
L1 03    217 +013.6838 +004.4443 -000.8577 -034.9257 +002.5426 +091.9529 0
L1 04    217 +007.9819 +008.8164 +001.7707 -043.8251 -003.0583 +000.4905 0
L1 05    217 +014.4016 +009.9744 +001.9646 -108.4841 +001.9821 -010.9040 0
L1 06    217 +011.1683 +004.7939 -000.2537 -170.8537 -024.2794 -105.4864 0
L1 07    217 +010.4986 +003.3792 +000.7979 +166.1691 +016.8393 -179.3447 0
L1 08    217 +010.4451 +002.1405 -000.1868 +164.1165 -074.2654 +093.4622 0
L1 01    221 +012.9815 +004.8043 +001.3343 -031.2406 -000.8529 +001.5479 0
L1 02    221 +004.4962 +007.2377 +001.6841 -172.8859 +001.3572 -129.6976 0
L1 03    221 +013.6838 +004.4444 -000.8576 -034.9252 +002.5413 +091.9542 0
L1 04    221 +007.9819 +008.8164 +001.7707 -043.8247 -003.0583 +000.4909 0
L1 05    221 +014.4015 +009.9747 +001.9644 -108.4823 +001.9813 -010.9056 0
L1 06    221 +011.1683 +004.7940 -000.2537 -170.8519 -024.2789 -105.4868 0
L1 07    221 +010.4986 +003.3793 +000.7978 +166.1694 +016.8397 -179.3450 0
L1 08    221 +010.4451 +002.1405 -000.1869 +164.1176 -074.2651 +093.4618 0
L1 01    225 +012.9815 +004.8043 +001.3342 -031.2401 -000.8537 +001.5467 0
L1 02    225 +004.4962 +007.2378 +001.6841 -172.8858 +001.3570 -129.6974 0
L1 03    225 +013.6838 +004.4446 -000.8576 -034.9240 +002.5411 +091.9535 0
L1 04    225 +007.9818 +008.8164 +001.7707 -043.8241 -003.0586 +000.4906 0
L1 05    225 +014.4018 +009.9744 +001.9644 -108.4841 +001.9812 -010.9053 0
L1 06    225 +011.1683 +004.7941 -000.2538 -170.8513 -024.2792 -105.4869 0
L1 07    225 +010.4986 +003.3792 +000.7978 +166.1685 +016.8396 -179.3456 0
L1 08    225 +010.4451 +002.1405 -000.1869 +164.1172 -074.2645 +093.4617 0
L1 01    229 +012.9815 +004.8043 +001.3342 -031.2400 -000.8541 +001.5473 0
L1 02    229 +004.4962 +007.2377 +001.6841 -172.8860 +001.3570 -129.6973 0
L1 03    229 +013.6838 +004.4445 -000.8576 -034.9248 +002.5407 +091.9537 0
L1 04    229 +007.9819 +008.8164 +001.7707 -043.8248 -003.0584 +000.4907 0
L1 05    229 +014.4016 +009.9744 +001.9646 -108.4839 +001.9818 -010.9041 0
L1 06    229 +011.1683 +004.7941 -000.2538 -170.8519 -024.2785 -105.4865 0
L1 07    229 +010.4987 +003.3792 +000.7979 +166.1670 +016.8410 -179.3455 0
L1 08    229 +010.4451 +002.1405 -000.1869 +164.1163 -074.2644 +093.4627 0
L1 01    233 +012.9815 +004.8043 +001.3341 -031.2395 -000.8539 +001.5467 0
L1 02    233 +004.4962 +007.2378 +001.6841 -172.8857 +001.3573 -129.6974 0
L1 03    233 +013.6839 +004.4443 -000.8577 -034.9256 +002.5407 +091.9534 0
L1 04    233 +007.9819 +008.8164 +001.7707 -043.8248 -003.0584 +000.4907 0
L1 05    233 +014.4015 +009.9747 +001.9643 -108.4829 +001.9788 -010.9056 0
L1 06    233 +011.1683 +004.7942 -000.2538 -170.8517 -024.2785 -105.4857 0
L1 07    233 +010.4987 +003.3792 +000.7979 +166.1676 +016.8403 -179.3458 0
L1 08    233 +010.4451 +002.1405 -000.1869 +164.1159 -074.2638 +093.4633 0
L1 01    237 +012.9815 +004.8043 +001.3342 -031.2392 -000.8552 +001.5472 0
L1 02    237 +004.4962 +007.2377 +001.6841 -172.8859 +001.3571 -129.6972 0
L1 03    237 +013.6839 +004.4444 -000.8577 -034.9257 +002.5407 +091.9534 0
L1 04    237 +007.9819 +008.8163 +001.7707 -043.8254 -003.0582 +000.4907 0
L1 05    237 +014.4015 +009.9746 +001.9642 -108.4829 +001.9779 -010.9057 0
L1 06    237 +011.1683 +004.7941 -000.2538 -170.8525 -024.2789 -105.4858 0
L1 07    237 +010.4987 +003.3792 +000.7978 +166.1660 +016.8399 -179.3459 0
L1 08    237 +010.4452 +002.1405 -000.1868 +164.1161 -074.2631 +093.4625 0
L1 01    241 +012.9815 +004.8043 +001.3342 -031.2392 -000.8548 +001.5467 0
L1 02    241 +004.4962 +007.2377 +001.6841 -172.8857 +001.3572 -129.6974 0
L1 03    241 +013.6839 +004.4444 -000.8576 -034.9252 +002.5405 +091.9537 0
L1 04    241 +007.9819 +008.8164 +001.7707 -043.8251 -003.0583 +000.4908 0
L1 05    241 +014.4012 +009.9749 +001.9645 -108.4801 +001.9793 -010.9051 0
L1 06    241 +011.1683 +004.7941 -000.2538 -170.8521 -024.2786 -105.4860 0
L1 07    241 +010.4987 +003.3791 +000.7978 +166.1654 +016.8400 -179.3458 0
L1 08    241 +010.4452 +002.1404 -000.1869 +164.1156 -074.2632 +093.4626 0
L1 01    245 +012.9815 +004.8043 +001.3342 -031.2387 -000.8552 +001.5469 0
L1 02    245 +004.4962 +007.2378 +001.6840 -172.8853 +001.3552 -129.6956 0
L1 03    245 +013.6839 +004.4445 -000.8577 -034.9247 +002.5414 +091.9534 0
L1 04    245 +007.9819 +008.8164 +001.7705 -043.8244 -003.0584 +000.4885 0
L1 05    245 +014.4016 +009.9747 +001.9637 -108.4810 +001.9760 -010.9076 0
L1 06    245 +011.1683 +004.7940 -000.2538 -170.8527 -024.2791 -105.4862 0
L1 07    245 +010.4987 +003.3792 +000.7978 +166.1652 +016.8391 -179.3457 0
L1 08    245 +010.4452 +002.1404 -000.1868 +164.1177 -074.2635 +093.4608 0
L1 01    249 +012.9815 +004.8042 +001.3342 -031.2391 -000.8547 +001.5467 0
L1 02    249 +004.4962 +007.2378 +001.6841 -172.8857 +001.3574 -129.6975 0
L1 03    249 +013.6839 +004.4443 -000.8577 -034.9264 +002.5411 +091.9533 0
L1 04    249 +007.9819 +008.8164 +001.7707 -043.8250 -003.0585 +000.4901 0
L1 05    249 +014.4016 +009.9745 +001.9638 -108.4833 +001.9765 -010.9075 0
L1 06    249 +011.1683 +004.7940 -000.2538 -170.8533 -024.2788 -105.4855 0
L1 07    249 +010.4987 +003.3792 +000.7979 +166.1646 +016.8398 -179.3463 0
L1 08    249 +010.4452 +002.1405 -000.1868 +164.1171 -074.2631 +093.4613 0
L1 01    253 +012.9815 +004.8044 +001.3342 -031.2370 -000.8556 +001.5463 0
L1 02    253 +004.4962 +007.2378 +001.6841 -172.8854 +001.3571 -129.6971 0
L1 03    253 +013.6839 +004.4444 -000.8576 -034.9259 +002.5409 +091.9534 0
L1 04    253 +007.9819 +008.8164 +001.7707 -043.8250 -003.0585 +000.4905 0
L1 05    253 +014.4016 +009.9746 +001.9640 -108.4830 +001.9770 -010.9076 0
L1 06    253 +011.1683 +004.7941 -000.2538 -170.8531 -024.2791 -105.4855 0
L1 07    253 +010.4987 +003.3792 +000.7979 +166.1640 +016.8396 -179.3468 0
L1 08    253 +010.4451 +002.1405 -000.1868 +164.1173 -074.2629 +093.4612 0
L1 01    257 +012.9815 +004.8043 +001.3342 -031.2377 -000.8554 +001.5469 0
L1 02    257 +004.4962 +007.2378 +001.6841 -172.8859 +001.3570 -129.6973 0
L1 03    257 +013.6839 +004.4443 -000.8577 -034.9264 +002.5411 +091.9535 0
L1 04    257 +007.9819 +008.8164 +001.7707 -043.8251 -003.0584 +000.4906 0
L1 05    257 +014.4013 +009.9747 +001.9647 -108.4807 +001.9796 -010.9048 0
L1 06    257 +011.1682 +004.7942 -000.2537 -170.8521 -024.2785 -105.4861 0
L1 07    257 +010.4987 +003.3792 +000.7979 +166.1635 +016.8389 -179.3468 0
L1 08    257 +010.4451 +002.1405 -000.1868 +164.1176 -074.2633 +093.4607 0
L1 01    261 +012.9815 +004.8043 +001.3343 -031.2379 -000.8565 +001.5468 0
L1 02    261 +004.4962 +007.2377 +001.6841 -172.8860 +001.3570 -129.6974 0
L1 03    261 +013.6839 +004.4443 -000.8576 -034.9272 +002.5413 +091.9538 0
L1 04    261 +007.9820 +008.8163 +001.7707 -043.8256 -003.0582 +000.4906 0
L1 05    261 +014.4016 +009.9744 +001.9647 -108.4843 +001.9810 -010.9052 0
L1 06    261 +011.1683 +004.7941 -000.2537 -170.8530 -024.2785 -105.4868 0
L1 07    261 +010.4987 +003.3792 +000.7978 +166.1625 +016.8381 -179.3470 0
L1 08    261 +010.4451 +002.1405 -000.1868 +164.1171 -074.2633 +093.4606 0
L1 01    265 +012.9815 +004.8043 +001.3343 -031.2372 -000.8564 +001.5468 0
L1 02    265 +004.4962 +007.2378 +001.6841 -172.8855 +001.3571 -129.6973 0
L1 03    265 +013.6839 +004.4444 -000.8577 -034.9264 +002.5413 +091.9536 0
L1 04    265 +007.9819 +008.8164 +001.7707 -043.8251 -003.0585 +000.4907 0
L1 05    265 +014.4014 +009.9747 +001.9646 -108.4815 +001.9795 -010.9053 0
L1 06    265 +011.1682 +004.7942 -000.2537 -170.8521 -024.2782 -105.4862 0
L1 07    265 +010.4987 +003.3792 +000.7979 +166.1623 +016.8389 -179.3470 0
L1 08    265 +010.4451 +002.1405 -000.1868 +164.1173 -074.2626 +093.4605 0
L1 01    269 +012.9815 +004.8043 +001.3342 -031.2376 -000.8562 +001.5465 0
L1 02    269 +004.4962 +007.2377 +001.6841 -172.8858 +001.3572 -129.6972 0
L1 03    269 +013.6839 +004.4443 -000.8576 -034.9266 +002.5407 +091.9536 0
L1 04    269 +007.9819 +008.8163 +001.7707 -043.8254 -003.0585 +000.4907 0
L1 05    269 +014.4015 +009.9745 +001.9642 -108.4841 +001.9768 -010.9073 0
L1 06    269 +011.1684 +004.7939 -000.2538 -170.8554 -024.2788 -105.4853 0
L1 07    269 +010.4987 +003.3792 +000.7979 +166.1610 +016.8395 -179.3475 0
L1 08    269 +010.4451 +002.1405 -000.1868 +164.1153 -074.2621 +093.4622 0
L1 01    273 +012.9815 +004.8043 +001.3343 -031.2372 -000.8581 +001.5471 0
L1 02    273 +004.4962 +007.2378 +001.6841 -172.8858 +001.3571 -129.6971 0
L1 03    273 +013.6840 +004.4443 -000.8577 -034.9276 +002.5401 +091.9536 0
L1 04    273 +007.9819 +008.8163 +001.7707 -043.8255 -003.0585 +000.4906 0
L1 05    273 +014.4012 +009.9750 +001.9643 -108.4814 +001.9762 -010.9051 0
L1 06    273 +011.1684 +004.7940 -000.2539 -170.8554 -024.2778 -105.4855 0
L1 07    273 +010.4987 +003.3792 +000.7979 +166.1600 +016.8399 -179.3481 0
L1 08    273 +010.4452 +002.1405 -000.1868 +164.1154 -074.2606 +093.4621 0
L1 01    277 +012.9815 +004.8043 +001.3342 -031.2368 -000.8580 +001.5466 0
L1 02    277 +004.4962 +007.2378 +001.6841 -172.8856 +001.3572 -129.6972 0
L1 03    277 +013.6840 +004.4443 -000.8577 -034.9274 +002.5403 +091.9540 0
L1 04    277 +007.9819 +008.8164 +001.7707 -043.8252 -003.0583 +000.4905 0
L1 05    277 +014.4014 +009.9749 +001.9643 -108.4822 +001.9775 -010.9060 0
L1 06    277 +011.1683 +004.7943 -000.2539 -170.8533 -024.2780 -105.4862 0
L1 07    277 +010.4987 +003.3792 +000.7979 +166.1589 +016.8409 -179.3493 0
L1 08    277 +010.4451 +002.1405 -000.1868 +164.1173 -074.2604 +093.4598 0
L1 01    281 +012.9816 +004.8043 +001.3344 -031.2371 -000.8596 +001.5486 0
L1 02    281 +004.4962 +007.2378 +001.6841 -172.8856 +001.3571 -129.6974 0
L1 03    281 +013.6840 +004.4443 -000.8576 -034.9293 +002.5391 +091.9556 0
L1 04    281 +007.9819 +008.8163 +001.7707 -043.8254 -003.0581 +000.4908 0
L1 05    281 +014.4014 +009.9747 +001.9643 -108.4828 +001.9789 -010.9076 0
L1 06    281 +011.1683 +004.7943 -000.2539 -170.8541 -024.2776 -105.4865 0
L1 07    281 +010.4987 +003.3792 +000.7978 +166.1577 +016.8396 -179.3486 0
L1 08    281 +010.4451 +002.1406 -000.1869 +164.1175 -074.2604 +093.4585 0
L1 01    285 +012.9816 +004.8043 +001.3342 -031.2388 -000.8585 +001.5474 0
L1 02    285 +004.4962 +007.2378 +001.6841 -172.8857 +001.3571 -129.6976 0
L1 03    285 +013.6840 +004.4444 -000.8576 -034.9302 +002.5399 +091.9553 0
L1 04    285 +007.9819 +008.8164 +001.7707 -043.8248 -003.0584 +000.4907 0
L1 05    285 +014.4016 +009.9746 +001.9637 -108.4828 +001.9765 -010.9095 0
L1 06    285 +011.1684 +004.7942 -000.2538 -170.8572 -024.2765 -105.4865 0
L1 07    285 +010.4987 +003.3794 +000.7978 +166.1555 +016.8390 -179.3493 0
L1 08    285 +010.4451 +002.1407 -000.1868 +164.1167 -074.2595 +093.4570 0
L1 01    289 +012.9817 +004.8043 +001.3343 -031.2423 -000.8592 +001.5475 0
L1 02    289 +004.4962 +007.2378 +001.6841 -172.8857 +001.3570 -129.6976 0
L1 03    289 +013.6841 +004.4442 -000.8576 -034.9363 +002.5400 +091.9551 0
L1 04    289 +007.9818 +008.8164 +001.7708 -043.8246 -003.0586 +000.4913 0
L1 05    289 +014.4017 +009.9747 +001.9640 -108.4828 +001.9780 -010.9088 0
L1 06    289 +011.1685 +004.7944 -000.2538 -170.8624 -024.2767 -105.4865 0
L1 07    289 +010.4987 +003.3795 +000.7977 +166.1458 +016.8371 -179.3496 0
L1 08    289 +010.4450 +002.1409 -000.1868 +164.1099 -074.2598 +093.4584 0
L1 01    293 +012.9819 +004.8043 +001.3344 -031.2608 -000.8586 +001.5468 0
L1 02    293 +004.4962 +007.2377 +001.6841 -172.8858 +001.3570 -129.6972 0
L1 03    293 +013.6842 +004.4440 -000.8575 -034.9573 +002.5411 +091.9549 0
L1 04    293 +007.9819 +008.8164 +001.7708 -043.8252 -003.0584 +000.4910 0
L1 05    293 +014.4020 +009.9740 +001.9642 -108.4870 +001.9778 -010.9071 0
L1 06    293 +011.1688 +004.7947 -000.2537 -170.8817 -024.2800 -105.4877 0
L1 07    293 +010.4987 +003.3800 +000.7978 +166.1259 +016.8323 -179.3495 0
L1 08    293 +010.4444 +002.1419 -000.1868 +164.0901 -074.2628 +093.4620 0
L1 01    297 +012.9840 +004.8041 +001.3342 -031.3482 -000.8529 +001.5448 0
L1 02    297 +004.4962 +007.2378 +001.6841 -172.8856 +001.3572 -129.6971 0
L1 03    297 +013.6857 +004.4422 -000.8577 -035.0483 +002.5479 +091.9521 0
L1 04    297 +007.9819 +008.8164 +001.7707 -043.8249 -003.0585 +000.4906 0
L1 05    297 +014.4016 +009.9745 +001.9642 -108.4830 +001.9761 -010.9074 0
L1 06    297 +011.1708 +004.7974 -000.2537 -170.9708 -024.2843 -105.4885 0
L1 07    297 +010.4985 +003.3840 +000.7981 +166.0345 +016.8202 -179.3540 0
L1 08    297 +010.4422 +002.1458 -000.1866 +164.0063 -074.2659 +093.4601 0
L1 01    301 +012.9880 +004.8032 +001.3343 -031.5100 -000.8566 +001.5466 0
L1 02    301 +004.4962 +007.2378 +001.6841 -172.8857 +001.3575 -129.6973 0
L1 03    301 +013.6885 +004.4399 -000.8576 -035.2106 +002.5458 +091.9546 0
L1 04    301 +007.9819 +008.8164 +001.7707 -043.8247 -003.0583 +000.4907 0
L1 05    301 +014.4016 +009.9746 +001.9642 -108.4834 +001.9764 -010.9078 0
L1 06    301 +011.1749 +004.8017 -000.2536 -171.1413 -024.2804 -105.4884 0
L1 07    301 +010.4983 +003.3906 +000.7979 +165.8578 +016.8022 -179.3565 0
L1 08    301 +010.4384 +002.1524 -000.1868 +163.8391 -074.2647 +093.4586 0
L1 01    305 +012.9913 +004.8030 +001.3343 -031.6530 -000.8621 +001.5497 0
L1 02    305 +004.4962 +007.2378 +001.6841 -172.8856 +001.3572 -129.6972 0
L1 03    305 +013.6912 +004.4378 -000.8576 -035.3583 +002.5420 +091.9599 0
L1 04    305 +007.9819 +008.8164 +001.7708 -043.8249 -003.0581 +000.4911 0
L1 05    305 +014.4017 +009.9745 +001.9644 -108.4843 +001.9805 -010.9071 0
L1 06    305 +011.1786 +004.8061 -000.2537 -171.2899 -024.2714 -105.4904 0
L1 07    305 +010.4983 +003.3965 +000.7977 +165.6932 +016.7924 -179.3626 0
L1 08    305 +010.4352 +002.1584 -000.1872 +163.6951 -074.2587 +093.4462 0
L1 01    309 +012.9927 +004.8028 +001.3344 -031.7159 -000.8630 +001.5502 0
L1 02    309 +004.4962 +007.2378 +001.6841 -172.8852 +001.3573 -129.6977 0
L1 03    309 +013.6922 +004.4372 -000.8576 -035.4208 +002.5425 +091.9595 0
L1 04    309 +007.9819 +008.8164 +001.7708 -043.8245 -003.0585 +000.4914 0
L1 05    309 +014.4016 +009.9746 +001.9644 -108.4828 +001.9818 -010.9061 0
L1 06    309 +011.1799 +004.8084 -000.2538 -171.3521 -024.2724 -105.4890 0
L1 07    309 +010.4983 +003.3991 +000.7979 +165.6213 +016.7818 -179.3655 0
L1 08    309 +010.4338 +002.1605 -000.1870 +163.6258 -074.2569 +093.4442 0
L1 01    313 +012.9928 +004.8027 +001.3347 -031.7155 -000.8636 +001.5521 0
L1 02    313 +004.4962 +007.2378 +001.6841 -172.8855 +001.3572 -129.6977 0
L1 03    313 +013.6921 +004.4370 -000.8574 -035.4236 +002.5456 +091.9612 0
L1 04    313 +007.9818 +008.8164 +001.7708 -043.8244 -003.0584 +000.4913 0
L1 05    313 +014.4013 +009.9748 +001.9644 -108.4820 +001.9817 -010.9057 0
L1 06    313 +011.1798 +004.8084 -000.2535 -171.3512 -024.2725 -105.4914 0
L1 07    313 +010.4982 +003.3993 +000.7980 +165.6190 +016.7760 -179.3703 0
L1 08    313 +010.4338 +002.1604 -000.1870 +163.6299 -074.2600 +093.4405 0
L1 01    317 +012.9928 +004.8027 +001.3345 -031.7152 -000.8629 +001.5503 0
L1 02    317 +004.4962 +007.2378 +001.6841 -172.8858 +001.3572 -129.6975 0
L1 03    317 +013.6922 +004.4369 -000.8573 -035.4234 +002.5439 +091.9599 0
L1 04    317 +007.9819 +008.8164 +001.7707 -043.8247 -003.0583 +000.4908 0
L1 05    317 +014.4014 +009.9748 +001.9646 -108.4816 +001.9812 -010.9038 0
L1 06    317 +011.1797 +004.8086 -000.2535 -171.3490 -024.2730 -105.4898 0
L1 07    317 +010.4983 +003.3992 +000.7980 +165.6174 +016.7747 -179.3707 0
L1 08    317 +010.4339 +002.1604 -000.1870 +163.6261 -074.2586 +093.4454 0
L1 01    321 +012.9928 +004.8027 +001.3345 -031.7139 -000.8639 +001.5505 0
L1 02    321 +004.4962 +007.2378 +001.6841 -172.8857 +001.3572 -129.6973 0
L1 03    321 +013.6922 +004.4368 -000.8574 -035.4242 +002.5445 +091.9596 0
L1 04    321 +007.9819 +008.8164 +001.7707 -043.8250 -003.0580 +000.4909 0
L1 05    321 +014.4017 +009.9745 +001.9641 -108.4848 +001.9782 -010.9062 0
L1 06    321 +011.1798 +004.8084 -000.2536 -171.3512 -024.2726 -105.4908 0
L1 07    321 +010.4984 +003.3990 +000.7981 +165.6141 +016.7749 -179.3711 0
L1 08    321 +010.4339 +002.1604 -000.1870 +163.6256 -074.2588 +093.4459 0
L1 01    325 +012.9928 +004.8027 +001.3345 -031.7131 -000.8646 +001.5499 0
L1 02    325 +004.4962 +007.2378 +001.6841 -172.8857 +001.3570 -129.6973 0
L1 03    325 +013.6921 +004.4370 -000.8574 -035.4232 +002.5460 +091.9593 0
L1 04    325 +007.9819 +008.8164 +001.7708 -043.8250 -003.0581 +000.4911 0
L1 05    325 +014.4017 +009.9743 +001.9645 -108.4848 +001.9788 -010.9052 0
L1 06    325 +011.1798 +004.8084 -000.2537 -171.3515 -024.2747 -105.4904 0
L1 07    325 +010.4984 +003.3990 +000.7980 +165.6118 +016.7723 -179.3713 0
L1 08    325 +010.4338 +002.1604 -000.1870 +163.6259 -074.2591 +093.4459 0
L1 01    329 +012.9928 +004.8028 +001.3345 -031.7120 -000.8663 +001.5503 0
L1 02    329 +004.4962 +007.2378 +001.6841 -172.8854 +001.3569 -129.6972 0
L1 03    329 +013.6921 +004.4370 -000.8575 -035.4228 +002.5446 +091.9594 0
L1 04    329 +007.9819 +008.8164 +001.7707 -043.8249 -003.0581 +000.4908 0
L1 05    329 +014.4015 +009.9746 +001.9648 -108.4819 +001.9805 -010.9033 0
L1 06    329 +011.1798 +004.8085 -000.2537 -171.3511 -024.2717 -105.4897 0
L1 07    329 +010.4983 +003.3991 +000.7979 +165.6127 +016.7729 -179.3719 0
L1 08    329 +010.4339 +002.1604 -000.1870 +163.6264 -074.2572 +093.4461 0
L1 01    333 +012.9928 +004.8028 +001.3345 -031.7114 -000.8669 +001.5508 0
L1 02    333 +004.4962 +007.2378 +001.6841 -172.8852 +001.3570 -129.6974 0
L1 03    333 +013.6922 +004.4369 -000.8575 -035.4233 +002.5440 +091.9607 0
L1 04    333 +007.9819 +008.8164 +001.7707 -043.8249 -003.0584 +000.4909 0
L1 05    333 +014.4014 +009.9747 +001.9646 -108.4814 +001.9802 -010.9021 0
L1 06    333 +011.1799 +004.8084 -000.2537 -171.3514 -024.2711 -105.4900 0
L1 07    333 +010.4983 +003.3992 +000.7979 +165.6128 +016.7735 -179.3723 0
L1 08    333 +010.4340 +002.1604 -000.1871 +163.6282 -074.2561 +093.4445 0
L1 01    337 +012.9928 +004.8028 +001.3345 -031.7106 -000.8670 +001.5506 0
L1 02    337 +004.4962 +007.2378 +001.6841 -172.8853 +001.3573 -129.6975 0
L1 03    337 +013.6922 +004.4369 -000.8573 -035.4226 +002.5433 +091.9613 0
L1 04    337 +007.9819 +008.8164 +001.7708 -043.8249 -003.0584 +000.4911 0
L1 05    337 +014.4013 +009.9749 +001.9641 -108.4801 +001.9785 -010.9044 0
L1 06    337 +011.1798 +004.8084 -000.2537 -171.3512 -024.2710 -105.4895 0
L1 07    337 +010.4984 +003.3991 +000.7979 +165.6120 +016.7733 -179.3720 0
L1 08    337 +010.4340 +002.1604 -000.1870 +163.6278 -074.2555 +093.4451 0
L1 01    341 +012.9928 +004.8028 +001.3345 -031.7093 -000.8691 +001.5506 0
L1 02    341 +004.4962 +007.2378 +001.6841 -172.8855 +001.3570 -129.6974 0
L1 03    341 +013.6922 +004.4369 -000.8573 -035.4225 +002.5431 +091.9612 0
L1 04    341 +007.9818 +008.8164 +001.7708 -043.8242 -003.0585 +000.4912 0
L1 05    341 +014.4017 +009.9745 +001.9643 -108.4829 +001.9797 -010.9051 0
L1 06    341 +011.1799 +004.8083 -000.2537 -171.3510 -024.2710 -105.4896 0
L1 07    341 +010.4984 +003.3991 +000.7979 +165.6111 +016.7728 -179.3727 0
L1 08    341 +010.4340 +002.1603 -000.1870 +163.6278 -074.2550 +093.4452 0
L1 01    345 +012.9928 +004.8027 +001.3345 -031.7091 -000.8688 +001.5501 0
L1 02    345 +004.4962 +007.2378 +001.6841 -172.8858 +001.3572 -129.6975 0
L1 03    345 +013.6922 +004.4369 -000.8574 -035.4225 +002.5434 +091.9606 0
L1 04    345 +007.9819 +008.8164 +001.7707 -043.8247 -003.0581 +000.4909 0
L1 05    345 +014.4019 +009.9742 +001.9642 -108.4862 +001.9786 -010.9063 0
L1 06    345 +011.1798 +004.8084 -000.2537 -171.3500 -024.2711 -105.4894 0
L1 07    345 +010.4984 +003.3991 +000.7979 +165.6098 +016.7714 -179.3742 0
L1 08    345 +010.4340 +002.1603 -000.1870 +163.6277 -074.2553 +093.4450 0
L1 01    349 +012.9928 +004.8027 +001.3345 -031.7090 -000.8686 +001.5497 0
L1 02    349 +004.4962 +007.2378 +001.6841 -172.8856 +001.3573 -129.6974 0
L1 03    349 +013.6922 +004.4369 -000.8574 -035.4222 +002.5435 +091.9603 0
L1 04    349 +007.9819 +008.8164 +001.7707 -043.8249 -003.0580 +000.4908 0
L1 05    349 +014.4017 +009.9747 +001.9640 -108.4824 +001.9775 -010.9062 0
L1 06    349 +011.1798 +004.8083 -000.2537 -171.3505 -024.2714 -105.4899 0
L1 07    349 +010.4984 +003.3991 +000.7980 +165.6091 +016.7709 -179.3745 0
L1 08    349 +010.4340 +002.1603 -000.1870 +163.6275 -074.2561 +093.4459 0
L1 01    353 +012.9928 +004.8026 +001.3343 -031.7087 -000.8685 +001.5484 0
L1 02    353 +004.4962 +007.2378 +001.6841 -172.8853 +001.3572 -129.6974 0
L1 03    353 +013.6922 +004.4370 -000.8574 -035.4207 +002.5438 +091.9597 0
L1 04    353 +007.9819 +008.8164 +001.7708 -043.8251 -003.0583 +000.4907 0
L1 05    353 +014.4015 +009.9747 +001.9638 -108.4813 +001.9761 -010.9083 0
L1 06    353 +011.1798 +004.8083 -000.2537 -171.3501 -024.2715 -105.4897 0
L1 07    353 +010.4984 +003.3991 +000.7979 +165.6084 +016.7705 -179.3746 0
L1 08    353 +010.4340 +002.1603 -000.1870 +163.6266 -074.2556 +093.4465 0
L1 01    357 +012.9928 +004.8026 +001.3345 -031.7085 -000.8694 +001.5489 0
L1 02    357 +004.4962 +007.2378 +001.6841 -172.8856 +001.3570 -129.6973 0
L1 03    357 +013.6922 +004.4369 -000.8575 -035.4223 +002.5437 +091.9595 0
L1 04    357 +007.9819 +008.8163 +001.7707 -043.8254 -003.0582 +000.4907 0
L1 05    357 +014.4015 +009.9747 +001.9640 -108.4825 +001.9765 -010.9081 0
L1 06    357 +011.1798 +004.8083 -000.2537 -171.3510 -024.2711 -105.4892 0
L1 07    357 +010.4984 +003.3990 +000.7980 +165.6067 +016.7707 -179.3751 0
L1 08    357 +010.4340 +002.1602 -000.1870 +163.6261 -074.2545 +093.4469 0
L1 01    361 +012.9927 +004.8028 +001.3345 -031.7068 -000.8695 +001.5493 0
L1 02    361 +004.4962 +007.2378 +001.6841 -172.8857 +001.3570 -129.6974 0
L1 03    361 +013.6922 +004.4369 -000.8575 -035.4223 +002.5435 +091.9596 0
L1 04    361 +007.9819 +008.8164 +001.7707 -043.8250 -003.0584 +000.4904 0
L1 05    361 +014.4013 +009.9751 +001.9639 -108.4800 +001.9755 -010.9080 0
L1 06    361 +011.1798 +004.8083 -000.2537 -171.3510 -024.2711 -105.4892 0
L1 07    361 +010.4984 +003.3990 +000.7979 +165.6059 +016.7703 -179.3747 0
L1 08    361 +010.4340 +002.1603 -000.1870 +163.6257 -074.2545 +093.4488 0
L1 01    365 +012.9927 +004.8028 +001.3346 -031.7054 -000.8713 +001.5501 0
L1 02    365 +004.4962 +007.2378 +001.6841 -172.8851 +001.3571 -129.6973 0
L1 03    365 +013.6922 +004.4369 -000.8575 -035.4213 +002.5436 +091.9598 0
L1 04    365 +007.9818 +008.8165 +001.7707 -043.8239 -003.0586 +000.4908 0
L1 05    365 +014.4014 +009.9749 +001.9643 -108.4804 +001.9785 -010.9062 0
L1 06    365 +011.1798 +004.8083 -000.2538 -171.3502 -024.2712 -105.4893 0
L1 07    365 +010.4984 +003.3991 +000.7979 +165.6063 +016.7698 -179.3752 0
L1 08    365 +010.4340 +002.1603 -000.1870 +163.6258 -074.2543 +093.4482 0
L1 01    369 +012.9928 +004.8028 +001.3346 -031.7053 -000.8709 +001.5505 0
L1 02    369 +004.4962 +007.2378 +001.6841 -172.8854 +001.3569 -129.6973 0
L1 03    369 +013.6922 +004.4368 -000.8575 -035.4225 +002.5440 +091.9598 0
L1 04    369 +007.9819 +008.8164 +001.7708 -043.8247 -003.0583 +000.4910 0
L1 05    369 +014.4016 +009.9747 +001.9644 -108.4829 +001.9801 -010.9055 0
L1 06    369 +011.1798 +004.8083 -000.2537 -171.3509 -024.2713 -105.4892 0
L1 07    369 +010.4984 +003.3991 +000.7979 +165.6056 +016.7690 -179.3758 0
L1 08    369 +010.4340 +002.1604 -000.1870 +163.6270 -074.2547 +093.4475 0
L1 01    373 +012.9927 +004.8028 +001.3346 -031.7042 -000.8706 +001.5503 0
L1 02    373 +004.4962 +007.2378 +001.6841 -172.8852 +001.3570 -129.6973 0
L1 03    373 +013.6922 +004.4369 -000.8574 -035.4221 +002.5441 +091.9606 0
L1 04    373 +007.9819 +008.8164 +001.7708 -043.8246 -003.0581 +000.4913 0
L1 05    373 +014.4015 +009.9747 +001.9645 -108.4819 +001.9809 -010.9041 0
L1 06    373 +011.1797 +004.8085 -000.2537 -171.3485 -024.2708 -105.4897 0
L1 07    373 +010.4984 +003.3990 +000.7980 +165.6037 +016.7687 -179.3771 0
L1 08    373 +010.4340 +002.1604 -000.1870 +163.6277 -074.2548 +093.4471 0
L1 01    377 +012.9927 +004.8027 +001.3345 -031.7040 -000.8707 +001.5499 0
L1 02    377 +004.4962 +007.2378 +001.6841 -172.8852 +001.3569 -129.6972 0
L1 03    377 +013.6922 +004.4370 -000.8574 -035.4213 +002.5440 +091.9604 0
L1 04    377 +007.9819 +008.8164 +001.7708 -043.8246 -003.0583 +000.4914 0
L1 05    377 +014.4012 +009.9750 +001.9642 -108.4789 +001.9799 -010.9052 0
L1 06    377 +011.1798 +004.8085 -000.2537 -171.3482 -024.2708 -105.4902 0
L1 07    377 +010.4984 +003.3990 +000.7980 +165.6036 +016.7681 -179.3773 0
L1 08    377 +010.4340 +002.1604 -000.1870 +163.6286 -074.2546 +093.4462 0
L1 01    381 +012.9927 +004.8028 +001.3346 -031.7027 -000.8712 +001.5507 0
L1 02    381 +004.4962 +007.2378 +001.6841 -172.8853 +001.3571 -129.6973 0
L1 03    381 +013.6922 +004.4368 -000.8574 -035.4222 +002.5440 +091.9610 0
L1 04    381 +007.9818 +008.8164 +001.7708 -043.8244 -003.0583 +000.4912 0
L1 05    381 +014.4015 +009.9747 +001.9642 -108.4816 +001.9784 -010.9048 0
L1 06    381 +011.1798 +004.8085 -000.2537 -171.3482 -024.2718 -105.4899 0
L1 07    381 +010.4984 +003.3990 +000.7979 +165.6026 +016.7667 -179.3778 0
L1 08    381 +010.4340 +002.1604 -000.1870 +163.6293 -074.2545 +093.4460 0
L1 01    385 +012.9928 +004.8027 +001.3345 -031.7030 -000.8711 +001.5502 0
L1 02    385 +004.4962 +007.2378 +001.6841 -172.8854 +001.3570 -129.6971 0
L1 03    385 +013.6922 +004.4369 -000.8574 -035.4216 +002.5440 +091.9608 0
L1 04    385 +007.9819 +008.8164 +001.7707 -043.8247 -003.0583 +000.4908 0
L1 05    385 +014.4014 +009.9748 +001.9646 -108.4811 +001.9801 -010.9045 0
L1 06    385 +011.1798 +004.8084 -000.2537 -171.3487 -024.2717 -105.4902 0
L1 07    385 +010.4984 +003.3990 +000.7979 +165.6022 +016.7662 -179.3780 0
L1 08    385 +010.4340 +002.1604 -000.1870 +163.6306 -074.2542 +093.4450 0
L1 01    389 +012.9927 +004.8029 +001.3345 -031.7009 -000.8715 +001.5505 0
L1 02    389 +004.4962 +007.2378 +001.6841 -172.8853 +001.3569 -129.6969 0
L1 03    389 +013.6922 +004.4368 -000.8574 -035.4220 +002.5437 +091.9611 0
L1 04    389 +007.9819 +008.8164 +001.7707 -043.8246 -003.0582 +000.4909 0
L1 05    389 +014.4011 +009.9751 +001.9647 -108.4790 +001.9799 -010.9046 0
L1 06    389 +011.1798 +004.8083 -000.2537 -171.3495 -024.2708 -105.4895 0
L1 07    389 +010.4984 +003.3990 +000.7979 +165.6017 +016.7666 -179.3782 0
L1 08    389 +010.4340 +002.1604 -000.1870 +163.6299 -074.2537 +093.4463 0
L1 01    393 +012.9927 +004.8028 +001.3346 -031.7003 -000.8731 +001.5512 0
L1 02    393 +004.4962 +007.2378 +001.6841 -172.8856 +001.3569 -129.6971 0
L1 03    393 +013.6923 +004.4368 -000.8574 -035.4218 +002.5431 +091.9614 0
L1 04    393 +007.9819 +008.8164 +001.7708 -043.8248 -003.0581 +000.4911 0
L1 05    393 +014.4012 +009.9749 +001.9646 -108.4802 +001.9792 -010.9047 0
L1 06    393 +011.1798 +004.8083 -000.2537 -171.3497 -024.2701 -105.4898 0
L1 07    393 +010.4984 +003.3990 +000.7979 +165.6013 +016.7667 -179.3784 0
L1 08    393 +010.4340 +002.1603 -000.1870 +163.6295 -074.2532 +093.4461 0
L1 01    397 +012.9927 +004.8029 +001.3346 -031.6979 -000.8737 +001.5512 0
L1 02    397 +004.4962 +007.2378 +001.6841 -172.8852 +001.3572 -129.6972 0
L1 03    397 +013.6922 +004.4369 -000.8573 -035.4207 +002.5431 +091.9618 0
L1 04    397 +007.9818 +008.8165 +001.7708 -043.8233 -003.0581 +000.4913 0
L1 05    397 +014.4011 +009.9752 +001.9646 -108.4789 +001.9803 -010.9041 0
L1 06    397 +011.1798 +004.8083 -000.2536 -171.3487 -024.2696 -105.4899 0
L1 07    397 +010.4984 +003.3991 +000.7979 +165.6019 +016.7671 -179.3786 0
L1 08    397 +010.4340 +002.1604 -000.1870 +163.6304 -074.2530 +093.4461 0
L1 01    401 +012.9927 +004.8029 +001.3345 -031.6990 -000.8730 +001.5499 0
L1 02    401 +004.4962 +007.2378 +001.6841 -172.8854 +001.3572 -129.6973 0
L1 03    401 +013.6923 +004.4369 -000.8573 -035.4206 +002.5433 +091.9618 0
L1 04    401 +007.9818 +008.8164 +001.7708 -043.8241 -003.0581 +000.4909 0
L1 05    401 +014.4013 +009.9749 +001.9646 -108.4800 +001.9804 -010.9043 0
L1 06    401 +011.1798 +004.8083 -000.2536 -171.3486 -024.2689 -105.4902 0
L1 07    401 +010.4984 +003.3990 +000.7980 +165.6000 +016.7679 -179.3799 0
L1 08    401 +010.4340 +002.1603 -000.1871 +163.6297 -074.2528 +093.4467 0
L1 01    405 +012.9927 +004.8028 +001.3344 -031.6992 -000.8738 +001.5493 0
L1 02    405 +004.4962 +007.2378 +001.6841 -172.8856 +001.3571 -129.6974 0
L1 03    405 +013.6923 +004.4370 -000.8574 -035.4199 +002.5426 +091.9614 0
L1 04    405 +007.9819 +008.8164 +001.7707 -043.8250 -003.0581 +000.4908 0
L1 05    405 +014.4017 +009.9744 +001.9645 -108.4843 +001.9795 -010.9052 0
L1 06    405 +011.1798 +004.8083 -000.2537 -171.3487 -024.2693 -105.4893 0
L1 07    405 +010.4985 +003.3989 +000.7979 +165.5984 +016.7682 -179.3802 0
L1 08    405 +010.4341 +002.1602 -000.1871 +163.6296 -074.2520 +093.4465 0
L1 01    409 +012.9927 +004.8028 +001.3343 -031.6985 -000.8733 +001.5481 0
L1 02    409 +004.4962 +007.2378 +001.6841 -172.8853 +001.3570 -129.6972 0
L1 03    409 +013.6922 +004.4372 -000.8574 -035.4173 +002.5429 +091.9606 0
L1 04    409 +007.9819 +008.8164 +001.7707 -043.8248 -003.0583 +000.4901 0
L1 05    409 +014.4018 +009.9745 +001.9641 -108.4834 +001.9774 -010.9055 0
L1 06    409 +011.1798 +004.8083 -000.2537 -171.3484 -024.2692 -105.4896 0
L1 07    409 +010.4985 +003.3989 +000.7979 +165.5992 +016.7673 -179.3801 0
L1 08    409 +010.4341 +002.1602 -000.1871 +163.6301 -074.2517 +093.4461 0
L1 01    413 +012.9927 +004.8026 +001.3343 -031.6995 -000.8738 +001.5481 0
L1 02    413 +004.4962 +007.2378 +001.6841 -172.8855 +001.3568 -129.6972 0
L1 03    413 +013.6922 +004.4372 -000.8574 -035.4186 +002.5431 +091.9604 0
L1 04    413 +007.9819 +008.8163 +001.7707 -043.8256 -003.0581 +000.4908 0
L1 05    413 +014.4015 +009.9746 +001.9644 -108.4824 +001.9783 -010.9050 0
L1 06    413 +011.1798 +004.8082 -000.2538 -171.3491 -024.2700 -105.4896 0
L1 07    413 +010.4985 +003.3989 +000.7979 +165.5981 +016.7660 -179.3814 0
L1 08    413 +010.4341 +002.1601 -000.1871 +163.6297 -074.2520 +093.4459 0
L1 01    417 +012.9927 +004.8027 +001.3344 -031.6983 -000.8734 +001.5490 0
L1 02    417 +004.4962 +007.2378 +001.6841 -172.8857 +001.3570 -129.6975 0
L1 03    417 +013.6922 +004.4370 -000.8573 -035.4193 +002.5429 +091.9620 0
L1 04    417 +007.9819 +008.8164 +001.7707 -043.8253 -003.0579 +000.4909 0
L1 05    417 +014.4016 +009.9745 +001.9646 -108.4836 +001.9790 -010.9043 0
L1 06    417 +011.1799 +004.8080 -000.2537 -171.3502 -024.2696 -105.4893 0
L1 07    417 +010.4985 +003.3989 +000.7979 +165.5981 +016.7663 -179.3810 0
L1 08    417 +010.4341 +002.1603 -000.1871 +163.6311 -074.2519 +093.4454 0
L1 01    421 +012.9927 +004.8028 +001.3344 -031.6948 -000.8754 +001.5496 0
L1 02    421 +004.4962 +007.2378 +001.6841 -172.8857 +001.3570 -129.6973 0
L1 03    421 +013.6922 +004.4371 -000.8573 -035.4179 +002.5428 +091.9620 0
L1 04    421 +007.9817 +008.8165 +001.7708 -043.8229 -003.0582 +000.4910 0
L1 05    421 +014.4012 +009.9750 +001.9647 -108.4800 +001.9777 -010.9033 0
L1 06    421 +011.1799 +004.8082 -000.2538 -171.3481 -024.2696 -105.4894 0
L1 07    421 +010.4985 +003.3990 +000.7979 +165.5988 +016.7663 -179.3809 0
L1 08    421 +010.4341 +002.1603 -000.1871 +163.6352 -074.2513 +093.4438 0
L1 01    425 +012.9927 +004.8028 +001.3344 -031.6951 -000.8756 +001.5495 0
L1 02    425 +004.4962 +007.2378 +001.6841 -172.8855 +001.3569 -129.6972 0
L1 03    425 +013.6922 +004.4371 -000.8574 -035.4177 +002.5423 +091.9617 0
L1 04    425 +007.9818 +008.8164 +001.7708 -043.8244 -003.0581 +000.4913 0
L1 05    425 +014.4011 +009.9753 +001.9643 -108.4782 +001.9772 -010.9064 0
L1 06    425 +011.1798 +004.8083 -000.2538 -171.3474 -024.2690 -105.4896 0
L1 07    425 +010.4985 +003.3989 +000.7979 +165.5980 +016.7667 -179.3814 0
L1 08    425 +010.4341 +002.1602 -000.1871 +163.6325 -074.2501 +093.4453 0
L1 01    429 +012.9927 +004.8027 +001.3344 -031.6957 -000.8748 +001.5498 0
L1 02    429 +004.4962 +007.2378 +001.6841 -172.8853 +001.3572 -129.6974 0
L1 03    429 +013.6923 +004.4370 -000.8573 -035.4190 +002.5424 +091.9618 0
L1 04    429 +007.9819 +008.8164 +001.7708 -043.8255 -003.0578 +000.4908 0
L1 05    429 +014.4014 +009.9748 +001.9641 -108.4820 +001.9758 -010.9069 0
L1 06    429 +011.1798 +004.8083 -000.2538 -171.3474 -024.2690 -105.4893 0
L1 07    429 +010.4985 +003.3989 +000.7979 +165.5968 +016.7670 -179.3822 0
L1 08    429 +010.4341 +002.1602 -000.1871 +163.6312 -074.2506 +093.4466 0
L1 01    433 +012.9927 +004.8028 +001.3343 -031.6949 -000.8740 +001.5488 0
L1 02    433 +004.4962 +007.2378 +001.6841 -172.8853 +001.3571 -129.6974 0
L1 03    433 +013.6923 +004.4371 -000.8574 -035.4178 +002.5431 +091.9615 0
L1 04    433 +007.9818 +008.8164 +001.7707 -043.8244 -003.0582 +000.4902 0
L1 05    433 +014.4016 +009.9746 +001.9642 -108.4830 +001.9764 -010.9067 0
L1 06    433 +011.1798 +004.8082 -000.2537 -171.3480 -024.2687 -105.4890 0
L1 07    433 +010.4985 +003.3990 +000.7980 +165.5974 +016.7669 -179.3824 0
L1 08    433 +010.4341 +002.1603 -000.1871 +163.6328 -074.2507 +093.4456 0
L1 01    437 +012.9927 +004.8028 +001.3344 -031.6940 -000.8745 +001.5496 0
L1 02    437 +004.4962 +007.2378 +001.6841 -172.8856 +001.3574 -129.6975 0
L1 03    437 +013.6923 +004.4370 -000.8574 -035.4185 +002.5429 +091.9614 0
L1 04    437 +007.9819 +008.8164 +001.7707 -043.8246 -003.0582 +000.4904 0
L1 05    437 +014.4013 +009.9749 +001.9646 -108.4814 +001.9781 -010.9050 0
L1 06    437 +011.1798 +004.8083 -000.2538 -171.3470 -024.2690 -105.4893 0
L1 07    437 +010.4985 +003.3989 +000.7979 +165.5965 +016.7660 -179.3822 0
L1 08    437 +010.4341 +002.1602 -000.1871 +163.6318 -074.2509 +093.4462 0
L1 01    441 +012.9927 +004.8027 +001.3344 -031.6941 -000.8754 +001.5494 0
L1 02    441 +004.4962 +007.2378 +001.6841 -172.8857 +001.3571 -129.6974 0
L1 03    441 +013.6923 +004.4370 -000.8573 -035.4186 +002.5425 +091.9617 0
L1 04    441 +007.9819 +008.8164 +001.7707 -043.8248 -003.0581 +000.4906 0
L1 05    441 +014.4017 +009.9745 +001.9644 -108.4846 +001.9781 -010.9074 0
L1 06    441 +011.1798 +004.8083 -000.2538 -171.3474 -024.2695 -105.4893 0
L1 07    441 +010.4985 +003.3989 +000.7980 +165.5954 +016.7661 -179.3832 0
L1 08    441 +010.4341 +002.1601 -000.1871 +163.6311 -074.2508 +093.4466 0
L1 01    445 +012.9927 +004.8028 +001.3343 -031.6923 -000.8756 +001.5488 0
L1 02    445 +004.4962 +007.2378 +001.6841 -172.8855 +001.3572 -129.6974 0
L1 03    445 +013.6923 +004.4370 -000.8574 -035.4174 +002.5424 +091.9617 0
L1 04    445 +007.9819 +008.8164 +001.7707 -043.8245 -003.0581 +000.4901 0
L1 05    445 +014.4014 +009.9748 +001.9647 -108.4813 +001.9793 -010.9060 0
L1 06    445 +011.1798 +004.8083 -000.2538 -171.3468 -024.2690 -105.4892 0
L1 07    445 +010.4985 +003.3989 +000.7980 +165.5959 +016.7665 -179.3835 0
L1 08    445 +010.4341 +002.1602 -000.1871 +163.6336 -074.2502 +093.4452 0
L1 01    449 +012.9927 +004.8028 +001.3343 -031.6916 -000.8757 +001.5491 0
L1 02    449 +004.4962 +007.2378 +001.6841 -172.8853 +001.3572 -129.6973 0
L1 03    449 +013.6922 +004.4371 -000.8573 -035.4168 +002.5421 +091.9623 0
L1 04    449 +007.9818 +008.8164 +001.7707 -043.8243 -003.0583 +000.4907 0
L1 05    449 +014.4013 +009.9750 +001.9644 -108.4803 +001.9779 -010.9055 0
L1 06    449 +011.1798 +004.8082 -000.2539 -171.3473 -024.2692 -105.4890 0
L1 07    449 +010.4985 +003.3990 +000.7979 +165.5959 +016.7657 -179.3839 0
L1 08    449 +010.4341 +002.1602 -000.1871 +163.6348 -074.2499 +093.4441 0
L1 01    453 +012.9927 +004.8027 +001.3344 -031.6926 -000.8760 +001.5489 0
L1 02    453 +004.4962 +007.2378 +001.6841 -172.8854 +001.3571 -129.6974 0
L1 03    453 +013.6922 +004.4371 -000.8573 -035.4177 +002.5424 +091.9621 0
L1 04    453 +007.9819 +008.8164 +001.7707 -043.8247 -003.0583 +000.4908 0
L1 05    453 +014.4017 +009.9745 +001.9640 -108.4840 +001.9759 -010.9069 0
L1 06    453 +011.1798 +004.8082 -000.2538 -171.3466 -024.2688 -105.4894 0
L1 07    453 +010.4985 +003.3989 +000.7980 +165.5951 +016.7654 -179.3844 0
L1 08    453 +010.4342 +002.1602 -000.1871 +163.6328 -074.2499 +093.4456 0
L1 01    457 +012.9927 +004.8027 +001.3344 -031.6919 -000.8769 +001.5492 0
L1 02    457 +004.4962 +007.2378 +001.6841 -172.8852 +001.3570 -129.6974 0
L1 03    457 +013.6923 +004.4371 -000.8573 -035.4177 +002.5419 +091.9621 0
L1 04    457 +007.9819 +008.8164 +001.7707 -043.8248 -003.0581 +000.4907 0
L1 05    457 +014.4018 +009.9743 +001.9642 -108.4845 +001.9761 -010.9060 0
L1 06    457 +011.1799 +004.8082 -000.2538 -171.3471 -024.2691 -105.4892 0
L1 07    457 +010.4985 +003.3988 +000.7980 +165.5937 +016.7657 -179.3846 0
L1 08    457 +010.4342 +002.1602 -000.1871 +163.6332 -074.2499 +093.4456 0
L1 01    461 +012.9927 +004.8027 +001.3343 -031.6917 -000.8762 +001.5480 0
L1 02    461 +004.4962 +007.2378 +001.6841 -172.8855 +001.3569 -129.6974 0
L1 03    461 +013.6923 +004.4371 -000.8574 -035.4173 +002.5424 +091.9616 0
L1 04    461 +007.9819 +008.8164 +001.7707 -043.8249 -003.0580 +000.4910 0
L1 05    461 +014.4018 +009.9744 +001.9643 -108.4851 +001.9775 -010.9061 0
L1 06    461 +011.1798 +004.8082 -000.2538 -171.3466 -024.2689 -105.4894 0
L1 07    461 +010.4985 +003.3988 +000.7979 +165.5937 +016.7653 -179.3848 0
L1 08    461 +010.4342 +002.1601 -000.1871 +163.6325 -074.2495 +093.4460 0
L1 01    465 +012.9927 +004.8027 +001.3344 -031.6906 -000.8774 +001.5488 0
L1 02    465 +004.4962 +007.2378 +001.6841 -172.8854 +001.3569 -129.6974 0
L1 03    465 +013.6922 +004.4372 -000.8574 -035.4160 +002.5421 +091.9619 0
L1 04    465 +007.9819 +008.8164 +001.7708 -043.8247 -003.0580 +000.4914 0
L1 05    465 +014.4014 +009.9749 +001.9643 -108.4811 +001.9781 -010.9064 0
L1 06    465 +011.1798 +004.8083 -000.2538 -171.3456 -024.2689 -105.4894 0
L1 07    465 +010.4985 +003.3989 +000.7979 +165.5939 +016.7652 -179.3849 0
L1 08    465 +010.4342 +002.1601 -000.1871 +163.6337 -074.2492 +093.4454 0
L1 01    469 +012.9927 +004.8027 +001.3344 -031.6903 -000.8769 +001.5488 0
L1 02    469 +004.4962 +007.2378 +001.6841 -172.8855 +001.3570 -129.6975 0
L1 03    469 +013.6923 +004.4370 -000.8574 -035.4174 +002.5422 +091.9618 0
L1 04    469 +007.9819 +008.8163 +001.7708 -043.8254 -003.0577 +000.4915 0
L1 05    469 +014.4012 +009.9750 +001.9644 -108.4795 +001.9786 -010.9063 0
L1 06    469 +011.1798 +004.8081 -000.2538 -171.3467 -024.2684 -105.4896 0
L1 07    469 +010.4985 +003.3989 +000.7979 +165.5935 +016.7650 -179.3853 0
L1 08    469 +010.4342 +002.1601 -000.1871 +163.6338 -074.2489 +093.4456 0
L1 01    473 +012.9926 +004.8028 +001.3344 -031.6891 -000.8779 +001.5488 0
L1 02    473 +004.4962 +007.2378 +001.6841 -172.8853 +001.3569 -129.6973 0
L1 03    473 +013.6922 +004.4371 -000.8573 -035.4167 +002.5422 +091.9622 0
L1 04    473 +007.9819 +008.8164 +001.7708 -043.8250 -003.0578 +000.4915 0
L1 05    473 +014.4013 +009.9749 +001.9648 -108.4805 +001.9806 -010.9063 0
L1 06    473 +011.1798 +004.8082 -000.2537 -171.3462 -024.2679 -105.4896 0
L1 07    473 +010.4985 +003.3989 +000.7979 +165.5936 +016.7645 -179.3851 0
L1 08    473 +010.4342 +002.1601 -000.1871 +163.6326 -074.2495 +093.4469 0
L1 01    477 +012.9926 +004.8028 +001.3344 -031.6882 -000.8780 +001.5484 0
L1 02    477 +004.4962 +007.2378 +001.6841 -172.8856 +001.3569 -129.6973 0
L1 03    477 +013.6922 +004.4371 -000.8573 -035.4166 +002.5421 +091.9621 0
L1 04    477 +007.9819 +008.8164 +001.7708 -043.8250 -003.0580 +000.4912 0
L1 05    477 +014.4015 +009.9747 +001.9649 -108.4821 +001.9799 -010.9055 0
L1 06    477 +011.1798 +004.8082 -000.2537 -171.3462 -024.2685 -105.4896 0
L1 07    477 +010.4985 +003.3989 +000.7979 +165.5920 +016.7639 -179.3855 0
L1 08    477 +010.4342 +002.1601 -000.1871 +163.6328 -074.2494 +093.4467 0
L1 01    481 +012.9926 +004.8028 +001.3345 -031.6877 -000.8781 +001.5490 0
L1 02    481 +004.4962 +007.2378 +001.6841 -172.8856 +001.3569 -129.6973 0
L1 03    481 +013.6923 +004.4370 -000.8573 -035.4177 +002.5419 +091.9619 0
L1 04    481 +007.9819 +008.8164 +001.7708 -043.8251 -003.0579 +000.4912 0
L1 05    481 +014.4017 +009.9744 +001.9645 -108.4849 +001.9775 -010.9067 0
L1 06    481 +011.1798 +004.8081 -000.2537 -171.3470 -024.2682 -105.4895 0
L1 07    481 +010.4985 +003.3989 +000.7979 +165.5923 +016.7630 -179.3856 0
L1 08    481 +010.4341 +002.1601 -000.1871 +163.6331 -074.2493 +093.4466 0
L1 01    485 +012.9927 +004.8027 +001.3344 -031.6883 -000.8767 +001.5492 0
L1 02    485 +004.4963 +007.2378 +001.6840 -172.8858 +001.3560 -129.6963 0
L1 03    485 +013.6923 +004.4370 -000.8573 -035.4178 +002.5423 +091.9625 0
L1 04    485 +007.9819 +008.8164 +001.7706 -043.8247 -003.0576 +000.4892 0
L1 05    485 +014.4019 +009.9742 +001.9644 -108.4849 +001.9787 -010.9076 0
L1 06    485 +011.1798 +004.8083 -000.2538 -171.3458 -024.2702 -105.4900 0
L1 07    485 +010.4985 +003.3990 +000.7977 +165.5919 +016.7609 -179.3859 0
L1 08    485 +010.4342 +002.1601 -000.1872 +163.6349 -074.2498 +093.4447 0
L1 01    489 +012.9927 +004.8027 +001.3345 -031.6875 -000.8784 +001.5499 0
L1 02    489 +004.4962 +007.2378 +001.6841 -172.8854 +001.3572 -129.6976 0
L1 03    489 +013.6922 +004.4371 -000.8573 -035.4168 +002.5424 +091.9629 0
L1 04    489 +007.9818 +008.8164 +001.7708 -043.8242 -003.0576 +000.4916 0
L1 05    489 +014.4015 +009.9747 +001.9648 -108.4833 +001.9797 -010.9039 0
L1 06    489 +011.1798 +004.8083 -000.2537 -171.3454 -024.2691 -105.4905 0
L1 07    489 +010.4985 +003.3990 +000.7977 +165.5910 +016.7613 -179.3866 0
L1 08    489 +010.4342 +002.1601 -000.1872 +163.6340 -074.2497 +093.4454 0
L1 01    493 +012.9927 +004.8026 +001.3345 -031.6876 -000.8786 +001.5500 0
L1 02    493 +004.4962 +007.2378 +001.6841 -172.8855 +001.3573 -129.6978 0
L1 03    493 +013.6923 +004.4370 -000.8572 -035.4171 +002.5419 +091.9634 0
L1 04    493 +007.9819 +008.8163 +001.7708 -043.8252 -003.0575 +000.4917 0
L1 05    493 +014.4018 +009.9741 +001.9647 -108.4862 +001.9806 -010.9050 0
L1 06    493 +011.1798 +004.8082 -000.2538 -171.3463 -024.2696 -105.4905 0
L1 07    493 +010.4986 +003.3989 +000.7978 +165.5894 +016.7621 -179.3872 0
L1 08    493 +010.4342 +002.1601 -000.1872 +163.6348 -074.2493 +093.4445 0
L1 01    497 +012.9927 +004.8026 +001.3345 -031.6870 -000.8789 +001.5502 0
L1 02    497 +004.4962 +007.2378 +001.6841 -172.8854 +001.3571 -129.6974 0
L1 03    497 +013.6923 +004.4370 -000.8573 -035.4177 +002.5417 +091.9633 0
L1 04    497 +007.9819 +008.8163 +001.7708 -043.8254 -003.0575 +000.4914 0
L1 05    497 +014.4017 +009.9744 +001.9646 -108.4843 +001.9803 -010.9052 0
L1 06    497 +011.1798 +004.8082 -000.2538 -171.3465 -024.2687 -105.4901 0
L1 07    497 +010.4986 +003.3989 +000.7978 +165.5899 +016.7622 -179.3871 0
L1 08    497 +010.4342 +002.1601 -000.1872 +163.6341 -074.2492 +093.4456 0
L1 01    501 +012.9927 +004.8027 +001.3345 -031.6859 -000.8792 +001.5497 0
L1 02    501 +004.4962 +007.2378 +001.6841 -172.8853 +001.3572 -129.6974 0
L1 03    501 +013.6923 +004.4369 -000.8573 -035.4173 +002.5415 +091.9630 0
L1 04    501 +007.9819 +008.8164 +001.7708 -043.8253 -003.0579 +000.4912 0
L1 05    501 +014.4014 +009.9748 +001.9647 -108.4812 +001.9796 -010.9047 0
L1 06    501 +011.1798 +004.8082 -000.2538 -171.3458 -024.2689 -105.4896 0
L1 07    501 +010.4986 +003.3989 +000.7978 +165.5897 +016.7627 -179.3874 0
L1 08    501 +010.4342 +002.1601 -000.1872 +163.6346 -074.2485 +093.4454 0
L1 01    505 +012.9927 +004.8028 +001.3345 -031.6850 -000.8803 +001.5497 0
L1 02    505 +004.4962 +007.2378 +001.6841 -172.8851 +001.3573 -129.6972 0
L1 03    505 +013.6924 +004.4369 -000.8573 -035.4175 +002.5410 +091.9631 0
L1 04    505 +007.9819 +008.8164 +001.7707 -043.8251 -003.0580 +000.4909 0
L1 05    505 +014.4015 +009.9746 +001.9647 -108.4826 +001.9797 -010.9050 0
L1 06    505 +011.1799 +004.8082 -000.2539 -171.3462 -024.2691 -105.4887 0
L1 07    505 +010.4986 +003.3989 +000.7978 +165.5894 +016.7629 -179.3874 0
L1 08    505 +010.4342 +002.1601 -000.1872 +163.6337 -074.2477 +093.4469 0
L1 01    509 +012.9927 +004.8026 +001.3344 -031.6857 -000.8801 +001.5491 0
L1 02    509 +004.4962 +007.2378 +001.6841 -172.8854 +001.3571 -129.6972 0
L1 03    509 +013.6924 +004.4368 -000.8573 -035.4181 +002.5407 +091.9628 0
L1 04    509 +007.9820 +008.8163 +001.7707 -043.8259 -003.0579 +000.4907 0
L1 05    509 +014.4014 +009.9749 +001.9644 -108.4811 +001.9785 -010.9051 0
L1 06    509 +011.1799 +004.8082 -000.2539 -171.3463 -024.2683 -105.4888 0
L1 07    509 +010.4986 +003.3989 +000.7978 +165.5889 +016.7631 -179.3874 0
L1 08    509 +010.4342 +002.1601 -000.1872 +163.6326 -074.2477 +093.4477 0
L1 01    513 +012.9927 +004.8026 +001.3344 -031.6854 -000.8802 +001.5498 0
L1 02    513 +004.4962 +007.2378 +001.6841 -172.8857 +001.3573 -129.6975 0
L1 03    513 +013.6923 +004.4369 -000.8572 -035.4179 +002.5410 +091.9634 0
L1 04    513 +007.9819 +008.8163 +001.7707 -043.8256 -003.0578 +000.4906 0
L1 05    513 +014.4016 +009.9744 +001.9645 -108.4834 +001.9790 -010.9037 0
L1 06    513 +011.1799 +004.8081 -000.2538 -171.3469 -024.2681 -105.4889 0
L1 07    513 +010.4986 +003.3988 +000.7977 +165.5866 +016.7624 -179.3884 0
L1 08    513 +010.4342 +002.1601 -000.1872 +163.6334 -074.2479 +093.4469 0
L1 01    517 +012.9927 +004.8027 +001.3345 -031.6839 -000.8805 +001.5501 0
L1 02    517 +004.4962 +007.2378 +001.6841 -172.8853 +001.3573 -129.6975 0
L1 03    517 +013.6924 +004.4370 -000.8573 -035.4168 +002.5416 +091.9637 0
L1 04    517 +007.9818 +008.8164 +001.7707 -043.8241 -003.0584 +000.4909 0
L1 05    517 +014.4016 +009.9745 +001.9645 -108.4831 +001.9803 -010.9039 0
L1 06    517 +011.1799 +004.8081 -000.2538 -171.3460 -024.2680 -105.4898 0
L1 07    517 +010.4986 +003.3989 +000.7978 +165.5869 +016.7631 -179.3893 0
L1 08    517 +010.4342 +002.1602 -000.1872 +163.6351 -074.2477 +093.4457 0
L1 01    521 +012.9927 +004.8027 +001.3345 -031.6835 -000.8812 +001.5503 0
L1 02    521 +004.4962 +007.2378 +001.6841 -172.8857 +001.3573 -129.6976 0
L1 03    521 +013.6924 +004.4370 -000.8572 -035.4171 +002.5405 +091.9642 0
L1 04    521 +007.9819 +008.8164 +001.7707 -043.8250 -003.0582 +000.4910 0
L1 05    521 +014.4016 +009.9747 +001.9645 -108.4822 +001.9798 -010.9041 0
L1 06    521 +011.1799 +004.8081 -000.2539 -171.3461 -024.2678 -105.4892 0
L1 07    521 +010.4986 +003.3989 +000.7978 +165.5871 +016.7636 -179.3891 0
L1 08    521 +010.4342 +002.1601 -000.1872 +163.6356 -074.2470 +093.4451 0
L1 01    525 +012.9927 +004.8027 +001.3346 -031.6826 -000.8821 +001.5503 0
L1 02    525 +004.4962 +007.2378 +001.6841 -172.8856 +001.3571 -129.6974 0
L1 03    525 +013.6923 +004.4369 -000.8572 -035.4170 +002.5402 +091.9637 0
L1 04    525 +007.9819 +008.8163 +001.7708 -043.8251 -003.0582 +000.4911 0
L1 05    525 +014.4017 +009.9745 +001.9645 -108.4828 +001.9790 -010.9055 0
L1 06    525 +011.1799 +004.8081 -000.2539 -171.3457 -024.2683 -105.4888 0
L1 07    525 +010.4986 +003.3989 +000.7978 +165.5871 +016.7627 -179.3889 0
L1 08    525 +010.4343 +002.1601 -000.1872 +163.6344 -074.2468 +093.4466 0
L1 01    529 +012.9927 +004.8027 +001.3346 -031.6823 -000.8821 +001.5500 0
L1 02    529 +004.4962 +007.2378 +001.6841 -172.8854 +001.3572 -129.6972 0
L1 03    529 +013.6924 +004.4369 -000.8572 -035.4171 +002.5405 +091.9630 0
L1 04    529 +007.9819 +008.8164 +001.7707 -043.8250 -003.0582 +000.4910 0
L1 05    529 +014.4016 +009.9747 +001.9643 -108.4810 +001.9781 -010.9055 0
L1 06    529 +011.1798 +004.8082 -000.2539 -171.3448 -024.2687 -105.4883 0
L1 07    529 +010.4986 +003.3989 +000.7978 +165.5875 +016.7625 -179.3888 0
L1 08    529 +010.4343 +002.1601 -000.1872 +163.6343 -074.2471 +093.4473 0
L1 01    533 +012.9927 +004.8026 +001.3345 -031.6826 -000.8819 +001.5492 0
L1 02    533 +004.4962 +007.2378 +001.6841 -172.8856 +001.3572 -129.6973 0
L1 03    533 +013.6924 +004.4369 -000.8572 -035.4173 +002.5403 +091.9634 0
L1 04    533 +007.9820 +008.8163 +001.7708 -043.8258 -003.0580 +000.4908 0
L1 05    533 +014.4018 +009.9744 +001.9642 -108.4836 +001.9787 -010.9051 0
L1 06    533 +011.1799 +004.8081 -000.2540 -171.3460 -024.2693 -105.4885 0
L1 07    533 +010.4986 +003.3989 +000.7978 +165.5866 +016.7625 -179.3889 0
L1 08    533 +010.4343 +002.1601 -000.1872 +163.6338 -074.2466 +093.4473 0
L1 01    537 +012.9927 +004.8027 +001.3346 -031.6816 -000.8826 +001.5500 0
L1 02    537 +004.4962 +007.2378 +001.6841 -172.8856 +001.3572 -129.6971 0
L1 03    537 +013.6924 +004.4369 -000.8572 -035.4172 +002.5400 +091.9634 0
L1 04    537 +007.9819 +008.8163 +001.7708 -043.8255 -003.0583 +000.4909 0
L1 05    537 +014.4015 +009.9745 +001.9645 -108.4820 +001.9793 -010.9038 0
L1 06    537 +011.1799 +004.8081 -000.2539 -171.3459 -024.2681 -105.4891 0
L1 07    537 +010.4986 +003.3989 +000.7977 +165.5861 +016.7620 -179.3898 0
L1 08    537 +010.4343 +002.1601 -000.1872 +163.6343 -074.2465 +093.4469 0
L1 01    541 +012.9927 +004.8026 +001.3345 -031.6822 -000.8816 +001.5493 0
L1 02    541 +004.4962 +007.2378 +001.6841 -172.8859 +001.3573 -129.6974 0
L1 03    541 +013.6924 +004.4369 -000.8573 -035.4175 +002.5406 +091.9633 0
L1 04    541 +007.9819 +008.8163 +001.7707 -043.8253 -003.0582 +000.4907 0
L1 05    541 +014.4018 +009.9743 +001.9644 -108.4847 +001.9795 -010.9029 0
L1 06    541 +011.1799 +004.8082 -000.2538 -171.3460 -024.2678 -105.4891 0
L1 07    541 +010.4986 +003.3989 +000.7978 +165.5847 +016.7615 -179.3900 0
L1 08    541 +010.4342 +002.1601 -000.1872 +163.6343 -074.2465 +093.4464 0
