L1 01      3 +014.8629 +001.2424 +001.3388 +144.5421 +005.0441 +001.2567 0
L1 02      3 +007.1367 +005.8796 +001.6819 -119.7942 +003.4857 -128.8767 0
L1 03      3 +014.2325 +001.6904 -000.8568 +140.8177 +004.1820 +091.1243 0
L1 04      3 +008.5087 +010.6707 +001.8071 -056.0240 -000.3517 +000.5130 0
L1 05      3 +014.3875 +009.9607 +001.9713 -108.6928 +000.9553 -011.3706 0
L1 06      3 +016.9985 +001.8695 -000.3711 +040.8048 +000.2268 -123.1841 0
L1 07      3 +017.5983 +003.5235 -000.3602 -024.8333 +039.8853 +152.5839 0
L1 08      3 +017.5811 +004.3331 -000.7175 -092.9088 -016.9390 +134.5461 0
L1 01      7 +014.8628 +001.2423 +001.3388 +144.5370 +005.0453 +001.2584 0
L1 02      7 +007.1367 +005.8796 +001.6819 -119.7945 +003.4857 -128.8767 0
L1 03      7 +014.2325 +001.6905 -000.8567 +140.8152 +004.1831 +091.1238 0
L1 04      7 +008.5087 +010.6707 +001.8071 -056.0242 -000.3517 +000.5132 0
L1 05      7 +014.3875 +009.9604 +001.9719 -108.6941 +000.9588 -011.3693 0
L1 06      7 +016.9986 +001.8687 -000.3712 +040.7992 +000.2265 -123.1842 0
L1 07      7 +017.5983 +003.5235 -000.3600 -024.8377 +039.8814 +152.5827 0
L1 08      7 +017.5812 +004.3329 -000.7175 -092.9119 -016.9392 +134.5457 0
L1 01     11 +014.8628 +001.2423 +001.3390 +144.5350 +005.0512 +001.2560 0
L1 02     11 +007.1367 +005.8796 +001.6819 -119.7950 +003.4857 -128.8768 0
L1 03     11 +014.2325 +001.6905 -000.8567 +140.8132 +004.1835 +091.1233 0
L1 04     11 +008.5087 +010.6707 +001.8072 -056.0243 -000.3517 +000.5135 0
L1 05     11 +014.3873 +009.9608 +001.9717 -108.6925 +000.9572 -011.3688 0
L1 06     11 +016.9987 +001.8687 -000.3712 +040.7957 +000.2271 -123.1850 0
L1 07     11 +017.5982 +003.5242 -000.3602 -024.8372 +039.8807 +152.5812 0
L1 08     11 +017.5814 +004.3327 -000.7175 -092.9149 -016.9388 +134.5465 0
L1 01     15 +014.8628 +001.2424 +001.3385 +144.5370 +005.0450 +001.2595 0
L1 02     15 +007.1367 +005.8796 +001.6819 -119.7949 +003.4857 -128.8769 0
L1 03     15 +014.2324 +001.6906 -000.8568 +140.8122 +004.1815 +091.1249 0
L1 04     15 +008.5087 +010.6706 +001.8071 -056.0244 -000.3520 +000.5132 0
L1 05     15 +014.3877 +009.9605 +001.9714 -108.6937 +000.9560 -011.3712 0
L1 06     15 +016.9986 +001.8688 -000.3711 +040.7951 +000.2257 -123.1848 0
L1 07     15 +017.5983 +003.5243 -000.3604 -024.8386 +039.8824 +152.5796 0
L1 08     15 +017.5814 +004.3325 -000.7175 -092.9163 -016.9393 +134.5458 0
L1 01     19 +014.8627 +001.2423 +001.3388 +144.5359 +005.0474 +001.2553 0
L1 02     19 +007.1367 +005.8796 +001.6819 -119.7949 +003.4856 -128.8767 0
L1 03     19 +014.2324 +001.6906 -000.8568 +140.8109 +004.1819 +091.1241 0
L1 04     19 +008.5087 +010.6707 +001.8071 -056.0243 -000.3519 +000.5133 0
L1 05     19 +014.3878 +009.9604 +001.9707 -108.6960 +000.9530 -011.3729 0
L1 06     19 +016.9986 +001.8686 -000.3708 +040.7920 +000.2259 -123.1870 0
L1 07     19 +017.5983 +003.5236 -000.3601 -024.8434 +039.8808 +152.5815 0
L1 08     19 +017.5814 +004.3324 -000.7177 -092.9177 -016.9392 +134.5447 0
L1 01     23 +014.8627 +001.2420 +001.3391 +144.5306 +005.0524 +001.2544 0
L1 02     23 +007.1368 +005.8796 +001.6817 -119.7949 +003.4826 -128.8788 0
L1 03     23 +014.2325 +001.6904 -000.8569 +140.8077 +004.1817 +091.1233 0
L1 04     23 +008.5088 +010.6707 +001.8070 -056.0249 -000.3520 +000.5117 0
L1 05     23 +014.3882 +009.9602 +001.9704 -108.6981 +000.9513 -011.3754 0
L1 06     23 +016.9987 +001.8687 -000.3709 +040.7920 +000.2261 -123.1841 0
L1 07     23 +017.5984 +003.5238 -000.3605 -024.8452 +039.8811 +152.5793 0
L1 08     23 +017.5813 +004.3331 -000.7177 -092.9162 -016.9390 +134.5445 0
L1 01     27 +014.8626 +001.2422 +001.3388 +144.5288 +005.0501 +001.2570 0
L1 02     27 +007.1367 +005.8796 +001.6819 -119.7948 +003.4850 -128.8771 0
L1 03     27 +014.2324 +001.6906 -000.8569 +140.8063 +004.1820 +091.1245 0
L1 04     27 +008.5088 +010.6706 +001.8070 -056.0251 -000.3518 +000.5121 0
L1 05     27 +014.3882 +009.9599 +001.9706 -108.6999 +000.9523 -011.3746 0
L1 06     27 +016.9986 +001.8685 -000.3715 +040.7895 +000.2303 -123.1832 0
L1 07     27 +017.5985 +003.5233 -000.3605 -024.8504 +039.8810 +152.5779 0
L1 08     27 +017.5816 +004.3325 -000.7175 -092.9206 -016.9394 +134.5455 0
L1 01     31 +014.8625 +001.2423 +001.3387 +144.5222 +005.0543 +001.2595 0
L1 02     31 +007.1367 +005.8796 +001.6819 -119.7946 +003.4856 -128.8768 0
L1 03     31 +014.2324 +001.6907 -000.8569 +140.7989 +004.1823 +091.1248 0
L1 04     31 +008.5088 +010.6706 +001.8071 -056.0246 -000.3517 +000.5132 0
L1 05     31 +014.3881 +009.9600 +001.9707 -108.6980 +000.9531 -011.3759 0
L1 06     31 +016.9986 +001.8684 -000.3714 +040.7828 +000.2301 -123.1849 0
L1 07     31 +017.5986 +003.5233 -000.3604 -024.8540 +039.8797 +152.5790 0
L1 08     31 +017.5818 +004.3322 -000.7175 -092.9264 -016.9391 +134.5458 0
L1 01     35 +014.8624 +001.2423 +001.3390 +144.5088 +005.0630 +001.2547 0
L1 02     35 +007.1367 +005.8796 +001.6820 -119.7947 +003.4861 -128.8765 0
L1 03     35 +014.2324 +001.6909 -000.8568 +140.7873 +004.1827 +091.1230 0
L1 04     35 +008.5087 +010.6707 +001.8071 -056.0242 -000.3518 +000.5133 0
L1 05     35 +014.3879 +009.9603 +001.9710 -108.6960 +000.9546 -011.3743 0
L1 06     35 +016.9985 +001.8686 -000.3713 +040.7785 +000.2280 -123.1848 0
L1 07     35 +017.5992 +003.5216 -000.3608 -024.8746 +039.8780 +152.5773 0
L1 08     35 +017.5824 +004.3314 -000.7172 -092.9401 -016.9377 +134.5492 0
L1 01     39 +014.8623 +001.2427 +001.3380 +144.5098 +005.0557 +001.2678 0
L1 02     39 +007.1367 +005.8796 +001.6820 -119.7944 +003.4862 -128.8765 0
L1 03     39 +014.2322 +001.6908 -000.8569 +140.7796 +004.1813 +091.1262 0
L1 04     39 +008.5087 +010.6707 +001.8071 -056.0235 -000.3524 +000.5130 0
L1 05     39 +014.3882 +009.9600 +001.9710 -108.6979 +000.9549 -011.3741 0
L1 06     39 +016.9986 +001.8674 -000.3713 +040.7621 +000.2269 -123.1840 0
L1 07     39 +017.5992 +003.5226 -000.3609 -024.8767 +039.8791 +152.5734 0
L1 08     39 +017.5828 +004.3315 -000.7173 -092.9448 -016.9378 +134.5484 0
L1 01     43 +014.8622 +001.2421 +001.3388 +144.5000 +005.0668 +001.2570 0
L1 02     43 +007.1367 +005.8796 +001.6820 -119.7944 +003.4861 -128.8765 0
L1 03     43 +014.2323 +001.6910 -000.8568 +140.7756 +004.1825 +091.1243 0
L1 04     43 +008.5088 +010.6706 +001.8071 -056.0246 -000.3521 +000.5128 0
L1 05     43 +014.3882 +009.9600 +001.9708 -108.6986 +000.9536 -011.3739 0
L1 06     43 +016.9985 +001.8677 -000.3710 +040.7582 +000.2263 -123.1860 0
L1 07     43 +017.5993 +003.5221 -000.3600 -024.8858 +039.8720 +152.5770 0
L1 08     43 +017.5830 +004.3306 -000.7175 -092.9552 -016.9389 +134.5471 0
L1 01     47 +014.8622 +001.2422 +001.3390 +144.5016 +005.0704 +001.2568 0
L1 02     47 +007.1367 +005.8796 +001.6820 -119.7941 +003.4860 -128.8766 0
L1 03     47 +014.2323 +001.6910 -000.8568 +140.7752 +004.1831 +091.1239 0
L1 04     47 +008.5087 +010.6707 +001.8071 -056.0239 -000.3518 +000.5135 0
L1 05     47 +014.3882 +009.9599 +001.9709 -108.6991 +000.9548 -011.3742 0
L1 06     47 +016.9984 +001.8677 -000.3708 +040.7600 +000.2262 -123.1870 0
L1 07     47 +017.5993 +003.5223 -000.3605 -024.8840 +039.8770 +152.5770 0
L1 08     47 +017.5830 +004.3312 -000.7176 -092.9492 -016.9381 +134.5470 0
L1 01     51 +014.8622 +001.2421 +001.3390 +144.4999 +005.0711 +001.2562 0
L1 02     51 +007.1367 +005.8796 +001.6820 -119.7945 +003.4860 -128.8767 0
L1 03     51 +014.2323 +001.6910 -000.8568 +140.7720 +004.1833 +091.1240 0
L1 04     51 +008.5088 +010.6706 +001.8072 -056.0249 -000.3515 +000.5135 0
L1 05     51 +014.3880 +009.9600 +001.9710 -108.6992 +000.9549 -011.3740 0
L1 06     51 +016.9986 +001.8672 -000.3711 +040.7528 +000.2283 -123.1848 0
L1 07     51 +017.5995 +003.5217 -000.3606 -024.8901 +039.8768 +152.5758 0
L1 08     51 +017.5831 +004.3306 -000.7174 -092.9566 -016.9389 +134.5481 0
L1 01     55 +014.8622 +001.2420 +001.3390 +144.4999 +005.0724 +001.2552 0
L1 02     55 +007.1367 +005.8796 +001.6819 -119.7949 +003.4859 -128.8770 0
L1 03     55 +014.2323 +001.6910 -000.8567 +140.7719 +004.1843 +091.1225 0
L1 04     55 +008.5087 +010.6707 +001.8072 -056.0241 -000.3519 +000.5133 0
L1 05     55 +014.3878 +009.9602 +001.9710 -108.6965 +000.9542 -011.3737 0
L1 06     55 +016.9986 +001.8676 -000.3715 +040.7556 +000.2301 -123.1838 0
L1 07     55 +017.5995 +003.5214 -000.3608 -024.8929 +039.8757 +152.5733 0
L1 08     55 +017.5831 +004.3305 -000.7175 -092.9557 -016.9385 +134.5475 0
L1 01     59 +014.8621 +001.2420 +001.3391 +144.4996 +005.0750 +001.2548 0
L1 02     59 +007.1367 +005.8796 +001.6820 -119.7952 +003.4860 -128.8768 0
L1 03     59 +014.2323 +001.6909 -000.8568 +140.7707 +004.1842 +091.1228 0
L1 04     59 +008.5087 +010.6707 +001.8071 -056.0241 -000.3518 +000.5132 0
L1 05     59 +014.3878 +009.9602 +001.9708 -108.6977 +000.9541 -011.3734 0
L1 06     59 +016.9986 +001.8669 -000.3713 +040.7516 +000.2285 -123.1842 0
L1 07     59 +017.5995 +003.5214 -000.3604 -024.8936 +039.8740 +152.5744 0
L1 08     59 +017.5831 +004.3305 -000.7173 -092.9567 -016.9380 +134.5483 0
L1 01     63 +014.8621 +001.2420 +001.3390 +144.5013 +005.0760 +001.2572 0
L1 02     63 +007.1367 +005.8796 +001.6820 -119.7945 +003.4862 -128.8767 0
L1 03     63 +014.2322 +001.6910 -000.8568 +140.7712 +004.1840 +091.1231 0
L1 04     63 +008.5087 +010.6707 +001.8072 -056.0241 -000.3518 +000.5136 0
L1 05     63 +014.3878 +009.9603 +001.9709 -108.6961 +000.9537 -011.3726 0
L1 06     63 +016.9986 +001.8672 -000.3709 +040.7537 +000.2268 -123.1857 0
L1 07     63 +017.5997 +003.5212 -000.3603 -024.8962 +039.8726 +152.5732 0
L1 08     63 +017.5831 +004.3308 -000.7174 -092.9539 -016.9374 +134.5481 0
L1 01     67 +014.8621 +001.2421 +001.3390 +144.4998 +005.0775 +001.2562 0
L1 02     67 +007.1367 +005.8796 +001.6820 -119.7945 +003.4861 -128.8767 0
L1 03     67 +014.2323 +001.6911 -000.8567 +140.7707 +004.1845 +091.1227 0
L1 04     67 +008.5088 +010.6706 +001.8072 -056.0248 -000.3517 +000.5138 0
L1 05     67 +014.3880 +009.9601 +001.9711 -108.6989 +000.9549 -011.3728 0
L1 06     67 +016.9985 +001.8673 -000.3709 +040.7524 +000.2261 -123.1855 0
L1 07     67 +017.5996 +003.5210 -000.3601 -024.8972 +039.8714 +152.5742 0
L1 08     67 +017.5831 +004.3306 -000.7174 -092.9553 -016.9375 +134.5480 0
L1 01     71 +014.8620 +001.2422 +001.3389 +144.4995 +005.0797 +001.2575 0
L1 02     71 +007.1367 +005.8797 +001.6820 -119.7939 +003.4860 -128.8766 0
L1 03     71 +014.2322 +001.6912 -000.8567 +140.7710 +004.1843 +091.1223 0
L1 04     71 +008.5087 +010.6707 +001.8072 -056.0237 -000.3519 +000.5133 0
L1 05     71 +014.3878 +009.9605 +001.9712 -108.6956 +000.9551 -011.3717 0
L1 06     71 +016.9985 +001.8677 -000.3711 +040.7556 +000.2266 -123.1849 0
L1 07     71 +017.5995 +003.5213 -000.3603 -024.8977 +039.8718 +152.5728 0
L1 08     71 +017.5832 +004.3308 -000.7172 -092.9544 -016.9377 +134.5494 0
L1 01     75 +014.8620 +001.2422 +001.3390 +144.4971 +005.0826 +001.2574 0
L1 02     75 +007.1367 +005.8797 +001.6819 -119.7942 +003.4859 -128.8768 0
L1 03     75 +014.2322 +001.6912 -000.8567 +140.7699 +004.1843 +091.1224 0
L1 04     75 +008.5086 +010.6708 +001.8072 -056.0232 -000.3519 +000.5134 0
L1 05     75 +014.3877 +009.9606 +001.9718 -108.6939 +000.9583 -011.3698 0
L1 06     75 +016.9985 +001.8675 -000.3710 +040.7532 +000.2260 -123.1846 0
L1 07     75 +017.5996 +003.5214 -000.3601 -024.8984 +039.8705 +152.5723 0
L1 08     75 +017.5833 +004.3304 -000.7171 -092.9578 -016.9377 +134.5500 0
L1 01     79 +014.8620 +001.2421 +001.3390 +144.4931 +005.0844 +001.2572 0
L1 02     79 +007.1367 +005.8796 +001.6819 -119.7944 +003.4858 -128.8769 0
L1 03     79 +014.2323 +001.6911 -000.8567 +140.7637 +004.1857 +091.1222 0
L1 04     79 +008.5088 +010.6706 +001.8072 -056.0246 -000.3517 +000.5137 0
L1 05     79 +014.3878 +009.9603 +001.9711 -108.6965 +000.9551 -011.3723 0
L1 06     79 +016.9986 +001.8667 -000.3707 +040.7455 +000.2236 -123.1842 0
L1 07     79 +017.5995 +003.5215 -000.3603 -024.9003 +039.8720 +152.5729 0
L1 08     79 +017.5833 +004.3301 -000.7173 -092.9620 -016.9382 +134.5486 0
L1 01     83 +014.8620 +001.2421 +001.3389 +144.4923 +005.0852 +001.2582 0
L1 02     83 +007.1367 +005.8796 +001.6819 -119.7943 +003.4858 -128.8768 0
L1 03     83 +014.2322 +001.6912 -000.8567 +140.7651 +004.1848 +091.1222 0
L1 04     83 +008.5087 +010.6707 +001.8072 -056.0239 -000.3519 +000.5139 0
L1 05     83 +014.3875 +009.9607 +001.9714 -108.6938 +000.9551 -011.3700 0
L1 06     83 +016.9986 +001.8672 -000.3712 +040.7492 +000.2279 -123.1842 0
L1 07     83 +017.5998 +003.5211 -000.3605 -024.9046 +039.8720 +152.5707 0
L1 08     83 +017.5834 +004.3302 -000.7173 -092.9610 -016.9384 +134.5496 0
L1 01     87 +014.8620 +001.2421 +001.3386 +144.4902 +005.0866 +001.2601 0
L1 02     87 +007.1367 +005.8796 +001.6820 -119.7945 +003.4860 -128.8769 0
L1 03     87 +014.2322 +001.6911 -000.8568 +140.7623 +004.1849 +091.1232 0
L1 04     87 +008.5088 +010.6706 +001.8072 -056.0252 -000.3517 +000.5133 0
L1 05     87 +014.3877 +009.9605 +001.9711 -108.6950 +000.9539 -011.3723 0
L1 06     87 +016.9986 +001.8668 -000.3711 +040.7443 +000.2277 -123.1861 0
L1 07     87 +017.5998 +003.5205 -000.3602 -024.9107 +039.8698 +152.5731 0
L1 08     87 +017.5835 +004.3300 -000.7173 -092.9651 -016.9387 +134.5500 0
L1 01     91 +014.8619 +001.2420 +001.3387 +144.4858 +005.0922 +001.2581 0
L1 02     91 +007.1367 +005.8796 +001.6820 -119.7945 +003.4861 -128.8767 0
L1 03     91 +014.2322 +001.6911 -000.8568 +140.7604 +004.1847 +091.1229 0
L1 04     91 +008.5087 +010.6707 +001.8072 -056.0241 -000.3519 +000.5135 0
L1 05     91 +014.3875 +009.9608 +001.9711 -108.6935 +000.9543 -011.3729 0
L1 06     91 +016.9986 +001.8665 -000.3711 +040.7413 +000.2266 -123.1859 0
L1 07     91 +017.5998 +003.5206 -000.3603 -024.9104 +039.8676 +152.5718 0
L1 08     91 +017.5836 +004.3300 -000.7173 -092.9660 -016.9382 +134.5499 0
L1 01     95 +014.8619 +001.2419 +001.3389 +144.4842 +005.0928 +001.2582 0
L1 02     95 +007.1367 +005.8796 +001.6820 -119.7945 +003.4862 -128.8767 0
L1 03     95 +014.2322 +001.6911 -000.8568 +140.7578 +004.1850 +091.1228 0
L1 04     95 +008.5087 +010.6707 +001.8072 -056.0243 -000.3518 +000.5134 0
L1 05     95 +014.3878 +009.9603 +001.9709 -108.6964 +000.9544 -011.3735 0
L1 06     95 +016.9986 +001.8664 -000.3715 +040.7375 +000.2287 -123.1828 0
L1 07     95 +017.5997 +003.5210 -000.3604 -024.9094 +039.8690 +152.5717 0
L1 08     95 +017.5836 +004.3301 -000.7173 -092.9661 -016.9382 +134.5492 0
L1 01     99 +014.8618 +001.2424 +001.3384 +144.4918 +005.0867 +001.2613 0
L1 02     99 +007.1367 +005.8796 +001.6820 -119.7945 +003.4864 -128.8765 0
L1 03     99 +014.2322 +001.6914 -000.8569 +140.7606 +004.1835 +091.1234 0
L1 04     99 +008.5086 +010.6708 +001.8071 -056.0234 -000.3523 +000.5127 0
L1 05     99 +014.3880 +009.9603 +001.9706 -108.6961 +000.9528 -011.3748 0
L1 06     99 +016.9986 +001.8671 -000.3713 +040.7444 +000.2273 -123.1848 0
L1 07     99 +017.5997 +003.5218 -000.3606 -024.9082 +039.8697 +152.5685 0
L1 08     99 +017.5836 +004.3302 -000.7173 -092.9643 -016.9377 +134.5494 0
L1 01    103 +014.8618 +001.2421 +001.3386 +144.4915 +005.0905 +001.2590 0
L1 02    103 +007.1367 +005.8796 +001.6820 -119.7946 +003.4864 -128.8767 0
L1 03    103 +014.2322 +001.6913 -000.8568 +140.7589 +004.1847 +091.1229 0
L1 04    103 +008.5087 +010.6707 +001.8071 -056.0242 -000.3518 +000.5131 0
L1 05    103 +014.3881 +009.9601 +001.9712 -108.6983 +000.9554 -011.3724 0
L1 06    103 +016.9985 +001.8668 -000.3712 +040.7412 +000.2278 -123.1857 0
L1 07    103 +017.5999 +003.5212 -000.3603 -024.9099 +039.8688 +152.5708 0
L1 08    103 +017.5837 +004.3300 -000.7172 -092.9668 -016.9375 +134.5504 0
L1 01    107 +014.8619 +001.2421 +001.3386 +144.4927 +005.0936 +001.2596 0
L1 02    107 +007.1367 +005.8797 +001.6819 -119.7942 +003.4859 -128.8767 0
L1 03    107 +014.2322 +001.6913 -000.8567 +140.7592 +004.1851 +091.1225 0
L1 04    107 +008.5086 +010.6708 +001.8072 -056.0233 -000.3522 +000.5137 0
L1 05    107 +014.3878 +009.9605 +001.9710 -108.6946 +000.9535 -011.3710 0
L1 06    107 +016.9985 +001.8670 -000.3711 +040.7424 +000.2271 -123.1849 0
L1 07    107 +017.5998 +003.5214 -000.3605 -024.9094 +039.8684 +152.5693 0
L1 08    107 +017.5837 +004.3301 -000.7172 -092.9651 -016.9372 +134.5505 0
L1 01    111 +014.8618 +001.2422 +001.3386 +144.4919 +005.0925 +001.2599 0
L1 02    111 +007.1367 +005.8797 +001.6819 -119.7941 +003.4858 -128.8766 0
L1 03    111 +014.2322 +001.6913 -000.8567 +140.7585 +004.1855 +091.1225 0
L1 04    111 +008.5087 +010.6707 +001.8071 -056.0242 -000.3522 +000.5130 0
L1 05    111 +014.3877 +009.9605 +001.9712 -108.6941 +000.9551 -011.3724 0
L1 06    111 +016.9985 +001.8668 -000.3716 +040.7401 +000.2294 -123.1845 0
L1 07    111 +017.5999 +003.5212 -000.3600 -024.9119 +039.8661 +152.5689 0
L1 08    111 +017.5837 +004.3301 -000.7173 -092.9662 -016.9373 +134.5500 0
L1 01    115 +014.8618 +001.2422 +001.3386 +144.4899 +005.0910 +001.2610 0
L1 02    115 +007.1367 +005.8796 +001.6819 -119.7944 +003.4859 -128.8767 0
L1 03    115 +014.2322 +001.6912 -000.8567 +140.7576 +004.1854 +091.1230 0
L1 04    115 +008.5087 +010.6707 +001.8071 -056.0241 -000.3522 +000.5131 0
L1 05    115 +014.3878 +009.9604 +001.9710 -108.6947 +000.9548 -011.3716 0
L1 06    115 +016.9985 +001.8669 -000.3711 +040.7403 +000.2261 -123.1848 0
L1 07    115 +017.6000 +003.5208 -000.3602 -024.9141 +039.8666 +152.5699 0
L1 08    115 +017.5838 +004.3300 -000.7173 -092.9664 -016.9371 +134.5495 0
L1 01    119 +014.8617 +001.2422 +001.3386 +144.4878 +005.0835 +001.2608 0
L1 02    119 +007.1367 +005.8796 +001.6819 -119.7945 +003.4857 -128.8767 0
L1 03    119 +014.2321 +001.6913 -000.8568 +140.7572 +004.1849 +091.1231 0
L1 04    119 +008.5087 +010.6707 +001.8071 -056.0243 -000.3519 +000.5131 0
L1 05    119 +014.3879 +009.9602 +001.9712 -108.6966 +000.9553 -011.3705 0
L1 06    119 +016.9986 +001.8664 -000.3709 +040.7367 +000.2247 -123.1842 0
L1 07    119 +017.6000 +003.5208 -000.3601 -024.9156 +039.8658 +152.5688 0
L1 08    119 +017.5838 +004.3298 -000.7172 -092.9681 -016.9372 +134.5512 0
L1 01    123 +014.8617 +001.2420 +001.3386 +144.4831 +005.0840 +001.2633 0
L1 02    123 +007.1367 +005.8796 +001.6819 -119.7949 +003.4856 -128.8768 0
L1 03    123 +014.2321 +001.6911 -000.8571 +140.7559 +004.1840 +091.1248 0
L1 04    123 +008.5087 +010.6707 +001.8071 -056.0244 -000.3519 +000.5131 0
L1 05    123 +014.3881 +009.9600 +001.9710 -108.6982 +000.9551 -011.3726 0
L1 06    123 +016.9985 +001.8665 -000.3712 +040.7371 +000.2271 -123.1836 0
L1 07    123 +017.5999 +003.5212 -000.3600 -024.9147 +039.8661 +152.5679 0
L1 08    123 +017.5838 +004.3298 -000.7172 -092.9686 -016.9371 +134.5503 0
L1 01    127 +014.8616 +001.2421 +001.3385 +144.4841 +005.0819 +001.2626 0
L1 02    127 +007.1367 +005.8796 +001.6819 -119.7946 +003.4858 -128.8766 0
L1 03    127 +014.2321 +001.6913 -000.8569 +140.7572 +004.1843 +091.1236 0
L1 04    127 +008.5086 +010.6707 +001.8072 -056.0236 -000.3520 +000.5135 0
L1 05    127 +014.3877 +009.9606 +001.9703 -108.6946 +000.9522 -011.3750 0
L1 06    127 +016.9986 +001.8664 -000.3713 +040.7374 +000.2277 -123.1836 0
L1 07    127 +017.5999 +003.5210 -000.3598 -024.9157 +039.8633 +152.5680 0
L1 08    127 +017.5838 +004.3301 -000.7173 -092.9662 -016.9365 +134.5504 0
L1 01    131 +014.8616 +001.2420 +001.3385 +144.4828 +005.0828 +001.2628 0
L1 02    131 +007.1367 +005.8796 +001.6819 -119.7944 +003.4858 -128.8769 0
L1 03    131 +014.2322 +001.6912 -000.8568 +140.7563 +004.1852 +091.1231 0
L1 04    131 +008.5087 +010.6707 +001.8072 -056.0238 -000.3521 +000.5133 0
L1 05    131 +014.3878 +009.9606 +001.9704 -108.6948 +000.9522 -011.3738 0
L1 06    131 +016.9985 +001.8668 -000.3713 +040.7397 +000.2270 -123.1841 0
L1 07    131 +017.6000 +003.5207 -000.3601 -024.9168 +039.8651 +152.5699 0
L1 08    131 +017.5837 +004.3300 -000.7172 -092.9664 -016.9372 +134.5506 0
L1 01    135 +014.8615 +001.2421 +001.3386 +144.4833 +005.0838 +001.2615 0
L1 02    135 +007.1367 +005.8797 +001.6820 -119.7938 +003.4860 -128.8766 0
L1 03    135 +014.2321 +001.6914 -000.8568 +140.7578 +004.1851 +091.1230 0
L1 04    135 +008.5086 +010.6708 +001.8071 -056.0233 -000.3520 +000.5130 0
L1 05    135 +014.3876 +009.9608 +001.9708 -108.6932 +000.9541 -011.3725 0
L1 06    135 +016.9985 +001.8669 -000.3712 +040.7402 +000.2280 -123.1858 0
L1 07    135 +017.6001 +003.5205 -000.3602 -024.9187 +039.8647 +152.5673 0
L1 08    135 +017.5837 +004.3301 -000.7172 -092.9656 -016.9372 +134.5509 0
L1 01    139 +014.8616 +001.2421 +001.3385 +144.4845 +005.0853 +001.2631 0
L1 02    139 +007.1367 +005.8797 +001.6820 -119.7939 +003.4859 -128.8766 0
L1 03    139 +014.2322 +001.6913 -000.8568 +140.7575 +004.1853 +091.1232 0
L1 04    139 +008.5086 +010.6708 +001.8071 -056.0232 -000.3522 +000.5131 0
L1 05    139 +014.3874 +009.9610 +001.9707 -108.6919 +000.9524 -011.3718 0
L1 06    139 +016.9985 +001.8669 -000.3714 +040.7403 +000.2284 -123.1851 0
L1 07    139 +017.6000 +003.5209 -000.3604 -024.9195 +039.8642 +152.5641 0
L1 08    139 +017.5837 +004.3302 -000.7172 -092.9648 -016.9365 +134.5509 0
L1 01    143 +014.8616 +001.2420 +001.3388 +144.4828 +005.0907 +001.2601 0
L1 02    143 +007.1367 +005.8796 +001.6820 -119.7941 +003.4860 -128.8768 0
L1 03    143 +014.2322 +001.6913 -000.8568 +140.7573 +004.1855 +091.1226 0
L1 04    143 +008.5086 +010.6707 +001.8072 -056.0234 -000.3519 +000.5133 0
L1 05    143 +014.3878 +009.9605 +001.9710 -108.6957 +000.9538 -011.3711 0
L1 06    143 +016.9985 +001.8663 -000.3712 +040.7361 +000.2274 -123.1847 0
L1 07    143 +017.6000 +003.5207 -000.3602 -024.9201 +039.8633 +152.5658 0
L1 08    143 +017.5837 +004.3300 -000.7172 -092.9656 -016.9367 +134.5508 0
L1 01    147 +014.8616 +001.2419 +001.3388 +144.4796 +005.0974 +001.2628 0
L1 02    147 +007.1367 +005.8796 +001.6819 -119.7946 +003.4857 -128.8769 0
L1 03    147 +014.2322 +001.6911 -000.8568 +140.7550 +004.1864 +091.1232 0
L1 04    147 +008.5088 +010.6706 +001.8072 -056.0244 -000.3517 +000.5136 0
L1 05    147 +014.3877 +009.9605 +001.9709 -108.6953 +000.9533 -011.3722 0
L1 06    147 +016.9985 +001.8666 -000.3710 +040.7366 +000.2264 -123.1842 0
L1 07    147 +017.6000 +003.5203 -000.3599 -024.9223 +039.8633 +152.5675 0
L1 08    147 +017.5837 +004.3300 -000.7174 -092.9659 -016.9368 +134.5498 0
L1 01    151 +014.8616 +001.2419 +001.3389 +144.4762 +005.1037 +001.2603 0
L1 02    151 +007.1367 +005.8796 +001.6819 -119.7942 +003.4858 -128.8768 0
L1 03    151 +014.2322 +001.6912 -000.8568 +140.7554 +004.1869 +091.1228 0
L1 04    151 +008.5087 +010.6707 +001.8072 -056.0241 -000.3520 +000.5134 0
L1 05    151 +014.3878 +009.9604 +001.9708 -108.6962 +000.9536 -011.3726 0
L1 06    151 +016.9985 +001.8663 -000.3713 +040.7349 +000.2266 -123.1835 0
L1 07    151 +017.6000 +003.5209 -000.3599 -024.9192 +039.8626 +152.5674 0
L1 08    151 +017.5837 +004.3299 -000.7174 -092.9660 -016.9375 +134.5501 0
L1 01    155 +014.8616 +001.2420 +001.3386 +144.4780 +005.0996 +001.2630 0
L1 02    155 +007.1367 +005.8796 +001.6819 -119.7942 +003.4858 -128.8769 0
L1 03    155 +014.2322 +001.6912 -000.8568 +140.7556 +004.1866 +091.1227 0
L1 04    155 +008.5087 +010.6707 +001.8071 -056.0236 -000.3519 +000.5131 0
L1 05    155 +014.3877 +009.9606 +001.9708 -108.6937 +000.9544 -011.3730 0
L1 06    155 +016.9984 +001.8669 -000.3717 +040.7383 +000.2290 -123.1835 0
L1 07    155 +017.5999 +003.5212 -000.3605 -024.9214 +039.8640 +152.5626 0
L1 08    155 +017.5837 +004.3299 -000.7173 -092.9667 -016.9372 +134.5509 0
L1 01    159 +014.8616 +001.2418 +001.3388 +144.4757 +005.1020 +001.2615 0
L1 02    159 +007.1367 +005.8796 +001.6819 -119.7947 +003.4857 -128.8771 0
L1 03    159 +014.2322 +001.6910 -000.8568 +140.7537 +004.1867 +091.1225 0
L1 04    159 +008.5087 +010.6706 +001.8071 -056.0246 -000.3516 +000.5132 0
L1 05    159 +014.3881 +009.9600 +001.9709 -108.6994 +000.9549 -011.3734 0
L1 06    159 +016.9986 +001.8661 -000.3713 +040.7329 +000.2273 -123.1844 0
L1 07    159 +017.5999 +003.5212 -000.3604 -024.9236 +039.8634 +152.5625 0
L1 08    159 +017.5838 +004.3297 -000.7173 -092.9687 -016.9370 +134.5513 0
L1 01    163 +014.8615 +001.2418 +001.3389 +144.4772 +005.1020 +001.2604 0
L1 02    163 +007.1367 +005.8796 +001.6819 -119.7946 +003.4858 -128.8768 0
L1 03    163 +014.2322 +001.6910 -000.8567 +140.7534 +004.1868 +091.1224 0
L1 04    163 +008.5088 +010.6706 +001.8071 -056.0251 -000.3518 +000.5131 0
L1 05    163 +014.3878 +009.9604 +001.9710 -108.6960 +000.9548 -011.3729 0
L1 06    163 +016.9986 +001.8662 -000.3714 +040.7334 +000.2283 -123.1844 0
L1 07    163 +017.5999 +003.5207 -000.3601 -024.9250 +039.8625 +152.5645 0
L1 08    163 +017.5838 +004.3296 -000.7174 -092.9687 -016.9371 +134.5503 0
L1 01    167 +014.8615 +001.2417 +001.3392 +144.4776 +005.1066 +001.2571 0
L1 02    167 +007.1367 +005.8796 +001.6819 -119.7947 +003.4856 -128.8769 0
L1 03    167 +014.2322 +001.6911 -000.8567 +140.7542 +004.1871 +091.1218 0
L1 04    167 +008.5088 +010.6706 +001.8072 -056.0250 -000.3515 +000.5139 0
L1 05    167 +014.3881 +009.9601 +001.9708 -108.6983 +000.9542 -011.3740 0
L1 06    167 +016.9986 +001.8663 -000.3714 +040.7335 +000.2283 -123.1844 0
L1 07    167 +017.5999 +003.5210 -000.3600 -024.9229 +039.8617 +152.5654 0
L1 08    167 +017.5838 +004.3296 -000.7174 -092.9681 -016.9367 +134.5504 0
L1 01    171 +014.8616 +001.2421 +001.3382 +144.4822 +005.1010 +001.2660 0
L1 02    171 +007.1367 +005.8796 +001.6819 -119.7946 +003.4857 -128.8770 0
L1 03    171 +014.2322 +001.6911 -000.8567 +140.7538 +004.1865 +091.1227 0
L1 04    171 +008.5088 +010.6706 +001.8071 -056.0249 -000.3520 +000.5131 0
L1 05    171 +014.3878 +009.9603 +001.9709 -108.6966 +000.9541 -011.3719 0
L1 06    171 +016.9985 +001.8665 -000.3712 +040.7346 +000.2270 -123.1843 0
L1 07    171 +017.6000 +003.5206 -000.3605 -024.9265 +039.8632 +152.5632 0
L1 08    171 +017.5838 +004.3295 -000.7173 -092.9690 -016.9368 +134.5514 0
L1 01    175 +014.8616 +001.2420 +001.3384 +144.4798 +005.1037 +001.2648 0
L1 02    175 +007.1367 +005.8796 +001.6819 -119.7947 +003.4859 -128.8770 0
L1 03    175 +014.2322 +001.6911 -000.8568 +140.7540 +004.1865 +091.1228 0
L1 04    175 +008.5088 +010.6706 +001.8072 -056.0255 -000.3519 +000.5132 0
L1 05    175 +014.3880 +009.9603 +001.9706 -108.6974 +000.9515 -011.3730 0
L1 06    175 +016.9985 +001.8663 -000.3715 +040.7331 +000.2279 -123.1833 0
L1 07    175 +017.5999 +003.5209 -000.3605 -024.9248 +039.8628 +152.5625 0
L1 08    175 +017.5838 +004.3296 -000.7174 -092.9685 -016.9368 +134.5511 0
L1 01    179 +014.8615 +001.2418 +001.3389 +144.4770 +005.1081 +001.2612 0
L1 02    179 +007.1367 +005.8796 +001.6819 -119.7946 +003.4859 -128.8770 0
L1 03    179 +014.2322 +001.6911 -000.8567 +140.7544 +004.1874 +091.1226 0
L1 04    179 +008.5088 +010.6706 +001.8072 -056.0253 -000.3516 +000.5135 0
L1 05    179 +014.3881 +009.9602 +001.9708 -108.6980 +000.9538 -011.3730 0
L1 06    179 +016.9985 +001.8664 -000.3715 +040.7341 +000.2281 -123.1827 0
L1 07    179 +017.5999 +003.5209 -000.3601 -024.9251 +039.8598 +152.5635 0
L1 08    179 +017.5838 +004.3296 -000.7173 -092.9685 -016.9364 +134.5521 0
L1 01    183 +014.8615 +001.2421 +001.3383 +144.4799 +005.1038 +001.2655 0
L1 02    183 +007.1367 +005.8796 +001.6820 -119.7943 +003.4861 -128.8768 0
L1 03    183 +014.2322 +001.6913 -000.8568 +140.7558 +004.1865 +091.1229 0
L1 04    183 +008.5086 +010.6708 +001.8072 -056.0236 -000.3523 +000.5133 0
L1 05    183 +014.3879 +009.9603 +001.9707 -108.6958 +000.9530 -011.3736 0
L1 06    183 +016.9985 +001.8666 -000.3716 +040.7369 +000.2286 -123.1832 0
L1 07    183 +017.6000 +003.5211 -000.3603 -024.9238 +039.8617 +152.5631 0
L1 08    183 +017.5838 +004.3301 -000.7173 -092.9643 -016.9362 +134.5520 0
L1 01    187 +014.8615 +001.2420 +001.3385 +144.4783 +005.1053 +001.2639 0
L1 02    187 +007.1367 +005.8796 +001.6819 -119.7945 +003.4859 -128.8768 0
L1 03    187 +014.2322 +001.6915 -000.8568 +140.7568 +004.1864 +091.1228 0
L1 04    187 +008.5087 +010.6708 +001.8071 -056.0236 -000.3522 +000.5129 0
L1 05    187 +014.3881 +009.9601 +001.9710 -108.6973 +000.9553 -011.3738 0
L1 06    187 +016.9985 +001.8668 -000.3712 +040.7378 +000.2260 -123.1838 0
L1 07    187 +017.5997 +003.5218 -000.3601 -024.9193 +039.8609 +152.5646 0
L1 08    187 +017.5838 +004.3301 -000.7172 -092.9641 -016.9369 +134.5520 0
L1 01    191 +014.8615 +001.2419 +001.3386 +144.4776 +005.1064 +001.2645 0
L1 02    191 +007.1367 +005.8796 +001.6819 -119.7948 +003.4858 -128.8770 0
L1 03    191 +014.2322 +001.6911 -000.8568 +140.7544 +004.1871 +091.1230 0
L1 04    191 +008.5088 +010.6706 +001.8071 -056.0249 -000.3519 +000.5129 0
L1 05    191 +014.3880 +009.9601 +001.9707 -108.6973 +000.9537 -011.3732 0
L1 06    191 +016.9985 +001.8666 -000.3712 +040.7361 +000.2263 -123.1845 0
L1 07    191 +017.5999 +003.5207 -000.3603 -024.9253 +039.8610 +152.5646 0
L1 08    191 +017.5837 +004.3301 -000.7172 -092.9646 -016.9363 +134.5525 0
L1 01    195 +014.8614 +001.2418 +001.3388 +144.4759 +005.1073 +001.2624 0
L1 02    195 +007.1367 +005.8796 +001.6820 -119.7946 +003.4859 -128.8769 0
L1 03    195 +014.2322 +001.6913 -000.8568 +140.7553 +004.1874 +091.1229 0
L1 04    195 +008.5087 +010.6707 +001.8072 -056.0238 -000.3517 +000.5132 0
L1 05    195 +014.3877 +009.9605 +001.9710 -108.6937 +000.9549 -011.3714 0
L1 06    195 +016.9985 +001.8666 -000.3715 +040.7361 +000.2284 -123.1846 0
L1 07    195 +017.5999 +003.5205 -000.3602 -024.9271 +039.8594 +152.5629 0
L1 08    195 +017.5838 +004.3298 -000.7173 -092.9655 -016.9372 +134.5521 0
L1 01    199 +014.8614 +001.2417 +001.3389 +144.4746 +005.1063 +001.2616 0
L1 02    199 +007.1367 +005.8796 +001.6820 -119.7944 +003.4861 -128.8768 0
L1 03    199 +014.2322 +001.6913 -000.8567 +140.7551 +004.1878 +091.1223 0
L1 04    199 +008.5088 +010.6706 +001.8071 -056.0246 -000.3517 +000.5129 0
L1 05    199 +014.3877 +009.9605 +001.9712 -108.6948 +000.9562 -011.3717 0
L1 06    199 +016.9986 +001.8663 -000.3715 +040.7341 +000.2279 -123.1837 0
L1 07    199 +017.6000 +003.5204 -000.3600 -024.9287 +039.8577 +152.5627 0
L1 08    199 +017.5838 +004.3297 -000.7173 -092.9666 -016.9369 +134.5524 0
L1 01    203 +014.8614 +001.2419 +001.3385 +144.4763 +005.1029 +001.2650 0
L1 02    203 +007.1367 +005.8797 +001.6820 -119.7941 +003.4859 -128.8768 0
L1 03    203 +014.2322 +001.6913 -000.8567 +140.7551 +004.1872 +091.1228 0
L1 04    203 +008.5087 +010.6707 +001.8071 -056.0243 -000.3521 +000.5129 0
L1 05    203 +014.3875 +009.9607 +001.9713 -108.6933 +000.9552 -011.3704 0
L1 06    203 +016.9985 +001.8666 -000.3711 +040.7364 +000.2259 -123.1840 0
L1 07    203 +017.6000 +003.5209 -000.3597 -024.9252 +039.8567 +152.5643 0
L1 08    203 +017.5838 +004.3298 -000.7172 -092.9657 -016.9364 +134.5529 0
L1 01    207 +014.8614 +001.2418 +001.3385 +144.4753 +005.1064 +001.2658 0
L1 02    207 +007.1367 +005.8796 +001.6820 -119.7942 +003.4860 -128.8767 0
L1 03    207 +014.2322 +001.6911 -000.8567 +140.7546 +004.1880 +091.1229 0
L1 04    207 +008.5087 +010.6707 +001.8072 -056.0242 -000.3518 +000.5133 0
L1 05    207 +014.3878 +009.9604 +001.9713 -108.6946 +000.9557 -011.3712 0
L1 06    207 +016.9984 +001.8667 -000.3714 +040.7370 +000.2261 -123.1829 0
L1 07    207 +017.5999 +003.5206 -000.3601 -024.9268 +039.8587 +152.5629 0
L1 08    207 +017.5838 +004.3300 -000.7172 -092.9641 -016.9360 +134.5528 0
L1 01    211 +014.8614 +001.2418 +001.3387 +144.4737 +005.1108 +001.2641 0
L1 02    211 +007.1367 +005.8796 +001.6819 -119.7945 +003.4859 -128.8768 0
L1 03    211 +014.2322 +001.6913 -000.8566 +140.7550 +004.1882 +091.1222 0
L1 04    211 +008.5088 +010.6706 +001.8072 -056.0245 -000.3518 +000.5138 0
L1 05    211 +014.3878 +009.9604 +001.9707 -108.6955 +000.9533 -011.3723 0
L1 06    211 +016.9985 +001.8665 -000.3715 +040.7347 +000.2265 -123.1827 0
L1 07    211 +017.6001 +003.5203 -000.3605 -024.9312 +039.8595 +152.5612 0
L1 08    211 +017.5837 +004.3300 -000.7172 -092.9640 -016.9364 +134.5525 0
L1 01    215 +014.8614 +001.2419 +001.3388 +144.4708 +005.1160 +001.2648 0
L1 02    215 +007.1367 +005.8796 +001.6820 -119.7943 +003.4859 -128.8768 0
L1 03    215 +014.2322 +001.6913 -000.8568 +140.7554 +004.1878 +091.1226 0
L1 04    215 +008.5087 +010.6707 +001.8072 -056.0233 -000.3521 +000.5136 0
L1 05    215 +014.3877 +009.9606 +001.9711 -108.6944 +000.9549 -011.3714 0
L1 06    215 +016.9985 +001.8665 -000.3713 +040.7358 +000.2262 -123.1827 0
L1 07    215 +017.6002 +003.5206 -000.3604 -024.9299 +039.8587 +152.5609 0
L1 08    215 +017.5837 +004.3301 -000.7173 -092.9627 -016.9359 +134.5519 0
L1 01    219 +014.8613 +001.2423 +001.3384 +144.4716 +005.1140 +001.2678 0
L1 02    219 +007.1367 +005.8797 +001.6820 -119.7937 +003.4861 -128.8766 0
L1 03    219 +014.2322 +001.6914 -000.8568 +140.7562 +004.1878 +091.1226 0
L1 04    219 +008.5085 +010.6709 +001.8072 -056.0220 -000.3518 +000.5137 0
L1 05    219 +014.3877 +009.9608 +001.9711 -108.6931 +000.9549 -011.3710 0
L1 06    219 +016.9985 +001.8669 -000.3709 +040.7386 +000.2247 -123.1845 0
L1 07    219 +017.6000 +003.5210 -000.3598 -024.9228 +039.8554 +152.5648 0
L1 08    219 +017.5837 +004.3306 -000.7169 -092.9595 -016.9346 +134.5550 0
L1 01    223 +014.8613 +001.2423 +001.3378 +144.4701 +005.1114 +001.2731 0
L1 02    223 +007.1367 +005.8797 +001.6820 -119.7939 +003.4862 -128.8765 0
L1 03    223 +014.2322 +001.6913 -000.8569 +140.7550 +004.1873 +091.1237 0
L1 04    223 +008.5086 +010.6708 +001.8071 -056.0228 -000.3522 +000.5130 0
L1 05    223 +014.3879 +009.9604 +001.9709 -108.6958 +000.9537 -011.3719 0
L1 06    223 +016.9985 +001.8670 -000.3708 +040.7390 +000.2237 -123.1856 0
L1 07    223 +017.6000 +003.5211 -000.3602 -024.9257 +039.8566 +152.5618 0
L1 08    223 +017.5838 +004.3306 -000.7171 -092.9604 -016.9347 +134.5539 0
L1 01    227 +014.8613 +001.2419 +001.3383 +144.4654 +005.1158 +001.2691 0
L1 02    227 +007.1367 +005.8797 +001.6819 -119.7940 +003.4858 -128.8767 0
L1 03    227 +014.2322 +001.6913 -000.8569 +140.7545 +004.1872 +091.1238 0
L1 04    227 +008.5086 +010.6708 +001.8071 -056.0231 -000.3519 +000.5132 0
L1 05    227 +014.3880 +009.9602 +001.9709 -108.6973 +000.9540 -011.3719 0
L1 06    227 +016.9986 +001.8665 -000.3711 +040.7352 +000.2259 -123.1852 0
L1 07    227 +017.6000 +003.5207 -000.3607 -024.9310 +039.8584 +152.5585 0
L1 08    227 +017.5839 +004.3300 -000.7172 -092.9639 -016.9353 +134.5532 0
L1 01    231 +014.8613 +001.2420 +001.3382 +144.4643 +005.1150 +001.2690 0
L1 02    231 +007.1367 +005.8796 +001.6820 -119.7945 +003.4861 -128.8767 0
L1 03    231 +014.2321 +001.6913 -000.8569 +140.7539 +004.1869 +091.1237 0
L1 04    231 +008.5087 +010.6706 +001.8072 -056.0243 -000.3516 +000.5137 0
L1 05    231 +014.3880 +009.9601 +001.9710 -108.6983 +000.9554 -011.3724 0
L1 06    231 +016.9985 +001.8666 -000.3709 +040.7347 +000.2256 -123.1868 0
L1 07    231 +017.6000 +003.5205 -000.3603 -024.9333 +039.8552 +152.5598 0
L1 08    231 +017.5838 +004.3297 -000.7170 -092.9670 -016.9346 +134.5543 0
L1 01    235 +014.8612 +001.2417 +001.3387 +144.4589 +005.1219 +001.2655 0
L1 02    235 +007.1367 +005.8796 +001.6820 -119.7952 +003.4861 -128.8768 0
L1 03    235 +014.2322 +001.6914 -000.8568 +140.7539 +004.1878 +091.1232 0
L1 04    235 +008.5088 +010.6706 +001.8072 -056.0246 -000.3516 +000.5134 0
L1 05    235 +014.3881 +009.9598 +001.9709 -108.6998 +000.9554 -011.3733 0
L1 06    235 +016.9985 +001.8662 -000.3709 +040.7315 +000.2250 -123.1863 0
L1 07    235 +017.6001 +003.5202 -000.3603 -024.9354 +039.8568 +152.5610 0
L1 08    235 +017.5839 +004.3296 -000.7171 -092.9670 -016.9351 +134.5538 0
L1 01    239 +014.8612 +001.2420 +001.3384 +144.4634 +005.1182 +001.2698 0
L1 02    239 +007.1367 +005.8796 +001.6820 -119.7945 +003.4861 -128.8767 0
L1 03    239 +014.2322 +001.6913 -000.8568 +140.7526 +004.1875 +091.1234 0
L1 04    239 +008.5087 +010.6707 +001.8072 -056.0241 -000.3518 +000.5136 0
L1 05    239 +014.3879 +009.9601 +001.9712 -108.6973 +000.9554 -011.3710 0
L1 06    239 +016.9984 +001.8669 -000.3707 +040.7374 +000.2233 -123.1854 0
L1 07    239 +017.6000 +003.5208 -000.3605 -024.9333 +039.8579 +152.5602 0
L1 08    239 +017.5839 +004.3299 -000.7170 -092.9653 -016.9348 +134.5545 0
L1 01    243 +014.8612 +001.2418 +001.3389 +144.4609 +005.1218 +001.2646 0
L1 02    243 +007.1367 +005.8796 +001.6820 -119.7947 +003.4861 -128.8766 0
L1 03    243 +014.2322 +001.6913 -000.8567 +140.7528 +004.1882 +091.1228 0
L1 04    243 +008.5087 +010.6707 +001.8072 -056.0241 -000.3517 +000.5136 0
L1 05    243 +014.3879 +009.9602 +001.9712 -108.6973 +000.9552 -011.3712 0
L1 06    243 +016.9984 +001.8667 -000.3708 +040.7334 +000.2250 -123.1847 0
L1 07    243 +017.5999 +003.5210 -000.3602 -024.9316 +039.8558 +152.5606 0
L1 08    243 +017.5839 +004.3299 -000.7172 -092.9651 -016.9353 +134.5533 0
L1 01    247 +014.8612 +001.2417 +001.3387 +144.4593 +005.1203 +001.2665 0
L1 02    247 +007.1367 +005.8796 +001.6820 -119.7944 +003.4860 -128.8766 0
L1 03    247 +014.2322 +001.6912 -000.8569 +140.7515 +004.1873 +091.1238 0
L1 04    247 +008.5087 +010.6706 +001.8071 -056.0243 -000.3519 +000.5133 0
L1 05    247 +014.3881 +009.9600 +001.9707 -108.6990 +000.9527 -011.3729 0
L1 06    247 +016.9985 +001.8663 -000.3711 +040.7308 +000.2263 -123.1847 0
L1 07    247 +017.5999 +003.5207 -000.3598 -024.9314 +039.8549 +152.5635 0
L1 08    247 +017.5839 +004.3296 -000.7173 -092.9669 -016.9360 +134.5525 0
L1 01    251 +014.8612 +001.2418 +001.3387 +144.4591 +005.1223 +001.2671 0
L1 02    251 +007.1367 +005.8796 +001.6820 -119.7949 +003.4859 -128.8769 0
L1 03    251 +014.2322 +001.6912 -000.8569 +140.7520 +004.1879 +091.1240 0
L1 04    251 +008.5088 +010.6706 +001.8072 -056.0248 -000.3517 +000.5134 0
L1 05    251 +014.3879 +009.9602 +001.9713 -108.6970 +000.9561 -011.3718 0
L1 06    251 +016.9985 +001.8666 -000.3719 +040.7327 +000.2296 -123.1812 0
L1 07    251 +017.6000 +003.5210 -000.3595 -024.9294 +039.8519 +152.5645 0
L1 08    251 +017.5840 +004.3295 -000.7171 -092.9680 -016.9355 +134.5538 0
L1 01    255 +014.8612 +001.2419 +001.3388 +144.4587 +005.1241 +001.2658 0
L1 02    255 +007.1367 +005.8796 +001.6820 -119.7945 +003.4859 -128.8768 0
L1 03    255 +014.2322 +001.6914 -000.8569 +140.7533 +004.1882 +091.1232 0
L1 04    255 +008.5087 +010.6707 +001.8071 -056.0236 -000.3519 +000.5132 0
L1 05    255 +014.3878 +009.9604 +001.9712 -108.6958 +000.9562 -011.3730 0
L1 06    255 +016.9984 +001.8667 -000.3719 +040.7333 +000.2296 -123.1809 0
L1 07    255 +017.6001 +003.5208 -000.3598 -024.9312 +039.8526 +152.5618 0
L1 08    255 +017.5840 +004.3296 -000.7171 -092.9667 -016.9355 +134.5539 0
L1 01    259 +014.8612 +001.2419 +001.3386 +144.4582 +005.1245 +001.2676 0
L1 02    259 +007.1367 +005.8796 +001.6820 -119.7944 +003.4860 -128.8766 0
L1 03    259 +014.2322 +001.6914 -000.8568 +140.7525 +004.1885 +091.1229 0
L1 04    259 +008.5087 +010.6707 +001.8071 -056.0237 -000.3520 +000.5128 0
L1 05    259 +014.3880 +009.9599 +001.9715 -108.6994 +000.9570 -011.3703 0
L1 06    259 +016.9985 +001.8662 -000.3716 +040.7301 +000.2280 -123.1820 0
L1 07    259 +017.6001 +003.5210 -000.3601 -024.9319 +039.8533 +152.5599 0
L1 08    259 +017.5839 +004.3301 -000.7172 -092.9646 -016.9354 +134.5537 0
L1 01    263 +014.8611 +001.2416 +001.3391 +144.4543 +005.1287 +001.2654 0
L1 02    263 +007.1367 +005.8797 +001.6819 -119.7942 +003.4834 -128.8784 0
L1 03    263 +014.2322 +001.6915 -000.8567 +140.7532 +004.1883 +091.1226 0
L1 04    263 +008.5087 +010.6707 +001.8071 -056.0235 -000.3521 +000.5121 0
L1 05    263 +014.3877 +009.9607 +001.9710 -108.6938 +000.9548 -011.3716 0
L1 06    263 +016.9985 +001.8668 -000.3712 +040.7336 +000.2267 -123.1829 0
L1 07    263 +017.6003 +003.5205 -000.3599 -024.9347 +039.8530 +152.5616 0
L1 08    263 +017.5839 +004.3298 -000.7171 -092.9629 -016.9348 +134.5529 0
L1 01    267 +014.8611 +001.2418 +001.3388 +144.4554 +005.1285 +001.2676 0
L1 02    267 +007.1367 +005.8797 +001.6819 -119.7939 +003.4858 -128.8767 0
L1 03    267 +014.2322 +001.6914 -000.8568 +140.7526 +004.1883 +091.1233 0
L1 04    267 +008.5087 +010.6707 +001.8072 -056.0236 -000.3517 +000.5134 0
L1 05    267 +014.3875 +009.9609 +001.9712 -108.6930 +000.9547 -011.3713 0
L1 06    267 +016.9985 +001.8663 -000.3708 +040.7308 +000.2248 -123.1857 0
L1 07    267 +017.6002 +003.5208 -000.3599 -024.9349 +039.8518 +152.5596 0
L1 08    267 +017.5840 +004.3297 -000.7171 -092.9651 -016.9346 +134.5537 0
L1 01    271 +014.8611 +001.2418 +001.3389 +144.4548 +005.1293 +001.2655 0
L1 02    271 +007.1367 +005.8796 +001.6820 -119.7942 +003.4858 -128.8766 0
L1 03    271 +014.2322 +001.6915 -000.8567 +140.7529 +004.1888 +091.1226 0
L1 04    271 +008.5086 +010.6708 +001.8072 -056.0229 -000.3519 +000.5136 0
L1 05    271 +014.3877 +009.9608 +001.9710 -108.6937 +000.9535 -011.3714 0
L1 06    271 +016.9985 +001.8664 -000.3710 +040.7315 +000.2246 -123.1838 0
L1 07    271 +017.6001 +003.5213 -000.3606 -024.9348 +039.8544 +152.5565 0
L1 08    271 +017.5840 +004.3297 -000.7173 -092.9654 -016.9352 +134.5527 0
L1 01    275 +014.8611 +001.2419 +001.3385 +144.4558 +005.1288 +001.2684 0
L1 02    275 +007.1367 +005.8796 +001.6819 -119.7945 +003.4858 -128.8768 0
L1 03    275 +014.2322 +001.6914 -000.8568 +140.7510 +004.1889 +091.1234 0
L1 04    275 +008.5087 +010.6707 +001.8072 -056.0238 -000.3519 +000.5135 0
L1 05    275 +014.3880 +009.9602 +001.9709 -108.6974 +000.9535 -011.3723 0
L1 06    275 +016.9985 +001.8663 -000.3709 +040.7298 +000.2247 -123.1846 0
L1 07    275 +017.6002 +003.5203 -000.3604 -024.9404 +039.8522 +152.5569 0
L1 08    275 +017.5840 +004.3295 -000.7174 -092.9669 -016.9353 +134.5529 0
L1 01    279 +014.8611 +001.2418 +001.3388 +144.4541 +005.1320 +001.2666 0
L1 02    279 +007.1367 +005.8796 +001.6820 -119.7947 +003.4861 -128.8767 0
L1 03    279 +014.2322 +001.6914 -000.8567 +140.7507 +004.1895 +091.1227 0
L1 04    279 +008.5087 +010.6707 +001.8073 -056.0237 -000.3517 +000.5141 0
L1 05    279 +014.3880 +009.9600 +001.9712 -108.6979 +000.9560 -011.3708 0
L1 06    279 +016.9985 +001.8664 -000.3709 +040.7301 +000.2253 -123.1850 0
L1 07    279 +017.6001 +003.5203 -000.3603 -024.9399 +039.8514 +152.5580 0
L1 08    279 +017.5840 +004.3296 -000.7174 -092.9665 -016.9350 +134.5529 0
L1 01    283 +014.8611 +001.2418 +001.3386 +144.4550 +005.1283 +001.2675 0
L1 02    283 +007.1367 +005.8796 +001.6820 -119.7949 +003.4864 -128.8767 0
L1 03    283 +014.2322 +001.6913 -000.8567 +140.7499 +004.1892 +091.1228 0
L1 04    283 +008.5087 +010.6707 +001.8072 -056.0241 -000.3518 +000.5135 0
L1 05    283 +014.3880 +009.9601 +001.9709 -108.6974 +000.9545 -011.3726 0
L1 06    283 +016.9985 +001.8662 -000.3710 +040.7287 +000.2261 -123.1854 0
L1 07    283 +017.6001 +003.5201 -000.3603 -024.9418 +039.8503 +152.5569 0
L1 08    283 +017.5840 +004.3295 -000.7172 -092.9682 -016.9349 +134.5545 0
L1 01    287 +014.8611 +001.2418 +001.3389 +144.4545 +005.1339 +001.2655 0
L1 02    287 +007.1367 +005.8796 +001.6820 -119.7946 +003.4861 -128.8766 0
L1 03    287 +014.2322 +001.6915 -000.8567 +140.7512 +004.1893 +091.1222 0
L1 04    287 +008.5086 +010.6707 +001.8072 -056.0232 -000.3517 +000.5139 0
L1 05    287 +014.3879 +009.9604 +001.9713 -108.6956 +000.9567 -011.3721 0
L1 06    287 +016.9985 +001.8667 -000.3712 +040.7321 +000.2276 -123.1850 0
L1 07    287 +017.6000 +003.5204 -000.3601 -024.9374 +039.8511 +152.5607 0
L1 08    287 +017.5840 +004.3296 -000.7171 -092.9666 -016.9347 +134.5549 0
L1 01    291 +014.8611 +001.2417 +001.3387 +144.4532 +005.1373 +001.2703 0
L1 02    291 +007.1367 +005.8796 +001.6820 -119.7947 +003.4861 -128.8767 0
L1 03    291 +014.2322 +001.6913 -000.8568 +140.7504 +004.1896 +091.1229 0
L1 04    291 +008.5087 +010.6707 +001.8073 -056.0240 -000.3516 +000.5141 0
L1 05    291 +014.3877 +009.9606 +001.9710 -108.6941 +000.9548 -011.3721 0
L1 06    291 +016.9985 +001.8667 -000.3713 +040.7317 +000.2275 -123.1835 0
L1 07    291 +017.6001 +003.5201 -000.3601 -024.9400 +039.8500 +152.5594 0
L1 08    291 +017.5840 +004.3297 -000.7172 -092.9664 -016.9351 +134.5547 0
L1 01    295 +014.8611 +001.2418 +001.3387 +144.4526 +005.1392 +001.2689 0
L1 02    295 +007.1367 +005.8796 +001.6820 -119.7944 +003.4861 -128.8768 0
L1 03    295 +014.2322 +001.6914 -000.8567 +140.7497 +004.1895 +091.1225 0
L1 04    295 +008.5087 +010.6707 +001.8072 -056.0244 -000.3514 +000.5138 0
L1 05    295 +014.3879 +009.9602 +001.9712 -108.6982 +000.9562 -011.3724 0
L1 06    295 +016.9984 +001.8664 -000.3711 +040.7304 +000.2266 -123.1849 0
L1 07    295 +017.6002 +003.5200 -000.3599 -024.9417 +039.8482 +152.5591 0
L1 08    295 +017.5841 +004.3295 -000.7171 -092.9681 -016.9350 +134.5554 0
L1 01    299 +014.8611 +001.2419 +001.3384 +144.4541 +005.1377 +001.2717 0
L1 02    299 +007.1367 +005.8796 +001.6820 -119.7945 +003.4865 -128.8765 0
L1 03    299 +014.2322 +001.6913 -000.8567 +140.7489 +004.1898 +091.1230 0
L1 04    299 +008.5087 +010.6707 +001.8072 -056.0241 -000.3519 +000.5136 0
L1 05    299 +014.3879 +009.9603 +001.9711 -108.6958 +000.9556 -011.3728 0
L1 06    299 +016.9984 +001.8667 -000.3710 +040.7314 +000.2258 -123.1857 0
L1 07    299 +017.6001 +003.5206 -000.3600 -024.9386 +039.8483 +152.5586 0
L1 08    299 +017.5841 +004.3294 -000.7172 -092.9677 -016.9346 +134.5544 0
L1 01    303 +014.8611 +001.2417 +001.3386 +144.4514 +005.1402 +001.2687 0
L1 02    303 +007.1367 +005.8796 +001.6820 -119.7943 +003.4864 -128.8764 0
L1 03    303 +014.2322 +001.6914 -000.8568 +140.7499 +004.1898 +091.1227 0
L1 04    303 +008.5087 +010.6707 +001.8072 -056.0237 -000.3517 +000.5137 0
L1 05    303 +014.3879 +009.9604 +001.9709 -108.6963 +000.9537 -011.3724 0
L1 06    303 +016.9984 +001.8672 -000.3712 +040.7339 +000.2264 -123.1837 0
L1 07    303 +017.6001 +003.5207 -000.3604 -024.9406 +039.8501 +152.5569 0
L1 08    303 +017.5840 +004.3298 -000.7173 -092.9654 -016.9350 +134.5541 0
L1 01    307 +014.8611 +001.2417 +001.3387 +144.4513 +005.1401 +001.2686 0
L1 02    307 +007.1367 +005.8796 +001.6820 -119.7944 +003.4866 -128.8765 0
L1 03    307 +014.2322 +001.6914 -000.8566 +140.7493 +004.1908 +091.1219 0
L1 04    307 +008.5087 +010.6707 +001.8072 -056.0237 -000.3516 +000.5135 0
L1 05    307 +014.3881 +009.9600 +001.9711 -108.6988 +000.9548 -011.3715 0
L1 06    307 +016.9984 +001.8669 -000.3713 +040.7318 +000.2265 -123.1849 0
L1 07    307 +017.6001 +003.5204 -000.3601 -024.9427 +039.8488 +152.5570 0
L1 08    307 +017.5840 +004.3296 -000.7173 -092.9667 -016.9345 +134.5543 0
L1 01    311 +014.8610 +001.2417 +001.3387 +144.4511 +005.1402 +001.2682 0
L1 02    311 +007.1367 +005.8796 +001.6820 -119.7949 +003.4864 -128.8766 0
L1 03    311 +014.2322 +001.6914 -000.8567 +140.7489 +004.1904 +091.1224 0
L1 04    311 +008.5087 +010.6707 +001.8072 -056.0236 -000.3516 +000.5137 0
L1 05    311 +014.3881 +009.9599 +001.9713 -108.6996 +000.9553 -011.3715 0
L1 06    311 +016.9985 +001.8662 -000.3712 +040.7276 +000.2265 -123.1840 0
L1 07    311 +017.6002 +003.5208 -000.3602 -024.9421 +039.8484 +152.5554 0
L1 08    311 +017.5841 +004.3295 -000.7171 -092.9678 -016.9347 +134.5553 0
L1 01    315 +014.8610 +001.2418 +001.3383 +144.4534 +005.1365 +001.2713 0
L1 02    315 +007.1367 +005.8796 +001.6820 -119.7949 +003.4864 -128.8767 0
L1 03    315 +014.2321 +001.6913 -000.8568 +140.7470 +004.1889 +091.1236 0
L1 04    315 +008.5088 +010.6706 +001.8071 -056.0250 -000.3515 +000.5133 0
L1 05    315 +014.3881 +009.9599 +001.9707 -108.6993 +000.9542 -011.3741 0
L1 06    315 +016.9985 +001.8661 -000.3710 +040.7257 +000.2258 -123.1857 0
L1 07    315 +017.6004 +003.5196 -000.3602 -024.9497 +039.8474 +152.5568 0
L1 08    315 +017.5841 +004.3294 -000.7171 -092.9696 -016.9340 +134.5565 0
L1 01    319 +014.8610 +001.2415 +001.3390 +144.4486 +005.1410 +001.2658 0
L1 02    319 +007.1367 +005.8796 +001.6820 -119.7947 +003.4860 -128.8766 0
L1 03    319 +014.2322 +001.6914 -000.8568 +140.7478 +004.1898 +091.1226 0
L1 04    319 +008.5088 +010.6706 +001.8071 -056.0250 -000.3515 +000.5131 0
L1 05    319 +014.3880 +009.9600 +001.9709 -108.6991 +000.9539 -011.3716 0
L1 06    319 +016.9985 +001.8659 -000.3717 +040.7239 +000.2296 -123.1818 0
L1 07    319 +017.6002 +003.5198 -000.3606 -024.9527 +039.8498 +152.5514 0
L1 08    319 +017.5842 +004.3291 -000.7172 -092.9703 -016.9347 +134.5546 0
L1 01    323 +014.8609 +001.2417 +001.3387 +144.4499 +005.1353 +001.2691 0
L1 02    323 +007.1367 +005.8796 +001.6820 -119.7942 +003.4861 -128.8766 0
L1 03    323 +014.2322 +001.6914 -000.8568 +140.7486 +004.1900 +091.1232 0
L1 04    323 +008.5087 +010.6707 +001.8072 -056.0237 -000.3519 +000.5141 0
L1 05    323 +014.3880 +009.9601 +001.9711 -108.6974 +000.9546 -011.3706 0
L1 06    323 +016.9985 +001.8663 -000.3715 +040.7272 +000.2279 -123.1827 0
L1 07    323 +017.6002 +003.5203 -000.3603 -024.9475 +039.8475 +152.5538 0
L1 08    323 +017.5841 +004.3295 -000.7173 -092.9676 -016.9346 +134.5545 0
L1 01    327 +014.8608 +001.2417 +001.3390 +144.4471 +005.1323 +001.2670 0
L1 02    327 +007.1367 +005.8796 +001.6820 -119.7944 +003.4858 -128.8768 0
L1 03    327 +014.2322 +001.6914 -000.8568 +140.7489 +004.1897 +091.1232 0
L1 04    327 +008.5087 +010.6707 +001.8072 -056.0236 -000.3519 +000.5135 0
L1 05    327 +014.3877 +009.9605 +001.9712 -108.6954 +000.9551 -011.3695 0
L1 06    327 +016.9985 +001.8663 -000.3717 +040.7280 +000.2294 -123.1816 0
L1 07    327 +017.6000 +003.5208 -000.3600 -024.9437 +039.8454 +152.5554 0
L1 08    327 +017.5842 +004.3294 -000.7172 -092.9679 -016.9346 +134.5549 0
L1 01    331 +014.8608 +001.2420 +001.3386 +144.4504 +005.1207 +001.2719 0
L1 02    331 +007.1367 +005.8797 +001.6820 -119.7941 +003.4862 -128.8765 0
L1 03    331 +014.2321 +001.6915 -000.8568 +140.7491 +004.1897 +091.1231 0
L1 04    331 +008.5086 +010.6708 +001.8072 -056.0230 -000.3522 +000.5134 0
L1 05    331 +014.3876 +009.9609 +001.9708 -108.6934 +000.9533 -011.3712 0
L1 06    331 +016.9986 +001.8666 -000.3714 +040.7301 +000.2280 -123.1839 0
L1 07    331 +017.6003 +003.5200 -000.3603 -024.9477 +039.8476 +152.5554 0
L1 08    331 +017.5841 +004.3296 -000.7172 -092.9661 -016.9346 +134.5554 0
L1 01    335 +014.8608 +001.2418 +001.3388 +144.4468 +005.1232 +001.2700 0
L1 02    335 +007.1367 +005.8796 +001.6820 -119.7942 +003.4864 -128.8764 0
L1 03    335 +014.2321 +001.6914 -000.8567 +140.7484 +004.1905 +091.1229 0
L1 04    335 +008.5086 +010.6708 +001.8073 -056.0227 -000.3517 +000.5139 0
L1 05    335 +014.3876 +009.9607 +001.9709 -108.6939 +000.9544 -011.3721 0
L1 06    335 +016.9986 +001.8664 -000.3712 +040.7283 +000.2268 -123.1837 0
L1 07    335 +017.6001 +003.5206 -000.3598 -024.9437 +039.8448 +152.5570 0
L1 08    335 +017.5841 +004.3294 -000.7172 -092.9669 -016.9341 +134.5547 0
L1 01    339 +014.8608 +001.2417 +001.3384 +144.4473 +005.1187 +001.2724 0
L1 02    339 +007.1367 +005.8796 +001.6820 -119.7946 +003.4865 -128.8766 0
L1 03    339 +014.2321 +001.6913 -000.8568 +140.7470 +004.1900 +091.1236 0
L1 04    339 +008.5089 +010.6706 +001.8071 -056.0249 -000.3518 +000.5131 0
L1 05    339 +014.3879 +009.9601 +001.9711 -108.6974 +000.9549 -011.3710 0
L1 06    339 +016.9985 +001.8659 -000.3712 +040.7236 +000.2264 -123.1844 0
L1 07    339 +017.6003 +003.5197 -000.3602 -024.9519 +039.8455 +152.5539 0
L1 08    339 +017.5841 +004.3292 -000.7170 -092.9698 -016.9339 +134.5566 0
L1 01    343 +014.8607 +001.2415 +001.3388 +144.4455 +005.1230 +001.2683 0
L1 02    343 +007.1367 +005.8796 +001.6820 -119.7951 +003.4866 -128.8765 0
L1 03    343 +014.2321 +001.6914 -000.8567 +140.7479 +004.1902 +091.1224 0
L1 04    343 +008.5089 +010.6706 +001.8072 -056.0250 -000.3516 +000.5134 0
L1 05    343 +014.3879 +009.9602 +001.9710 -108.6970 +000.9542 -011.3716 0
L1 06    343 +016.9984 +001.8663 -000.3713 +040.7267 +000.2277 -123.1837 0
L1 07    343 +017.6002 +003.5203 -000.3601 -024.9486 +039.8461 +152.5544 0
L1 08    343 +017.5841 +004.3292 -000.7173 -092.9686 -016.9346 +134.5548 0
L1 01    347 +014.8608 +001.2416 +001.3388 +144.4476 +005.1238 +001.2691 0
L1 02    347 +007.1367 +005.8796 +001.6820 -119.7946 +003.4865 -128.8766 0
L1 03    347 +014.2322 +001.6914 -000.8567 +140.7485 +004.1906 +091.1227 0
L1 04    347 +008.5087 +010.6707 +001.8072 -056.0241 -000.3515 +000.5135 0
L1 05    347 +014.3877 +009.9604 +001.9708 -108.6953 +000.9535 -011.3732 0
L1 06    347 +016.9984 +001.8663 -000.3714 +040.7275 +000.2275 -123.1835 0
L1 07    347 +017.6003 +003.5200 -000.3597 -024.9486 +039.8445 +152.5560 0
L1 08    347 +017.5841 +004.3294 -000.7172 -092.9675 -016.9348 +134.5556 0
L1 01    351 +014.8607 +001.2417 +001.3390 +144.4492 +005.1312 +001.2665 0
L1 02    351 +007.1367 +005.8796 +001.6820 -119.7943 +003.4863 -128.8766 0
L1 03    351 +014.2322 +001.6915 -000.8567 +140.7496 +004.1908 +091.1222 0
L1 04    351 +008.5086 +010.6708 +001.8072 -056.0233 -000.3516 +000.5137 0
L1 05    351 +014.3879 +009.9604 +001.9708 -108.6958 +000.9530 -011.3731 0
L1 06    351 +016.9985 +001.8662 -000.3715 +040.7267 +000.2276 -123.1822 0
L1 07    351 +017.6002 +003.5202 -000.3601 -024.9473 +039.8458 +152.5554 0
L1 08    351 +017.5841 +004.3295 -000.7173 -092.9655 -016.9343 +134.5546 0
L1 01    355 +014.8608 +001.2417 +001.3388 +144.4483 +005.1311 +001.2691 0
L1 02    355 +007.1367 +005.8796 +001.6820 -119.7944 +003.4864 -128.8768 0
L1 03    355 +014.2322 +001.6915 -000.8567 +140.7492 +004.1907 +091.1222 0
L1 04    355 +008.5087 +010.6707 +001.8073 -056.0240 -000.3510 +000.5142 0
L1 05    355 +014.3879 +009.9604 +001.9710 -108.6960 +000.9554 -011.3737 0
L1 06    355 +016.9985 +001.8664 -000.3715 +040.7277 +000.2272 -123.1822 0
L1 07    355 +017.6001 +003.5207 -000.3602 -024.9460 +039.8448 +152.5533 0
L1 08    355 +017.5841 +004.3295 -000.7172 -092.9664 -016.9337 +134.5558 0
L1 01    359 +014.8608 +001.2417 +001.3389 +144.4460 +005.1367 +001.2690 0
L1 02    359 +007.1367 +005.8796 +001.6820 -119.7944 +003.4864 -128.8768 0
L1 03    359 +014.2322 +001.6914 -000.8567 +140.7485 +004.1911 +091.1220 0
L1 04    359 +008.5087 +010.6707 +001.8072 -056.0240 -000.3514 +000.5139 0
L1 05    359 +014.3878 +009.9604 +001.9711 -108.6965 +000.9541 -011.3717 0
L1 06    359 +016.9985 +001.8662 -000.3715 +040.7265 +000.2270 -123.1828 0
L1 07    359 +017.6002 +003.5207 -000.3601 -024.9471 +039.8436 +152.5529 0
L1 08    359 +017.5841 +004.3295 -000.7172 -092.9661 -016.9333 +134.5559 0
L1 01    363 +014.8608 +001.2417 +001.3388 +144.4450 +005.1377 +001.2708 0
L1 02    363 +007.1367 +005.8796 +001.6820 -119.7953 +003.4865 -128.8767 0
L1 03    363 +014.2322 +001.6913 -000.8567 +140.7477 +004.1913 +091.1224 0
L1 04    363 +008.5087 +010.6707 +001.8073 -056.0238 -000.3514 +000.5142 0
L1 05    363 +014.3881 +009.9600 +001.9714 -108.6990 +000.9560 -011.3712 0
L1 06    363 +016.9985 +001.8660 -000.3712 +040.7253 +000.2258 -123.1832 0
L1 07    363 +017.6001 +003.5207 -000.3598 -024.9468 +039.8426 +152.5556 0
L1 08    363 +017.5841 +004.3294 -000.7172 -092.9665 -016.9337 +134.5561 0
L1 01    367 +014.8607 +001.2416 +001.3390 +144.4447 +005.1411 +001.2687 0
L1 02    367 +007.1367 +005.8796 +001.6820 -119.7946 +003.4865 -128.8766 0
L1 03    367 +014.2322 +001.6915 -000.8567 +140.7488 +004.1912 +091.1222 0
L1 04    367 +008.5086 +010.6708 +001.8072 -056.0230 -000.3517 +000.5140 0
L1 05    367 +014.3879 +009.9603 +001.9713 -108.6972 +000.9556 -011.3719 0
L1 06    367 +016.9985 +001.8663 -000.3715 +040.7273 +000.2268 -123.1827 0
L1 07    367 +017.6002 +003.5204 -000.3594 -024.9465 +039.8403 +152.5580 0
L1 08    367 +017.5841 +004.3294 -000.7170 -092.9664 -016.9336 +134.5568 0
L1 01    371 +014.8608 +001.2416 +001.3386 +144.4470 +005.1378 +001.2712 0
L1 02    371 +007.1367 +005.8796 +001.6820 -119.7946 +003.4865 -128.8767 0
L1 03    371 +014.2322 +001.6914 -000.8568 +140.7480 +004.1908 +091.1228 0
L1 04    371 +008.5087 +010.6707 +001.8072 -056.0244 -000.3515 +000.5140 0
L1 05    371 +014.3877 +009.9604 +001.9713 -108.6960 +000.9559 -011.3710 0
L1 06    371 +016.9985 +001.8663 -000.3715 +040.7277 +000.2272 -123.1832 0
L1 07    371 +017.6002 +003.5202 -000.3596 -024.9490 +039.8399 +152.5551 0
L1 08    371 +017.5841 +004.3291 -000.7171 -092.9686 -016.9338 +134.5573 0
L1 01    375 +014.8608 +001.2414 +001.3390 +144.4452 +005.1438 +001.2684 0
L1 02    375 +007.1367 +005.8796 +001.6820 -119.7951 +003.4863 -128.8769 0
L1 03    375 +014.2322 +001.6913 -000.8567 +140.7471 +004.1918 +091.1224 0
L1 04    375 +008.5088 +010.6706 +001.8072 -056.0251 -000.3511 +000.5141 0
L1 05    375 +014.3880 +009.9599 +001.9711 -108.6995 +000.9552 -011.3719 0
L1 06    375 +016.9986 +001.8657 -000.3712 +040.7234 +000.2261 -123.1837 0
L1 07    375 +017.6002 +003.5203 -000.3597 -024.9498 +039.8401 +152.5543 0
L1 08    375 +017.5841 +004.3290 -000.7172 -092.9692 -016.9342 +134.5563 0
L1 01    379 +014.8608 +001.2414 +001.3388 +144.4462 +005.1443 +001.2703 0
L1 02    379 +007.1367 +005.8796 +001.6820 -119.7946 +003.4863 -128.8767 0
L1 03    379 +014.2322 +001.6913 -000.8567 +140.7473 +004.1914 +091.1228 0
L1 04    379 +008.5088 +010.6706 +001.8072 -056.0248 -000.3515 +000.5137 0
L1 05    379 +014.3879 +009.9602 +001.9710 -108.6972 +000.9539 -011.3717 0
L1 06    379 +016.9985 +001.8659 -000.3714 +040.7238 +000.2269 -123.1829 0
L1 07    379 +017.6002 +003.5202 -000.3598 -024.9493 +039.8420 +152.5554 0
L1 08    379 +017.5841 +004.3291 -000.7171 -092.9680 -016.9337 +134.5566 0
L1 01    383 +014.8607 +001.2414 +001.3391 +144.4440 +005.1502 +001.2669 0
L1 02    383 +007.1367 +005.8796 +001.6820 -119.7948 +003.4864 -128.8766 0
L1 03    383 +014.2322 +001.6914 -000.8567 +140.7474 +004.1914 +091.1218 0
L1 04    383 +008.5088 +010.6706 +001.8072 -056.0250 -000.3516 +000.5135 0
L1 05    383 +014.3879 +009.9602 +001.9713 -108.6974 +000.9550 -011.3710 0
L1 06    383 +016.9985 +001.8659 -000.3713 +040.7243 +000.2266 -123.1841 0
L1 07    383 +017.6002 +003.5201 -000.3603 -024.9525 +039.8435 +152.5517 0
L1 08    383 +017.5841 +004.3294 -000.7173 -092.9660 -016.9336 +134.5550 0
L1 01    387 +014.8607 +001.2415 +001.3385 +144.4447 +005.1466 +001.2743 0
L1 02    387 +007.1367 +005.8796 +001.6820 -119.7945 +003.4867 -128.8766 0
L1 03    387 +014.2322 +001.6913 -000.8568 +140.7471 +004.1914 +091.1228 0
L1 04    387 +008.5088 +010.6707 +001.8071 -056.0245 -000.3519 +000.5133 0
L1 05    387 +014.3880 +009.9602 +001.9709 -108.6975 +000.9543 -011.3728 0
L1 06    387 +016.9986 +001.8660 -000.3711 +040.7243 +000.2246 -123.1841 0
L1 07    387 +017.6002 +003.5198 -000.3603 -024.9543 +039.8429 +152.5519 0
L1 08    387 +017.5841 +004.3295 -000.7172 -092.9654 -016.9336 +134.5561 0
L1 01    391 +014.8607 +001.2415 +001.3389 +144.4417 +005.1521 +001.2712 0
L1 02    391 +007.1367 +005.8796 +001.6820 -119.7944 +003.4866 -128.8766 0
L1 03    391 +014.2322 +001.6914 -000.8568 +140.7477 +004.1916 +091.1225 0
L1 04    391 +008.5087 +010.6707 +001.8073 -056.0236 -000.3517 +000.5141 0
L1 05    391 +014.3877 +009.9605 +001.9710 -108.6942 +000.9544 -011.3720 0
L1 06    391 +016.9986 +001.8661 -000.3712 +040.7249 +000.2261 -123.1844 0
L1 07    391 +017.6002 +003.5202 -000.3602 -024.9534 +039.8423 +152.5515 0
L1 08    391 +017.5841 +004.3296 -000.7172 -092.9651 -016.9340 +134.5566 0
L1 01    395 +014.8606 +001.2416 +001.3389 +144.4416 +005.1518 +001.2703 0
L1 02    395 +007.1367 +005.8796 +001.6820 -119.7943 +003.4863 -128.8768 0
L1 03    395 +014.2322 +001.6915 -000.8568 +140.7487 +004.1917 +091.1221 0
L1 04    395 +008.5086 +010.6708 +001.8073 -056.0232 -000.3514 +000.5143 0
L1 05    395 +014.3877 +009.9607 +001.9711 -108.6940 +000.9544 -011.3716 0
L1 06    395 +016.9985 +001.8660 -000.3710 +040.7253 +000.2252 -123.1852 0
L1 07    395 +017.6001 +003.5204 -000.3603 -024.9521 +039.8422 +152.5511 0
L1 08    395 +017.5841 +004.3295 -000.7172 -092.9647 -016.9339 +134.5576 0
L1 01    399 +014.8607 +001.2416 +001.3389 +144.4413 +005.1530 +001.2700 0
L1 02    399 +007.1366 +005.8797 +001.6820 -119.7933 +003.4864 -128.8765 0
L1 03    399 +014.2322 +001.6915 -000.8566 +140.7491 +004.1924 +091.1217 0
L1 04    399 +008.5086 +010.6708 +001.8073 -056.0228 -000.3514 +000.5139 0
L1 05    399 +014.3877 +009.9608 +001.9709 -108.6932 +000.9527 -011.3721 0
L1 06    399 +016.9985 +001.8663 -000.3710 +040.7275 +000.2250 -123.1849 0
L1 07    399 +017.6002 +003.5202 -000.3602 -024.9531 +039.8397 +152.5499 0
L1 08    399 +017.5841 +004.3296 -000.7173 -092.9632 -016.9339 +134.5569 0
L1 01    403 +014.8606 +001.2416 +001.3389 +144.4408 +005.1551 +001.2717 0
L1 02    403 +007.1367 +005.8796 +001.6820 -119.7942 +003.4864 -128.8767 0
L1 03    403 +014.2322 +001.6915 -000.8568 +140.7493 +004.1921 +091.1222 0
L1 04    403 +008.5086 +010.6708 +001.8072 -056.0232 -000.3517 +000.5135 0
L1 05    403 +014.3873 +009.9612 +001.9711 -108.6907 +000.9540 -011.3713 0
L1 06    403 +016.9985 +001.8665 -000.3711 +040.7282 +000.2258 -123.1840 0
L1 07    403 +017.6001 +003.5207 -000.3597 -024.9481 +039.8378 +152.5539 0
L1 08    403 +017.5841 +004.3297 -000.7171 -092.9628 -016.9331 +134.5575 0
L1 01    407 +014.8606 +001.2416 +001.3387 +144.4399 +005.1551 +001.2739 0
L1 02    407 +007.1367 +005.8796 +001.6820 -119.7943 +003.4862 -128.8767 0
L1 03    407 +014.2321 +001.6913 -000.8568 +140.7474 +004.1920 +091.1229 0
L1 04    407 +008.5087 +010.6707 +001.8072 -056.0236 -000.3518 +000.5133 0
L1 05    407 +014.3873 +009.9610 +001.9709 -108.6913 +000.9534 -011.3718 0
L1 06    407 +016.9985 +001.8661 -000.3713 +040.7256 +000.2276 -123.1848 0
L1 07    407 +017.6002 +003.5202 -000.3598 -024.9524 +039.8376 +152.5522 0
L1 08    407 +017.5841 +004.3294 -000.7171 -092.9652 -016.9337 +134.5580 0
L1 01    411 +014.8606 +001.2415 +001.3389 +144.4337 +005.1596 +001.2706 0
L1 02    411 +007.1367 +005.8796 +001.6820 -119.7942 +003.4862 -128.8767 0
L1 03    411 +014.2322 +001.6913 -000.8567 +140.7468 +004.1928 +091.1218 0
L1 04    411 +008.5087 +010.6707 +001.8072 -056.0238 -000.3516 +000.5139 0
L1 05    411 +014.3874 +009.9609 +001.9708 -108.6923 +000.9535 -011.3717 0
L1 06    411 +016.9985 +001.8662 -000.3712 +040.7251 +000.2273 -123.1849 0
L1 07    411 +017.6002 +003.5202 -000.3598 -024.9529 +039.8372 +152.5522 0
L1 08    411 +017.5842 +004.3293 -000.7171 -092.9658 -016.9335 +134.5580 0
L1 01    415 +014.8606 +001.2415 +001.3384 +144.4334 +005.1555 +001.2761 0
L1 02    415 +007.1367 +005.8796 +001.6820 -119.7944 +003.4864 -128.8767 0
L1 03    415 +014.2322 +001.6913 -000.8568 +140.7460 +004.1923 +091.1229 0
L1 04    415 +008.5088 +010.6706 +001.8072 -056.0247 -000.3517 +000.5137 0
L1 05    415 +014.3875 +009.9607 +001.9708 -108.6927 +000.9530 -011.3715 0
L1 06    415 +016.9985 +001.8664 -000.3707 +040.7259 +000.2240 -123.1865 0
L1 07    415 +017.6001 +003.5209 -000.3604 -024.9530 +039.8399 +152.5484 0
L1 08    415 +017.5842 +004.3292 -000.7172 -092.9667 -016.9340 +134.5576 0
L1 01    419 +014.8606 +001.2416 +001.3381 +144.4330 +005.1570 +001.2785 0
L1 02    419 +007.1367 +005.8796 +001.6820 -119.7946 +003.4863 -128.8769 0
L1 03    419 +014.2322 +001.6912 -000.8569 +140.7457 +004.1919 +091.1238 0
L1 04    419 +008.5088 +010.6706 +001.8072 -056.0248 -000.3519 +000.5134 0
L1 05    419 +014.3878 +009.9605 +001.9713 -108.6951 +000.9549 -011.3696 0
L1 06    419 +016.9985 +001.8662 -000.3709 +040.7260 +000.2243 -123.1852 0
L1 07    419 +017.6002 +003.5207 -000.3602 -024.9542 +039.8397 +152.5490 0
L1 08    419 +017.5842 +004.3294 -000.7170 -092.9655 -016.9331 +134.5588 0
L1 01    423 +014.8606 +001.2416 +001.3383 +144.4311 +005.1588 +001.2762 0
L1 02    423 +007.1367 +005.8796 +001.6820 -119.7948 +003.4863 -128.8769 0
L1 03    423 +014.2322 +001.6913 -000.8568 +140.7459 +004.1923 +091.1229 0
L1 04    423 +008.5088 +010.6706 +001.8072 -056.0249 -000.3517 +000.5135 0
L1 05    423 +014.3877 +009.9604 +001.9714 -108.6959 +000.9557 -011.3688 0
L1 06    423 +016.9985 +001.8663 -000.3711 +040.7249 +000.2267 -123.1854 0
L1 07    423 +017.6002 +003.5205 -000.3603 -024.9550 +039.8389 +152.5493 0
L1 08    423 +017.5842 +004.3292 -000.7170 -092.9670 -016.9335 +134.5589 0
L1 01    427 +014.8606 +001.2415 +001.3386 +144.4293 +005.1613 +001.2740 0
L1 02    427 +007.1367 +005.8796 +001.6820 -119.7945 +003.4863 -128.8767 0
L1 03    427 +014.2322 +001.6913 -000.8567 +140.7452 +004.1927 +091.1223 0
L1 04    427 +008.5088 +010.6706 +001.8072 -056.0247 -000.3513 +000.5137 0
L1 05    427 +014.3879 +009.9601 +001.9714 -108.6980 +000.9564 -011.3702 0
L1 06    427 +016.9986 +001.8659 -000.3712 +040.7231 +000.2271 -123.1857 0
L1 07    427 +017.6004 +003.5200 -000.3603 -024.9594 +039.8383 +152.5488 0
L1 08    427 +017.5842 +004.3291 -000.7172 -092.9676 -016.9339 +134.5580 0
L1 01    431 +014.8605 +001.2416 +001.3387 +144.4298 +005.1635 +001.2731 0
L1 02    431 +007.1367 +005.8797 +001.6820 -119.7938 +003.4863 -128.8765 0
L1 03    431 +014.2322 +001.6914 -000.8567 +140.7464 +004.1926 +091.1223 0
L1 04    431 +008.5086 +010.6708 +001.8072 -056.0233 -000.3515 +000.5136 0
L1 05    431 +014.3877 +009.9605 +001.9712 -108.6951 +000.9554 -011.3701 0
L1 06    431 +016.9985 +001.8662 -000.3711 +040.7241 +000.2255 -123.1862 0
L1 07    431 +017.6004 +003.5204 -000.3595 -024.9549 +039.8335 +152.5513 0
L1 08    431 +017.5843 +004.3291 -000.7170 -092.9668 -016.9333 +134.5590 0
L1 01    435 +014.8605 +001.2417 +001.3385 +144.4290 +005.1623 +001.2762 0
L1 02    435 +007.1367 +005.8797 +001.6820 -119.7940 +003.4864 -128.8765 0
L1 03    435 +014.2322 +001.6913 -000.8568 +140.7457 +004.1928 +091.1228 0
L1 04    435 +008.5086 +010.6708 +001.8072 -056.0233 -000.3519 +000.5137 0
L1 05    435 +014.3879 +009.9603 +001.9710 -108.6965 +000.9544 -011.3712 0
L1 06    435 +016.9985 +001.8663 -000.3708 +040.7250 +000.2239 -123.1864 0
L1 07    435 +017.6003 +003.5211 -000.3597 -024.9524 +039.8341 +152.5490 0
L1 08    435 +017.5842 +004.3295 -000.7169 -092.9649 -016.9331 +134.5596 0
L1 01    439 +014.8605 +001.2416 +001.3386 +144.4261 +005.1636 +001.2747 0
L1 02    439 +007.1367 +005.8797 +001.6820 -119.7940 +003.4865 -128.8764 0
L1 03    439 +014.2321 +001.6914 -000.8568 +140.7458 +004.1923 +091.1229 0
L1 04    439 +008.5087 +010.6707 +001.8072 -056.0236 -000.3519 +000.5133 0
L1 05    439 +014.3879 +009.9602 +001.9709 -108.6978 +000.9538 -011.3715 0
L1 06    439 +016.9985 +001.8657 -000.3710 +040.7215 +000.2261 -123.1854 0
L1 07    439 +017.6003 +003.5202 -000.3597 -024.9572 +039.8342 +152.5503 0
L1 08    439 +017.5843 +004.3292 -000.7171 -092.9666 -016.9332 +134.5582 0
L1 01    443 +014.8605 +001.2416 +001.3386 +144.4238 +005.1653 +001.2753 0
L1 02    443 +007.1367 +005.8796 +001.6820 -119.7944 +003.4863 -128.8767 0
L1 03    443 +014.2322 +001.6913 -000.8567 +140.7434 +004.1930 +091.1227 0
L1 04    443 +008.5089 +010.6706 +001.8071 -056.0255 -000.3512 +000.5133 0
L1 05    443 +014.3882 +009.9598 +001.9706 -108.7006 +000.9541 -011.3735 0
L1 06    443 +016.9985 +001.8658 -000.3712 +040.7210 +000.2265 -123.1840 0
L1 07    443 +017.6002 +003.5203 -000.3599 -024.9578 +039.8353 +152.5497 0
L1 08    443 +017.5843 +004.3291 -000.7171 -092.9680 -016.9330 +134.5588 0
L1 01    447 +014.8604 +001.2412 +001.3393 +144.4159 +005.1737 +001.2672 0
L1 02    447 +007.1367 +005.8796 +001.6820 -119.7946 +003.4863 -128.8766 0
L1 03    447 +014.2322 +001.6914 -000.8567 +140.7431 +004.1941 +091.1218 0
L1 04    447 +008.5088 +010.6706 +001.8072 -056.0248 -000.3512 +000.5137 0
L1 05    447 +014.3876 +009.9604 +001.9711 -108.6955 +000.9569 -011.3725 0
L1 06    447 +016.9985 +001.8657 -000.3708 +040.7193 +000.2257 -123.1870 0
L1 07    447 +017.6002 +003.5203 -000.3597 -024.9587 +039.8336 +152.5496 0
L1 08    447 +017.5844 +004.3288 -000.7170 -092.9697 -016.9333 +134.5594 0
L1 01    451 +014.8604 +001.2415 +001.3387 +144.4211 +005.1673 +001.2741 0
L1 02    451 +007.1367 +005.8796 +001.6820 -119.7943 +003.4862 -128.8765 0
L1 03    451 +014.2321 +001.6914 -000.8567 +140.7439 +004.1938 +091.1222 0
L1 04    451 +008.5087 +010.6707 +001.8072 -056.0238 -000.3515 +000.5136 0
L1 05    451 +014.3877 +009.9604 +001.9714 -108.6960 +000.9568 -011.3707 0
L1 06    451 +016.9985 +001.8656 -000.3711 +040.7195 +000.2265 -123.1848 0
L1 07    451 +017.6002 +003.5203 -000.3600 -024.9593 +039.8344 +152.5490 0
L1 08    451 +017.5843 +004.3292 -000.7169 -092.9677 -016.9328 +134.5603 0
L1 01    455 +014.8604 +001.2415 +001.3387 +144.4236 +005.1668 +001.2739 0
L1 02    455 +007.1367 +005.8796 +001.6820 -119.7944 +003.4862 -128.8766 0
L1 03    455 +014.2322 +001.6914 -000.8567 +140.7437 +004.1936 +091.1223 0
L1 04    455 +008.5087 +010.6707 +001.8073 -056.0242 -000.3514 +000.5142 0
L1 05    455 +014.3879 +009.9604 +001.9709 -108.6960 +000.9545 -011.3725 0
L1 06    455 +016.9985 +001.8659 -000.3711 +040.7203 +000.2251 -123.1840 0
L1 07    455 +017.6002 +003.5202 -000.3598 -024.9590 +039.8329 +152.5493 0
L1 08    455 +017.5843 +004.3293 -000.7171 -092.9669 -016.9331 +134.5591 0
L1 01    459 +014.8604 +001.2416 +001.3385 +144.4251 +005.1672 +001.2747 0
L1 02    459 +007.1367 +005.8796 +001.6820 -119.7944 +003.4864 -128.8765 0
L1 03    459 +014.2321 +001.6915 -000.8567 +140.7442 +004.1932 +091.1223 0
L1 04    459 +008.5087 +010.6707 +001.8072 -056.0241 -000.3517 +000.5136 0
L1 05    459 +014.3877 +009.9606 +001.9711 -108.6946 +000.9545 -011.3718 0
L1 06    459 +016.9985 +001.8657 -000.3712 +040.7189 +000.2253 -123.1842 0
L1 07    459 +017.6003 +003.5197 -000.3601 -024.9632 +039.8348 +152.5483 0
L1 08    459 +017.5843 +004.3292 -000.7170 -092.9671 -016.9326 +134.5593 0
L1 01    463 +014.8604 +001.2414 +001.3386 +144.4227 +005.1726 +001.2759 0
L1 02    463 +007.1367 +005.8796 +001.6820 -119.7946 +003.4863 -128.8768 0
L1 03    463 +014.2322 +001.6913 -000.8568 +140.7422 +004.1935 +091.1231 0
L1 04    463 +008.5088 +010.6706 +001.8072 -056.0250 -000.3517 +000.5135 0
L1 05    463 +014.3877 +009.9606 +001.9710 -108.6940 +000.9551 -011.3722 0
L1 06    463 +016.9986 +001.8659 -000.3712 +040.7200 +000.2260 -123.1837 0
L1 07    463 +017.6003 +003.5199 -000.3598 -024.9624 +039.8327 +152.5489 0
L1 08    463 +017.5844 +004.3291 -000.7170 -092.9682 -016.9326 +134.5595 0
L1 01    467 +014.8604 +001.2414 +001.3388 +144.4219 +005.1740 +001.2737 0
L1 02    467 +007.1367 +005.8796 +001.6820 -119.7942 +003.4862 -128.8768 0
L1 03    467 +014.2322 +001.6915 -000.8568 +140.7430 +004.1936 +091.1225 0
L1 04    467 +008.5087 +010.6707 +001.8071 -056.0244 -000.3518 +000.5134 0
L1 05    467 +014.3877 +009.9605 +001.9707 -108.6944 +000.9539 -011.3720 0
L1 06    467 +016.9986 +001.8659 -000.3711 +040.7204 +000.2260 -123.1847 0
L1 07    467 +017.6004 +003.5198 -000.3595 -024.9635 +039.8308 +152.5490 0
L1 08    467 +017.5843 +004.3292 -000.7171 -092.9671 -016.9321 +134.5591 0
L1 01    471 +014.8604 +001.2416 +001.3387 +144.4235 +005.1736 +001.2744 0
L1 02    471 +007.1366 +005.8797 +001.6820 -119.7939 +003.4862 -128.8767 0
L1 03    471 +014.2322 +001.6915 -000.8567 +140.7433 +004.1939 +091.1221 0
L1 04    471 +008.5086 +010.6708 +001.8072 -056.0229 -000.3521 +000.5135 0
L1 05    471 +014.3878 +009.9604 +001.9709 -108.6961 +000.9539 -011.3720 0
L1 06    471 +016.9986 +001.8659 -000.3712 +040.7209 +000.2266 -123.1857 0
L1 07    471 +017.6002 +003.5205 -000.3595 -024.9602 +039.8302 +152.5477 0
L1 08    471 +017.5843 +004.3294 -000.7172 -092.9653 -016.9326 +134.5587 0
L1 01    475 +014.8604 +001.2417 +001.3386 +144.4250 +005.1729 +001.2748 0
L1 02    475 +007.1366 +005.8797 +001.6820 -119.7940 +003.4863 -128.8765 0
L1 03    475 +014.2321 +001.6916 -000.8568 +140.7435 +004.1935 +091.1227 0
L1 04    475 +008.5087 +010.6707 +001.8071 -056.0239 -000.3520 +000.5132 0
L1 05    475 +014.3878 +009.9604 +001.9709 -108.6962 +000.9538 -011.3720 0
L1 06    475 +016.9985 +001.8662 -000.3711 +040.7212 +000.2258 -123.1849 0
L1 07    475 +017.6003 +003.5200 -000.3599 -024.9643 +039.8326 +152.5474 0
L1 08    475 +017.5844 +004.3294 -000.7172 -092.9661 -016.9336 +134.5593 0
L1 01    479 +014.8603 +001.2415 +001.3389 +144.4216 +005.1778 +001.2732 0
L1 02    479 +007.1367 +005.8796 +001.6820 -119.7946 +003.4862 -128.8767 0
L1 03    479 +014.2322 +001.6914 -000.8567 +140.7418 +004.1939 +091.1224 0
L1 04    479 +008.5087 +010.6706 +001.8072 -056.0243 -000.3514 +000.5137 0
L1 05    479 +014.3881 +009.9599 +001.9710 -108.7016 +000.9546 -011.3716 0
L1 06    479 +016.9985 +001.8656 -000.3712 +040.7173 +000.2263 -123.1838 0
L1 07    479 +017.6004 +003.5195 -000.3603 -024.9688 +039.8341 +152.5455 0
L1 08    479 +017.5843 +004.3289 -000.7170 -092.9695 -016.9328 +134.5598 0
L1 01    483 +014.8603 +001.2414 +001.3389 +144.4213 +005.1777 +001.2728 0
L1 02    483 +007.1367 +005.8796 +001.6820 -119.7943 +003.4864 -128.8767 0
L1 03    483 +014.2322 +001.6914 -000.8567 +140.7417 +004.1940 +091.1221 0
L1 04    483 +008.5088 +010.6706 +001.8072 -056.0244 -000.3514 +000.5135 0
L1 05    483 +014.3879 +009.9603 +001.9707 -108.6973 +000.9524 -011.3726 0
L1 06    483 +016.9985 +001.8658 -000.3708 +040.7182 +000.2243 -123.1859 0
L1 07    483 +017.6003 +003.5200 -000.3600 -024.9652 +039.8324 +152.5479 0
L1 08    483 +017.5844 +004.3290 -000.7171 -092.9690 -016.9325 +134.5596 0
L1 01    487 +014.8603 +001.2416 +001.3388 +144.4219 +005.1788 +001.2730 0
L1 02    487 +007.1366 +005.8797 +001.6820 -119.7937 +003.4863 -128.8766 0
L1 03    487 +014.2322 +001.6916 -000.8567 +140.7424 +004.1945 +091.1216 0
L1 04    487 +008.5087 +010.6707 +001.8072 -056.0237 -000.3514 +000.5138 0
L1 05    487 +014.3879 +009.9603 +001.9721 -108.6966 +000.9597 -011.3679 0
L1 06    487 +016.9985 +001.8662 -000.3705 +040.7207 +000.2231 -123.1878 0
L1 07    487 +017.6005 +003.5198 -000.3601 -024.9673 +039.8311 +152.5459 0
L1 08    487 +017.5843 +004.3292 -000.7171 -092.9676 -016.9324 +134.5601 0
L1 01    491 +014.8603 +001.2416 +001.3384 +144.4227 +005.1764 +001.2775 0
L1 02    491 +007.1367 +005.8797 +001.6820 -119.7940 +003.4867 -128.8764 0
L1 03    491 +014.2321 +001.6914 -000.8568 +140.7410 +004.1940 +091.1226 0
L1 04    491 +008.5087 +010.6707 +001.8072 -056.0243 -000.3516 +000.5136 0
L1 05    491 +014.3878 +009.9602 +001.9717 -108.6963 +000.9586 -011.3696 0
L1 06    491 +016.9985 +001.8663 -000.3709 +040.7209 +000.2249 -123.1855 0
L1 07    491 +017.6004 +003.5199 -000.3600 -024.9669 +039.8308 +152.5457 0
L1 08    491 +017.5844 +004.3291 -000.7170 -092.9683 -016.9322 +134.5607 0
L1 01    495 +014.8603 +001.2413 +001.3389 +144.4182 +005.1802 +001.2733 0
L1 02    495 +007.1367 +005.8797 +001.6820 -119.7940 +003.4864 -128.8767 0
L1 03    495 +014.2322 +001.6914 -000.8567 +140.7409 +004.1947 +091.1216 0
L1 04    495 +008.5087 +010.6707 +001.8072 -056.0240 -000.3513 +000.5142 0
L1 05    495 +014.3879 +009.9600 +001.9715 -108.6977 +000.9576 -011.3714 0
L1 06    495 +016.9984 +001.8664 -000.3712 +040.7216 +000.2258 -123.1847 0
L1 07    495 +017.6003 +003.5201 -000.3598 -024.9665 +039.8294 +152.5458 0
L1 08    495 +017.5844 +004.3289 -000.7172 -092.9689 -016.9324 +134.5594 0
L1 01    499 +014.8602 +001.2413 +001.3391 +144.4155 +005.1831 +001.2710 0
L1 02    499 +007.1367 +005.8797 +001.6820 -119.7939 +003.4865 -128.8765 0
L1 03    499 +014.2322 +001.6915 -000.8566 +140.7410 +004.1950 +091.1213 0
L1 04    499 +008.5087 +010.6707 +001.8072 -056.0243 -000.3511 +000.5140 0
L1 05    499 +014.3880 +009.9599 +001.9714 -108.6984 +000.9565 -011.3708 0
L1 06    499 +016.9985 +001.8659 -000.3712 +040.7179 +000.2270 -123.1857 0
L1 07    499 +017.6005 +003.5195 -000.3596 -024.9682 +039.8294 +152.5481 0
L1 08    499 +017.5844 +004.3289 -000.7172 -092.9697 -016.9331 +134.5600 0
L1 01    503 +014.8603 +001.2413 +001.3384 +144.4146 +005.1815 +001.2765 0
L1 02    503 +007.1368 +005.8797 +001.6817 -119.7946 +003.4834 -128.8785 0
L1 03    503 +014.2322 +001.6914 -000.8568 +140.7396 +004.1935 +091.1219 0
L1 04    503 +008.5087 +010.6707 +001.8069 -056.0241 -000.3520 +000.5111 0
L1 05    503 +014.3882 +009.9599 +001.9699 -108.6981 +000.9520 -011.3764 0
L1 06    503 +016.9985 +001.8653 -000.3725 +040.7131 +000.2308 -123.1814 0
L1 07    503 +017.6005 +003.5201 -000.3607 -024.9708 +039.8310 +152.5437 0
L1 08    503 +017.5845 +004.3291 -000.7171 -092.9704 -016.9324 +134.5600 0
L1 01    507 +014.8602 +001.2414 +001.3384 +144.4146 +005.1836 +001.2779 0
L1 02    507 +007.1367 +005.8796 +001.6820 -119.7946 +003.4861 -128.8770 0
L1 03    507 +014.2321 +001.6915 -000.8569 +140.7391 +004.1937 +091.1231 0
L1 04    507 +008.5088 +010.6706 +001.8071 -056.0253 -000.3514 +000.5128 0
L1 05    507 +014.3882 +009.9598 +001.9707 -108.6996 +000.9533 -011.3735 0
L1 06    507 +016.9985 +001.8656 -000.3712 +040.7137 +000.2270 -123.1851 0
L1 07    507 +017.6004 +003.5199 -000.3602 -024.9712 +039.8302 +152.5453 0
L1 08    507 +017.5845 +004.3290 -000.7172 -092.9709 -016.9323 +134.5590 0
L1 01    511 +014.8602 +001.2416 +001.3385 +144.4159 +005.1853 +001.2778 0
L1 02    511 +007.1366 +005.8797 +001.6820 -119.7938 +003.4865 -128.8765 0
L1 03    511 +014.2321 +001.6916 -000.8568 +140.7394 +004.1941 +091.1226 0
L1 04    511 +008.5088 +010.6706 +001.8071 -056.0250 -000.3515 +000.5134 0
L1 05    511 +014.3879 +009.9602 +001.9709 -108.6974 +000.9535 -011.3716 0
L1 06    511 +016.9985 +001.8659 -000.3712 +040.7158 +000.2266 -123.1847 0
L1 07    511 +017.6005 +003.5198 -000.3596 -024.9692 +039.8273 +152.5474 0
L1 08    511 +017.5845 +004.3292 -000.7170 -092.9696 -016.9323 +134.5606 0
L1 01    515 +014.8602 +001.2416 +001.3387 +144.4155 +005.1909 +001.2756 0
L1 02    515 +007.1366 +005.8797 +001.6820 -119.7937 +003.4864 -128.8766 0
L1 03    515 +014.2321 +001.6917 -000.8569 +140.7397 +004.1941 +091.1224 0
L1 04    515 +008.5087 +010.6707 +001.8071 -056.0242 -000.3516 +000.5133 0
L1 05    515 +014.3878 +009.9604 +001.9710 -108.6957 +000.9542 -011.3722 0
L1 06    515 +016.9985 +001.8659 -000.3715 +040.7153 +000.2285 -123.1842 0
L1 07    515 +017.6006 +003.5197 -000.3605 -024.9713 +039.8323 +152.5461 0
L1 08    515 +017.5845 +004.3292 -000.7170 -092.9691 -016.9322 +134.5605 0
L1 01    519 +014.8602 +001.2415 +001.3387 +144.4133 +005.1947 +001.2757 0
L1 02    519 +007.1366 +005.8797 +001.6820 -119.7938 +003.4863 -128.8766 0
L1 03    519 +014.2321 +001.6917 -000.8569 +140.7388 +004.1941 +091.1226 0
L1 04    519 +008.5086 +010.6708 +001.8072 -056.0233 -000.3517 +000.5140 0
L1 05    519 +014.3875 +009.9609 +001.9708 -108.6920 +000.9546 -011.3723 0
L1 06    519 +016.9985 +001.8663 -000.3715 +040.7171 +000.2278 -123.1832 0
L1 07    519 +017.6008 +003.5192 -000.3599 -024.9734 +039.8280 +152.5468 0
L1 08    519 +017.5846 +004.3292 -000.7171 -092.9692 -016.9325 +134.5603 0
L1 01    523 +014.8601 +001.2414 +001.3388 +144.4098 +005.1999 +001.2748 0
L1 02    523 +007.1366 +005.8797 +001.6820 -119.7937 +003.4866 -128.8765 0
L1 03    523 +014.2321 +001.6916 -000.8569 +140.7361 +004.1952 +091.1219 0
L1 04    523 +008.5087 +010.6707 +001.8072 -056.0238 -000.3516 +000.5136 0
L1 05    523 +014.3880 +009.9601 +001.9709 -108.6966 +000.9553 -011.3723 0
L1 06    523 +016.9985 +001.8660 -000.3711 +040.7149 +000.2260 -123.1846 0
L1 07    523 +017.6007 +003.5197 -000.3598 -024.9724 +039.8276 +152.5470 0
L1 08    523 +017.5846 +004.3291 -000.7172 -092.9704 -016.9322 +134.5600 0
L1 01    527 +014.8601 +001.2413 +001.3388 +144.4072 +005.2024 +001.2755 0
L1 02    527 +007.1367 +005.8796 +001.6820 -119.7945 +003.4865 -128.8768 0
L1 03    527 +014.2321 +001.6916 -000.8568 +140.7334 +004.1962 +091.1217 0
L1 04    527 +008.5087 +010.6706 +001.8072 -056.0244 -000.3512 +000.5139 0
L1 05    527 +014.3881 +009.9597 +001.9714 -108.7002 +000.9565 -011.3692 0
L1 06    527 +016.9985 +001.8658 -000.3715 +040.7112 +000.2273 -123.1844 0
L1 07    527 +017.6008 +003.5191 -000.3598 -024.9811 +039.8268 +152.5463 0
L1 08    527 +017.5848 +004.3286 -000.7171 -092.9760 -016.9328 +134.5615 0
L1 01    531 +014.8601 +001.2413 +001.3389 +144.4041 +005.2074 +001.2752 0
L1 02    531 +007.1367 +005.8796 +001.6820 -119.7946 +003.4864 -128.8769 0
L1 03    531 +014.2322 +001.6916 -000.8567 +140.7312 +004.1964 +091.1217 0
L1 04    531 +008.5087 +010.6706 +001.8072 -056.0245 -000.3512 +000.5139 0
L1 05    531 +014.3882 +009.9597 +001.9712 -108.7007 +000.9559 -011.3711 0
L1 06    531 +016.9986 +001.8647 -000.3715 +040.7010 +000.2266 -123.1830 0
L1 07    531 +017.6007 +003.5191 -000.3598 -024.9804 +039.8254 +152.5449 0
L1 08    531 +017.5849 +004.3286 -000.7170 -092.9774 -016.9323 +134.5616 0
L1 01    535 +014.8601 +001.2414 +001.3387 +144.4009 +005.2041 +001.2782 0
L1 02    535 +007.1367 +005.8796 +001.6820 -119.7948 +003.4861 -128.8768 0
L1 03    535 +014.2321 +001.6916 -000.8568 +140.7280 +004.1952 +091.1228 0
L1 04    535 +008.5088 +010.6706 +001.8072 -056.0254 -000.3513 +000.5139 0
L1 05    535 +014.3879 +009.9599 +001.9713 -108.6996 +000.9563 -011.3718 0
L1 06    535 +016.9986 +001.8649 -000.3717 +040.7008 +000.2286 -123.1818 0
L1 07    535 +017.6009 +003.5190 -000.3599 -024.9839 +039.8250 +152.5443 0
L1 08    535 +017.5849 +004.3284 -000.7172 -092.9798 -016.9319 +134.5600 0
