L1 01      3 +016.0217 -000.8530 +001.3492 -148.1108 +004.2102 +001.9254 0
L1 02      3 +007.1366 +005.8795 +001.6815 -119.7948 +003.4700 -128.8709 0
L1 03      3 +015.3752 -001.2622 -000.8482 -153.7570 +004.3189 +091.7923 0
L1 04      3 +008.5084 +010.6706 +001.8049 -056.0234 -000.3704 +000.4907 0
L1 05      3 +014.3870 +009.9599 +001.9691 -108.5514 +000.9066 -011.2218 0
L1 06      3 +016.3828 +001.2757 -000.3748 +108.9632 -002.9513 -124.2532 0
L1 07      3 +015.8541 +002.6035 -000.1338 +021.5635 +044.5607 -175.3507 0
L1 08      3 +015.4962 +003.4131 -000.1529 -070.4613 +005.6616 +134.5646 0
L1 01      7 +016.0218 -000.8531 +001.3493 -148.1121 +004.2108 +001.9258 0
L1 02      7 +007.1366 +005.8795 +001.6815 -119.7951 +003.4701 -128.8712 0
L1 03      7 +015.3753 -001.2623 -000.8481 -153.7577 +004.3197 +091.7925 0
L1 04      7 +008.5084 +010.6705 +001.8048 -056.0241 -000.3703 +000.4905 0
L1 05      7 +014.3872 +009.9595 +001.9690 -108.5548 +000.9064 -011.2223 0
L1 06      7 +016.3828 +001.2756 -000.3749 +108.9619 -002.9508 -124.2526 0
L1 07      7 +015.8541 +002.6035 -000.1338 +021.5623 +044.5607 -175.3516 0
L1 08      7 +015.4962 +003.4131 -000.1529 -070.4626 +005.6612 +134.5648 0
L1 01     11 +016.0217 -000.8531 +001.3489 -148.1113 +004.2086 +001.9244 0
L1 02     11 +007.1366 +005.8795 +001.6815 -119.7953 +003.4700 -128.8712 0
L1 03     11 +015.3752 -001.2623 -000.8483 -153.7585 +004.3188 +091.7920 0
L1 04     11 +008.5085 +010.6705 +001.8048 -056.0246 -000.3704 +000.4905 0
L1 05     11 +014.3873 +009.9595 +001.9690 -108.5552 +000.9059 -011.2227 0
L1 06     11 +016.3829 +001.2759 -000.3750 +108.9642 -002.9518 -124.2521 0
L1 07     11 +015.8542 +002.6033 -000.1337 +021.5607 +044.5605 -175.3522 0
L1 08     11 +015.4962 +003.4132 -000.1529 -070.4618 +005.6617 +134.5650 0
L1 01     15 +016.0217 -000.8534 +001.3488 -148.1135 +004.2080 +001.9241 0
L1 02     15 +007.1367 +005.8794 +001.6814 -119.7961 +003.4699 -128.8717 0
L1 03     15 +015.3752 -001.2624 -000.8482 -153.7600 +004.3189 +091.7921 0
L1 04     15 +008.5086 +010.6704 +001.8049 -056.0255 -000.3701 +000.4909 0
L1 05     15 +014.3877 +009.9588 +001.9691 -108.5604 +000.9072 -011.2228 0
L1 06     15 +016.3828 +001.2758 -000.3747 +108.9638 -002.9506 -124.2534 0
L1 07     15 +015.8542 +002.6030 -000.1338 +021.5592 +044.5600 -175.3505 0
L1 08     15 +015.4962 +003.4131 -000.1527 -070.4630 +005.6613 +134.5663 0
L1 01     19 +016.0217 -000.8534 +001.3490 -148.1135 +004.2089 +001.9236 0
L1 02     19 +007.1366 +005.8795 +001.6814 -119.7955 +003.4698 -128.8714 0
L1 03     19 +015.3752 -001.2624 -000.8482 -153.7602 +004.3188 +091.7918 0
L1 04     19 +008.5086 +010.6704 +001.8048 -056.0255 -000.3704 +000.4905 0
L1 05     19 +014.3876 +009.9588 +001.9699 -108.5601 +000.9113 -011.2200 0
L1 06     19 +016.3828 +001.2755 -000.3749 +108.9616 -002.9504 -124.2523 0
L1 07     19 +015.8542 +002.6028 -000.1337 +021.5549 +044.5601 -175.3531 0
L1 08     19 +015.4962 +003.4128 -000.1527 -070.4652 +005.6604 +134.5660 0
L1 01     23 +016.0217 -000.8532 +001.3492 -148.1115 +004.2102 +001.9250 0
L1 02     23 +007.1366 +005.8795 +001.6814 -119.7953 +003.4700 -128.8710 0
L1 03     23 +015.3753 -001.2623 -000.8483 -153.7583 +004.3188 +091.7923 0
L1 04     23 +008.5085 +010.6705 +001.8050 -056.0246 -000.3702 +000.4914 0
L1 05     23 +014.3871 +009.9596 +001.9692 -108.5555 +000.9066 -011.2210 0
L1 06     23 +016.3829 +001.2753 -000.3747 +108.9603 -002.9514 -124.2539 0
L1 07     23 +015.8542 +002.6031 -000.1337 +021.5586 +044.5592 -175.3521 0
L1 08     23 +015.4962 +003.4130 -000.1528 -070.4635 +005.6605 +134.5656 0
L1 01     27 +016.0217 -000.8533 +001.3491 -148.1122 +004.2098 +001.9242 0
L1 02     27 +007.1366 +005.8795 +001.6814 -119.7952 +003.4699 -128.8712 0
L1 03     27 +015.3752 -001.2624 -000.8483 -153.7591 +004.3187 +091.7918 0
L1 04     27 +008.5086 +010.6704 +001.8049 -056.0249 -000.3702 +000.4909 0
L1 05     27 +014.3871 +009.9598 +001.9686 -108.5538 +000.9049 -011.2233 0
L1 06     27 +016.3828 +001.2754 -000.3747 +108.9607 -002.9516 -124.2538 0
L1 07     27 +015.8542 +002.6034 -000.1339 +021.5591 +044.5605 -175.3530 0
L1 08     27 +015.4962 +003.4129 -000.1528 -070.4643 +005.6604 +134.5658 0
L1 01     31 +016.0217 -000.8534 +001.3491 -148.1131 +004.2096 +001.9251 0
L1 02     31 +007.1366 +005.8795 +001.6814 -119.7953 +003.4701 -128.8711 0
L1 03     31 +015.3753 -001.2624 -000.8482 -153.7594 +004.3192 +091.7924 0
L1 04     31 +008.5086 +010.6704 +001.8049 -056.0258 -000.3700 +000.4906 0
L1 05     31 +014.3871 +009.9596 +001.9688 -108.5543 +000.9052 -011.2234 0
L1 06     31 +016.3828 +001.2755 -000.3746 +108.9616 -002.9507 -124.2539 0
L1 07     31 +015.8542 +002.6031 -000.1341 +021.5573 +044.5618 -175.3518 0
L1 08     31 +015.4962 +003.4129 -000.1528 -070.4647 +005.6603 +134.5657 0
L1 01     35 +016.0217 -000.8530 +001.3494 -148.1096 +004.2112 +001.9255 0
L1 02     35 +007.1366 +005.8795 +001.6814 -119.7953 +003.4698 -128.8711 0
L1 03     35 +015.3752 -001.2624 -000.8482 -153.7583 +004.3197 +091.7923 0
L1 04     35 +008.5085 +010.6705 +001.8049 -056.0246 -000.3702 +000.4907 0
L1 05     35 +014.3869 +009.9599 +001.9691 -108.5523 +000.9067 -011.2227 0
L1 06     35 +016.3828 +001.2752 -000.3747 +108.9604 -002.9516 -124.2530 0
L1 07     35 +015.8542 +002.6033 -000.1340 +021.5591 +044.5604 -175.3516 0
L1 08     35 +015.4961 +003.4131 -000.1529 -070.4630 +005.6601 +134.5652 0
L1 01     39 +016.0217 -000.8534 +001.3494 -148.1118 +004.2112 +001.9264 0
L1 02     39 +007.1366 +005.8795 +001.6815 -119.7949 +003.4698 -128.8710 0
L1 03     39 +015.3752 -001.2624 -000.8481 -153.7590 +004.3194 +091.7929 0
L1 04     39 +008.5086 +010.6705 +001.8049 -056.0249 -000.3704 +000.4908 0
L1 05     39 +014.3872 +009.9596 +001.9687 -108.5547 +000.9050 -011.2242 0
L1 06     39 +016.3828 +001.2751 -000.3749 +108.9597 -002.9512 -124.2514 0
L1 07     39 +015.8541 +002.6032 -000.1340 +021.5575 +044.5609 -175.3534 0
L1 08     39 +015.4961 +003.4131 -000.1529 -070.4632 +005.6598 +134.5650 0
L1 01     43 +016.0217 -000.8533 +001.3493 -148.1120 +004.2110 +001.9257 0
L1 02     43 +007.1366 +005.8795 +001.6814 -119.7951 +003.4699 -128.8711 0
L1 03     43 +015.3753 -001.2625 -000.8481 -153.7600 +004.3196 +091.7926 0
L1 04     43 +008.5086 +010.6704 +001.8049 -056.0256 -000.3699 +000.4906 0
L1 05     43 +014.3872 +009.9596 +001.9684 -108.5551 +000.9037 -011.2252 0
L1 06     43 +016.3829 +001.2749 -000.3752 +108.9580 -002.9507 -124.2503 0
L1 07     43 +015.8542 +002.6029 -000.1337 +021.5549 +044.5587 -175.3533 0
L1 08     43 +015.4962 +003.4129 -000.1528 -070.4650 +005.6591 +134.5655 0
L1 01     47 +016.0217 -000.8533 +001.3492 -148.1114 +004.2097 +001.9260 0
L1 02     47 +007.1366 +005.8795 +001.6815 -119.7949 +003.4698 -128.8710 0
L1 03     47 +015.3752 -001.2622 -000.8482 -153.7579 +004.3189 +091.7922 0
L1 04     47 +008.5085 +010.6705 +001.8048 -056.0243 -000.3704 +000.4903 0
L1 05     47 +014.3873 +009.9594 +001.9687 -108.5560 +000.9053 -011.2229 0
L1 06     47 +016.3828 +001.2753 -000.3750 +108.9610 -002.9517 -124.2511 0
L1 07     47 +015.8541 +002.6031 -000.1338 +021.5561 +044.5593 -175.3546 0
L1 08     47 +015.4961 +003.4131 -000.1529 -070.4631 +005.6593 +134.5649 0
L1 01     51 +016.0217 -000.8531 +001.3491 -148.1093 +004.2087 +001.9254 0
L1 02     51 +007.1366 +005.8795 +001.6815 -119.7945 +003.4699 -128.8708 0
L1 03     51 +015.3752 -001.2622 -000.8482 -153.7576 +004.3189 +091.7923 0
L1 04     51 +008.5084 +010.6706 +001.8049 -056.0233 -000.3703 +000.4909 0
L1 05     51 +014.3871 +009.9596 +001.9691 -108.5551 +000.9063 -011.2202 0
L1 06     51 +016.3828 +001.2756 -000.3749 +108.9636 -002.9516 -124.2519 0
L1 07     51 +015.8541 +002.6033 -000.1339 +021.5570 +044.5592 -175.3546 0
L1 08     51 +015.4961 +003.4133 -000.1528 -070.4618 +005.6596 +134.5654 0
L1 01     55 +016.0217 -000.8529 +001.3490 -148.1086 +004.2084 +001.9237 0
L1 02     55 +007.1366 +005.8795 +001.6815 -119.7946 +003.4700 -128.8707 0
L1 03     55 +015.3753 -001.2623 -000.8482 -153.7583 +004.3191 +091.7918 0
L1 04     55 +008.5085 +010.6705 +001.8048 -056.0238 -000.3704 +000.4905 0
L1 05     55 +014.3876 +009.9590 +001.9694 -108.5594 +000.9088 -011.2223 0
L1 06     55 +016.3828 +001.2757 -000.3747 +108.9635 -002.9504 -124.2531 0
L1 07     55 +015.8541 +002.6034 -000.1336 +021.5568 +044.5567 -175.3543 0
L1 08     55 +015.4962 +003.4130 -000.1528 -070.4634 +005.6589 +134.5658 0
L1 01     59 +016.0217 -000.8531 +001.3490 -148.1093 +004.2077 +001.9248 0
L1 02     59 +007.1366 +005.8795 +001.6815 -119.7946 +003.4700 -128.8707 0
L1 03     59 +015.3752 -001.2623 -000.8482 -153.7582 +004.3188 +091.7921 0
L1 04     59 +008.5085 +010.6705 +001.8048 -056.0241 -000.3703 +000.4907 0
L1 05     59 +014.3874 +009.9593 +001.9692 -108.5565 +000.9072 -011.2221 0
L1 06     59 +016.3828 +001.2754 -000.3749 +108.9622 -002.9520 -124.2518 0
L1 07     59 +015.8540 +002.6037 -000.1335 +021.5588 +044.5564 -175.3544 0
L1 08     59 +015.4961 +003.4132 -000.1528 -070.4628 +005.6591 +134.5656 0
L1 01     63 +016.0217 -000.8528 +001.3489 -148.1066 +004.2069 +001.9238 0
L1 02     63 +007.1366 +005.8795 +001.6815 -119.7945 +003.4699 -128.8707 0
L1 03     63 +015.3752 -001.2623 -000.8482 -153.7580 +004.3187 +091.7925 0
L1 04     63 +008.5085 +010.6706 +001.8049 -056.0238 -000.3703 +000.4908 0
L1 05     63 +014.3874 +009.9593 +001.9695 -108.5567 +000.9083 -011.2206 0
L1 06     63 +016.3828 +001.2755 -000.3747 +108.9632 -002.9512 -124.2523 0
L1 07     63 +015.8542 +002.6034 -000.1338 +021.5585 +044.5577 -175.3529 0
L1 08     63 +015.4961 +003.4133 -000.1528 -070.4618 +005.6587 +134.5655 0
L1 01     67 +016.0217 -000.8532 +001.3489 -148.1096 +004.2059 +001.9235 0
L1 02     67 +007.1366 +005.8795 +001.6815 -119.7944 +003.4700 -128.8708 0
L1 03     67 +015.3752 -001.2625 -000.8482 -153.7591 +004.3183 +091.7924 0
L1 04     67 +008.5085 +010.6706 +001.8048 -056.0241 -000.3710 +000.4907 0
L1 05     67 +014.3871 +009.9597 +001.9691 -108.5550 +000.9062 -011.2223 0
L1 06     67 +016.3828 +001.2754 -000.3746 +108.9617 -002.9507 -124.2532 0
L1 07     67 +015.8542 +002.6036 -000.1337 +021.5598 +044.5572 -175.3524 0
L1 08     67 +015.4961 +003.4133 -000.1528 -070.4625 +005.6587 +134.5653 0
L1 01     71 +016.0217 -000.8532 +001.3491 -148.1099 +004.2069 +001.9242 0
L1 02     71 +007.1366 +005.8795 +001.6814 -119.7953 +003.4698 -128.8710 0
L1 03     71 +015.3752 -001.2626 -000.8482 -153.7612 +004.3182 +091.7925 0
L1 04     71 +008.5085 +010.6705 +001.8048 -056.0246 -000.3709 +000.4903 0
L1 05     71 +014.3874 +009.9591 +001.9691 -108.5586 +000.9065 -011.2223 0
L1 06     71 +016.3828 +001.2753 -000.3745 +108.9610 -002.9515 -124.2533 0
L1 07     71 +015.8541 +002.6034 -000.1338 +021.5576 +044.5576 -175.3524 0
L1 08     71 +015.4962 +003.4130 -000.1527 -070.4647 +005.6585 +134.5658 0
L1 01     75 +016.0217 -000.8532 +001.3490 -148.1088 +004.2064 +001.9238 0
L1 02     75 +007.1366 +005.8795 +001.6815 -119.7945 +003.4700 -128.8707 0
L1 03     75 +015.3752 -001.2625 -000.8482 -153.7593 +004.3183 +091.7925 0
L1 04     75 +008.5084 +010.6706 +001.8048 -056.0237 -000.3711 +000.4906 0
L1 05     75 +014.3871 +009.9597 +001.9692 -108.5535 +000.9060 -011.2212 0
L1 06     75 +016.3829 +001.2753 -000.3747 +108.9618 -002.9518 -124.2526 0
L1 07     75 +015.8542 +002.6033 -000.1341 +021.5595 +044.5590 -175.3499 0
L1 08     75 +015.4962 +003.4131 -000.1528 -070.4635 +005.6583 +134.5651 0
L1 01     79 +016.0217 -000.8532 +001.3489 -148.1085 +004.2065 +001.9237 0
L1 02     79 +007.1366 +005.8795 +001.6815 -119.7942 +003.4700 -128.8707 0
L1 03     79 +015.3752 -001.2624 -000.8483 -153.7580 +004.3183 +091.7919 0
L1 04     79 +008.5084 +010.6706 +001.8048 -056.0237 -000.3710 +000.4908 0
L1 05     79 +014.3871 +009.9597 +001.9694 -108.5543 +000.9071 -011.2192 0
L1 06     79 +016.3829 +001.2754 -000.3749 +108.9625 -002.9519 -124.2508 0
L1 07     79 +015.8542 +002.6029 -000.1339 +021.5563 +044.5580 -175.3513 0
L1 08     79 +015.4961 +003.4132 -000.1529 -070.4633 +005.6584 +134.5648 0
L1 01     83 +016.0217 -000.8534 +001.3490 -148.1100 +004.2066 +001.9242 0
L1 02     83 +007.1366 +005.8795 +001.6814 -119.7945 +003.4697 -128.8710 0
L1 03     83 +015.3752 -001.2626 -000.8483 -153.7603 +004.3181 +091.7922 0
L1 04     83 +008.5086 +010.6705 +001.8048 -056.0248 -000.3707 +000.4905 0
L1 05     83 +014.3870 +009.9599 +001.9687 -108.5529 +000.9048 -011.2230 0
L1 06     83 +016.3829 +001.2752 -000.3748 +108.9611 -002.9505 -124.2509 0
L1 07     83 +015.8542 +002.6030 -000.1340 +021.5556 +044.5577 -175.3516 0
L1 08     83 +015.4961 +003.4131 -000.1528 -070.4646 +005.6587 +134.5653 0
L1 01     87 +016.0217 -000.8533 +001.3490 -148.1089 +004.2065 +001.9241 0
L1 02     87 +007.1366 +005.8795 +001.6814 -119.7946 +003.4695 -128.8708 0
L1 03     87 +015.3752 -001.2625 -000.8483 -153.7598 +004.3180 +091.7923 0
L1 04     87 +008.5084 +010.6706 +001.8048 -056.0236 -000.3709 +000.4906 0
L1 05     87 +014.3874 +009.9594 +001.9691 -108.5559 +000.9064 -011.2219 0
L1 06     87 +016.3829 +001.2752 -000.3749 +108.9608 -002.9507 -124.2507 0
L1 07     87 +015.8542 +002.6032 -000.1338 +021.5552 +044.5571 -175.3533 0
L1 08     87 +015.4962 +003.4131 -000.1528 -070.4643 +005.6583 +134.5656 0
L1 01     91 +016.0217 -000.8533 +001.3490 -148.1085 +004.2069 +001.9249 0
L1 02     91 +007.1366 +005.8795 +001.6814 -119.7949 +003.4697 -128.8710 0
L1 03     91 +015.3752 -001.2624 -000.8483 -153.7588 +004.3179 +091.7922 0
L1 04     91 +008.5085 +010.6705 +001.8049 -056.0243 -000.3706 +000.4911 0
L1 05     91 +014.3872 +009.9596 +001.9692 -108.5545 +000.9067 -011.2210 0
L1 06     91 +016.3829 +001.2752 -000.3750 +108.9609 -002.9506 -124.2501 0
L1 07     91 +015.8540 +002.6038 -000.1334 +021.5591 +044.5542 -175.3536 0
L1 08     91 +015.4961 +003.4131 -000.1527 -070.4638 +005.6579 +134.5661 0
L1 01     95 +016.0217 -000.8533 +001.3491 -148.1089 +004.2067 +001.9247 0
L1 02     95 +007.1366 +005.8795 +001.6814 -119.7949 +003.4696 -128.8710 0
L1 03     95 +015.3752 -001.2626 -000.8483 -153.7601 +004.3182 +091.7924 0
L1 04     95 +008.5085 +010.6705 +001.8048 -056.0245 -000.3704 +000.4907 0
L1 05     95 +014.3872 +009.9594 +001.9692 -108.5562 +000.9069 -011.2215 0
L1 06     95 +016.3828 +001.2754 -000.3750 +108.9614 -002.9513 -124.2505 0
L1 07     95 +015.8542 +002.6032 -000.1337 +021.5539 +044.5557 -175.3544 0
L1 08     95 +015.4961 +003.4131 -000.1529 -070.4647 +005.6575 +134.5655 0
L1 01     99 +016.0217 -000.8533 +001.3492 -148.1093 +004.2077 +001.9247 0
L1 02     99 +007.1366 +005.8795 +001.6814 -119.7946 +003.4696 -128.8709 0
L1 03     99 +015.3752 -001.2625 -000.8482 -153.7603 +004.3186 +091.7930 0
L1 04     99 +008.5086 +010.6704 +001.8049 -056.0249 -000.3704 +000.4908 0
L1 05     99 +014.3877 +009.9589 +001.9690 -108.5596 +000.9063 -011.2228 0
L1 06     99 +016.3828 +001.2755 -000.3749 +108.9615 -002.9508 -124.2514 0
L1 07     99 +015.8542 +002.6028 -000.1339 +021.5526 +044.5561 -175.3525 0
L1 08     99 +015.4961 +003.4130 -000.1528 -070.4655 +005.6568 +134.5662 0
L1 01    103 +016.0216 -000.8533 +001.3490 -148.1083 +004.2060 +001.9239 0
L1 02    103 +007.1366 +005.8795 +001.6814 -119.7945 +003.4696 -128.8709 0
L1 03    103 +015.3752 -001.2625 -000.8483 -153.7599 +004.3183 +091.7923 0
L1 04    103 +008.5084 +010.6706 +001.8048 -056.0232 -000.3706 +000.4905 0
L1 05    103 +014.3871 +009.9597 +001.9692 -108.5538 +000.9064 -011.2210 0
L1 06    103 +016.3829 +001.2757 -000.3750 +108.9635 -002.9517 -124.2513 0
L1 07    103 +015.8542 +002.6030 -000.1335 +021.5514 +044.5540 -175.3549 0
L1 08    103 +015.4961 +003.4132 -000.1528 -070.4641 +005.6569 +134.5667 0
L1 01    107 +016.0217 -000.8534 +001.3489 -148.1092 +004.2065 +001.9240 0
L1 02    107 +007.1366 +005.8795 +001.6814 -119.7952 +003.4696 -128.8710 0
L1 03    107 +015.3752 -001.2625 -000.8483 -153.7597 +004.3188 +091.7920 0
L1 04    107 +008.5085 +010.6705 +001.8048 -056.0246 -000.3702 +000.4904 0
L1 05    107 +014.3871 +009.9596 +001.9691 -108.5546 +000.9061 -011.2215 0
L1 06    107 +016.3829 +001.2753 -000.3747 +108.9609 -002.9511 -124.2523 0
L1 07    107 +015.8541 +002.6032 -000.1336 +021.5527 +044.5546 -175.3543 0
L1 08    107 +015.4961 +003.4130 -000.1528 -070.4656 +005.6569 +134.5663 0
L1 01    111 +016.0217 -000.8534 +001.3490 -148.1093 +004.2071 +001.9254 0
L1 02    111 +007.1366 +005.8795 +001.6814 -119.7952 +003.4697 -128.8710 0
L1 03    111 +015.3752 -001.2625 -000.8483 -153.7600 +004.3189 +091.7924 0
L1 04    111 +008.5085 +010.6705 +001.8049 -056.0246 -000.3701 +000.4909 0
L1 05    111 +014.3871 +009.9595 +001.9692 -108.5551 +000.9068 -011.2213 0
L1 06    111 +016.3828 +001.2756 -000.3749 +108.9622 -002.9509 -124.2502 0
L1 07    111 +015.8540 +002.6034 -000.1337 +021.5534 +044.5547 -175.3540 0
L1 08    111 +015.4962 +003.4128 -000.1528 -070.4674 +005.6567 +134.5668 0
L1 01    115 +016.0217 -000.8532 +001.3490 -148.1076 +004.2064 +001.9248 0
L1 02    115 +007.1366 +005.8795 +001.6814 -119.7944 +003.4695 -128.8710 0
L1 03    115 +015.3752 -001.2626 -000.8483 -153.7601 +004.3187 +091.7926 0
L1 04    115 +008.5085 +010.6705 +001.8048 -056.0240 -000.3706 +000.4906 0
L1 05    115 +014.3873 +009.9593 +001.9691 -108.5566 +000.9059 -011.2207 0
L1 06    115 +016.3829 +001.2750 -000.3745 +108.9605 -002.9505 -124.2531 0
L1 07    115 +015.8542 +002.6032 -000.1337 +021.5497 +044.5540 -175.3564 0
L1 08    115 +015.4961 +003.4131 -000.1529 -070.4648 +005.6574 +134.5660 0
L1 01    119 +016.0217 -000.8531 +001.3490 -148.1072 +004.2073 +001.9245 0
L1 02    119 +007.1366 +005.8795 +001.6814 -119.7949 +003.4696 -128.8710 0
L1 03    119 +015.3752 -001.2625 -000.8482 -153.7598 +004.3195 +091.7925 0
L1 04    119 +008.5085 +010.6705 +001.8049 -056.0240 -000.3705 +000.4907 0
L1 05    119 +014.3871 +009.9595 +001.9692 -108.5556 +000.9063 -011.2210 0
L1 06    119 +016.3829 +001.2752 -000.3747 +108.9596 -002.9511 -124.2522 0
L1 07    119 +015.8543 +002.6027 -000.1336 +021.5477 +044.5535 -175.3555 0
L1 08    119 +015.4961 +003.4131 -000.1528 -070.4653 +005.6567 +134.5663 0
L1 01    123 +016.0217 -000.8534 +001.3489 -148.1085 +004.2065 +001.9240 0
L1 02    123 +007.1366 +005.8795 +001.6814 -119.7951 +003.4698 -128.8711 0
L1 03    123 +015.3752 -001.2627 -000.8483 -153.7616 +004.3188 +091.7918 0
L1 04    123 +008.5085 +010.6705 +001.8048 -056.0247 -000.3707 +000.4906 0
L1 05    123 +014.3873 +009.9593 +001.9688 -108.5573 +000.9047 -011.2224 0
L1 06    123 +016.3829 +001.2752 -000.3748 +108.9596 -002.9515 -124.2513 0
L1 07    123 +015.8542 +002.6030 -000.1334 +021.5474 +044.5527 -175.3568 0
L1 08    123 +015.4961 +003.4130 -000.1528 -070.4665 +005.6563 +134.5665 0
L1 01    127 +016.0217 -000.8532 +001.3492 -148.1071 +004.2079 +001.9252 0
L1 02    127 +007.1366 +005.8795 +001.6814 -119.7948 +003.4698 -128.8710 0
L1 03    127 +015.3752 -001.2625 -000.8482 -153.7595 +004.3194 +091.7923 0
L1 04    127 +008.5085 +010.6705 +001.8048 -056.0242 -000.3707 +000.4906 0
L1 05    127 +014.3874 +009.9593 +001.9689 -108.5567 +000.9056 -011.2233 0
L1 06    127 +016.3828 +001.2754 -000.3750 +108.9613 -002.9511 -124.2498 0
L1 07    127 +015.8541 +002.6029 -000.1337 +021.5487 +044.5535 -175.3557 0
L1 08    127 +015.4961 +003.4131 -000.1528 -070.4650 +005.6560 +134.5665 0
L1 01    131 +016.0218 -000.8536 +001.3495 -148.1088 +004.2099 +001.9273 0
L1 02    131 +007.1366 +005.8795 +001.6814 -119.7947 +003.4697 -128.8712 0
L1 03    131 +015.3752 -001.2624 -000.8481 -153.7585 +004.3202 +091.7933 0
L1 04    131 +008.5085 +010.6705 +001.8049 -056.0245 -000.3702 +000.4909 0
L1 05    131 +014.3874 +009.9592 +001.9694 -108.5575 +000.9078 -011.2212 0
L1 06    131 +016.3829 +001.2752 -000.3747 +108.9592 -002.9520 -124.2512 0
L1 07    131 +015.8541 +002.6031 -000.1336 +021.5493 +044.5525 -175.3557 0
L1 08    131 +015.4961 +003.4131 -000.1529 -070.4657 +005.6558 +134.5661 0
L1 01    135 +016.0217 -000.8534 +001.3495 -148.1081 +004.2103 +001.9267 0
L1 02    135 +007.1366 +005.8795 +001.6814 -119.7947 +003.4698 -128.8710 0
L1 03    135 +015.3753 -001.2622 -000.8482 -153.7571 +004.3201 +091.7929 0
L1 04    135 +008.5085 +010.6705 +001.8049 -056.0243 -000.3701 +000.4911 0
L1 05    135 +014.3875 +009.9592 +001.9689 -108.5576 +000.9057 -011.2240 0
L1 06    135 +016.3829 +001.2755 -000.3749 +108.9610 -002.9529 -124.2503 0
L1 07    135 +015.8542 +002.6028 -000.1335 +021.5471 +044.5523 -175.3565 0
L1 08    135 +015.4961 +003.4131 -000.1529 -070.4656 +005.6556 +134.5659 0
L1 01    139 +016.0217 -000.8534 +001.3493 -148.1072 +004.2094 +001.9247 0
L1 02    139 +007.1367 +005.8795 +001.6813 -119.7950 +003.4683 -128.8719 0
L1 03    139 +015.3753 -001.2622 -000.8481 -153.7572 +004.3205 +091.7919 0
L1 04    139 +008.5087 +010.6705 +001.8043 -056.0248 -000.3714 +000.4861 0
L1 05    139 +014.3868 +009.9600 +001.9692 -108.5503 +000.9063 -011.2239 0
L1 06    139 +016.3828 +001.2756 -000.3752 +108.9610 -002.9537 -124.2488 0
L1 07    139 +015.8542 +002.6027 -000.1336 +021.5486 +044.5523 -175.3536 0
L1 08    139 +015.4961 +003.4131 -000.1529 -070.4655 +005.6559 +134.5659 0
L1 01    143 +016.0217 -000.8538 +001.3495 -148.1096 +004.2096 +001.9264 0
L1 02    143 +007.1366 +005.8795 +001.6814 -119.7949 +003.4697 -128.8711 0
L1 03    143 +015.3752 -001.2625 -000.8480 -153.7590 +004.3204 +091.7934 0
L1 04    143 +008.5087 +010.6704 +001.8049 -056.0259 -000.3702 +000.4906 0
L1 05    143 +014.3872 +009.9594 +001.9693 -108.5564 +000.9080 -011.2234 0
L1 06    143 +016.3828 +001.2752 -000.3749 +108.9591 -002.9530 -124.2498 0
L1 07    143 +015.8542 +002.6027 -000.1340 +021.5480 +044.5538 -175.3536 0
L1 08    143 +015.4961 +003.4131 -000.1528 -070.4664 +005.6556 +134.5663 0
L1 01    147 +016.0217 -000.8534 +001.3494 -148.1068 +004.2091 +001.9260 0
L1 02    147 +007.1366 +005.8795 +001.6814 -119.7944 +003.4696 -128.8708 0
L1 03    147 +015.3752 -001.2624 -000.8480 -153.7582 +004.3210 +091.7931 0
L1 04    147 +008.5085 +010.6705 +001.8048 -056.0240 -000.3705 +000.4906 0
L1 05    147 +014.3872 +009.9595 +001.9690 -108.5555 +000.9060 -011.2232 0
L1 06    147 +016.3828 +001.2754 -000.3749 +108.9609 -002.9522 -124.2492 0
L1 07    147 +015.8542 +002.6030 -000.1338 +021.5489 +044.5535 -175.3555 0
L1 08    147 +015.4960 +003.4132 -000.1526 -070.4649 +005.6551 +134.5674 0
L1 01    151 +016.0217 -000.8535 +001.3496 -148.1064 +004.2097 +001.9265 0
L1 02    151 +007.1366 +005.8795 +001.6814 -119.7948 +003.4696 -128.8709 0
L1 03    151 +015.3752 -001.2625 -000.8481 -153.7580 +004.3203 +091.7931 0
L1 04    151 +008.5084 +010.6706 +001.8048 -056.0231 -000.3708 +000.4903 0
L1 05    151 +014.3873 +009.9595 +001.9691 -108.5552 +000.9065 -011.2229 0
L1 06    151 +016.3828 +001.2753 -000.3747 +108.9615 -002.9518 -124.2501 0
L1 07    151 +015.8541 +002.6030 -000.1339 +021.5502 +044.5528 -175.3537 0
L1 08    151 +015.4961 +003.4132 -000.1527 -070.4645 +005.6551 +134.5669 0
L1 01    155 +016.0217 -000.8537 +001.3496 -148.1084 +004.2108 +001.9269 0
L1 02    155 +007.1366 +005.8795 +001.6815 -119.7951 +003.4698 -128.8710 0
L1 03    155 +015.3752 -001.2625 -000.8480 -153.7590 +004.3207 +091.7936 0
L1 04    155 +008.5085 +010.6705 +001.8049 -056.0243 -000.3704 +000.4908 0
L1 05    155 +014.3877 +009.9587 +001.9691 -108.5617 +000.9069 -011.2222 0
L1 06    155 +016.3828 +001.2753 -000.3749 +108.9605 -002.9516 -124.2492 0
L1 07    155 +015.8541 +002.6031 -000.1341 +021.5488 +044.5533 -175.3554 0
L1 08    155 +015.4961 +003.4131 -000.1527 -070.4660 +005.6546 +134.5672 0
L1 01    159 +016.0217 -000.8537 +001.3495 -148.1075 +004.2092 +001.9267 0
L1 02    159 +007.1366 +005.8795 +001.6814 -119.7947 +003.4697 -128.8709 0
L1 03    159 +015.3752 -001.2624 -000.8480 -153.7580 +004.3207 +091.7937 0
L1 04    159 +008.5085 +010.6705 +001.8049 -056.0239 -000.3706 +000.4914 0
L1 05    159 +014.3872 +009.9595 +001.9690 -108.5560 +000.9060 -011.2229 0
L1 06    159 +016.3829 +001.2754 -000.3748 +108.9617 -002.9524 -124.2501 0
L1 07    159 +015.8541 +002.6033 -000.1338 +021.5516 +044.5514 -175.3540 0
L1 08    159 +015.4960 +003.4134 -000.1527 -070.4642 +005.6546 +134.5678 0
L1 01    163 +016.0216 -000.8532 +001.3493 -148.1042 +004.2077 +001.9257 0
L1 02    163 +007.1366 +005.8795 +001.6814 -119.7944 +003.4696 -128.8706 0
L1 03    163 +015.3752 -001.2624 -000.8480 -153.7572 +004.3205 +091.7927 0
L1 04    163 +008.5085 +010.6705 +001.8049 -056.0238 -000.3708 +000.4912 0
L1 05    163 +014.3872 +009.9594 +001.9689 -108.5555 +000.9051 -011.2221 0
L1 06    163 +016.3828 +001.2756 -000.3749 +108.9633 -002.9511 -124.2493 0
L1 07    163 +015.8542 +002.6032 -000.1336 +021.5493 +044.5499 -175.3563 0
L1 08    163 +015.4960 +003.4133 -000.1526 -070.4642 +005.6546 +134.5684 0
L1 01    167 +016.0217 -000.8535 +001.3494 -148.1067 +004.2078 +001.9259 0
L1 02    167 +007.1366 +005.8795 +001.6815 -119.7951 +003.4698 -128.8707 0
L1 03    167 +015.3752 -001.2625 -000.8481 -153.7591 +004.3202 +091.7929 0
L1 04    167 +008.5086 +010.6704 +001.8049 -056.0252 -000.3705 +000.4906 0
L1 05    167 +014.3874 +009.9591 +001.9688 -108.5586 +000.9049 -011.2231 0
L1 06    167 +016.3828 +001.2752 -000.3750 +108.9594 -002.9519 -124.2487 0
L1 07    167 +015.8543 +002.6026 -000.1334 +021.5446 +044.5492 -175.3572 0
L1 08    167 +015.4961 +003.4132 -000.1526 -070.4660 +005.6542 +134.5680 0
L1 01    171 +016.0217 -000.8536 +001.3494 -148.1070 +004.2078 +001.9261 0
L1 02    171 +007.1366 +005.8795 +001.6815 -119.7947 +003.4697 -128.8706 0
L1 03    171 +015.3752 -001.2625 -000.8480 -153.7587 +004.3206 +091.7931 0
L1 04    171 +008.5085 +010.6705 +001.8048 -056.0244 -000.3709 +000.4906 0
L1 05    171 +014.3871 +009.9596 +001.9693 -108.5554 +000.9072 -011.2217 0
L1 06    171 +016.3828 +001.2755 -000.3750 +108.9611 -002.9517 -124.2481 0
L1 07    171 +015.8541 +002.6031 -000.1338 +021.5480 +044.5519 -175.3560 0
L1 08    171 +015.4961 +003.4131 -000.1527 -070.4659 +005.6541 +134.5670 0
L1 01    175 +016.0216 -000.8535 +001.3491 -148.1057 +004.2060 +001.9248 0
L1 02    175 +007.1366 +005.8795 +001.6815 -119.7950 +003.4699 -128.8706 0
L1 03    175 +015.3752 -001.2624 -000.8481 -153.7579 +004.3201 +091.7927 0
L1 04    175 +008.5085 +010.6705 +001.8048 -056.0236 -000.3712 +000.4906 0
L1 05    175 +014.3876 +009.9592 +001.9691 -108.5581 +000.9064 -011.2232 0
L1 06    175 +016.3828 +001.2755 -000.3746 +108.9618 -002.9507 -124.2507 0
L1 07    175 +015.8541 +002.6034 -000.1339 +021.5495 +044.5525 -175.3564 0
L1 08    175 +015.4960 +003.4133 -000.1527 -070.4643 +005.6541 +134.5674 0
L1 01    179 +016.0217 -000.8534 +001.3491 -148.1055 +004.2062 +001.9245 0
L1 02    179 +007.1366 +005.8795 +001.6815 -119.7950 +003.4701 -128.8707 0
L1 03    179 +015.3752 -001.2625 -000.8481 -153.7588 +004.3202 +091.7924 0
L1 04    179 +008.5085 +010.6705 +001.8049 -056.0245 -000.3708 +000.4908 0
L1 05    179 +014.3875 +009.9592 +001.9689 -108.5583 +000.9059 -011.2233 0
L1 06    179 +016.3829 +001.2753 -000.3747 +108.9608 -002.9502 -124.2511 0
L1 07    179 +015.8542 +002.6034 -000.1339 +021.5461 +044.5529 -175.3596 0
L1 08    179 +015.4961 +003.4133 -000.1526 -070.4658 +005.6535 +134.5682 0
L1 01    183 +016.0217 -000.8536 +001.3490 -148.1062 +004.2062 +001.9239 0
L1 02    183 +007.1366 +005.8795 +001.6815 -119.7951 +003.4701 -128.8707 0
L1 03    183 +015.3752 -001.2625 -000.8481 -153.7587 +004.3205 +091.7921 0
L1 04    183 +008.5086 +010.6705 +001.8048 -056.0248 -000.3708 +000.4903 0
L1 05    183 +014.3874 +009.9594 +001.9686 -108.5575 +000.9046 -011.2234 0
L1 06    183 +016.3829 +001.2750 -000.3749 +108.9595 -002.9504 -124.2497 0
L1 07    183 +015.8541 +002.6035 -000.1337 +021.5407 +044.5527 -175.3645 0
L1 08    183 +015.4962 +003.4132 -000.1526 -070.4669 +005.6536 +134.5692 0
L1 01    187 +016.0216 -000.8534 +001.3488 -148.1038 +004.2046 +001.9233 0
L1 02    187 +007.1366 +005.8795 +001.6815 -119.7947 +003.4701 -128.8707 0
L1 03    187 +015.3752 -001.2626 -000.8481 -153.7595 +004.3198 +091.7925 0
L1 04    187 +008.5085 +010.6705 +001.8049 -056.0243 -000.3708 +000.4907 0
L1 05    187 +014.3872 +009.9597 +001.9687 -108.5539 +000.9040 -011.2227 0
L1 06    187 +016.3829 +001.2749 -000.3744 +108.9595 -002.9518 -124.2529 0
L1 07    187 +015.8542 +002.6037 -000.1335 +021.5413 +044.5493 -175.3661 0
L1 08    187 +015.4961 +003.4134 -000.1526 -070.4646 +005.6531 +134.5688 0
L1 01    191 +016.0216 -000.8534 +001.3489 -148.1040 +004.2052 +001.9237 0
L1 02    191 +007.1366 +005.8795 +001.6815 -119.7946 +003.4697 -128.8708 0
L1 03    191 +015.3752 -001.2626 -000.8481 -153.7594 +004.3201 +091.7927 0
L1 04    191 +008.5085 +010.6705 +001.8049 -056.0240 -000.3707 +000.4907 0
L1 05    191 +014.3871 +009.9597 +001.9691 -108.5541 +000.9060 -011.2213 0
L1 06    191 +016.3829 +001.2752 -000.3747 +108.9611 -002.9516 -124.2518 0
L1 07    191 +015.8542 +002.6034 -000.1339 +021.5378 +044.5536 -175.3664 0
L1 08    191 +015.4961 +003.4133 -000.1526 -070.4650 +005.6530 +134.5687 0
L1 01    195 +016.0217 -000.8537 +001.3492 -148.1061 +004.2072 +001.9258 0
L1 02    195 +007.1366 +005.8795 +001.6815 -119.7948 +003.4697 -128.8709 0
L1 03    195 +015.3752 -001.2625 -000.8480 -153.7590 +004.3208 +091.7932 0
L1 04    195 +008.5086 +010.6704 +001.8048 -056.0253 -000.3706 +000.4903 0
L1 05    195 +014.3871 +009.9596 +001.9690 -108.5554 +000.9055 -011.2229 0
L1 06    195 +016.3829 +001.2751 -000.3747 +108.9593 -002.9504 -124.2502 0
L1 07    195 +015.8542 +002.6033 -000.1338 +021.5347 +044.5527 -175.3684 0
L1 08    195 +015.4961 +003.4132 -000.1526 -070.4662 +005.6527 +134.5687 0
L1 01    199 +016.0217 -000.8537 +001.3495 -148.1062 +004.2093 +001.9264 0
L1 02    199 +007.1366 +005.8795 +001.6815 -119.7947 +003.4698 -128.8708 0
L1 03    199 +015.3752 -001.2625 -000.8480 -153.7585 +004.3213 +091.7931 0
L1 04    199 +008.5086 +010.6705 +001.8048 -056.0249 -000.3705 +000.4903 0
L1 05    199 +014.3875 +009.9592 +001.9689 -108.5596 +000.9055 -011.2229 0
L1 06    199 +016.3829 +001.2752 -000.3747 +108.9599 -002.9516 -124.2509 0
L1 07    199 +015.8542 +002.6030 -000.1339 +021.5344 +044.5528 -175.3670 0
L1 08    199 +015.4961 +003.4133 -000.1526 -070.4657 +005.6521 +134.5690 0
L1 01    203 +016.0217 -000.8534 +001.3492 -148.1034 +004.2069 +001.9249 0
L1 02    203 +007.1366 +005.8795 +001.6815 -119.7947 +003.4698 -128.8708 0
L1 03    203 +015.3752 -001.2626 -000.8480 -153.7589 +004.3214 +091.7928 0
L1 04    203 +008.5085 +010.6705 +001.8048 -056.0242 -000.3708 +000.4902 0
L1 05    203 +014.3874 +009.9592 +001.9687 -108.5575 +000.9039 -011.2240 0
L1 06    203 +016.3828 +001.2755 -000.3749 +108.9625 -002.9522 -124.2498 0
L1 07    203 +015.8542 +002.6030 -000.1339 +021.5348 +044.5523 -175.3660 0
L1 08    203 +015.4961 +003.4133 -000.1526 -070.4657 +005.6523 +134.5689 0
L1 01    207 +016.0216 -000.8535 +001.3491 -148.1045 +004.2064 +001.9247 0
L1 02    207 +007.1366 +005.8795 +001.6815 -119.7948 +003.4698 -128.8708 0
L1 03    207 +015.3752 -001.2626 -000.8481 -153.7597 +004.3208 +091.7925 0
L1 04    207 +008.5086 +010.6704 +001.8048 -056.0256 -000.3705 +000.4901 0
L1 05    207 +014.3873 +009.9591 +001.9687 -108.5577 +000.9049 -011.2236 0
L1 06    207 +016.3828 +001.2752 -000.3749 +108.9600 -002.9526 -124.2501 0
L1 07    207 +015.8542 +002.6030 -000.1336 +021.5328 +044.5508 -175.3680 0
L1 08    207 +015.4961 +003.4132 -000.1526 -070.4671 +005.6524 +134.5690 0
L1 01    211 +016.0217 -000.8536 +001.3493 -148.1047 +004.2081 +001.9262 0
L1 02    211 +007.1366 +005.8795 +001.6814 -119.7948 +003.4697 -128.8710 0
L1 03    211 +015.3752 -001.2625 -000.8481 -153.7590 +004.3214 +091.7929 0
L1 04    211 +008.5086 +010.6704 +001.8049 -056.0251 -000.3704 +000.4908 0
L1 05    211 +014.3872 +009.9594 +001.9692 -108.5567 +000.9070 -011.2220 0
L1 06    211 +016.3829 +001.2753 -000.3747 +108.9601 -002.9505 -124.2504 0
L1 07    211 +015.8542 +002.6030 -000.1336 +021.5308 +044.5508 -175.3698 0
L1 08    211 +015.4961 +003.4131 -000.1526 -070.4682 +005.6520 +134.5687 0
L1 01    215 +016.0216 -000.8539 +001.3492 -148.1060 +004.2078 +001.9260 0
L1 02    215 +007.1366 +005.8795 +001.6814 -119.7947 +003.4697 -128.8709 0
L1 03    215 +015.3752 -001.2625 -000.8481 -153.7589 +004.3208 +091.7927 0
L1 04    215 +008.5086 +010.6704 +001.8049 -056.0249 -000.3703 +000.4912 0
L1 05    215 +014.3870 +009.9596 +001.9693 -108.5542 +000.9068 -011.2199 0
L1 06    215 +016.3828 +001.2756 -000.3746 +108.9628 -002.9511 -124.2513 0
L1 07    215 +015.8541 +002.6035 -000.1339 +021.5347 +044.5516 -175.3681 0
L1 08    215 +015.4960 +003.4133 -000.1526 -070.4665 +005.6518 +134.5683 0
L1 01    219 +016.0216 -000.8537 +001.3491 -148.1048 +004.2075 +001.9253 0
L1 02    219 +007.1366 +005.8795 +001.6814 -119.7951 +003.4697 -128.8710 0
L1 03    219 +015.3752 -001.2625 -000.8482 -153.7590 +004.3203 +091.7922 0
L1 04    219 +008.5086 +010.6704 +001.8048 -056.0250 -000.3706 +000.4907 0
L1 05    219 +014.3873 +009.9593 +001.9690 -108.5566 +000.9057 -011.2209 0
L1 06    219 +016.3828 +001.2757 -000.3749 +108.9637 -002.9516 -124.2487 0
L1 07    219 +015.8541 +002.6035 -000.1339 +021.5339 +044.5521 -175.3689 0
L1 08    219 +015.4961 +003.4132 -000.1526 -070.4669 +005.6515 +134.5687 0
L1 01    223 +016.0216 -000.8536 +001.3493 -148.1039 +004.2084 +001.9255 0
L1 02    223 +007.1366 +005.8795 +001.6814 -119.7948 +003.4697 -128.8708 0
L1 03    223 +015.3752 -001.2624 -000.8481 -153.7580 +004.3207 +091.7929 0
L1 04    223 +008.5085 +010.6704 +001.8049 -056.0247 -000.3706 +000.4906 0
L1 05    223 +014.3872 +009.9595 +001.9687 -108.5555 +000.9057 -011.2238 0
L1 06    223 +016.3829 +001.2752 -000.3747 +108.9607 -002.9506 -124.2503 0
L1 07    223 +015.8542 +002.6034 -000.1337 +021.5331 +044.5504 -175.3689 0
L1 08    223 +015.4961 +003.4132 -000.1527 -070.4669 +005.6513 +134.5684 0
L1 01    227 +016.0216 -000.8538 +001.3494 -148.1052 +004.2088 +001.9265 0
L1 02    227 +007.1366 +005.8795 +001.6815 -119.7949 +003.4699 -128.8708 0
L1 03    227 +015.3752 -001.2625 -000.8480 -153.7586 +004.3210 +091.7937 0
L1 04    227 +008.5086 +010.6704 +001.8048 -056.0253 -000.3706 +000.4905 0
L1 05    227 +014.3870 +009.9596 +001.9687 -108.5546 +000.9053 -011.2234 0
L1 06    227 +016.3828 +001.2751 -000.3748 +108.9590 -002.9514 -124.2497 0
L1 07    227 +015.8542 +002.6032 -000.1337 +021.5318 +044.5500 -175.3687 0
L1 08    227 +015.4961 +003.4133 -000.1527 -070.4666 +005.6513 +134.5680 0
L1 01    231 +016.0216 -000.8535 +001.3493 -148.1029 +004.2083 +001.9254 0
L1 02    231 +007.1366 +005.8795 +001.6814 -119.7947 +003.4698 -128.8709 0
L1 03    231 +015.3752 -001.2625 -000.8480 -153.7590 +004.3214 +091.7935 0
L1 04    231 +008.5086 +010.6704 +001.8049 -056.0254 -000.3703 +000.4908 0
L1 05    231 +014.3869 +009.9598 +001.9693 -108.5535 +000.9077 -011.2221 0
L1 06    231 +016.3828 +001.2757 -000.3744 +108.9629 -002.9505 -124.2521 0
L1 07    231 +015.8542 +002.6031 -000.1339 +021.5305 +044.5509 -175.3695 0
L1 08    231 +015.4961 +003.4132 -000.1527 -070.4672 +005.6512 +134.5683 0
L1 01    235 +016.0216 -000.8534 +001.3493 -148.1016 +004.2071 +001.9257 0
L1 02    235 +007.1366 +005.8795 +001.6814 -119.7945 +003.4698 -128.8708 0
L1 03    235 +015.3752 -001.2625 -000.8481 -153.7586 +004.3206 +091.7932 0
L1 04    235 +008.5086 +010.6704 +001.8049 -056.0251 -000.3703 +000.4910 0
L1 05    235 +014.3869 +009.9598 +001.9690 -108.5535 +000.9053 -011.2232 0
L1 06    235 +016.3828 +001.2757 -000.3746 +108.9635 -002.9502 -124.2506 0
L1 07    235 +015.8541 +002.6035 -000.1342 +021.5327 +044.5524 -175.3693 0
L1 08    235 +015.4961 +003.4133 -000.1528 -070.4667 +005.6511 +134.5681 0
L1 01    239 +016.0217 -000.8534 +001.3492 -148.1022 +004.2081 +001.9247 0
L1 02    239 +007.1366 +005.8795 +001.6814 -119.7949 +003.4699 -128.8710 0
L1 03    239 +015.3752 -001.2625 -000.8480 -153.7591 +004.3219 +091.7931 0
L1 04    239 +008.5086 +010.6704 +001.8048 -056.0257 -000.3703 +000.4905 0
L1 05    239 +014.3872 +009.9595 +001.9688 -108.5565 +000.9048 -011.2234 0
L1 06    239 +016.3829 +001.2755 -000.3748 +108.9612 -002.9511 -124.2494 0
L1 07    239 +015.8542 +002.6034 -000.1341 +021.5310 +044.5516 -175.3697 0
L1 08    239 +015.4961 +003.4131 -000.1526 -070.4687 +005.6509 +134.5691 0
L1 01    244 +016.0216 -000.8537 +001.3489 -148.1032 +004.2051 +001.9248 0
L1 02    244 +007.1366 +005.8795 +001.6815 -119.7950 +003.4700 -128.8710 0
L1 03    244 +015.3752 -001.2626 -000.8480 -153.7601 +004.3211 +091.7937 0
L1 04    244 +008.5087 +010.6703 +001.8049 -056.0260 -000.3704 +000.4907 0
L1 05    244 +014.3875 +009.9590 +001.9695 -108.5583 +000.9075 -011.2205 0
L1 06    244 +016.3828 +001.2755 -000.3746 +108.9607 -002.9502 -124.2519 0
L1 07    244 +015.8542 +002.6034 -000.1338 +021.5306 +044.5494 -175.3706 0
L1 08    244 +015.4961 +003.4134 -000.1525 -070.4665 +005.6505 +134.5704 0
L1 01    248 +016.0216 -000.8535 +001.3493 -148.1027 +004.2072 +001.9257 0
L1 02    248 +007.1366 +005.8795 +001.6815 -119.7950 +003.4699 -128.8709 0
L1 03    248 +015.3752 -001.2626 -000.8479 -153.7598 +004.3222 +091.7935 0
L1 04    248 +008.5086 +010.6704 +001.8048 -056.0257 -000.3705 +000.4904 0
L1 05    248 +014.3874 +009.9590 +001.9696 -108.5587 +000.9091 -011.2199 0
L1 06    248 +016.3828 +001.2754 -000.3746 +108.9610 -002.9503 -124.2506 0
L1 07    248 +015.8541 +002.6034 -000.1339 +021.5297 +044.5499 -175.3711 0
L1 08    248 +015.4961 +003.4133 -000.1526 -070.4669 +005.6498 +134.5695 0
L1 01    252 +016.0216 -000.8535 +001.3492 -148.1030 +004.2062 +001.9252 0
L1 02    252 +007.1366 +005.8795 +001.6815 -119.7953 +003.4701 -128.8709 0
L1 03    252 +015.3752 -001.2628 -000.8481 -153.7608 +004.3211 +091.7934 0
L1 04    252 +008.5087 +010.6703 +001.8049 -056.0265 -000.3704 +000.4906 0
L1 05    252 +014.3874 +009.9590 +001.9695 -108.5593 +000.9091 -011.2205 0
L1 06    252 +016.3829 +001.2753 -000.3747 +108.9604 -002.9508 -124.2509 0
L1 07    252 +015.8542 +002.6033 -000.1337 +021.5273 +044.5486 -175.3712 0
L1 08    252 +015.4961 +003.4132 -000.1526 -070.4684 +005.6496 +134.5693 0
L1 01    256 +016.0216 -000.8535 +001.3488 -148.1024 +004.2027 +001.9231 0
L1 02    256 +007.1366 +005.8795 +001.6815 -119.7946 +003.4699 -128.8708 0
L1 03    256 +015.3752 -001.2627 -000.8481 -153.7604 +004.3206 +091.7931 0
L1 04    256 +008.5086 +010.6704 +001.8049 -056.0255 -000.3705 +000.4907 0
L1 05    256 +014.3875 +009.9591 +001.9686 -108.5596 +000.9051 -011.2224 0
L1 06    256 +016.3828 +001.2755 -000.3745 +108.9620 -002.9511 -124.2529 0
L1 07    256 +015.8542 +002.6031 -000.1335 +021.5266 +044.5479 -175.3718 0
L1 08    256 +015.4961 +003.4132 -000.1526 -070.4682 +005.6498 +134.5692 0
L1 01    260 +016.0216 -000.8537 +001.3493 -148.1042 +004.2063 +001.9260 0
L1 02    260 +007.1366 +005.8795 +001.6815 -119.7946 +003.4697 -128.8707 0
L1 03    260 +015.3752 -001.2626 -000.8480 -153.7593 +004.3212 +091.7934 0
L1 04    260 +008.5086 +010.6704 +001.8048 -056.0252 -000.3705 +000.4906 0
L1 05    260 +014.3875 +009.9592 +001.9691 -108.5585 +000.9075 -011.2223 0
L1 06    260 +016.3828 +001.2754 -000.3748 +108.9611 -002.9516 -124.2497 0
L1 07    260 +015.8541 +002.6034 -000.1340 +021.5274 +044.5506 -175.3724 0
L1 08    260 +015.4961 +003.4131 -000.1527 -070.4693 +005.6497 +134.5686 0
L1 01    264 +016.0217 -000.8535 +001.3493 -148.1026 +004.2066 +001.9249 0
L1 02    264 +007.1366 +005.8795 +001.6815 -119.7952 +003.4700 -128.8707 0
L1 03    264 +015.3752 -001.2627 -000.8481 -153.7599 +004.3208 +091.7932 0
L1 04    264 +008.5086 +010.6704 +001.8049 -056.0255 -000.3703 +000.4911 0
L1 05    264 +014.3874 +009.9590 +001.9692 -108.5594 +000.9077 -011.2217 0
L1 06    264 +016.3828 +001.2755 -000.3748 +108.9603 -002.9507 -124.2503 0
L1 07    264 +015.8542 +002.6029 -000.1340 +021.5249 +044.5500 -175.3717 0
L1 08    264 +015.4961 +003.4130 -000.1526 -070.4695 +005.6494 +134.5695 0
L1 01    268 +016.0216 -000.8536 +001.3494 -148.1029 +004.2068 +001.9262 0
L1 02    268 +007.1366 +005.8795 +001.6815 -119.7949 +003.4703 -128.8705 0
L1 03    268 +015.3752 -001.2625 -000.8481 -153.7588 +004.3209 +091.7930 0
L1 04    268 +008.5087 +010.6704 +001.8049 -056.0255 -000.3701 +000.4908 0
L1 05    268 +014.3879 +009.9586 +001.9691 -108.5612 +000.9065 -011.2237 0
L1 06    268 +016.3828 +001.2755 -000.3749 +108.9603 -002.9515 -124.2491 0
L1 07    268 +015.8541 +002.6031 -000.1341 +021.5261 +044.5504 -175.3715 0
L1 08    268 +015.4961 +003.4132 -000.1526 -070.4683 +005.6494 +134.5694 0
L1 01    272 +016.0216 -000.8536 +001.3492 -148.1027 +004.2054 +001.9252 0
L1 02    272 +007.1366 +005.8795 +001.6815 -119.7949 +003.4701 -128.8707 0
L1 03    272 +015.3752 -001.2626 -000.8481 -153.7595 +004.3207 +091.7928 0
L1 04    272 +008.5087 +010.6703 +001.8049 -056.0261 -000.3703 +000.4907 0
L1 05    272 +014.3875 +009.9590 +001.9692 -108.5583 +000.9074 -011.2224 0
L1 06    272 +016.3828 +001.2755 -000.3747 +108.9611 -002.9500 -124.2499 0
L1 07    272 +015.8542 +002.6031 -000.1335 +021.5255 +044.5471 -175.3736 0
L1 08    272 +015.4960 +003.4132 -000.1526 -070.4686 +005.6494 +134.5692 0
L1 01    276 +016.0216 -000.8539 +001.3492 -148.1041 +004.2059 +001.9250 0
L1 02    276 +007.1366 +005.8794 +001.6815 -119.7955 +003.4698 -128.8708 0
L1 03    276 +015.3752 -001.2627 -000.8481 -153.7604 +004.3209 +091.7928 0
L1 04    276 +008.5087 +010.6703 +001.8049 -056.0262 -000.3702 +000.4908 0
L1 05    276 +014.3876 +009.9587 +001.9695 -108.5606 +000.9089 -011.2224 0
L1 06    276 +016.3828 +001.2755 -000.3747 +108.9608 -002.9513 -124.2502 0
L1 07    276 +015.8542 +002.6029 -000.1337 +021.5256 +044.5480 -175.3710 0
L1 08    276 +015.4961 +003.4132 -000.1527 -070.4691 +005.6496 +134.5688 0
L1 01    280 +016.0216 -000.8538 +001.3493 -148.1034 +004.2062 +001.9254 0
L1 02    280 +007.1366 +005.8795 +001.6814 -119.7945 +003.4696 -128.8708 0
L1 03    280 +015.3752 -001.2626 -000.8481 -153.7599 +004.3211 +091.7930 0
L1 04    280 +008.5087 +010.6703 +001.8049 -056.0259 -000.3702 +000.4909 0
L1 05    280 +014.3873 +009.9593 +001.9688 -108.5568 +000.9055 -011.2247 0
L1 06    280 +016.3828 +001.2752 -000.3746 +108.9587 -002.9510 -124.2497 0
L1 07    280 +015.8541 +002.6033 -000.1339 +021.5278 +044.5494 -175.3711 0
L1 08    280 +015.4960 +003.4131 -000.1527 -070.4695 +005.6492 +134.5684 0
L1 01    284 +016.0216 -000.8538 +001.3496 -148.1030 +004.2087 +001.9267 0
L1 02    284 +007.1366 +005.8795 +001.6814 -119.7951 +003.4696 -128.8708 0
L1 03    284 +015.3752 -001.2627 -000.8480 -153.7595 +004.3215 +091.7932 0
L1 04    284 +008.5087 +010.6703 +001.8048 -056.0260 -000.3703 +000.4903 0
L1 05    284 +014.3871 +009.9595 +001.9693 -108.5554 +000.9071 -011.2212 0
L1 06    284 +016.3828 +001.2751 -000.3749 +108.9579 -002.9515 -124.2475 0
L1 07    284 +015.8541 +002.6031 -000.1335 +021.5264 +044.5471 -175.3711 0
L1 08    284 +015.4960 +003.4131 -000.1527 -070.4696 +005.6491 +134.5681 0
L1 01    288 +016.0216 -000.8540 +001.3495 -148.1038 +004.2075 +001.9268 0
L1 02    288 +007.1366 +005.8795 +001.6814 -119.7947 +003.4696 -128.8707 0
L1 03    288 +015.3751 -001.2626 -000.8480 -153.7592 +004.3214 +091.7933 0
L1 04    288 +008.5087 +010.6703 +001.8049 -056.0262 -000.3700 +000.4904 0
L1 05    288 +014.3873 +009.9592 +001.9694 -108.5580 +000.9079 -011.2204 0
L1 06    288 +016.3827 +001.2755 -000.3751 +108.9605 -002.9525 -124.2469 0
L1 07    288 +015.8541 +002.6030 -000.1335 +021.5265 +044.5466 -175.3705 0
L1 08    288 +015.4960 +003.4132 -000.1525 -070.4690 +005.6486 +134.5692 0
L1 01    292 +016.0216 -000.8535 +001.3494 -148.1007 +004.2074 +001.9252 0
L1 02    292 +007.1366 +005.8795 +001.6814 -119.7944 +003.4696 -128.8707 0
L1 03    292 +015.3752 -001.2626 -000.8480 -153.7594 +004.3211 +091.7929 0
L1 04    292 +008.5087 +010.6704 +001.8048 -056.0258 -000.3705 +000.4906 0
L1 05    292 +014.3871 +009.9594 +001.9695 -108.5556 +000.9082 -011.2194 0
L1 06    292 +016.3827 +001.2755 -000.3748 +108.9610 -002.9515 -124.2483 0
L1 07    292 +015.8542 +002.6026 -000.1335 +021.5242 +044.5464 -175.3704 0
L1 08    292 +015.4961 +003.4130 -000.1525 -070.4702 +005.6487 +134.5694 0
L1 01    296 +016.0216 -000.8538 +001.3492 -148.1022 +004.2057 +001.9255 0
L1 02    296 +007.1366 +005.8795 +001.6814 -119.7949 +003.4697 -128.8708 0
L1 03    296 +015.3751 -001.2627 -000.8480 -153.7607 +004.3205 +091.7929 0
L1 04    296 +008.5087 +010.6703 +001.8049 -056.0261 -000.3703 +000.4908 0
L1 05    296 +014.3875 +009.9590 +001.9693 -108.5585 +000.9068 -011.2214 0
L1 06    296 +016.3828 +001.2754 -000.3749 +108.9606 -002.9525 -124.2479 0
L1 07    296 +015.8542 +002.6032 -000.1337 +021.5275 +044.5472 -175.3695 0
L1 08    296 +015.4960 +003.4131 -000.1526 -070.4701 +005.6486 +134.5695 0
L1 01    300 +016.0216 -000.8535 +001.3492 -148.1002 +004.2054 +001.9249 0
L1 02    300 +007.1366 +005.8795 +001.6814 -119.7949 +003.4697 -128.8708 0
L1 03    300 +015.3751 -001.2627 -000.8482 -153.7601 +004.3202 +091.7923 0
L1 04    300 +008.5086 +010.6704 +001.8048 -056.0247 -000.3707 +000.4905 0
L1 05    300 +014.3872 +009.9594 +001.9690 -108.5554 +000.9051 -011.2217 0
L1 06    300 +016.3828 +001.2754 -000.3747 +108.9615 -002.9513 -124.2490 0
L1 07    300 +015.8541 +002.6035 -000.1339 +021.5301 +044.5468 -175.3688 0
L1 08    300 +015.4961 +003.4131 -000.1526 -070.4697 +005.6484 +134.5693 0
L1 01    304 +016.0216 -000.8538 +001.3492 -148.1012 +004.2059 +001.9257 0
L1 02    304 +007.1366 +005.8795 +001.6814 -119.7949 +003.4697 -128.8708 0
L1 03    304 +015.3752 -001.2627 -000.8481 -153.7596 +004.3208 +091.7929 0
L1 04    304 +008.5086 +010.6704 +001.8048 -056.0255 -000.3705 +000.4907 0
L1 05    304 +014.3875 +009.9590 +001.9693 -108.5589 +000.9074 -011.2210 0
L1 06    304 +016.3828 +001.2754 -000.3749 +108.9604 -002.9520 -124.2484 0
L1 07    304 +015.8541 +002.6030 -000.1340 +021.5268 +044.5471 -175.3689 0
L1 08    304 +015.4961 +003.4131 -000.1524 -070.4701 +005.6480 +134.5700 0
L1 01    308 +016.0216 -000.8539 +001.3492 -148.1023 +004.2060 +001.9254 0
L1 02    308 +007.1366 +005.8794 +001.6814 -119.7952 +003.4698 -128.8709 0
L1 03    308 +015.3751 -001.2628 -000.8481 -153.7613 +004.3204 +091.7930 0
L1 04    308 +008.5088 +010.6702 +001.8049 -056.0273 -000.3702 +000.4911 0
L1 05    308 +014.3877 +009.9588 +001.9692 -108.5603 +000.9068 -011.2215 0
L1 06    308 +016.3828 +001.2751 -000.3747 +108.9581 -002.9507 -124.2489 0
L1 07    308 +015.8543 +002.6028 -000.1340 +021.5241 +044.5472 -175.3705 0
L1 08    308 +015.4961 +003.4131 -000.1525 -070.4707 +005.6477 +134.5699 0
L1 01    312 +016.0216 -000.8539 +001.3492 -148.1013 +004.2056 +001.9256 0
L1 02    312 +007.1366 +005.8795 +001.6814 -119.7949 +003.4696 -128.8708 0
L1 03    312 +015.3752 -001.2626 -000.8481 -153.7593 +004.3211 +091.7932 0
L1 04    312 +008.5086 +010.6704 +001.8049 -056.0255 -000.3706 +000.4909 0
L1 05    312 +014.3876 +009.9590 +001.9689 -108.5591 +000.9059 -011.2229 0
L1 06    312 +016.3828 +001.2756 -000.3749 +108.9611 -002.9511 -124.2484 0
L1 07    312 +015.8541 +002.6035 -000.1338 +021.5282 +044.5460 -175.3710 0
L1 08    312 +015.4960 +003.4132 -000.1526 -070.4688 +005.6476 +134.5691 0
L1 01    316 +016.0216 -000.8537 +001.3489 -148.1001 +004.2042 +001.9241 0
L1 02    316 +007.1366 +005.8795 +001.6814 -119.7950 +003.4698 -128.8708 0
L1 03    316 +015.3752 -001.2627 -000.8481 -153.7601 +004.3210 +091.7926 0
L1 04    316 +008.5087 +010.6703 +001.8049 -056.0262 -000.3704 +000.4909 0
L1 05    316 +014.3874 +009.9592 +001.9691 -108.5585 +000.9065 -011.2222 0
L1 06    316 +016.3828 +001.2751 -000.3748 +108.9588 -002.9504 -124.2481 0
L1 07    316 +015.8541 +002.6036 -000.1337 +021.5279 +044.5450 -175.3705 0
L1 08    316 +015.4961 +003.4130 -000.1525 -070.4708 +005.6473 +134.5701 0
L1 01    320 +016.0217 -000.8537 +001.3493 -148.1006 +004.2064 +001.9258 0
L1 02    320 +007.1366 +005.8795 +001.6814 -119.7952 +003.4697 -128.8708 0
L1 03    320 +015.3752 -001.2627 -000.8481 -153.7598 +004.3215 +091.7930 0
L1 04    320 +008.5087 +010.6703 +001.8049 -056.0265 -000.3703 +000.4912 0
L1 05    320 +014.3874 +009.9591 +001.9690 -108.5588 +000.9054 -011.2228 0
L1 06    320 +016.3828 +001.2753 -000.3751 +108.9589 -002.9525 -124.2456 0
L1 07    320 +015.8541 +002.6034 -000.1334 +021.5263 +044.5436 -175.3710 0
L1 08    320 +015.4961 +003.4130 -000.1526 -070.4715 +005.6473 +134.5697 0
L1 01    324 +016.0216 -000.8536 +001.3493 -148.1003 +004.2065 +001.9252 0
L1 02    324 +007.1366 +005.8795 +001.6815 -119.7951 +003.4698 -128.8707 0
L1 03    324 +015.3751 -001.2627 -000.8481 -153.7599 +004.3212 +091.7929 0
L1 04    324 +008.5087 +010.6703 +001.8049 -056.0266 -000.3704 +000.4911 0
L1 05    324 +014.3875 +009.9590 +001.9690 -108.5587 +000.9067 -011.2236 0
L1 06    324 +016.3827 +001.2756 -000.3753 +108.9609 -002.9508 -124.2446 0
L1 07    324 +015.8541 +002.6031 -000.1336 +021.5230 +044.5439 -175.3722 0
L1 08    324 +015.4960 +003.4131 -000.1526 -070.4712 +005.6472 +134.5696 0
L1 01    328 +016.0216 -000.8536 +001.3494 -148.0993 +004.2062 +001.9261 0
L1 02    328 +007.1365 +005.8795 +001.6815 -119.7940 +003.4701 -128.8705 0
L1 03    328 +015.3751 -001.2625 -000.8482 -153.7586 +004.3205 +091.7930 0
L1 04    328 +008.5087 +010.6704 +001.8049 -056.0259 -000.3705 +000.4912 0
L1 05    328 +014.3872 +009.9594 +001.9691 -108.5551 +000.9059 -011.2216 0
L1 06    328 +016.3828 +001.2750 -000.3749 +108.9584 -002.9510 -124.2472 0
L1 07    328 +015.8541 +002.6032 -000.1342 +021.5255 +044.5471 -175.3717 0
L1 08    328 +015.4960 +003.4132 -000.1527 -070.4694 +005.6464 +134.5692 0
L1 01    332 +016.0216 -000.8537 +001.3493 -148.0999 +004.2068 +001.9259 0
L1 02    332 +007.1366 +005.8795 +001.6815 -119.7947 +003.4699 -128.8707 0
L1 03    332 +015.3751 -001.2625 -000.8481 -153.7583 +004.3211 +091.7932 0
L1 04    332 +008.5088 +010.6703 +001.8049 -056.0267 -000.3701 +000.4911 0
L1 05    332 +014.3874 +009.9591 +001.9689 -108.5579 +000.9058 -011.2225 0
L1 06    332 +016.3828 +001.2752 -000.3748 +108.9596 -002.9525 -124.2477 0
L1 07    332 +015.8540 +002.6034 -000.1336 +021.5248 +044.5443 -175.3731 0
L1 08    332 +015.4960 +003.4132 -000.1526 -070.4702 +005.6464 +134.5697 0
L1 01    336 +016.0217 -000.8538 +001.3493 -148.1002 +004.2061 +001.9258 0
L1 02    336 +007.1366 +005.8794 +001.6815 -119.7952 +003.4700 -128.8708 0
L1 03    336 +015.3751 -001.2626 -000.8481 -153.7594 +004.3213 +091.7931 0
L1 04    336 +008.5087 +010.6703 +001.8049 -056.0267 -000.3699 +000.4908 0
L1 05    336 +014.3873 +009.9592 +001.9688 -108.5579 +000.9059 -011.2234 0
L1 06    336 +016.3828 +001.2753 -000.3751 +108.9600 -002.9514 -124.2465 0
L1 07    336 +015.8542 +002.6029 -000.1335 +021.5206 +044.5435 -175.3737 0
L1 08    336 +015.4960 +003.4130 -000.1526 -070.4716 +005.6464 +134.5698 0
L1 01    340 +016.0216 -000.8536 +001.3493 -148.0979 +004.2057 +001.9260 0
L1 02    340 +007.1366 +005.8795 +001.6815 -119.7949 +003.4699 -128.8709 0
L1 03    340 +015.3751 -001.2627 -000.8482 -153.7596 +004.3204 +091.7929 0
L1 04    340 +008.5086 +010.6704 +001.8049 -056.0257 -000.3701 +000.4911 0
L1 05    340 +014.3873 +009.9593 +001.9691 -108.5560 +000.9062 -011.2228 0
L1 06    340 +016.3828 +001.2755 -000.3746 +108.9621 -002.9509 -124.2492 0
L1 07    340 +015.8541 +002.6033 -000.1334 +021.5225 +044.5422 -175.3736 0
L1 08    340 +015.4960 +003.4131 -000.1527 -070.4711 +005.6465 +134.5691 0
L1 01    344 +016.0216 -000.8537 +001.3493 -148.0990 +004.2055 +001.9256 0
L1 02    344 +007.1366 +005.8795 +001.6815 -119.7951 +003.4701 -128.8707 0
L1 03    344 +015.3751 -001.2627 -000.8482 -153.7599 +004.3203 +091.7926 0
L1 04    344 +008.5087 +010.6703 +001.8048 -056.0257 -000.3703 +000.4905 0
L1 05    344 +014.3872 +009.9595 +001.9689 -108.5559 +000.9059 -011.2239 0
L1 06    344 +016.3827 +001.2755 -000.3744 +108.9618 -002.9509 -124.2493 0
L1 07    344 +015.8541 +002.6030 -000.1337 +021.5213 +044.5440 -175.3729 0
L1 08    344 +015.4960 +003.4130 -000.1526 -070.4717 +005.6463 +134.5696 0
L1 01    348 +016.0216 -000.8537 +001.3493 -148.0986 +004.2063 +001.9259 0
L1 02    348 +007.1366 +005.8795 +001.6815 -119.7950 +003.4699 -128.8707 0
L1 03    348 +015.3751 -001.2627 -000.8481 -153.7591 +004.3213 +091.7931 0
L1 04    348 +008.5086 +010.6704 +001.8048 -056.0254 -000.3701 +000.4905 0
L1 05    348 +014.3871 +009.9597 +001.9689 -108.5549 +000.9050 -011.2214 0
L1 06    348 +016.3828 +001.2755 -000.3749 +108.9607 -002.9525 -124.2467 0
L1 07    348 +015.8541 +002.6030 -000.1335 +021.5207 +044.5426 -175.3735 0
L1 08    348 +015.4960 +003.4131 -000.1526 -070.4711 +005.6460 +134.5695 0
L1 01    352 +016.0217 -000.8535 +001.3495 -148.0976 +004.2082 +001.9272 0
L1 02    352 +007.1366 +005.8795 +001.6814 -119.7942 +003.4696 -128.8708 0
L1 03    352 +015.3751 -001.2625 -000.8479 -153.7569 +004.3226 +091.7938 0
L1 04    352 +008.5085 +010.6704 +001.8049 -056.0247 -000.3702 +000.4908 0
L1 05    352 +014.3873 +009.9594 +001.9692 -108.5569 +000.9064 -011.2222 0
L1 06    352 +016.3827 +001.2753 -000.3750 +108.9598 -002.9527 -124.2455 0
L1 07    352 +015.8541 +002.6026 -000.1336 +021.5178 +044.5431 -175.3748 0
L1 08    352 +015.4960 +003.4131 -000.1527 -070.4710 +005.6454 +134.5693 0
L1 01    356 +016.0217 -000.8536 +001.3495 -148.0978 +004.2077 +001.9267 0
L1 02    356 +007.1366 +005.8795 +001.6814 -119.7945 +003.4696 -128.8707 0
L1 03    356 +015.3751 -001.2626 -000.8480 -153.7586 +004.3229 +091.7931 0
L1 04    356 +008.5086 +010.6704 +001.8049 -056.0252 -000.3702 +000.4908 0
L1 05    356 +014.3873 +009.9592 +001.9693 -108.5579 +000.9075 -011.2219 0
L1 06    356 +016.3828 +001.2751 -000.3749 +108.9585 -002.9520 -124.2466 0
L1 07    356 +015.8540 +002.6029 -000.1336 +021.5200 +044.5426 -175.3732 0
L1 08    356 +015.4960 +003.4131 -000.1527 -070.4715 +005.6456 +134.5693 0
L1 01    360 +016.0216 -000.8537 +001.3495 -148.0976 +004.2070 +001.9269 0
L1 02    360 +007.1366 +005.8795 +001.6815 -119.7946 +003.4699 -128.8708 0
L1 03    360 +015.3751 -001.2624 -000.8479 -153.7574 +004.3223 +091.7939 0
L1 04    360 +008.5086 +010.6704 +001.8050 -056.0256 -000.3702 +000.4915 0
L1 05    360 +014.3874 +009.9591 +001.9698 -108.5588 +000.9099 -011.2202 0
L1 06    360 +016.3828 +001.2753 -000.3743 +108.9601 -002.9511 -124.2503 0
L1 07    360 +015.8540 +002.6031 -000.1338 +021.5210 +044.5434 -175.3736 0
L1 08    360 +015.4960 +003.4131 -000.1526 -070.4708 +005.6457 +134.5701 0
L1 01    364 +016.0217 -000.8538 +001.3494 -148.0993 +004.2066 +001.9264 0
L1 02    364 +007.1366 +005.8795 +001.6815 -119.7951 +003.4698 -128.8708 0
L1 03    364 +015.3752 -001.2626 -000.8480 -153.7587 +004.3221 +091.7934 0
L1 04    364 +008.5087 +010.6703 +001.8049 -056.0264 -000.3698 +000.4913 0
L1 05    364 +014.3873 +009.9591 +001.9696 -108.5579 +000.9094 -011.2206 0
L1 06    364 +016.3827 +001.2754 -000.3749 +108.9599 -002.9527 -124.2469 0
L1 07    364 +015.8541 +002.6031 -000.1339 +021.5202 +044.5440 -175.3742 0
L1 08    364 +015.4960 +003.4130 -000.1526 -070.4716 +005.6454 +134.5704 0
L1 01    368 +016.0216 -000.8537 +001.3495 -148.0981 +004.2064 +001.9266 0
L1 02    368 +007.1366 +005.8794 +001.6815 -119.7953 +003.4698 -128.8708 0
L1 03    368 +015.3751 -001.2626 -000.8480 -153.7590 +004.3223 +091.7937 0
L1 04    368 +008.5087 +010.6703 +001.8049 -056.0264 -000.3701 +000.4908 0
L1 05    368 +014.3872 +009.9593 +001.9695 -108.5575 +000.9091 -011.2208 0
L1 06    368 +016.3827 +001.2754 -000.3746 +108.9608 -002.9520 -124.2487 0
L1 07    368 +015.8541 +002.6031 -000.1338 +021.5192 +044.5433 -175.3749 0
L1 08    368 +015.4960 +003.4129 -000.1526 -070.4726 +005.6453 +134.5705 0
L1 01    372 +016.0216 -000.8538 +001.3493 -148.0982 +004.2048 +001.9261 0
L1 02    372 +007.1366 +005.8795 +001.6814 -119.7948 +003.4697 -128.8708 0
L1 03    372 +015.3751 -001.2627 -000.8481 -153.7592 +004.3212 +091.7931 0
L1 04    372 +008.5087 +010.6703 +001.8048 -056.0260 -000.3705 +000.4908 0
L1 05    372 +014.3872 +009.9593 +001.9697 -108.5572 +000.9092 -011.2195 0
L1 06    372 +016.3828 +001.2753 -000.3746 +108.9604 -002.9518 -124.2485 0
L1 07    372 +015.8541 +002.6031 -000.1337 +021.5189 +044.5422 -175.3753 0
L1 08    372 +015.4960 +003.4132 -000.1525 -070.4709 +005.6451 +134.5708 0
L1 01    376 +016.0217 -000.8535 +001.3492 -148.0972 +004.2051 +001.9253 0
L1 02    376 +007.1366 +005.8795 +001.6814 -119.7951 +003.4698 -128.8708 0
L1 03    376 +015.3751 -001.2627 -000.8482 -153.7599 +004.3211 +091.7930 0
L1 04    376 +008.5087 +010.6703 +001.8048 -056.0268 -000.3704 +000.4903 0
L1 05    376 +014.3874 +009.9591 +001.9697 -108.5590 +000.9097 -011.2196 0
L1 06    376 +016.3828 +001.2750 -000.3748 +108.9584 -002.9517 -124.2470 0
L1 07    376 +015.8542 +002.6028 -000.1339 +021.5184 +044.5429 -175.3733 0
L1 08    376 +015.4961 +003.4128 -000.1525 -070.4740 +005.6444 +134.5708 0
L1 01    380 +016.0217 -000.8537 +001.3491 -148.0967 +004.2049 +001.9248 0
L1 02    380 +007.1367 +005.8795 +001.6813 -119.7953 +003.4682 -128.8718 0
L1 03    380 +015.3751 -001.2627 -000.8482 -153.7593 +004.3214 +091.7921 0
L1 04    380 +008.5088 +010.6703 +001.8048 -056.0265 -000.3705 +000.4894 0
L1 05    380 +014.3870 +009.9597 +001.9691 -108.5563 +000.9085 -011.2204 0
L1 06    380 +016.3827 +001.2753 -000.3747 +108.9599 -002.9520 -124.2468 0
L1 07    380 +015.8542 +002.6028 -000.1339 +021.5173 +044.5427 -175.3738 0
L1 08    380 +015.4961 +003.4132 -000.1526 -070.4718 +005.6448 +134.5710 0
L1 01    384 +016.0216 -000.8537 +001.3491 -148.0963 +004.2047 +001.9248 0
L1 02    384 +007.1366 +005.8794 +001.6814 -119.7953 +003.4694 -128.8709 0
L1 03    384 +015.3751 -001.2626 -000.8481 -153.7590 +004.3217 +091.7925 0
L1 04    384 +008.5087 +010.6703 +001.8048 -056.0257 -000.3705 +000.4905 0
L1 05    384 +014.3872 +009.9593 +001.9694 -108.5566 +000.9085 -011.2203 0
L1 06    384 +016.3827 +001.2757 -000.3750 +108.9625 -002.9520 -124.2457 0
L1 07    384 +015.8541 +002.6030 -000.1339 +021.5170 +044.5429 -175.3758 0
L1 08    384 +015.4961 +003.4131 -000.1526 -070.4723 +005.6446 +134.5708 0
L1 01    388 +016.0216 -000.8536 +001.3491 -148.0962 +004.2037 +001.9253 0
L1 02    388 +007.1366 +005.8794 +001.6814 -119.7951 +003.4695 -128.8710 0
L1 03    388 +015.3751 -001.2627 -000.8481 -153.7596 +004.3216 +091.7930 0
L1 04    388 +008.5086 +010.6703 +001.8049 -056.0258 -000.3703 +000.4907 0
L1 05    388 +014.3872 +009.9594 +001.9691 -108.5569 +000.9073 -011.2224 0
L1 06    388 +016.3828 +001.2752 -000.3748 +108.9602 -002.9532 -124.2472 0
L1 07    388 +015.8542 +002.6030 -000.1336 +021.5169 +044.5408 -175.3757 0
L1 08    388 +015.4961 +003.4132 -000.1526 -070.4717 +005.6443 +134.5704 0
L1 01    392 +016.0216 -000.8537 +001.3493 -148.0972 +004.2059 +001.9256 0
L1 02    392 +007.1366 +005.8794 +001.6814 -119.7953 +003.4693 -128.8709 0
L1 03    392 +015.3751 -001.2627 -000.8480 -153.7600 +004.3222 +091.7928 0
L1 04    392 +008.5087 +010.6703 +001.8048 -056.0265 -000.3701 +000.4904 0
L1 05    392 +014.3872 +009.9594 +001.9689 -108.5571 +000.9061 -011.2229 0
L1 06    392 +016.3828 +001.2751 -000.3748 +108.9586 -002.9523 -124.2471 0
L1 07    392 +015.8542 +002.6029 -000.1334 +021.5147 +044.5397 -175.3771 0
L1 08    392 +015.4960 +003.4130 -000.1526 -070.4731 +005.6445 +134.5705 0
L1 01    396 +016.0216 -000.8538 +001.3493 -148.0974 +004.2052 +001.9261 0
L1 02    396 +007.1366 +005.8795 +001.6814 -119.7947 +003.4695 -128.8710 0
L1 03    396 +015.3751 -001.2627 -000.8481 -153.7595 +004.3213 +091.7931 0
L1 04    396 +008.5087 +010.6703 +001.8049 -056.0261 -000.3701 +000.4906 0
L1 05    396 +014.3874 +009.9592 +001.9691 -108.5573 +000.9071 -011.2230 0
L1 06    396 +016.3828 +001.2751 -000.3744 +108.9593 -002.9511 -124.2492 0
L1 07    396 +015.8540 +002.6033 -000.1333 +021.5160 +044.5401 -175.3785 0
L1 08    396 +015.4960 +003.4131 -000.1525 -070.4721 +005.6440 +134.5712 0
L1 01    400 +016.0216 -000.8536 +001.3492 -148.0956 +004.2046 +001.9261 0
L1 02    400 +007.1366 +005.8795 +001.6814 -119.7951 +003.4697 -128.8711 0
L1 03    400 +015.3752 -001.2625 -000.8481 -153.7578 +004.3221 +091.7931 0
L1 04    400 +008.5086 +010.6704 +001.8049 -056.0252 -000.3704 +000.4906 0
L1 05    400 +014.3872 +009.9594 +001.9695 -108.5555 +000.9079 -011.2203 0
L1 06    400 +016.3828 +001.2754 -000.3749 +108.9615 -002.9512 -124.2467 0
L1 07    400 +015.8541 +002.6033 -000.1336 +021.5154 +044.5419 -175.3796 0
L1 08    400 +015.4961 +003.4132 -000.1525 -070.4715 +005.6434 +134.5714 0
L1 01    404 +016.0217 -000.8536 +001.3494 -148.0954 +004.2065 +001.9266 0
L1 02    404 +007.1366 +005.8795 +001.6814 -119.7947 +003.4697 -128.8709 0
L1 03    404 +015.3752 -001.2625 -000.8481 -153.7574 +004.3229 +091.7930 0
L1 04    404 +008.5085 +010.6705 +001.8049 -056.0245 -000.3699 +000.4906 0
L1 05    404 +014.3876 +009.9589 +001.9693 -108.5588 +000.9080 -011.2221 0
L1 06    404 +016.3828 +001.2752 -000.3749 +108.9591 -002.9506 -124.2463 0
L1 07    404 +015.8541 +002.6031 -000.1333 +021.5115 +044.5404 -175.3808 0
L1 08    404 +015.4961 +003.4130 -000.1526 -070.4729 +005.6430 +134.5709 0
L1 01    408 +016.0217 -000.8536 +001.3492 -148.0951 +004.2057 +001.9266 0
L1 02    408 +007.1366 +005.8795 +001.6814 -119.7944 +003.4696 -128.8709 0
L1 03    408 +015.3752 -001.2625 -000.8481 -153.7571 +004.3225 +091.7927 0
L1 04    408 +008.5086 +010.6704 +001.8049 -056.0251 -000.3701 +000.4908 0
L1 05    408 +014.3875 +009.9590 +001.9691 -108.5587 +000.9070 -011.2224 0
L1 06    408 +016.3828 +001.2758 -000.3754 +108.9622 -002.9515 -124.2438 0
L1 07    408 +015.8540 +002.6035 -000.1336 +021.5101 +044.5417 -175.3844 0
L1 08    408 +015.4960 +003.4132 -000.1526 -070.4716 +005.6434 +134.5709 0
L1 01    412 +016.0217 -000.8533 +001.3492 -148.0919 +004.2052 +001.9266 0
L1 02    412 +007.1366 +005.8795 +001.6814 -119.7942 +003.4696 -128.8708 0
L1 03    412 +015.3752 -001.2624 -000.8480 -153.7562 +004.3229 +091.7932 0
L1 04    412 +008.5084 +010.6706 +001.8049 -056.0238 -000.3704 +000.4907 0
L1 05    412 +014.3867 +009.9602 +001.9692 -108.5495 +000.9060 -011.2213 0
L1 06    412 +016.3828 +001.2755 -000.3751 +108.9627 -002.9515 -124.2458 0
L1 07    412 +015.8540 +002.6036 -000.1336 +021.5089 +044.5420 -175.3872 0
L1 08    412 +015.4960 +003.4134 -000.1526 -070.4701 +005.6432 +134.5709 0
L1 01    416 +016.0217 -000.8535 +001.3493 -148.0939 +004.2050 +001.9267 0
L1 02    416 +007.1366 +005.8795 +001.6815 -119.7944 +003.4697 -128.8708 0
L1 03    416 +015.3752 -001.2624 -000.8481 -153.7566 +004.3218 +091.7933 0
L1 04    416 +008.5085 +010.6705 +001.8048 -056.0244 -000.3705 +000.4902 0
L1 05    416 +014.3870 +009.9598 +001.9692 -108.5524 +000.9063 -011.2214 0
L1 06    416 +016.3828 +001.2757 -000.3750 +108.9640 -002.9521 -124.2460 0
L1 07    416 +015.8540 +002.6034 -000.1337 +021.5053 +044.5428 -175.3894 0
L1 08    416 +015.4960 +003.4133 -000.1526 -070.4707 +005.6428 +134.5710 0
L1 01    420 +016.0217 -000.8537 +001.3495 -148.0954 +004.2066 +001.9273 0
L1 02    420 +007.1366 +005.8795 +001.6815 -119.7946 +003.4697 -128.8710 0
L1 03    420 +015.3752 -001.2627 -000.8480 -153.7580 +004.3230 +091.7938 0
L1 04    420 +008.5086 +010.6704 +001.8049 -056.0252 -000.3703 +000.4908 0
L1 05    420 +014.3871 +009.9597 +001.9694 -108.5541 +000.9089 -011.2211 0
L1 06    420 +016.3828 +001.2756 -000.3747 +108.9623 -002.9509 -124.2474 0
L1 07    420 +015.8540 +002.6034 -000.1339 +021.5046 +044.5438 -175.3892 0
L1 08    420 +015.4960 +003.4132 -000.1526 -070.4721 +005.6425 +134.5708 0
L1 01    424 +016.0217 -000.8535 +001.3494 -148.0934 +004.2063 +001.9271 0
L1 02    424 +007.1366 +005.8795 +001.6815 -119.7943 +003.4698 -128.8709 0
L1 03    424 +015.3752 -001.2624 -000.8479 -153.7562 +004.3232 +091.7938 0
L1 04    424 +008.5084 +010.6706 +001.8049 -056.0232 -000.3703 +000.4911 0
L1 05    424 +014.3872 +009.9596 +001.9693 -108.5541 +000.9080 -011.2211 0
L1 06    424 +016.3828 +001.2755 -000.3747 +108.9625 -002.9520 -124.2473 0
L1 07    424 +015.8540 +002.6036 -000.1338 +021.5067 +044.5433 -175.3878 0
L1 08    424 +015.4960 +003.4132 -000.1526 -070.4709 +005.6429 +134.5712 0
L1 01    428 +016.0217 -000.8535 +001.3494 -148.0930 +004.2055 +001.9274 0
L1 02    428 +007.1366 +005.8795 +001.6815 -119.7942 +003.4700 -128.8708 0
L1 03    428 +015.3752 -001.2624 -000.8481 -153.7559 +004.3228 +091.7933 0
L1 04    428 +008.5084 +010.6706 +001.8049 -056.0235 -000.3706 +000.4912 0
L1 05    428 +014.3870 +009.9599 +001.9690 -108.5535 +000.9066 -011.2210 0
L1 06    428 +016.3828 +001.2754 -000.3748 +108.9608 -002.9519 -124.2467 0
L1 07    428 +015.8541 +002.6037 -000.1338 +021.5077 +044.5426 -175.3878 0
L1 08    428 +015.4960 +003.4133 -000.1526 -070.4708 +005.6427 +134.5708 0
L1 01    432 +016.0217 -000.8536 +001.3494 -148.0946 +004.2060 +001.9268 0
L1 02    432 +007.1366 +005.8795 +001.6815 -119.7948 +003.4700 -128.8710 0
L1 03    432 +015.3752 -001.2626 -000.8481 -153.7580 +004.3227 +091.7934 0
L1 04    432 +008.5086 +010.6704 +001.8050 -056.0253 -000.3702 +000.4912 0
L1 05    432 +014.3872 +009.9596 +001.9691 -108.5560 +000.9060 -011.2210 0
L1 06    432 +016.3828 +001.2751 -000.3741 +108.9597 -002.9518 -124.2513 0
L1 07    432 +015.8541 +002.6034 -000.1335 +021.5056 +044.5407 -175.3869 0
L1 08    432 +015.4961 +003.4131 -000.1527 -070.4731 +005.6427 +134.5707 0
L1 01    436 +016.0216 -000.8533 +001.3493 -148.0920 +004.2049 +001.9261 0
L1 02    436 +007.1366 +005.8795 +001.6815 -119.7943 +003.4701 -128.8707 0
L1 03    436 +015.3752 -001.2626 -000.8481 -153.7580 +004.3222 +091.7926 0
L1 04    436 +008.5085 +010.6705 +001.8049 -056.0245 -000.3706 +000.4910 0
L1 05    436 +014.3872 +009.9596 +001.9690 -108.5550 +000.9051 -011.2218 0
L1 06    436 +016.3828 +001.2754 -000.3745 +108.9604 -002.9510 -124.2487 0
L1 07    436 +015.8541 +002.6034 -000.1335 +021.5057 +044.5410 -175.3869 0
L1 08    436 +015.4960 +003.4132 -000.1526 -070.4718 +005.6419 +134.5710 0
L1 01    440 +016.0216 -000.8534 +001.3492 -148.0919 +004.2039 +001.9257 0
L1 02    440 +007.1366 +005.8795 +001.6815 -119.7941 +003.4699 -128.8709 0
L1 03    440 +015.3752 -001.2625 -000.8482 -153.7577 +004.3220 +091.7925 0
L1 04    440 +008.5084 +010.6705 +001.8049 -056.0239 -000.3707 +000.4910 0
L1 05    440 +014.3869 +009.9599 +001.9689 -108.5522 +000.9052 -011.2219 0
L1 06    440 +016.3828 +001.2754 -000.3747 +108.9614 -002.9510 -124.2489 0
L1 07    440 +015.8541 +002.6035 -000.1334 +021.5055 +044.5402 -175.3882 0
L1 08    440 +015.4960 +003.4133 -000.1525 -070.4712 +005.6421 +134.5715 0
L1 01    444 +016.0216 -000.8537 +001.3490 -148.0936 +004.2021 +001.9247 0
L1 02    444 +007.1366 +005.8795 +001.6815 -119.7949 +003.4698 -128.8710 0
L1 03    444 +015.3751 -001.2627 -000.8482 -153.7593 +004.3211 +091.7924 0
L1 04    444 +008.5086 +010.6704 +001.8048 -056.0253 -000.3709 +000.4906 0
L1 05    444 +014.3874 +009.9592 +001.9689 -108.5569 +000.9060 -011.2223 0
L1 06    444 +016.3828 +001.2753 -000.3746 +108.9601 -002.9516 -124.2488 0
L1 07    444 +015.8541 +002.6032 -000.1336 +021.5021 +044.5410 -175.3891 0
L1 08    444 +015.4960 +003.4133 -000.1525 -070.4722 +005.6418 +134.5717 0
L1 01    448 +016.0216 -000.8537 +001.3489 -148.0933 +004.2020 +001.9247 0
L1 02    448 +007.1366 +005.8795 +001.6815 -119.7948 +003.4698 -128.8709 0
L1 03    448 +015.3752 -001.2627 -000.8482 -153.7590 +004.3214 +091.7925 0
L1 04    448 +008.5086 +010.6705 +001.8048 -056.0249 -000.3707 +000.4900 0
L1 05    448 +014.3872 +009.9596 +001.9690 -108.5544 +000.9052 -011.2216 0
L1 06    448 +016.3828 +001.2755 -000.3745 +108.9615 -002.9507 -124.2497 0
L1 07    448 +015.8541 +002.6031 -000.1332 +021.5003 +044.5376 -175.3910 0
L1 08    448 +015.4960 +003.4133 -000.1525 -070.4717 +005.6417 +134.5722 0
L1 01    452 +016.0217 -000.8538 +001.3494 -148.0943 +004.2055 +001.9270 0
L1 02    452 +007.1366 +005.8795 +001.6815 -119.7947 +003.4697 -128.8710 0
L1 03    452 +015.3752 -001.2624 -000.8480 -153.7560 +004.3233 +091.7937 0
L1 04    452 +008.5085 +010.6705 +001.8049 -056.0247 -000.3704 +000.4907 0
L1 05    452 +014.3872 +009.9596 +001.9691 -108.5545 +000.9061 -011.2225 0
L1 06    452 +016.3828 +001.2753 -000.3749 +108.9601 -002.9515 -124.2463 0
L1 07    452 +015.8541 +002.6031 -000.1333 +021.5012 +044.5381 -175.3892 0
L1 08    452 +015.4960 +003.4132 -000.1527 -070.4721 +005.6419 +134.5709 0
L1 01    456 +016.0217 -000.8537 +001.3492 -148.0924 +004.2042 +001.9266 0
L1 02    456 +007.1366 +005.8795 +001.6815 -119.7945 +003.4698 -128.8709 0
L1 03    456 +015.3752 -001.2625 -000.8480 -153.7569 +004.3235 +091.7936 0
L1 04    456 +008.5085 +010.6705 +001.8049 -056.0243 -000.3704 +000.4909 0
L1 05    456 +014.3875 +009.9591 +001.9689 -108.5582 +000.9061 -011.2245 0
L1 06    456 +016.3828 +001.2756 -000.3746 +108.9625 -002.9511 -124.2489 0
L1 07    456 +015.8541 +002.6033 -000.1333 +021.5038 +044.5374 -175.3879 0
L1 08    456 +015.4960 +003.4133 -000.1527 -070.4713 +005.6417 +134.5713 0
L1 01    460 +016.0217 -000.8537 +001.3494 -148.0927 +004.2053 +001.9268 0
L1 02    460 +007.1366 +005.8795 +001.6815 -119.7944 +003.4698 -128.8711 0
L1 03    460 +015.3752 -001.2625 -000.8480 -153.7572 +004.3237 +091.7934 0
L1 04    460 +008.5085 +010.6705 +001.8049 -056.0245 -000.3704 +000.4909 0
L1 05    460 +014.3873 +009.9592 +001.9689 -108.5571 +000.9062 -011.2240 0
L1 06    460 +016.3828 +001.2756 -000.3747 +108.9620 -002.9525 -124.2480 0
L1 07    460 +015.8542 +002.6030 -000.1337 +021.5026 +044.5401 -175.3865 0
L1 08    460 +015.4961 +003.4132 -000.1526 -070.4725 +005.6413 +134.5716 0
L1 01    464 +016.0216 -000.8538 +001.3493 -148.0935 +004.2045 +001.9267 0
L1 02    464 +007.1366 +005.8795 +001.6815 -119.7947 +003.4698 -128.8710 0
L1 03    464 +015.3752 -001.2627 -000.8481 -153.7589 +004.3234 +091.7933 0
L1 04    464 +008.5085 +010.6705 +001.8049 -056.0249 -000.3703 +000.4911 0
L1 05    464 +014.3872 +009.9595 +001.9690 -108.5560 +000.9063 -011.2228 0
L1 06    464 +016.3828 +001.2756 -000.3748 +108.9617 -002.9523 -124.2469 0
L1 07    464 +015.8542 +002.6030 -000.1337 +021.5009 +044.5400 -175.3875 0
L1 08    464 +015.4961 +003.4131 -000.1525 -070.4733 +005.6411 +134.5725 0
L1 01    468 +016.0216 -000.8538 +001.3494 -148.0931 +004.2054 +001.9272 0
L1 02    468 +007.1366 +005.8795 +001.6814 -119.7945 +003.4697 -128.8709 0
L1 03    468 +015.3752 -001.2626 -000.8480 -153.7573 +004.3236 +091.7932 0
L1 04    468 +008.5085 +010.6705 +001.8049 -056.0241 -000.3706 +000.4911 0
L1 05    468 +014.3871 +009.9597 +001.9690 -108.5539 +000.9057 -011.2211 0
L1 06    468 +016.3828 +001.2758 -000.3750 +108.9625 -002.9515 -124.2450 0
L1 07    468 +015.8542 +002.6028 -000.1332 +021.4981 +044.5374 -175.3896 0
L1 08    468 +015.4960 +003.4133 -000.1524 -070.4715 +005.6405 +134.5729 0
L1 01    472 +016.0217 -000.8540 +001.3495 -148.0940 +004.2065 +001.9286 0
L1 02    472 +007.1366 +005.8795 +001.6815 -119.7948 +003.4698 -128.8709 0
L1 03    472 +015.3752 -001.2625 -000.8480 -153.7564 +004.3244 +091.7933 0
L1 04    472 +008.5085 +010.6705 +001.8049 -056.0248 -000.3705 +000.4911 0
L1 05    472 +014.3872 +009.9594 +001.9694 -108.5562 +000.9074 -011.2211 0
L1 06    472 +016.3829 +001.2752 -000.3747 +108.9581 -002.9506 -124.2465 0
L1 07    472 +015.8541 +002.6031 -000.1334 +021.4992 +044.5386 -175.3903 0
L1 08    472 +015.4960 +003.4132 -000.1524 -070.4725 +005.6403 +134.5727 0
L1 01    476 +016.0217 -000.8536 +001.3495 -148.0917 +004.2062 +001.9277 0
L1 02    476 +007.1366 +005.8795 +001.6815 -119.7945 +003.4698 -128.8710 0
L1 03    476 +015.3752 -001.2625 -000.8480 -153.7565 +004.3242 +091.7931 0
L1 04    476 +008.5085 +010.6705 +001.8049 -056.0242 -000.3703 +000.4909 0
L1 05    476 +014.3872 +009.9594 +001.9693 -108.5562 +000.9083 -011.2216 0
L1 06    476 +016.3828 +001.2751 -000.3744 +108.9588 -002.9499 -124.2484 0
L1 07    476 +015.8541 +002.6029 -000.1335 +021.4987 +044.5380 -175.3895 0
L1 08    476 +015.4961 +003.4131 -000.1524 -070.4733 +005.6404 +134.5730 0
L1 01    480 +016.0217 -000.8537 +001.3496 -148.0927 +004.2063 +001.9283 0
L1 02    480 +007.1366 +005.8795 +001.6814 -119.7946 +003.4696 -128.8710 0
L1 03    480 +015.3752 -001.2625 -000.8480 -153.7565 +004.3238 +091.7933 0
L1 04    480 +008.5085 +010.6705 +001.8049 -056.0244 -000.3706 +000.4906 0
L1 05    480 +014.3874 +009.9593 +001.9691 -108.5578 +000.9067 -011.2221 0
L1 06    480 +016.3828 +001.2753 -000.3747 +108.9597 -002.9514 -124.2464 0
L1 07    480 +015.8541 +002.6029 -000.1335 +021.4986 +044.5377 -175.3896 0
L1 08    480 +015.4960 +003.4131 -000.1525 -070.4733 +005.6402 +134.5723 0
L1 01    484 +016.0217 -000.8537 +001.3494 -148.0920 +004.2042 +001.9275 0
L1 02    484 +007.1366 +005.8795 +001.6815 -119.7943 +003.4697 -128.8709 0
L1 03    484 +015.3752 -001.2626 -000.8481 -153.7576 +004.3233 +091.7928 0
L1 04    484 +008.5085 +010.6705 +001.8049 -056.0247 -000.3708 +000.4906 0
L1 05    484 +014.3876 +009.9590 +001.9691 -108.5597 +000.9062 -011.2216 0
L1 06    484 +016.3829 +001.2750 -000.3745 +108.9585 -002.9506 -124.2474 0
L1 07    484 +015.8542 +002.6031 -000.1335 +021.4990 +044.5384 -175.3902 0
L1 08    484 +015.4960 +003.4134 -000.1525 -070.4723 +005.6405 +134.5724 0
L1 01    488 +016.0217 -000.8535 +001.3493 -148.0911 +004.2039 +001.9263 0
L1 02    488 +007.1366 +005.8795 +001.6815 -119.7941 +003.4699 -128.8708 0
L1 03    488 +015.3752 -001.2625 -000.8481 -153.7572 +004.3231 +091.7927 0
L1 04    488 +008.5085 +010.6705 +001.8048 -056.0247 -000.3707 +000.4906 0
L1 05    488 +014.3873 +009.9594 +001.9691 -108.5570 +000.9062 -011.2217 0
L1 06    488 +016.3829 +001.2754 -000.3746 +108.9613 -002.9519 -124.2477 0
L1 07    488 +015.8542 +002.6032 -000.1336 +021.5006 +044.5386 -175.3893 0
L1 08    488 +015.4960 +003.4132 -000.1525 -070.4733 +005.6399 +134.5721 0
L1 01    492 +016.0216 -000.8537 +001.3493 -148.0920 +004.2039 +001.9266 0
L1 02    492 +007.1366 +005.8795 +001.6815 -119.7943 +003.4698 -128.8709 0
L1 03    492 +015.3752 -001.2625 -000.8480 -153.7579 +004.3234 +091.7935 0
L1 04    492 +008.5086 +010.6704 +001.8049 -056.0255 -000.3704 +000.4912 0
L1 05    492 +014.3874 +009.9593 +001.9689 -108.5575 +000.9047 -011.2222 0
L1 06    492 +016.3829 +001.2753 -000.3746 +108.9601 -002.9514 -124.2478 0
L1 07    492 +015.8541 +002.6033 -000.1338 +021.5009 +044.5398 -175.3892 0
L1 08    492 +015.4960 +003.4133 -000.1525 -070.4731 +005.6396 +134.5724 0
L1 01    496 +016.0217 -000.8535 +001.3494 -148.0906 +004.2051 +001.9270 0
L1 02    496 +007.1366 +005.8795 +001.6815 -119.7943 +003.4699 -128.8708 0
L1 03    496 +015.3752 -001.2625 -000.8480 -153.7571 +004.3237 +091.7933 0
L1 04    496 +008.5085 +010.6705 +001.8049 -056.0244 -000.3703 +000.4912 0
L1 05    496 +014.3874 +009.9593 +001.9686 -108.5588 +000.9045 -011.2237 0
L1 06    496 +016.3828 +001.2755 -000.3746 +108.9622 -002.9511 -124.2474 0
L1 07    496 +015.8541 +002.6032 -000.1338 +021.5006 +044.5391 -175.3880 0
L1 08    496 +015.4960 +003.4134 -000.1524 -070.4719 +005.6393 +134.5728 0
L1 01    500 +016.0217 -000.8536 +001.3493 -148.0900 +004.2032 +001.9266 0
L1 02    500 +007.1366 +005.8795 +001.6815 -119.7944 +003.4697 -128.8709 0
L1 03    500 +015.3752 -001.2625 -000.8481 -153.7567 +004.3229 +091.7925 0
L1 04    500 +008.5085 +010.6705 +001.8049 -056.0246 -000.3707 +000.4910 0
L1 05    500 +014.3870 +009.9600 +001.9689 -108.5546 +000.9046 -011.2228 0
L1 06    500 +016.3828 +001.2758 -000.3748 +108.9634 -002.9515 -124.2470 0
L1 07    500 +015.8541 +002.6036 -000.1340 +021.5036 +044.5405 -175.3883 0
L1 08    500 +015.4960 +003.4134 -000.1525 -070.4723 +005.6397 +134.5723 0
L1 01    504 +016.0217 -000.8536 +001.3494 -148.0907 +004.2039 +001.9267 0
L1 02    504 +007.1366 +005.8795 +001.6815 -119.7942 +003.4698 -128.8708 0
L1 03    504 +015.3752 -001.2625 -000.8482 -153.7569 +004.3226 +091.7926 0
L1 04    504 +008.5085 +010.6704 +001.8050 -056.0249 -000.3705 +000.4917 0
L1 05    504 +014.3872 +009.9594 +001.9692 -108.5552 +000.9070 -011.2214 0
L1 06    504 +016.3828 +001.2755 -000.3745 +108.9605 -002.9511 -124.2474 0
L1 07    504 +015.8541 +002.6033 -000.1341 +021.5027 +044.5402 -175.3864 0
L1 08    504 +015.4960 +003.4131 -000.1525 -070.4742 +005.6398 +134.5719 0
L1 01    508 +016.0217 -000.8535 +001.3495 -148.0902 +004.2040 +001.9273 0
L1 02    508 +007.1366 +005.8795 +001.6815 -119.7943 +003.4697 -128.8706 0
L1 03    508 +015.3752 -001.2624 -000.8482 -153.7564 +004.3225 +091.7927 0
L1 04    508 +008.5085 +010.6705 +001.8050 -056.0246 -000.3704 +000.4915 0
L1 05    508 +014.3875 +009.9591 +001.9690 -108.5583 +000.9055 -011.2233 0
L1 06    508 +016.3828 +001.2755 -000.3747 +108.9613 -002.9503 -124.2460 0
L1 07    508 +015.8541 +002.6033 -000.1337 +021.5031 +044.5377 -175.3861 0
L1 08    508 +015.4960 +003.4133 -000.1525 -070.4730 +005.6395 +134.5722 0
L1 01    512 +016.0217 -000.8535 +001.3494 -148.0893 +004.2033 +001.9268 0
L1 02    512 +007.1366 +005.8795 +001.6815 -119.7942 +003.4696 -128.8707 0
L1 03    512 +015.3752 -001.2624 -000.8481 -153.7559 +004.3227 +091.7927 0
L1 04    512 +008.5084 +010.6706 +001.8049 -056.0235 -000.3709 +000.4908 0
L1 05    512 +014.3871 +009.9597 +001.9687 -108.5544 +000.9042 -011.2240 0
L1 06    512 +016.3827 +001.2758 -000.3749 +108.9633 -002.9508 -124.2441 0
L1 07    512 +015.8541 +002.6035 -000.1339 +021.5038 +044.5387 -175.3878 0
L1 08    512 +015.4960 +003.4133 -000.1525 -070.4725 +005.6390 +134.5718 0
L1 01    516 +016.0216 -000.8537 +001.3494 -148.0904 +004.2034 +001.9264 0
L1 02    516 +007.1366 +005.8795 +001.6815 -119.7944 +003.4696 -128.8709 0
L1 03    516 +015.3752 -001.2624 -000.8482 -153.7558 +004.3221 +091.7928 0
L1 04    516 +008.5085 +010.6705 +001.8049 -056.0245 -000.3708 +000.4908 0
L1 05    516 +014.3870 +009.9598 +001.9685 -108.5526 +000.9029 -011.2232 0
L1 06    516 +016.3827 +001.2755 -000.3747 +108.9622 -002.9527 -124.2456 0
L1 07    516 +015.8541 +002.6034 -000.1337 +021.5014 +044.5377 -175.3886 0
L1 08    516 +015.4960 +003.4132 -000.1526 -070.4739 +005.6389 +134.5716 0
L1 01    520 +016.0217 -000.8533 +001.3495 -148.0876 +004.2049 +001.9265 0
L1 02    520 +007.1366 +005.8796 +001.6815 -119.7938 +003.4699 -128.8705 0
L1 03    520 +015.3752 -001.2623 -000.8481 -153.7552 +004.3229 +091.7930 0
L1 04    520 +008.5084 +010.6706 +001.8049 -056.0235 -000.3709 +000.4908 0
L1 05    520 +014.3873 +009.9594 +001.9690 -108.5551 +000.9061 -011.2226 0
L1 06    520 +016.3828 +001.2759 -000.3745 +108.9644 -002.9504 -124.2468 0
L1 07    520 +015.8542 +002.6030 -000.1340 +021.5001 +044.5390 -175.3876 0
L1 08    520 +015.4960 +003.4132 -000.1526 -070.4735 +005.6385 +134.5718 0
L1 01    524 +016.0217 -000.8534 +001.3494 -148.0881 +004.2038 +001.9263 0
L1 02    524 +007.1366 +005.8795 +001.6815 -119.7947 +003.4701 -128.8707 0
L1 03    524 +015.3752 -001.2624 -000.8481 -153.7558 +004.3227 +091.7933 0
L1 04    524 +008.5084 +010.6706 +001.8048 -056.0235 -000.3706 +000.4904 0
L1 05    524 +014.3872 +009.9596 +001.9690 -108.5547 +000.9056 -011.2218 0
L1 06    524 +016.3828 +001.2758 -000.3745 +108.9639 -002.9509 -124.2473 0
L1 07    524 +015.8542 +002.6029 -000.1337 +021.4984 +044.5366 -175.3878 0
L1 08    524 +015.4961 +003.4132 -000.1526 -070.4739 +005.6386 +134.5719 0
L1 01    528 +016.0216 -000.8535 +001.3491 -148.0886 +004.2015 +001.9252 0
L1 02    528 +007.1366 +005.8795 +001.6815 -119.7946 +003.4698 -128.8708 0
L1 03    528 +015.3752 -001.2625 -000.8481 -153.7574 +004.3229 +091.7931 0
L1 04    528 +008.5085 +010.6705 +001.8048 -056.0241 -000.3708 +000.4906 0
L1 05    528 +014.3872 +009.9594 +001.9692 -108.5560 +000.9075 -011.2213 0
L1 06    528 +016.3828 +001.2755 -000.3745 +108.9626 -002.9516 -124.2485 0
L1 07    528 +015.8542 +002.6029 -000.1337 +021.4982 +044.5371 -175.3880 0
L1 08    528 +015.4960 +003.4133 -000.1525 -070.4735 +005.6380 +134.5726 0
L1 01    532 +016.0216 -000.8536 +001.3494 -148.0894 +004.2034 +001.9263 0
L1 02    532 +007.1366 +005.8795 +001.6814 -119.7946 +003.4695 -128.8708 0
L1 03    532 +015.3752 -001.2625 -000.8481 -153.7569 +004.3228 +091.7933 0
L1 04    532 +008.5087 +010.6704 +001.8050 -056.0257 -000.3702 +000.4912 0
L1 05    532 +014.3876 +009.9588 +001.9697 -108.5601 +000.9088 -011.2199 0
L1 06    532 +016.3828 +001.2757 -000.3746 +108.9631 -002.9531 -124.2471 0
L1 07    532 +015.8542 +002.6028 -000.1337 +021.4961 +044.5362 -175.3887 0
L1 08    532 +015.4960 +003.4132 -000.1526 -070.4746 +005.6383 +134.5719 0
