L1 01      5 +016.1177 +000.1471 +001.3521 -085.1464 +001.0343 +001.8473 0
L1 02      5 +005.0149 +007.0875 +001.6767 -175.9704 +003.0521 -129.3296 0
L1 03      5 +016.2136 -000.6605 -000.8324 -090.9155 +000.7050 +092.1860 0
L1 04      5 +008.6747 +008.0103 +001.7762 -029.1423 -000.5974 +000.3666 0
L1 05      5 +014.3795 +010.1252 +001.9843 -108.8471 +000.7481 -005.9384 0
L1 06      5 +015.2388 -000.1320 -004.5924 +179.1853 +042.7617 +004.6367 0
L1 07      5 +014.6486 -000.0592 -005.3640 -094.2248 -001.8573 +048.0426 0
L1 08      5 +013.9523 -000.0360 -005.9177 -014.2096 -044.9945 +010.5705 0
L1 01     10 +016.1177 +000.1472 +001.3520 -085.1464 +001.0341 +001.8464 0
L1 02     10 +005.0149 +007.0875 +001.6767 -175.9701 +003.0518 -129.3296 0
L1 03     10 +016.2135 -000.6607 -000.8323 -090.9171 +000.7049 +092.1852 0
L1 04     10 +008.6747 +008.0103 +001.7762 -029.1416 -000.5976 +000.3667 0
L1 05     10 +014.3794 +010.1252 +001.9851 -108.8474 +000.7535 -005.9360 0
L1 06     10 +015.2386 -000.1320 -004.5926 +179.1848 +042.7599 +004.6368 0
L1 07     10 +014.6485 -000.0593 -005.3642 -094.2263 -001.8582 +048.0401 0
L1 08     10 +013.9522 -000.0360 -005.9176 -014.2094 -044.9930 +010.5704 0
L1 01     14 +016.1177 +000.1471 +001.3520 -085.1475 +001.0330 +001.8462 0
L1 02     14 +005.0149 +007.0875 +001.6767 -175.9702 +003.0519 -129.3297 0
L1 03     14 +016.2135 -000.6605 -000.8324 -090.9164 +000.7037 +092.1851 0
L1 04     14 +008.6747 +008.0103 +001.7762 -029.1413 -000.5991 +000.3669 0
L1 05     14 +014.3794 +010.1253 +001.9851 -108.8466 +000.7526 -005.9357 0
L1 06     14 +015.2386 -000.1318 -004.5927 +179.1852 +042.7599 +004.6366 0
L1 07     14 +014.6485 -000.0591 -005.3639 -094.2250 -001.8570 +048.0427 0
L1 08     14 +013.9522 -000.0359 -005.9178 -014.2085 -044.9916 +010.5702 0
L1 01     18 +016.1177 +000.1476 +001.3516 -085.1443 +001.0332 +001.8439 0
L1 02     18 +005.0149 +007.0875 +001.6767 -175.9698 +003.0522 -129.3298 0
L1 03     18 +016.2135 -000.6606 -000.8325 -090.9162 +000.7039 +092.1847 0
L1 04     18 +008.6746 +008.0104 +001.7763 -029.1400 -000.6004 +000.3672 0
L1 05     18 +014.3790 +010.1257 +001.9857 -108.8423 +000.7567 -005.9348 0
L1 06     18 +015.2386 -000.1318 -004.5926 +179.1855 +042.7604 +004.6359 0
L1 07     18 +014.6485 -000.0589 -005.3640 -094.2233 -001.8573 +048.0431 0
L1 08     18 +013.9522 -000.0360 -005.9178 -014.2075 -044.9921 +010.5697 0
L1 01     22 +016.1177 +000.1471 +001.3517 -085.1483 +001.0341 +001.8450 0
L1 02     22 +005.0149 +007.0875 +001.6767 -175.9702 +003.0522 -129.3302 0
L1 03     22 +016.2135 -000.6608 -000.8324 -090.9198 +000.7039 +092.1863 0
L1 04     22 +008.6747 +008.0103 +001.7762 -029.1414 -000.5995 +000.3673 0
L1 05     22 +014.3795 +010.1251 +001.9852 -108.8481 +000.7554 -005.9378 0
L1 06     22 +015.2386 -000.1322 -004.5927 +179.1828 +042.7597 +004.6382 0
L1 07     22 +014.6486 -000.0594 -005.3638 -094.2295 -001.8575 +048.0442 0
L1 08     22 +013.9522 -000.0361 -005.9178 -014.2091 -044.9936 +010.5686 0
L1 01     26 +016.1177 +000.1468 +001.3520 -085.1559 +001.0337 +001.8471 0
L1 02     26 +005.0150 +007.0874 +001.6767 -175.9717 +003.0517 -129.3303 0
L1 03     26 +016.2134 -000.6608 -000.8323 -090.9262 +000.7045 +092.1856 0
L1 04     26 +008.6747 +008.0102 +001.7762 -029.1424 -000.5989 +000.3677 0
L1 05     26 +014.3800 +010.1245 +001.9853 -108.8542 +000.7562 -005.9381 0
L1 06     26 +015.2386 -000.1322 -004.5927 +179.1785 +042.7597 +004.6400 0
L1 07     26 +014.6486 -000.0591 -005.3639 -094.2321 -001.8568 +048.0420 0
L1 08     26 +013.9522 -000.0358 -005.9177 -014.2139 -044.9928 +010.5687 0
L1 01     30 +016.1178 +000.1469 +001.3518 -085.1649 +001.0347 +001.8437 0
L1 02     30 +005.0149 +007.0875 +001.6767 -175.9711 +003.0518 -129.3302 0
L1 03     30 +016.2134 -000.6613 -000.8323 -090.9409 +000.7042 +092.1849 0
L1 04     30 +008.6747 +008.0103 +001.7763 -029.1420 -000.5986 +000.3680 0
L1 05     30 +014.3796 +010.1248 +001.9855 -108.8502 +000.7573 -005.9381 0
L1 06     30 +015.2386 -000.1324 -004.5926 +179.1632 +042.7598 +004.6417 0
L1 07     30 +014.6485 -000.0593 -005.3641 -094.2531 -001.8560 +048.0406 0
L1 08     30 +013.9522 -000.0358 -005.9177 -014.2313 -044.9907 +010.5678 0
L1 01     34 +016.1179 +000.1470 +001.3519 -085.1696 +001.0340 +001.8447 0
L1 02     34 +005.0149 +007.0875 +001.6767 -175.9704 +003.0516 -129.3299 0
L1 03     34 +016.2133 -000.6612 -000.8325 -090.9452 +000.7041 +092.1841 0
L1 04     34 +008.6746 +008.0104 +001.7763 -029.1409 -000.5989 +000.3683 0
L1 05     34 +014.3794 +010.1253 +001.9850 -108.8470 +000.7531 -005.9393 0
L1 06     34 +015.2387 -000.1321 -004.5925 +179.1585 +042.7603 +004.6377 0
L1 07     34 +014.6485 -000.0592 -005.3641 -094.2572 -001.8569 +048.0383 0
L1 08     34 +013.9522 -000.0355 -005.9177 -014.2381 -044.9913 +010.5696 0
L1 01     38 +016.1179 +000.1468 +001.3518 -085.1749 +001.0332 +001.8441 0
L1 02     38 +005.0149 +007.0875 +001.6766 -175.9705 +003.0515 -129.3298 0
L1 03     38 +016.2133 -000.6610 -000.8326 -090.9459 +000.7037 +092.1838 0
L1 04     38 +008.6746 +008.0104 +001.7763 -029.1405 -000.5991 +000.3679 0
L1 05     38 +014.3792 +010.1255 +001.9855 -108.8449 +000.7558 -005.9363 0
L1 06     38 +015.2386 -000.1322 -004.5928 +179.1524 +042.7571 +004.6384 0
L1 07     38 +014.6485 -000.0590 -005.3641 -094.2584 -001.8570 +048.0407 0
L1 08     38 +013.9522 -000.0353 -005.9178 -014.2389 -044.9907 +010.5692 0
L1 01     42 +016.1180 +000.1468 +001.3516 -085.1768 +001.0353 +001.8425 0
L1 02     42 +005.0149 +007.0875 +001.6766 -175.9708 +003.0513 -129.3301 0
L1 03     42 +016.2133 -000.6614 -000.8324 -090.9536 +000.7055 +092.1850 0
L1 04     42 +008.6747 +008.0103 +001.7763 -029.1414 -000.5990 +000.3680 0
L1 05     42 +014.3794 +010.1252 +001.9854 -108.8467 +000.7573 -005.9380 0
L1 06     42 +015.2386 -000.1323 -004.5929 +179.1503 +042.7583 +004.6399 0
L1 07     42 +014.6485 -000.0592 -005.3640 -094.2638 -001.8589 +048.0415 0
L1 08     42 +013.9523 -000.0355 -005.9177 -014.2434 -044.9926 +010.5679 0
L1 01     46 +016.1180 +000.1466 +001.3516 -085.1789 +001.0364 +001.8443 0
L1 02     46 +005.0150 +007.0875 +001.6766 -175.9711 +003.0511 -129.3299 0
L1 03     46 +016.2133 -000.6614 -000.8323 -090.9532 +000.7066 +092.1865 0
L1 04     46 +008.6747 +008.0103 +001.7763 -029.1421 -000.5989 +000.3689 0
L1 05     46 +014.3794 +010.1253 +001.9857 -108.8469 +000.7592 -005.9381 0
L1 06     46 +015.2387 -000.1321 -004.5927 +179.1454 +042.7596 +004.6355 0
L1 07     46 +014.6487 -000.0588 -005.3640 -094.2627 -001.8546 +048.0425 0
L1 08     46 +013.9524 -000.0353 -005.9176 -014.2476 -044.9928 +010.5726 0
L1 01     50 +016.1181 +000.1467 +001.3518 -085.1787 +001.0369 +001.8447 0
L1 02     50 +005.0149 +007.0875 +001.6767 -175.9705 +003.0518 -129.3303 0
L1 03     50 +016.2134 -000.6613 -000.8325 -090.9538 +000.7077 +092.1850 0
L1 04     50 +008.6747 +008.0103 +001.7763 -029.1417 -000.5995 +000.3688 0
L1 05     50 +014.3792 +010.1255 +001.9857 -108.8449 +000.7586 -005.9357 0
L1 06     50 +015.2389 -000.1315 -004.5925 +179.1464 +042.7610 +004.6346 0
L1 07     50 +014.6486 -000.0585 -005.3643 -094.2632 -001.8535 +048.0406 0
L1 08     50 +013.9525 -000.0349 -005.9177 -014.2491 -044.9914 +010.5748 0
L1 01     54 +016.1180 +000.1467 +001.3517 -085.1796 +001.0362 +001.8430 0
L1 02     54 +005.0149 +007.0875 +001.6767 -175.9704 +003.0517 -129.3302 0
L1 03     54 +016.2133 -000.6613 -000.8327 -090.9539 +000.7065 +092.1827 0
L1 04     54 +008.6747 +008.0103 +001.7763 -029.1414 -000.5992 +000.3684 0
L1 05     54 +014.3793 +010.1253 +001.9855 -108.8463 +000.7586 -005.9372 0
L1 06     54 +015.2388 -000.1317 -004.5926 +179.1473 +042.7600 +004.6356 0
L1 07     54 +014.6486 -000.0585 -005.3642 -094.2637 -001.8540 +048.0404 0
L1 08     54 +013.9524 -000.0349 -005.9177 -014.2481 -044.9900 +010.5739 0
L1 01     58 +016.1180 +000.1466 +001.3518 -085.1793 +001.0351 +001.8437 0
L1 02     58 +005.0149 +007.0875 +001.6767 -175.9704 +003.0517 -129.3300 0
L1 03     58 +016.2133 -000.6613 -000.8325 -090.9525 +000.7054 +092.1837 0
L1 04     58 +008.6747 +008.0103 +001.7763 -029.1415 -000.5985 +000.3686 0
L1 05     58 +014.3794 +010.1252 +001.9855 -108.8476 +000.7587 -005.9376 0
L1 06     58 +015.2387 -000.1317 -004.5927 +179.1481 +042.7585 +004.6357 0
L1 07     58 +014.6486 -000.0586 -005.3640 -094.2628 -001.8545 +048.0412 0
L1 08     58 +013.9523 -000.0351 -005.9177 -014.2456 -044.9901 +010.5713 0
L1 01     62 +016.1181 +000.1468 +001.3517 -085.1779 +001.0358 +001.8434 0
L1 02     62 +005.0149 +007.0875 +001.6767 -175.9705 +003.0518 -129.3302 0
L1 03     62 +016.2133 -000.6614 -000.8325 -090.9536 +000.7060 +092.1838 0
L1 04     62 +008.6747 +008.0103 +001.7763 -029.1415 -000.5987 +000.3688 0
L1 05     62 +014.3793 +010.1254 +001.9855 -108.8467 +000.7588 -005.9376 0
L1 06     62 +015.2387 -000.1319 -004.5927 +179.1474 +042.7592 +004.6364 0
L1 07     62 +014.6486 -000.0592 -005.3639 -094.2659 -001.8557 +048.0413 0
L1 08     62 +013.9523 -000.0351 -005.9177 -014.2449 -044.9898 +010.5704 0
L1 01     66 +016.1181 +000.1465 +001.3516 -085.1799 +001.0372 +001.8432 0
L1 02     66 +005.0149 +007.0875 +001.6767 -175.9704 +003.0516 -129.3302 0
L1 03     66 +016.2134 -000.6614 -000.8326 -090.9544 +000.7074 +092.1837 0
L1 04     66 +008.6747 +008.0103 +001.7763 -029.1417 -000.5984 +000.3684 0
L1 05     66 +014.3793 +010.1254 +001.9857 -108.8474 +000.7599 -005.9378 0
L1 06     66 +015.2387 -000.1319 -004.5927 +179.1447 +042.7592 +004.6343 0
L1 07     66 +014.6487 -000.0585 -005.3637 -094.2636 -001.8540 +048.0429 0
L1 08     66 +013.9524 -000.0349 -005.9177 -014.2467 -044.9899 +010.5727 0
L1 01     70 +016.1181 +000.1468 +001.3517 -085.1780 +001.0381 +001.8438 0
L1 02     70 +005.0149 +007.0875 +001.6767 -175.9701 +003.0519 -129.3302 0
L1 03     70 +016.2134 -000.6613 -000.8325 -090.9538 +000.7087 +092.1848 0
L1 04     70 +008.6747 +008.0103 +001.7763 -029.1414 -000.5993 +000.3684 0
L1 05     70 +014.3795 +010.1251 +001.9858 -108.8485 +000.7601 -005.9357 0
L1 06     70 +015.2387 -000.1314 -004.5929 +179.1451 +042.7583 +004.6327 0
L1 07     70 +014.6488 -000.0581 -005.3639 -094.2619 -001.8528 +048.0427 0
L1 08     70 +013.9525 -000.0348 -005.9178 -014.2478 -044.9897 +010.5745 0
L1 01     74 +016.1180 +000.1467 +001.3518 -085.1787 +001.0371 +001.8441 0
L1 02     74 +005.0149 +007.0875 +001.6767 -175.9705 +003.0519 -129.3302 0
L1 03     74 +016.2133 -000.6612 -000.8325 -090.9532 +000.7076 +092.1844 0
L1 04     74 +008.6747 +008.0103 +001.7763 -029.1418 -000.5995 +000.3685 0
L1 05     74 +014.3797 +010.1250 +001.9856 -108.8486 +000.7594 -005.9372 0
L1 06     74 +015.2387 -000.1316 -004.5927 +179.1453 +042.7590 +004.6330 0
L1 07     74 +014.6487 -000.0585 -005.3640 -094.2637 -001.8543 +048.0419 0
L1 08     74 +013.9524 -000.0349 -005.9177 -014.2469 -044.9896 +010.5736 0
L1 01     78 +016.1181 +000.1465 +001.3518 -085.1792 +001.0351 +001.8437 0
L1 02     78 +005.0149 +007.0875 +001.6767 -175.9707 +003.0518 -129.3302 0
L1 03     78 +016.2133 -000.6611 -000.8326 -090.9511 +000.7056 +092.1839 0
L1 04     78 +008.6747 +008.0103 +001.7763 -029.1415 -000.5993 +000.3689 0
L1 05     78 +014.3794 +010.1253 +001.9854 -108.8460 +000.7583 -005.9388 0
L1 06     78 +015.2387 -000.1319 -004.5928 +179.1458 +042.7582 +004.6350 0
L1 07     78 +014.6486 -000.0589 -005.3641 -094.2644 -001.8554 +048.0402 0
L1 08     78 +013.9522 -000.0351 -005.9178 -014.2445 -044.9891 +010.5709 0
L1 01     82 +016.1181 +000.1466 +001.3516 -085.1789 +001.0352 +001.8427 0
L1 02     82 +005.0149 +007.0875 +001.6767 -175.9705 +003.0517 -129.3301 0
L1 03     82 +016.2133 -000.6611 -000.8326 -090.9514 +000.7059 +092.1832 0
L1 04     82 +008.6747 +008.0103 +001.7763 -029.1418 -000.5991 +000.3688 0
L1 05     82 +014.3792 +010.1257 +001.9854 -108.8447 +000.7584 -005.9378 0
L1 06     82 +015.2388 -000.1319 -004.5925 +179.1445 +042.7593 +004.6344 0
L1 07     82 +014.6485 -000.0588 -005.3642 -094.2638 -001.8551 +048.0395 0
L1 08     82 +013.9523 -000.0351 -005.9178 -014.2445 -044.9894 +010.5708 0
L1 01     86 +016.1181 +000.1467 +001.3519 -085.1785 +001.0370 +001.8447 0
L1 02     86 +005.0149 +007.0875 +001.6766 -175.9709 +003.0515 -129.3301 0
L1 03     86 +016.2133 -000.6612 -000.8326 -090.9527 +000.7079 +092.1838 0
L1 04     86 +008.6747 +008.0103 +001.7763 -029.1420 -000.5988 +000.3689 0
L1 05     86 +014.3796 +010.1251 +001.9851 -108.8488 +000.7569 -005.9398 0
L1 06     86 +015.2388 -000.1320 -004.5927 +179.1419 +042.7598 +004.6324 0
L1 07     86 +014.6487 -000.0585 -005.3639 -094.2632 -001.8533 +048.0418 0
L1 08     86 +013.9523 -000.0350 -005.9178 -014.2471 -044.9892 +010.5731 0
L1 01     90 +016.1181 +000.1466 +001.3519 -085.1795 +001.0376 +001.8449 0
L1 02     90 +005.0149 +007.0875 +001.6766 -175.9709 +003.0515 -129.3302 0
L1 03     90 +016.2133 -000.6610 -000.8328 -090.9517 +000.7084 +092.1825 0
L1 04     90 +008.6747 +008.0103 +001.7763 -029.1418 -000.5992 +000.3690 0
L1 05     90 +014.3794 +010.1254 +001.9852 -108.8469 +000.7577 -005.9390 0
L1 06     90 +015.2388 -000.1317 -004.5926 +179.1414 +042.7602 +004.6303 0
L1 07     90 +014.6487 -000.0586 -005.3638 -094.2666 -001.8517 +048.0436 0
L1 08     90 +013.9524 -000.0345 -005.9178 -014.2476 -044.9890 +010.5755 0
L1 01     94 +016.1181 +000.1465 +001.3520 -085.1803 +001.0374 +001.8462 0
L1 02     94 +005.0150 +007.0875 +001.6766 -175.9711 +003.0515 -129.3301 0
L1 03     94 +016.2133 -000.6613 -000.8327 -090.9536 +000.7080 +092.1839 0
L1 04     94 +008.6747 +008.0103 +001.7763 -029.1421 -000.5990 +000.3689 0
L1 05     94 +014.3796 +010.1250 +001.9857 -108.8491 +000.7609 -005.9387 0
L1 06     94 +015.2388 -000.1319 -004.5927 +179.1420 +042.7597 +004.6329 0
L1 07     94 +014.6488 -000.0588 -005.3637 -094.2672 -001.8522 +048.0445 0
L1 08     94 +013.9524 -000.0349 -005.9177 -014.2486 -044.9895 +010.5745 0
L1 01     98 +016.1181 +000.1465 +001.3520 -085.1803 +001.0360 +001.8456 0
L1 02     98 +005.0149 +007.0875 +001.6767 -175.9709 +003.0517 -129.3303 0
L1 03     98 +016.2133 -000.6613 -000.8326 -090.9534 +000.7068 +092.1835 0
L1 04     98 +008.6747 +008.0103 +001.7763 -029.1424 -000.5990 +000.3692 0
L1 05     98 +014.3794 +010.1253 +001.9856 -108.8477 +000.7591 -005.9386 0
L1 06     98 +015.2388 -000.1321 -004.5924 +179.1412 +042.7611 +004.6339 0
L1 07     98 +014.6487 -000.0591 -005.3638 -094.2677 -001.8548 +048.0431 0
L1 08     98 +013.9523 -000.0350 -005.9178 -014.2467 -044.9889 +010.5728 0
L1 01    102 +016.1181 +000.1466 +001.3518 -085.1792 +001.0359 +001.8441 0
L1 02    102 +005.0149 +007.0875 +001.6767 -175.9708 +003.0517 -129.3304 0
L1 03    102 +016.2133 -000.6613 -000.8327 -090.9533 +000.7068 +092.1829 0
L1 04    102 +008.6747 +008.0103 +001.7763 -029.1416 -000.5988 +000.3690 0
L1 05    102 +014.3789 +010.1261 +001.9851 -108.8412 +000.7571 -005.9389 0
L1 06    102 +015.2387 -000.1319 -004.5926 +179.1440 +042.7598 +004.6344 0
L1 07    102 +014.6487 -000.0588 -005.3638 -094.2655 -001.8543 +048.0428 0
L1 08    102 +013.9523 -000.0350 -005.9177 -014.2456 -044.9894 +010.5718 0
L1 01    106 +016.1181 +000.1468 +001.3519 -085.1780 +001.0357 +001.8446 0
L1 02    106 +005.0149 +007.0875 +001.6767 -175.9707 +003.0520 -129.3307 0
L1 03    106 +016.2133 -000.6612 -000.8327 -090.9525 +000.7066 +092.1827 0
L1 04    106 +008.6747 +008.0103 +001.7763 -029.1414 -000.5993 +000.3689 0
L1 05    106 +014.3793 +010.1255 +001.9853 -108.8458 +000.7572 -005.9395 0
L1 06    106 +015.2387 -000.1318 -004.5927 +179.1430 +042.7592 +004.6338 0
L1 07    106 +014.6487 -000.0588 -005.3638 -094.2649 -001.8550 +048.0427 0
L1 08    106 +013.9523 -000.0350 -005.9178 -014.2445 -044.9883 +010.5708 0
L1 01    110 +016.1181 +000.1466 +001.3518 -085.1794 +001.0364 +001.8443 0
L1 02    110 +005.0149 +007.0875 +001.6767 -175.9706 +003.0518 -129.3304 0
L1 03    110 +016.2133 -000.6612 -000.8326 -090.9529 +000.7069 +092.1830 0
L1 04    110 +008.6747 +008.0103 +001.7763 -029.1418 -000.5989 +000.3687 0
L1 05    110 +014.3796 +010.1252 +001.9849 -108.8474 +000.7561 -005.9418 0
L1 06    110 +015.2387 -000.1319 -004.5927 +179.1420 +042.7588 +004.6337 0
L1 07    110 +014.6487 -000.0589 -005.3638 -094.2656 -001.8549 +048.0423 0
L1 08    110 +013.9523 -000.0351 -005.9177 -014.2457 -044.9883 +010.5713 0
L1 01    114 +016.1181 +000.1466 +001.3519 -085.1800 +001.0358 +001.8452 0
L1 02    114 +005.0149 +007.0875 +001.6767 -175.9706 +003.0520 -129.3306 0
L1 03    114 +016.2133 -000.6613 -000.8328 -090.9539 +000.7066 +092.1825 0
L1 04    114 +008.6747 +008.0103 +001.7763 -029.1424 -000.5990 +000.3693 0
L1 05    114 +014.3794 +010.1253 +001.9854 -108.8482 +000.7596 -005.9402 0
L1 06    114 +015.2388 -000.1321 -004.5927 +179.1404 +042.7598 +004.6339 0
L1 07    114 +014.6487 -000.0586 -005.3639 -094.2647 -001.8541 +048.0417 0
L1 08    114 +013.9522 -000.0350 -005.9178 -014.2454 -044.9881 +010.5711 0
L1 01    118 +016.1181 +000.1469 +001.3517 -085.1779 +001.0369 +001.8437 0
L1 02    118 +005.0149 +007.0875 +001.6767 -175.9705 +003.0520 -129.3305 0
L1 03    118 +016.2133 -000.6612 -000.8327 -090.9529 +000.7078 +092.1829 0
L1 04    118 +008.6747 +008.0103 +001.7764 -029.1415 -000.5992 +000.3693 0
L1 05    118 +014.3791 +010.1258 +001.9853 -108.8436 +000.7582 -005.9400 0
L1 06    118 +015.2388 -000.1320 -004.5926 +179.1406 +042.7604 +004.6325 0
L1 07    118 +014.6487 -000.0587 -005.3638 -094.2653 -001.8534 +048.0426 0
L1 08    118 +013.9523 -000.0348 -005.9178 -014.2464 -044.9876 +010.5734 0
L1 01    122 +016.1181 +000.1468 +001.3516 -085.1781 +001.0375 +001.8430 0
L1 02    122 +005.0149 +007.0875 +001.6767 -175.9702 +003.0521 -129.3305 0
L1 03    122 +016.2133 -000.6610 -000.8326 -090.9520 +000.7085 +092.1832 0
L1 04    122 +008.6746 +008.0104 +001.7763 -029.1410 -000.5994 +000.3691 0
L1 05    122 +014.3789 +010.1259 +001.9853 -108.8415 +000.7579 -005.9393 0
L1 06    122 +015.2388 -000.1315 -004.5924 +179.1410 +042.7608 +004.6295 0
L1 07    122 +014.6487 -000.0584 -005.3639 -094.2650 -001.8510 +048.0423 0
L1 08    122 +013.9524 -000.0346 -005.9178 -014.2476 -044.9883 +010.5750 0
L1 01    126 +016.1181 +000.1466 +001.3517 -085.1807 +001.0389 +001.8451 0
L1 02    126 +005.0149 +007.0875 +001.6767 -175.9709 +003.0521 -129.3305 0
L1 03    126 +016.2133 -000.6615 -000.8325 -090.9564 +000.7089 +092.1845 0
L1 04    126 +008.6747 +008.0103 +001.7763 -029.1423 -000.5985 +000.3690 0
L1 05    126 +014.3790 +010.1256 +001.9855 -108.8436 +000.7598 -005.9405 0
L1 06    126 +015.2388 -000.1320 -004.5925 +179.1363 +042.7604 +004.6301 0
L1 07    126 +014.6488 -000.0586 -005.3637 -094.2667 -001.8526 +048.0436 0
L1 08    126 +013.9524 -000.0352 -005.9177 -014.2512 -044.9894 +010.5736 0
L1 01    130 +016.1181 +000.1467 +001.3517 -085.1801 +001.0377 +001.8442 0
L1 02    130 +005.0149 +007.0875 +001.6767 -175.9707 +003.0521 -129.3305 0
L1 03    130 +016.2133 -000.6613 -000.8327 -090.9549 +000.7074 +092.1829 0
L1 04    130 +008.6747 +008.0103 +001.7763 -029.1424 -000.5988 +000.3691 0
L1 05    130 +014.3791 +010.1255 +001.9855 -108.8449 +000.7591 -005.9401 0
L1 06    130 +015.2387 -000.1318 -004.5927 +179.1393 +042.7587 +004.6318 0
L1 07    130 +014.6487 -000.0587 -005.3640 -094.2673 -001.8527 +048.0412 0
L1 08    130 +013.9523 -000.0351 -005.9177 -014.2489 -044.9880 +010.5731 0
L1 01    134 +016.1181 +000.1467 +001.3516 -085.1798 +001.0371 +001.8438 0
L1 02    134 +005.0149 +007.0875 +001.6767 -175.9704 +003.0521 -129.3306 0
L1 03    134 +016.2133 -000.6614 -000.8326 -090.9549 +000.7076 +092.1834 0
L1 04    134 +008.6747 +008.0103 +001.7763 -029.1423 -000.5987 +000.3688 0
L1 05    134 +014.3794 +010.1252 +001.9858 -108.8474 +000.7595 -005.9368 0
L1 06    134 +015.2387 -000.1314 -004.5927 +179.1410 +042.7583 +004.6307 0
L1 07    134 +014.6487 -000.0587 -005.3640 -094.2664 -001.8528 +048.0410 0
L1 08    134 +013.9523 -000.0351 -005.9177 -014.2478 -044.9880 +010.5726 0
L1 01    138 +016.1181 +000.1468 +001.3515 -085.1785 +001.0374 +001.8423 0
L1 02    138 +005.0149 +007.0875 +001.6767 -175.9702 +003.0520 -129.3308 0
L1 03    138 +016.2133 -000.6611 -000.8327 -090.9520 +000.7086 +092.1830 0
L1 04    138 +008.6746 +008.0104 +001.7763 -029.1409 -000.5990 +000.3691 0
L1 05    138 +014.3795 +010.1253 +001.9857 -108.8463 +000.7595 -005.9377 0
L1 06    138 +015.2387 -000.1316 -004.5928 +179.1404 +042.7584 +004.6301 0
L1 07    138 +014.6487 -000.0584 -005.3640 -094.2648 -001.8518 +048.0413 0
L1 08    138 +013.9524 -000.0346 -005.9177 -014.2473 -044.9874 +010.5761 0
L1 01    142 +016.1181 +000.1467 +001.3515 -085.1791 +001.0387 +001.8434 0
L1 02    142 +005.0149 +007.0875 +001.6767 -175.9705 +003.0522 -129.3309 0
L1 03    142 +016.2133 -000.6611 -000.8326 -090.9533 +000.7104 +092.1838 0
L1 04    142 +008.6746 +008.0104 +001.7763 -029.1412 -000.5987 +000.3692 0
L1 05    142 +014.3792 +010.1256 +001.9857 -108.8448 +000.7601 -005.9383 0
L1 06    142 +015.2388 -000.1314 -004.5928 +179.1375 +042.7586 +004.6277 0
L1 07    142 +014.6487 -000.0586 -005.3640 -094.2683 -001.8488 +048.0416 0
L1 08    142 +013.9525 -000.0345 -005.9177 -014.2508 -044.9883 +010.5785 0
L1 01    146 +016.1181 +000.1467 +001.3517 -085.1796 +001.0409 +001.8457 0
L1 02    146 +005.0149 +007.0875 +001.6767 -175.9709 +003.0520 -129.3309 0
L1 03    146 +016.2134 -000.6611 -000.8326 -090.9542 +000.7120 +092.1848 0
L1 04    146 +008.6747 +008.0103 +001.7763 -029.1422 -000.5982 +000.3694 0
L1 05    146 +014.3791 +010.1257 +001.9863 -108.8453 +000.7619 -005.9376 0
L1 06    146 +015.2389 -000.1316 -004.5925 +179.1344 +042.7627 +004.6278 0
L1 07    146 +014.6488 -000.0581 -005.3641 -094.2665 -001.8482 +048.0420 0
L1 08    146 +013.9526 -000.0342 -005.9177 -014.2509 -044.9882 +010.5798 0
L1 01    150 +016.1181 +000.1463 +001.3518 -085.1837 +001.0395 +001.8454 0
L1 02    150 +005.0149 +007.0875 +001.6767 -175.9706 +003.0520 -129.3309 0
L1 03    150 +016.2134 -000.6611 -000.8326 -090.9552 +000.7101 +092.1847 0
L1 04    150 +008.6747 +008.0103 +001.7763 -029.1424 -000.5987 +000.3695 0
L1 05    150 +014.3793 +010.1253 +001.9861 -108.8482 +000.7627 -005.9383 0
L1 06    150 +015.2389 -000.1316 -004.5927 +179.1348 +042.7608 +004.6289 0
L1 07    150 +014.6488 -000.0585 -005.3640 -094.2674 -001.8516 +048.0424 0
L1 08    150 +013.9525 -000.0345 -005.9177 -014.2495 -044.9885 +010.5769 0
L1 01    154 +016.1181 +000.1465 +001.3516 -085.1814 +001.0384 +001.8440 0
L1 02    154 +005.0149 +007.0875 +001.6767 -175.9704 +003.0520 -129.3310 0
L1 03    154 +016.2133 -000.6611 -000.8328 -090.9537 +000.7091 +092.1836 0
L1 04    154 +008.6746 +008.0104 +001.7764 -029.1412 -000.5992 +000.3696 0
L1 05    154 +014.3794 +010.1254 +001.9858 -108.8469 +000.7607 -005.9396 0
L1 06    154 +015.2388 -000.1317 -004.5928 +179.1360 +042.7600 +004.6293 0
L1 07    154 +014.6487 -000.0584 -005.3643 -094.2648 -001.8522 +048.0408 0
L1 08    154 +013.9525 -000.0348 -005.9178 -014.2481 -044.9883 +010.5752 0
L1 01    158 +016.1181 +000.1466 +001.3518 -085.1806 +001.0384 +001.8452 0
L1 02    158 +005.0149 +007.0875 +001.6767 -175.9705 +003.0521 -129.3311 0
L1 03    158 +016.2133 -000.6610 -000.8327 -090.9527 +000.7092 +092.1841 0
L1 04    158 +008.6746 +008.0104 +001.7764 -029.1411 -000.5992 +000.3697 0
L1 05    158 +014.3796 +010.1252 +001.9857 -108.8469 +000.7610 -005.9394 0
L1 06    158 +015.2389 -000.1316 -004.5926 +179.1355 +042.7607 +004.6280 0
L1 07    158 +014.6487 -000.0584 -005.3641 -094.2648 -001.8524 +048.0417 0
L1 08    158 +013.9525 -000.0346 -005.9177 -014.2488 -044.9885 +010.5762 0
L1 01    162 +016.1181 +000.1469 +001.3517 -085.1777 +001.0398 +001.8456 0
L1 02    162 +005.0149 +007.0875 +001.6767 -175.9696 +003.0526 -129.3311 0
L1 03    162 +016.2133 -000.6609 -000.8327 -090.9518 +000.7112 +092.1846 0
L1 04    162 +008.6746 +008.0104 +001.7764 -029.1405 -000.5991 +000.3696 0
L1 05    162 +014.3794 +010.1252 +001.9861 -108.8467 +000.7628 -005.9378 0
L1 06    162 +015.2389 -000.1312 -004.5929 +179.1358 +042.7591 +004.6242 0
L1 07    162 +014.6488 -000.0583 -005.3640 -094.2645 -001.8492 +048.0422 0
L1 08    162 +013.9525 -000.0343 -005.9177 -014.2499 -044.9887 +010.5798 0
L1 01    166 +016.1181 +000.1466 +001.3518 -085.1800 +001.0402 +001.8458 0
L1 02    166 +005.0149 +007.0875 +001.6767 -175.9701 +003.0520 -129.3308 0
L1 03    166 +016.2134 -000.6609 -000.8328 -090.9523 +000.7112 +092.1835 0
L1 04    166 +008.6747 +008.0103 +001.7764 -029.1417 -000.5987 +000.3695 0
L1 05    166 +014.3794 +010.1253 +001.9857 -108.8468 +000.7611 -005.9406 0
L1 06    166 +015.2390 -000.1313 -004.5927 +179.1342 +042.7602 +004.6232 0
L1 07    166 +014.6488 -000.0582 -005.3640 -094.2634 -001.8501 +048.0427 0
L1 08    166 +013.9525 -000.0344 -005.9178 -014.2506 -044.9874 +010.5791 0
L1 01    170 +016.1181 +000.1468 +001.3517 -085.1789 +001.0392 +001.8456 0
L1 02    170 +005.0149 +007.0875 +001.6767 -175.9702 +003.0523 -129.3309 0
L1 03    170 +016.2134 -000.6611 -000.8327 -090.9533 +000.7102 +092.1840 0
L1 04    170 +008.6747 +008.0103 +001.7763 -029.1416 -000.5986 +000.3695 0
L1 05    170 +014.3792 +010.1257 +001.9855 -108.8457 +000.7602 -005.9389 0
L1 06    170 +015.2389 -000.1313 -004.5928 +179.1354 +042.7599 +004.6254 0
L1 07    170 +014.6487 -000.0583 -005.3641 -094.2648 -001.8501 +048.0417 0
L1 08    170 +013.9525 -000.0345 -005.9178 -014.2496 -044.9877 +010.5776 0
L1 01    174 +016.1181 +000.1468 +001.3518 -085.1783 +001.0391 +001.8467 0
L1 02    174 +005.0149 +007.0875 +001.6767 -175.9701 +003.0520 -129.3307 0
L1 03    174 +016.2134 -000.6611 -000.8326 -090.9528 +000.7106 +092.1847 0
L1 04    174 +008.6746 +008.0104 +001.7764 -029.1409 -000.5986 +000.3696 0
L1 05    174 +014.3791 +010.1260 +001.9853 -108.8436 +000.7600 -005.9412 0
L1 06    174 +015.2389 -000.1314 -004.5929 +179.1339 +042.7597 +004.6243 0
L1 07    174 +014.6489 -000.0583 -005.3641 -094.2645 -001.8497 +048.0418 0
L1 08    174 +013.9526 -000.0345 -005.9178 -014.2489 -044.9879 +010.5775 0
L1 01    178 +016.1181 +000.1467 +001.3518 -085.1794 +001.0398 +001.8466 0
L1 02    178 +005.0149 +007.0875 +001.6767 -175.9703 +003.0519 -129.3309 0
L1 03    178 +016.2134 -000.6612 -000.8327 -090.9535 +000.7108 +092.1846 0
L1 04    178 +008.6747 +008.0104 +001.7764 -029.1413 -000.5989 +000.3700 0
L1 05    178 +014.3792 +010.1259 +001.9853 -108.8438 +000.7587 -005.9405 0
L1 06    178 +015.2390 -000.1313 -004.5925 +179.1334 +042.7627 +004.6241 0
L1 07    178 +014.6488 -000.0583 -005.3641 -094.2648 -001.8507 +048.0423 0
L1 08    178 +013.9526 -000.0345 -005.9178 -014.2493 -044.9880 +010.5779 0
L1 01    182 +016.1181 +000.1467 +001.3519 -085.1798 +001.0400 +001.8472 0
L1 02    182 +005.0149 +007.0875 +001.6767 -175.9702 +003.0523 -129.3311 0
L1 03    182 +016.2134 -000.6610 -000.8326 -090.9532 +000.7112 +092.1856 0
L1 04    182 +008.6747 +008.0104 +001.7764 -029.1414 -000.5989 +000.3699 0
L1 05    182 +014.3793 +010.1256 +001.9855 -108.8456 +000.7595 -005.9397 0
L1 06    182 +015.2391 -000.1310 -004.5925 +179.1331 +042.7633 +004.6228 0
L1 07    182 +014.6489 -000.0580 -005.3639 -094.2638 -001.8502 +048.0437 0
L1 08    182 +013.9526 -000.0344 -005.9178 -014.2502 -044.9881 +010.5789 0
L1 01    186 +016.1181 +000.1468 +001.3518 -085.1790 +001.0406 +001.8468 0
L1 02    186 +005.0149 +007.0875 +001.6767 -175.9702 +003.0522 -129.3311 0
L1 03    186 +016.2134 -000.6609 -000.8327 -090.9526 +000.7120 +092.1853 0
L1 04    186 +008.6746 +008.0104 +001.7764 -029.1410 -000.5991 +000.3698 0
L1 05    186 +014.3793 +010.1256 +001.9855 -108.8448 +000.7599 -005.9406 0
L1 06    186 +015.2391 -000.1308 -004.5924 +179.1339 +042.7634 +004.6225 0
L1 07    186 +014.6489 -000.0580 -005.3640 -094.2643 -001.8488 +048.0434 0
L1 08    186 +013.9526 -000.0342 -005.9178 -014.2510 -044.9878 +010.5814 0
L1 01    190 +016.1181 +000.1468 +001.3517 -085.1793 +001.0412 +001.8457 0
L1 02    190 +005.0149 +007.0875 +001.6767 -175.9704 +003.0522 -129.3310 0
L1 03    190 +016.2134 -000.6610 -000.8328 -090.9529 +000.7121 +092.1845 0
L1 04    190 +008.6747 +008.0104 +001.7764 -029.1412 -000.5988 +000.3695 0
L1 05    190 +014.3795 +010.1254 +001.9856 -108.8456 +000.7603 -005.9403 0
L1 06    190 +015.2390 -000.1310 -004.5926 +179.1334 +042.7620 +004.6224 0
L1 07    190 +014.6489 -000.0580 -005.3642 -094.2647 -001.8480 +048.0416 0
L1 08    190 +013.9526 -000.0342 -005.9178 -014.2513 -044.9865 +010.5810 0
L1 01    194 +016.1181 +000.1468 +001.3518 -085.1789 +001.0401 +001.8465 0
L1 02    194 +005.0149 +007.0875 +001.6767 -175.9704 +003.0523 -129.3310 0
L1 03    194 +016.2134 -000.6607 -000.8328 -090.9510 +000.7118 +092.1838 0
L1 04    194 +008.6746 +008.0104 +001.7764 -029.1406 -000.5990 +000.3697 0
L1 05    194 +014.3792 +010.1255 +001.9861 -108.8438 +000.7638 -005.9369 0
L1 06    194 +015.2390 -000.1310 -004.5926 +179.1334 +042.7620 +004.6227 0
L1 07    194 +014.6489 -000.0580 -005.3640 -094.2646 -001.8475 +048.0421 0
L1 08    194 +013.9526 -000.0341 -005.9178 -014.2504 -044.9865 +010.5813 0
L1 01    198 +016.1181 +000.1469 +001.3518 -085.1782 +001.0411 +001.8466 0
L1 02    198 +005.0149 +007.0875 +001.6767 -175.9702 +003.0520 -129.3307 0
L1 03    198 +016.2133 -000.6610 -000.8326 -090.9529 +000.7128 +092.1846 0
L1 04    198 +008.6747 +008.0104 +001.7763 -029.1411 -000.5982 +000.3695 0
L1 05    198 +014.3796 +010.1251 +001.9855 -108.8477 +000.7617 -005.9411 0
L1 06    198 +015.2389 -000.1315 -004.5926 +179.1306 +042.7614 +004.6235 0
L1 07    198 +014.6488 -000.0579 -005.3641 -094.2649 -001.8474 +048.0415 0
L1 08    198 +013.9525 -000.0343 -005.9177 -014.2508 -044.9870 +010.5800 0
L1 01    202 +016.1181 +000.1468 +001.3520 -085.1793 +001.0410 +001.8472 0
L1 02    202 +005.0149 +007.0875 +001.6767 -175.9702 +003.0521 -129.3309 0
L1 03    202 +016.2134 -000.6611 -000.8327 -090.9539 +000.7126 +092.1841 0
L1 04    202 +008.6747 +008.0103 +001.7764 -029.1414 -000.5983 +000.3700 0
L1 05    202 +014.3796 +010.1251 +001.9859 -108.8482 +000.7634 -005.9393 0
L1 06    202 +015.2390 -000.1313 -004.5924 +179.1306 +042.7627 +004.6231 0
L1 07    202 +014.6489 -000.0582 -005.3637 -094.2670 -001.8475 +048.0434 0
L1 08    202 +013.9525 -000.0343 -005.9177 -014.2513 -044.9868 +010.5801 0
L1 01    206 +016.1181 +000.1467 +001.3518 -085.1802 +001.0413 +001.8459 0
L1 02    206 +005.0149 +007.0875 +001.6767 -175.9701 +003.0521 -129.3312 0
L1 03    206 +016.2134 -000.6608 -000.8327 -090.9526 +000.7125 +092.1847 0
L1 04    206 +008.6747 +008.0103 +001.7764 -029.1415 -000.5985 +000.3700 0
L1 05    206 +014.3794 +010.1254 +001.9854 -108.8465 +000.7615 -005.9411 0
L1 06    206 +015.2389 -000.1312 -004.5927 +179.1301 +042.7605 +004.6219 0
L1 07    206 +014.6490 -000.0582 -005.3636 -094.2669 -001.8475 +048.0445 0
L1 08    206 +013.9525 -000.0341 -005.9178 -014.2516 -044.9862 +010.5808 0
L1 01    210 +016.1181 +000.1465 +001.3518 -085.1835 +001.0418 +001.8471 0
L1 02    210 +005.0150 +007.0875 +001.6767 -175.9713 +003.0522 -129.3313 0
L1 03    210 +016.2134 -000.6610 -000.8325 -090.9553 +000.7131 +092.1861 0
L1 04    210 +008.6747 +008.0103 +001.7763 -029.1424 -000.5989 +000.3699 0
L1 05    210 +014.3791 +010.1256 +001.9860 -108.8440 +000.7630 -005.9380 0
L1 06    210 +015.2389 -000.1314 -004.5929 +179.1289 +042.7607 +004.6233 0
L1 07    210 +014.6489 -000.0583 -005.3638 -094.2685 -001.8483 +048.0440 0
L1 08    210 +013.9526 -000.0343 -005.9177 -014.2530 -044.9874 +010.5802 0
L1 01    214 +016.1181 +000.1466 +001.3516 -085.1819 +001.0425 +001.8450 0
L1 02    214 +005.0149 +007.0875 +001.6767 -175.9709 +003.0521 -129.3312 0
L1 03    214 +016.2134 -000.6611 -000.8325 -090.9555 +000.7132 +092.1859 0
L1 04    214 +008.6747 +008.0103 +001.7764 -029.1421 -000.5989 +000.3700 0
L1 05    214 +014.3796 +010.1251 +001.9856 -108.8486 +000.7619 -005.9400 0
L1 06    214 +015.2389 -000.1314 -004.5929 +179.1277 +042.7597 +004.6230 0
L1 07    214 +014.6489 -000.0585 -005.3640 -094.2705 -001.8479 +048.0424 0
L1 08    214 +013.9526 -000.0344 -005.9177 -014.2537 -044.9874 +010.5801 0
L1 01    218 +016.1181 +000.1466 +001.3517 -085.1823 +001.0407 +001.8454 0
L1 02    218 +005.0149 +007.0875 +001.6767 -175.9703 +003.0523 -129.3313 0
L1 03    218 +016.2134 -000.6610 -000.8326 -090.9558 +000.7121 +092.1851 0
L1 04    218 +008.6747 +008.0103 +001.7764 -029.1424 -000.5990 +000.3704 0
L1 05    218 +014.3794 +010.1253 +001.9856 -108.8470 +000.7615 -005.9414 0
L1 06    218 +015.2389 -000.1314 -004.5927 +179.1292 +042.7608 +004.6249 0
L1 07    218 +014.6488 -000.0582 -005.3640 -094.2683 -001.8495 +048.0428 0
L1 08    218 +013.9526 -000.0343 -005.9176 -014.2520 -044.9879 +010.5789 0
L1 01    222 +016.1181 +000.1464 +001.3518 -085.1848 +001.0416 +001.8459 0
L1 02    222 +005.0150 +007.0875 +001.6767 -175.9709 +003.0522 -129.3315 0
L1 03    222 +016.2133 -000.6615 -000.8326 -090.9602 +000.7118 +092.1847 0
L1 04    222 +008.6748 +008.0102 +001.7764 -029.1431 -000.5986 +000.3706 0
L1 05    222 +014.3797 +010.1249 +001.9855 -108.8504 +000.7608 -005.9422 0
L1 06    222 +015.2388 -000.1316 -004.5928 +179.1283 +042.7601 +004.6265 0
L1 07    222 +014.6487 -000.0588 -005.3640 -094.2732 -001.8511 +048.0410 0
L1 08    222 +013.9525 -000.0346 -005.9177 -014.2540 -044.9868 +010.5771 0
L1 01    226 +016.1181 +000.1464 +001.3516 -085.1851 +001.0410 +001.8443 0
L1 02    226 +005.0149 +007.0875 +001.6767 -175.9706 +003.0520 -129.3312 0
L1 03    226 +016.2133 -000.6611 -000.8328 -090.9579 +000.7115 +092.1829 0
L1 04    226 +008.6748 +008.0102 +001.7764 -029.1428 -000.5983 +000.3700 0
L1 05    226 +014.3798 +010.1248 +001.9855 -108.8511 +000.7614 -005.9421 0
L1 06    226 +015.2388 -000.1311 -004.5929 +179.1284 +042.7597 +004.6232 0
L1 07    226 +014.6488 -000.0583 -005.3639 -094.2707 -001.8502 +048.0422 0
L1 08    226 +013.9525 -000.0344 -005.9178 -014.2535 -044.9851 +010.5779 0
L1 01    230 +016.1181 +000.1466 +001.3517 -085.1840 +001.0415 +001.8448 0
L1 02    230 +005.0149 +007.0875 +001.6767 -175.9700 +003.0523 -129.3313 0
L1 03    230 +016.2134 -000.6611 -000.8327 -090.9575 +000.7123 +092.1838 0
L1 04    230 +008.6747 +008.0103 +001.7764 -029.1421 -000.5986 +000.3700 0
L1 05    230 +014.3798 +010.1250 +001.9851 -108.8495 +000.7595 -005.9432 0
L1 06    230 +015.2388 -000.1310 -004.5927 +179.1284 +042.7606 +004.6227 0
L1 07    230 +014.6488 -000.0581 -005.3639 -094.2703 -001.8488 +048.0431 0
L1 08    230 +013.9525 -000.0342 -005.9177 -014.2544 -044.9857 +010.5798 0
L1 01    234 +016.1181 +000.1466 +001.3517 -085.1837 +001.0419 +001.8458 0
L1 02    234 +005.0149 +007.0875 +001.6767 -175.9704 +003.0519 -129.3311 0
L1 03    234 +016.2133 -000.6611 -000.8328 -090.9574 +000.7132 +092.1838 0
L1 04    234 +008.6747 +008.0103 +001.7764 -029.1419 -000.5986 +000.3705 0
L1 05    234 +014.3797 +010.1252 +001.9854 -108.8483 +000.7601 -005.9423 0
L1 06    234 +015.2388 -000.1312 -004.5928 +179.1252 +042.7601 +004.6219 0
L1 07    234 +014.6489 -000.0581 -005.3639 -094.2697 -001.8482 +048.0434 0
L1 08    234 +013.9525 -000.0342 -005.9177 -014.2553 -044.9859 +010.5806 0
L1 01    238 +016.1181 +000.1464 +001.3517 -085.1851 +001.0418 +001.8460 0
L1 02    238 +005.0149 +007.0875 +001.6767 -175.9705 +003.0521 -129.3312 0
L1 03    238 +016.2133 -000.6610 -000.8326 -090.9576 +000.7130 +092.1851 0
L1 04    238 +008.6747 +008.0103 +001.7764 -029.1421 -000.5985 +000.3703 0
L1 05    238 +014.3798 +010.1249 +001.9853 -108.8502 +000.7608 -005.9422 0
L1 06    238 +015.2389 -000.1311 -004.5926 +179.1253 +042.7615 +004.6224 0
L1 07    238 +014.6488 -000.0579 -005.3640 -094.2701 -001.8477 +048.0420 0
L1 08    238 +013.9526 -000.0340 -005.9177 -014.2557 -044.9860 +010.5811 0
L1 01    242 +016.1182 +000.1466 +001.3517 -085.1846 +001.0422 +001.8458 0
L1 02    242 +005.0149 +007.0875 +001.6767 -175.9702 +003.0522 -129.3313 0
L1 03    242 +016.2134 -000.6612 -000.8326 -090.9594 +000.7136 +092.1850 0
L1 04    242 +008.6747 +008.0103 +001.7764 -029.1420 -000.5984 +000.3701 0
L1 05    242 +014.3798 +010.1249 +001.9855 -108.8509 +000.7622 -005.9418 0
L1 06    242 +015.2390 -000.1312 -004.5926 +179.1249 +042.7614 +004.6226 0
L1 07    242 +014.6488 -000.0581 -005.3640 -094.2717 -001.8468 +048.0420 0
L1 08    242 +013.9525 -000.0342 -005.9177 -014.2566 -044.9857 +010.5802 0
L1 01    246 +016.1182 +000.1467 +001.3519 -085.1839 +001.0414 +001.8467 0
L1 02    246 +005.0149 +007.0875 +001.6767 -175.9706 +003.0524 -129.3313 0
L1 03    246 +016.2134 -000.6610 -000.8327 -090.9580 +000.7125 +092.1848 0
L1 04    246 +008.6747 +008.0103 +001.7764 -029.1417 -000.5986 +000.3703 0
L1 05    246 +014.3794 +010.1252 +001.9861 -108.8486 +000.7642 -005.9396 0
L1 06    246 +015.2389 -000.1313 -004.5928 +179.1253 +042.7600 +004.6238 0
L1 07    246 +014.6488 -000.0578 -005.3640 -094.2702 -001.8461 +048.0422 0
L1 08    246 +013.9525 -000.0342 -005.9178 -014.2557 -044.9852 +010.5796 0
L1 01    250 +016.1182 +000.1468 +001.3517 -085.1832 +001.0414 +001.8459 0
L1 02    250 +005.0149 +007.0875 +001.6767 -175.9706 +003.0522 -129.3314 0
L1 03    250 +016.2133 -000.6611 -000.8327 -090.9579 +000.7131 +092.1840 0
L1 04    250 +008.6747 +008.0103 +001.7764 -029.1417 -000.5988 +000.3703 0
L1 05    250 +014.3793 +010.1255 +001.9859 -108.8448 +000.7635 -005.9405 0
L1 06    250 +015.2388 -000.1314 -004.5928 +179.1245 +042.7599 +004.6229 0
L1 07    250 +014.6489 -000.0576 -005.3639 -094.2691 -001.8462 +048.0425 0
L1 08    250 +013.9525 -000.0342 -005.9178 -014.2558 -044.9851 +010.5800 0
L1 01    254 +016.1182 +000.1467 +001.3518 -085.1839 +001.0415 +001.8461 0
L1 02    254 +005.0149 +007.0875 +001.6767 -175.9704 +003.0521 -129.3313 0
L1 03    254 +016.2133 -000.6609 -000.8327 -090.9572 +000.7136 +092.1849 0
L1 04    254 +008.6747 +008.0104 +001.7764 -029.1415 -000.5988 +000.3702 0
L1 05    254 +014.3789 +010.1261 +001.9859 -108.8407 +000.7627 -005.9404 0
L1 06    254 +015.2389 -000.1312 -004.5927 +179.1249 +042.7603 +004.6225 0
L1 07    254 +014.6488 -000.0576 -005.3641 -094.2698 -001.8452 +048.0410 0
L1 08    254 +013.9525 -000.0340 -005.9177 -014.2564 -044.9851 +010.5815 0
L1 01    258 +016.1181 +000.1468 +001.3517 -085.1841 +001.0421 +001.8453 0
L1 02    258 +005.0149 +007.0875 +001.6767 -175.9704 +003.0522 -129.3311 0
L1 03    258 +016.2133 -000.6609 -000.8327 -090.9579 +000.7142 +092.1839 0
L1 04    258 +008.6747 +008.0103 +001.7764 -029.1418 -000.5987 +000.3702 0
L1 05    258 +014.3793 +010.1255 +001.9855 -108.8436 +000.7620 -005.9413 0
L1 06    258 +015.2388 -000.1310 -004.5929 +179.1225 +042.7586 +004.6193 0
L1 07    258 +014.6488 -000.0575 -005.3641 -094.2704 -001.8447 +048.0403 0
L1 08    258 +013.9525 -000.0339 -005.9177 -014.2575 -044.9847 +010.5826 0
L1 01    262 +016.1182 +000.1466 +001.3518 -085.1868 +001.0431 +001.8456 0
L1 02    262 +005.0149 +007.0875 +001.6767 -175.9703 +003.0520 -129.3309 0
L1 03    262 +016.2133 -000.6612 -000.8327 -090.9616 +000.7145 +092.1840 0
L1 04    262 +008.6747 +008.0103 +001.7764 -029.1421 -000.5986 +000.3699 0
L1 05    262 +014.3798 +010.1248 +001.9852 -108.8486 +000.7611 -005.9439 0
L1 06    262 +015.2389 -000.1310 -004.5926 +179.1227 +042.7601 +004.6199 0
L1 07    262 +014.6488 -000.0573 -005.3641 -094.2713 -001.8435 +048.0407 0
L1 08    262 +013.9525 -000.0338 -005.9177 -014.2587 -044.9845 +010.5828 0
L1 01    266 +016.1182 +000.1463 +001.3517 -085.1899 +001.0421 +001.8451 0
L1 02    266 +005.0149 +007.0875 +001.6767 -175.9703 +003.0521 -129.3310 0
L1 03    266 +016.2133 -000.6611 -000.8326 -090.9621 +000.7147 +092.1844 0
L1 04    266 +008.6747 +008.0103 +001.7764 -029.1423 -000.5984 +000.3700 0
L1 05    266 +014.3796 +010.1254 +001.9847 -108.8467 +000.7588 -005.9457 0
L1 06    266 +015.2389 -000.1311 -004.5927 +179.1217 +042.7598 +004.6208 0
L1 07    266 +014.6488 -000.0574 -005.3640 -094.2721 -001.8438 +048.0414 0
L1 08    266 +013.9526 -000.0337 -005.9176 -014.2603 -044.9852 +010.5833 0
L1 01    270 +016.1182 +000.1463 +001.3517 -085.1911 +001.0433 +001.8451 0
L1 02    270 +005.0150 +007.0875 +001.6767 -175.9711 +003.0520 -129.3312 0
L1 03    270 +016.2133 -000.6613 -000.8327 -090.9659 +000.7137 +092.1838 0
L1 04    270 +008.6748 +008.0102 +001.7764 -029.1438 -000.5981 +000.3704 0
L1 05    270 +014.3795 +010.1253 +001.9851 -108.8480 +000.7599 -005.9432 0
L1 06    270 +015.2389 -000.1308 -004.5927 +179.1218 +042.7602 +004.6212 0
L1 07    270 +014.6489 -000.0576 -005.3639 -094.2761 -001.8450 +048.0427 0
L1 08    270 +013.9525 -000.0339 -005.9177 -014.2613 -044.9839 +010.5801 0
L1 01    274 +016.1182 +000.1465 +001.3516 -085.1894 +001.0437 +001.8439 0
L1 02    274 +005.0149 +007.0875 +001.6767 -175.9709 +003.0522 -129.3313 0
L1 03    274 +016.2134 -000.6615 -000.8327 -090.9657 +000.7143 +092.1837 0
L1 04    274 +008.6748 +008.0103 +001.7764 -029.1425 -000.5984 +000.3700 0
L1 05    274 +014.3792 +010.1257 +001.9855 -108.8446 +000.7618 -005.9410 0
L1 06    274 +015.2388 -000.1307 -004.5930 +179.1206 +042.7590 +004.6192 0
L1 07    274 +014.6488 -000.0576 -005.3641 -094.2762 -001.8444 +048.0411 0
L1 08    274 +013.9525 -000.0340 -005.9177 -014.2623 -044.9837 +010.5816 0
L1 01    278 +016.1182 +000.1467 +001.3517 -085.1889 +001.0432 +001.8447 0
L1 02    278 +005.0149 +007.0875 +001.6767 -175.9707 +003.0523 -129.3312 0
L1 03    278 +016.2134 -000.6612 -000.8329 -090.9641 +000.7145 +092.1828 0
L1 04    278 +008.6746 +008.0104 +001.7764 -029.1414 -000.5990 +000.3700 0
L1 05    278 +014.3796 +010.1251 +001.9856 -108.8485 +000.7624 -005.9418 0
L1 06    278 +015.2389 -000.1308 -004.5927 +179.1176 +042.7607 +004.6176 0
L1 07    278 +014.6488 -000.0575 -005.3642 -094.2755 -001.8437 +048.0406 0
L1 08    278 +013.9526 -000.0337 -005.9177 -014.2626 -044.9843 +010.5834 0
L1 01    282 +016.1182 +000.1467 +001.3516 -085.1892 +001.0436 +001.8442 0
L1 02    282 +005.0149 +007.0876 +001.6767 -175.9701 +003.0522 -129.3309 0
L1 03    282 +016.2134 -000.6611 -000.8328 -090.9637 +000.7152 +092.1830 0
L1 04    282 +008.6747 +008.0104 +001.7763 -029.1413 -000.5992 +000.3695 0
L1 05    282 +014.3792 +010.1257 +001.9858 -108.8440 +000.7630 -005.9417 0
L1 06    282 +015.2389 -000.1307 -004.5928 +179.1175 +042.7600 +004.6163 0
L1 07    282 +014.6489 -000.0577 -005.3641 -094.2781 -001.8438 +048.0415 0
L1 08    282 +013.9526 -000.0337 -005.9178 -014.2647 -044.9832 +010.5847 0
L1 01    286 +016.1182 +000.1466 +001.3517 -085.1927 +001.0429 +001.8448 0
L1 02    286 +005.0149 +007.0875 +001.6767 -175.9700 +003.0523 -129.3310 0
L1 03    286 +016.2134 -000.6611 -000.8327 -090.9679 +000.7153 +092.1841 0
L1 04    286 +008.6747 +008.0103 +001.7764 -029.1418 -000.5992 +000.3700 0
L1 05    286 +014.3791 +010.1256 +001.9859 -108.8439 +000.7634 -005.9404 0
L1 06    286 +015.2389 -000.1310 -004.5928 +179.1129 +042.7596 +004.6175 0
L1 07    286 +014.6489 -000.0573 -005.3638 -094.2802 -001.8426 +048.0430 0
L1 08    286 +013.9526 -000.0336 -005.9177 -014.2671 -044.9835 +010.5836 0
L1 01    290 +016.1183 +000.1467 +001.3517 -085.1958 +001.0440 +001.8446 0
L1 02    290 +005.0149 +007.0876 +001.6767 -175.9697 +003.0525 -129.3311 0
L1 03    290 +016.2133 -000.6614 -000.8326 -090.9748 +000.7153 +092.1844 0
L1 04    290 +008.6747 +008.0103 +001.7764 -029.1418 -000.5988 +000.3698 0
L1 05    290 +014.3792 +010.1256 +001.9860 -108.8442 +000.7631 -005.9394 0
L1 06    290 +015.2389 -000.1311 -004.5926 +179.1079 +042.7607 +004.6214 0
L1 07    290 +014.6488 -000.0576 -005.3642 -094.2874 -001.8435 +048.0388 0
L1 08    290 +013.9525 -000.0336 -005.9177 -014.2743 -044.9824 +010.5836 0
L1 01    294 +016.1184 +000.1461 +001.3518 -085.2048 +001.0427 +001.8458 0
L1 02    294 +005.0149 +007.0875 +001.6767 -175.9704 +003.0523 -129.3310 0
L1 03    294 +016.2134 -000.6613 -000.8325 -090.9763 +000.7141 +092.1853 0
L1 04    294 +008.6748 +008.0102 +001.7764 -029.1431 -000.5989 +000.3704 0
L1 05    294 +014.3795 +010.1251 +001.9858 -108.8481 +000.7627 -005.9408 0
L1 06    294 +015.2390 -000.1311 -004.5928 +179.1069 +042.7585 +004.6230 0
L1 07    294 +014.6489 -000.0576 -005.3642 -094.2905 -001.8446 +048.0412 0
L1 08    294 +013.9526 -000.0336 -005.9177 -014.2748 -044.9832 +010.5820 0
L1 01    298 +016.1184 +000.1462 +001.3518 -085.2017 +001.0445 +001.8450 0
L1 02    298 +005.0149 +007.0875 +001.6767 -175.9702 +003.0523 -129.3310 0
L1 03    298 +016.2134 -000.6614 -000.8326 -090.9775 +000.7156 +092.1840 0
L1 04    298 +008.6748 +008.0102 +001.7764 -029.1429 -000.5988 +000.3698 0
L1 05    298 +014.3794 +010.1253 +001.9857 -108.8468 +000.7617 -005.9409 0
L1 06    298 +015.2390 -000.1310 -004.5928 +179.1044 +042.7594 +004.6200 0
L1 07    298 +014.6489 -000.0578 -005.3640 -094.2931 -001.8434 +048.0425 0
L1 08    298 +013.9526 -000.0334 -005.9178 -014.2754 -044.9824 +010.5839 0
L1 01    302 +016.1184 +000.1462 +001.3519 -085.2021 +001.0441 +001.8466 0
L1 02    302 +005.0149 +007.0875 +001.6767 -175.9700 +003.0522 -129.3309 0
L1 03    302 +016.2134 -000.6614 -000.8327 -090.9773 +000.7159 +092.1837 0
L1 04    302 +008.6748 +008.0103 +001.7764 -029.1427 -000.5987 +000.3698 0
L1 05    302 +014.3796 +010.1251 +001.9853 -108.8479 +000.7613 -005.9438 0
L1 06    302 +015.2390 -000.1311 -004.5927 +179.1028 +042.7600 +004.6184 0
L1 07    302 +014.6489 -000.0574 -005.3641 -094.2911 -001.8428 +048.0400 0
L1 08    302 +013.9526 -000.0334 -005.9178 -014.2770 -044.9829 +010.5849 0
L1 01    306 +016.1183 +000.1462 +001.3516 -085.2030 +001.0450 +001.8434 0
L1 02    306 +005.0149 +007.0875 +001.6767 -175.9699 +003.0522 -129.3310 0
L1 03    306 +016.2134 -000.6615 -000.8326 -090.9789 +000.7160 +092.1842 0
L1 04    306 +008.6748 +008.0102 +001.7764 -029.1430 -000.5986 +000.3698 0
L1 05    306 +014.3796 +010.1250 +001.9853 -108.8494 +000.7605 -005.9436 0
L1 06    306 +015.2390 -000.1309 -004.5925 +179.1034 +042.7607 +004.6182 0
L1 07    306 +014.6489 -000.0575 -005.3641 -094.2920 -001.8432 +048.0403 0
L1 08    306 +013.9527 -000.0335 -005.9177 -014.2775 -044.9830 +010.5841 0
L1 01    310 +016.1183 +000.1462 +001.3515 -085.2026 +001.0451 +001.8433 0
L1 02    310 +005.0149 +007.0875 +001.6767 -175.9697 +003.0524 -129.3309 0
L1 03    310 +016.2133 -000.6613 -000.8326 -090.9771 +000.7162 +092.1847 0
L1 04    310 +008.6748 +008.0103 +001.7764 -029.1426 -000.5989 +000.3699 0
L1 05    310 +014.3793 +010.1254 +001.9855 -108.8468 +000.7620 -005.9419 0
L1 06    310 +015.2391 -000.1309 -004.5925 +179.1058 +042.7609 +004.6201 0
L1 07    310 +014.6490 -000.0574 -005.3639 -094.2909 -001.8420 +048.0418 0
L1 08    310 +013.9527 -000.0331 -005.9177 -014.2767 -044.9826 +010.5860 0
L1 01    314 +016.1183 +000.1464 +001.3516 -085.2008 +001.0452 +001.8445 0
L1 02    314 +005.0149 +007.0875 +001.6767 -175.9699 +003.0527 -129.3311 0
L1 03    314 +016.2134 -000.6612 -000.8327 -090.9759 +000.7166 +092.1847 0
L1 04    314 +008.6747 +008.0103 +001.7764 -029.1424 -000.5990 +000.3698 0
L1 05    314 +014.3790 +010.1256 +001.9858 -108.8446 +000.7630 -005.9413 0
L1 06    314 +015.2390 -000.1308 -004.5929 +179.1053 +042.7593 +004.6192 0
L1 07    314 +014.6491 -000.0575 -005.3638 -094.2914 -001.8415 +048.0430 0
L1 08    314 +013.9527 -000.0332 -005.9177 -014.2775 -044.9833 +010.5863 0
L1 01    318 +016.1184 +000.1462 +001.3517 -085.2019 +001.0459 +001.8455 0
L1 02    318 +005.0149 +007.0875 +001.6767 -175.9702 +003.0524 -129.3309 0
L1 03    318 +016.2134 -000.6612 -000.8327 -090.9763 +000.7171 +092.1851 0
L1 04    318 +008.6748 +008.0103 +001.7763 -029.1425 -000.5986 +000.3695 0
L1 05    318 +014.3795 +010.1254 +001.9853 -108.8463 +000.7601 -005.9445 0
L1 06    318 +015.2391 -000.1310 -004.5928 +179.1041 +042.7605 +004.6188 0
L1 07    318 +014.6491 -000.0576 -005.3639 -094.2927 -001.8410 +048.0423 0
L1 08    318 +013.9528 -000.0333 -005.9177 -014.2785 -044.9833 +010.5866 0
L1 01    322 +016.1184 +000.1463 +001.3520 -085.2018 +001.0448 +001.8476 0
L1 02    322 +005.0149 +007.0875 +001.6767 -175.9704 +003.0523 -129.3311 0
L1 03    322 +016.2134 -000.6611 -000.8327 -090.9764 +000.7167 +092.1849 0
L1 04    322 +008.6748 +008.0103 +001.7763 -029.1429 -000.5987 +000.3697 0
L1 05    322 +014.3795 +010.1251 +001.9858 -108.8473 +000.7632 -005.9421 0
L1 06    322 +015.2391 -000.1308 -004.5928 +179.1049 +042.7606 +004.6197 0
L1 07    322 +014.6491 -000.0575 -005.3639 -094.2928 -001.8418 +048.0425 0
L1 08    322 +013.9528 -000.0332 -005.9177 -014.2770 -044.9833 +010.5858 0
L1 01    326 +016.1184 +000.1461 +001.3519 -085.2033 +001.0456 +001.8470 0
L1 02    326 +005.0149 +007.0875 +001.6767 -175.9703 +003.0522 -129.3310 0
L1 03    326 +016.2134 -000.6613 -000.8328 -090.9772 +000.7174 +092.1843 0
L1 04    326 +008.6748 +008.0103 +001.7764 -029.1428 -000.5985 +000.3700 0
L1 05    326 +014.3794 +010.1252 +001.9860 -108.8473 +000.7636 -005.9402 0
L1 06    326 +015.2392 -000.1307 -004.5926 +179.1036 +042.7625 +004.6180 0
L1 07    326 +014.6490 -000.0574 -005.3643 -094.2922 -001.8406 +048.0401 0
L1 08    326 +013.9527 -000.0332 -005.9177 -014.2775 -044.9828 +010.5861 0
L1 01    330 +016.1184 +000.1463 +001.3517 -085.2015 +001.0450 +001.8447 0
L1 02    330 +005.0149 +007.0875 +001.6767 -175.9700 +003.0524 -129.3312 0
L1 03    330 +016.2134 -000.6612 -000.8327 -090.9763 +000.7171 +092.1843 0
L1 04    330 +008.6747 +008.0103 +001.7764 -029.1423 -000.5990 +000.3703 0
L1 05    330 +014.3792 +010.1257 +001.9859 -108.8445 +000.7627 -005.9403 0
L1 06    330 +015.2392 -000.1305 -004.5925 +179.1051 +042.7620 +004.6174 0
L1 07    330 +014.6490 -000.0574 -005.3642 -094.2921 -001.8411 +048.0406 0
L1 08    330 +013.9528 -000.0330 -005.9177 -014.2770 -044.9827 +010.5873 0
L1 01    334 +016.1184 +000.1465 +001.3517 -085.1998 +001.0456 +001.8457 0
L1 02    334 +005.0149 +007.0875 +001.6767 -175.9701 +003.0524 -129.3312 0
L1 03    334 +016.2134 -000.6612 -000.8327 -090.9762 +000.7183 +092.1844 0
L1 04    334 +008.6747 +008.0103 +001.7764 -029.1420 -000.5986 +000.3697 0
L1 05    334 +014.3792 +010.1258 +001.9856 -108.8433 +000.7611 -005.9412 0
L1 06    334 +015.2392 -000.1302 -004.5925 +179.1051 +042.7623 +004.6151 0
L1 07    334 +014.6491 -000.0574 -005.3642 -094.2917 -001.8395 +048.0402 0
L1 08    334 +013.9528 -000.0332 -005.9176 -014.2785 -044.9829 +010.5880 0
L1 01    338 +016.1184 +000.1465 +001.3519 -085.1997 +001.0455 +001.8467 0
L1 02    338 +005.0149 +007.0876 +001.6767 -175.9698 +003.0525 -129.3312 0
L1 03    338 +016.2134 -000.6611 -000.8328 -090.9756 +000.7181 +092.1840 0
L1 04    338 +008.6747 +008.0103 +001.7764 -029.1418 -000.5988 +000.3698 0
L1 05    338 +014.3793 +010.1257 +001.9856 -108.8437 +000.7606 -005.9417 0
L1 06    338 +015.2391 -000.1304 -004.5928 +179.1053 +042.7602 +004.6166 0
L1 07    338 +014.6491 -000.0570 -005.3641 -094.2905 -001.8391 +048.0411 0
L1 08    338 +013.9528 -000.0331 -005.9177 -014.2783 -044.9827 +010.5880 0
L1 01    342 +016.1184 +000.1464 +001.3519 -085.2012 +001.0465 +001.8469 0
L1 02    342 +005.0149 +007.0875 +001.6767 -175.9700 +003.0524 -129.3311 0
L1 03    342 +016.2134 -000.6614 -000.8327 -090.9776 +000.7179 +092.1847 0
L1 04    342 +008.6747 +008.0103 +001.7764 -029.1421 -000.5990 +000.3701 0
L1 05    342 +014.3796 +010.1252 +001.9854 -108.8474 +000.7604 -005.9428 0
L1 06    342 +015.2391 -000.1309 -004.5929 +179.1029 +042.7603 +004.6179 0
L1 07    342 +014.6489 -000.0575 -005.3644 -094.2927 -001.8405 +048.0401 0
L1 08    342 +013.9528 -000.0333 -005.9177 -014.2783 -044.9828 +010.5867 0
L1 01    346 +016.1184 +000.1462 +001.3518 -085.2035 +001.0452 +001.8459 0
L1 02    346 +005.0149 +007.0875 +001.6767 -175.9699 +003.0524 -129.3311 0
L1 03    346 +016.2134 -000.6613 -000.8328 -090.9778 +000.7167 +092.1839 0
L1 04    346 +008.6748 +008.0103 +001.7764 -029.1426 -000.5988 +000.3703 0
L1 05    346 +014.3795 +010.1252 +001.9856 -108.8472 +000.7614 -005.9421 0
L1 06    346 +015.2390 -000.1306 -004.5930 +179.1027 +042.7592 +004.6169 0
L1 07    346 +014.6490 -000.0572 -005.3642 -094.2926 -001.8397 +048.0406 0
L1 08    346 +013.9528 -000.0333 -005.9177 -014.2781 -044.9828 +010.5855 0
L1 01    350 +016.1184 +000.1461 +001.3519 -085.2044 +001.0448 +001.8469 0
L1 02    350 +005.0149 +007.0875 +001.6767 -175.9706 +003.0522 -129.3310 0
L1 03    350 +016.2134 -000.6614 -000.8327 -090.9795 +000.7161 +092.1848 0
L1 04    350 +008.6748 +008.0102 +001.7764 -029.1436 -000.5984 +000.3700 0
L1 05    350 +014.3794 +010.1253 +001.9854 -108.8470 +000.7610 -005.9426 0
L1 06    350 +015.2390 -000.1305 -004.5927 +179.1028 +042.7604 +004.6174 0
L1 07    350 +014.6490 -000.0575 -005.3641 -094.2945 -001.8425 +048.0414 0
L1 08    350 +013.9527 -000.0334 -005.9177 -014.2779 -044.9822 +010.5831 0
L1 01    354 +016.1184 +000.1462 +001.3517 -085.2039 +001.0454 +001.8445 0
L1 02    354 +005.0149 +007.0875 +001.6767 -175.9701 +003.0522 -129.3312 0
L1 03    354 +016.2134 -000.6614 -000.8328 -090.9792 +000.7166 +092.1837 0
L1 04    354 +008.6747 +008.0103 +001.7764 -029.1428 -000.5984 +000.3701 0
L1 05    354 +014.3794 +010.1253 +001.9856 -108.8478 +000.7624 -005.9419 0
L1 06    354 +015.2390 -000.1309 -004.5928 +179.1014 +042.7597 +004.6185 0
L1 07    354 +014.6490 -000.0573 -005.3641 -094.2923 -001.8414 +048.0406 0
L1 08    354 +013.9527 -000.0333 -005.9178 -014.2784 -044.9816 +010.5849 0
L1 01    358 +016.1184 +000.1463 +001.3515 -085.2034 +001.0466 +001.8436 0
L1 02    358 +005.0149 +007.0875 +001.6767 -175.9702 +003.0524 -129.3314 0
L1 03    358 +016.2134 -000.6615 -000.8329 -090.9798 +000.7171 +092.1834 0
L1 04    358 +008.6747 +008.0103 +001.7763 -029.1425 -000.5987 +000.3698 0
L1 05    358 +014.3794 +010.1253 +001.9857 -108.8472 +000.7618 -005.9418 0
L1 06    358 +015.2390 -000.1310 -004.5928 +179.0998 +042.7594 +004.6174 0
L1 07    358 +014.6490 -000.0573 -005.3643 -094.2937 -001.8406 +048.0399 0
L1 08    358 +013.9528 -000.0333 -005.9178 -014.2795 -044.9821 +010.5857 0
L1 01    362 +016.1184 +000.1464 +001.3515 -085.2028 +001.0469 +001.8442 0
L1 02    362 +005.0149 +007.0875 +001.6767 -175.9702 +003.0525 -129.3312 0
L1 03    362 +016.2134 -000.6616 -000.8329 -090.9803 +000.7180 +092.1834 0
L1 04    362 +008.6747 +008.0103 +001.7764 -029.1422 -000.5989 +000.3699 0
L1 05    362 +014.3792 +010.1257 +001.9854 -108.8450 +000.7606 -005.9440 0
L1 06    362 +015.2391 -000.1308 -004.5930 +179.0993 +042.7593 +004.6159 0
L1 07    362 +014.6490 -000.0575 -005.3643 -094.2961 -001.8394 +048.0406 0
L1 08    362 +013.9528 -000.0332 -005.9178 -014.2806 -044.9817 +010.5871 0
L1 01    366 +016.1184 +000.1466 +001.3517 -085.2016 +001.0457 +001.8453 0
L1 02    366 +005.0149 +007.0875 +001.6767 -175.9703 +003.0524 -129.3312 0
L1 03    366 +016.2134 -000.6613 -000.8328 -090.9783 +000.7178 +092.1840 0
L1 04    366 +008.6747 +008.0104 +001.7764 -029.1413 -000.5992 +000.3704 0
L1 05    366 +014.3789 +010.1262 +001.9850 -108.8398 +000.7582 -005.9451 0
L1 06    366 +015.2392 -000.1309 -004.5926 +179.1002 +042.7617 +004.6171 0
L1 07    366 +014.6490 -000.0569 -005.3643 -094.2924 -001.8384 +048.0397 0
L1 08    366 +013.9528 -000.0330 -005.9177 -014.2800 -044.9820 +010.5883 0
L1 01    370 +016.1184 +000.1465 +001.3517 -085.2021 +001.0462 +001.8459 0
L1 02    370 +005.0149 +007.0875 +001.6767 -175.9706 +003.0523 -129.3314 0
L1 03    370 +016.2134 -000.6613 -000.8327 -090.9788 +000.7174 +092.1849 0
L1 04    370 +008.6747 +008.0103 +001.7764 -029.1420 -000.5988 +000.3702 0
L1 05    370 +014.3794 +010.1254 +001.9858 -108.8468 +000.7619 -005.9411 0
L1 06    370 +015.2391 -000.1308 -004.5927 +179.0994 +042.7609 +004.6165 0
L1 07    370 +014.6491 -000.0571 -005.3641 -094.2931 -001.8396 +048.0413 0
L1 08    370 +013.9528 -000.0332 -005.9176 -014.2804 -044.9821 +010.5876 0
L1 01    374 +016.1184 +000.1463 +001.3517 -085.2040 +001.0456 +001.8454 0
L1 02    374 +005.0149 +007.0875 +001.6767 -175.9705 +003.0523 -129.3313 0
L1 03    374 +016.2134 -000.6613 -000.8327 -090.9793 +000.7170 +092.1845 0
L1 04    374 +008.6748 +008.0103 +001.7764 -029.1428 -000.5985 +000.3702 0
L1 05    374 +014.3797 +010.1252 +001.9854 -108.8489 +000.7601 -005.9430 0
L1 06    374 +015.2391 -000.1309 -004.5929 +179.0992 +042.7598 +004.6176 0
L1 07    374 +014.6490 -000.0572 -005.3642 -094.2943 -001.8407 +048.0407 0
L1 08    374 +013.9528 -000.0331 -005.9177 -014.2796 -044.9818 +010.5863 0
L1 01    378 +016.1184 +000.1462 +001.3518 -085.2048 +001.0458 +001.8467 0
L1 02    378 +005.0149 +007.0875 +001.6767 -175.9705 +003.0522 -129.3312 0
L1 03    378 +016.2134 -000.6612 -000.8327 -090.9792 +000.7171 +092.1845 0
L1 04    378 +008.6747 +008.0103 +001.7764 -029.1425 -000.5986 +000.3701 0
L1 05    378 +014.3797 +010.1250 +001.9857 -108.8492 +000.7622 -005.9428 0
L1 06    378 +015.2391 -000.1307 -004.5927 +179.0996 +042.7612 +004.6170 0
L1 07    378 +014.6490 -000.0573 -005.3641 -094.2954 -001.8397 +048.0409 0
L1 08    378 +013.9528 -000.0330 -005.9177 -014.2799 -044.9818 +010.5870 0
L1 01    382 +016.1184 +000.1464 +001.3519 -085.2036 +001.0458 +001.8466 0
L1 02    382 +005.0149 +007.0875 +001.6767 -175.9699 +003.0527 -129.3313 0
L1 03    382 +016.2134 -000.6611 -000.8327 -090.9787 +000.7176 +092.1846 0
L1 04    382 +008.6747 +008.0103 +001.7764 -029.1421 -000.5989 +000.3703 0
L1 05    382 +014.3795 +010.1252 +001.9860 -108.8485 +000.7636 -005.9404 0
L1 06    382 +015.2392 -000.1308 -004.5926 +179.0988 +042.7619 +004.6169 0
L1 07    382 +014.6490 -000.0572 -005.3643 -094.2953 -001.8398 +048.0400 0
L1 08    382 +013.9528 -000.0330 -005.9178 -014.2806 -044.9813 +010.5874 0
L1 01    386 +016.1184 +000.1463 +001.3517 -085.2041 +001.0463 +001.8461 0
L1 02    386 +005.0149 +007.0875 +001.6767 -175.9701 +003.0524 -129.3312 0
L1 03    386 +016.2134 -000.6613 -000.8327 -090.9797 +000.7180 +092.1843 0
L1 04    386 +008.6748 +008.0103 +001.7764 -029.1426 -000.5987 +000.3703 0
L1 05    386 +014.3799 +010.1247 +001.9854 -108.8504 +000.7607 -005.9413 0
L1 06    386 +015.2391 -000.1307 -004.5929 +179.0994 +042.7594 +004.6171 0
L1 07    386 +014.6491 -000.0573 -005.3641 -094.2958 -001.8394 +048.0402 0
L1 08    386 +013.9528 -000.0330 -005.9177 -014.2808 -044.9809 +010.5879 0
L1 01    390 +016.1184 +000.1462 +001.3516 -085.2054 +001.0463 +001.8453 0
L1 02    390 +005.0149 +007.0875 +001.6767 -175.9703 +003.0525 -129.3313 0
L1 03    390 +016.2134 -000.6616 -000.8327 -090.9824 +000.7175 +092.1842 0
L1 04    390 +008.6748 +008.0102 +001.7764 -029.1431 -000.5986 +000.3704 0
L1 05    390 +014.3796 +010.1251 +001.9853 -108.8491 +000.7593 -005.9409 0
L1 06    390 +015.2391 -000.1307 -004.5929 +179.0995 +042.7596 +004.6186 0
L1 07    390 +014.6490 -000.0574 -005.3641 -094.2975 -001.8398 +048.0409 0
L1 08    390 +013.9527 -000.0331 -005.9178 -014.2804 -044.9804 +010.5860 0
L1 01    394 +016.1184 +000.1461 +001.3520 -085.2061 +001.0460 +001.8474 0
L1 02    394 +005.0149 +007.0875 +001.6767 -175.9701 +003.0525 -129.3312 0
L1 03    394 +016.2134 -000.6615 -000.8328 -090.9819 +000.7178 +092.1842 0
L1 04    394 +008.6748 +008.0102 +001.7764 -029.1431 -000.5985 +000.3703 0
L1 05    394 +014.3796 +010.1253 +001.9853 -108.8487 +000.7603 -005.9432 0
L1 06    394 +015.2391 -000.1306 -004.5928 +179.0980 +042.7602 +004.6169 0
L1 07    394 +014.6491 -000.0571 -005.3641 -094.2953 -001.8389 +048.0416 0
L1 08    394 +013.9527 -000.0331 -005.9178 -014.2810 -044.9804 +010.5867 0
L1 01    398 +016.1184 +000.1461 +001.3518 -085.2062 +001.0462 +001.8467 0
L1 02    398 +005.0149 +007.0875 +001.6767 -175.9702 +003.0525 -129.3312 0
L1 03    398 +016.2134 -000.6613 -000.8327 -090.9815 +000.7180 +092.1847 0
L1 04    398 +008.6748 +008.0102 +001.7764 -029.1431 -000.5987 +000.3703 0
L1 05    398 +014.3793 +010.1256 +001.9858 -108.8474 +000.7622 -005.9419 0
L1 06    398 +015.2391 -000.1305 -004.5928 +179.0983 +042.7601 +004.6163 0
L1 07    398 +014.6489 -000.0570 -005.3643 -094.2956 -001.8386 +048.0397 0
L1 08    398 +013.9528 -000.0330 -005.9177 -014.2819 -044.9814 +010.5876 0
L1 01    402 +016.1184 +000.1464 +001.3517 -085.2038 +001.0469 +001.8455 0
L1 02    402 +005.0149 +007.0876 +001.6767 -175.9698 +003.0525 -129.3310 0
L1 03    402 +016.2135 -000.6613 -000.8326 -090.9801 +000.7187 +092.1852 0
L1 04    402 +008.6747 +008.0103 +001.7764 -029.1420 -000.5989 +000.3702 0
L1 05    402 +014.3795 +010.1255 +001.9854 -108.8465 +000.7612 -005.9440 0
L1 06    402 +015.2391 -000.1309 -004.5931 +179.0960 +042.7588 +004.6161 0
L1 07    402 +014.6490 -000.0568 -005.3643 -094.2939 -001.8375 +048.0404 0
L1 08    402 +013.9528 -000.0330 -005.9178 -014.2820 -044.9804 +010.5883 0
L1 01    406 +016.1184 +000.1462 +001.3517 -085.2050 +001.0462 +001.8448 0
L1 02    406 +005.0149 +007.0875 +001.6767 -175.9699 +003.0525 -129.3310 0
L1 03    406 +016.2134 -000.6612 -000.8328 -090.9795 +000.7181 +092.1839 0
L1 04    406 +008.6747 +008.0103 +001.7764 -029.1423 -000.5988 +000.3700 0
L1 05    406 +014.3793 +010.1257 +001.9855 -108.8452 +000.7619 -005.9433 0
L1 06    406 +015.2391 -000.1305 -004.5929 +179.0988 +042.7595 +004.6154 0
L1 07    406 +014.6489 -000.0571 -005.3644 -094.2955 -001.8399 +048.0385 0
L1 08    406 +013.9527 -000.0329 -005.9178 -014.2810 -044.9799 +010.5882 0
L1 01    410 +016.1184 +000.1462 +001.3515 -085.2048 +001.0472 +001.8439 0
L1 02    410 +005.0149 +007.0875 +001.6767 -175.9698 +003.0526 -129.3312 0
L1 03    410 +016.2134 -000.6612 -000.8327 -090.9792 +000.7183 +092.1838 0
L1 04    410 +008.6747 +008.0103 +001.7764 -029.1418 -000.5987 +000.3701 0
L1 05    410 +014.3793 +010.1258 +001.9852 -108.8443 +000.7613 -005.9462 0
L1 06    410 +015.2391 -000.1302 -004.5927 +179.0982 +042.7616 +004.6135 0
L1 07    410 +014.6491 -000.0571 -005.3642 -094.2953 -001.8388 +048.0399 0
L1 08    410 +013.9528 -000.0330 -005.9178 -014.2812 -044.9802 +010.5882 0
L1 01    414 +016.1184 +000.1465 +001.3517 -085.2035 +001.0468 +001.8449 0
L1 02    414 +005.0149 +007.0876 +001.6767 -175.9697 +003.0526 -129.3312 0
L1 03    414 +016.2134 -000.6610 -000.8326 -090.9781 +000.7183 +092.1849 0
L1 04    414 +008.6747 +008.0104 +001.7764 -029.1414 -000.5989 +000.3700 0
L1 05    414 +014.3791 +010.1259 +001.9854 -108.8428 +000.7598 -005.9431 0
L1 06    414 +015.2392 -000.1299 -004.5926 +179.0990 +042.7618 +004.6126 0
L1 07    414 +014.6491 -000.0569 -005.3641 -094.2953 -001.8379 +048.0411 0
L1 08    414 +013.9528 -000.0328 -005.9178 -014.2810 -044.9802 +010.5892 0
L1 01    418 +016.1184 +000.1465 +001.3517 -085.2039 +001.0471 +001.8458 0
L1 02    418 +005.0149 +007.0875 +001.6767 -175.9701 +003.0524 -129.3312 0
L1 03    418 +016.2134 -000.6612 -000.8328 -090.9800 +000.7189 +092.1841 0
L1 04    418 +008.6747 +008.0103 +001.7764 -029.1420 -000.5985 +000.3701 0
L1 05    418 +014.3792 +010.1257 +001.9852 -108.8430 +000.7586 -005.9446 0
L1 06    418 +015.2392 -000.1303 -004.5926 +179.0975 +042.7619 +004.6132 0
L1 07    418 +014.6490 -000.0569 -005.3642 -094.2958 -001.8376 +048.0406 0
L1 08    418 +013.9527 -000.0329 -005.9179 -014.2819 -044.9794 +010.5888 0
L1 01    422 +016.1185 +000.1464 +001.3518 -085.2048 +001.0467 +001.8460 0
L1 02    422 +005.0149 +007.0875 +001.6767 -175.9705 +003.0524 -129.3312 0
L1 03    422 +016.2134 -000.6614 -000.8328 -090.9815 +000.7186 +092.1837 0
L1 04    422 +008.6748 +008.0103 +001.7764 -029.1428 -000.5986 +000.3699 0
L1 05    422 +014.3796 +010.1252 +001.9853 -108.8478 +000.7598 -005.9448 0
L1 06    422 +015.2390 -000.1305 -004.5929 +179.0977 +042.7599 +004.6155 0
L1 07    422 +014.6491 -000.0572 -005.3642 -094.2975 -001.8381 +048.0410 0
L1 08    422 +013.9527 -000.0330 -005.9180 -014.2817 -044.9787 +010.5869 0
L1 01    426 +016.1185 +000.1462 +001.3518 -085.2062 +001.0470 +001.8467 0
L1 02    426 +005.0149 +007.0875 +001.6767 -175.9712 +003.0524 -129.3313 0
L1 03    426 +016.2134 -000.6615 -000.8327 -090.9826 +000.7186 +092.1849 0
L1 04    426 +008.6748 +008.0103 +001.7763 -029.1430 -000.5987 +000.3699 0
L1 05    426 +014.3796 +010.1252 +001.9853 -108.8484 +000.7608 -005.9450 0
L1 06    426 +015.2391 -000.1309 -004.5929 +179.0963 +042.7604 +004.6181 0
L1 07    426 +014.6491 -000.0571 -005.3642 -094.2970 -001.8373 +048.0409 0
L1 08    426 +013.9529 -000.0332 -005.9176 -014.2823 -044.9811 +010.5868 0
L1 01    430 +016.1184 +000.1461 +001.3518 -085.2069 +001.0460 +001.8460 0
L1 02    430 +005.0149 +007.0875 +001.6767 -175.9703 +003.0523 -129.3309 0
L1 03    430 +016.2134 -000.6614 -000.8328 -090.9816 +000.7178 +092.1841 0
L1 04    430 +008.6748 +008.0103 +001.7763 -029.1429 -000.5989 +000.3699 0
L1 05    430 +014.3795 +010.1252 +001.9856 -108.8491 +000.7618 -005.9433 0
L1 06    430 +015.2391 -000.1306 -004.5927 +179.0966 +042.7610 +004.6166 0
L1 07    430 +014.6491 -000.0572 -005.3641 -094.2980 -001.8389 +048.0412 0
L1 08    430 +013.9528 -000.0331 -005.9178 -014.2811 -044.9801 +010.5861 0
L1 01    434 +016.1184 +000.1461 +001.3517 -085.2066 +001.0463 +001.8457 0
L1 02    434 +005.0149 +007.0875 +001.6767 -175.9705 +003.0523 -129.3310 0
L1 03    434 +016.2134 -000.6614 -000.8327 -090.9823 +000.7182 +092.1846 0
L1 04    434 +008.6748 +008.0103 +001.7764 -029.1428 -000.5987 +000.3700 0
L1 05    434 +014.3795 +010.1254 +001.9853 -108.8461 +000.7603 -005.9448 0
L1 06    434 +015.2391 -000.1305 -004.5928 +179.0972 +042.7602 +004.6166 0
L1 07    434 +014.6490 -000.0571 -005.3641 -094.2978 -001.8379 +048.0410 0
L1 08    434 +013.9528 -000.0331 -005.9178 -014.2823 -044.9799 +010.5869 0
L1 01    438 +016.1184 +000.1463 +001.3516 -085.2055 +001.0467 +001.8448 0
L1 02    438 +005.0149 +007.0875 +001.6767 -175.9700 +003.0523 -129.3311 0
L1 03    438 +016.2134 -000.6613 -000.8326 -090.9812 +000.7184 +092.1848 0
L1 04    438 +008.6747 +008.0103 +001.7764 -029.1421 -000.5989 +000.3703 0
L1 05    438 +014.3793 +010.1257 +001.9855 -108.8442 +000.7608 -005.9430 0
L1 06    438 +015.2391 -000.1303 -004.5927 +179.0978 +042.7611 +004.6151 0
L1 07    438 +014.6491 -000.0572 -005.3639 -094.2983 -001.8381 +048.0428 0
L1 08    438 +013.9528 -000.0329 -005.9178 -014.2823 -044.9794 +010.5887 0
L1 01    442 +016.1184 +000.1462 +001.3519 -085.2062 +001.0471 +001.8469 0
L1 02    442 +005.0149 +007.0875 +001.6767 -175.9702 +003.0522 -129.3311 0
L1 03    442 +016.2134 -000.6613 -000.8326 -090.9812 +000.7191 +092.1854 0
L1 04    442 +008.6747 +008.0103 +001.7764 -029.1423 -000.5987 +000.3704 0
L1 05    442 +014.3792 +010.1257 +001.9856 -108.8447 +000.7626 -005.9440 0
L1 06    442 +015.2392 -000.1304 -004.5926 +179.0967 +042.7618 +004.6146 0
L1 07    442 +014.6491 -000.0572 -005.3640 -094.2985 -001.8388 +048.0418 0
L1 08    442 +013.9527 -000.0331 -005.9177 -014.2835 -044.9795 +010.5881 0
L1 01    446 +016.1184 +000.1462 +001.3518 -085.2064 +001.0465 +001.8463 0
L1 02    446 +005.0149 +007.0875 +001.6767 -175.9704 +003.0525 -129.3313 0
L1 03    446 +016.2134 -000.6613 -000.8327 -090.9814 +000.7184 +092.1846 0
L1 04    446 +008.6748 +008.0103 +001.7764 -029.1427 -000.5989 +000.3704 0
L1 05    446 +014.3795 +010.1254 +001.9851 -108.8464 +000.7611 -005.9460 0
L1 06    446 +015.2392 -000.1303 -004.5925 +179.0972 +042.7624 +004.6144 0
L1 07    446 +014.6490 -000.0571 -005.3643 -094.2981 -001.8382 +048.0402 0
L1 08    446 +013.9527 -000.0329 -005.9178 -014.2821 -044.9790 +010.5884 0
L1 01    450 +016.1185 +000.1462 +001.3519 -085.2063 +001.0466 +001.8472 0
L1 02    450 +005.0149 +007.0875 +001.6767 -175.9704 +003.0525 -129.3312 0
L1 03    450 +016.2134 -000.6613 -000.8328 -090.9817 +000.7188 +092.1846 0
L1 04    450 +008.6747 +008.0103 +001.7764 -029.1425 -000.5988 +000.3702 0
L1 05    450 +014.3797 +010.1253 +001.9851 -108.8481 +000.7604 -005.9464 0
L1 06    450 +015.2391 -000.1304 -004.5929 +179.0963 +042.7598 +004.6144 0
L1 07    450 +014.6490 -000.0572 -005.3643 -094.2982 -001.8380 +048.0402 0
L1 08    450 +013.9528 -000.0329 -005.9178 -014.2824 -044.9792 +010.5885 0
L1 01    454 +016.1185 +000.1462 +001.3520 -085.2059 +001.0463 +001.8474 0
L1 02    454 +005.0149 +007.0875 +001.6767 -175.9707 +003.0523 -129.3311 0
L1 03    454 +016.2134 -000.6613 -000.8327 -090.9808 +000.7184 +092.1847 0
L1 04    454 +008.6747 +008.0103 +001.7764 -029.1427 -000.5986 +000.3703 0
L1 05    454 +014.3793 +010.1258 +001.9851 -108.8454 +000.7603 -005.9456 0
L1 06    454 +015.2391 -000.1306 -004.5929 +179.0967 +042.7602 +004.6158 0
L1 07    454 +014.6490 -000.0569 -005.3641 -094.2960 -001.8377 +048.0414 0
L1 08    454 +013.9528 -000.0329 -005.9178 -014.2818 -044.9794 +010.5886 0
L1 01    458 +016.1185 +000.1460 +001.3519 -085.2070 +001.0454 +001.8467 0
L1 02    458 +005.0149 +007.0875 +001.6767 -175.9704 +003.0523 -129.3312 0
L1 03    458 +016.2134 -000.6612 -000.8330 -090.9803 +000.7183 +092.1831 0
L1 04    458 +008.6747 +008.0103 +001.7764 -029.1427 -000.5988 +000.3703 0
L1 05    458 +014.3794 +010.1256 +001.9853 -108.8459 +000.7612 -005.9440 0
L1 06    458 +015.2391 -000.1309 -004.5929 +179.0949 +042.7598 +004.6161 0
L1 07    458 +014.6490 -000.0572 -005.3643 -094.2982 -001.8379 +048.0400 0
L1 08    458 +013.9527 -000.0328 -005.9178 -014.2814 -044.9790 +010.5885 0
L1 01    462 +016.1185 +000.1461 +001.3518 -085.2063 +001.0462 +001.8462 0
L1 02    462 +005.0149 +007.0875 +001.6767 -175.9701 +003.0524 -129.3310 0
L1 03    462 +016.2134 -000.6611 -000.8328 -090.9791 +000.7188 +092.1844 0
L1 04    462 +008.6747 +008.0103 +001.7764 -029.1422 -000.5989 +000.3704 0
L1 05    462 +014.3793 +010.1257 +001.9858 -108.8444 +000.7628 -005.9426 0
L1 06    462 +015.2391 -000.1302 -004.5928 +179.0968 +042.7606 +004.6142 0
L1 07    462 +014.6491 -000.0569 -005.3640 -094.2961 -001.8375 +048.0424 0
L1 08    462 +013.9527 -000.0328 -005.9178 -014.2823 -044.9788 +010.5897 0
L1 01    466 +016.1184 +000.1464 +001.3517 -085.2050 +001.0473 +001.8459 0
L1 02    466 +005.0149 +007.0875 +001.6767 -175.9703 +003.0524 -129.3312 0
L1 03    466 +016.2134 -000.6612 -000.8326 -090.9808 +000.7195 +092.1855 0
L1 04    466 +008.6748 +008.0103 +001.7764 -029.1426 -000.5989 +000.3704 0
L1 05    466 +014.3795 +010.1254 +001.9853 -108.8463 +000.7611 -005.9448 0
L1 06    466 +015.2391 -000.1305 -004.5928 +179.0944 +042.7607 +004.6143 0
L1 07    466 +014.6491 -000.0569 -005.3639 -094.2975 -001.8367 +048.0426 0
L1 08    466 +013.9528 -000.0329 -005.9178 -014.2828 -044.9789 +010.5894 0
L1 01    470 +016.1184 +000.1462 +001.3519 -085.2062 +001.0467 +001.8472 0
L1 02    470 +005.0149 +007.0875 +001.6767 -175.9710 +003.0523 -129.3313 0
L1 03    470 +016.2134 -000.6612 -000.8329 -090.9811 +000.7189 +092.1840 0
L1 04    470 +008.6748 +008.0103 +001.7764 -029.1427 -000.5989 +000.3704 0
L1 05    470 +014.3796 +010.1253 +001.9855 -108.8471 +000.7630 -005.9445 0
L1 06    470 +015.2391 -000.1304 -004.5929 +179.0949 +042.7599 +004.6136 0
L1 07    470 +014.6491 -000.0571 -005.3640 -094.2986 -001.8380 +048.0421 0
L1 08    470 +013.9527 -000.0329 -005.9178 -014.2827 -044.9788 +010.5888 0
L1 01    474 +016.1185 +000.1462 +001.3519 -085.2073 +001.0477 +001.8470 0
L1 02    474 +005.0150 +007.0875 +001.6767 -175.9713 +003.0522 -129.3312 0
L1 03    474 +016.2134 -000.6618 -000.8327 -090.9852 +000.7183 +092.1845 0
L1 04    474 +008.6748 +008.0102 +001.7764 -029.1436 -000.5982 +000.3700 0
L1 05    474 +014.3796 +010.1252 +001.9851 -108.8486 +000.7614 -005.9458 0
L1 06    474 +015.2391 -000.1306 -004.5929 +179.0943 +042.7608 +004.6159 0
L1 07    474 +014.6491 -000.0573 -005.3639 -094.3003 -001.8388 +048.0426 0
L1 08    474 +013.9528 -000.0331 -005.9178 -014.2829 -044.9790 +010.5867 0
L1 01    478 +016.1184 +000.1461 +001.3518 -085.2073 +001.0470 +001.8463 0
L1 02    478 +005.0150 +007.0875 +001.6767 -175.9713 +003.0524 -129.3312 0
L1 03    478 +016.2134 -000.6614 -000.8327 -090.9829 +000.7179 +092.1841 0
L1 04    478 +008.6748 +008.0102 +001.7764 -029.1432 -000.5985 +000.3702 0
L1 05    478 +014.3797 +010.1248 +001.9859 -108.8505 +000.7639 -005.9434 0
L1 06    478 +015.2391 -000.1306 -004.5926 +179.0955 +042.7610 +004.6171 0
L1 07    478 +014.6490 -000.0573 -005.3640 -094.2999 -001.8379 +048.0420 0
L1 08    478 +013.9527 -000.0331 -005.9178 -014.2818 -044.9789 +010.5862 0
L1 01    482 +016.1184 +000.1461 +001.3519 -085.2071 +001.0471 +001.8469 0
L1 02    482 +005.0150 +007.0875 +001.6767 -175.9714 +003.0525 -129.3316 0
L1 03    482 +016.2134 -000.6614 -000.8327 -090.9825 +000.7187 +092.1846 0
L1 04    482 +008.6748 +008.0103 +001.7763 -029.1428 -000.5985 +000.3698 0
L1 05    482 +014.3795 +010.1252 +001.9854 -108.8482 +000.7609 -005.9446 0
L1 06    482 +015.2391 -000.1306 -004.5928 +179.0943 +042.7597 +004.6153 0
L1 07    482 +014.6490 -000.0572 -005.3642 -094.2990 -001.8378 +048.0406 0
L1 08    482 +013.9527 -000.0330 -005.9178 -014.2822 -044.9783 +010.5879 0
L1 01    486 +016.1184 +000.1464 +001.3518 -085.2046 +001.0476 +001.8459 0
L1 02    486 +005.0149 +007.0875 +001.6767 -175.9704 +003.0525 -129.3313 0
L1 03    486 +016.2134 -000.6613 -000.8327 -090.9815 +000.7196 +092.1844 0
L1 04    486 +008.6747 +008.0104 +001.7764 -029.1417 -000.5990 +000.3701 0
L1 05    486 +014.3795 +010.1254 +001.9857 -108.8469 +000.7624 -005.9429 0
L1 06    486 +015.2391 -000.1304 -004.5928 +179.0952 +042.7606 +004.6131 0
L1 07    486 +014.6490 -000.0571 -005.3642 -094.2986 -001.8362 +048.0401 0
L1 08    486 +013.9527 -000.0328 -005.9178 -014.2825 -044.9779 +010.5894 0
L1 01    490 +016.1184 +000.1463 +001.3517 -085.2045 +001.0471 +001.8455 0
L1 02    490 +005.0149 +007.0875 +001.6767 -175.9703 +003.0526 -129.3314 0
L1 03    490 +016.2134 -000.6611 -000.8326 -090.9804 +000.7200 +092.1856 0
L1 04    490 +008.6747 +008.0103 +001.7764 -029.1421 -000.5989 +000.3701 0
L1 05    490 +014.3794 +010.1256 +001.9854 -108.8441 +000.7609 -005.9453 0
L1 06    490 +015.2391 -000.1303 -004.5926 +179.0947 +042.7616 +004.6122 0
L1 07    490 +014.6490 -000.0568 -005.3641 -094.2976 -001.8350 +048.0409 0
L1 08    490 +013.9527 -000.0327 -005.9178 -014.2829 -044.9779 +010.5906 0
L1 01    494 +016.1184 +000.1464 +001.3517 -085.2045 +001.0474 +001.8461 0
L1 02    494 +005.0149 +007.0875 +001.6767 -175.9705 +003.0525 -129.3313 0
L1 03    494 +016.2134 -000.6610 -000.8327 -090.9795 +000.7196 +092.1851 0
L1 04    494 +008.6747 +008.0103 +001.7764 -029.1419 -000.5991 +000.3701 0
L1 05    494 +014.3792 +010.1259 +001.9855 -108.8421 +000.7613 -005.9458 0
L1 06    494 +015.2391 -000.1304 -004.5928 +179.0953 +042.7604 +004.6140 0
L1 07    494 +014.6491 -000.0570 -005.3640 -094.2985 -001.8350 +048.0418 0
L1 08    494 +013.9527 -000.0327 -005.9178 -014.2821 -044.9775 +010.5903 0
L1 01    498 +016.1185 +000.1461 +001.3518 -085.2067 +001.0476 +001.8460 0
L1 02    498 +005.0149 +007.0875 +001.6767 -175.9708 +003.0527 -129.3314 0
L1 03    498 +016.2134 -000.6613 -000.8328 -090.9819 +000.7186 +092.1838 0
L1 04    498 +008.6748 +008.0103 +001.7764 -029.1429 -000.5988 +000.3702 0
L1 05    498 +014.3792 +010.1254 +001.9855 -108.8461 +000.7613 -005.9450 0
L1 06    498 +015.2392 -000.1304 -004.5926 +179.0960 +042.7618 +004.6150 0
L1 07    498 +014.6490 -000.0569 -005.3641 -094.2983 -001.8370 +048.0411 0
L1 08    498 +013.9528 -000.0329 -005.9178 -014.2822 -044.9786 +010.5887 0
