L1 01      5 +014.7843 +001.0318 +001.3356 +167.7793 +001.9767 +000.7566 0
L1 02      5 +005.0151 +007.0875 +001.6772 -175.9616 +003.0598 -129.3392 0
L1 03      5 +013.9942 +001.2010 -000.8709 +162.6864 +000.6177 +091.0995 0
L1 04      5 +008.6751 +008.0102 +001.7771 -029.1445 -000.5908 +000.3828 0
L1 05      5 +014.3816 +010.1319 +001.9874 -108.6773 +000.7890 -005.9260 0
L1 06      5 +014.8022 +002.0694 -004.6006 +073.4034 +041.8372 +004.7794 0
L1 07      5 +015.0495 +002.6070 -005.3276 +160.3526 -002.1556 +047.2580 0
L1 08      5 +015.2208 +003.2359 -005.8795 -121.0382 -042.7734 +011.4706 0
L1 01      9 +014.7843 +001.0318 +001.3356 +167.7798 +001.9768 +000.7568 0
L1 02      9 +005.0151 +007.0875 +001.6772 -175.9615 +003.0600 -129.3391 0
L1 03      9 +013.9942 +001.2010 -000.8710 +162.6863 +000.6170 +091.0998 0
L1 04      9 +008.6751 +008.0102 +001.7771 -029.1447 -000.5908 +000.3824 0
L1 05      9 +014.3815 +010.1321 +001.9875 -108.6767 +000.7891 -005.9240 0
L1 06      9 +014.8021 +002.0698 -004.6007 +073.4067 +041.8382 +004.7796 0
L1 07      9 +015.0496 +002.6067 -005.3278 +160.3520 -002.1569 +047.2584 0
L1 08      9 +015.2208 +003.2361 -005.8796 -121.0367 -042.7730 +011.4706 0
L1 01     13 +014.7843 +001.0318 +001.3356 +167.7793 +001.9777 +000.7573 0
L1 02     13 +005.0151 +007.0876 +001.6772 -175.9613 +003.0597 -129.3391 0
L1 03     13 +013.9942 +001.2009 -000.8710 +162.6860 +000.6175 +091.0999 0
L1 04     13 +008.6751 +008.0102 +001.7770 -029.1449 -000.5908 +000.3823 0
L1 05     13 +014.3820 +010.1314 +001.9874 -108.6806 +000.7894 -005.9254 0
L1 06     13 +014.8021 +002.0698 -004.6005 +073.4060 +041.8376 +004.7789 0
L1 07     13 +015.0495 +002.6066 -005.3279 +160.3521 -002.1571 +047.2592 0
L1 08     13 +015.2208 +003.2360 -005.8796 -121.0369 -042.7728 +011.4706 0
L1 01     17 +014.7842 +001.0319 +001.3355 +167.7798 +001.9771 +000.7583 0
L1 02     17 +005.0151 +007.0876 +001.6772 -175.9612 +003.0599 -129.3392 0
L1 03     17 +013.9942 +001.2010 -000.8711 +162.6858 +000.6170 +091.1002 0
L1 04     17 +008.6751 +008.0102 +001.7771 -029.1452 -000.5910 +000.3823 0
L1 05     17 +014.3820 +010.1314 +001.9872 -108.6803 +000.7880 -005.9259 0
L1 06     17 +014.8021 +002.0697 -004.6006 +073.4051 +041.8381 +004.7782 0
L1 07     17 +015.0496 +002.6067 -005.3280 +160.3522 -002.1572 +047.2603 0
L1 08     17 +015.2208 +003.2360 -005.8796 -121.0378 -042.7728 +011.4712 0
L1 01     21 +014.7842 +001.0319 +001.3356 +167.7797 +001.9780 +000.7578 0
L1 02     21 +005.0151 +007.0876 +001.6772 -175.9609 +003.0598 -129.3391 0
L1 03     21 +013.9942 +001.2009 -000.8710 +162.6855 +000.6173 +091.1001 0
L1 04     21 +008.6751 +008.0102 +001.7771 -029.1452 -000.5909 +000.3824 0
L1 05     21 +014.3821 +010.1314 +001.9871 -108.6791 +000.7880 -005.9259 0
L1 06     21 +014.8022 +002.0696 -004.6004 +073.4039 +041.8372 +004.7768 0
L1 07     21 +015.0497 +002.6065 -005.3278 +160.3508 -002.1558 +047.2588 0
L1 08     21 +015.2209 +003.2360 -005.8795 -121.0383 -042.7720 +011.4721 0
L1 01     25 +014.7843 +001.0319 +001.3356 +167.7786 +001.9784 +000.7576 0
L1 02     25 +005.0151 +007.0876 +001.6772 -175.9610 +003.0600 -129.3391 0
L1 03     25 +013.9942 +001.2009 -000.8709 +162.6850 +000.6182 +091.0998 0
L1 04     25 +008.6751 +008.0102 +001.7771 -029.1453 -000.5910 +000.3828 0
L1 05     25 +014.3818 +010.1317 +001.9872 -108.6778 +000.7871 -005.9252 0
L1 06     25 +014.8023 +002.0694 -004.6003 +073.3997 +041.8364 +004.7759 0
L1 07     25 +015.0497 +002.6072 -005.3273 +160.3540 -002.1544 +047.2569 0
L1 08     25 +015.2209 +003.2359 -005.8795 -121.0407 -042.7728 +011.4734 0
L1 01     29 +014.7843 +001.0318 +001.3356 +167.7769 +001.9784 +000.7572 0
L1 02     29 +005.0151 +007.0875 +001.6772 -175.9615 +003.0599 -129.3392 0
L1 03     29 +013.9942 +001.2008 -000.8709 +162.6845 +000.6180 +091.0996 0
L1 04     29 +008.6751 +008.0102 +001.7770 -029.1452 -000.5907 +000.3822 0
L1 05     29 +014.3817 +010.1317 +001.9872 -108.6774 +000.7877 -005.9256 0
L1 06     29 +014.8022 +002.0692 -004.6007 +073.4008 +041.8386 +004.7783 0
L1 07     29 +015.0496 +002.6069 -005.3277 +160.3531 -002.1562 +047.2590 0
L1 08     29 +015.2209 +003.2357 -005.8795 -121.0424 -042.7726 +011.4742 0
L1 01     33 +014.7843 +001.0317 +001.3357 +167.7752 +001.9809 +000.7563 0
L1 02     33 +005.0151 +007.0875 +001.6772 -175.9617 +003.0599 -129.3393 0
L1 03     33 +013.9942 +001.2009 -000.8708 +162.6850 +000.6182 +091.0991 0
L1 04     33 +008.6751 +008.0101 +001.7770 -029.1457 -000.5905 +000.3824 0
L1 05     33 +014.3817 +010.1317 +001.9874 -108.6786 +000.7889 -005.9254 0
L1 06     33 +014.8023 +002.0690 -004.6006 +073.3991 +041.8401 +004.7762 0
L1 07     33 +015.0497 +002.6069 -005.3276 +160.3533 -002.1554 +047.2579 0
L1 08     33 +015.2209 +003.2357 -005.8796 -121.0422 -042.7720 +011.4736 0
L1 01     37 +014.7843 +001.0317 +001.3356 +167.7755 +001.9797 +000.7570 0
L1 02     37 +005.0151 +007.0875 +001.6772 -175.9617 +003.0600 -129.3394 0
L1 03     37 +013.9942 +001.2008 -000.8708 +162.6842 +000.6180 +091.0995 0
L1 04     37 +008.6752 +008.0101 +001.7770 -029.1463 -000.5908 +000.3826 0
L1 05     37 +014.3820 +010.1313 +001.9874 -108.6809 +000.7889 -005.9264 0
L1 06     37 +014.8023 +002.0690 -004.6008 +073.4002 +041.8396 +004.7777 0
L1 07     37 +015.0496 +002.6072 -005.3276 +160.3549 -002.1564 +047.2576 0
L1 08     37 +015.2210 +003.2356 -005.8795 -121.0442 -042.7720 +011.4753 0
L1 01     41 +014.7843 +001.0319 +001.3355 +167.7781 +001.9784 +000.7579 0
L1 02     41 +005.0151 +007.0876 +001.6772 -175.9612 +003.0600 -129.3393 0
L1 03     41 +013.9942 +001.2010 -000.8708 +162.6855 +000.6176 +091.0997 0
L1 04     41 +008.6751 +008.0102 +001.7771 -029.1451 -000.5908 +000.3827 0
L1 05     41 +014.3818 +010.1316 +001.9876 -108.6786 +000.7897 -005.9247 0
L1 06     41 +014.8022 +002.0695 -004.6007 +073.4032 +041.8389 +004.7775 0
L1 07     41 +015.0497 +002.6069 -005.3275 +160.3536 -002.1567 +047.2558 0
L1 08     41 +015.2209 +003.2358 -005.8796 -121.0407 -042.7714 +011.4733 0
L1 01     45 +014.7843 +001.0320 +001.3355 +167.7781 +001.9786 +000.7578 0
L1 02     45 +005.0151 +007.0876 +001.6772 -175.9611 +003.0600 -129.3392 0
L1 03     45 +013.9942 +001.2010 -000.8709 +162.6861 +000.6171 +091.1001 0
L1 04     45 +008.6751 +008.0102 +001.7771 -029.1445 -000.5910 +000.3827 0
L1 05     45 +014.3816 +010.1319 +001.9877 -108.6752 +000.7901 -005.9247 0
L1 06     45 +014.8021 +002.0698 -004.6006 +073.4064 +041.8369 +004.7789 0
L1 07     45 +015.0497 +002.6072 -005.3273 +160.3555 -002.1557 +047.2553 0
L1 08     45 +015.2209 +003.2360 -005.8796 -121.0396 -042.7707 +011.4731 0
L1 01     49 +014.7843 +001.0320 +001.3356 +167.7776 +001.9809 +000.7575 0
L1 02     49 +005.0150 +007.0876 +001.6772 -175.9608 +003.0601 -129.3390 0
L1 03     49 +013.9942 +001.2012 -000.8708 +162.6883 +000.6179 +091.0991 0
L1 04     49 +008.6750 +008.0103 +001.7771 -029.1439 -000.5910 +000.3824 0
L1 05     49 +014.3817 +010.1319 +001.9874 -108.6769 +000.7877 -005.9252 0
L1 06     49 +014.8022 +002.0699 -004.6005 +073.4058 +041.8362 +004.7772 0
L1 07     49 +015.0497 +002.6075 -005.3273 +160.3589 -002.1553 +047.2560 0
L1 08     49 +015.2209 +003.2361 -005.8796 -121.0380 -042.7694 +011.4730 0
L1 01     53 +014.7843 +001.0319 +001.3357 +167.7765 +001.9817 +000.7576 0
L1 02     53 +005.0151 +007.0876 +001.6772 -175.9611 +003.0600 -129.3392 0
L1 03     53 +013.9943 +001.2010 -000.8708 +162.6858 +000.6179 +091.0993 0
L1 04     53 +008.6751 +008.0102 +001.7771 -029.1448 -000.5909 +000.3826 0
L1 05     53 +014.3816 +010.1319 +001.9878 -108.6778 +000.7898 -005.9234 0
L1 06     53 +014.8023 +002.0697 -004.6004 +073.4026 +041.8360 +004.7769 0
L1 07     53 +015.0498 +002.6071 -005.3273 +160.3566 -002.1547 +047.2562 0
L1 08     53 +015.2210 +003.2359 -005.8796 -121.0407 -042.7699 +011.4744 0
L1 01     57 +014.7843 +001.0317 +001.3357 +167.7738 +001.9828 +000.7564 0
L1 02     57 +005.0151 +007.0876 +001.6772 -175.9612 +003.0599 -129.3392 0
L1 03     57 +013.9943 +001.2009 -000.8708 +162.6854 +000.6178 +091.0998 0
L1 04     57 +008.6751 +008.0102 +001.7771 -029.1454 -000.5909 +000.3828 0
L1 05     57 +014.3821 +010.1313 +001.9873 -108.6825 +000.7879 -005.9274 0
L1 06     57 +014.8022 +002.0696 -004.6007 +073.4034 +041.8372 +004.7781 0
L1 07     57 +015.0498 +002.6071 -005.3275 +160.3559 -002.1557 +047.2574 0
L1 08     57 +015.2210 +003.2359 -005.8795 -121.0424 -042.7699 +011.4759 0
L1 01     61 +014.7843 +001.0318 +001.3357 +167.7744 +001.9836 +000.7574 0
L1 02     61 +005.0151 +007.0876 +001.6772 -175.9612 +003.0600 -129.3393 0
L1 03     61 +013.9943 +001.2009 -000.8709 +162.6850 +000.6173 +091.1003 0
L1 04     61 +008.6751 +008.0102 +001.7771 -029.1449 -000.5912 +000.3829 0
L1 05     61 +014.3818 +010.1317 +001.9876 -108.6792 +000.7892 -005.9244 0
L1 06     61 +014.8023 +002.0696 -004.6004 +073.4015 +041.8371 +004.7747 0
L1 07     61 +015.0499 +002.6070 -005.3274 +160.3556 -002.1549 +047.2565 0
L1 08     61 +015.2210 +003.2360 -005.8795 -121.0420 -042.7689 +011.4762 0
L1 01     65 +014.7843 +001.0317 +001.3357 +167.7736 +001.9834 +000.7571 0
L1 02     65 +005.0151 +007.0876 +001.6772 -175.9612 +003.0598 -129.3391 0
L1 03     65 +013.9942 +001.2009 -000.8709 +162.6855 +000.6169 +091.1002 0
L1 04     65 +008.6751 +008.0102 +001.7771 -029.1452 -000.5910 +000.3825 0
L1 05     65 +014.3818 +010.1317 +001.9872 -108.6794 +000.7879 -005.9259 0
L1 06     65 +014.8022 +002.0696 -004.6006 +073.4022 +041.8379 +004.7759 0
L1 07     65 +015.0498 +002.6070 -005.3273 +160.3562 -002.1551 +047.2560 0
L1 08     65 +015.2210 +003.2361 -005.8796 -121.0420 -042.7689 +011.4760 0
L1 01     69 +014.7843 +001.0318 +001.3357 +167.7742 +001.9833 +000.7579 0
L1 02     69 +005.0151 +007.0876 +001.6772 -175.9614 +003.0599 -129.3393 0
L1 03     69 +013.9942 +001.2009 -000.8709 +162.6855 +000.6170 +091.1001 0
L1 04     69 +008.6751 +008.0102 +001.7771 -029.1447 -000.5912 +000.3829 0
L1 05     69 +014.3819 +010.1316 +001.9875 -108.6787 +000.7898 -005.9257 0
L1 06     69 +014.8022 +002.0697 -004.6007 +073.4034 +041.8378 +004.7771 0
L1 07     69 +015.0498 +002.6069 -005.3273 +160.3565 -002.1546 +047.2569 0
L1 08     69 +015.2210 +003.2359 -005.8796 -121.0430 -042.7689 +011.4765 0
L1 01     73 +014.7843 +001.0318 +001.3357 +167.7735 +001.9834 +000.7572 0
L1 02     73 +005.0151 +007.0875 +001.6772 -175.9619 +003.0601 -129.3394 0
L1 03     73 +013.9942 +001.2009 -000.8709 +162.6847 +000.6171 +091.1001 0
L1 04     73 +008.6751 +008.0102 +001.7771 -029.1453 -000.5908 +000.3828 0
L1 05     73 +014.3820 +010.1314 +001.9873 -108.6803 +000.7884 -005.9272 0
L1 06     73 +014.8022 +002.0695 -004.6006 +073.4021 +041.8384 +004.7767 0
L1 07     73 +015.0498 +002.6069 -005.3273 +160.3559 -002.1544 +047.2584 0
L1 08     73 +015.2210 +003.2359 -005.8795 -121.0441 -042.7685 +011.4776 0
L1 01     77 +014.7843 +001.0318 +001.3357 +167.7723 +001.9840 +000.7569 0
L1 02     77 +005.0151 +007.0875 +001.6772 -175.9614 +003.0598 -129.3392 0
L1 03     77 +013.9943 +001.2009 -000.8709 +162.6843 +000.6168 +091.1002 0
L1 04     77 +008.6751 +008.0102 +001.7771 -029.1448 -000.5909 +000.3829 0
L1 05     77 +014.3817 +010.1318 +001.9873 -108.6785 +000.7881 -005.9269 0
L1 06     77 +014.8023 +002.0694 -004.6005 +073.3997 +041.8375 +004.7748 0
L1 07     77 +015.0498 +002.6070 -005.3275 +160.3560 -002.1553 +047.2585 0
L1 08     77 +015.2210 +003.2359 -005.8796 -121.0444 -042.7686 +011.4772 0
L1 01     81 +014.7843 +001.0317 +001.3356 +167.7719 +001.9834 +000.7582 0
L1 02     81 +005.0151 +007.0876 +001.6772 -175.9612 +003.0599 -129.3394 0
L1 03     81 +013.9943 +001.2008 -000.8709 +162.6840 +000.6164 +091.1004 0
L1 04     81 +008.6751 +008.0102 +001.7771 -029.1450 -000.5908 +000.3825 0
L1 05     81 +014.3819 +010.1315 +001.9870 -108.6805 +000.7881 -005.9281 0
L1 06     81 +014.8023 +002.0696 -004.6005 +073.4006 +041.8378 +004.7749 0
L1 07     81 +015.0499 +002.6066 -005.3274 +160.3541 -002.1551 +047.2583 0
L1 08     81 +015.2210 +003.2356 -005.8796 -121.0464 -042.7689 +011.4779 0
L1 01     85 +014.7843 +001.0321 +001.3354 +167.7747 +001.9822 +000.7583 0
L1 02     85 +005.0151 +007.0876 +001.6772 -175.9610 +003.0602 -129.3394 0
L1 03     85 +013.9942 +001.2010 -000.8710 +162.6857 +000.6158 +091.0999 0
L1 04     85 +008.6751 +008.0103 +001.7771 -029.1445 -000.5911 +000.3825 0
L1 05     85 +014.3822 +010.1314 +001.9866 -108.6809 +000.7856 -005.9290 0
L1 06     85 +014.8022 +002.0697 -004.6007 +073.4026 +041.8370 +004.7773 0
L1 07     85 +015.0498 +002.6069 -005.3276 +160.3566 -002.1575 +047.2581 0
L1 08     85 +015.2210 +003.2361 -005.8796 -121.0434 -042.7673 +011.4773 0
L1 01     89 +014.7843 +001.0319 +001.3356 +167.7730 +001.9840 +000.7585 0
L1 02     89 +005.0151 +007.0876 +001.6772 -175.9610 +003.0600 -129.3391 0
L1 03     89 +013.9942 +001.2010 -000.8709 +162.6857 +000.6160 +091.1000 0
L1 04     89 +008.6751 +008.0103 +001.7771 -029.1444 -000.5912 +000.3825 0
L1 05     89 +014.3821 +010.1313 +001.9873 -108.6812 +000.7873 -005.9259 0
L1 06     89 +014.8023 +002.0697 -004.6006 +073.4023 +041.8372 +004.7763 0
L1 07     89 +015.0497 +002.6072 -005.3274 +160.3592 -002.1561 +047.2565 0
L1 08     89 +015.2210 +003.2361 -005.8796 -121.0436 -042.7669 +011.4776 0
L1 01     93 +014.7843 +001.0321 +001.3357 +167.7741 +001.9848 +000.7590 0
L1 02     93 +005.0150 +007.0876 +001.6772 -175.9608 +003.0601 -129.3391 0
L1 03     93 +013.9942 +001.2010 -000.8709 +162.6864 +000.6162 +091.1000 0
L1 04     93 +008.6750 +008.0103 +001.7771 -029.1439 -000.5914 +000.3825 0
L1 05     93 +014.3817 +010.1318 +001.9876 -108.6782 +000.7885 -005.9239 0
L1 06     93 +014.8023 +002.0697 -004.6004 +073.4006 +041.8365 +004.7743 0
L1 07     93 +015.0496 +002.6074 -005.3276 +160.3605 -002.1578 +047.2571 0
L1 08     93 +015.2209 +003.2363 -005.8795 -121.0422 -042.7655 +011.4779 0
L1 01     97 +014.7843 +001.0318 +001.3357 +167.7721 +001.9859 +000.7589 0
L1 02     97 +005.0151 +007.0876 +001.6772 -175.9610 +003.0599 -129.3389 0
L1 03     97 +013.9942 +001.2009 -000.8709 +162.6859 +000.6162 +091.1003 0
L1 04     97 +008.6750 +008.0103 +001.7771 -029.1441 -000.5917 +000.3828 0
L1 05     97 +014.3816 +010.1318 +001.9874 -108.6773 +000.7874 -005.9248 0
L1 06     97 +014.8023 +002.0698 -004.6005 +073.4027 +041.8361 +004.7759 0
L1 07     97 +015.0498 +002.6072 -005.3273 +160.3587 -002.1566 +047.2566 0
L1 08     97 +015.2210 +003.2361 -005.8795 -121.0445 -042.7654 +011.4793 0
L1 01    101 +014.7843 +001.0319 +001.3358 +167.7716 +001.9863 +000.7571 0
L1 02    101 +005.0151 +007.0876 +001.6772 -175.9610 +003.0601 -129.3390 0
L1 03    101 +013.9943 +001.2011 -000.8708 +162.6862 +000.6163 +091.1000 0
L1 04    101 +008.6751 +008.0102 +001.7771 -029.1453 -000.5910 +000.3829 0
L1 05    101 +014.3816 +010.1318 +001.9871 -108.6774 +000.7877 -005.9270 0
L1 06    101 +014.8024 +002.0695 -004.6003 +073.3993 +041.8366 +004.7737 0
L1 07    101 +015.0497 +002.6071 -005.3273 +160.3573 -002.1561 +047.2569 0
L1 08    101 +015.2210 +003.2361 -005.8794 -121.0456 -042.7654 +011.4802 0
L1 01    105 +014.7843 +001.0318 +001.3357 +167.7699 +001.9857 +000.7581 0
L1 02    105 +005.0150 +007.0876 +001.6772 -175.9608 +003.0600 -129.3389 0
L1 03    105 +013.9943 +001.2009 -000.8708 +162.6849 +000.6160 +091.0996 0
L1 04    105 +008.6752 +008.0101 +001.7771 -029.1459 -000.5906 +000.3828 0
L1 05    105 +014.3817 +010.1317 +001.9874 -108.6789 +000.7890 -005.9268 0
L1 06    105 +014.8024 +002.0695 -004.6003 +073.3985 +041.8378 +004.7734 0
L1 07    105 +015.0497 +002.6070 -005.3275 +160.3581 -002.1580 +047.2566 0
L1 08    105 +015.2210 +003.2358 -005.8795 -121.0478 -042.7665 +011.4802 0
L1 01    109 +014.7843 +001.0318 +001.3356 +167.7697 +001.9847 +000.7583 0
L1 02    109 +005.0151 +007.0876 +001.6772 -175.9610 +003.0603 -129.3393 0
L1 03    109 +013.9942 +001.2008 -000.8709 +162.6830 +000.6156 +091.0996 0
L1 04    109 +008.6751 +008.0101 +001.7771 -029.1460 -000.5908 +000.3826 0
L1 05    109 +014.3818 +010.1316 +001.9872 -108.6809 +000.7882 -005.9272 0
L1 06    109 +014.8022 +002.0695 -004.6005 +073.4000 +041.8382 +004.7758 0
L1 07    109 +015.0498 +002.6068 -005.3273 +160.3560 -002.1563 +047.2585 0
L1 08    109 +015.2209 +003.2359 -005.8796 -121.0483 -042.7665 +011.4805 0
L1 01    113 +014.7843 +001.0318 +001.3356 +167.7700 +001.9850 +000.7579 0
L1 02    113 +005.0151 +007.0876 +001.6772 -175.9608 +003.0601 -129.3391 0
L1 03    113 +013.9942 +001.2009 -000.8709 +162.6843 +000.6152 +091.0998 0
L1 04    113 +008.6751 +008.0101 +001.7771 -029.1457 -000.5908 +000.3824 0
L1 05    113 +014.3821 +010.1314 +001.9873 -108.6811 +000.7892 -005.9272 0
L1 06    113 +014.8023 +002.0697 -004.6003 +073.4011 +041.8365 +004.7761 0
L1 07    113 +015.0499 +002.6064 -005.3272 +160.3537 -002.1556 +047.2579 0
L1 08    113 +015.2210 +003.2358 -005.8796 -121.0498 -042.7654 +011.4810 0
L1 01    117 +014.7843 +001.0318 +001.3357 +167.7696 +001.9860 +000.7587 0
L1 02    117 +005.0150 +007.0876 +001.6772 -175.9607 +003.0601 -129.3390 0
L1 03    117 +013.9942 +001.2009 -000.8708 +162.6849 +000.6156 +091.1000 0
L1 04    117 +008.6751 +008.0102 +001.7771 -029.1453 -000.5912 +000.3825 0
L1 05    117 +014.3818 +010.1316 +001.9874 -108.6786 +000.7897 -005.9267 0
L1 06    117 +014.8023 +002.0695 -004.6004 +073.4004 +041.8375 +004.7752 0
L1 07    117 +015.0498 +002.6065 -005.3274 +160.3554 -002.1573 +047.2576 0
L1 08    117 +015.2209 +003.2360 -005.8795 -121.0467 -042.7641 +011.4805 0
L1 01    121 +014.7843 +001.0318 +001.3356 +167.7694 +001.9859 +000.7586 0
L1 02    121 +005.0150 +007.0876 +001.6772 -175.9605 +003.0600 -129.3388 0
L1 03    121 +013.9942 +001.2010 -000.8709 +162.6856 +000.6149 +091.1003 0
L1 04    121 +008.6751 +008.0102 +001.7771 -029.1451 -000.5911 +000.3824 0
L1 05    121 +014.3816 +010.1319 +001.9877 -108.6760 +000.7916 -005.9264 0
L1 06    121 +014.8024 +002.0697 -004.6001 +073.4004 +041.8359 +004.7739 0
L1 07    121 +015.0498 +002.6068 -005.3275 +160.3571 -002.1580 +047.2586 0
L1 08    121 +015.2209 +003.2360 -005.8796 -121.0458 -042.7645 +011.4801 0
L1 01    125 +014.7843 +001.0316 +001.3357 +167.7673 +001.9873 +000.7589 0
L1 02    125 +005.0151 +007.0876 +001.6772 -175.9610 +003.0599 -129.3389 0
L1 03    125 +013.9942 +001.2008 -000.8709 +162.6842 +000.6155 +091.1006 0
L1 04    125 +008.6751 +008.0102 +001.7771 -029.1452 -000.5911 +000.3826 0
L1 05    125 +014.3816 +010.1319 +001.9876 -108.6764 +000.7901 -005.9263 0
L1 06    125 +014.8024 +002.0694 -004.6002 +073.3988 +041.8369 +004.7735 0
L1 07    125 +015.0499 +002.6069 -005.3273 +160.3578 -002.1567 +047.2573 0
L1 08    125 +015.2209 +003.2361 -005.8796 -121.0461 -042.7648 +011.4806 0
L1 01    129 +014.7843 +001.0318 +001.3357 +167.7684 +001.9871 +000.7577 0
L1 02    129 +005.0151 +007.0876 +001.6772 -175.9611 +003.0600 -129.3389 0
L1 03    129 +013.9942 +001.2010 -000.8709 +162.6848 +000.6149 +091.1001 0
L1 04    129 +008.6751 +008.0102 +001.7771 -029.1453 -000.5909 +000.3824 0
L1 05    129 +014.3822 +010.1313 +001.9872 -108.6818 +000.7882 -005.9294 0
L1 06    129 +014.8023 +002.0695 -004.6004 +073.3995 +041.8373 +004.7747 0
L1 07    129 +015.0497 +002.6074 -005.3275 +160.3604 -002.1587 +047.2571 0
L1 08    129 +015.2209 +003.2361 -005.8797 -121.0466 -042.7648 +011.4799 0
L1 01    133 +014.7843 +001.0318 +001.3356 +167.7685 +001.9874 +000.7583 0
L1 02    133 +005.0151 +007.0876 +001.6772 -175.9611 +003.0601 -129.3390 0
L1 03    133 +013.9942 +001.2011 -000.8709 +162.6857 +000.6146 +091.1001 0
L1 04    133 +008.6750 +008.0103 +001.7771 -029.1446 -000.5912 +000.3826 0
L1 05    133 +014.3820 +010.1315 +001.9876 -108.6811 +000.7911 -005.9280 0
L1 06    133 +014.8023 +002.0698 -004.6004 +073.4015 +041.8365 +004.7747 0
L1 07    133 +015.0498 +002.6072 -005.3273 +160.3600 -002.1576 +047.2562 0
L1 08    133 +015.2208 +003.2364 -005.8797 -121.0453 -042.7635 +011.4805 0
L1 01    137 +014.7843 +001.0319 +001.3357 +167.7691 +001.9874 +000.7585 0
L1 02    137 +005.0151 +007.0876 +001.6772 -175.9612 +003.0599 -129.3389 0
L1 03    137 +013.9942 +001.2010 -000.8710 +162.6852 +000.6139 +091.1000 0
L1 04    137 +008.6751 +008.0102 +001.7770 -029.1447 -000.5910 +000.3822 0
L1 05    137 +014.3819 +010.1315 +001.9873 -108.6805 +000.7886 -005.9271 0
L1 06    137 +014.8023 +002.0698 -004.6003 +073.4012 +041.8364 +004.7744 0
L1 07    137 +015.0497 +002.6071 -005.3277 +160.3589 -002.1607 +047.2569 0
L1 08    137 +015.2209 +003.2363 -005.8797 -121.0450 -042.7632 +011.4801 0
L1 01    141 +014.7843 +001.0319 +001.3356 +167.7697 +001.9869 +000.7591 0
L1 02    141 +005.0150 +007.0876 +001.6772 -175.9604 +003.0601 -129.3390 0
L1 03    141 +013.9942 +001.2011 -000.8710 +162.6860 +000.6136 +091.0999 0
L1 04    141 +008.6750 +008.0103 +001.7771 -029.1440 -000.5909 +000.3824 0
L1 05    141 +014.3811 +010.1326 +001.9875 -108.6720 +000.7898 -005.9261 0
L1 06    141 +014.8023 +002.0700 -004.6003 +073.4022 +041.8366 +004.7743 0
L1 07    141 +015.0497 +002.6072 -005.3276 +160.3607 -002.1606 +047.2558 0
L1 08    141 +015.2209 +003.2364 -005.8798 -121.0432 -042.7625 +011.4787 0
L1 01    145 +014.7843 +001.0318 +001.3356 +167.7677 +001.9875 +000.7584 0
L1 02    145 +005.0151 +007.0876 +001.6772 -175.9609 +003.0599 -129.3389 0
L1 03    145 +013.9942 +001.2010 -000.8709 +162.6855 +000.6141 +091.0998 0
L1 04    145 +008.6751 +008.0102 +001.7771 -029.1448 -000.5909 +000.3824 0
L1 05    145 +014.3816 +010.1319 +001.9870 -108.6748 +000.7876 -005.9284 0
L1 06    145 +014.8022 +002.0697 -004.6004 +073.4010 +041.8371 +004.7755 0
L1 07    145 +015.0497 +002.6072 -005.3275 +160.3603 -002.1600 +047.2569 0
L1 08    145 +015.2209 +003.2362 -005.8795 -121.0467 -042.7616 +011.4819 0
L1 01    149 +014.7844 +001.0315 +001.3356 +167.7649 +001.9882 +000.7584 0
L1 02    149 +005.0151 +007.0876 +001.6772 -175.9611 +003.0598 -129.3387 0
L1 03    149 +013.9942 +001.2009 -000.8710 +162.6846 +000.6137 +091.1001 0
L1 04    149 +008.6751 +008.0102 +001.7771 -029.1454 -000.5910 +000.3827 0
L1 05    149 +014.3818 +010.1316 +001.9873 -108.6788 +000.7894 -005.9271 0
L1 06    149 +014.8022 +002.0698 -004.6005 +073.4018 +041.8378 +004.7760 0
L1 07    149 +015.0497 +002.6072 -005.3276 +160.3611 -002.1600 +047.2578 0
L1 08    149 +015.2209 +003.2361 -005.8796 -121.0488 -042.7618 +011.4824 0
L1 01    153 +014.7844 +001.0315 +001.3358 +167.7646 +001.9891 +000.7576 0
L1 02    153 +005.0151 +007.0876 +001.6772 -175.9612 +003.0598 -129.3390 0
L1 03    153 +013.9943 +001.2009 -000.8708 +162.6843 +000.6148 +091.0997 0
L1 04    153 +008.6751 +008.0102 +001.7771 -029.1455 -000.5909 +000.3829 0
L1 05    153 +014.3818 +010.1316 +001.9873 -108.6790 +000.7891 -005.9292 0
L1 06    153 +014.8022 +002.0696 -004.6006 +073.4006 +041.8369 +004.7763 0
L1 07    153 +015.0497 +002.6072 -005.3274 +160.3602 -002.1590 +047.2566 0
L1 08    153 +015.2210 +003.2359 -005.8796 -121.0503 -042.7614 +011.4832 0
L1 01    157 +014.7844 +001.0314 +001.3358 +167.7629 +001.9902 +000.7574 0
L1 02    157 +005.0151 +007.0876 +001.6772 -175.9614 +003.0597 -129.3391 0
L1 03    157 +013.9943 +001.2009 -000.8708 +162.6837 +000.6146 +091.0997 0
L1 04    157 +008.6752 +008.0101 +001.7771 -029.1458 -000.5907 +000.3828 0
L1 05    157 +014.3818 +010.1315 +001.9876 -108.6789 +000.7908 -005.9266 0
L1 06    157 +014.8023 +002.0695 -004.6006 +073.3988 +041.8372 +004.7754 0
L1 07    157 +015.0498 +002.6070 -005.3274 +160.3586 -002.1581 +047.2568 0
L1 08    157 +015.2209 +003.2360 -005.8797 -121.0500 -042.7618 +011.4830 0
L1 01    161 +014.7843 +001.0318 +001.3355 +167.7656 +001.9879 +000.7577 0
L1 02    161 +005.0151 +007.0876 +001.6772 -175.9611 +003.0601 -129.3393 0
L1 03    161 +013.9942 +001.2010 -000.8710 +162.6843 +000.6135 +091.0998 0
L1 04    161 +008.6752 +008.0101 +001.7771 -029.1458 -000.5909 +000.3827 0
L1 05    161 +014.3817 +010.1316 +001.9876 -108.6789 +000.7900 -005.9268 0
L1 06    161 +014.8023 +002.0695 -004.6006 +073.3997 +041.8372 +004.7760 0
L1 07    161 +015.0498 +002.6072 -005.3275 +160.3602 -002.1596 +047.2562 0
L1 08    161 +015.2209 +003.2362 -005.8797 -121.0487 -042.7617 +011.4824 0
L1 01    165 +014.7843 +001.0317 +001.3355 +167.7656 +001.9887 +000.7591 0
L1 02    165 +005.0151 +007.0876 +001.6772 -175.9611 +003.0600 -129.3393 0
L1 03    165 +013.9942 +001.2009 -000.8709 +162.6839 +000.6138 +091.0997 0
L1 04    165 +008.6751 +008.0102 +001.7771 -029.1451 -000.5910 +000.3827 0
L1 05    165 +014.3816 +010.1318 +001.9875 -108.6777 +000.7907 -005.9273 0
L1 06    165 +014.8023 +002.0695 -004.6006 +073.3989 +041.8371 +004.7749 0
L1 07    165 +015.0498 +002.6068 -005.3275 +160.3579 -002.1596 +047.2581 0
L1 08    165 +015.2209 +003.2360 -005.8797 -121.0497 -042.7613 +011.4829 0
L1 01    169 +014.7843 +001.0319 +001.3356 +167.7670 +001.9891 +000.7584 0
L1 02    169 +005.0151 +007.0876 +001.6772 -175.9611 +003.0601 -129.3395 0
L1 03    169 +013.9942 +001.2010 -000.8709 +162.6851 +000.6137 +091.0994 0
L1 04    169 +008.6750 +008.0103 +001.7771 -029.1440 -000.5911 +000.3827 0
L1 05    169 +014.3817 +010.1317 +001.9877 -108.6772 +000.7914 -005.9274 0
L1 06    169 +014.8023 +002.0696 -004.6004 +073.3999 +041.8359 +004.7742 0
L1 07    169 +015.0499 +002.6072 -005.3271 +160.3611 -002.1585 +047.2547 0
L1 08    169 +015.2210 +003.2363 -005.8796 -121.0477 -042.7592 +011.4832 0
L1 01    173 +014.7844 +001.0317 +001.3356 +167.7652 +001.9895 +000.7587 0
L1 02    173 +005.0151 +007.0876 +001.6772 -175.9610 +003.0599 -129.3392 0
L1 03    173 +013.9942 +001.2010 -000.8709 +162.6851 +000.6138 +091.0999 0
L1 04    173 +008.6751 +008.0102 +001.7771 -029.1450 -000.5911 +000.3828 0
L1 05    173 +014.3820 +010.1313 +001.9874 -108.6809 +000.7893 -005.9283 0
L1 06    173 +014.8023 +002.0697 -004.6004 +073.3994 +041.8363 +004.7740 0
L1 07    173 +015.0498 +002.6071 -005.3275 +160.3613 -002.1596 +047.2571 0
L1 08    173 +015.2209 +003.2363 -005.8796 -121.0485 -042.7599 +011.4834 0
L1 01    177 +014.7843 +001.0319 +001.3357 +167.7663 +001.9900 +000.7589 0
L1 02    177 +005.0151 +007.0876 +001.6772 -175.9608 +003.0599 -129.3390 0
L1 03    177 +013.9942 +001.2011 -000.8709 +162.6858 +000.6134 +091.0994 0
L1 04    177 +008.6751 +008.0102 +001.7771 -029.1447 -000.5910 +000.3823 0
L1 05    177 +014.3817 +010.1317 +001.9878 -108.6772 +000.7909 -005.9265 0
L1 06    177 +014.8023 +002.0696 -004.6003 +073.3996 +041.8362 +004.7736 0
L1 07    177 +015.0496 +002.6074 -005.3277 +160.3634 -002.1614 +047.2576 0
L1 08    177 +015.2209 +003.2364 -005.8796 -121.0477 -042.7595 +011.4831 0
L1 01    181 +014.7843 +001.0319 +001.3356 +167.7655 +001.9899 +000.7595 0
L1 02    181 +005.0150 +007.0876 +001.6772 -175.9605 +003.0601 -129.3390 0
L1 03    181 +013.9943 +001.2011 -000.8709 +162.6854 +000.6134 +091.0995 0
L1 04    181 +008.6751 +008.0102 +001.7771 -029.1447 -000.5911 +000.3825 0
L1 05    181 +014.3818 +010.1318 +001.9875 -108.6783 +000.7894 -005.9272 0
L1 06    181 +014.8023 +002.0696 -004.6006 +073.4004 +041.8368 +004.7752 0
L1 07    181 +015.0498 +002.6074 -005.3275 +160.3624 -002.1605 +047.2562 0
L1 08    181 +015.2209 +003.2363 -005.8798 -121.0485 -042.7594 +011.4837 0
L1 01    185 +014.7844 +001.0319 +001.3355 +167.7646 +001.9896 +000.7587 0
L1 02    185 +005.0150 +007.0876 +001.6772 -175.9607 +003.0602 -129.3389 0
L1 03    185 +013.9942 +001.2011 -000.8709 +162.6853 +000.6127 +091.0995 0
L1 04    185 +008.6751 +008.0102 +001.7770 -029.1453 -000.5908 +000.3820 0
L1 05    185 +014.3820 +010.1315 +001.9871 -108.6806 +000.7871 -005.9279 0
L1 06    185 +014.8023 +002.0696 -004.6005 +073.3992 +041.8364 +004.7746 0
L1 07    185 +015.0498 +002.6071 -005.3274 +160.3606 -002.1607 +047.2560 0
L1 08    185 +015.2209 +003.2363 -005.8798 -121.0492 -042.7588 +011.4834 0
L1 01    189 +014.7844 +001.0319 +001.3355 +167.7648 +001.9899 +000.7596 0
L1 02    189 +005.0151 +007.0876 +001.6772 -175.9610 +003.0601 -129.3389 0
L1 03    189 +013.9942 +001.2010 -000.8710 +162.6846 +000.6124 +091.1002 0
L1 04    189 +008.6751 +008.0102 +001.7771 -029.1448 -000.5911 +000.3824 0
L1 05    189 +014.3819 +010.1316 +001.9873 -108.6788 +000.7880 -005.9275 0
L1 06    189 +014.8023 +002.0697 -004.6006 +073.3995 +041.8370 +004.7744 0
L1 07    189 +015.0497 +002.6073 -005.3277 +160.3619 -002.1618 +047.2576 0
L1 08    189 +015.2209 +003.2362 -005.8798 -121.0500 -042.7595 +011.4840 0
L1 01    193 +014.7843 +001.0320 +001.3355 +167.7652 +001.9906 +000.7594 0
L1 02    193 +005.0151 +007.0876 +001.6772 -175.9609 +003.0600 -129.3389 0
L1 03    193 +013.9942 +001.2011 -000.8710 +162.6854 +000.6123 +091.1002 0
L1 04    193 +008.6751 +008.0103 +001.7771 -029.1444 -000.5910 +000.3828 0
L1 05    193 +014.3817 +010.1318 +001.9874 -108.6775 +000.7891 -005.9265 0
L1 06    193 +014.8023 +002.0698 -004.6004 +073.3995 +041.8366 +004.7732 0
L1 07    193 +015.0497 +002.6078 -005.3273 +160.3648 -002.1598 +047.2560 0
L1 08    193 +015.2209 +003.2363 -005.8797 -121.0491 -042.7585 +011.4840 0
L1 01    197 +014.7843 +001.0318 +001.3355 +167.7641 +001.9909 +000.7594 0
L1 02    197 +005.0150 +007.0876 +001.6772 -175.9607 +003.0601 -129.3391 0
L1 03    197 +013.9942 +001.2011 -000.8710 +162.6850 +000.6126 +091.1000 0
L1 04    197 +008.6751 +008.0102 +001.7771 -029.1446 -000.5912 +000.3826 0
L1 05    197 +014.3816 +010.1321 +001.9872 -108.6753 +000.7876 -005.9275 0
L1 06    197 +014.8023 +002.0695 -004.6006 +073.3986 +041.8372 +004.7751 0
L1 07    197 +015.0498 +002.6074 -005.3272 +160.3634 -002.1582 +047.2573 0
L1 08    197 +015.2210 +003.2365 -005.8796 -121.0497 -042.7577 +011.4854 0
L1 01    201 +014.7843 +001.0318 +001.3356 +167.7632 +001.9920 +000.7598 0
L1 02    201 +005.0151 +007.0876 +001.6772 -175.9609 +003.0599 -129.3389 0
L1 03    201 +013.9942 +001.2010 -000.8709 +162.6848 +000.6129 +091.0999 0
L1 04    201 +008.6751 +008.0102 +001.7771 -029.1449 -000.5912 +000.3827 0
L1 05    201 +014.3817 +010.1319 +001.9876 -108.6775 +000.7904 -005.9263 0
L1 06    201 +014.8022 +002.0699 -004.6006 +073.4009 +041.8366 +004.7756 0
L1 07    201 +015.0497 +002.6074 -005.3276 +160.3632 -002.1605 +047.2572 0
L1 08    201 +015.2210 +003.2363 -005.8796 -121.0509 -042.7575 +011.4862 0
L1 01    205 +014.7844 +001.0318 +001.3355 +167.7614 +001.9919 +000.7594 0
L1 02    205 +005.0151 +007.0875 +001.6772 -175.9615 +003.0599 -129.3391 0
L1 03    205 +013.9942 +001.2010 -000.8710 +162.6838 +000.6125 +091.1002 0
L1 04    205 +008.6752 +008.0101 +001.7771 -029.1461 -000.5909 +000.3828 0
L1 05    205 +014.3817 +010.1317 +001.9876 -108.6791 +000.7912 -005.9266 0
L1 06    205 +014.8022 +002.0696 -004.6007 +073.3990 +041.8375 +004.7758 0
L1 07    205 +015.0498 +002.6070 -005.3275 +160.3606 -002.1587 +047.2590 0
L1 08    205 +015.2209 +003.2361 -005.8798 -121.0542 -042.7590 +011.4863 0
L1 01    209 +014.7844 +001.0316 +001.3357 +167.7602 +001.9935 +000.7596 0
L1 02    209 +005.0151 +007.0876 +001.6772 -175.9615 +003.0599 -129.3390 0
L1 03    209 +013.9942 +001.2009 -000.8709 +162.6839 +000.6130 +091.1004 0
L1 04    209 +008.6751 +008.0102 +001.7771 -029.1455 -000.5913 +000.3830 0
L1 05    209 +014.3816 +010.1318 +001.9876 -108.6779 +000.7912 -005.9263 0
L1 06    209 +014.8023 +002.0695 -004.6005 +073.3968 +041.8376 +004.7735 0
L1 07    209 +015.0499 +002.6068 -005.3272 +160.3596 -002.1588 +047.2575 0
L1 08    209 +015.2210 +003.2360 -005.8796 -121.0553 -042.7579 +011.4884 0
L1 01    213 +014.7843 +001.0319 +001.3357 +167.7628 +001.9928 +000.7592 0
L1 02    213 +005.0150 +007.0876 +001.6772 -175.9610 +003.0599 -129.3388 0
L1 03    213 +013.9942 +001.2010 -000.8709 +162.6845 +000.6123 +091.0998 0
L1 04    213 +008.6751 +008.0102 +001.7771 -029.1456 -000.5910 +000.3826 0
L1 05    213 +014.3811 +010.1326 +001.9875 -108.6721 +000.7899 -005.9277 0
L1 06    213 +014.8022 +002.0697 -004.6007 +073.3996 +041.8374 +004.7757 0
L1 07    213 +015.0498 +002.6072 -005.3274 +160.3621 -002.1607 +047.2561 0
L1 08    213 +015.2210 +003.2362 -005.8796 -121.0534 -042.7569 +011.4873 0
L1 01    217 +014.7843 +001.0320 +001.3357 +167.7633 +001.9927 +000.7595 0
L1 02    217 +005.0150 +007.0876 +001.6772 -175.9607 +003.0601 -129.3387 0
L1 03    217 +013.9942 +001.2011 -000.8709 +162.6855 +000.6118 +091.0999 0
L1 04    217 +008.6751 +008.0103 +001.7771 -029.1443 -000.5912 +000.3823 0
L1 05    217 +014.3813 +010.1323 +001.9875 -108.6722 +000.7890 -005.9280 0
L1 06    217 +014.8022 +002.0699 -004.6007 +073.4020 +041.8371 +004.7762 0
L1 07    217 +015.0498 +002.6075 -005.3273 +160.3648 -002.1612 +047.2550 0
L1 08    217 +015.2209 +003.2363 -005.8797 -121.0510 -042.7560 +011.4857 0
L1 01    221 +014.7843 +001.0319 +001.3358 +167.7628 +001.9928 +000.7589 0
L1 02    221 +005.0151 +007.0876 +001.6772 -175.9608 +003.0603 -129.3392 0
L1 03    221 +013.9942 +001.2010 -000.8708 +162.6848 +000.6121 +091.1001 0
L1 04    221 +008.6751 +008.0103 +001.7771 -029.1444 -000.5912 +000.3822 0
L1 05    221 +014.3816 +010.1319 +001.9875 -108.6751 +000.7893 -005.9272 0
L1 06    221 +014.8021 +002.0698 -004.6006 +073.4014 +041.8381 +004.7749 0
L1 07    221 +015.0498 +002.6071 -005.3273 +160.3629 -002.1611 +047.2562 0
L1 08    221 +015.2209 +003.2363 -005.8795 -121.0517 -042.7553 +011.4876 0
L1 01    225 +014.7843 +001.0319 +001.3356 +167.7627 +001.9920 +000.7599 0
L1 02    225 +005.0150 +007.0876 +001.6772 -175.9607 +003.0600 -129.3390 0
L1 03    225 +013.9942 +001.2010 -000.8708 +162.6849 +000.6122 +091.1002 0
L1 04    225 +008.6751 +008.0102 +001.7771 -029.1446 -000.5911 +000.3823 0
L1 05    225 +014.3820 +010.1313 +001.9875 -108.6784 +000.7891 -005.9279 0
L1 06    225 +014.8021 +002.0697 -004.6008 +073.4015 +041.8377 +004.7767 0
L1 07    225 +015.0500 +002.6072 -005.3271 +160.3638 -002.1586 +047.2564 0
L1 08    225 +015.2210 +003.2364 -005.8795 -121.0517 -042.7547 +011.4883 0
L1 01    229 +014.7843 +001.0318 +001.3357 +167.7613 +001.9939 +000.7589 0
L1 02    229 +005.0150 +007.0876 +001.6772 -175.9607 +003.0601 -129.3389 0
L1 03    229 +013.9942 +001.2010 -000.8709 +162.6850 +000.6121 +091.0998 0
L1 04    229 +008.6751 +008.0102 +001.7771 -029.1446 -000.5910 +000.3824 0
L1 05    229 +014.3818 +010.1316 +001.9877 -108.6777 +000.7898 -005.9274 0
L1 06    229 +014.8022 +002.0699 -004.6005 +073.4012 +041.8373 +004.7743 0
L1 07    229 +015.0499 +002.6072 -005.3273 +160.3639 -002.1605 +047.2566 0
L1 08    229 +015.2209 +003.2365 -005.8795 -121.0507 -042.7541 +011.4877 0
L1 01    233 +014.7844 +001.0317 +001.3358 +167.7594 +001.9957 +000.7592 0
L1 02    233 +005.0151 +007.0876 +001.6772 -175.9610 +003.0600 -129.3388 0
L1 03    233 +013.9942 +001.2010 -000.8709 +162.6849 +000.6120 +091.1001 0
L1 04    233 +008.6750 +008.0103 +001.7770 -029.1442 -000.5912 +000.3822 0
L1 05    233 +014.3814 +010.1321 +001.9877 -108.6753 +000.7894 -005.9266 0
L1 06    233 +014.8023 +002.0696 -004.6006 +073.4003 +041.8382 +004.7748 0
L1 07    233 +015.0498 +002.6072 -005.3272 +160.3632 -002.1609 +047.2560 0
L1 08    233 +015.2209 +003.2366 -005.8796 -121.0510 -042.7539 +011.4875 0
L1 01    237 +014.7844 +001.0315 +001.3357 +167.7572 +001.9948 +000.7601 0
L1 02    237 +005.0151 +007.0876 +001.6772 -175.9611 +003.0600 -129.3388 0
L1 03    237 +013.9942 +001.2010 -000.8709 +162.6844 +000.6119 +091.1002 0
L1 04    237 +008.6751 +008.0102 +001.7770 -029.1448 -000.5912 +000.3823 0
L1 05    237 +014.3817 +010.1318 +001.9876 -108.6778 +000.7893 -005.9276 0
L1 06    237 +014.8023 +002.0698 -004.6006 +073.3998 +041.8380 +004.7741 0
L1 07    237 +015.0498 +002.6070 -005.3274 +160.3617 -002.1610 +047.2569 0
L1 08    237 +015.2210 +003.2360 -005.8798 -121.0548 -042.7555 +011.4884 0
L1 01    241 +014.7844 +001.0315 +001.3359 +167.7564 +001.9961 +000.7585 0
L1 02    241 +005.0151 +007.0876 +001.6772 -175.9612 +003.0601 -129.3388 0
L1 03    241 +013.9942 +001.2010 -000.8709 +162.6846 +000.6112 +091.0993 0
L1 04    241 +008.6751 +008.0102 +001.7770 -029.1449 -000.5910 +000.3822 0
L1 05    241 +014.3818 +010.1315 +001.9876 -108.6794 +000.7900 -005.9276 0
L1 06    241 +014.8023 +002.0698 -004.6005 +073.3989 +041.8373 +004.7737 0
L1 07    241 +015.0498 +002.6072 -005.3270 +160.3633 -002.1589 +047.2558 0
L1 08    241 +015.2209 +003.2363 -005.8796 -121.0545 -042.7542 +011.4892 0
L1 01    245 +014.7844 +001.0318 +001.3357 +167.7582 +001.9951 +000.7582 0
L1 02    245 +005.0151 +007.0876 +001.6772 -175.9610 +003.0601 -129.3388 0
L1 03    245 +013.9942 +001.2011 -000.8709 +162.6850 +000.6104 +091.0991 0
L1 04    245 +008.6750 +008.0103 +001.7770 -029.1442 -000.5910 +000.3822 0
L1 05    245 +014.3818 +010.1316 +001.9870 -108.6783 +000.7876 -005.9303 0
L1 06    245 +014.8022 +002.0696 -004.6005 +073.3987 +041.8370 +004.7742 0
L1 07    245 +015.0497 +002.6073 -005.3273 +160.3646 -002.1612 +047.2565 0
L1 08    245 +015.2209 +003.2364 -005.8796 -121.0532 -042.7531 +011.4885 0
L1 01    249 +014.7844 +001.0317 +001.3356 +167.7583 +001.9938 +000.7591 0
L1 02    249 +005.0151 +007.0876 +001.6772 -175.9610 +003.0601 -129.3388 0
L1 03    249 +013.9942 +001.2010 -000.8709 +162.6847 +000.6103 +091.0997 0
L1 04    249 +008.6750 +008.0103 +001.7770 -029.1441 -000.5909 +000.3822 0
L1 05    249 +014.3818 +010.1316 +001.9871 -108.6776 +000.7878 -005.9304 0
L1 06    249 +014.8022 +002.0697 -004.6002 +073.3972 +041.8368 +004.7722 0
L1 07    249 +015.0496 +002.6073 -005.3275 +160.3645 -002.1642 +047.2568 0
L1 08    249 +015.2209 +003.2363 -005.8796 -121.0534 -042.7524 +011.4882 0
L1 01    253 +014.7843 +001.0318 +001.3356 +167.7589 +001.9936 +000.7594 0
L1 02    253 +005.0150 +007.0876 +001.6772 -175.9607 +003.0600 -129.3390 0
L1 03    253 +013.9942 +001.2010 -000.8709 +162.6844 +000.6103 +091.0995 0
L1 04    253 +008.6750 +008.0103 +001.7770 -029.1438 -000.5909 +000.3818 0
L1 05    253 +014.3820 +010.1315 +001.9873 -108.6785 +000.7895 -005.9308 0
L1 06    253 +014.8022 +002.0698 -004.6004 +073.3997 +041.8364 +004.7742 0
L1 07    253 +015.0497 +002.6074 -005.3273 +160.3658 -002.1630 +047.2557 0
L1 08    253 +015.2208 +003.2364 -005.8796 -121.0520 -042.7518 +011.4876 0
L1 01    257 +014.7843 +001.0317 +001.3356 +167.7577 +001.9940 +000.7591 0
L1 02    257 +005.0151 +007.0876 +001.6772 -175.9611 +003.0601 -129.3388 0
L1 03    257 +013.9941 +001.2011 -000.8709 +162.6843 +000.6102 +091.0995 0
L1 04    257 +008.6751 +008.0102 +001.7770 -029.1445 -000.5909 +000.3820 0
L1 05    257 +014.3818 +010.1317 +001.9873 -108.6774 +000.7891 -005.9293 0
L1 06    257 +014.8022 +002.0697 -004.6004 +073.3979 +041.8373 +004.7728 0
L1 07    257 +015.0497 +002.6076 -005.3272 +160.3667 -002.1619 +047.2554 0
L1 08    257 +015.2208 +003.2364 -005.8797 -121.0528 -042.7522 +011.4884 0
L1 01    261 +014.7844 +001.0316 +001.3357 +167.7559 +001.9953 +000.7580 0
L1 02    261 +005.0151 +007.0876 +001.6772 -175.9612 +003.0600 -129.3388 0
L1 03    261 +013.9942 +001.2010 -000.8709 +162.6836 +000.6098 +091.0993 0
L1 04    261 +008.6751 +008.0102 +001.7770 -029.1454 -000.5904 +000.3818 0
L1 05    261 +014.3819 +010.1315 +001.9875 -108.6795 +000.7906 -005.9298 0
L1 06    261 +014.8022 +002.0694 -004.6005 +073.3972 +041.8370 +004.7745 0
L1 07    261 +015.0497 +002.6073 -005.3273 +160.3651 -002.1618 +047.2570 0
L1 08    261 +015.2210 +003.2360 -005.8797 -121.0569 -042.7524 +011.4901 0
L1 01    265 +014.7844 +001.0314 +001.3357 +167.7523 +001.9965 +000.7577 0
L1 02    265 +005.0151 +007.0875 +001.6772 -175.9617 +003.0598 -129.3391 0
L1 03    265 +013.9942 +001.2009 -000.8709 +162.6824 +000.6104 +091.0997 0
L1 04    265 +008.6751 +008.0101 +001.7771 -029.1457 -000.5908 +000.3828 0
L1 05    265 +014.3818 +010.1315 +001.9876 -108.6793 +000.7916 -005.9297 0
L1 06    265 +014.8022 +002.0695 -004.6004 +073.3960 +041.8373 +004.7733 0
L1 07    265 +015.0498 +002.6071 -005.3273 +160.3627 -002.1614 +047.2565 0
L1 08    265 +015.2210 +003.2362 -005.8795 -121.0590 -042.7504 +011.4922 0
L1 01    269 +014.7844 +001.0315 +001.3356 +167.7542 +001.9961 +000.7594 0
L1 02    269 +005.0151 +007.0876 +001.6772 -175.9612 +003.0600 -129.3391 0
L1 03    269 +013.9942 +001.2009 -000.8710 +162.6827 +000.6097 +091.0997 0
L1 04    269 +008.6751 +008.0102 +001.7771 -029.1451 -000.5911 +000.3829 0
L1 05    269 +014.3817 +010.1316 +001.9877 -108.6795 +000.7919 -005.9283 0
L1 06    269 +014.8022 +002.0697 -004.6003 +073.3965 +041.8372 +004.7727 0
L1 07    269 +015.0497 +002.6072 -005.3274 +160.3633 -002.1617 +047.2576 0
L1 08    269 +015.2209 +003.2362 -005.8797 -121.0580 -042.7515 +011.4915 0
L1 01    273 +014.7844 +001.0318 +001.3354 +167.7563 +001.9943 +000.7595 0
L1 02    273 +005.0151 +007.0876 +001.6772 -175.9608 +003.0602 -129.3391 0
L1 03    273 +013.9941 +001.2010 -000.8710 +162.6835 +000.6086 +091.0999 0
L1 04    273 +008.6751 +008.0102 +001.7771 -029.1449 -000.5913 +000.3827 0
L1 05    273 +014.3816 +010.1318 +001.9873 -108.6773 +000.7888 -005.9290 0
L1 06    273 +014.8023 +002.0697 -004.6004 +073.3973 +041.8373 +004.7729 0
L1 07    273 +015.0496 +002.6073 -005.3277 +160.3647 -002.1640 +047.2583 0
L1 08    273 +015.2208 +003.2365 -005.8797 -121.0561 -042.7506 +011.4909 0
L1 01    277 +014.7843 +001.0322 +001.3354 +167.7599 +001.9943 +000.7608 0
L1 02    277 +005.0150 +007.0876 +001.6772 -175.9603 +003.0604 -129.3389 0
L1 03    277 +013.9941 +001.2013 -000.8710 +162.6861 +000.6083 +091.0997 0
L1 04    277 +008.6750 +008.0103 +001.7770 -029.1434 -000.5913 +000.3820 0
L1 05    277 +014.3815 +010.1321 +001.9875 -108.6741 +000.7893 -005.9282 0
L1 06    277 +014.8022 +002.0699 -004.6004 +073.4006 +041.8358 +004.7741 0
L1 07    277 +015.0496 +002.6074 -005.3275 +160.3670 -002.1637 +047.2564 0
L1 08    277 +015.2207 +003.2370 -005.8797 -121.0501 -042.7482 +011.4890 0
L1 01    281 +014.7844 +001.0318 +001.3355 +167.7561 +001.9951 +000.7606 0
L1 02    281 +005.0151 +007.0876 +001.6772 -175.9612 +003.0600 -129.3390 0
L1 03    281 +013.9942 +001.2009 -000.8710 +162.6831 +000.6085 +091.0998 0
L1 04    281 +008.6751 +008.0103 +001.7770 -029.1444 -000.5908 +000.3819 0
L1 05    281 +014.3817 +010.1318 +001.9874 -108.6765 +000.7894 -005.9297 0
L1 06    281 +014.8023 +002.0698 -004.6003 +073.3988 +041.8362 +004.7733 0
L1 07    281 +015.0498 +002.6069 -005.3274 +160.3631 -002.1633 +047.2571 0
L1 08    281 +015.2209 +003.2363 -005.8797 -121.0559 -042.7493 +011.4912 0
L1 01    285 +014.7844 +001.0318 +001.3354 +167.7562 +001.9953 +000.7612 0
L1 02    285 +005.0151 +007.0876 +001.6772 -175.9612 +003.0596 -129.3389 0
L1 03    285 +013.9942 +001.2008 -000.8710 +162.6827 +000.6088 +091.1000 0
L1 04    285 +008.6751 +008.0103 +001.7770 -029.1443 -000.5910 +000.3822 0
L1 05    285 +014.3817 +010.1317 +001.9876 -108.6767 +000.7893 -005.9286 0
L1 06    285 +014.8022 +002.0698 -004.6004 +073.3988 +041.8369 +004.7731 0
L1 07    285 +015.0497 +002.6074 -005.3274 +160.3667 -002.1634 +047.2565 0
L1 08    285 +015.2209 +003.2363 -005.8797 -121.0558 -042.7497 +011.4915 0
L1 01    289 +014.7844 +001.0317 +001.3356 +167.7531 +001.9973 +000.7588 0
L1 02    289 +005.0151 +007.0875 +001.6772 -175.9615 +003.0598 -129.3390 0
L1 03    289 +013.9942 +001.2009 -000.8710 +162.6828 +000.6089 +091.0997 0
L1 04    289 +008.6751 +008.0102 +001.7770 -029.1451 -000.5907 +000.3820 0
L1 05    289 +014.3819 +010.1313 +001.9878 -108.6806 +000.7918 -005.9281 0
L1 06    289 +014.8021 +002.0698 -004.6006 +073.3993 +041.8376 +004.7744 0
L1 07    289 +015.0498 +002.6072 -005.3272 +160.3645 -002.1616 +047.2554 0
L1 08    289 +015.2210 +003.2362 -005.8797 -121.0582 -042.7498 +011.4927 0
L1 01    293 +014.7845 +001.0315 +001.3356 +167.7514 +001.9988 +000.7598 0
L1 02    293 +005.0151 +007.0876 +001.6772 -175.9614 +003.0599 -129.3389 0
L1 03    293 +013.9942 +001.2009 -000.8709 +162.6833 +000.6091 +091.0996 0
L1 04    293 +008.6751 +008.0102 +001.7770 -029.1450 -000.5911 +000.3824 0
L1 05    293 +014.3817 +010.1316 +001.9876 -108.6787 +000.7908 -005.9290 0
L1 06    293 +014.8022 +002.0698 -004.6003 +073.3971 +041.8373 +004.7719 0
L1 07    293 +015.0497 +002.6073 -005.3272 +160.3656 -002.1626 +047.2555 0
L1 08    293 +015.2209 +003.2364 -005.8797 -121.0572 -042.7491 +011.4927 0
L1 01    297 +014.7844 +001.0317 +001.3355 +167.7535 +001.9964 +000.7600 0
L1 02    297 +005.0151 +007.0876 +001.6772 -175.9610 +003.0599 -129.3389 0
L1 03    297 +013.9942 +001.2008 -000.8710 +162.6825 +000.6086 +091.0996 0
L1 04    297 +008.6751 +008.0103 +001.7770 -029.1445 -000.5909 +000.3822 0
L1 05    297 +014.3817 +010.1316 +001.9873 -108.6784 +000.7886 -005.9302 0
L1 06    297 +014.8023 +002.0698 -004.6003 +073.3970 +041.8367 +004.7719 0
L1 07    297 +015.0497 +002.6073 -005.3273 +160.3657 -002.1648 +047.2549 0
L1 08    297 +015.2210 +003.2363 -005.8795 -121.0585 -042.7481 +011.4934 0
L1 01    301 +014.7844 +001.0317 +001.3355 +167.7538 +001.9963 +000.7600 0
L1 02    301 +005.0151 +007.0876 +001.6772 -175.9610 +003.0599 -129.3389 0
L1 03    301 +013.9941 +001.2009 -000.8710 +162.6826 +000.6081 +091.0994 0
L1 04    301 +008.6751 +008.0102 +001.7770 -029.1446 -000.5908 +000.3822 0
L1 05    301 +014.3820 +010.1314 +001.9873 -108.6802 +000.7895 -005.9295 0
L1 06    301 +014.8023 +002.0697 -004.6003 +073.3967 +041.8376 +004.7719 0
L1 07    301 +015.0497 +002.6070 -005.3273 +160.3642 -002.1641 +047.2571 0
L1 08    301 +015.2209 +003.2362 -005.8796 -121.0602 -042.7482 +011.4936 0
L1 01    305 +014.7844 +001.0317 +001.3355 +167.7530 +001.9966 +000.7599 0
L1 02    305 +005.0151 +007.0876 +001.6772 -175.9614 +003.0599 -129.3390 0
L1 03    305 +013.9941 +001.2009 -000.8710 +162.6822 +000.6076 +091.0998 0
L1 04    305 +008.6751 +008.0102 +001.7770 -029.1452 -000.5908 +000.3824 0
L1 05    305 +014.3823 +010.1310 +001.9874 -108.6820 +000.7898 -005.9294 0
L1 06    305 +014.8022 +002.0696 -004.6004 +073.3965 +041.8376 +004.7721 0
L1 07    305 +015.0496 +002.6073 -005.3276 +160.3657 -002.1658 +047.2569 0
L1 08    305 +015.2209 +003.2362 -005.8797 -121.0603 -042.7482 +011.4938 0
L1 01    309 +014.7844 +001.0315 +001.3356 +167.7508 +001.9983 +000.7596 0
L1 02    309 +005.0151 +007.0876 +001.6772 -175.9612 +003.0598 -129.3388 0
L1 03    309 +013.9942 +001.2009 -000.8710 +162.6824 +000.6075 +091.0996 0
L1 04    309 +008.6751 +008.0102 +001.7771 -029.1452 -000.5907 +000.3826 0
L1 05    309 +014.3819 +010.1315 +001.9873 -108.6795 +000.7889 -005.9302 0
L1 06    309 +014.8021 +002.0699 -004.6005 +073.3981 +041.8372 +004.7727 0
L1 07    309 +015.0496 +002.6071 -005.3275 +160.3650 -002.1648 +047.2566 0
L1 08    309 +015.2209 +003.2362 -005.8797 -121.0605 -042.7471 +011.4939 0
L1 01    313 +014.7844 +001.0319 +001.3355 +167.7547 +001.9969 +000.7607 0
L1 02    313 +005.0151 +007.0876 +001.6772 -175.9609 +003.0600 -129.3390 0
L1 03    313 +013.9941 +001.2010 -000.8710 +162.6838 +000.6068 +091.0995 0
L1 04    313 +008.6750 +008.0103 +001.7770 -029.1443 -000.5910 +000.3823 0
L1 05    313 +014.3816 +010.1320 +001.9876 -108.6737 +000.7888 -005.9292 0
L1 06    313 +014.8021 +002.0700 -004.6007 +073.4011 +041.8368 +004.7758 0
L1 07    313 +015.0496 +002.6074 -005.3275 +160.3678 -002.1657 +047.2562 0
L1 08    313 +015.2208 +003.2363 -005.8797 -121.0573 -042.7471 +011.4922 0
L1 01    317 +014.7844 +001.0318 +001.3355 +167.7535 +001.9974 +000.7601 0
L1 02    317 +005.0150 +007.0876 +001.6772 -175.9607 +003.0603 -129.3392 0
L1 03    317 +013.9941 +001.2012 -000.8709 +162.6849 +000.6078 +091.0994 0
L1 04    317 +008.6751 +008.0103 +001.7771 -029.1443 -000.5914 +000.3826 0
L1 05    317 +014.3817 +010.1319 +001.9874 -108.6756 +000.7899 -005.9302 0
L1 06    317 +014.8021 +002.0698 -004.6007 +073.4000 +041.8364 +004.7755 0
L1 07    317 +015.0497 +002.6073 -005.3275 +160.3674 -002.1655 +047.2564 0
L1 08    317 +015.2209 +003.2367 -005.8795 -121.0558 -042.7443 +011.4940 0
L1 01    321 +014.7844 +001.0317 +001.3356 +167.7509 +001.9994 +000.7594 0
L1 02    321 +005.0151 +007.0875 +001.6772 -175.9613 +003.0602 -129.3392 0
L1 03    321 +013.9942 +001.2010 -000.8709 +162.6833 +000.6083 +091.0991 0
L1 04    321 +008.6751 +008.0102 +001.7771 -029.1448 -000.5911 +000.3826 0
L1 05    321 +014.3817 +010.1317 +001.9872 -108.6781 +000.7888 -005.9310 0
L1 06    321 +014.8023 +002.0693 -004.6003 +073.3945 +041.8375 +004.7721 0
L1 07    321 +015.0497 +002.6069 -005.3276 +160.3639 -002.1654 +047.2577 0
L1 08    321 +015.2209 +003.2364 -005.8797 -121.0590 -042.7462 +011.4942 0
L1 01    325 +014.7844 +001.0315 +001.3356 +167.7491 +001.9999 +000.7595 0
L1 02    325 +005.0151 +007.0875 +001.6772 -175.9615 +003.0602 -129.3391 0
L1 03    325 +013.9942 +001.2009 -000.8708 +162.6826 +000.6086 +091.0993 0
L1 04    325 +008.6751 +008.0102 +001.7770 -029.1449 -000.5911 +000.3823 0
L1 05    325 +014.3820 +010.1313 +001.9874 -108.6798 +000.7888 -005.9312 0
L1 06    325 +014.8021 +002.0698 -004.6007 +073.3976 +041.8372 +004.7749 0
L1 07    325 +015.0497 +002.6068 -005.3276 +160.3643 -002.1646 +047.2595 0
L1 08    325 +015.2209 +003.2364 -005.8796 -121.0616 -042.7460 +011.4966 0
L1 01    329 +014.7844 +001.0318 +001.3356 +167.7520 +001.9996 +000.7598 0
L1 02    329 +005.0151 +007.0876 +001.6772 -175.9612 +003.0602 -129.3390 0
L1 03    329 +013.9941 +001.2011 -000.8709 +162.6839 +000.6078 +091.0994 0
L1 04    329 +008.6750 +008.0103 +001.7771 -029.1440 -000.5913 +000.3824 0
L1 05    329 +014.3816 +010.1319 +001.9875 -108.6759 +000.7894 -005.9301 0
L1 06    329 +014.8022 +002.0695 -004.6005 +073.3970 +041.8377 +004.7736 0
L1 07    329 +015.0498 +002.6073 -005.3273 +160.3673 -002.1639 +047.2563 0
L1 08    329 +015.2209 +003.2365 -005.8796 -121.0597 -042.7451 +011.4954 0
L1 01    333 +014.7844 +001.0318 +001.3354 +167.7525 +001.9983 +000.7602 0
L1 02    333 +005.0150 +007.0876 +001.6772 -175.9608 +003.0604 -129.3391 0
L1 03    333 +013.9941 +001.2010 -000.8709 +162.6830 +000.6070 +091.0993 0
L1 04    333 +008.6750 +008.0103 +001.7770 -029.1433 -000.5910 +000.3823 0
L1 05    333 +014.3818 +010.1318 +001.9868 -108.6765 +000.7862 -005.9322 0
L1 06    333 +014.8021 +002.0698 -004.6007 +073.3998 +041.8365 +004.7759 0
L1 07    333 +015.0496 +002.6074 -005.3276 +160.3685 -002.1662 +047.2562 0
L1 08    333 +015.2208 +003.2364 -005.8797 -121.0593 -042.7446 +011.4942 0
L1 01    337 +014.7844 +001.0318 +001.3354 +167.7519 +001.9979 +000.7603 0
L1 02    337 +005.0151 +007.0876 +001.6772 -175.9612 +003.0601 -129.3390 0
L1 03    337 +013.9941 +001.2010 -000.8709 +162.6834 +000.6069 +091.0994 0
L1 04    337 +008.6750 +008.0103 +001.7770 -029.1440 -000.5911 +000.3819 0
L1 05    337 +014.3816 +010.1320 +001.9870 -108.6751 +000.7876 -005.9308 0
L1 06    337 +014.8021 +002.0700 -004.6006 +073.4005 +041.8361 +004.7753 0
L1 07    337 +015.0495 +002.6077 -005.3276 +160.3692 -002.1678 +047.2545 0
L1 08    337 +015.2208 +003.2366 -005.8797 -121.0585 -042.7442 +011.4941 0
L1 01    341 +014.7844 +001.0317 +001.3356 +167.7491 +001.9994 +000.7596 0
L1 02    341 +005.0151 +007.0875 +001.6772 -175.9615 +003.0597 -129.3389 0
L1 03    341 +013.9941 +001.2009 -000.8709 +162.6819 +000.6073 +091.0997 0
L1 04    341 +008.6751 +008.0102 +001.7770 -029.1450 -000.5911 +000.3822 0
L1 05    341 +014.3817 +010.1318 +001.9872 -108.6772 +000.7890 -005.9310 0
L1 06    341 +014.8021 +002.0695 -004.6006 +073.3960 +041.8377 +004.7740 0
L1 07    341 +015.0498 +002.6071 -005.3271 +160.3659 -002.1638 +047.2550 0
L1 08    341 +015.2209 +003.2363 -005.8796 -121.0620 -042.7440 +011.4965 0
L1 01    345 +014.7844 +001.0316 +001.3356 +167.7482 +002.0007 +000.7597 0
L1 02    345 +005.0151 +007.0876 +001.6772 -175.9614 +003.0600 -129.3389 0
L1 03    345 +013.9942 +001.2008 -000.8709 +162.6815 +000.6073 +091.0998 0
L1 04    345 +008.6751 +008.0102 +001.7771 -029.1448 -000.5909 +000.3826 0
L1 05    345 +014.3819 +010.1315 +001.9876 -108.6787 +000.7907 -005.9304 0
L1 06    345 +014.8022 +002.0695 -004.6005 +073.3955 +041.8381 +004.7740 0
L1 07    345 +015.0497 +002.6071 -005.3274 +160.3662 -002.1662 +047.2562 0
L1 08    345 +015.2210 +003.2363 -005.8795 -121.0620 -042.7435 +011.4968 0
L1 01    349 +014.7844 +001.0317 +001.3356 +167.7486 +002.0005 +000.7602 0
L1 02    349 +005.0151 +007.0876 +001.6772 -175.9611 +003.0600 -129.3389 0
L1 03    349 +013.9941 +001.2008 -000.8710 +162.6815 +000.6066 +091.0998 0
L1 04    349 +008.6751 +008.0102 +001.7771 -029.1448 -000.5908 +000.3827 0
L1 05    349 +014.3819 +010.1316 +001.9873 -108.6783 +000.7883 -005.9306 0
L1 06    349 +014.8022 +002.0695 -004.6006 +073.3958 +041.8384 +004.7737 0
L1 07    349 +015.0497 +002.6069 -005.3273 +160.3653 -002.1655 +047.2566 0
L1 08    349 +015.2208 +003.2363 -005.8797 -121.0608 -042.7446 +011.4956 0
L1 01    353 +014.7844 +001.0316 +001.3356 +167.7479 +002.0016 +000.7603 0
L1 02    353 +005.0151 +007.0876 +001.6772 -175.9613 +003.0600 -129.3390 0
L1 03    353 +013.9941 +001.2009 -000.8709 +162.6818 +000.6070 +091.0997 0
L1 04    353 +008.6751 +008.0102 +001.7771 -029.1446 -000.5910 +000.3825 0
L1 05    353 +014.3820 +010.1313 +001.9878 -108.6794 +000.7898 -005.9293 0
L1 06    353 +014.8021 +002.0697 -004.6006 +073.3973 +041.8380 +004.7737 0
L1 07    353 +015.0496 +002.6071 -005.3274 +160.3673 -002.1651 +047.2585 0
L1 08    353 +015.2208 +003.2362 -005.8797 -121.0618 -042.7454 +011.4966 0
L1 01    357 +014.7844 +001.0319 +001.3355 +167.7499 +002.0010 +000.7601 0
L1 02    357 +005.0150 +007.0876 +001.6772 -175.9605 +003.0604 -129.3390 0
L1 03    357 +013.9941 +001.2010 -000.8710 +162.6830 +000.6065 +091.0994 0
L1 04    357 +008.6750 +008.0103 +001.7771 -029.1435 -000.5912 +000.3823 0
L1 05    357 +014.3819 +010.1314 +001.9876 -108.6780 +000.7903 -005.9295 0
L1 06    357 +014.8021 +002.0697 -004.6007 +073.3985 +041.8383 +004.7739 0
L1 07    357 +015.0496 +002.6073 -005.3274 +160.3685 -002.1659 +047.2571 0
L1 08    357 +015.2208 +003.2366 -005.8797 -121.0594 -042.7438 +011.4954 0
L1 01    361 +014.7844 +001.0317 +001.3355 +167.7484 +002.0012 +000.7610 0
L1 02    361 +005.0151 +007.0876 +001.6772 -175.9610 +003.0601 -129.3391 0
L1 03    361 +013.9941 +001.2009 -000.8709 +162.6822 +000.6066 +091.0996 0
L1 04    361 +008.6751 +008.0103 +001.7770 -029.1442 -000.5907 +000.3821 0
L1 05    361 +014.3819 +010.1315 +001.9873 -108.6783 +000.7887 -005.9325 0
L1 06    361 +014.8022 +002.0698 -004.6006 +073.3975 +041.8379 +004.7730 0
L1 07    361 +015.0497 +002.6071 -005.3274 +160.3678 -002.1654 +047.2568 0
L1 08    361 +015.2209 +003.2363 -005.8797 -121.0627 -042.7437 +011.4972 0
L1 01    365 +014.7844 +001.0316 +001.3355 +167.7462 +002.0022 +000.7612 0
L1 02    365 +005.0151 +007.0876 +001.6772 -175.9611 +003.0599 -129.3390 0
L1 03    365 +013.9942 +001.2008 -000.8709 +162.6812 +000.6073 +091.0999 0
L1 04    365 +008.6751 +008.0102 +001.7770 -029.1444 -000.5909 +000.3821 0
L1 05    365 +014.3818 +010.1316 +001.9875 -108.6791 +000.7893 -005.9297 0
L1 06    365 +014.8023 +002.0698 -004.6004 +073.3952 +041.8370 +004.7708 0
L1 07    365 +015.0499 +002.6067 -005.3274 +160.3645 -002.1645 +047.2579 0
L1 08    365 +015.2209 +003.2361 -005.8799 -121.0650 -042.7444 +011.4983 0
L1 01    369 +014.7844 +001.0317 +001.3355 +167.7471 +002.0020 +000.7618 0
L1 02    369 +005.0151 +007.0876 +001.6772 -175.9609 +003.0600 -129.3391 0
L1 03    369 +013.9942 +001.2009 -000.8710 +162.6815 +000.6065 +091.1004 0
L1 04    369 +008.6751 +008.0102 +001.7771 -029.1446 -000.5912 +000.3826 0
L1 05    369 +014.3818 +010.1316 +001.9875 -108.6801 +000.7906 -005.9302 0
L1 06    369 +014.8023 +002.0698 -004.6004 +073.3963 +041.8369 +004.7718 0
L1 07    369 +015.0498 +002.6069 -005.3277 +160.3663 -002.1662 +047.2578 0
L1 08    369 +015.2209 +003.2363 -005.8798 -121.0646 -042.7433 +011.4990 0
L1 01    373 +014.7844 +001.0317 +001.3355 +167.7473 +002.0027 +000.7609 0
L1 02    373 +005.0150 +007.0876 +001.6772 -175.9607 +003.0600 -129.3390 0
L1 03    373 +013.9942 +001.2010 -000.8710 +162.6827 +000.6061 +091.0997 0
L1 04    373 +008.6751 +008.0103 +001.7771 -029.1443 -000.5910 +000.3825 0
L1 05    373 +014.3817 +010.1318 +001.9874 -108.6780 +000.7902 -005.9295 0
L1 06    373 +014.8022 +002.0696 -004.6007 +073.3958 +041.8371 +004.7728 0
L1 07    373 +015.0497 +002.6074 -005.3273 +160.3688 -002.1657 +047.2553 0
L1 08    373 +015.2209 +003.2365 -005.8798 -121.0627 -042.7418 +011.4983 0
L1 01    377 +014.7844 +001.0318 +001.3354 +167.7478 +002.0018 +000.7614 0
L1 02    377 +005.0150 +007.0876 +001.6772 -175.9607 +003.0602 -129.3391 0
L1 03    377 +013.9941 +001.2010 -000.8711 +162.6832 +000.6049 +091.0998 0
L1 04    377 +008.6750 +008.0103 +001.7771 -029.1440 -000.5911 +000.3825 0
L1 05    377 +014.3816 +010.1317 +001.9873 -108.6770 +000.7890 -005.9305 0
L1 06    377 +014.8022 +002.0697 -004.6005 +073.3970 +041.8365 +004.7731 0
L1 07    377 +015.0498 +002.6070 -005.3272 +160.3685 -002.1650 +047.2565 0
L1 08    377 +015.2209 +003.2364 -005.8798 -121.0624 -042.7418 +011.4979 0
L1 01    381 +014.7844 +001.0319 +001.3354 +167.7491 +002.0012 +000.7607 0
L1 02    381 +005.0150 +007.0876 +001.6772 -175.9605 +003.0602 -129.3391 0
L1 03    381 +013.9941 +001.2011 -000.8711 +162.6837 +000.6049 +091.1002 0
L1 04    381 +008.6750 +008.0103 +001.7771 -029.1439 -000.5910 +000.3824 0
L1 05    381 +014.3814 +010.1322 +001.9873 -108.6729 +000.7882 -005.9309 0
L1 06    381 +014.8022 +002.0698 -004.6005 +073.3964 +041.8363 +004.7725 0
L1 07    381 +015.0498 +002.6070 -005.3271 +160.3689 -002.1653 +047.2554 0
L1 08    381 +015.2209 +003.2363 -005.8797 -121.0625 -042.7410 +011.4978 0
L1 01    385 +014.7844 +001.0320 +001.3354 +167.7496 +002.0017 +000.7608 0
L1 02    385 +005.0150 +007.0876 +001.6772 -175.9602 +003.0603 -129.3392 0
L1 03    385 +013.9941 +001.2011 -000.8710 +162.6837 +000.6054 +091.0991 0
L1 04    385 +008.6750 +008.0103 +001.7770 -029.1436 -000.5909 +000.3822 0
L1 05    385 +014.3814 +010.1321 +001.9875 -108.6728 +000.7898 -005.9314 0
L1 06    385 +014.8022 +002.0697 -004.6006 +073.3968 +041.8362 +004.7736 0
L1 07    385 +015.0498 +002.6074 -005.3272 +160.3703 -002.1669 +047.2547 0
L1 08    385 +015.2209 +003.2365 -005.8797 -121.0608 -042.7404 +011.4967 0
L1 01    389 +014.7844 +001.0317 +001.3355 +167.7464 +002.0039 +000.7608 0
L1 02    389 +005.0150 +007.0876 +001.6772 -175.9605 +003.0601 -129.3392 0
L1 03    389 +013.9942 +001.2010 -000.8710 +162.6832 +000.6060 +091.0993 0
L1 04    389 +008.6751 +008.0103 +001.7771 -029.1440 -000.5910 +000.3825 0
L1 05    389 +014.3816 +010.1317 +001.9882 -108.6764 +000.7925 -005.9295 0
L1 06    389 +014.8022 +002.0696 -004.6006 +073.3966 +041.8361 +004.7738 0
L1 07    389 +015.0498 +002.6076 -005.3273 +160.3719 -002.1666 +047.2543 0
L1 08    389 +015.2209 +003.2365 -005.8798 -121.0622 -042.7401 +011.4980 0
L1 01    393 +014.7844 +001.0317 +001.3355 +167.7459 +002.0039 +000.7610 0
L1 02    393 +005.0151 +007.0876 +001.6772 -175.9611 +003.0602 -129.3398 0
L1 03    393 +013.9941 +001.2010 -000.8710 +162.6830 +000.6060 +091.0996 0
L1 04    393 +008.6751 +008.0103 +001.7770 -029.1441 -000.5909 +000.3824 0
L1 05    393 +014.3815 +010.1321 +001.9875 -108.6742 +000.7897 -005.9313 0
L1 06    393 +014.8022 +002.0698 -004.6004 +073.3956 +041.8364 +004.7718 0
L1 07    393 +015.0497 +002.6075 -005.3275 +160.3713 -002.1667 +047.2556 0
L1 08    393 +015.2208 +003.2366 -005.8799 -121.0620 -042.7405 +011.4978 0
L1 01    397 +014.7844 +001.0317 +001.3355 +167.7452 +002.0032 +000.7617 0
L1 02    397 +005.0151 +007.0876 +001.6772 -175.9609 +003.0603 -129.3393 0
L1 03    397 +013.9941 +001.2009 -000.8710 +162.6818 +000.6059 +091.0997 0
L1 04    397 +008.6751 +008.0103 +001.7770 -029.1444 -000.5907 +000.3825 0
L1 05    397 +014.3815 +010.1321 +001.9874 -108.6746 +000.7897 -005.9318 0
L1 06    397 +014.8023 +002.0698 -004.6004 +073.3949 +041.8367 +004.7713 0
L1 07    397 +015.0497 +002.6072 -005.3273 +160.3695 -002.1665 +047.2555 0
L1 08    397 +015.2210 +003.2364 -005.8797 -121.0665 -042.7396 +011.5016 0
L1 01    401 +014.7844 +001.0318 +001.3355 +167.7449 +002.0046 +000.7611 0
L1 02    401 +005.0151 +007.0876 +001.6772 -175.9611 +003.0604 -129.3396 0
L1 03    401 +013.9942 +001.2010 -000.8710 +162.6824 +000.6059 +091.0997 0
L1 04    401 +008.6751 +008.0102 +001.7771 -029.1446 -000.5910 +000.3826 0
L1 05    401 +014.3815 +010.1321 +001.9871 -108.6747 +000.7880 -005.9314 0
L1 06    401 +014.8023 +002.0697 -004.6006 +073.3948 +041.8376 +004.7715 0
L1 07    401 +015.0498 +002.6070 -005.3276 +160.3686 -002.1674 +047.2580 0
L1 08    401 +015.2210 +003.2363 -005.8798 -121.0670 -042.7398 +011.5015 0
L1 01    405 +014.7844 +001.0317 +001.3356 +167.7437 +002.0049 +000.7601 0
L1 02    405 +005.0151 +007.0876 +001.6772 -175.9610 +003.0605 -129.3396 0
L1 03    405 +013.9942 +001.2010 -000.8709 +162.6820 +000.6061 +091.1000 0
L1 04    405 +008.6751 +008.0102 +001.7771 -029.1452 -000.5909 +000.3826 0
L1 05    405 +014.3817 +010.1317 +001.9871 -108.6777 +000.7891 -005.9331 0
L1 06    405 +014.8022 +002.0694 -004.6008 +073.3938 +041.8396 +004.7729 0
L1 07    405 +015.0497 +002.6070 -005.3275 +160.3678 -002.1673 +047.2575 0
L1 08    405 +015.2209 +003.2365 -005.8797 -121.0663 -042.7395 +011.5013 0
L1 01    409 +014.7844 +001.0316 +001.3355 +167.7432 +002.0048 +000.7614 0
L1 02    409 +005.0151 +007.0876 +001.6772 -175.9611 +003.0604 -129.3396 0
L1 03    409 +013.9942 +001.2009 -000.8709 +162.6814 +000.6057 +091.1003 0
L1 04    409 +008.6751 +008.0102 +001.7771 -029.1449 -000.5910 +000.3828 0
L1 05    409 +014.3822 +010.1311 +001.9874 -108.6813 +000.7894 -005.9322 0
L1 06    409 +014.8022 +002.0697 -004.6008 +073.3958 +041.8389 +004.7730 0
L1 07    409 +015.0497 +002.6070 -005.3274 +160.3687 -002.1672 +047.2577 0
L1 08    409 +015.2209 +003.2362 -005.8797 -121.0676 -042.7399 +011.5018 0
L1 01    413 +014.7844 +001.0317 +001.3355 +167.7437 +002.0047 +000.7612 0
L1 02    413 +005.0151 +007.0876 +001.6772 -175.9611 +003.0604 -129.3395 0
L1 03    413 +013.9941 +001.2010 -000.8709 +162.6818 +000.6053 +091.0998 0
L1 04    413 +008.6751 +008.0102 +001.7771 -029.1446 -000.5907 +000.3827 0
L1 05    413 +014.3821 +010.1313 +001.9871 -108.6804 +000.7883 -005.9335 0
L1 06    413 +014.8022 +002.0697 -004.6006 +073.3954 +041.8390 +004.7715 0
L1 07    413 +015.0496 +002.6072 -005.3276 +160.3699 -002.1682 +047.2572 0
L1 08    413 +015.2209 +003.2363 -005.8798 -121.0665 -042.7393 +011.5007 0
L1 01    417 +014.7844 +001.0316 +001.3356 +167.7426 +002.0056 +000.7608 0
L1 02    417 +005.0151 +007.0875 +001.6772 -175.9615 +003.0601 -129.3394 0
L1 03    417 +013.9942 +001.2008 -000.8709 +162.6806 +000.6056 +091.0998 0
L1 04    417 +008.6751 +008.0102 +001.7770 -029.1449 -000.5905 +000.3825 0
L1 05    417 +014.3817 +010.1318 +001.9870 -108.6763 +000.7887 -005.9349 0
L1 06    417 +014.8021 +002.0697 -004.6007 +073.3964 +041.8385 +004.7738 0
L1 07    417 +015.0497 +002.6073 -005.3274 +160.3708 -002.1681 +047.2559 0
L1 08    417 +015.2210 +003.2361 -005.8796 -121.0686 -042.7387 +011.5022 0
L1 01    421 +014.7844 +001.0317 +001.3355 +167.7431 +002.0049 +000.7617 0
L1 02    421 +005.0151 +007.0876 +001.6772 -175.9613 +003.0603 -129.3393 0
L1 03    421 +013.9941 +001.2008 -000.8710 +162.6806 +000.6051 +091.0998 0
L1 04    421 +008.6751 +008.0102 +001.7771 -029.1453 -000.5908 +000.3826 0
L1 05    421 +014.3820 +010.1314 +001.9870 -108.6796 +000.7890 -005.9363 0
L1 06    421 +014.8021 +002.0696 -004.6007 +073.3953 +041.8383 +004.7731 0
L1 07    421 +015.0497 +002.6072 -005.3274 +160.3702 -002.1678 +047.2567 0
L1 08    421 +015.2210 +003.2358 -005.8797 -121.0701 -042.7401 +011.5027 0
L1 01    425 +014.7844 +001.0316 +001.3356 +167.7418 +002.0065 +000.7611 0
L1 02    425 +005.0151 +007.0876 +001.6772 -175.9614 +003.0602 -129.3394 0
L1 03    425 +013.9942 +001.2008 -000.8709 +162.6807 +000.6059 +091.0999 0
L1 04    425 +008.6751 +008.0102 +001.7771 -029.1452 -000.5910 +000.3828 0
L1 05    425 +014.3817 +010.1318 +001.9871 -108.6768 +000.7882 -005.9340 0
L1 06    425 +014.8022 +002.0698 -004.6006 +073.3966 +041.8382 +004.7720 0
L1 07    425 +015.0497 +002.6068 -005.3275 +160.3687 -002.1669 +047.2580 0
L1 08    425 +015.2211 +003.2361 -005.8796 -121.0706 -042.7388 +011.5045 0
L1 01    429 +014.7844 +001.0316 +001.3355 +167.7417 +002.0062 +000.7622 0
L1 02    429 +005.0151 +007.0876 +001.6772 -175.9611 +003.0603 -129.3396 0
L1 03    429 +013.9942 +001.2008 -000.8710 +162.6803 +000.6047 +091.1001 0
L1 04    429 +008.6751 +008.0102 +001.7771 -029.1452 -000.5908 +000.3825 0
L1 05    429 +014.3821 +010.1314 +001.9873 -108.6802 +000.7892 -005.9340 0
L1 06    429 +014.8024 +002.0698 -004.6004 +073.3928 +041.8370 +004.7686 0
L1 07    429 +015.0497 +002.6070 -005.3276 +160.3686 -002.1684 +047.2577 0
L1 08    429 +015.2211 +003.2359 -005.8798 -121.0718 -042.7390 +011.5044 0
L1 01    433 +014.7844 +001.0318 +001.3354 +167.7432 +002.0057 +000.7620 0
L1 02    433 +005.0151 +007.0876 +001.6772 -175.9608 +003.0602 -129.3392 0
L1 03    433 +013.9942 +001.2009 -000.8711 +162.6814 +000.6041 +091.1000 0
L1 04    433 +008.6751 +008.0103 +001.7770 -029.1443 -000.5910 +000.3822 0
L1 05    433 +014.3822 +010.1311 +001.9872 -108.6813 +000.7888 -005.9343 0
L1 06    433 +014.8022 +002.0699 -004.6005 +073.3955 +041.8376 +004.7700 0
L1 07    433 +015.0498 +002.6071 -005.3273 +160.3703 -002.1668 +047.2569 0
L1 08    433 +015.2209 +003.2363 -005.8798 -121.0684 -042.7380 +011.5030 0
L1 01    437 +014.7844 +001.0317 +001.3355 +167.7424 +002.0065 +000.7620 0
L1 02    437 +005.0150 +007.0876 +001.6772 -175.9606 +003.0603 -129.3393 0
L1 03    437 +013.9942 +001.2010 -000.8710 +162.6825 +000.6042 +091.0999 0
L1 04    437 +008.6750 +008.0103 +001.7771 -029.1434 -000.5912 +000.3827 0
L1 05    437 +014.3818 +010.1318 +001.9871 -108.6759 +000.7890 -005.9351 0
L1 06    437 +014.8023 +002.0699 -004.6005 +073.3964 +041.8375 +004.7710 0
L1 07    437 +015.0499 +002.6071 -005.3273 +160.3702 -002.1667 +047.2563 0
L1 08    437 +015.2209 +003.2366 -005.8797 -121.0658 -042.7359 +011.5026 0
L1 01    441 +014.7844 +001.0318 +001.3354 +167.7424 +002.0061 +000.7618 0
L1 02    441 +005.0150 +007.0876 +001.6772 -175.9601 +003.0605 -129.3391 0
L1 03    441 +013.9941 +001.2010 -000.8711 +162.6828 +000.6033 +091.0997 0
L1 04    441 +008.6750 +008.0103 +001.7770 -029.1435 -000.5909 +000.3821 0
L1 05    441 +014.3818 +010.1316 +001.9877 -108.6773 +000.7903 -005.9315 0
L1 06    441 +014.8022 +002.0696 -004.6007 +073.3961 +041.8377 +004.7730 0
L1 07    441 +015.0497 +002.6070 -005.3274 +160.3708 -002.1686 +047.2561 0
L1 08    441 +015.2208 +003.2367 -005.8798 -121.0644 -042.7354 +011.5008 0
L1 01    445 +014.7845 +001.0316 +001.3354 +167.7395 +002.0070 +000.7617 0
L1 02    445 +005.0150 +007.0876 +001.6772 -175.9606 +003.0603 -129.3395 0
L1 03    445 +013.9942 +001.2008 -000.8710 +162.6804 +000.6043 +091.0998 0
L1 04    445 +008.6751 +008.0102 +001.7771 -029.1452 -000.5907 +000.3826 0
L1 05    445 +014.3819 +010.1314 +001.9875 -108.6796 +000.7903 -005.9333 0
L1 06    445 +014.8022 +002.0698 -004.6004 +073.3944 +041.8369 +004.7714 0
L1 07    445 +015.0498 +002.6068 -005.3272 +160.3686 -002.1667 +047.2577 0
L1 08    445 +015.2210 +003.2362 -005.8797 -121.0712 -042.7361 +011.5048 0
L1 01    449 +014.7844 +001.0315 +001.3355 +167.7375 +002.0076 +000.7613 0
L1 02    449 +005.0151 +007.0876 +001.6772 -175.9609 +003.0603 -129.3393 0
L1 03    449 +013.9942 +001.2008 -000.8709 +162.6801 +000.6043 +091.0996 0
L1 04    449 +008.6752 +008.0101 +001.7770 -029.1459 -000.5905 +000.3827 0
L1 05    449 +014.3821 +010.1312 +001.9875 -108.6814 +000.7904 -005.9331 0
L1 06    449 +014.8022 +002.0696 -004.6006 +073.3931 +041.8393 +004.7712 0
L1 07    449 +015.0497 +002.6069 -005.3275 +160.3685 -002.1691 +047.2583 0
L1 08    449 +015.2210 +003.2360 -005.8797 -121.0725 -042.7366 +011.5052 0
L1 01    453 +014.7844 +001.0315 +001.3356 +167.7378 +002.0079 +000.7604 0
L1 02    453 +005.0151 +007.0876 +001.6772 -175.9609 +003.0603 -129.3392 0
L1 03    453 +013.9942 +001.2008 -000.8710 +162.6801 +000.6035 +091.0994 0
L1 04    453 +008.6752 +008.0101 +001.7771 -029.1460 -000.5906 +000.3827 0
L1 05    453 +014.3819 +010.1314 +001.9871 -108.6803 +000.7886 -005.9356 0
L1 06    453 +014.8023 +002.0693 -004.6004 +073.3900 +041.8389 +004.7698 0
L1 07    453 +015.0497 +002.6069 -005.3275 +160.3687 -002.1693 +047.2574 0
L1 08    453 +015.2208 +003.2362 -005.8799 -121.0704 -042.7364 +011.5034 0
L1 01    457 +014.7844 +001.0316 +001.3355 +167.7383 +002.0081 +000.7613 0
L1 02    457 +005.0151 +007.0876 +001.6772 -175.9608 +003.0603 -129.3394 0
L1 03    457 +013.9941 +001.2008 -000.8710 +162.6799 +000.6036 +091.0997 0
L1 04    457 +008.6751 +008.0102 +001.7771 -029.1455 -000.5906 +000.3829 0
L1 05    457 +014.3819 +010.1314 +001.9875 -108.6789 +000.7900 -005.9335 0
L1 06    457 +014.8022 +002.0693 -004.6006 +073.3914 +041.8392 +004.7716 0
L1 07    457 +015.0498 +002.6070 -005.3270 +160.3692 -002.1664 +047.2554 0
L1 08    457 +015.2209 +003.2361 -005.8800 -121.0710 -042.7361 +011.5037 0
L1 01    461 +014.7844 +001.0315 +001.3355 +167.7375 +002.0086 +000.7608 0
L1 02    461 +005.0151 +007.0876 +001.6772 -175.9610 +003.0604 -129.3394 0
L1 03    461 +013.9941 +001.2009 -000.8709 +162.6808 +000.6037 +091.0996 0
L1 04    461 +008.6751 +008.0102 +001.7770 -029.1452 -000.5906 +000.3823 0
L1 05    461 +014.3821 +010.1313 +001.9870 -108.6804 +000.7883 -005.9356 0
L1 06    461 +014.8022 +002.0695 -004.6005 +073.3921 +041.8384 +004.7707 0
L1 07    461 +015.0498 +002.6073 -005.3270 +160.3703 -002.1674 +047.2541 0
L1 08    461 +015.2209 +003.2362 -005.8798 -121.0714 -042.7350 +011.5049 0
L1 01    465 +014.7844 +001.0316 +001.3355 +167.7379 +002.0084 +000.7617 0
L1 02    465 +005.0151 +007.0876 +001.6772 -175.9611 +003.0601 -129.3391 0
L1 03    465 +013.9941 +001.2009 -000.8710 +162.6812 +000.6029 +091.0998 0
L1 04    465 +008.6751 +008.0102 +001.7771 -029.1450 -000.5910 +000.3828 0
L1 05    465 +014.3819 +010.1314 +001.9872 -108.6784 +000.7894 -005.9341 0
L1 06    465 +014.8023 +002.0694 -004.6003 +073.3907 +041.8380 +004.7687 0
L1 07    465 +015.0497 +002.6071 -005.3274 +160.3703 -002.1692 +047.2568 0
L1 08    465 +015.2208 +003.2363 -005.8797 -121.0710 -042.7342 +011.5048 0
L1 01    469 +014.7844 +001.0317 +001.3354 +167.7382 +002.0078 +000.7617 0
L1 02    469 +005.0151 +007.0876 +001.6772 -175.9608 +003.0602 -129.3392 0
L1 03    469 +013.9941 +001.2009 -000.8711 +162.6807 +000.6025 +091.1002 0
L1 04    469 +008.6751 +008.0102 +001.7770 -029.1451 -000.5909 +000.3826 0
L1 05    469 +014.3817 +010.1316 +001.9874 -108.6766 +000.7895 -005.9325 0
L1 06    469 +014.8022 +002.0696 -004.6003 +073.3916 +041.8381 +004.7692 0
L1 07    469 +015.0497 +002.6070 -005.3275 +160.3695 -002.1692 +047.2575 0
L1 08    469 +015.2209 +003.2362 -005.8797 -121.0719 -042.7338 +011.5055 0
L1 01    473 +014.7844 +001.0319 +001.3353 +167.7394 +002.0075 +000.7620 0
L1 02    473 +005.0150 +007.0876 +001.6772 -175.9606 +003.0603 -129.3392 0
L1 03    473 +013.9941 +001.2009 -000.8710 +162.6810 +000.6027 +091.0999 0
L1 04    473 +008.6751 +008.0102 +001.7771 -029.1443 -000.5909 +000.3829 0
L1 05    473 +014.3819 +010.1315 +001.9873 -108.6784 +000.7897 -005.9334 0
L1 06    473 +014.8022 +002.0697 -004.6004 +073.3927 +041.8376 +004.7703 0
L1 07    473 +015.0498 +002.6068 -005.3273 +160.3690 -002.1692 +047.2569 0
L1 08    473 +015.2208 +003.2364 -005.8797 -121.0702 -042.7334 +011.5053 0
L1 01    477 +014.7844 +001.0320 +001.3354 +167.7397 +002.0080 +000.7624 0
L1 02    477 +005.0150 +007.0876 +001.6772 -175.9605 +003.0602 -129.3392 0
L1 03    477 +013.9941 +001.2010 -000.8710 +162.6817 +000.6025 +091.0998 0
L1 04    477 +008.6750 +008.0103 +001.7771 -029.1436 -000.5913 +000.3827 0
L1 05    477 +014.3817 +010.1319 +001.9872 -108.6751 +000.7889 -005.9340 0
L1 06    477 +014.8021 +002.0697 -004.6006 +073.3951 +041.8383 +004.7724 0
L1 07    477 +015.0497 +002.6069 -005.3275 +160.3701 -002.1693 +047.2581 0
L1 08    477 +015.2208 +003.2363 -005.8798 -121.0697 -042.7336 +011.5044 0
L1 01    481 +014.7844 +001.0317 +001.3355 +167.7370 +002.0092 +000.7621 0
L1 02    481 +005.0150 +007.0876 +001.6772 -175.9608 +003.0602 -129.3393 0
L1 03    481 +013.9941 +001.2008 -000.8709 +162.6805 +000.6031 +091.0997 0
L1 04    481 +008.6750 +008.0103 +001.7772 -029.1439 -000.5914 +000.3833 0
L1 05    481 +014.3819 +010.1313 +001.9874 -108.6784 +000.7900 -005.9332 0
L1 06    481 +014.8022 +002.0696 -004.6006 +073.3934 +041.8376 +004.7716 0
L1 07    481 +015.0497 +002.6070 -005.3275 +160.3704 -002.1697 +047.2577 0
L1 08    481 +015.2209 +003.2360 -005.8798 -121.0722 -042.7340 +011.5062 0
L1 01    485 +014.7844 +001.0317 +001.3355 +167.7364 +002.0094 +000.7620 0
L1 02    485 +005.0150 +007.0876 +001.6772 -175.9607 +003.0601 -129.3393 0
L1 03    485 +013.9941 +001.2009 -000.8709 +162.6808 +000.6034 +091.0996 0
L1 04    485 +008.6751 +008.0103 +001.7771 -029.1445 -000.5911 +000.3829 0
L1 05    485 +014.3827 +010.1302 +001.9871 -108.6854 +000.7902 -005.9361 0
L1 06    485 +014.8023 +002.0693 -004.6004 +073.3904 +041.8380 +004.7694 0
L1 07    485 +015.0497 +002.6071 -005.3274 +160.3709 -002.1686 +047.2572 0
L1 08    485 +015.2208 +003.2360 -005.8799 -121.0730 -042.7340 +011.5059 0
L1 01    489 +014.7844 +001.0319 +001.3354 +167.7375 +002.0091 +000.7617 0
L1 02    489 +005.0151 +007.0876 +001.6772 -175.9611 +003.0602 -129.3393 0
L1 03    489 +013.9941 +001.2011 -000.8709 +162.6815 +000.6028 +091.0992 0
L1 04    489 +008.6751 +008.0103 +001.7771 -029.1445 -000.5909 +000.3829 0
L1 05    489 +014.3818 +010.1315 +001.9874 -108.6794 +000.7896 -005.9342 0
L1 06    489 +014.8023 +002.0694 -004.6002 +073.3899 +041.8364 +004.7687 0
L1 07    489 +015.0496 +002.6073 -005.3277 +160.3717 -002.1712 +047.2569 0
L1 08    489 +015.2209 +003.2361 -005.8798 -121.0734 -042.7331 +011.5063 0
