L1 01      4 +010.3476 +003.7281 +001.2906 +041.9874 +001.1795 +001.1208 0
L1 02      4 +005.3090 +006.8756 +001.7002 -151.7969 -002.9962 -158.0667 0
L1 03      4 +010.8781 +004.2568 -000.8888 +037.5493 +003.4433 +091.3111 0
L1 04      4 +008.4120 +008.0431 +001.7770 -030.1669 -000.6132 +000.4015 0
L1 05      4 +014.3681 +010.1908 +001.9895 -108.5888 +000.8466 -006.3730 0
L1 06      4 +011.3312 +002.5728 -004.1763 -058.5361 +000.8702 +001.4844 0
L1 07      4 +012.0087 +001.5482 -003.3446 +037.5664 +007.0646 -077.2055 0
L1 08      4 +012.0989 +001.5110 -002.4838 +112.2881 +075.0603 -010.2968 0
L1 01      8 +010.3476 +003.7280 +001.2906 +041.9858 +001.1786 +001.1209 0
L1 02      8 +005.3090 +006.8755 +001.7002 -151.7970 -002.9962 -158.0667 0
L1 03      8 +010.8782 +004.2567 -000.8887 +037.5488 +003.4433 +091.3112 0
L1 04      8 +008.4120 +008.0431 +001.7770 -030.1672 -000.6130 +000.4018 0
L1 05      8 +014.3678 +010.1912 +001.9894 -108.5862 +000.8460 -006.3736 0
L1 06      8 +011.3312 +002.5727 -004.1763 -058.5377 +000.8698 +001.4844 0
L1 07      8 +012.0088 +001.5481 -003.3446 +037.5661 +007.0652 -077.2063 0
L1 08      8 +012.0989 +001.5110 -002.4838 +112.2858 +075.0607 -010.2989 0
L1 01     12 +010.3476 +003.7281 +001.2906 +041.9842 +001.1783 +001.1207 0
L1 02     12 +005.3090 +006.8755 +001.7002 -151.7971 -002.9959 -158.0670 0
L1 03     12 +010.8782 +004.2568 -000.8888 +037.5492 +003.4437 +091.3112 0
L1 04     12 +008.4120 +008.0431 +001.7770 -030.1669 -000.6130 +000.4018 0
L1 05     12 +014.3676 +010.1914 +001.9894 -108.5840 +000.8462 -006.3752 0
L1 06     12 +011.3312 +002.5728 -004.1763 -058.5368 +000.8700 +001.4846 0
L1 07     12 +012.0088 +001.5482 -003.3445 +037.5670 +007.0652 -077.2065 0
L1 08     12 +012.0989 +001.5110 -002.4838 +112.2858 +075.0608 -010.2990 0
L1 01     16 +010.3476 +003.7281 +001.2906 +041.9822 +001.1754 +001.1207 0
L1 02     16 +005.3090 +006.8756 +001.7002 -151.7970 -002.9962 -158.0673 0
L1 03     16 +010.8782 +004.2569 -000.8887 +037.5495 +003.4434 +091.3113 0
L1 04     16 +008.4120 +008.0432 +001.7770 -030.1664 -000.6129 +000.4018 0
L1 05     16 +014.3677 +010.1913 +001.9893 -108.5850 +000.8466 -006.3754 0
L1 06     16 +011.3312 +002.5729 -004.1763 -058.5366 +000.8707 +001.4849 0
L1 07     16 +012.0088 +001.5482 -003.3445 +037.5671 +007.0649 -077.2060 0
L1 08     16 +012.0990 +001.5111 -002.4838 +112.2807 +075.0607 -010.3041 0
L1 01     20 +010.3477 +003.7280 +001.2905 +041.9799 +001.1766 +001.1221 0
L1 02     20 +005.3090 +006.8755 +001.7002 -151.7972 -002.9961 -158.0677 0
L1 03     20 +010.8782 +004.2568 -000.8888 +037.5496 +003.4436 +091.3114 0
L1 04     20 +008.4120 +008.0431 +001.7770 -030.1670 -000.6127 +000.4016 0
L1 05     20 +014.3680 +010.1910 +001.9891 -108.5859 +000.8449 -006.3765 0
L1 06     20 +011.3313 +002.5729 -004.1764 -058.5372 +000.8710 +001.4849 0
L1 07     20 +012.0088 +001.5482 -003.3445 +037.5669 +007.0654 -077.2053 0
L1 08     20 +012.0990 +001.5110 -002.4838 +112.2777 +075.0611 -010.3058 0
L1 01     24 +010.3477 +003.7281 +001.2905 +041.9797 +001.1761 +001.1217 0
L1 02     24 +005.3090 +006.8755 +001.7003 -151.7972 -002.9960 -158.0676 0
L1 03     24 +010.8782 +004.2569 -000.8888 +037.5500 +003.4439 +091.3114 0
L1 04     24 +008.4120 +008.0431 +001.7770 -030.1667 -000.6128 +000.4016 0
L1 05     24 +014.3681 +010.1908 +001.9898 -108.5881 +000.8474 -006.3751 0
L1 06     24 +011.3312 +002.5730 -004.1764 -058.5371 +000.8717 +001.4850 0
L1 07     24 +012.0089 +001.5482 -003.3445 +037.5670 +007.0652 -077.2059 0
L1 08     24 +012.0990 +001.5111 -002.4839 +112.2775 +075.0609 -010.3066 0
L1 01     28 +010.3477 +003.7280 +001.2905 +041.9790 +001.1782 +001.1206 0
L1 02     28 +005.3091 +006.8755 +001.7002 -151.7980 -002.9960 -158.0675 0
L1 03     28 +010.8782 +004.2568 -000.8888 +037.5497 +003.4447 +091.3107 0
L1 04     28 +008.4122 +008.0429 +001.7770 -030.1689 -000.6128 +000.4016 0
L1 05     28 +014.3683 +010.1907 +001.9894 -108.5905 +000.8458 -006.3765 0
L1 06     28 +011.3313 +002.5729 -004.1763 -058.5379 +000.8709 +001.4851 0
L1 07     28 +012.0088 +001.5483 -003.3446 +037.5680 +007.0669 -077.2050 0
L1 08     28 +012.0990 +001.5110 -002.4838 +112.2751 +075.0614 -010.3086 0
L1 01     32 +010.3477 +003.7280 +001.2906 +041.9807 +001.1780 +001.1199 0
L1 02     32 +005.3092 +006.8755 +001.7002 -151.7986 -002.9966 -158.0671 0
L1 03     32 +010.8782 +004.2567 -000.8888 +037.5488 +003.4450 +091.3104 0
L1 04     32 +008.4122 +008.0429 +001.7770 -030.1699 -000.6128 +000.4021 0
L1 05     32 +014.3681 +010.1908 +001.9894 -108.5892 +000.8463 -006.3760 0
L1 06     32 +011.3313 +002.5727 -004.1762 -058.5389 +000.8693 +001.4855 0
L1 07     32 +012.0088 +001.5481 -003.3446 +037.5669 +007.0678 -077.2058 0
L1 08     32 +012.0990 +001.5110 -002.4838 +112.2728 +075.0620 -010.3106 0
L1 01     36 +010.3477 +003.7280 +001.2906 +041.9821 +001.1799 +001.1210 0
L1 02     36 +005.3091 +006.8755 +001.7002 -151.7982 -002.9963 -158.0670 0
L1 03     36 +010.8782 +004.2568 -000.8888 +037.5501 +003.4458 +091.3106 0
L1 04     36 +008.4122 +008.0430 +001.7770 -030.1688 -000.6129 +000.4019 0
L1 05     36 +014.3681 +010.1908 +001.9896 -108.5885 +000.8482 -006.3750 0
L1 06     36 +011.3313 +002.5727 -004.1762 -058.5387 +000.8696 +001.4857 0
L1 07     36 +012.0088 +001.5482 -003.3445 +037.5675 +007.0673 -077.2057 0
L1 08     36 +012.0990 +001.5110 -002.4838 +112.2731 +075.0623 -010.3106 0
L1 01     40 +010.3477 +003.7280 +001.2906 +041.9818 +001.1798 +001.1217 0
L1 02     40 +005.3091 +006.8755 +001.7002 -151.7979 -002.9960 -158.0669 0
L1 03     40 +010.8782 +004.2567 -000.8888 +037.5500 +003.4461 +091.3110 0
L1 04     40 +008.4122 +008.0430 +001.7770 -030.1685 -000.6128 +000.4017 0
L1 05     40 +014.3680 +010.1909 +001.9897 -108.5880 +000.8487 -006.3759 0
L1 06     40 +011.3313 +002.5727 -004.1762 -058.5396 +000.8704 +001.4856 0
L1 07     40 +012.0088 +001.5482 -003.3445 +037.5681 +007.0674 -077.2053 0
L1 08     40 +012.0990 +001.5110 -002.4838 +112.2732 +075.0616 -010.3111 0
L1 01     44 +010.3477 +003.7279 +001.2906 +041.9799 +001.1788 +001.1227 0
L1 02     44 +005.3091 +006.8755 +001.7002 -151.7981 -002.9962 -158.0671 0
L1 03     44 +010.8782 +004.2568 -000.8888 +037.5499 +003.4462 +091.3112 0
L1 04     44 +008.4122 +008.0430 +001.7770 -030.1686 -000.6127 +000.4015 0
L1 05     44 +014.3680 +010.1910 +001.9897 -108.5877 +000.8480 -006.3759 0
L1 06     44 +011.3313 +002.5728 -004.1763 -058.5394 +000.8705 +001.4852 0
L1 07     44 +012.0089 +001.5480 -003.3445 +037.5672 +007.0684 -077.2051 0
L1 08     44 +012.0990 +001.5111 -002.4838 +112.2702 +075.0616 -010.3136 0
L1 01     48 +010.3477 +003.7279 +001.2906 +041.9767 +001.1758 +001.1224 0
L1 02     48 +005.3091 +006.8755 +001.7002 -151.7984 -002.9967 -158.0674 0
L1 03     48 +010.8782 +004.2567 -000.8888 +037.5496 +003.4463 +091.3112 0
L1 04     48 +008.4122 +008.0430 +001.7770 -030.1689 -000.6128 +000.4016 0
L1 05     48 +014.3681 +010.1910 +001.9894 -108.5883 +000.8468 -006.3779 0
L1 06     48 +011.3313 +002.5728 -004.1762 -058.5399 +000.8706 +001.4855 0
L1 07     48 +012.0088 +001.5481 -003.3446 +037.5674 +007.0689 -077.2051 0
L1 08     48 +012.0990 +001.5111 -002.4838 +112.2667 +075.0617 -010.3168 0
L1 01     52 +010.3477 +003.7279 +001.2905 +041.9745 +001.1762 +001.1221 0
L1 02     52 +005.3091 +006.8755 +001.7002 -151.7983 -002.9967 -158.0675 0
L1 03     52 +010.8782 +004.2568 -000.8888 +037.5500 +003.4464 +091.3112 0
L1 04     52 +008.4122 +008.0429 +001.7770 -030.1691 -000.6128 +000.4017 0
L1 05     52 +014.3683 +010.1905 +001.9898 -108.5904 +000.8488 -006.3762 0
L1 06     52 +011.3314 +002.5728 -004.1762 -058.5406 +000.8702 +001.4864 0
L1 07     52 +012.0088 +001.5483 -003.3447 +037.5685 +007.0702 -077.2042 0
L1 08     52 +012.0990 +001.5111 -002.4838 +112.2623 +075.0620 -010.3210 0
L1 01     56 +010.3477 +003.7279 +001.2906 +041.9741 +001.1745 +001.1213 0
L1 02     56 +005.3091 +006.8755 +001.7002 -151.7985 -002.9966 -158.0673 0
L1 03     56 +010.8782 +004.2568 -000.8888 +037.5498 +003.4461 +091.3109 0
L1 04     56 +008.4122 +008.0430 +001.7770 -030.1687 -000.6126 +000.4018 0
L1 05     56 +014.3683 +010.1907 +001.9893 -108.5892 +000.8465 -006.3780 0
L1 06     56 +011.3315 +002.5727 -004.1761 -058.5415 +000.8694 +001.4875 0
L1 07     56 +012.0089 +001.5482 -003.3446 +037.5681 +007.0701 -077.2052 0
L1 08     56 +012.0991 +001.5110 -002.4837 +112.2578 +075.0628 -010.3251 0
L1 01     60 +010.3477 +003.7279 +001.2906 +041.9742 +001.1749 +001.1211 0
L1 02     60 +005.3091 +006.8755 +001.7002 -151.7983 -002.9966 -158.0670 0
L1 03     60 +010.8782 +004.2568 -000.8888 +037.5500 +003.4466 +091.3109 0
L1 04     60 +008.4122 +008.0430 +001.7769 -030.1684 -000.6127 +000.4014 0
L1 05     60 +014.3682 +010.1908 +001.9893 -108.5890 +000.8463 -006.3769 0
L1 06     60 +011.3314 +002.5727 -004.1762 -058.5419 +000.8700 +001.4869 0
L1 07     60 +012.0089 +001.5482 -003.3447 +037.5684 +007.0711 -077.2050 0
L1 08     60 +012.0991 +001.5110 -002.4838 +112.2594 +075.0628 -010.3234 0
L1 01     64 +010.3477 +003.7279 +001.2906 +041.9747 +001.1767 +001.1216 0
L1 02     64 +005.3091 +006.8755 +001.7002 -151.7986 -002.9965 -158.0670 0
L1 03     64 +010.8782 +004.2568 -000.8888 +037.5503 +003.4471 +091.3108 0
L1 04     64 +008.4122 +008.0430 +001.7770 -030.1687 -000.6128 +000.4017 0
L1 05     64 +014.3680 +010.1910 +001.9895 -108.5886 +000.8460 -006.3770 0
L1 06     64 +011.3314 +002.5727 -004.1762 -058.5422 +000.8694 +001.4862 0
L1 07     64 +012.0089 +001.5482 -003.3446 +037.5685 +007.0717 -077.2052 0
L1 08     64 +012.0991 +001.5110 -002.4838 +112.2589 +075.0629 -010.3238 0
L1 01     68 +010.3477 +003.7278 +001.2906 +041.9771 +001.1785 +001.1239 0
L1 02     68 +005.3091 +006.8755 +001.7002 -151.7986 -002.9966 -158.0670 0
L1 03     68 +010.8782 +004.2567 -000.8888 +037.5511 +003.4480 +091.3112 0
L1 04     68 +008.4122 +008.0430 +001.7770 -030.1686 -000.6130 +000.4018 0
L1 05     68 +014.3679 +010.1911 +001.9895 -108.5872 +000.8468 -006.3768 0
L1 06     68 +011.3313 +002.5728 -004.1762 -058.5413 +000.8701 +001.4857 0
L1 07     68 +012.0088 +001.5482 -003.3446 +037.5692 +007.0726 -077.2049 0
L1 08     68 +012.0991 +001.5110 -002.4838 +112.2597 +075.0627 -010.3230 0
L1 01     72 +010.3477 +003.7279 +001.2906 +041.9792 +001.1802 +001.1228 0
L1 02     72 +005.3091 +006.8755 +001.7002 -151.7985 -002.9965 -158.0671 0
L1 03     72 +010.8781 +004.2567 -000.8888 +037.5513 +003.4487 +091.3115 0
L1 04     72 +008.4122 +008.0430 +001.7770 -030.1688 -000.6129 +000.4017 0
L1 05     72 +014.3679 +010.1909 +001.9897 -108.5877 +000.8476 -006.3756 0
L1 06     72 +011.3313 +002.5728 -004.1762 -058.5411 +000.8703 +001.4859 0
L1 07     72 +012.0088 +001.5483 -003.3446 +037.5712 +007.0730 -077.2044 0
L1 08     72 +012.0990 +001.5110 -002.4838 +112.2597 +075.0626 -010.3232 0
L1 01     76 +010.3477 +003.7278 +001.2905 +041.9787 +001.1817 +001.1240 0
L1 02     76 +005.3091 +006.8755 +001.7002 -151.7984 -002.9963 -158.0671 0
L1 03     76 +010.8781 +004.2568 -000.8888 +037.5524 +003.4489 +091.3114 0
L1 04     76 +008.4122 +008.0430 +001.7770 -030.1688 -000.6127 +000.4015 0
L1 05     76 +014.3680 +010.1910 +001.9894 -108.5873 +000.8462 -006.3779 0
L1 06     76 +011.3313 +002.5728 -004.1763 -058.5410 +000.8705 +001.4853 0
L1 07     76 +012.0088 +001.5481 -003.3446 +037.5696 +007.0738 -077.2045 0
L1 08     76 +012.0991 +001.5110 -002.4838 +112.2584 +075.0628 -010.3243 0
L1 01     80 +010.3477 +003.7279 +001.2905 +041.9791 +001.1816 +001.1235 0
L1 02     80 +005.3091 +006.8755 +001.7002 -151.7983 -002.9964 -158.0673 0
L1 03     80 +010.8781 +004.2568 -000.8888 +037.5526 +003.4492 +091.3115 0
L1 04     80 +008.4122 +008.0430 +001.7770 -030.1686 -000.6128 +000.4018 0
L1 05     80 +014.3680 +010.1911 +001.9895 -108.5863 +000.8459 -006.3780 0
L1 06     80 +011.3313 +002.5728 -004.1763 -058.5411 +000.8709 +001.4851 0
L1 07     80 +012.0088 +001.5484 -003.3447 +037.5724 +007.0741 -077.2033 0
L1 08     80 +012.0991 +001.5110 -002.4838 +112.2572 +075.0629 -010.3262 0
L1 01     84 +010.3476 +003.7279 +001.2905 +041.9784 +001.1815 +001.1230 0
L1 02     84 +005.3091 +006.8755 +001.7002 -151.7983 -002.9964 -158.0673 0
L1 03     84 +010.8781 +004.2567 -000.8888 +037.5525 +003.4495 +091.3113 0
L1 04     84 +008.4122 +008.0430 +001.7770 -030.1686 -000.6128 +000.4017 0
L1 05     84 +014.3681 +010.1908 +001.9895 -108.5888 +000.8466 -006.3782 0
L1 06     84 +011.3313 +002.5727 -004.1762 -058.5417 +000.8703 +001.4852 0
L1 07     84 +012.0088 +001.5484 -003.3446 +037.5725 +007.0743 -077.2034 0
L1 08     84 +012.0991 +001.5110 -002.4838 +112.2568 +075.0632 -010.3265 0
L1 01     88 +010.3476 +003.7279 +001.2905 +041.9784 +001.1821 +001.1235 0
L1 02     88 +005.3091 +006.8755 +001.7002 -151.7983 -002.9966 -158.0672 0
L1 03     88 +010.8781 +004.2568 -000.8888 +037.5530 +003.4502 +091.3114 0
L1 04     88 +008.4122 +008.0430 +001.7770 -030.1684 -000.6129 +000.4015 0
L1 05     88 +014.3679 +010.1910 +001.9895 -108.5870 +000.8460 -006.3782 0
L1 06     88 +011.3313 +002.5728 -004.1762 -058.5410 +000.8710 +001.4855 0
L1 07     88 +012.0088 +001.5482 -003.3446 +037.5715 +007.0749 -077.2044 0
L1 08     88 +012.0991 +001.5110 -002.4838 +112.2567 +075.0633 -010.3267 0
L1 01     92 +010.3476 +003.7278 +001.2905 +041.9797 +001.1835 +001.1236 0
L1 02     92 +005.3091 +006.8755 +001.7002 -151.7982 -002.9966 -158.0671 0
L1 03     92 +010.8781 +004.2568 -000.8888 +037.5542 +003.4504 +091.3113 0
L1 04     92 +008.4121 +008.0430 +001.7770 -030.1682 -000.6130 +000.4016 0
L1 05     92 +014.3675 +010.1914 +001.9896 -108.5824 +000.8473 -006.3798 0
L1 06     92 +011.3313 +002.5728 -004.1763 -058.5413 +000.8706 +001.4851 0
L1 07     92 +012.0089 +001.5482 -003.3445 +037.5722 +007.0747 -077.2048 0
L1 08     92 +012.0991 +001.5110 -002.4838 +112.2538 +075.0636 -010.3302 0
L1 01     96 +010.3476 +003.7278 +001.2906 +041.9817 +001.1852 +001.1240 0
L1 02     96 +005.3091 +006.8755 +001.7002 -151.7981 -002.9966 -158.0670 0
L1 03     96 +010.8780 +004.2568 -000.8888 +037.5547 +003.4515 +091.3116 0
L1 04     96 +008.4121 +008.0430 +001.7770 -030.1683 -000.6130 +000.4015 0
L1 05     96 +014.3680 +010.1910 +001.9891 -108.5868 +000.8450 -006.3794 0
L1 06     96 +011.3313 +002.5727 -004.1763 -058.5415 +000.8703 +001.4848 0
L1 07     96 +012.0089 +001.5483 -003.3445 +037.5734 +007.0757 -077.2043 0
L1 08     96 +012.0991 +001.5110 -002.4838 +112.2552 +075.0637 -010.3288 0
L1 01    100 +010.3476 +003.7278 +001.2906 +041.9828 +001.1856 +001.1235 0
L1 02    100 +005.3091 +006.8755 +001.7002 -151.7980 -002.9967 -158.0669 0
L1 03    100 +010.8780 +004.2567 -000.8888 +037.5544 +003.4514 +091.3115 0
L1 04    100 +008.4121 +008.0430 +001.7770 -030.1682 -000.6131 +000.4018 0
L1 05    100 +014.3680 +010.1909 +001.9895 -108.5870 +000.8469 -006.3794 0
L1 06    100 +011.3313 +002.5728 -004.1762 -058.5408 +000.8706 +001.4853 0
L1 07    100 +012.0089 +001.5480 -003.3446 +037.5719 +007.0768 -077.2045 0
L1 08    100 +012.0991 +001.5110 -002.4837 +112.2523 +075.0640 -010.3324 0
L1 01    104 +010.3476 +003.7278 +001.2906 +041.9830 +001.1858 +001.1246 0
L1 02    104 +005.3091 +006.8755 +001.7002 -151.7979 -002.9966 -158.0671 0
L1 03    104 +010.8780 +004.2567 -000.8888 +037.5555 +003.4518 +091.3116 0
L1 04    104 +008.4121 +008.0431 +001.7770 -030.1678 -000.6130 +000.4017 0
L1 05    104 +014.3677 +010.1915 +001.9889 -108.5838 +000.8448 -006.3809 0
L1 06    104 +011.3312 +002.5729 -004.1762 -058.5393 +000.8716 +001.4852 0
L1 07    104 +012.0089 +001.5482 -003.3446 +037.5743 +007.0776 -077.2042 0
L1 08    104 +012.0991 +001.5110 -002.4837 +112.2503 +075.0637 -010.3350 0
L1 01    108 +010.3475 +003.7277 +001.2906 +041.9827 +001.1864 +001.1242 0
L1 02    108 +005.3091 +006.8755 +001.7002 -151.7981 -002.9964 -158.0673 0
L1 03    108 +010.8780 +004.2568 -000.8888 +037.5568 +003.4529 +091.3113 0
L1 04    108 +008.4121 +008.0431 +001.7769 -030.1679 -000.6129 +000.4014 0
L1 05    108 +014.3678 +010.1912 +001.9893 -108.5848 +000.8464 -006.3794 0
L1 06    108 +011.3312 +002.5728 -004.1762 -058.5396 +000.8710 +001.4844 0
L1 07    108 +012.0088 +001.5482 -003.3447 +037.5753 +007.0783 -077.2039 0
L1 08    108 +012.0991 +001.5111 -002.4837 +112.2523 +075.0640 -010.3335 0
L1 01    112 +010.3476 +003.7277 +001.2905 +041.9818 +001.1870 +001.1252 0
L1 02    112 +005.3091 +006.8755 +001.7002 -151.7984 -002.9963 -158.0674 0
L1 03    112 +010.8780 +004.2568 -000.8888 +037.5576 +003.4524 +091.3117 0
L1 04    112 +008.4121 +008.0430 +001.7770 -030.1682 -000.6129 +000.4016 0
L1 05    112 +014.3675 +010.1916 +001.9894 -108.5821 +000.8463 -006.3793 0
L1 06    112 +011.3312 +002.5728 -004.1763 -058.5395 +000.8713 +001.4845 0
L1 07    112 +012.0089 +001.5482 -003.3446 +037.5749 +007.0781 -077.2039 0
L1 08    112 +012.0991 +001.5110 -002.4838 +112.2506 +075.0640 -010.3350 0
L1 01    116 +010.3475 +003.7278 +001.2906 +041.9819 +001.1847 +001.1240 0
L1 02    116 +005.3091 +006.8755 +001.7002 -151.7978 -002.9966 -158.0671 0
L1 03    116 +010.8779 +004.2568 -000.8888 +037.5577 +003.4528 +091.3114 0
L1 04    116 +008.4121 +008.0431 +001.7770 -030.1677 -000.6130 +000.4016 0
L1 05    116 +014.3680 +010.1912 +001.9891 -108.5868 +000.8458 -006.3807 0
L1 06    116 +011.3312 +002.5729 -004.1762 -058.5390 +000.8711 +001.4851 0
L1 07    116 +012.0089 +001.5482 -003.3445 +037.5758 +007.0775 -077.2040 0
L1 08    116 +012.0991 +001.5111 -002.4837 +112.2483 +075.0642 -010.3385 0
L1 01    120 +010.3476 +003.7277 +001.2905 +041.9812 +001.1854 +001.1244 0
L1 02    120 +005.3091 +006.8755 +001.7002 -151.7981 -002.9964 -158.0671 0
L1 03    120 +010.8779 +004.2568 -000.8888 +037.5580 +003.4536 +091.3113 0
L1 04    120 +008.4121 +008.0431 +001.7769 -030.1678 -000.6130 +000.4013 0
L1 05    120 +014.3679 +010.1912 +001.9895 -108.5861 +000.8473 -006.3804 0
L1 06    120 +011.3312 +002.5730 -004.1762 -058.5379 +000.8711 +001.4854 0
L1 07    120 +012.0089 +001.5482 -003.3445 +037.5763 +007.0781 -077.2041 0
L1 08    120 +012.0991 +001.5111 -002.4838 +112.2487 +075.0644 -010.3379 0
L1 01    124 +010.3476 +003.7276 +001.2905 +041.9806 +001.1856 +001.1249 0
L1 02    124 +005.3091 +006.8755 +001.7002 -151.7985 -002.9965 -158.0673 0
L1 03    124 +010.8779 +004.2567 -000.8888 +037.5581 +003.4539 +091.3113 0
L1 04    124 +008.4122 +008.0430 +001.7769 -030.1685 -000.6127 +000.4013 0
L1 05    124 +014.3679 +010.1910 +001.9897 -108.5866 +000.8475 -006.3797 0
L1 06    124 +011.3312 +002.5728 -004.1763 -058.5390 +000.8713 +001.4844 0
L1 07    124 +012.0089 +001.5482 -003.3445 +037.5760 +007.0791 -077.2036 0
L1 08    124 +012.0991 +001.5110 -002.4838 +112.2470 +075.0645 -010.3393 0
L1 01    128 +010.3475 +003.7276 +001.2906 +041.9804 +001.1854 +001.1245 0
L1 02    128 +005.3091 +006.8755 +001.7002 -151.7985 -002.9966 -158.0673 0
L1 03    128 +010.8779 +004.2567 -000.8888 +037.5583 +003.4543 +091.3113 0
L1 04    128 +008.4122 +008.0430 +001.7770 -030.1688 -000.6128 +000.4018 0
L1 05    128 +014.3677 +010.1912 +001.9894 -108.5840 +000.8469 -006.3821 0
L1 06    128 +011.3312 +002.5727 -004.1763 -058.5399 +000.8710 +001.4839 0
L1 07    128 +012.0089 +001.5482 -003.3446 +037.5766 +007.0800 -077.2040 0
L1 08    128 +012.0992 +001.5110 -002.4837 +112.2448 +075.0648 -010.3415 0
L1 01    132 +010.3475 +003.7277 +001.2906 +041.9799 +001.1847 +001.1245 0
L1 02    132 +005.3091 +006.8755 +001.7002 -151.7983 -002.9966 -158.0672 0
L1 03    132 +010.8779 +004.2567 -000.8888 +037.5588 +003.4545 +091.3116 0
L1 04    132 +008.4121 +008.0430 +001.7770 -030.1681 -000.6129 +000.4016 0
L1 05    132 +014.3678 +010.1913 +001.9893 -108.5844 +000.8454 -006.3813 0
L1 06    132 +011.3312 +002.5727 -004.1762 -058.5399 +000.8706 +001.4847 0
L1 07    132 +012.0089 +001.5483 -003.3447 +037.5780 +007.0811 -077.2031 0
L1 08    132 +012.0992 +001.5111 -002.4837 +112.2417 +075.0650 -010.3457 0
L1 01    136 +010.3476 +003.7276 +001.2906 +041.9772 +001.1842 +001.1247 0
L1 02    136 +005.3091 +006.8755 +001.7002 -151.7983 -002.9966 -158.0672 0
L1 03    136 +010.8780 +004.2566 -000.8888 +037.5578 +003.4551 +091.3113 0
L1 04    136 +008.4122 +008.0430 +001.7770 -030.1687 -000.6127 +000.4016 0
L1 05    136 +014.3679 +010.1909 +001.9893 -108.5875 +000.8460 -006.3806 0
L1 06    136 +011.3313 +002.5728 -004.1763 -058.5400 +000.8709 +001.4845 0
L1 07    136 +012.0089 +001.5482 -003.3446 +037.5772 +007.0813 -077.2036 0
L1 08    136 +012.0992 +001.5110 -002.4837 +112.2402 +075.0654 -010.3460 0
L1 01    140 +010.3476 +003.7276 +001.2905 +041.9767 +001.1847 +001.1252 0
L1 02    140 +005.3091 +006.8755 +001.7002 -151.7983 -002.9965 -158.0672 0
L1 03    140 +010.8779 +004.2566 -000.8889 +037.5581 +003.4554 +091.3115 0
L1 04    140 +008.4122 +008.0430 +001.7769 -030.1686 -000.6127 +000.4015 0
L1 05    140 +014.3681 +010.1907 +001.9892 -108.5891 +000.8457 -006.3820 0
L1 06    140 +011.3312 +002.5728 -004.1763 -058.5395 +000.8710 +001.4841 0
L1 07    140 +012.0090 +001.5481 -003.3446 +037.5773 +007.0821 -077.2034 0
L1 08    140 +012.0992 +001.5110 -002.4837 +112.2403 +075.0654 -010.3454 0
L1 01    144 +010.3475 +003.7276 +001.2906 +041.9768 +001.1840 +001.1246 0
L1 02    144 +005.3091 +006.8755 +001.7002 -151.7982 -002.9965 -158.0672 0
L1 03    144 +010.8779 +004.2567 -000.8888 +037.5594 +003.4558 +091.3116 0
L1 04    144 +008.4121 +008.0430 +001.7769 -030.1683 -000.6127 +000.4015 0
L1 05    144 +014.3679 +010.1909 +001.9890 -108.5866 +000.8452 -006.3834 0
L1 06    144 +011.3312 +002.5727 -004.1763 -058.5403 +000.8708 +001.4839 0
L1 07    144 +012.0090 +001.5482 -003.3445 +037.5778 +007.0821 -077.2043 0
L1 08    144 +012.0992 +001.5110 -002.4837 +112.2388 +075.0652 -010.3476 0
L1 01    148 +010.3475 +003.7276 +001.2906 +041.9772 +001.1846 +001.1248 0
L1 02    148 +005.3091 +006.8755 +001.7002 -151.7983 -002.9967 -158.0672 0
L1 03    148 +010.8779 +004.2567 -000.8888 +037.5600 +003.4561 +091.3115 0
L1 04    148 +008.4122 +008.0430 +001.7770 -030.1687 -000.6126 +000.4017 0
L1 05    148 +014.3677 +010.1912 +001.9895 -108.5851 +000.8475 -006.3831 0
L1 06    148 +011.3313 +002.5728 -004.1762 -058.5401 +000.8709 +001.4851 0
L1 07    148 +012.0089 +001.5482 -003.3446 +037.5785 +007.0830 -077.2048 0
L1 08    148 +012.0992 +001.5111 -002.4836 +112.2374 +075.0658 -010.3505 0
L1 01    152 +010.3476 +003.7275 +001.2906 +041.9779 +001.1847 +001.1256 0
L1 02    152 +005.3091 +006.8755 +001.7002 -151.7984 -002.9966 -158.0672 0
L1 03    152 +010.8778 +004.2566 -000.8888 +037.5605 +003.4566 +091.3116 0
L1 04    152 +008.4122 +008.0430 +001.7770 -030.1689 -000.6126 +000.4018 0
L1 05    152 +014.3681 +010.1907 +001.9898 -108.5892 +000.8492 -006.3809 0
L1 06    152 +011.3313 +002.5728 -004.1761 -058.5390 +000.8708 +001.4853 0
L1 07    152 +012.0090 +001.5481 -003.3445 +037.5789 +007.0830 -077.2045 0
L1 08    152 +012.0992 +001.5111 -002.4836 +112.2363 +075.0659 -010.3524 0
L1 01    156 +010.3475 +003.7275 +001.2906 +041.9792 +001.1864 +001.1259 0
L1 02    156 +005.3091 +006.8755 +001.7002 -151.7980 -002.9965 -158.0672 0
L1 03    156 +010.8778 +004.2566 -000.8888 +037.5625 +003.4580 +091.3119 0
L1 04    156 +008.4122 +008.0430 +001.7770 -030.1688 -000.6126 +000.4017 0
L1 05    156 +014.3679 +010.1909 +001.9894 -108.5878 +000.8467 -006.3827 0
L1 06    156 +011.3312 +002.5727 -004.1763 -058.5391 +000.8712 +001.4839 0
L1 07    156 +012.0089 +001.5481 -003.3445 +037.5805 +007.0843 -077.2039 0
L1 08    156 +012.0992 +001.5112 -002.4836 +112.2362 +075.0658 -010.3531 0
L1 01    160 +010.3475 +003.7275 +001.2906 +041.9805 +001.1859 +001.1244 0
L1 02    160 +005.3091 +006.8755 +001.7002 -151.7981 -002.9967 -158.0672 0
L1 03    160 +010.8778 +004.2566 -000.8888 +037.5627 +003.4573 +091.3115 0
L1 04    160 +008.4121 +008.0431 +001.7770 -030.1683 -000.6128 +000.4018 0
L1 05    160 +014.3681 +010.1907 +001.9898 -108.5896 +000.8488 -006.3806 0
L1 06    160 +011.3313 +002.5727 -004.1762 -058.5389 +000.8706 +001.4842 0
L1 07    160 +012.0090 +001.5483 -003.3444 +037.5824 +007.0838 -077.2047 0
L1 08    160 +012.0993 +001.5113 -002.4836 +112.2341 +075.0664 -010.3575 0
L1 01    164 +010.3474 +003.7275 +001.2906 +041.9820 +001.1875 +001.1251 0
L1 02    164 +005.3091 +006.8755 +001.7002 -151.7982 -002.9966 -158.0671 0
L1 03    164 +010.8778 +004.2566 -000.8888 +037.5641 +003.4578 +091.3116 0
L1 04    164 +008.4121 +008.0431 +001.7770 -030.1682 -000.6128 +000.4018 0
L1 05    164 +014.3681 +010.1909 +001.9891 -108.5881 +000.8455 -006.3818 0
L1 06    164 +011.3312 +002.5728 -004.1762 -058.5375 +000.8710 +001.4846 0
L1 07    164 +012.0090 +001.5483 -003.3444 +037.5843 +007.0838 -077.2043 0
L1 08    164 +012.0993 +001.5113 -002.4836 +112.2318 +075.0663 -010.3601 0
L1 01    168 +010.3474 +003.7275 +001.2906 +041.9837 +001.1884 +001.1252 0
L1 02    168 +005.3091 +006.8755 +001.7002 -151.7983 -002.9968 -158.0671 0
L1 03    168 +010.8777 +004.2565 -000.8889 +037.5651 +003.4586 +091.3116 0
L1 04    168 +008.4122 +008.0430 +001.7770 -030.1686 -000.6128 +000.4018 0
L1 05    168 +014.3681 +010.1908 +001.9893 -108.5890 +000.8459 -006.3830 0
L1 06    168 +011.3313 +002.5727 -004.1762 -058.5370 +000.8705 +001.4845 0
L1 07    168 +012.0091 +001.5483 -003.3444 +037.5859 +007.0851 -077.2040 0
L1 08    168 +012.0993 +001.5113 -002.4836 +112.2343 +075.0665 -010.3585 0
L1 01    172 +010.3474 +003.7275 +001.2906 +041.9872 +001.1892 +001.1255 0
L1 02    172 +005.3091 +006.8755 +001.7002 -151.7980 -002.9966 -158.0672 0
L1 03    172 +010.8777 +004.2566 -000.8888 +037.5685 +003.4590 +091.3117 0
L1 04    172 +008.4121 +008.0431 +001.7770 -030.1678 -000.6128 +000.4016 0
L1 05    172 +014.3679 +010.1911 +001.9896 -108.5865 +000.8486 -006.3816 0
L1 06    172 +011.3312 +002.5727 -004.1762 -058.5343 +000.8716 +001.4836 0
L1 07    172 +012.0091 +001.5484 -003.3443 +037.5894 +007.0841 -077.2034 0
L1 08    172 +012.0993 +001.5114 -002.4836 +112.2359 +075.0663 -010.3599 0
L1 01    176 +010.3473 +003.7275 +001.2906 +041.9890 +001.1916 +001.1256 0
L1 02    176 +005.3091 +006.8756 +001.7002 -151.7977 -002.9966 -158.0672 0
L1 03    176 +010.8776 +004.2566 -000.8888 +037.5717 +003.4607 +091.3119 0
L1 04    176 +008.4121 +008.0431 +001.7770 -030.1680 -000.6130 +000.4017 0
L1 05    176 +014.3678 +010.1913 +001.9898 -108.5844 +000.8485 -006.3814 0
L1 06    176 +011.3312 +002.5726 -004.1762 -058.5330 +000.8706 +001.4837 0
L1 07    176 +012.0091 +001.5485 -003.3443 +037.5925 +007.0865 -077.2035 0
L1 08    176 +012.0993 +001.5114 -002.4836 +112.2405 +075.0666 -010.3578 0
L1 01    180 +010.3473 +003.7273 +001.2906 +041.9889 +001.1916 +001.1272 0
L1 02    180 +005.3091 +006.8755 +001.7002 -151.7983 -002.9966 -158.0671 0
L1 03    180 +010.8775 +004.2566 -000.8888 +037.5731 +003.4612 +091.3121 0
L1 04    180 +008.4121 +008.0431 +001.7770 -030.1681 -000.6128 +000.4017 0
L1 05    180 +014.3676 +010.1913 +001.9897 -108.5842 +000.8481 -006.3827 0
L1 06    180 +011.3312 +002.5727 -004.1762 -058.5299 +000.8721 +001.4830 0
L1 07    180 +012.0091 +001.5483 -003.3445 +037.5917 +007.0892 -077.2038 0
L1 08    180 +012.0994 +001.5114 -002.4836 +112.2387 +075.0665 -010.3604 0
L1 01    184 +010.3473 +003.7273 +001.2905 +041.9908 +001.1920 +001.1269 0
L1 02    184 +005.3091 +006.8755 +001.7002 -151.7978 -002.9965 -158.0670 0
L1 03    184 +010.8774 +004.2566 -000.8888 +037.5762 +003.4608 +091.3117 0
L1 04    184 +008.4121 +008.0431 +001.7770 -030.1678 -000.6130 +000.4018 0
L1 05    184 +014.3679 +010.1909 +001.9896 -108.5883 +000.8474 -006.3816 0
L1 06    184 +011.3312 +002.5728 -004.1762 -058.5280 +000.8709 +001.4837 0
L1 07    184 +012.0092 +001.5483 -003.3443 +037.5941 +007.0870 -077.2041 0
L1 08    184 +012.0995 +001.5114 -002.4836 +112.2362 +075.0671 -010.3650 0
L1 01    188 +010.3473 +003.7272 +001.2905 +041.9933 +001.1927 +001.1274 0
L1 02    188 +005.3091 +006.8755 +001.7002 -151.7979 -002.9965 -158.0669 0
L1 03    188 +010.8774 +004.2566 -000.8889 +037.5799 +003.4606 +091.3116 0
L1 04    188 +008.4121 +008.0431 +001.7770 -030.1682 -000.6129 +000.4015 0
L1 05    188 +014.3680 +010.1909 +001.9891 -108.5874 +000.8462 -006.3839 0
L1 06    188 +011.3312 +002.5728 -004.1762 -058.5244 +000.8709 +001.4840 0
L1 07    188 +012.0092 +001.5484 -003.3445 +037.5986 +007.0883 -077.2026 0
L1 08    188 +012.0996 +001.5115 -002.4836 +112.2341 +075.0668 -010.3709 0
L1 01    192 +010.3472 +003.7273 +001.2905 +041.9970 +001.1926 +001.1253 0
L1 02    192 +005.3091 +006.8755 +001.7002 -151.7980 -002.9967 -158.0670 0
L1 03    192 +010.8774 +004.2566 -000.8889 +037.5815 +003.4609 +091.3114 0
L1 04    192 +008.4121 +008.0431 +001.7770 -030.1676 -000.6131 +000.4018 0
L1 05    192 +014.3679 +010.1911 +001.9894 -108.5861 +000.8474 -006.3827 0
L1 06    192 +011.3313 +002.5728 -004.1762 -058.5225 +000.8714 +001.4846 0
L1 07    192 +012.0094 +001.5485 -003.3445 +037.6012 +007.0873 -077.2024 0
L1 08    192 +012.0997 +001.5117 -002.4836 +112.2337 +075.0676 -010.3746 0
L1 01    196 +010.3472 +003.7270 +001.2905 +041.9969 +001.1935 +001.1280 0
L1 02    196 +005.3091 +006.8755 +001.7002 -151.7982 -002.9965 -158.0672 0
L1 03    196 +010.8773 +004.2565 -000.8889 +037.5839 +003.4621 +091.3120 0
L1 04    196 +008.4121 +008.0431 +001.7770 -030.1680 -000.6131 +000.4019 0
L1 05    196 +014.3677 +010.1913 +001.9894 -108.5848 +000.8474 -006.3823 0
L1 06    196 +011.3313 +002.5728 -004.1762 -058.5207 +000.8709 +001.4834 0
L1 07    196 +012.0094 +001.5484 -003.3444 +037.6020 +007.0890 -077.2031 0
L1 08    196 +012.0997 +001.5115 -002.4836 +112.2332 +075.0678 -010.3748 0
L1 01    200 +010.3471 +003.7270 +001.2905 +041.9993 +001.1940 +001.1276 0
L1 02    200 +005.3091 +006.8755 +001.7002 -151.7984 -002.9965 -158.0670 0
L1 03    200 +010.8771 +004.2564 -000.8889 +037.5877 +003.4637 +091.3119 0
L1 04    200 +008.4121 +008.0431 +001.7770 -030.1680 -000.6130 +000.4016 0
L1 05    200 +014.3673 +010.1917 +001.9899 -108.5817 +000.8491 -006.3819 0
L1 06    200 +011.3313 +002.5728 -004.1761 -058.5178 +000.8710 +001.4842 0
L1 07    200 +012.0094 +001.5484 -003.3445 +037.6071 +007.0905 -077.2018 0
L1 08    200 +012.0997 +001.5116 -002.4835 +112.2364 +075.0679 -010.3760 0
L1 01    204 +010.3471 +003.7269 +001.2906 +042.0025 +001.1942 +001.1289 0
L1 02    204 +005.3091 +006.8755 +001.7002 -151.7981 -002.9964 -158.0670 0
L1 03    204 +010.8770 +004.2564 -000.8888 +037.5925 +003.4640 +091.3125 0
L1 04    204 +008.4121 +008.0431 +001.7770 -030.1678 -000.6132 +000.4017 0
L1 05    204 +014.3672 +010.1919 +001.9900 -108.5799 +000.8484 -006.3807 0
L1 06    204 +011.3312 +002.5728 -004.1762 -058.5132 +000.8714 +001.4822 0
L1 07    204 +012.0094 +001.5484 -003.3445 +037.6106 +007.0924 -077.2020 0
L1 08    204 +012.0997 +001.5116 -002.4835 +112.2417 +075.0680 -010.3748 0
L1 01    208 +010.3470 +003.7269 +001.2906 +042.0076 +001.1952 +001.1286 0
L1 02    208 +005.3091 +006.8755 +001.7002 -151.7980 -002.9965 -158.0670 0
L1 03    208 +010.8769 +004.2563 -000.8889 +037.5967 +003.4649 +091.3124 0
L1 04    208 +008.4121 +008.0431 +001.7769 -030.1678 -000.6130 +000.4014 0
L1 05    208 +014.3675 +010.1916 +001.9896 -108.5825 +000.8485 -006.3841 0
L1 06    208 +011.3312 +002.5727 -004.1762 -058.5099 +000.8717 +001.4822 0
L1 07    208 +012.0095 +001.5484 -003.3445 +037.6155 +007.0917 -077.2023 0
L1 08    208 +012.0998 +001.5116 -002.4836 +112.2422 +075.0681 -010.3784 0
L1 01    212 +010.3469 +003.7269 +001.2906 +042.0112 +001.1952 +001.1275 0
L1 02    212 +005.3091 +006.8755 +001.7002 -151.7979 -002.9964 -158.0672 0
L1 03    212 +010.8769 +004.2563 -000.8888 +037.5999 +003.4634 +091.3117 0
L1 04    212 +008.4121 +008.0431 +001.7769 -030.1676 -000.6130 +000.4013 0
L1 05    212 +014.3676 +010.1915 +001.9896 -108.5836 +000.8488 -006.3843 0
L1 06    212 +011.3313 +002.5728 -004.1762 -058.5055 +000.8707 +001.4835 0
L1 07    212 +012.0097 +001.5489 -003.3445 +037.6232 +007.0906 -077.2020 0
L1 08    212 +012.1000 +001.5118 -002.4836 +112.2382 +075.0684 -010.3857 0
L1 01    216 +010.3469 +003.7268 +001.2905 +042.0122 +001.1959 +001.1290 0
L1 02    216 +005.3091 +006.8755 +001.7002 -151.7981 -002.9966 -158.0672 0
L1 03    216 +010.8768 +004.2563 -000.8889 +037.6008 +003.4648 +091.3121 0
L1 04    216 +008.4121 +008.0431 +001.7770 -030.1678 -000.6129 +000.4017 0
L1 05    216 +014.3677 +010.1913 +001.9896 -108.5842 +000.8492 -006.3827 0
L1 06    216 +011.3313 +002.5727 -004.1762 -058.5056 +000.8715 +001.4835 0
L1 07    216 +012.0098 +001.5486 -003.3444 +037.6212 +007.0902 -077.2034 0
L1 08    216 +012.1001 +001.5117 -002.4836 +112.2367 +075.0693 -010.3872 0
L1 01    220 +010.3468 +003.7268 +001.2905 +042.0148 +001.1983 +001.1287 0
L1 02    220 +005.3091 +006.8755 +001.7001 -151.7979 -002.9968 -158.0671 0
L1 03    220 +010.8768 +004.2563 -000.8889 +037.6035 +003.4653 +091.3120 0
L1 04    220 +008.4121 +008.0431 +001.7769 -030.1679 -000.6128 +000.4013 0
L1 05    220 +014.3675 +010.1917 +001.9891 -108.5817 +000.8457 -006.3846 0
L1 06    220 +011.3313 +002.5727 -004.1762 -058.5042 +000.8715 +001.4831 0
L1 07    220 +012.0098 +001.5487 -003.3445 +037.6242 +007.0935 -077.2034 0
L1 08    220 +012.1001 +001.5117 -002.4835 +112.2362 +075.0698 -010.3898 0
L1 01    224 +010.3468 +003.7266 +001.2905 +042.0162 +001.2000 +001.1301 0
L1 02    224 +005.3091 +006.8755 +001.7002 -151.7980 -002.9966 -158.0670 0
L1 03    224 +010.8767 +004.2562 -000.8889 +037.6058 +003.4664 +091.3118 0
L1 04    224 +008.4121 +008.0431 +001.7769 -030.1680 -000.6128 +000.4014 0
L1 05    224 +014.3677 +010.1913 +001.9890 -108.5839 +000.8450 -006.3852 0
L1 06    224 +011.3313 +002.5727 -004.1763 -058.5030 +000.8713 +001.4817 0
L1 07    224 +012.0098 +001.5486 -003.3444 +037.6248 +007.0936 -077.2028 0
L1 08    224 +012.1001 +001.5117 -002.4835 +112.2352 +075.0698 -010.3922 0
L1 01    228 +010.3468 +003.7266 +001.2905 +042.0198 +001.2005 +001.1296 0
L1 02    228 +005.3091 +006.8755 +001.7002 -151.7980 -002.9966 -158.0667 0
L1 03    228 +010.8766 +004.2562 -000.8889 +037.6078 +003.4672 +091.3121 0
L1 04    228 +008.4121 +008.0431 +001.7770 -030.1680 -000.6129 +000.4015 0
L1 05    228 +014.3675 +010.1915 +001.9898 -108.5812 +000.8474 -006.3816 0
L1 06    228 +011.3312 +002.5727 -004.1762 -058.4993 +000.8718 +001.4819 0
L1 07    228 +012.0098 +001.5487 -003.3443 +037.6293 +007.0937 -077.2022 0
L1 08    228 +012.1001 +001.5117 -002.4835 +112.2407 +075.0702 -010.3892 0
L1 01    232 +010.3467 +003.7265 +001.2905 +042.0218 +001.2018 +001.1301 0
L1 02    232 +005.3091 +006.8755 +001.7002 -151.7981 -002.9967 -158.0668 0
L1 03    232 +010.8765 +004.2562 -000.8889 +037.6119 +003.4680 +091.3124 0
L1 04    232 +008.4122 +008.0430 +001.7770 -030.1689 -000.6127 +000.4018 0
L1 05    232 +014.3677 +010.1913 +001.9894 -108.5831 +000.8461 -006.3821 0
L1 06    232 +011.3312 +002.5727 -004.1761 -058.4975 +000.8713 +001.4819 0
L1 07    232 +012.0099 +001.5487 -003.3443 +037.6318 +007.0942 -077.2031 0
L1 08    232 +012.1002 +001.5118 -002.4835 +112.2415 +075.0702 -010.3920 0
L1 01    236 +010.3467 +003.7264 +001.2905 +042.0224 +001.1994 +001.1312 0
L1 02    236 +005.3091 +006.8755 +001.7002 -151.7984 -002.9967 -158.0670 0
L1 03    236 +010.8765 +004.2561 -000.8888 +037.6134 +003.4666 +091.3123 0
L1 04    236 +008.4122 +008.0430 +001.7770 -030.1682 -000.6127 +000.4017 0
L1 05    236 +014.3678 +010.1912 +001.9894 -108.5850 +000.8460 -006.3836 0
L1 06    236 +011.3313 +002.5726 -004.1762 -058.4961 +000.8711 +001.4818 0
L1 07    236 +012.0100 +001.5487 -003.3444 +037.6331 +007.0946 -077.2029 0
L1 08    236 +012.1003 +001.5118 -002.4835 +112.2353 +075.0702 -010.3999 0
L1 01    240 +010.3466 +003.7264 +001.2905 +042.0230 +001.1986 +001.1306 0
L1 02    240 +005.3091 +006.8755 +001.7002 -151.7983 -002.9966 -158.0674 0
L1 03    240 +010.8764 +004.2561 -000.8888 +037.6155 +003.4670 +091.3123 0
L1 04    240 +008.4122 +008.0431 +001.7769 -030.1683 -000.6125 +000.4016 0
L1 05    240 +014.3677 +010.1914 +001.9898 -108.5835 +000.8483 -006.3836 0
L1 06    240 +011.3313 +002.5727 -004.1762 -058.4935 +000.8709 +001.4834 0
L1 07    240 +012.0100 +001.5489 -003.3444 +037.6384 +007.0956 -077.2031 0
L1 08    240 +012.1004 +001.5120 -002.4835 +112.2355 +075.0705 -010.4025 0
L1 01    244 +010.3466 +003.7264 +001.2906 +042.0218 +001.1969 +001.1296 0
L1 02    244 +005.3091 +006.8755 +001.7002 -151.7987 -002.9966 -158.0676 0
L1 03    244 +010.8765 +004.2560 -000.8888 +037.6144 +003.4667 +091.3114 0
L1 04    244 +008.4122 +008.0430 +001.7770 -030.1686 -000.6126 +000.4018 0
L1 05    244 +014.3682 +010.1907 +001.9890 -108.5897 +000.8450 -006.3867 0
L1 06    244 +011.3314 +002.5726 -004.1762 -058.4937 +000.8709 +001.4831 0
L1 07    244 +012.0101 +001.5488 -003.3444 +037.6361 +007.0960 -077.2038 0
L1 08    244 +012.1004 +001.5119 -002.4835 +112.2303 +075.0713 -010.4070 0
L1 01    248 +010.3466 +003.7265 +001.2905 +042.0206 +001.1969 +001.1295 0
L1 02    248 +005.3092 +006.8755 +001.7002 -151.7992 -002.9966 -158.0676 0
L1 03    248 +010.8764 +004.2561 -000.8889 +037.6156 +003.4678 +091.3122 0
L1 04    248 +008.4122 +008.0430 +001.7769 -030.1689 -000.6125 +000.4015 0
L1 05    248 +014.3680 +010.1908 +001.9894 -108.5883 +000.8468 -006.3851 0
L1 06    248 +011.3314 +002.5727 -004.1762 -058.4939 +000.8700 +001.4834 0
L1 07    248 +012.0101 +001.5488 -003.3444 +037.6370 +007.0956 -077.2031 0
L1 08    248 +012.1004 +001.5119 -002.4835 +112.2285 +075.0714 -010.4082 0
L1 01    252 +010.3466 +003.7265 +001.2905 +042.0204 +001.1978 +001.1295 0
L1 02    252 +005.3091 +006.8755 +001.7002 -151.7984 -002.9967 -158.0674 0
L1 03    252 +010.8764 +004.2561 -000.8888 +037.6160 +003.4679 +091.3116 0
L1 04    252 +008.4122 +008.0430 +001.7769 -030.1689 -000.6126 +000.4016 0
L1 05    252 +014.3681 +010.1910 +001.9890 -108.5876 +000.8458 -006.3877 0
L1 06    252 +011.3313 +002.5726 -004.1762 -058.4940 +000.8702 +001.4822 0
L1 07    252 +012.0101 +001.5488 -003.3444 +037.6381 +007.0966 -077.2034 0
L1 08    252 +012.1004 +001.5118 -002.4835 +112.2280 +075.0720 -010.4086 0
L1 01    256 +010.3466 +003.7264 +001.2905 +042.0213 +001.1986 +001.1298 0
L1 02    256 +005.3091 +006.8755 +001.7002 -151.7983 -002.9965 -158.0672 0
L1 03    256 +010.8764 +004.2561 -000.8889 +037.6163 +003.4691 +091.3116 0
L1 04    256 +008.4122 +008.0430 +001.7770 -030.1687 -000.6127 +000.4017 0
L1 05    256 +014.3680 +010.1910 +001.9892 -108.5869 +000.8464 -006.3860 0
L1 06    256 +011.3313 +002.5726 -004.1762 -058.4940 +000.8703 +001.4815 0
L1 07    256 +012.0101 +001.5487 -003.3444 +037.6371 +007.0979 -077.2035 0
L1 08    256 +012.1004 +001.5117 -002.4835 +112.2288 +075.0724 -010.4074 0
L1 01    260 +010.3466 +003.7264 +001.2906 +042.0221 +001.1988 +001.1294 0
L1 02    260 +005.3091 +006.8755 +001.7002 -151.7982 -002.9964 -158.0670 0
L1 03    260 +010.8764 +004.2561 -000.8889 +037.6169 +003.4695 +091.3114 0
L1 04    260 +008.4122 +008.0430 +001.7769 -030.1685 -000.6127 +000.4015 0
L1 05    260 +014.3677 +010.1914 +001.9894 -108.5828 +000.8472 -006.3842 0
L1 06    260 +011.3313 +002.5726 -004.1762 -058.4936 +000.8702 +001.4814 0
L1 07    260 +012.0101 +001.5487 -003.3444 +037.6374 +007.0977 -077.2036 0
L1 08    260 +012.1004 +001.5119 -002.4834 +112.2270 +075.0722 -010.4105 0
L1 01    264 +010.3466 +003.7264 +001.2905 +042.0210 +001.2001 +001.1307 0
L1 02    264 +005.3091 +006.8755 +001.7002 -151.7980 -002.9965 -158.0672 0
L1 03    264 +010.8764 +004.2561 -000.8889 +037.6180 +003.4703 +091.3119 0
L1 04    264 +008.4121 +008.0431 +001.7769 -030.1682 -000.6127 +000.4013 0
L1 05    264 +014.3676 +010.1914 +001.9897 -108.5823 +000.8485 -006.3842 0
L1 06    264 +011.3313 +002.5726 -004.1762 -058.4932 +000.8707 +001.4815 0
L1 07    264 +012.0102 +001.5487 -003.3444 +037.6381 +007.0980 -077.2034 0
L1 08    264 +012.1004 +001.5119 -002.4836 +112.2273 +075.0719 -010.4101 0
L1 01    268 +010.3467 +003.7263 +001.2905 +042.0190 +001.1985 +001.1316 0
L1 02    268 +005.3091 +006.8756 +001.7002 -151.7978 -002.9964 -158.0672 0
L1 03    268 +010.8764 +004.2561 -000.8889 +037.6179 +003.4698 +091.3124 0
L1 04    268 +008.4122 +008.0431 +001.7770 -030.1684 -000.6130 +000.4020 0
L1 05    268 +014.3677 +010.1914 +001.9901 -108.5827 +000.8497 -006.3812 0
L1 06    268 +011.3313 +002.5726 -004.1763 -058.4939 +000.8713 +001.4818 0
L1 07    268 +012.0101 +001.5487 -003.3445 +037.6387 +007.0992 -077.2024 0
L1 08    268 +012.1004 +001.5119 -002.4835 +112.2243 +075.0717 -010.4130 0
L1 01    272 +010.3467 +003.7263 +001.2906 +042.0173 +001.1955 +001.1305 0
L1 02    272 +005.3091 +006.8755 +001.7002 -151.7979 -002.9964 -158.0673 0
L1 03    272 +010.8764 +004.2560 -000.8889 +037.6176 +003.4703 +091.3122 0
L1 04    272 +008.4121 +008.0431 +001.7770 -030.1682 -000.6132 +000.4021 0
L1 05    272 +014.3677 +010.1914 +001.9895 -108.5830 +000.8470 -006.3852 0
L1 06    272 +011.3314 +002.5726 -004.1761 -058.4947 +000.8709 +001.4831 0
L1 07    272 +012.0101 +001.5488 -003.3444 +037.6401 +007.0983 -077.2023 0
L1 08    272 +012.1005 +001.5119 -002.4835 +112.2204 +075.0718 -010.4169 0
L1 01    276 +010.3466 +003.7264 +001.2906 +042.0164 +001.1945 +001.1290 0
L1 02    276 +005.3091 +006.8755 +001.7002 -151.7980 -002.9965 -158.0674 0
L1 03    276 +010.8764 +004.2561 -000.8889 +037.6180 +003.4704 +091.3123 0
L1 04    276 +008.4122 +008.0431 +001.7770 -030.1684 -000.6128 +000.4019 0
L1 05    276 +014.3675 +010.1916 +001.9897 -108.5813 +000.8484 -006.3847 0
L1 06    276 +011.3313 +002.5727 -004.1762 -058.4939 +000.8717 +001.4822 0
L1 07    276 +012.0101 +001.5488 -003.3444 +037.6401 +007.0989 -077.2023 0
L1 08    276 +012.1005 +001.5120 -002.4835 +112.2185 +075.0719 -010.4195 0
L1 01    280 +010.3466 +003.7264 +001.2906 +042.0170 +001.1967 +001.1312 0
L1 02    280 +005.3091 +006.8755 +001.7002 -151.7978 -002.9966 -158.0674 0
L1 03    280 +010.8763 +004.2562 -000.8889 +037.6202 +003.4712 +091.3128 0
L1 04    280 +008.4121 +008.0432 +001.7770 -030.1669 -000.6132 +000.4019 0
L1 05    280 +014.3673 +010.1920 +001.9894 -108.5784 +000.8473 -006.3856 0
L1 06    280 +011.3313 +002.5727 -004.1762 -058.4937 +000.8716 +001.4819 0
L1 07    280 +012.0101 +001.5489 -003.3445 +037.6409 +007.0998 -077.2016 0
L1 08    280 +012.1004 +001.5120 -002.4835 +112.2189 +075.0717 -010.4197 0
L1 01    284 +010.3466 +003.7263 +001.2906 +042.0179 +001.1984 +001.1314 0
L1 02    284 +005.3091 +006.8755 +001.7002 -151.7979 -002.9967 -158.0673 0
L1 03    284 +010.8763 +004.2561 -000.8889 +037.6192 +003.4723 +091.3130 0
L1 04    284 +008.4121 +008.0431 +001.7769 -030.1675 -000.6128 +000.4013 0
L1 05    284 +014.3675 +010.1916 +001.9894 -108.5811 +000.8475 -006.3859 0
L1 06    284 +011.3312 +002.5726 -004.1762 -058.4943 +000.8716 +001.4815 0
L1 07    284 +012.0101 +001.5489 -003.3445 +037.6423 +007.1019 -077.2003 0
L1 08    284 +012.1004 +001.5119 -002.4835 +112.2192 +075.0721 -010.4185 0
L1 01    288 +010.3466 +003.7263 +001.2906 +042.0190 +001.1999 +001.1315 0
L1 02    288 +005.3091 +006.8755 +001.7002 -151.7980 -002.9966 -158.0671 0
L1 03    288 +010.8763 +004.2561 -000.8889 +037.6198 +003.4727 +091.3124 0
L1 04    288 +008.4121 +008.0431 +001.7769 -030.1674 -000.6127 +000.4013 0
L1 05    288 +014.3676 +010.1915 +001.9894 -108.5823 +000.8472 -006.3859 0
L1 06    288 +011.3312 +002.5726 -004.1762 -058.4941 +000.8717 +001.4813 0
L1 07    288 +012.0101 +001.5490 -003.3444 +037.6430 +007.1020 -077.2023 0
L1 08    288 +012.1004 +001.5119 -002.4834 +112.2175 +075.0726 -010.4203 0
L1 01    292 +010.3466 +003.7262 +001.2905 +042.0205 +001.2017 +001.1315 0
L1 02    292 +005.3091 +006.8755 +001.7002 -151.7980 -002.9964 -158.0670 0
L1 03    292 +010.8763 +004.2561 -000.8890 +037.6198 +003.4729 +091.3122 0
L1 04    292 +008.4121 +008.0431 +001.7770 -030.1676 -000.6127 +000.4014 0
L1 05    292 +014.3678 +010.1913 +001.9892 -108.5844 +000.8456 -006.3863 0
L1 06    292 +011.3313 +002.5725 -004.1762 -058.4951 +000.8709 +001.4815 0
L1 07    292 +012.0101 +001.5487 -003.3443 +037.6408 +007.1014 -077.2029 0
L1 08    292 +012.1005 +001.5118 -002.4835 +112.2155 +075.0728 -010.4222 0
L1 01    296 +010.3465 +003.7263 +001.2907 +042.0219 +001.2005 +001.1302 0
L1 02    296 +005.3091 +006.8755 +001.7002 -151.7981 -002.9967 -158.0671 0
L1 03    296 +010.8763 +004.2561 -000.8889 +037.6197 +003.4729 +091.3120 0
L1 04    296 +008.4121 +008.0431 +001.7770 -030.1678 -000.6129 +000.4015 0
L1 05    296 +014.3680 +010.1909 +001.9896 -108.5866 +000.8483 -006.3864 0
L1 06    296 +011.3313 +002.5725 -004.1762 -058.4953 +000.8707 +001.4817 0
L1 07    296 +012.0101 +001.5489 -003.3444 +037.6422 +007.1021 -077.2023 0
L1 08    296 +012.1005 +001.5119 -002.4834 +112.2111 +075.0731 -010.4268 0
L1 01    300 +010.3466 +003.7262 +001.2906 +042.0218 +001.2021 +001.1322 0
L1 02    300 +005.3091 +006.8755 +001.7002 -151.7978 -002.9965 -158.0673 0
L1 03    300 +010.8762 +004.2561 -000.8889 +037.6212 +003.4731 +091.3127 0
L1 04    300 +008.4121 +008.0431 +001.7770 -030.1674 -000.6127 +000.4015 0
L1 05    300 +014.3681 +010.1907 +001.9895 -108.5869 +000.8474 -006.3864 0
L1 06    300 +011.3313 +002.5726 -004.1762 -058.4949 +000.8719 +001.4814 0
L1 07    300 +012.0102 +001.5487 -003.3444 +037.6417 +007.1023 -077.2025 0
L1 08    300 +012.1005 +001.5119 -002.4835 +112.2110 +075.0726 -010.4271 0
L1 01    304 +010.3465 +003.7263 +001.2906 +042.0228 +001.2033 +001.1315 0
L1 02    304 +005.3091 +006.8755 +001.7002 -151.7983 -002.9965 -158.0676 0
L1 03    304 +010.8762 +004.2561 -000.8889 +037.6216 +003.4739 +091.3126 0
L1 04    304 +008.4121 +008.0431 +001.7769 -030.1677 -000.6126 +000.4013 0
L1 05    304 +014.3683 +010.1904 +001.9894 -108.5885 +000.8468 -006.3865 0
L1 06    304 +011.3313 +002.5725 -004.1762 -058.4954 +000.8712 +001.4814 0
L1 07    304 +012.0102 +001.5489 -003.3444 +037.6442 +007.1031 -077.2022 0
L1 08    304 +012.1005 +001.5119 -002.4835 +112.2114 +075.0728 -010.4272 0
L1 01    308 +010.3465 +003.7262 +001.2905 +042.0240 +001.2048 +001.1328 0
L1 02    308 +005.3091 +006.8755 +001.7002 -151.7983 -002.9964 -158.0676 0
L1 03    308 +010.8762 +004.2561 -000.8889 +037.6231 +003.4743 +091.3127 0
L1 04    308 +008.4121 +008.0431 +001.7769 -030.1680 -000.6125 +000.4015 0
L1 05    308 +014.3680 +010.1909 +001.9891 -108.5861 +000.8459 -006.3887 0
L1 06    308 +011.3312 +002.5726 -004.1761 -058.4930 +000.8720 +001.4816 0
L1 07    308 +012.0102 +001.5489 -003.3444 +037.6461 +007.1040 -077.2021 0
L1 08    308 +012.1005 +001.5119 -002.4835 +112.2118 +075.0732 -010.4274 0
L1 01    312 +010.3465 +003.7262 +001.2905 +042.0277 +001.2066 +001.1330 0
L1 02    312 +005.3091 +006.8755 +001.7002 -151.7982 -002.9963 -158.0677 0
L1 03    312 +010.8761 +004.2560 -000.8889 +037.6255 +003.4756 +091.3131 0
L1 04    312 +008.4121 +008.0431 +001.7769 -030.1681 -000.6126 +000.4014 0
L1 05    312 +014.3677 +010.1912 +001.9894 -108.5843 +000.8466 -006.3871 0
L1 06    312 +011.3312 +002.5725 -004.1762 -058.4925 +000.8717 +001.4804 0
L1 07    312 +012.0102 +001.5488 -003.3445 +037.6455 +007.1054 -077.2017 0
L1 08    312 +012.1005 +001.5119 -002.4835 +112.2135 +075.0740 -010.4284 0
L1 01    316 +010.3464 +003.7261 +001.2906 +042.0298 +001.2068 +001.1332 0
L1 02    316 +005.3091 +006.8755 +001.7002 -151.7985 -002.9964 -158.0674 0
L1 03    316 +010.8761 +004.2560 -000.8890 +037.6274 +003.4762 +091.3128 0
L1 04    316 +008.4122 +008.0430 +001.7769 -030.1691 -000.6124 +000.4016 0
L1 05    316 +014.3682 +010.1906 +001.9895 -108.5885 +000.8478 -006.3877 0
L1 06    316 +011.3313 +002.5724 -004.1762 -058.4913 +000.8712 +001.4809 0
L1 07    316 +012.0102 +001.5489 -003.3443 +037.6486 +007.1049 -077.2019 0
L1 08    316 +012.1006 +001.5118 -002.4834 +112.2122 +075.0742 -010.4305 0
L1 01    320 +010.3464 +003.7260 +001.2906 +042.0326 +001.2083 +001.1329 0
L1 02    320 +005.3091 +006.8755 +001.7002 -151.7984 -002.9965 -158.0673 0
L1 03    320 +010.8760 +004.2560 -000.8889 +037.6302 +003.4760 +091.3122 0
L1 04    320 +008.4122 +008.0430 +001.7769 -030.1689 -000.6128 +000.4014 0
L1 05    320 +014.3683 +010.1906 +001.9889 -108.5894 +000.8447 -006.3894 0
L1 06    320 +011.3313 +002.5724 -004.1763 -058.4885 +000.8709 +001.4796 0
L1 07    320 +012.0103 +001.5489 -003.3444 +037.6523 +007.1070 -077.2012 0
L1 08    320 +012.1007 +001.5119 -002.4834 +112.2101 +075.0745 -010.4348 0
L1 01    324 +010.3463 +003.7260 +001.2906 +042.0343 +001.2075 +001.1329 0
L1 02    324 +005.3091 +006.8755 +001.7002 -151.7981 -002.9966 -158.0672 0
L1 03    324 +010.8760 +004.2560 -000.8889 +037.6329 +003.4759 +091.3123 0
L1 04    324 +008.4122 +008.0431 +001.7769 -030.1685 -000.6125 +000.4009 0
L1 05    324 +014.3680 +010.1911 +001.9887 -108.5855 +000.8445 -006.3910 0
L1 06    324 +011.3313 +002.5725 -004.1762 -058.4854 +000.8712 +001.4816 0
L1 07    324 +012.0104 +001.5489 -003.3444 +037.6544 +007.1066 -077.2018 0
L1 08    324 +012.1007 +001.5120 -002.4834 +112.2106 +075.0742 -010.4375 0
L1 01    328 +010.3462 +003.7260 +001.2907 +042.0362 +001.2064 +001.1312 0
L1 02    328 +005.3091 +006.8755 +001.7002 -151.7984 -002.9965 -158.0674 0
L1 03    328 +010.8759 +004.2558 -000.8889 +037.6341 +003.4757 +091.3120 0
L1 04    328 +008.4122 +008.0430 +001.7770 -030.1695 -000.6125 +000.4018 0
L1 05    328 +014.3679 +010.1910 +001.9892 -108.5860 +000.8469 -006.3885 0
L1 06    328 +011.3313 +002.5724 -004.1762 -058.4849 +000.8701 +001.4810 0
L1 07    328 +012.0104 +001.5489 -003.3444 +037.6561 +007.1072 -077.2021 0
L1 08    328 +012.1008 +001.5120 -002.4834 +112.2103 +075.0751 -010.4404 0
L1 01    332 +010.3462 +003.7259 +001.2907 +042.0373 +001.2062 +001.1332 0
L1 02    332 +005.3091 +006.8755 +001.7002 -151.7985 -002.9963 -158.0675 0
L1 03    332 +010.8758 +004.2558 -000.8889 +037.6380 +003.4771 +091.3126 0
L1 04    332 +008.4122 +008.0430 +001.7770 -030.1692 -000.6127 +000.4017 0
L1 05    332 +014.3678 +010.1911 +001.9899 -108.5857 +000.8493 -006.3855 0
L1 06    332 +011.3313 +002.5724 -004.1762 -058.4823 +000.8712 +001.4808 0
L1 07    332 +012.0105 +001.5489 -003.3444 +037.6595 +007.1078 -077.2015 0
L1 08    332 +012.1008 +001.5120 -002.4834 +112.2107 +075.0747 -010.4417 0
L1 01    336 +010.3462 +003.7258 +001.2906 +042.0403 +001.2069 +001.1335 0
L1 02    336 +005.3091 +006.8755 +001.7002 -151.7988 -002.9967 -158.0675 0
L1 03    336 +010.8758 +004.2557 -000.8889 +037.6410 +003.4769 +091.3123 0
L1 04    336 +008.4122 +008.0430 +001.7769 -030.1693 -000.6127 +000.4016 0
L1 05    336 +014.3679 +010.1910 +001.9897 -108.5870 +000.8488 -006.3871 0
L1 06    336 +011.3314 +002.5724 -004.1760 -058.4779 +000.8706 +001.4825 0
L1 07    336 +012.0106 +001.5489 -003.3444 +037.6637 +007.1080 -077.2022 0
L1 08    336 +012.1009 +001.5120 -002.4834 +112.2125 +075.0756 -010.4438 0
L1 01    340 +010.3462 +003.7257 +001.2905 +042.0432 +001.2087 +001.1332 0
L1 02    340 +005.3091 +006.8755 +001.7002 -151.7986 -002.9965 -158.0676 0
L1 03    340 +010.8756 +004.2558 -000.8889 +037.6475 +003.4783 +091.3132 0
L1 04    340 +008.4122 +008.0430 +001.7770 -030.1688 -000.6127 +000.4016 0
L1 05    340 +014.3682 +010.1907 +001.9897 -108.5890 +000.8489 -006.3880 0
L1 06    340 +011.3314 +002.5723 -004.1762 -058.4750 +000.8697 +001.4805 0
L1 07    340 +012.0107 +001.5491 -003.3445 +037.6709 +007.1086 -077.2010 0
L1 08    340 +012.1011 +001.5121 -002.4835 +112.2153 +075.0758 -010.4457 0
L1 01    344 +010.3461 +003.7256 +001.2906 +042.0443 +001.2062 +001.1334 0
L1 02    344 +005.3091 +006.8755 +001.7002 -151.7985 -002.9964 -158.0674 0
L1 03    344 +010.8756 +004.2558 -000.8889 +037.6498 +003.4775 +091.3126 0
L1 04    344 +008.4121 +008.0431 +001.7770 -030.1680 -000.6128 +000.4016 0
L1 05    344 +014.3681 +010.1909 +001.9897 -108.5869 +000.8489 -006.3875 0
L1 06    344 +011.3314 +002.5724 -004.1762 -058.4710 +000.8704 +001.4808 0
L1 07    344 +012.0108 +001.5491 -003.3444 +037.6738 +007.1080 -077.2021 0
L1 08    344 +012.1012 +001.5122 -002.4833 +112.2087 +075.0767 -010.4550 0
L1 01    348 +010.3461 +003.7256 +001.2906 +042.0443 +001.2071 +001.1334 0
L1 02    348 +005.3091 +006.8755 +001.7002 -151.7983 -002.9964 -158.0674 0
L1 03    348 +010.8756 +004.2558 -000.8889 +037.6515 +003.4782 +091.3123 0
L1 04    348 +008.4122 +008.0430 +001.7769 -030.1687 -000.6124 +000.4015 0
L1 05    348 +014.3678 +010.1911 +001.9899 -108.5854 +000.8489 -006.3865 0
L1 06    348 +011.3314 +002.5725 -004.1762 -058.4692 +000.8709 +001.4820 0
L1 07    348 +012.0109 +001.5491 -003.3444 +037.6740 +007.1094 -077.2021 0
L1 08    348 +012.1012 +001.5122 -002.4834 +112.2117 +075.0768 -010.4526 0
L1 01    352 +010.3461 +003.7256 +001.2905 +042.0444 +001.2073 +001.1334 0
L1 02    352 +005.3091 +006.8755 +001.7002 -151.7978 -002.9963 -158.0675 0
L1 03    352 +010.8755 +004.2559 -000.8890 +037.6527 +003.4786 +091.3122 0
L1 04    352 +008.4121 +008.0431 +001.7770 -030.1679 -000.6126 +000.4016 0
L1 05    352 +014.3678 +010.1913 +001.9896 -108.5830 +000.8475 -006.3863 0
L1 06    352 +011.3315 +002.5725 -004.1762 -058.4694 +000.8705 +001.4814 0
L1 07    352 +012.0109 +001.5490 -003.3444 +037.6728 +007.1088 -077.2012 0
L1 08    352 +012.1013 +001.5123 -002.4834 +112.2079 +075.0767 -010.4579 0
L1 01    356 +010.3461 +003.7257 +001.2905 +042.0435 +001.2066 +001.1325 0
L1 02    356 +005.3091 +006.8755 +001.7002 -151.7979 -002.9964 -158.0675 0
L1 03    356 +010.8755 +004.2558 -000.8890 +037.6523 +003.4781 +091.3117 0
L1 04    356 +008.4121 +008.0431 +001.7770 -030.1676 -000.6129 +000.4019 0
L1 05    356 +014.3680 +010.1911 +001.9899 -108.5850 +000.8486 -006.3857 0
L1 06    356 +011.3315 +002.5724 -004.1762 -058.4698 +000.8703 +001.4819 0
L1 07    356 +012.0109 +001.5491 -003.3445 +037.6747 +007.1100 -077.2019 0
L1 08    356 +012.1013 +001.5123 -002.4834 +112.2059 +075.0774 -010.4598 0
L1 01    360 +010.3461 +003.7256 +001.2905 +042.0397 +001.2037 +001.1315 0
L1 02    360 +005.3091 +006.8755 +001.7002 -151.7982 -002.9966 -158.0674 0
L1 03    360 +010.8755 +004.2558 -000.8889 +037.6515 +003.4782 +091.3115 0
L1 04    360 +008.4121 +008.0431 +001.7770 -030.1680 -000.6129 +000.4018 0
L1 05    360 +014.3681 +010.1908 +001.9900 -108.5862 +000.8499 -006.3860 0
L1 06    360 +011.3315 +002.5724 -004.1761 -058.4699 +000.8702 +001.4822 0
L1 07    360 +012.0109 +001.5492 -003.3445 +037.6755 +007.1102 -077.2018 0
L1 08    360 +012.1013 +001.5122 -002.4834 +112.2025 +075.0775 -010.4619 0
L1 01    364 +010.3461 +003.7257 +001.2905 +042.0382 +001.2046 +001.1317 0
L1 02    364 +005.3091 +006.8755 +001.7002 -151.7980 -002.9967 -158.0674 0
L1 03    364 +010.8755 +004.2559 -000.8890 +037.6529 +003.4792 +091.3119 0
L1 04    364 +008.4121 +008.0431 +001.7770 -030.1679 -000.6127 +000.4017 0
L1 05    364 +014.3680 +010.1911 +001.9894 -108.5844 +000.8465 -006.3883 0
L1 06    364 +011.3315 +002.5724 -004.1762 -058.4702 +000.8704 +001.4816 0
L1 07    364 +012.0109 +001.5492 -003.3444 +037.6756 +007.1105 -077.2016 0
L1 08    364 +012.1013 +001.5122 -002.4834 +112.2039 +075.0772 -010.4610 0
L1 01    368 +010.3462 +003.7256 +001.2905 +042.0357 +001.2018 +001.1313 0
L1 02    368 +005.3091 +006.8755 +001.7002 -151.7986 -002.9965 -158.0674 0
L1 03    368 +010.8756 +004.2558 -000.8890 +037.6517 +003.4792 +091.3116 0
L1 04    368 +008.4122 +008.0431 +001.7770 -030.1685 -000.6127 +000.4016 0
L1 05    368 +014.3680 +010.1910 +001.9895 -108.5855 +000.8483 -006.3890 0
L1 06    368 +011.3315 +002.5724 -004.1763 -058.4707 +000.8704 +001.4813 0
L1 07    368 +012.0109 +001.5492 -003.3445 +037.6750 +007.1115 -077.2020 0
L1 08    368 +012.1013 +001.5122 -002.4834 +112.2013 +075.0776 -010.4629 0
L1 01    372 +010.3462 +003.7256 +001.2905 +042.0339 +001.2009 +001.1320 0
L1 02    372 +005.3091 +006.8755 +001.7002 -151.7986 -002.9964 -158.0675 0
L1 03    372 +010.8755 +004.2558 -000.8890 +037.6520 +003.4794 +091.3118 0
L1 04    372 +008.4122 +008.0431 +001.7770 -030.1681 -000.6125 +000.4017 0
L1 05    372 +014.3680 +010.1910 +001.9892 -108.5850 +000.8473 -006.3909 0
L1 06    372 +011.3315 +002.5725 -004.1763 -058.4713 +000.8709 +001.4817 0
L1 07    372 +012.0109 +001.5492 -003.3445 +037.6750 +007.1114 -077.2013 0
L1 08    372 +012.1013 +001.5122 -002.4834 +112.1987 +075.0776 -010.4653 0
L1 01    376 +010.3462 +003.7256 +001.2905 +042.0330 +001.2014 +001.1313 0
L1 02    376 +005.3092 +006.8755 +001.7002 -151.7991 -002.9964 -158.0680 0
L1 03    376 +010.8756 +004.2558 -000.8890 +037.6514 +003.4797 +091.3115 0
L1 04    376 +008.4122 +008.0430 +001.7770 -030.1687 -000.6125 +000.4017 0
L1 05    376 +014.3678 +010.1911 +001.9897 -108.5841 +000.8498 -006.3897 0
L1 06    376 +011.3315 +002.5725 -004.1762 -058.4716 +000.8703 +001.4813 0
L1 07    376 +012.0109 +001.5491 -003.3445 +037.6740 +007.1122 -077.2013 0
L1 08    376 +012.1013 +001.5122 -002.4834 +112.1953 +075.0783 -010.4675 0
L1 01    380 +010.3462 +003.7256 +001.2906 +042.0313 +001.1982 +001.1314 0
L1 02    380 +005.3092 +006.8755 +001.7002 -151.7990 -002.9965 -158.0679 0
L1 03    380 +010.8756 +004.2557 -000.8890 +037.6502 +003.4793 +091.3113 0
L1 04    380 +008.4122 +008.0430 +001.7770 -030.1685 -000.6125 +000.4018 0
L1 05    380 +014.3677 +010.1912 +001.9897 -108.5839 +000.8487 -006.3890 0
L1 06    380 +011.3316 +002.5724 -004.1763 -058.4724 +000.8701 +001.4817 0
L1 07    380 +012.0109 +001.5490 -003.3446 +037.6732 +007.1131 -077.2015 0
L1 08    380 +012.1014 +001.5121 -002.4833 +112.1884 +075.0786 -010.4740 0
L1 01    384 +010.3462 +003.7256 +001.2906 +042.0311 +001.1988 +001.1317 0
L1 02    384 +005.3092 +006.8755 +001.7002 -151.7989 -002.9966 -158.0679 0
L1 03    384 +010.8756 +004.2557 -000.8890 +037.6503 +003.4797 +091.3113 0
L1 04    384 +008.4122 +008.0430 +001.7770 -030.1688 -000.6123 +000.4018 0
L1 05    384 +014.3679 +010.1911 +001.9892 -108.5857 +000.8473 -006.3917 0
L1 06    384 +011.3316 +002.5725 -004.1763 -058.4727 +000.8701 +001.4820 0
L1 07    384 +012.0110 +001.5491 -003.3445 +037.6736 +007.1124 -077.2016 0
L1 08    384 +012.1014 +001.5121 -002.4834 +112.1892 +075.0785 -010.4733 0
L1 01    388 +010.3461 +003.7256 +001.2907 +042.0312 +001.1990 +001.1295 0
L1 02    388 +005.3092 +006.8755 +001.7002 -151.7994 -002.9970 -158.0678 0
L1 03    388 +010.8756 +004.2557 -000.8890 +037.6494 +003.4802 +091.3110 0
L1 04    388 +008.4122 +008.0430 +001.7770 -030.1693 -000.6123 +000.4019 0
L1 05    388 +014.3681 +010.1908 +001.9899 -108.5886 +000.8504 -006.3902 0
L1 06    388 +011.3316 +002.5723 -004.1762 -058.4741 +000.8701 +001.4824 0
L1 07    388 +012.0110 +001.5490 -003.3444 +037.6734 +007.1129 -077.2025 0
L1 08    388 +012.1014 +001.5121 -002.4833 +112.1851 +075.0793 -010.4767 0
L1 01    392 +010.3462 +003.7256 +001.2906 +042.0300 +001.2005 +001.1312 0
L1 02    392 +005.3092 +006.8755 +001.7002 -151.7993 -002.9967 -158.0678 0
L1 03    392 +010.8756 +004.2557 -000.8890 +037.6499 +003.4811 +091.3111 0
L1 04    392 +008.4122 +008.0430 +001.7770 -030.1694 -000.6123 +000.4017 0
L1 05    392 +014.3683 +010.1905 +001.9893 -108.5901 +000.8476 -006.3926 0
L1 06    392 +011.3316 +002.5723 -004.1763 -058.4739 +000.8695 +001.4811 0
L1 07    392 +012.0110 +001.5489 -003.3445 +037.6728 +007.1140 -077.2023 0
L1 08    392 +012.1013 +001.5121 -002.4833 +112.1878 +075.0792 -010.4739 0
L1 01    396 +010.3462 +003.7256 +001.2905 +042.0299 +001.2012 +001.1314 0
L1 02    396 +005.3092 +006.8755 +001.7002 -151.7988 -002.9964 -158.0678 0
L1 03    396 +010.8756 +004.2557 -000.8890 +037.6507 +003.4816 +091.3112 0
L1 04    396 +008.4122 +008.0430 +001.7770 -030.1690 -000.6124 +000.4019 0
L1 05    396 +014.3682 +010.1907 +001.9897 -108.5879 +000.8493 -006.3914 0
L1 06    396 +011.3316 +002.5723 -004.1763 -058.4750 +000.8697 +001.4814 0
L1 07    396 +012.0110 +001.5491 -003.3444 +037.6748 +007.1143 -077.2018 0
L1 08    396 +012.1013 +001.5121 -002.4833 +112.1872 +075.0791 -010.4746 0
L1 01    400 +010.3462 +003.7255 +001.2906 +042.0290 +001.2000 +001.1316 0
L1 02    400 +005.3092 +006.8755 +001.7002 -151.7991 -002.9965 -158.0677 0
L1 03    400 +010.8756 +004.2557 -000.8890 +037.6503 +003.4813 +091.3111 0
L1 04    400 +008.4122 +008.0430 +001.7770 -030.1694 -000.6124 +000.4020 0
L1 05    400 +014.3681 +010.1906 +001.9897 -108.5888 +000.8505 -006.3914 0
L1 06    400 +011.3315 +002.5724 -004.1762 -058.4742 +000.8701 +001.4821 0
L1 07    400 +012.0110 +001.5492 -003.3444 +037.6755 +007.1148 -077.2027 0
L1 08    400 +012.1013 +001.5121 -002.4833 +112.1850 +075.0793 -010.4766 0
