L1 01      4 +016.0120 +000.2027 +001.3385 -089.6892 +001.3648 +001.8429 0
L1 02      4 +005.3117 +006.9058 +001.7020 -152.3477 -002.9696 -158.0987 0
L1 03      4 +016.0843 -000.5113 -000.8373 -094.0406 +003.5221 +092.2276 0
L1 04      4 +008.4148 +008.0440 +001.7800 -030.6057 -000.5594 +000.4772 0
L1 05      4 +014.2803 +010.1827 +002.0126 -104.6003 +000.9250 -000.1800 0
L1 06      4 +014.5831 +000.2975 -004.1583 +171.0677 +001.5947 +000.9534 0
L1 07      4 +013.3395 +000.4862 -003.3409 -093.4893 +010.6354 -077.0550 0
L1 08      4 +013.6333 +000.2164 -002.0276 +179.9134 +048.8251 -179.9467 0
L1 01      8 +016.0120 +000.2028 +001.3385 -089.6876 +001.3651 +001.8418 0
L1 02      8 +005.3117 +006.9058 +001.7020 -152.3477 -002.9693 -158.0992 0
L1 03      8 +016.0842 -000.5114 -000.8374 -094.0415 +003.5228 +092.2256 0
L1 04      8 +008.4148 +008.0440 +001.7801 -030.6062 -000.5595 +000.4775 0
L1 05      8 +014.2803 +010.1828 +002.0125 -104.6007 +000.9246 -000.1834 0
L1 06      8 +014.5830 +000.2977 -004.1582 +171.0672 +001.5941 +000.9534 0
L1 07      8 +013.3395 +000.4862 -003.3409 -093.4918 +010.6322 -077.0541 0
L1 08      8 +013.6332 +000.2167 -002.0276 +179.9133 +048.8186 -179.9387 0
L1 01     12 +016.0120 +000.2029 +001.3386 -089.6831 +001.3650 +001.8418 0
L1 02     12 +005.3117 +006.9059 +001.7020 -152.3473 -002.9694 -158.0990 0
L1 03     12 +016.0842 -000.5113 -000.8374 -094.0402 +003.5237 +092.2240 0
L1 04     12 +008.4148 +008.0440 +001.7801 -030.6057 -000.5594 +000.4776 0
L1 05     12 +014.2801 +010.1830 +002.0124 -104.5991 +000.9248 -000.1840 0
L1 06     12 +014.5827 +000.2979 -004.1581 +171.0692 +001.5919 +000.9534 0
L1 07     12 +013.3393 +000.4864 -003.3408 -093.4901 +010.6321 -077.0549 0
L1 08     12 +013.6330 +000.2171 -002.0275 +179.9198 +048.8114 -179.9300 0
L1 01     16 +016.0120 +000.2029 +001.3386 -089.6832 +001.3638 +001.8401 0
L1 02     16 +005.3117 +006.9059 +001.7020 -152.3475 -002.9696 -158.0988 0
L1 03     16 +016.0841 -000.5113 -000.8375 -094.0399 +003.5236 +092.2204 0
L1 04     16 +008.4148 +008.0440 +001.7800 -030.6056 -000.5595 +000.4773 0
L1 05     16 +014.2801 +010.1830 +002.0126 -104.5990 +000.9256 -000.1830 0
L1 06     16 +014.5826 +000.2978 -004.1580 +171.0691 +001.5910 +000.9541 0
L1 07     16 +013.3391 +000.4863 -003.3407 -093.4898 +010.6310 -077.0558 0
L1 08     16 +013.6329 +000.2168 -002.0272 +179.9257 +048.8080 -179.9218 0
L1 01     20 +016.0120 +000.2027 +001.3387 -089.6845 +001.3637 +001.8415 0
L1 02     20 +005.3118 +006.9058 +001.7020 -152.3482 -002.9696 -158.0985 0
L1 03     20 +016.0840 -000.5114 -000.8374 -094.0412 +003.5229 +092.2217 0
L1 04     20 +008.4148 +008.0439 +001.7800 -030.6065 -000.5594 +000.4775 0
L1 05     20 +014.2805 +010.1824 +002.0129 -104.6034 +000.9270 -000.1787 0
L1 06     20 +014.5824 +000.2975 -004.1583 +171.0661 +001.5881 +000.9561 0
L1 07     20 +013.3390 +000.4861 -003.3407 -093.4903 +010.6319 -077.0566 0
L1 08     20 +013.6330 +000.2167 -002.0272 +179.9335 +048.8047 -179.9185 0
L1 01     24 +016.0119 +000.2027 +001.3387 -089.6839 +001.3640 +001.8410 0
L1 02     24 +005.3118 +006.9058 +001.7020 -152.3479 -002.9695 -158.0982 0
L1 03     24 +016.0841 -000.5114 -000.8373 -094.0408 +003.5229 +092.2222 0
L1 04     24 +008.4148 +008.0439 +001.7800 -030.6065 -000.5593 +000.4770 0
L1 05     24 +014.2806 +010.1824 +002.0128 -104.6032 +000.9256 -000.1777 0
L1 06     24 +014.5824 +000.2979 -004.1581 +171.0696 +001.5898 +000.9540 0
L1 07     24 +013.3390 +000.4864 -003.3407 -093.4883 +010.6327 -077.0569 0
L1 08     24 +013.6330 +000.2165 -002.0273 +179.9392 +048.8013 -179.9154 0
L1 01     28 +016.0119 +000.2028 +001.3386 -089.6820 +001.3634 +001.8402 0
L1 02     28 +005.3117 +006.9058 +001.7020 -152.3476 -002.9694 -158.0983 0
L1 03     28 +016.0840 -000.5112 -000.8375 -094.0389 +003.5237 +092.2208 0
L1 04     28 +008.4148 +008.0440 +001.7800 -030.6060 -000.5595 +000.4773 0
L1 05     28 +014.2803 +010.1827 +002.0127 -104.6002 +000.9250 -000.1770 0
L1 06     28 +014.5825 +000.2981 -004.1579 +171.0707 +001.5903 +000.9538 0
L1 07     28 +013.3390 +000.4864 -003.3407 -093.4879 +010.6335 -077.0576 0
L1 08     28 +013.6330 +000.2164 -002.0272 +179.9428 +048.8004 -179.9103 0
L1 01     32 +016.0120 +000.2028 +001.3385 -089.6804 +001.3639 +001.8391 0
L1 02     32 +005.3117 +006.9058 +001.7020 -152.3476 -002.9695 -158.0988 0
L1 03     32 +016.0841 -000.5113 -000.8374 -094.0399 +003.5244 +092.2209 0
L1 04     32 +008.4148 +008.0440 +001.7801 -030.6063 -000.5595 +000.4776 0
L1 05     32 +014.2806 +010.1824 +002.0123 -104.6027 +000.9234 -000.1779 0
L1 06     32 +014.5824 +000.2979 -004.1579 +171.0694 +001.5899 +000.9548 0
L1 07     32 +013.3390 +000.4865 -003.3406 -093.4880 +010.6334 -077.0566 0
L1 08     32 +013.6330 +000.2168 -002.0272 +179.9507 +048.7934 -179.9016 0
L1 01     36 +016.0119 +000.2027 +001.3386 -089.6795 +001.3641 +001.8405 0
L1 02     36 +005.3118 +006.9058 +001.7020 -152.3484 -002.9694 -158.0998 0
L1 03     36 +016.0840 -000.5114 -000.8374 -094.0410 +003.5251 +092.2209 0
L1 04     36 +008.4148 +008.0439 +001.7801 -030.6067 -000.5594 +000.4775 0
L1 05     36 +014.2806 +010.1821 +002.0130 -104.6040 +000.9274 -000.1772 0
L1 06     36 +014.5824 +000.2978 -004.1580 +171.0675 +001.5891 +000.9549 0
L1 07     36 +013.3389 +000.4864 -003.3406 -093.4904 +010.6313 -077.0557 0
L1 08     36 +013.6330 +000.2169 -002.0272 +179.9456 +048.7960 -179.9003 0
L1 01     40 +016.0120 +000.2028 +001.3386 -089.6768 +001.3647 +001.8406 0
L1 02     40 +005.3118 +006.9058 +001.7020 -152.3480 -002.9698 -158.0992 0
L1 03     40 +016.0840 -000.5113 -000.8374 -094.0407 +003.5260 +092.2213 0
L1 04     40 +008.4148 +008.0440 +001.7801 -030.6062 -000.5594 +000.4776 0
L1 05     40 +014.2804 +010.1826 +002.0126 -104.6011 +000.9268 -000.1792 0
L1 06     40 +014.5824 +000.2980 -004.1582 +171.0677 +001.5886 +000.9542 0
L1 07     40 +013.3390 +000.4868 -003.3406 -093.4882 +010.6292 -077.0524 0
L1 08     40 +013.6330 +000.2171 -002.0274 +179.9395 +048.7982 -179.9049 0
L1 01     44 +016.0120 +000.2031 +001.3385 -089.6724 +001.3643 +001.8400 0
L1 02     44 +005.3117 +006.9059 +001.7020 -152.3474 -002.9695 -158.0988 0
L1 03     44 +016.0841 -000.5112 -000.8375 -094.0398 +003.5276 +092.2207 0
L1 04     44 +008.4147 +008.0441 +001.7800 -030.6051 -000.5597 +000.4771 0
L1 05     44 +014.2799 +010.1832 +002.0127 -104.5965 +000.9251 -000.1787 0
L1 06     44 +014.5824 +000.2981 -004.1582 +171.0688 +001.5889 +000.9535 0
L1 07     44 +013.3391 +000.4868 -003.3405 -093.4896 +010.6297 -077.0523 0
L1 08     44 +013.6330 +000.2173 -002.0272 +179.9397 +048.7987 -179.9026 0
L1 01     48 +016.0119 +000.2030 +001.3385 -089.6710 +001.3644 +001.8387 0
L1 02     48 +005.3117 +006.9059 +001.7020 -152.3474 -002.9695 -158.0988 0
L1 03     48 +016.0840 -000.5112 -000.8374 -094.0390 +003.5279 +092.2202 0
L1 04     48 +008.4148 +008.0440 +001.7800 -030.6053 -000.5595 +000.4770 0
L1 05     48 +014.2799 +010.1831 +002.0130 -104.5972 +000.9260 -000.1760 0
L1 06     48 +014.5824 +000.2981 -004.1581 +171.0682 +001.5877 +000.9536 0
L1 07     48 +013.3389 +000.4867 -003.3405 -093.4906 +010.6283 -077.0545 0
L1 08     48 +013.6329 +000.2171 -002.0273 +179.9416 +048.7925 -179.8972 0
L1 01     52 +016.0120 +000.2029 +001.3386 -089.6709 +001.3643 +001.8394 0
L1 02     52 +005.3118 +006.9058 +001.7020 -152.3479 -002.9696 -158.0987 0
L1 03     52 +016.0840 -000.5112 -000.8375 -094.0392 +003.5283 +092.2194 0
L1 04     52 +008.4148 +008.0440 +001.7800 -030.6056 -000.5596 +000.4771 0
L1 05     52 +014.2803 +010.1828 +002.0127 -104.6002 +000.9255 -000.1775 0
L1 06     52 +014.5823 +000.2979 -004.1580 +171.0670 +001.5877 +000.9540 0
L1 07     52 +013.3389 +000.4868 -003.3404 -093.4891 +010.6288 -077.0546 0
L1 08     52 +013.6329 +000.2171 -002.0272 +179.9487 +048.7869 -179.8882 0
L1 01     56 +016.0119 +000.2031 +001.3384 -089.6680 +001.3636 +001.8366 0
L1 02     56 +005.3118 +006.9058 +001.7020 -152.3481 -002.9693 -158.0988 0
L1 03     56 +016.0840 -000.5112 -000.8374 -094.0383 +003.5283 +092.2188 0
L1 04     56 +008.4148 +008.0440 +001.7800 -030.6055 -000.5596 +000.4771 0
L1 05     56 +014.2802 +010.1829 +002.0124 -104.5982 +000.9233 -000.1798 0
L1 06     56 +014.5822 +000.2981 -004.1579 +171.0695 +001.5868 +000.9529 0
L1 07     56 +013.3388 +000.4868 -003.3405 -093.4876 +010.6302 -077.0569 0
L1 08     56 +013.6329 +000.2171 -002.0270 +179.9625 +048.7835 -179.8808 0
L1 01     60 +016.0119 +000.2033 +001.3383 -089.6667 +001.3633 +001.8371 0
L1 02     60 +005.3117 +006.9059 +001.7020 -152.3472 -002.9693 -158.0990 0
L1 03     60 +016.0841 -000.5109 -000.8375 -094.0371 +003.5285 +092.2191 0
L1 04     60 +008.4148 +008.0440 +001.7800 -030.6057 -000.5597 +000.4772 0
L1 05     60 +014.2801 +010.1829 +002.0125 -104.5975 +000.9226 -000.1788 0
L1 06     60 +014.5823 +000.2982 -004.1580 +171.0703 +001.5875 +000.9520 0
L1 07     60 +013.3388 +000.4869 -003.3406 -093.4875 +010.6305 -077.0574 0
L1 08     60 +013.6329 +000.2170 -002.0270 +179.9632 +048.7855 -179.8817 0
L1 01     64 +016.0119 +000.2030 +001.3384 -089.6686 +001.3639 +001.8380 0
L1 02     64 +005.3117 +006.9059 +001.7020 -152.3475 -002.9692 -158.0994 0
L1 03     64 +016.0841 -000.5110 -000.8375 -094.0379 +003.5289 +092.2203 0
L1 04     64 +008.4148 +008.0440 +001.7801 -030.6060 -000.5597 +000.4775 0
L1 05     64 +014.2803 +010.1827 +002.0126 -104.5992 +000.9240 -000.1793 0
L1 06     64 +014.5824 +000.2982 -004.1581 +171.0695 +001.5879 +000.9531 0
L1 07     64 +013.3389 +000.4868 -003.3407 -093.4888 +010.6289 -077.0564 0
L1 08     64 +013.6330 +000.2170 -002.0270 +179.9613 +048.7885 -179.8822 0
L1 01     68 +016.0120 +000.2030 +001.3384 -089.6687 +001.3635 +001.8387 0
L1 02     68 +005.3117 +006.9059 +001.7020 -152.3477 -002.9690 -158.0998 0
L1 03     68 +016.0841 -000.5112 -000.8377 -094.0391 +003.5295 +092.2195 0
L1 04     68 +008.4148 +008.0440 +001.7800 -030.6058 -000.5596 +000.4773 0
L1 05     68 +014.2802 +010.1827 +002.0126 -104.5988 +000.9240 -000.1795 0
L1 06     68 +014.5825 +000.2981 -004.1580 +171.0680 +001.5893 +000.9525 0
L1 07     68 +013.3389 +000.4869 -003.3407 -093.4884 +010.6290 -077.0547 0
L1 08     68 +013.6331 +000.2172 -002.0269 +179.9580 +048.7918 -179.8852 0
L1 01     72 +016.0120 +000.2032 +001.3383 -089.6682 +001.3633 +001.8380 0
L1 02     72 +005.3118 +006.9058 +001.7020 -152.3481 -002.9692 -158.1002 0
L1 03     72 +016.0841 -000.5112 -000.8376 -094.0391 +003.5300 +092.2201 0
L1 04     72 +008.4148 +008.0440 +001.7800 -030.6055 -000.5595 +000.4774 0
L1 05     72 +014.2801 +010.1830 +002.0126 -104.5977 +000.9241 -000.1794 0
L1 06     72 +014.5825 +000.2984 -004.1579 +171.0697 +001.5900 +000.9522 0
L1 07     72 +013.3390 +000.4868 -003.3407 -093.4895 +010.6294 -077.0556 0
L1 08     72 +013.6331 +000.2173 -002.0270 +179.9632 +048.7868 -179.8820 0
L1 01     76 +016.0120 +000.2031 +001.3384 -089.6682 +001.3629 +001.8381 0
L1 02     76 +005.3118 +006.9059 +001.7020 -152.3481 -002.9694 -158.1003 0
L1 03     76 +016.0840 -000.5112 -000.8376 -094.0382 +003.5292 +092.2193 0
L1 04     76 +008.4148 +008.0440 +001.7801 -030.6055 -000.5596 +000.4776 0
L1 05     76 +014.2803 +010.1827 +002.0127 -104.5985 +000.9246 -000.1779 0
L1 06     76 +014.5824 +000.2982 -004.1578 +171.0698 +001.5897 +000.9534 0
L1 07     76 +013.3389 +000.4867 -003.3406 -093.4889 +010.6294 -077.0566 0
L1 08     76 +013.6331 +000.2170 -002.0271 +179.9741 +048.7793 -179.8734 0
L1 01     80 +016.0120 +000.2029 +001.3383 -089.6696 +001.3631 +001.8380 0
L1 02     80 +005.3118 +006.9058 +001.7020 -152.3482 -002.9693 -158.1001 0
L1 03     80 +016.0841 -000.5113 -000.8376 -094.0393 +003.5291 +092.2201 0
L1 04     80 +008.4148 +008.0440 +001.7800 -030.6059 -000.5595 +000.4774 0
L1 05     80 +014.2802 +010.1827 +002.0129 -104.5983 +000.9254 -000.1766 0
L1 06     80 +014.5824 +000.2982 -004.1580 +171.0701 +001.5887 +000.9538 0
L1 07     80 +013.3389 +000.4864 -003.3406 -093.4898 +010.6309 -077.0569 0
L1 08     80 +013.6332 +000.2169 -002.0270 +179.9831 +048.7798 -179.8727 0
L1 01     84 +016.0120 +000.2029 +001.3385 -089.6706 +001.3632 +001.8397 0
L1 02     84 +005.3118 +006.9058 +001.7020 -152.3483 -002.9691 -158.1000 0
L1 03     84 +016.0840 -000.5113 -000.8375 -094.0399 +003.5286 +092.2207 0
L1 04     84 +008.4148 +008.0439 +001.7800 -030.6069 -000.5595 +000.4776 0
L1 05     84 +014.2803 +010.1825 +002.0129 -104.6010 +000.9268 -000.1769 0
L1 06     84 +014.5823 +000.2977 -004.1581 +171.0666 +001.5888 +000.9549 0
L1 07     84 +013.3389 +000.4864 -003.3407 -093.4892 +010.6313 -077.0572 0
L1 08     84 +013.6333 +000.2168 -002.0268 +179.9816 +048.7840 -179.8745 0
L1 01     88 +016.0120 +000.2029 +001.3384 -089.6708 +001.3632 +001.8394 0
L1 02     88 +005.3118 +006.9058 +001.7020 -152.3485 -002.9691 -158.1003 0
L1 03     88 +016.0841 -000.5113 -000.8375 -094.0394 +003.5290 +092.2217 0
L1 04     88 +008.4148 +008.0440 +001.7800 -030.6064 -000.5594 +000.4777 0
L1 05     88 +014.2801 +010.1830 +002.0126 -104.5977 +000.9260 -000.1792 0
L1 06     88 +014.5824 +000.2978 -004.1582 +171.0680 +001.5898 +000.9548 0
L1 07     88 +013.3389 +000.4865 -003.3407 -093.4884 +010.6321 -077.0575 0
L1 08     88 +013.6332 +000.2167 -002.0270 +179.9795 +048.7846 -179.8779 0
L1 01     92 +016.0120 +000.2029 +001.3384 -089.6718 +001.3631 +001.8397 0
L1 02     92 +005.3118 +006.9058 +001.7020 -152.3483 -002.9691 -158.1007 0
L1 03     92 +016.0840 -000.5114 -000.8376 -094.0403 +003.5287 +092.2211 0
L1 04     92 +008.4148 +008.0440 +001.7801 -030.6065 -000.5593 +000.4779 0
L1 05     92 +014.2800 +010.1831 +002.0129 -104.5971 +000.9283 -000.1781 0
L1 06     92 +014.5825 +000.2976 -004.1582 +171.0663 +001.5897 +000.9556 0
L1 07     92 +013.3389 +000.4865 -003.3408 -093.4876 +010.6323 -077.0583 0
L1 08     92 +013.6333 +000.2166 -002.0270 +179.9815 +048.7851 -179.8785 0
L1 01     96 +016.0120 +000.2028 +001.3385 -089.6726 +001.3632 +001.8405 0
L1 02     96 +005.3118 +006.9058 +001.7020 -152.3483 -002.9690 -158.1013 0
L1 03     96 +016.0841 -000.5114 -000.8376 -094.0409 +003.5292 +092.2219 0
L1 04     96 +008.4148 +008.0439 +001.7801 -030.6067 -000.5591 +000.4781 0
L1 05     96 +014.2800 +010.1830 +002.0132 -104.5979 +000.9291 -000.1786 0
L1 06     96 +014.5825 +000.2976 -004.1579 +171.0651 +001.5925 +000.9545 0
L1 07     96 +013.3390 +000.4865 -003.3407 -093.4883 +010.6332 -077.0570 0
L1 08     96 +013.6334 +000.2167 -002.0268 +179.9858 +048.7855 -179.8761 0
L1 01    100 +016.0120 +000.2030 +001.3385 -089.6691 +001.3637 +001.8394 0
L1 02    100 +005.3118 +006.9058 +001.7020 -152.3485 -002.9690 -158.1012 0
L1 03    100 +016.0841 -000.5115 -000.8376 -094.0414 +003.5301 +092.2206 0
L1 04    100 +008.4148 +008.0440 +001.7800 -030.6063 -000.5589 +000.4777 0
L1 05    100 +014.2798 +010.1832 +002.0127 -104.5973 +000.9268 -000.1828 0
L1 06    100 +014.5824 +000.2977 -004.1580 +171.0664 +001.5902 +000.9547 0
L1 07    100 +013.3390 +000.4866 -003.3406 -093.4880 +010.6325 -077.0574 0
L1 08    100 +013.6333 +000.2170 -002.0268 +179.9935 +048.7781 -179.8677 0
L1 01    104 +016.0120 +000.2029 +001.3386 -089.6649 +001.3620 +001.8396 0
L1 02    104 +005.3118 +006.9058 +001.7020 -152.3482 -002.9690 -158.1010 0
L1 03    104 +016.0840 -000.5113 -000.8376 -094.0398 +003.5300 +092.2194 0
L1 04    104 +008.4148 +008.0440 +001.7801 -030.6065 -000.5591 +000.4777 0
L1 05    104 +014.2802 +010.1829 +002.0128 -104.5998 +000.9274 -000.1827 0
L1 06    104 +014.5822 +000.2980 -004.1581 +171.0679 +001.5883 +000.9549 0
L1 07    104 +013.3389 +000.4865 -003.3406 -093.4887 +010.6316 -077.0581 0
L1 08    104 +013.6333 +000.2167 -002.0268 +179.9967 +048.7730 -179.8587 0
L1 01    108 +016.0120 +000.2029 +001.3386 -089.6651 +001.3636 +001.8391 0
L1 02    108 +005.3117 +006.9059 +001.7020 -152.3480 -002.9689 -158.1009 0
L1 03    108 +016.0840 -000.5113 -000.8377 -094.0398 +003.5311 +092.2193 0
L1 04    108 +008.4148 +008.0440 +001.7801 -030.6064 -000.5592 +000.4776 0
L1 05    108 +014.2801 +010.1830 +002.0130 -104.5985 +000.9275 -000.1804 0
L1 06    108 +014.5823 +000.2981 -004.1581 +171.0681 +001.5884 +000.9540 0
L1 07    108 +013.3389 +000.4867 -003.3406 -093.4879 +010.6321 -077.0577 0
L1 08    108 +013.6333 +000.2167 -002.0267 +179.9939 +048.7762 -179.8599 0
L1 01    112 +016.0120 +000.2028 +001.3386 -089.6674 +001.3636 +001.8406 0
L1 02    112 +005.3118 +006.9058 +001.7020 -152.3483 -002.9691 -158.1007 0
L1 03    112 +016.0841 -000.5113 -000.8377 -094.0403 +003.5313 +092.2212 0
L1 04    112 +008.4149 +008.0439 +001.7801 -030.6072 -000.5593 +000.4778 0
L1 05    112 +014.2802 +010.1828 +002.0130 -104.6001 +000.9254 -000.1779 0
L1 06    112 +014.5826 +000.2981 -004.1580 +171.0676 +001.5904 +000.9537 0
L1 07    112 +013.3391 +000.4866 -003.3405 -093.4889 +010.6318 -077.0566 0
L1 08    112 +013.6335 +000.2167 -002.0267 +179.9956 +048.7761 -179.8622 0
L1 01    116 +016.0121 +000.2031 +001.3386 -089.6657 +001.3640 +001.8420 0
L1 02    116 +005.3117 +006.9059 +001.7020 -152.3480 -002.9691 -158.1010 0
L1 03    116 +016.0842 -000.5114 -000.8376 -094.0403 +003.5321 +092.2238 0
L1 04    116 +008.4148 +008.0440 +001.7801 -030.6057 -000.5595 +000.4776 0
L1 05    116 +014.2795 +010.1842 +002.0125 -104.5951 +000.9248 -000.1759 0
L1 06    116 +014.5827 +000.2982 -004.1579 +171.0683 +001.5931 +000.9528 0
L1 07    116 +013.3392 +000.4871 -003.3407 -093.4834 +010.6337 -077.0560 0
L1 08    116 +013.6338 +000.2173 -002.0271 -179.9872 +048.7661 -179.8636 0
L1 01    120 +016.0120 +000.2031 +001.3385 -089.6651 +001.3637 +001.8412 0
L1 02    120 +005.3118 +006.9059 +001.7020 -152.3483 -002.9689 -158.1015 0
L1 03    120 +016.0842 -000.5112 -000.8376 -094.0385 +003.5317 +092.2231 0
L1 04    120 +008.4148 +008.0441 +001.7801 -030.6054 -000.5596 +000.4775 0
L1 05    120 +014.2799 +010.1832 +002.0125 -104.5963 +000.9237 -000.1787 0
L1 06    120 +014.5827 +000.2984 -004.1580 +171.0708 +001.5917 +000.9537 0
L1 07    120 +013.3392 +000.4868 -003.3406 -093.4844 +010.6357 -077.0588 0
L1 08    120 +013.6339 +000.2167 -002.0267 -179.9764 +048.7569 -179.8515 0
L1 01    124 +016.0121 +000.2032 +001.3386 -089.6633 +001.3636 +001.8415 0
L1 02    124 +005.3118 +006.9059 +001.7020 -152.3482 -002.9691 -158.1016 0
L1 03    124 +016.0842 -000.5112 -000.8377 -094.0384 +003.5326 +092.2223 0
L1 04    124 +008.4148 +008.0440 +001.7800 -030.6057 -000.5595 +000.4774 0
L1 05    124 +014.2799 +010.1833 +002.0129 -104.5959 +000.9268 -000.1809 0
L1 06    124 +014.5826 +000.2980 -004.1581 +171.0688 +001.5903 +000.9531 0
L1 07    124 +013.3392 +000.4868 -003.3406 -093.4858 +010.6355 -077.0597 0
L1 08    124 +013.6339 +000.2169 -002.0268 -179.9756 +048.7503 -179.8470 0
L1 01    128 +016.0120 +000.2032 +001.3385 -089.6606 +001.3627 +001.8403 0
L1 02    128 +005.3117 +006.9059 +001.7020 -152.3478 -002.9692 -158.1013 0
L1 03    128 +016.0841 -000.5111 -000.8376 -094.0381 +003.5336 +092.2221 0
L1 04    128 +008.4147 +008.0441 +001.7801 -030.6052 -000.5597 +000.4778 0
L1 05    128 +014.2799 +010.1834 +002.0131 -104.5947 +000.9268 -000.1813 0
L1 06    128 +014.5826 +000.2982 -004.1580 +171.0692 +001.5899 +000.9521 0
L1 07    128 +013.3391 +000.4869 -003.3404 -093.4862 +010.6348 -077.0579 0
L1 08    128 +013.6338 +000.2170 -002.0266 -179.9806 +048.7508 -179.8461 0
L1 01    132 +016.0120 +000.2030 +001.3386 -089.6614 +001.3626 +001.8415 0
L1 02    132 +005.3118 +006.9059 +001.7020 -152.3481 -002.9696 -158.1014 0
L1 03    132 +016.0841 -000.5111 -000.8376 -094.0388 +003.5342 +092.2225 0
L1 04    132 +008.4148 +008.0440 +001.7801 -030.6059 -000.5596 +000.4778 0
L1 05    132 +014.2801 +010.1830 +002.0131 -104.5985 +000.9276 -000.1819 0
L1 06    132 +014.5826 +000.2983 -004.1580 +171.0686 +001.5911 +000.9520 0
L1 07    132 +013.3392 +000.4868 -003.3405 -093.4883 +010.6336 -077.0559 0
L1 08    132 +013.6338 +000.2168 -002.0266 -179.9887 +048.7535 -179.8505 0
L1 01    136 +016.0120 +000.2031 +001.3385 -089.6582 +001.3636 +001.8415 0
L1 02    136 +005.3118 +006.9059 +001.7020 -152.3480 -002.9696 -158.1012 0
L1 03    136 +016.0842 -000.5109 -000.8376 -094.0362 +003.5356 +092.2237 0
L1 04    136 +008.4148 +008.0440 +001.7801 -030.6057 -000.5596 +000.4778 0
L1 05    136 +014.2799 +010.1835 +002.0128 -104.5944 +000.9256 -000.1805 0
L1 06    136 +014.5827 +000.2985 -004.1581 +171.0690 +001.5916 +000.9513 0
L1 07    136 +013.3393 +000.4869 -003.3406 -093.4872 +010.6339 -077.0567 0
L1 08    136 +013.6340 +000.2168 -002.0267 -179.9871 +048.7516 -179.8531 0
L1 01    140 +016.0120 +000.2030 +001.3385 -089.6594 +001.3638 +001.8410 0
L1 02    140 +005.3117 +006.9059 +001.7020 -152.3480 -002.9691 -158.1013 0
L1 03    140 +016.0842 -000.5110 -000.8376 -094.0380 +003.5348 +092.2235 0
L1 04    140 +008.4148 +008.0440 +001.7800 -030.6062 -000.5595 +000.4770 0
L1 05    140 +014.2800 +010.1830 +002.0129 -104.5975 +000.9261 -000.1800 0
L1 06    140 +014.5826 +000.2983 -004.1584 +171.0680 +001.5899 +000.9517 0
L1 07    140 +013.3393 +000.4867 -003.3406 -093.4884 +010.6338 -077.0574 0
L1 08    140 +013.6340 +000.2168 -002.0267 -179.9814 +048.7458 -179.8511 0
L1 01    144 +016.0120 +000.2028 +001.3384 -089.6611 +001.3635 +001.8401 0
L1 02    144 +005.3118 +006.9058 +001.7020 -152.3483 -002.9689 -158.1017 0
L1 03    144 +016.0842 -000.5114 -000.8377 -094.0407 +003.5351 +092.2229 0
L1 04    144 +008.4149 +008.0439 +001.7800 -030.6066 -000.5594 +000.4775 0
L1 05    144 +014.2802 +010.1827 +002.0124 -104.6006 +000.9243 -000.1835 0
L1 06    144 +014.5827 +000.2983 -004.1581 +171.0680 +001.5912 +000.9521 0
L1 07    144 +013.3391 +000.4868 -003.3410 -093.4890 +010.6344 -077.0611 0
L1 08    144 +013.6341 +000.2167 -002.0267 -179.9755 +048.7348 -179.8426 0
L1 01    148 +016.0120 +000.2029 +001.3385 -089.6593 +001.3632 +001.8410 0
L1 02    148 +005.3118 +006.9059 +001.7020 -152.3483 -002.9693 -158.1017 0
L1 03    148 +016.0841 -000.5113 -000.8376 -094.0397 +003.5351 +092.2227 0
L1 04    148 +008.4148 +008.0440 +001.7800 -030.6063 -000.5594 +000.4775 0
L1 05    148 +014.2800 +010.1830 +002.0128 -104.5981 +000.9268 -000.1835 0
L1 06    148 +014.5826 +000.2979 -004.1581 +171.0660 +001.5911 +000.9540 0
L1 07    148 +013.3391 +000.4866 -003.3408 -093.4891 +010.6337 -077.0608 0
L1 08    148 +013.6341 +000.2168 -002.0266 -179.9667 +048.7315 -179.8393 0
L1 01    152 +016.0121 +000.2028 +001.3384 -089.6591 +001.3634 +001.8405 0
L1 02    152 +005.3118 +006.9058 +001.7020 -152.3488 -002.9692 -158.1019 0
L1 03    152 +016.0842 -000.5111 -000.8377 -094.0389 +003.5360 +092.2225 0
L1 04    152 +008.4148 +008.0440 +001.7800 -030.6065 -000.5593 +000.4775 0
L1 05    152 +014.2803 +010.1830 +002.0123 -104.5995 +000.9249 -000.1862 0
L1 06    152 +014.5827 +000.2981 -004.1579 +171.0660 +001.5921 +000.9523 0
L1 07    152 +013.3392 +000.4867 -003.3407 -093.4893 +010.6335 -077.0585 0
L1 08    152 +013.6342 +000.2169 -002.0268 -179.9741 +048.7291 -179.8437 0
L1 01    156 +016.0120 +000.2029 +001.3385 -089.6580 +001.3634 +001.8406 0
L1 02    156 +005.3118 +006.9058 +001.7020 -152.3489 -002.9691 -158.1020 0
L1 03    156 +016.0842 -000.5113 -000.8378 -094.0402 +003.5366 +092.2220 0
L1 04    156 +008.4148 +008.0439 +001.7801 -030.6066 -000.5593 +000.4777 0
L1 05    156 +014.2802 +010.1829 +002.0127 -104.5984 +000.9259 -000.1843 0
L1 06    156 +014.5827 +000.2981 -004.1580 +171.0658 +001.5916 +000.9517 0
L1 07    156 +013.3392 +000.4869 -003.3407 -093.4881 +010.6329 -077.0573 0
L1 08    156 +013.6342 +000.2169 -002.0266 -179.9781 +048.7342 -179.8458 0
L1 01    160 +016.0121 +000.2028 +001.3386 -089.6588 +001.3631 +001.8420 0
L1 02    160 +005.3118 +006.9058 +001.7020 -152.3488 -002.9690 -158.1018 0
L1 03    160 +016.0842 -000.5112 -000.8377 -094.0399 +003.5363 +092.2236 0
L1 04    160 +008.4149 +008.0439 +001.7801 -030.6069 -000.5593 +000.4779 0
L1 05    160 +014.2804 +010.1827 +002.0131 -104.5994 +000.9280 -000.1825 0
L1 06    160 +014.5827 +000.2981 -004.1583 +171.0651 +001.5914 +000.9522 0
L1 07    160 +013.3392 +000.4870 -003.3409 -093.4877 +010.6331 -077.0571 0
L1 08    160 +013.6342 +000.2168 -002.0267 -179.9806 +048.7347 -179.8497 0
L1 01    164 +016.0121 +000.2029 +001.3386 -089.6578 +001.3633 +001.8425 0
L1 02    164 +005.3118 +006.9058 +001.7020 -152.3486 -002.9690 -158.1016 0
L1 03    164 +016.0842 -000.5111 -000.8376 -094.0381 +003.5371 +092.2243 0
L1 04    164 +008.4148 +008.0440 +001.7801 -030.6063 -000.5595 +000.4779 0
L1 05    164 +014.2804 +010.1826 +002.0131 -104.6009 +000.9282 -000.1829 0
L1 06    164 +014.5828 +000.2983 -004.1581 +171.0668 +001.5927 +000.9518 0
L1 07    164 +013.3393 +000.4868 -003.3408 -093.4880 +010.6345 -077.0569 0
L1 08    164 +013.6343 +000.2168 -002.0267 -179.9773 +048.7312 -179.8510 0
L1 01    168 +016.0121 +000.2032 +001.3384 -089.6557 +001.3630 +001.8406 0
L1 02    168 +005.3118 +006.9059 +001.7020 -152.3485 -002.9690 -158.1017 0
L1 03    168 +016.0842 -000.5108 -000.8377 -094.0358 +003.5375 +092.2230 0
L1 04    168 +008.4148 +008.0441 +001.7801 -030.6056 -000.5595 +000.4778 0
L1 05    168 +014.2801 +010.1832 +002.0129 -104.5971 +000.9264 -000.1840 0
L1 06    168 +014.5828 +000.2986 -004.1580 +171.0701 +001.5923 +000.9514 0
L1 07    168 +013.3392 +000.4869 -003.3407 -093.4863 +010.6350 -077.0579 0
L1 08    168 +013.6343 +000.2168 -002.0267 -179.9642 +048.7199 -179.8440 0
L1 01    172 +016.0121 +000.2032 +001.3385 -089.6555 +001.3628 +001.8412 0
L1 02    172 +005.3118 +006.9059 +001.7020 -152.3485 -002.9690 -158.1019 0
L1 03    172 +016.0841 -000.5110 -000.8377 -094.0373 +003.5375 +092.2224 0
L1 04    172 +008.4148 +008.0440 +001.7801 -030.6058 -000.5592 +000.4780 0
L1 05    172 +014.2800 +010.1831 +002.0132 -104.5974 +000.9275 -000.1848 0
L1 06    172 +014.5826 +000.2984 -004.1580 +171.0682 +001.5913 +000.9519 0
L1 07    172 +013.3392 +000.4868 -003.3406 -093.4867 +010.6348 -077.0580 0
L1 08    172 +013.6344 +000.2168 -002.0264 -179.9591 +048.7150 -179.8355 0
L1 01    176 +016.0121 +000.2032 +001.3385 -089.6557 +001.3623 +001.8405 0
L1 02    176 +005.3118 +006.9059 +001.7020 -152.3484 -002.9687 -158.1021 0
L1 03    176 +016.0841 -000.5110 -000.8378 -094.0375 +003.5376 +092.2212 0
L1 04    176 +008.4148 +008.0440 +001.7801 -030.6059 -000.5593 +000.4781 0
L1 05    176 +014.2798 +010.1833 +002.0134 -104.5949 +000.9282 -000.1850 0
L1 06    176 +014.5826 +000.2981 -004.1581 +171.0666 +001.5909 +000.9520 0
L1 07    176 +013.3391 +000.4870 -003.3406 -093.4855 +010.6357 -077.0582 0
L1 08    176 +013.6344 +000.2168 -002.0264 -179.9579 +048.7131 -179.8353 0
L1 01    180 +016.0121 +000.2031 +001.3385 -089.6559 +001.3628 +001.8411 0
L1 02    180 +005.3118 +006.9058 +001.7020 -152.3489 -002.9687 -158.1025 0
L1 03    180 +016.0841 -000.5113 -000.8377 -094.0389 +003.5378 +092.2226 0
L1 04    180 +008.4148 +008.0440 +001.7801 -030.6064 -000.5593 +000.4784 0
L1 05    180 +014.2803 +010.1827 +002.0130 -104.5991 +000.9273 -000.1861 0
L1 06    180 +014.5826 +000.2983 -004.1581 +171.0674 +001.5903 +000.9513 0
L1 07    180 +013.3391 +000.4868 -003.3408 -093.4877 +010.6353 -077.0604 0
L1 08    180 +013.6344 +000.2168 -002.0265 -179.9561 +048.7088 -179.8349 0
L1 01    184 +016.0121 +000.2032 +001.3386 -089.6537 +001.3623 +001.8409 0
L1 02    184 +005.3118 +006.9059 +001.7020 -152.3484 -002.9685 -158.1026 0
L1 03    184 +016.0841 -000.5111 -000.8376 -094.0375 +003.5379 +092.2220 0
L1 04    184 +008.4148 +008.0440 +001.7801 -030.6060 -000.5594 +000.4781 0
L1 05    184 +014.2799 +010.1833 +002.0131 -104.5959 +000.9286 -000.1863 0
L1 06    184 +014.5825 +000.2981 -004.1583 +171.0667 +001.5885 +000.9518 0
L1 07    184 +013.3391 +000.4868 -003.3406 -093.4873 +010.6349 -077.0588 0
L1 08    184 +013.6345 +000.2170 -002.0263 -179.9514 +048.7063 -179.8328 0
L1 01    188 +016.0120 +000.2031 +001.3384 -089.6521 +001.3615 +001.8393 0
L1 02    188 +005.3118 +006.9058 +001.7020 -152.3486 -002.9690 -158.1023 0
L1 03    188 +016.0841 -000.5109 -000.8378 -094.0362 +003.5385 +092.2204 0
L1 04    188 +008.4148 +008.0440 +001.7801 -030.6058 -000.5593 +000.4781 0
L1 05    188 +014.2803 +010.1829 +002.0129 -104.5975 +000.9277 -000.1883 0
L1 06    188 +014.5825 +000.2983 -004.1582 +171.0677 +001.5888 +000.9517 0
L1 07    188 +013.3391 +000.4868 -003.3405 -093.4872 +010.6337 -077.0580 0
L1 08    188 +013.6344 +000.2167 -002.0263 -179.9569 +048.7070 -179.8320 0
L1 01    192 +016.0121 +000.2030 +001.3385 -089.6510 +001.3626 +001.8400 0
L1 02    192 +005.3118 +006.9058 +001.7020 -152.3486 -002.9691 -158.1023 0
L1 03    192 +016.0841 -000.5111 -000.8378 -094.0378 +003.5387 +092.2210 0
L1 04    192 +008.4148 +008.0440 +001.7801 -030.6063 -000.5592 +000.4781 0
L1 05    192 +014.2803 +010.1828 +002.0124 -104.5986 +000.9261 -000.1912 0
L1 06    192 +014.5825 +000.2983 -004.1583 +171.0677 +001.5886 +000.9523 0
L1 07    192 +013.3391 +000.4867 -003.3407 -093.4875 +010.6339 -077.0581 0
L1 08    192 +013.6344 +000.2166 -002.0264 -179.9582 +048.7086 -179.8353 0
L1 01    196 +016.0121 +000.2030 +001.3385 -089.6496 +001.3624 +001.8405 0
L1 02    196 +005.3118 +006.9058 +001.7020 -152.3487 -002.9691 -158.1028 0
L1 03    196 +016.0842 -000.5112 -000.8379 -094.0383 +003.5378 +092.2220 0
L1 04    196 +008.4148 +008.0440 +001.7801 -030.6065 -000.5590 +000.4780 0
L1 05    196 +014.2807 +010.1823 +002.0127 -104.6033 +000.9290 -000.1913 0
L1 06    196 +014.5826 +000.2982 -004.1583 +171.0675 +001.5913 +000.9534 0
L1 07    196 +013.3392 +000.4866 -003.3408 -093.4869 +010.6344 -077.0577 0
L1 08    196 +013.6346 +000.2164 -002.0265 -179.9536 +048.7144 -179.8430 0
L1 01    200 +016.0121 +000.2031 +001.3384 -089.6493 +001.3620 +001.8407 0
L1 02    200 +005.3118 +006.9059 +001.7020 -152.3485 -002.9691 -158.1035 0
L1 03    200 +016.0842 -000.5112 -000.8379 -094.0387 +003.5378 +092.2227 0
L1 04    200 +008.4148 +008.0440 +001.7801 -030.6059 -000.5590 +000.4781 0
L1 05    200 +014.2802 +010.1829 +002.0128 -104.5992 +000.9281 -000.1908 0
L1 06    200 +014.5827 +000.2981 -004.1583 +171.0676 +001.5919 +000.9518 0
L1 07    200 +013.3393 +000.4866 -003.3408 -093.4847 +010.6372 -077.0573 0
L1 08    200 +013.6347 +000.2164 -002.0264 -179.9483 +048.7168 -179.8481 0
L1 01    204 +016.0121 +000.2031 +001.3384 -089.6492 +001.3614 +001.8401 0
L1 02    204 +005.3118 +006.9059 +001.7020 -152.3486 -002.9690 -158.1037 0
L1 03    204 +016.0842 -000.5113 -000.8378 -094.0389 +003.5370 +092.2228 0
L1 04    204 +008.4148 +008.0440 +001.7801 -030.6059 -000.5591 +000.4780 0
L1 05    204 +014.2801 +010.1829 +002.0127 -104.5981 +000.9268 -000.1892 0
L1 06    204 +014.5827 +000.2979 -004.1583 +171.0677 +001.5920 +000.9540 0
L1 07    204 +013.3392 +000.4866 -003.3408 -093.4842 +010.6379 -077.0586 0
L1 08    204 +013.6346 +000.2162 -002.0264 -179.9419 +048.7147 -179.8440 0
L1 01    208 +016.0121 +000.2032 +001.3384 -089.6474 +001.3614 +001.8397 0
L1 02    208 +005.3118 +006.9059 +001.7020 -152.3481 -002.9689 -158.1033 0
L1 03    208 +016.0841 -000.5113 -000.8378 -094.0385 +003.5368 +092.2216 0
L1 04    208 +008.4148 +008.0440 +001.7801 -030.6055 -000.5591 +000.4778 0
L1 05    208 +014.2795 +010.1838 +002.0128 -104.5918 +000.9272 -000.1890 0
L1 06    208 +014.5826 +000.2980 -004.1582 +171.0684 +001.5907 +000.9531 0
L1 07    208 +013.3391 +000.4867 -003.3406 -093.4820 +010.6396 -077.0576 0
L1 08    208 +013.6346 +000.2164 -002.0264 -179.9362 +048.7146 -179.8449 0
L1 01    212 +016.0121 +000.2033 +001.3384 -089.6467 +001.3610 +001.8394 0
L1 02    212 +005.3118 +006.9059 +001.7020 -152.3480 -002.9689 -158.1028 0
L1 03    212 +016.0841 -000.5113 -000.8379 -094.0380 +003.5370 +092.2211 0
L1 04    212 +008.4148 +008.0440 +001.7801 -030.6055 -000.5591 +000.4780 0
L1 05    212 +014.2799 +010.1832 +002.0126 -104.5954 +000.9260 -000.1893 0
L1 06    212 +014.5825 +000.2979 -004.1581 +171.0688 +001.5916 +000.9537 0
L1 07    212 +013.3390 +000.4868 -003.3407 -093.4812 +010.6401 -077.0584 0
L1 08    212 +013.6345 +000.2163 -002.0264 -179.9362 +048.7164 -179.8457 0
L1 01    216 +016.0121 +000.2029 +001.3385 -089.6484 +001.3608 +001.8401 0
L1 02    216 +005.3118 +006.9059 +001.7020 -152.3482 -002.9690 -158.1026 0
L1 03    216 +016.0841 -000.5111 -000.8379 -094.0374 +003.5365 +092.2218 0
L1 04    216 +008.4148 +008.0440 +001.7801 -030.6055 -000.5592 +000.4780 0
L1 05    216 +014.2805 +010.1826 +002.0126 -104.5995 +000.9278 -000.1898 0
L1 06    216 +014.5826 +000.2980 -004.1580 +171.0695 +001.5926 +000.9540 0
L1 07    216 +013.3391 +000.4864 -003.3405 -093.4825 +010.6414 -077.0570 0
L1 08    216 +013.6346 +000.2155 -002.0265 -179.9351 +048.7171 -179.8461 0
L1 01    220 +016.0121 +000.2030 +001.3384 -089.6484 +001.3611 +001.8406 0
L1 02    220 +005.3118 +006.9058 +001.7020 -152.3488 -002.9688 -158.1032 0
L1 03    220 +016.0842 -000.5113 -000.8378 -094.0385 +003.5373 +092.2232 0
L1 04    220 +008.4148 +008.0440 +001.7801 -030.6057 -000.5593 +000.4780 0
L1 05    220 +014.2801 +010.1830 +002.0127 -104.5977 +000.9261 -000.1876 0
L1 06    220 +014.5827 +000.2978 -004.1581 +171.0684 +001.5933 +000.9538 0
L1 07    220 +013.3392 +000.4865 -003.3406 -093.4819 +010.6422 -077.0572 0
L1 08    220 +013.6348 +000.2155 -002.0264 -179.9305 +048.7203 -179.8491 0
L1 01    224 +016.0121 +000.2030 +001.3386 -089.6477 +001.3612 +001.8429 0
L1 02    224 +005.3118 +006.9059 +001.7020 -152.3485 -002.9688 -158.1035 0
L1 03    224 +016.0842 -000.5111 -000.8379 -094.0377 +003.5386 +092.2240 0
L1 04    224 +008.4148 +008.0441 +001.7801 -030.6054 -000.5593 +000.4780 0
L1 05    224 +014.2800 +010.1831 +002.0130 -104.5964 +000.9276 -000.1863 0
L1 06    224 +014.5829 +000.2981 -004.1582 +171.0691 +001.5945 +000.9523 0
L1 07    224 +013.3393 +000.4866 -003.3407 -093.4816 +010.6431 -077.0570 0
L1 08    224 +013.6349 +000.2157 -002.0264 -179.9286 +048.7206 -179.8492 0
L1 01    228 +016.0121 +000.2032 +001.3385 -089.6443 +001.3613 +001.8418 0
L1 02    228 +005.3118 +006.9059 +001.7020 -152.3484 -002.9688 -158.1041 0
L1 03    228 +016.0842 -000.5111 -000.8378 -094.0375 +003.5393 +092.2242 0
L1 04    228 +008.4147 +008.0441 +001.7801 -030.6054 -000.5593 +000.4781 0
L1 05    228 +014.2801 +010.1832 +002.0132 -104.5954 +000.9289 -000.1860 0
L1 06    228 +014.5827 +000.2984 -004.1585 +171.0696 +001.5931 +000.9513 0
L1 07    228 +013.3394 +000.4867 -003.3407 -093.4823 +010.6437 -077.0564 0
L1 08    228 +013.6349 +000.2161 -002.0265 -179.9287 +048.7165 -179.8480 0
L1 01    232 +016.0121 +000.2032 +001.3385 -089.6418 +001.3617 +001.8419 0
L1 02    232 +005.3117 +006.9059 +001.7020 -152.3479 -002.9687 -158.1039 0
L1 03    232 +016.0842 -000.5111 -000.8379 -094.0375 +003.5403 +092.2242 0
L1 04    232 +008.4147 +008.0441 +001.7801 -030.6053 -000.5593 +000.4784 0
L1 05    232 +014.2798 +010.1834 +002.0130 -104.5951 +000.9287 -000.1875 0
L1 06    232 +014.5828 +000.2982 -004.1585 +171.0684 +001.5930 +000.9512 0
L1 07    232 +013.3393 +000.4867 -003.3407 -093.4826 +010.6429 -077.0553 0
L1 08    232 +013.6349 +000.2163 -002.0266 -179.9303 +048.7178 -179.8484 0
L1 01    236 +016.0122 +000.2030 +001.3385 -089.6452 +001.3627 +001.8413 0
L1 02    236 +005.3118 +006.9059 +001.7020 -152.3484 -002.9692 -158.1038 0
L1 03    236 +016.0842 -000.5114 -000.8377 -094.0398 +003.5405 +092.2249 0
L1 04    236 +008.4148 +008.0440 +001.7801 -030.6060 -000.5590 +000.4782 0
L1 05    236 +014.2802 +010.1830 +002.0125 -104.5993 +000.9263 -000.1895 0
L1 06    236 +014.5828 +000.2982 -004.1584 +171.0683 +001.5929 +000.9513 0
L1 07    236 +013.3393 +000.4866 -003.3409 -093.4834 +010.6421 -077.0567 0
L1 08    236 +013.6349 +000.2161 -002.0266 -179.9300 +048.7169 -179.8473 0
L1 01    240 +016.0122 +000.2030 +001.3386 -089.6448 +001.3614 +001.8423 0
L1 02    240 +005.3118 +006.9059 +001.7020 -152.3484 -002.9690 -158.1036 0
L1 03    240 +016.0842 -000.5113 -000.8376 -094.0382 +003.5401 +092.2258 0
L1 04    240 +008.4148 +008.0440 +001.7801 -030.6058 -000.5591 +000.4782 0
L1 05    240 +014.2803 +010.1829 +002.0125 -104.5994 +000.9269 -000.1905 0
L1 06    240 +014.5828 +000.2982 -004.1584 +171.0684 +001.5931 +000.9529 0
L1 07    240 +013.3393 +000.4867 -003.3407 -093.4815 +010.6426 -077.0562 0
L1 08    240 +013.6349 +000.2160 -002.0266 -179.9224 +048.7139 -179.8442 0
L1 01    244 +016.0121 +000.2031 +001.3385 -089.6438 +001.3612 +001.8416 0
L1 02    244 +005.3118 +006.9059 +001.7020 -152.3487 -002.9691 -158.1035 0
L1 03    244 +016.0842 -000.5112 -000.8377 -094.0374 +003.5407 +092.2250 0
L1 04    244 +008.4148 +008.0440 +001.7801 -030.6060 -000.5590 +000.4781 0
L1 05    244 +014.2801 +010.1831 +002.0124 -104.5977 +000.9267 -000.1913 0
L1 06    244 +014.5826 +000.2981 -004.1584 +171.0687 +001.5918 +000.9524 0
L1 07    244 +013.3392 +000.4867 -003.3408 -093.4821 +010.6433 -077.0586 0
L1 08    244 +013.6349 +000.2161 -002.0266 -179.9142 +048.7044 -179.8360 0
L1 01    248 +016.0121 +000.2028 +001.3386 -089.6453 +001.3602 +001.8412 0
L1 02    248 +005.3118 +006.9059 +001.7020 -152.3488 -002.9689 -158.1035 0
L1 03    248 +016.0841 -000.5111 -000.8379 -094.0378 +003.5402 +092.2224 0
L1 04    248 +008.4148 +008.0440 +001.7801 -030.6062 -000.5592 +000.4782 0
L1 05    248 +014.2804 +010.1826 +002.0128 -104.6009 +000.9286 -000.1905 0
L1 06    248 +014.5826 +000.2979 -004.1583 +171.0671 +001.5909 +000.9530 0
L1 07    248 +013.3391 +000.4863 -003.3406 -093.4840 +010.6422 -077.0592 0
L1 08    248 +013.6349 +000.2156 -002.0263 -179.9129 +048.7029 -179.8280 0
L1 01    252 +016.0121 +000.2030 +001.3385 -089.6438 +001.3608 +001.8411 0
L1 02    252 +005.3118 +006.9059 +001.7020 -152.3488 -002.9688 -158.1032 0
L1 03    252 +016.0841 -000.5112 -000.8379 -094.0384 +003.5415 +092.2229 0
L1 04    252 +008.4148 +008.0440 +001.7801 -030.6062 -000.5590 +000.4780 0
L1 05    252 +014.2801 +010.1830 +002.0128 -104.5978 +000.9285 -000.1907 0
L1 06    252 +014.5827 +000.2980 -004.1582 +171.0667 +001.5932 +000.9538 0
L1 07    252 +013.3392 +000.4864 -003.3407 -093.4857 +010.6424 -077.0588 0
L1 08    252 +013.6349 +000.2159 -002.0264 -179.9143 +048.7038 -179.8306 0
L1 01    256 +016.0121 +000.2028 +001.3384 -089.6438 +001.3610 +001.8397 0
L1 02    256 +005.3118 +006.9059 +001.7020 -152.3487 -002.9690 -158.1031 0
L1 03    256 +016.0842 -000.5111 -000.8379 -094.0377 +003.5416 +092.2225 0
L1 04    256 +008.4148 +008.0440 +001.7801 -030.6061 -000.5589 +000.4777 0
L1 05    256 +014.2803 +010.1825 +002.0129 -104.6010 +000.9289 -000.1909 0
L1 06    256 +014.5826 +000.2980 -004.1583 +171.0659 +001.5917 +000.9530 0
L1 07    256 +013.3392 +000.4865 -003.3408 -093.4852 +010.6414 -077.0588 0
L1 08    256 +013.6349 +000.2160 -002.0265 -179.9154 +048.7045 -179.8307 0
L1 01    260 +016.0121 +000.2029 +001.3385 -089.6399 +001.3605 +001.8410 0
L1 02    260 +005.3118 +006.9059 +001.7020 -152.3485 -002.9692 -158.1030 0
L1 03    260 +016.0842 -000.5109 -000.8379 -094.0359 +003.5419 +092.2229 0
L1 04    260 +008.4148 +008.0440 +001.7801 -030.6058 -000.5592 +000.4780 0
L1 05    260 +014.2799 +010.1833 +002.0126 -104.5946 +000.9260 -000.1915 0
L1 06    260 +014.5826 +000.2982 -004.1583 +171.0679 +001.5915 +000.9524 0
L1 07    260 +013.3392 +000.4867 -003.3407 -093.4838 +010.6416 -077.0579 0
L1 08    260 +013.6349 +000.2159 -002.0263 -179.9145 +048.7056 -179.8301 0
L1 01    264 +016.0121 +000.2030 +001.3386 -089.6392 +001.3607 +001.8419 0
L1 02    264 +005.3118 +006.9059 +001.7020 -152.3486 -002.9690 -158.1034 0
L1 03    264 +016.0842 -000.5109 -000.8379 -094.0364 +003.5423 +092.2229 0
L1 04    264 +008.4148 +008.0440 +001.7801 -030.6060 -000.5590 +000.4781 0
L1 05    264 +014.2799 +010.1832 +002.0126 -104.5958 +000.9275 -000.1930 0
L1 06    264 +014.5827 +000.2982 -004.1581 +171.0671 +001.5926 +000.9513 0
L1 07    264 +013.3392 +000.4866 -003.3406 -093.4838 +010.6424 -077.0579 0
L1 08    264 +013.6349 +000.2160 -002.0262 -179.9108 +048.7033 -179.8282 0
L1 01    268 +016.0121 +000.2029 +001.3384 -089.6392 +001.3604 +001.8397 0
L1 02    268 +005.3118 +006.9059 +001.7020 -152.3483 -002.9690 -158.1039 0
L1 03    268 +016.0842 -000.5111 -000.8380 -094.0376 +003.5421 +092.2220 0
L1 04    268 +008.4148 +008.0440 +001.7801 -030.6060 -000.5589 +000.4780 0
L1 05    268 +014.2800 +010.1830 +002.0128 -104.5958 +000.9270 -000.1929 0
L1 06    268 +014.5826 +000.2982 -004.1583 +171.0675 +001.5916 +000.9511 0
L1 07    268 +013.3392 +000.4867 -003.3407 -093.4832 +010.6425 -077.0583 0
L1 08    268 +013.6349 +000.2159 -002.0262 -179.9091 +048.7041 -179.8278 0
L1 01    272 +016.0121 +000.2032 +001.3385 -089.6362 +001.3611 +001.8417 0
L1 02    272 +005.3117 +006.9059 +001.7020 -152.3479 -002.9688 -158.1040 0
L1 03    272 +016.0842 -000.5109 -000.8379 -094.0358 +003.5436 +092.2241 0
L1 04    272 +008.4147 +008.0440 +001.7801 -030.6053 -000.5590 +000.4783 0
L1 05    272 +014.2799 +010.1832 +002.0127 -104.5949 +000.9283 -000.1950 0
L1 06    272 +014.5828 +000.2983 -004.1583 +171.0681 +001.5933 +000.9502 0
L1 07    272 +013.3393 +000.4868 -003.3408 -093.4828 +010.6430 -077.0569 0
L1 08    272 +013.6350 +000.2161 -002.0264 -179.9158 +048.7103 -179.8363 0
L1 01    276 +016.0121 +000.2032 +001.3386 -089.6353 +001.3606 +001.8423 0
L1 02    276 +005.3118 +006.9059 +001.7020 -152.3483 -002.9691 -158.1040 0
L1 03    276 +016.0842 -000.5108 -000.8378 -094.0355 +003.5437 +092.2251 0
L1 04    276 +008.4148 +008.0440 +001.7801 -030.6053 -000.5587 +000.4784 0
L1 05    276 +014.2800 +010.1832 +002.0129 -104.5954 +000.9296 -000.1953 0
L1 06    276 +014.5829 +000.2982 -004.1580 +171.0659 +001.5965 +000.9513 0
L1 07    276 +013.3393 +000.4869 -003.3408 -093.4826 +010.6411 -077.0553 0
L1 08    276 +013.6349 +000.2162 -002.0264 -179.9266 +048.7155 -179.8422 0
L1 01    280 +016.0121 +000.2029 +001.3384 -089.6370 +001.3601 +001.8409 0
L1 02    280 +005.3118 +006.9058 +001.7020 -152.3489 -002.9690 -158.1045 0
L1 03    280 +016.0842 -000.5110 -000.8379 -094.0372 +003.5443 +092.2242 0
L1 04    280 +008.4148 +008.0440 +001.7801 -030.6058 -000.5588 +000.4784 0
L1 05    280 +014.2801 +010.1828 +002.0129 -104.5973 +000.9296 -000.1947 0
L1 06    280 +014.5828 +000.2981 -004.1582 +171.0650 +001.5944 +000.9521 0
L1 07    280 +013.3393 +000.4871 -003.3409 -093.4828 +010.6404 -077.0549 0
L1 08    280 +013.6349 +000.2161 -002.0264 -179.9334 +048.7177 -179.8443 0
L1 01    284 +016.0121 +000.2032 +001.3384 -089.6360 +001.3604 +001.8412 0
L1 02    284 +005.3118 +006.9059 +001.7020 -152.3486 -002.9690 -158.1046 0
L1 03    284 +016.0842 -000.5109 -000.8380 -094.0361 +003.5439 +092.2238 0
L1 04    284 +008.4148 +008.0440 +001.7801 -030.6058 -000.5589 +000.4786 0
L1 05    284 +014.2799 +010.1832 +002.0128 -104.5945 +000.9294 -000.1957 0
L1 06    284 +014.5828 +000.2982 -004.1582 +171.0672 +001.5949 +000.9512 0
L1 07    284 +013.3394 +000.4869 -003.3405 -093.4828 +010.6421 -077.0531 0
L1 08    284 +013.6349 +000.2163 -002.0264 -179.9250 +048.7174 -179.8451 0
L1 01    288 +016.0121 +000.2032 +001.3384 -089.6365 +001.3603 +001.8409 0
L1 02    288 +005.3118 +006.9059 +001.7020 -152.3486 -002.9688 -158.1051 0
L1 03    288 +016.0843 -000.5109 -000.8380 -094.0358 +003.5429 +092.2247 0
L1 04    288 +008.4148 +008.0440 +001.7801 -030.6054 -000.5589 +000.4787 0
L1 05    288 +014.2800 +010.1831 +002.0133 -104.5951 +000.9307 -000.1920 0
L1 06    288 +014.5829 +000.2983 -004.1583 +171.0693 +001.5958 +000.9516 0
L1 07    288 +013.3394 +000.4867 -003.3408 -093.4820 +010.6435 -077.0549 0
L1 08    288 +013.6351 +000.2160 -002.0264 -179.9181 +048.7205 -179.8501 0
L1 01    292 +016.0122 +000.2030 +001.3386 -089.6376 +001.3610 +001.8449 0
L1 02    292 +005.3118 +006.9059 +001.7020 -152.3485 -002.9691 -158.1052 0
L1 03    292 +016.0843 -000.5110 -000.8380 -094.0371 +003.5434 +092.2272 0
L1 04    292 +008.4148 +008.0440 +001.7801 -030.6057 -000.5587 +000.4787 0
L1 05    292 +014.2802 +010.1829 +002.0133 -104.5979 +000.9327 -000.1940 0
L1 06    292 +014.5831 +000.2984 -004.1583 +171.0684 +001.5988 +000.9515 0
L1 07    292 +013.3396 +000.4868 -003.3409 -093.4813 +010.6447 -077.0537 0
L1 08    292 +013.6353 +000.2159 -002.0266 -179.9203 +048.7257 -179.8558 0
L1 01    296 +016.0122 +000.2032 +001.3386 -089.6350 +001.3610 +001.8444 0
L1 02    296 +005.3118 +006.9059 +001.7020 -152.3480 -002.9684 -158.1056 0
L1 03    296 +016.0843 -000.5109 -000.8381 -094.0356 +003.5446 +092.2268 0
L1 04    296 +008.4147 +008.0440 +001.7801 -030.6054 -000.5584 +000.4790 0
L1 05    296 +014.2798 +010.1835 +002.0134 -104.5924 +000.9326 -000.1928 0
L1 06    296 +014.5831 +000.2984 -004.1583 +171.0675 +001.5986 +000.9499 0
L1 07    296 +013.3396 +000.4870 -003.3410 -093.4809 +010.6457 -077.0544 0
L1 08    296 +013.6353 +000.2163 -002.0265 -179.9209 +048.7257 -179.8528 0
L1 01    300 +016.0122 +000.2031 +001.3385 -089.6343 +001.3603 +001.8432 0
L1 02    300 +005.3118 +006.9059 +001.7020 -152.3483 -002.9685 -158.1061 0
L1 03    300 +016.0843 -000.5108 -000.8379 -094.0356 +003.5448 +092.2268 0
L1 04    300 +008.4147 +008.0441 +001.7802 -030.6047 -000.5584 +000.4792 0
L1 05    300 +014.2800 +010.1833 +002.0133 -104.5941 +000.9322 -000.1949 0
L1 06    300 +014.5830 +000.2985 -004.1583 +171.0672 +001.5973 +000.9500 0
L1 07    300 +013.3395 +000.4868 -003.3408 -093.4833 +010.6437 -077.0531 0
L1 08    300 +013.6352 +000.2161 -002.0265 -179.9249 +048.7217 -179.8480 0
L1 01    304 +016.0122 +000.2031 +001.3386 -089.6339 +001.3602 +001.8434 0
L1 02    304 +005.3118 +006.9059 +001.7020 -152.3482 -002.9686 -158.1062 0
L1 03    304 +016.0842 -000.5108 -000.8379 -094.0354 +003.5453 +092.2265 0
L1 04    304 +008.4147 +008.0441 +001.7801 -030.6052 -000.5583 +000.4790 0
L1 05    304 +014.2798 +010.1834 +002.0135 -104.5930 +000.9332 -000.1946 0
L1 06    304 +014.5830 +000.2988 -004.1582 +171.0690 +001.5981 +000.9500 0
L1 07    304 +013.3395 +000.4871 -003.3409 -093.4818 +010.6427 -077.0535 0
L1 08    304 +013.6352 +000.2162 -002.0265 -179.9218 +048.7199 -179.8473 0
L1 01    308 +016.0122 +000.2030 +001.3385 -089.6354 +001.3597 +001.8430 0
L1 02    308 +005.3118 +006.9059 +001.7020 -152.3482 -002.9686 -158.1062 0
L1 03    308 +016.0843 -000.5108 -000.8379 -094.0363 +003.5451 +092.2274 0
L1 04    308 +008.4148 +008.0440 +001.7801 -030.6055 -000.5585 +000.4791 0
L1 05    308 +014.2798 +010.1834 +002.0129 -104.5940 +000.9308 -000.1964 0
L1 06    308 +014.5831 +000.2987 -004.1582 +171.0688 +001.5984 +000.9504 0
L1 07    308 +013.3395 +000.4871 -003.3410 -093.4820 +010.6427 -077.0543 0
L1 08    308 +013.6352 +000.2160 -002.0267 -179.9226 +048.7214 -179.8494 0
L1 01    312 +016.0122 +000.2030 +001.3385 -089.6358 +001.3602 +001.8434 0
L1 02    312 +005.3118 +006.9059 +001.7020 -152.3482 -002.9684 -158.1062 0
L1 03    312 +016.0843 -000.5110 -000.8379 -094.0376 +003.5455 +092.2277 0
L1 04    312 +008.4148 +008.0440 +001.7801 -030.6055 -000.5584 +000.4789 0
L1 05    312 +014.2796 +010.1838 +002.0129 -104.5915 +000.9308 -000.1984 0
L1 06    312 +014.5831 +000.2986 -004.1583 +171.0678 +001.5990 +000.9496 0
L1 07    312 +013.3396 +000.4869 -003.3409 -093.4835 +010.6438 -077.0531 0
L1 08    312 +013.6353 +000.2162 -002.0267 -179.9263 +048.7272 -179.8569 0
L1 01    316 +016.0122 +000.2032 +001.3384 -089.6343 +001.3606 +001.8431 0
L1 02    316 +005.3118 +006.9059 +001.7021 -152.3483 -002.9681 -158.1061 0
L1 03    316 +016.0844 -000.5111 -000.8379 -094.0383 +003.5465 +092.2282 0
L1 04    316 +008.4148 +008.0440 +001.7801 -030.6056 -000.5582 +000.4788 0
L1 05    316 +014.2797 +010.1835 +002.0128 -104.5935 +000.9295 -000.1985 0
L1 06    316 +014.5831 +000.2979 -004.1585 +171.0635 +001.5987 +000.9508 0
L1 07    316 +013.3397 +000.4868 -003.3409 -093.4840 +010.6444 -077.0526 0
L1 08    316 +013.6353 +000.2162 -002.0268 -179.9258 +048.7268 -179.8588 0
L1 01    320 +016.0122 +000.2030 +001.3385 -089.6356 +001.3606 +001.8436 0
L1 02    320 +005.3118 +006.9059 +001.7021 -152.3484 -002.9680 -158.1062 0
L1 03    320 +016.0843 -000.5111 -000.8379 -094.0387 +003.5464 +092.2278 0
L1 04    320 +008.4148 +008.0440 +001.7801 -030.6064 -000.5581 +000.4791 0
L1 05    320 +014.2801 +010.1830 +002.0127 -104.5969 +000.9307 -000.2016 0
L1 06    320 +014.5831 +000.2979 -004.1584 +171.0629 +001.5987 +000.9519 0
L1 07    320 +013.3396 +000.4869 -003.3411 -093.4842 +010.6438 -077.0550 0
L1 08    320 +013.6353 +000.2160 -002.0267 -179.9240 +048.7237 -179.8546 0
L1 01    324 +016.0122 +000.2029 +001.3386 -089.6353 +001.3606 +001.8435 0
L1 02    324 +005.3118 +006.9059 +001.7021 -152.3486 -002.9681 -158.1065 0
L1 03    324 +016.0843 -000.5112 -000.8379 -094.0392 +003.5466 +092.2274 0
L1 04    324 +008.4148 +008.0440 +001.7801 -030.6065 -000.5580 +000.4795 0
L1 05    324 +014.2799 +010.1833 +002.0126 -104.5948 +000.9304 -000.2045 0
L1 06    324 +014.5831 +000.2981 -004.1581 +171.0634 +001.5996 +000.9511 0
L1 07    324 +013.3396 +000.4868 -003.3410 -093.4838 +010.6426 -077.0547 0
L1 08    324 +013.6353 +000.2161 -002.0266 -179.9195 +048.7220 -179.8492 0
L1 01    328 +016.0122 +000.2030 +001.3383 -089.6346 +001.3608 +001.8417 0
L1 02    328 +005.3118 +006.9059 +001.7020 -152.3485 -002.9682 -158.1066 0
L1 03    328 +016.0843 -000.5112 -000.8380 -094.0396 +003.5472 +092.2265 0
L1 04    328 +008.4148 +008.0439 +001.7802 -030.6067 -000.5579 +000.4795 0
L1 05    328 +014.2800 +010.1832 +002.0122 -104.5979 +000.9286 -000.2124 0
L1 06    328 +014.5831 +000.2980 -004.1581 +171.0635 +001.5994 +000.9510 0
L1 07    328 +013.3395 +000.4868 -003.3411 -093.4853 +010.6424 -077.0552 0
L1 08    328 +013.6352 +000.2162 -002.0266 -179.9205 +048.7217 -179.8476 0
L1 01    332 +016.0122 +000.2029 +001.3384 -089.6335 +001.3605 +001.8419 0
L1 02    332 +005.3118 +006.9059 +001.7020 -152.3485 -002.9684 -158.1069 0
L1 03    332 +016.0843 -000.5111 -000.8380 -094.0387 +003.5474 +092.2267 0
L1 04    332 +008.4148 +008.0440 +001.7802 -030.6063 -000.5578 +000.4797 0
L1 05    332 +014.2799 +010.1834 +002.0124 -104.5944 +000.9297 -000.2106 0
L1 06    332 +014.5831 +000.2982 -004.1581 +171.0648 +001.5993 +000.9506 0
L1 07    332 +013.3395 +000.4868 -003.3411 -093.4855 +010.6418 -077.0546 0
L1 08    332 +013.6352 +000.2159 -002.0267 -179.9241 +048.7222 -179.8478 0
L1 01    336 +016.0122 +000.2029 +001.3386 -089.6323 +001.3604 +001.8440 0
L1 02    336 +005.3118 +006.9059 +001.7021 -152.3485 -002.9682 -158.1077 0
L1 03    336 +016.0842 -000.5110 -000.8380 -094.0384 +003.5475 +092.2269 0
L1 04    336 +008.4148 +008.0440 +001.7802 -030.6060 -000.5577 +000.4799 0
L1 05    336 +014.2799 +010.1833 +002.0130 -104.5950 +000.9338 -000.2096 0
L1 06    336 +014.5831 +000.2982 -004.1583 +171.0638 +001.5982 +000.9507 0
L1 07    336 +013.3395 +000.4868 -003.3409 -093.4849 +010.6422 -077.0527 0
L1 08    336 +013.6352 +000.2162 -002.0266 -179.9220 +048.7247 -179.8497 0
L1 01    340 +016.0122 +000.2030 +001.3385 -089.6313 +001.3603 +001.8434 0
L1 02    340 +005.3118 +006.9059 +001.7021 -152.3485 -002.9683 -158.1084 0
L1 03    340 +016.0843 -000.5111 -000.8380 -094.0390 +003.5482 +092.2275 0
L1 04    340 +008.4148 +008.0440 +001.7802 -030.6058 -000.5575 +000.4798 0
L1 05    340 +014.2799 +010.1832 +002.0130 -104.5945 +000.9337 -000.2092 0
L1 06    340 +014.5831 +000.2983 -004.1585 +171.0641 +001.5977 +000.9509 0
L1 07    340 +013.3396 +000.4867 -003.3410 -093.4859 +010.6426 -077.0530 0
L1 08    340 +013.6353 +000.2161 -002.0267 -179.9213 +048.7236 -179.8500 0
L1 01    344 +016.0122 +000.2031 +001.3384 -089.6285 +001.3605 +001.8433 0
L1 02    344 +005.3118 +006.9059 +001.7021 -152.3477 -002.9682 -158.1081 0
L1 03    344 +016.0843 -000.5109 -000.8380 -094.0366 +003.5496 +092.2277 0
L1 04    344 +008.4148 +008.0440 +001.7802 -030.6054 -000.5576 +000.4797 0
L1 05    344 +014.2801 +010.1832 +002.0126 -104.5960 +000.9332 -000.2131 0
L1 06    344 +014.5830 +000.2983 -004.1586 +171.0644 +001.5970 +000.9503 0
L1 07    344 +013.3395 +000.4870 -003.3410 -093.4838 +010.6440 -077.0535 0
L1 08    344 +013.6353 +000.2163 -002.0268 -179.9191 +048.7221 -179.8494 0
L1 01    348 +016.0122 +000.2031 +001.3384 -089.6284 +001.3600 +001.8422 0
L1 02    348 +005.3118 +006.9059 +001.7021 -152.3479 -002.9684 -158.1077 0
L1 03    348 +016.0843 -000.5109 -000.8381 -094.0378 +003.5493 +092.2268 0
L1 04    348 +008.4148 +008.0440 +001.7801 -030.6054 -000.5577 +000.4793 0
L1 05    348 +014.2803 +010.1828 +002.0124 -104.5984 +000.9317 -000.2163 0
L1 06    348 +014.5830 +000.2990 -004.1585 +171.0679 +001.5973 +000.9496 0
L1 07    348 +013.3395 +000.4870 -003.3411 -093.4844 +010.6431 -077.0531 0
L1 08    348 +013.6353 +000.2162 -002.0266 -179.9225 +048.7244 -179.8494 0
L1 01    352 +016.0122 +000.2030 +001.3384 -089.6276 +001.3600 +001.8421 0
L1 02    352 +005.3117 +006.9059 +001.7020 -152.3477 -002.9686 -158.1073 0
L1 03    352 +016.0843 -000.5110 -000.8381 -094.0385 +003.5482 +092.2272 0
L1 04    352 +008.4148 +008.0440 +001.7801 -030.6058 -000.5576 +000.4793 0
L1 05    352 +014.2806 +010.1824 +002.0122 -104.6005 +000.9319 -000.2169 0
L1 06    352 +014.5831 +000.2985 -004.1586 +171.0661 +001.5976 +000.9506 0
L1 07    352 +013.3395 +000.4870 -003.3411 -093.4846 +010.6412 -077.0535 0
L1 08    352 +013.6353 +000.2161 -002.0267 -179.9228 +048.7254 -179.8472 0
L1 01    356 +016.0122 +000.2031 +001.3385 -089.6247 +001.3598 +001.8436 0
L1 02    356 +005.3118 +006.9059 +001.7021 -152.3481 -002.9684 -158.1076 0
L1 03    356 +016.0843 -000.5110 -000.8381 -094.0376 +003.5486 +092.2270 0
L1 04    356 +008.4148 +008.0441 +001.7801 -030.6053 -000.5578 +000.4793 0
L1 05    356 +014.2799 +010.1832 +002.0119 -104.5940 +000.9301 -000.2172 0
L1 06    356 +014.5831 +000.2983 -004.1587 +171.0652 +001.5973 +000.9506 0
L1 07    356 +013.3396 +000.4871 -003.3410 -093.4847 +010.6404 -077.0539 0
L1 08    356 +013.6353 +000.2162 -002.0265 -179.9198 +048.7251 -179.8455 0
L1 01    360 +016.0122 +000.2031 +001.3383 -089.6249 +001.3590 +001.8410 0
L1 02    360 +005.3117 +006.9059 +001.7021 -152.3479 -002.9684 -158.1081 0
L1 03    360 +016.0843 -000.5108 -000.8381 -094.0368 +003.5488 +092.2266 0
L1 04    360 +008.4147 +008.0441 +001.7802 -030.6052 -000.5580 +000.4793 0
L1 05    360 +014.2801 +010.1830 +002.0124 -104.5956 +000.9313 -000.2149 0
L1 06    360 +014.5830 +000.2981 -004.1586 +171.0641 +001.5966 +000.9511 0
L1 07    360 +013.3396 +000.4871 -003.3411 -093.4832 +010.6415 -077.0539 0
L1 08    360 +013.6353 +000.2159 -002.0264 -179.9177 +048.7255 -179.8428 0
L1 01    364 +016.0122 +000.2034 +001.3383 -089.6226 +001.3597 +001.8420 0
L1 02    364 +005.3117 +006.9059 +001.7021 -152.3479 -002.9683 -158.1083 0
L1 03    364 +016.0844 -000.5108 -000.8381 -094.0366 +003.5484 +092.2279 0
L1 04    364 +008.4148 +008.0440 +001.7801 -030.6055 -000.5580 +000.4793 0
L1 05    364 +014.2799 +010.1835 +002.0121 -104.5927 +000.9298 -000.2161 0
L1 06    364 +014.5833 +000.2986 -004.1584 +171.0661 +001.5996 +000.9500 0
L1 07    364 +013.3396 +000.4871 -003.3412 -093.4826 +010.6431 -077.0534 0
L1 08    364 +013.6354 +000.2162 -002.0266 -179.9149 +048.7279 -179.8476 0
L1 01    368 +016.0122 +000.2032 +001.3383 -089.6239 +001.3599 +001.8431 0
L1 02    368 +005.3117 +006.9059 +001.7020 -152.3479 -002.9685 -158.1085 0
L1 03    368 +016.0844 -000.5111 -000.8382 -094.0388 +003.5488 +092.2281 0
L1 04    368 +008.4148 +008.0440 +001.7801 -030.6058 -000.5578 +000.4794 0
L1 05    368 +014.2800 +010.1830 +002.0126 -104.5962 +000.9327 -000.2144 0
L1 06    368 +014.5832 +000.2984 -004.1586 +171.0639 +001.5995 +000.9500 0
L1 07    368 +013.3397 +000.4868 -003.3411 -093.4843 +010.6428 -077.0522 0
L1 08    368 +013.6354 +000.2162 -002.0267 -179.9161 +048.7331 -179.8524 0
L1 01    372 +016.0122 +000.2032 +001.3385 -089.6226 +001.3602 +001.8441 0
L1 02    372 +005.3117 +006.9059 +001.7021 -152.3481 -002.9683 -158.1084 0
L1 03    372 +016.0844 -000.5111 -000.8382 -094.0387 +003.5493 +092.2283 0
L1 04    372 +008.4148 +008.0440 +001.7801 -030.6060 -000.5577 +000.4793 0
L1 05    372 +014.2798 +010.1834 +002.0129 -104.5939 +000.9332 -000.2126 0
L1 06    372 +014.5832 +000.2986 -004.1585 +171.0656 +001.6003 +000.9500 0
L1 07    372 +013.3397 +000.4870 -003.3412 -093.4830 +010.6429 -077.0518 0
L1 08    372 +013.6354 +000.2163 -002.0268 -179.9188 +048.7333 -179.8540 0
L1 01    376 +016.0122 +000.2031 +001.3385 -089.6213 +001.3596 +001.8436 0
L1 02    376 +005.3117 +006.9059 +001.7020 -152.3479 -002.9686 -158.1080 0
L1 03    376 +016.0844 -000.5108 -000.8382 -094.0366 +003.5503 +092.2281 0
L1 04    376 +008.4148 +008.0440 +001.7802 -030.6058 -000.5578 +000.4793 0
L1 05    376 +014.2799 +010.1833 +002.0129 -104.5938 +000.9342 -000.2144 0
L1 06    376 +014.5833 +000.2986 -004.1584 +171.0658 +001.6003 +000.9492 0
L1 07    376 +013.3397 +000.4871 -003.3412 -093.4833 +010.6421 -077.0518 0
L1 08    376 +013.6354 +000.2161 -002.0267 -179.9216 +048.7327 -179.8526 0
L1 01    380 +016.0122 +000.2030 +001.3384 -089.6210 +001.3597 +001.8432 0
L1 02    380 +005.3118 +006.9059 +001.7020 -152.3482 -002.9685 -158.1080 0
L1 03    380 +016.0843 -000.5110 -000.8381 -094.0383 +003.5502 +092.2277 0
L1 04    380 +008.4148 +008.0439 +001.7802 -030.6067 -000.5578 +000.4795 0
L1 05    380 +014.2801 +010.1829 +002.0132 -104.5963 +000.9370 -000.2145 0
L1 06    380 +014.5831 +000.2984 -004.1584 +171.0638 +001.5998 +000.9506 0
L1 07    380 +013.3396 +000.4869 -003.3411 -093.4849 +010.6425 -077.0521 0
L1 08    380 +013.6354 +000.2161 -002.0267 -179.9180 +048.7299 -179.8492 0
L1 01    384 +016.0122 +000.2028 +001.3384 -089.6225 +001.3593 +001.8422 0
L1 02    384 +005.3118 +006.9059 +001.7020 -152.3482 -002.9685 -158.1084 0
L1 03    384 +016.0843 -000.5112 -000.8382 -094.0396 +003.5495 +092.2266 0
L1 04    384 +008.4148 +008.0439 +001.7802 -030.6065 -000.5576 +000.4795 0
L1 05    384 +014.2806 +010.1820 +002.0130 -104.5994 +000.9352 -000.2145 0
L1 06    384 +014.5832 +000.2981 -004.1581 +171.0642 +001.6010 +000.9517 0
L1 07    384 +013.3396 +000.4868 -003.3411 -093.4847 +010.6428 -077.0529 0
L1 08    384 +013.6353 +000.2158 -002.0265 -179.9139 +048.7292 -179.8452 0
L1 01    388 +016.0122 +000.2029 +001.3384 -089.6217 +001.3590 +001.8428 0
L1 02    388 +005.3117 +006.9059 +001.7020 -152.3481 -002.9685 -158.1088 0
L1 03    388 +016.0843 -000.5111 -000.8382 -094.0389 +003.5489 +092.2268 0
L1 04    388 +008.4148 +008.0440 +001.7802 -030.6064 -000.5576 +000.4795 0
L1 05    388 +014.2801 +010.1829 +002.0130 -104.5965 +000.9343 -000.2138 0
L1 06    388 +014.5832 +000.2983 -004.1581 +171.0656 +001.6007 +000.9515 0
L1 07    388 +013.3396 +000.4869 -003.3411 -093.4827 +010.6434 -077.0527 0
L1 08    388 +013.6354 +000.2159 -002.0266 -179.9081 +048.7315 -179.8483 0
L1 01    392 +016.0123 +000.2030 +001.3385 -089.6209 +001.3591 +001.8445 0
L1 02    392 +005.3117 +006.9059 +001.7020 -152.3481 -002.9684 -158.1093 0
L1 03    392 +016.0844 -000.5110 -000.8382 -094.0385 +003.5495 +092.2290 0
L1 04    392 +008.4148 +008.0440 +001.7802 -030.6062 -000.5577 +000.4797 0
L1 05    392 +014.2802 +010.1828 +002.0129 -104.5971 +000.9346 -000.2136 0
L1 06    392 +014.5834 +000.2985 -004.1586 +171.0656 +001.6010 +000.9512 0
L1 07    392 +013.3397 +000.4869 -003.3412 -093.4827 +010.6453 -077.0521 0
L1 08    392 +013.6355 +000.2158 -002.0268 -179.9094 +048.7361 -179.8555 0
L1 01    396 +016.0123 +000.2030 +001.3383 -089.6216 +001.3596 +001.8435 0
L1 02    396 +005.3118 +006.9059 +001.7021 -152.3485 -002.9683 -158.1103 0
L1 03    396 +016.0844 -000.5112 -000.8383 -094.0400 +003.5499 +092.2295 0
L1 04    396 +008.4148 +008.0439 +001.7802 -030.6066 -000.5575 +000.4796 0
L1 05    396 +014.2800 +010.1829 +002.0128 -104.5960 +000.9339 -000.2148 0
L1 06    396 +014.5834 +000.2982 -004.1586 +171.0639 +001.6016 +000.9518 0
L1 07    396 +013.3398 +000.4869 -003.3413 -093.4826 +010.6456 -077.0520 0
L1 08    396 +013.6356 +000.2157 -002.0269 -179.9115 +048.7407 -179.8580 0
L1 01    400 +016.0123 +000.2030 +001.3385 -089.6222 +001.3602 +001.8454 0
L1 02    400 +005.3118 +006.9059 +001.7021 -152.3490 -002.9682 -158.1103 0
L1 03    400 +016.0844 -000.5112 -000.8382 -094.0400 +003.5506 +092.2308 0
L1 04    400 +008.4148 +008.0439 +001.7802 -030.6068 -000.5574 +000.4797 0
L1 05    400 +014.2801 +010.1828 +002.0132 -104.5967 +000.9368 -000.2141 0
L1 06    400 +014.5835 +000.2982 -004.1588 +171.0619 +001.6016 +000.9506 0
L1 07    400 +013.3400 +000.4867 -003.3411 -093.4833 +010.6469 -077.0486 0
L1 08    400 +013.6357 +000.2159 -002.0269 -179.9088 +048.7437 -179.8600 0
L1 01    404 +016.0123 +000.2031 +001.3383 -089.6211 +001.3592 +001.8441 0
L1 02    404 +005.3118 +006.9059 +001.7021 -152.3481 -002.9681 -158.1104 0
L1 03    404 +016.0845 -000.5109 -000.8381 -094.0375 +003.5502 +092.2311 0
L1 04    404 +008.4148 +008.0440 +001.7801 -030.6057 -000.5573 +000.4794 0
L1 05    404 +014.2800 +010.1831 +002.0130 -104.5949 +000.9353 -000.2155 0
L1 06    404 +014.5835 +000.2985 -004.1587 +171.0656 +001.6019 +000.9496 0
L1 07    404 +013.3399 +000.4868 -003.3414 -093.4819 +010.6482 -077.0533 0
L1 08    404 +013.6357 +000.2156 -002.0269 -179.9041 +048.7408 -179.8579 0
L1 01    408 +016.0123 +000.2031 +001.3383 -089.6208 +001.3590 +001.8441 0
L1 02    408 +005.3117 +006.9059 +001.7021 -152.3480 -002.9678 -158.1110 0
L1 03    408 +016.0845 -000.5109 -000.8381 -094.0369 +003.5496 +092.2311 0
L1 04    408 +008.4148 +008.0440 +001.7802 -030.6057 -000.5574 +000.4797 0
L1 05    408 +014.2799 +010.1833 +002.0129 -104.5946 +000.9345 -000.2161 0
L1 06    408 +014.5835 +000.2985 -004.1586 +171.0663 +001.6022 +000.9506 0
L1 07    408 +013.3399 +000.4869 -003.3413 -093.4794 +010.6495 -077.0531 0
L1 08    408 +013.6357 +000.2155 -002.0269 -179.8882 +048.7374 -179.8521 0
L1 01    412 +016.0123 +000.2031 +001.3384 -089.6197 +001.3590 +001.8444 0
L1 02    412 +005.3117 +006.9059 +001.7021 -152.3478 -002.9680 -158.1113 0
L1 03    412 +016.0844 -000.5110 -000.8381 -094.0378 +003.5495 +092.2305 0
L1 04    412 +008.4148 +008.0440 +001.7801 -030.6058 -000.5572 +000.4797 0
L1 05    412 +014.2799 +010.1832 +002.0129 -104.5945 +000.9354 -000.2184 0
L1 06    412 +014.5833 +000.2984 -004.1587 +171.0660 +001.6009 +000.9504 0
L1 07    412 +013.3399 +000.4868 -003.3412 -093.4790 +010.6503 -077.0540 0
L1 08    412 +013.6357 +000.2156 -002.0267 -179.8811 +048.7388 -179.8480 0
L1 01    416 +016.0122 +000.2032 +001.3384 -089.6160 +001.3581 +001.8442 0
L1 02    416 +005.3117 +006.9059 +001.7021 -152.3475 -002.9682 -158.1114 0
L1 03    416 +016.0844 -000.5110 -000.8382 -094.0372 +003.5498 +092.2301 0
L1 04    416 +008.4148 +008.0440 +001.7802 -030.6054 -000.5571 +000.4799 0
L1 05    416 +014.2797 +010.1835 +002.0125 -104.5920 +000.9346 -000.2226 0
L1 06    416 +014.5835 +000.2982 -004.1584 +171.0662 +001.6035 +000.9510 0
L1 07    416 +013.3398 +000.4870 -003.3412 -093.4783 +010.6504 -077.0535 0
L1 08    416 +013.6357 +000.2155 -002.0268 -179.8849 +048.7443 -179.8521 0
L1 01    420 +016.0123 +000.2032 +001.3383 -089.6136 +001.3589 +001.8440 0
L1 02    420 +005.3117 +006.9060 +001.7021 -152.3469 -002.9678 -158.1132 0
L1 03    420 +016.0845 -000.5107 -000.8383 -094.0356 +003.5517 +092.2317 0
L1 04    420 +008.4147 +008.0441 +001.7802 -030.6048 -000.5568 +000.4798 0
L1 05    420 +014.2796 +010.1838 +002.0125 -104.5885 +000.9356 -000.2267 0
L1 06    420 +014.5836 +000.2983 -004.1586 +171.0651 +001.6044 +000.9509 0
L1 07    420 +013.3400 +000.4869 -003.3413 -093.4791 +010.6512 -077.0517 0
L1 08    420 +013.6357 +000.2155 -002.0270 -179.8926 +048.7533 -179.8624 0
L1 01    424 +016.0123 +000.2033 +001.3384 -089.6126 +001.3587 +001.8453 0
L1 02    424 +005.3117 +006.9059 +001.7021 -152.3482 -002.9678 -158.1163 0
L1 03    424 +016.0845 -000.5108 -000.8382 -094.0370 +003.5525 +092.2324 0
L1 04    424 +008.4147 +008.0441 +001.7802 -030.6049 -000.5562 +000.4798 0
L1 05    424 +014.2795 +010.1838 +002.0129 -104.5903 +000.9372 -000.2301 0
L1 06    424 +014.5837 +000.2985 -004.1585 +171.0659 +001.6054 +000.9496 0
L1 07    424 +013.3400 +000.4870 -003.3413 -093.4795 +010.6500 -077.0502 0
L1 08    424 +013.6358 +000.2156 -002.0270 -179.8982 +048.7547 -179.8644 0
L1 01    428 +016.0123 +000.2034 +001.3384 -089.6124 +001.3580 +001.8448 0
L1 02    428 +005.3117 +006.9059 +001.7021 -152.3492 -002.9673 -158.1185 0
L1 03    428 +016.0844 -000.5110 -000.8381 -094.0386 +003.5536 +092.2321 0
L1 04    428 +008.4148 +008.0440 +001.7802 -030.6056 -000.5557 +000.4798 0
L1 05    428 +014.2797 +010.1834 +002.0126 -104.5936 +000.9382 -000.2367 0
L1 06    428 +014.5836 +000.2983 -004.1584 +171.0634 +001.6058 +000.9499 0
L1 07    428 +013.3399 +000.4872 -003.3413 -093.4807 +010.6486 -077.0503 0
L1 08    428 +013.6357 +000.2160 -002.0270 -179.9028 +048.7529 -179.8647 0
L1 01    432 +016.0123 +000.2030 +001.3383 -089.6135 +001.3580 +001.8429 0
L1 02    432 +005.3116 +006.9059 +001.7021 -152.3486 -002.9676 -158.1189 0
L1 03    432 +016.0843 -000.5109 -000.8382 -094.0381 +003.5537 +092.2301 0
L1 04    432 +008.4148 +008.0440 +001.7802 -030.6061 -000.5553 +000.4797 0
L1 05    432 +014.2799 +010.1830 +002.0125 -104.5967 +000.9387 -000.2401 0
L1 06    432 +014.5833 +000.2974 -004.1585 +171.0602 +001.6032 +000.9520 0
L1 07    432 +013.3398 +000.4869 -003.3411 -093.4822 +010.6478 -077.0507 0
L1 08    432 +013.6355 +000.2156 -002.0268 -179.9034 +048.7472 -179.8588 0
L1 01    436 +016.0123 +000.2030 +001.3384 -089.6125 +001.3575 +001.8429 0
L1 02    436 +005.3116 +006.9059 +001.7021 -152.3486 -002.9677 -158.1188 0
L1 03    436 +016.0843 -000.5111 -000.8383 -094.0395 +003.5535 +092.2275 0
L1 04    436 +008.4148 +008.0440 +001.7802 -030.6058 -000.5554 +000.4794 0
L1 05    436 +014.2799 +010.1830 +002.0130 -104.5960 +000.9405 -000.2375 0
L1 06    436 +014.5830 +000.2982 -004.1585 +171.0641 +001.5999 +000.9513 0
L1 07    436 +013.3397 +000.4867 -003.3409 -093.4821 +010.6471 -077.0520 0
L1 08    436 +013.6355 +000.2155 -002.0266 -179.8891 +048.7377 -179.8461 0
L1 01    440 +016.0123 +000.2031 +001.3384 -089.6099 +001.3566 +001.8422 0
L1 02    440 +005.3116 +006.9060 +001.7021 -152.3485 -002.9678 -158.1188 0
L1 03    440 +016.0843 -000.5111 -000.8382 -094.0384 +003.5526 +092.2269 0
L1 04    440 +008.4148 +008.0440 +001.7802 -030.6058 -000.5555 +000.4792 0
L1 05    440 +014.2797 +010.1834 +002.0128 -104.5933 +000.9382 -000.2368 0
L1 06    440 +014.5830 +000.2984 -004.1585 +171.0656 +001.5984 +000.9511 0
L1 07    440 +013.3396 +000.4867 -003.3411 -093.4807 +010.6478 -077.0547 0
L1 08    440 +013.6355 +000.2155 -002.0266 -179.8809 +048.7358 -179.8428 0
L1 01    444 +016.0123 +000.2031 +001.3385 -089.6072 +001.3561 +001.8450 0
L1 02    444 +005.3116 +006.9060 +001.7021 -152.3484 -002.9680 -158.1190 0
L1 03    444 +016.0843 -000.5107 -000.8384 -094.0357 +003.5524 +092.2280 0
L1 04    444 +008.4148 +008.0440 +001.7801 -030.6055 -000.5555 +000.4788 0
L1 05    444 +014.2799 +010.1832 +002.0132 -104.5949 +000.9391 -000.2358 0
L1 06    444 +014.5832 +000.2982 -004.1584 +171.0655 +001.6002 +000.9512 0
L1 07    444 +013.3397 +000.4867 -003.3411 -093.4793 +010.6505 -077.0550 0
L1 08    444 +013.6356 +000.2152 -002.0265 -179.8734 +048.7380 -179.8434 0
L1 01    448 +016.0123 +000.2032 +001.3384 -089.6064 +001.3574 +001.8446 0
L1 02    448 +005.3116 +006.9060 +001.7021 -152.3484 -002.9678 -158.1195 0
L1 03    448 +016.0844 -000.5111 -000.8382 -094.0374 +003.5533 +092.2308 0
L1 04    448 +008.4148 +008.0440 +001.7801 -030.6056 -000.5554 +000.4787 0
L1 05    448 +014.2798 +010.1833 +002.0128 -104.5937 +000.9375 -000.2390 0
L1 06    448 +014.5835 +000.2981 -004.1585 +171.0656 +001.6026 +000.9506 0
L1 07    448 +013.3399 +000.4869 -003.3412 -093.4755 +010.6557 -077.0551 0
L1 08    448 +013.6359 +000.2154 -002.0269 -179.8657 +048.7424 -179.8551 0
L1 01    452 +016.0124 +000.2032 +001.3385 -089.6049 +001.3575 +001.8464 0
L1 02    452 +005.3116 +006.9060 +001.7021 -152.3487 -002.9674 -158.1218 0
L1 03    452 +016.0845 -000.5110 -000.8384 -094.0367 +003.5538 +092.2327 0
L1 04    452 +008.4148 +008.0440 +001.7801 -030.6055 -000.5552 +000.4786 0
L1 05    452 +014.2801 +010.1829 +002.0129 -104.5976 +000.9400 -000.2444 0
L1 06    452 +014.5837 +000.2982 -004.1588 +171.0671 +001.6044 +000.9495 0
L1 07    452 +013.3402 +000.4867 -003.3411 -093.4756 +010.6599 -077.0518 0
L1 08    452 +013.6362 +000.2151 -002.0268 -179.8706 +048.7548 -179.8684 0
L1 01    456 +016.0123 +000.2033 +001.3385 -089.6043 +001.3578 +001.8467 0
L1 02    456 +005.3116 +006.9060 +001.7021 -152.3490 -002.9670 -158.1247 0
L1 03    456 +016.0846 -000.5111 -000.8384 -094.0385 +003.5554 +092.2335 0
L1 04    456 +008.4147 +008.0440 +001.7802 -030.6053 -000.5549 +000.4790 0
L1 05    456 +014.2797 +010.1834 +002.0129 -104.5927 +000.9415 -000.2518 0
L1 06    456 +014.5837 +000.2984 -004.1588 +171.0682 +001.6052 +000.9482 0
L1 07    456 +013.3403 +000.4869 -003.3411 -093.4758 +010.6612 -077.0526 0
L1 08    456 +013.6362 +000.2153 -002.0268 -179.8767 +048.7564 -179.8725 0
L1 01    460 +016.0123 +000.2032 +001.3386 -089.6034 +001.3565 +001.8464 0
L1 02    460 +005.3115 +006.9060 +001.7021 -152.3487 -002.9673 -158.1254 0
L1 03    460 +016.0845 -000.5108 -000.8382 -094.0355 +003.5561 +092.2326 0
L1 04    460 +008.4147 +008.0440 +001.7801 -030.6051 -000.5548 +000.4789 0
L1 05    460 +014.2798 +010.1833 +002.0128 -104.5937 +000.9413 -000.2557 0
L1 06    460 +014.5836 +000.2982 -004.1587 +171.0657 +001.6031 +000.9498 0
L1 07    460 +013.3401 +000.4870 -003.3410 -093.4765 +010.6597 -077.0538 0
L1 08    460 +013.6360 +000.2152 -002.0268 -179.8783 +048.7480 -179.8645 0
L1 01    464 +016.0123 +000.2032 +001.3386 -089.6016 +001.3557 +001.8451 0
L1 02    464 +005.3115 +006.9060 +001.7021 -152.3492 -002.9673 -158.1254 0
L1 03    464 +016.0844 -000.5108 -000.8382 -094.0353 +003.5553 +092.2293 0
L1 04    464 +008.4147 +008.0441 +001.7802 -030.6049 -000.5549 +000.4790 0
L1 05    464 +014.2797 +010.1836 +002.0132 -104.5925 +000.9451 -000.2563 0
L1 06    464 +014.5833 +000.2979 -004.1583 +171.0652 +001.6025 +000.9513 0
L1 07    464 +013.3397 +000.4868 -003.3411 -093.4783 +010.6561 -077.0567 0
L1 08    464 +013.6358 +000.2153 -002.0266 -179.8740 +048.7407 -179.8537 0
L1 01    468 +016.0123 +000.2031 +001.3384 -089.6035 +001.3555 +001.8426 0
L1 02    468 +005.3115 +006.9060 +001.7021 -152.3497 -002.9672 -158.1247 0
L1 03    468 +016.0843 -000.5109 -000.8382 -094.0365 +003.5551 +092.2282 0
L1 04    468 +008.4148 +008.0440 +001.7801 -030.6059 -000.5549 +000.4789 0
L1 05    468 +014.2798 +010.1833 +002.0128 -104.5956 +000.9422 -000.2604 0
L1 06    468 +014.5831 +000.2980 -004.1584 +171.0651 +001.6002 +000.9529 0
L1 07    468 +013.3396 +000.4866 -003.3410 -093.4793 +010.6546 -077.0581 0
L1 08    468 +013.6356 +000.2151 -002.0266 -179.8735 +048.7355 -179.8503 0
L1 01    472 +016.0123 +000.2030 +001.3384 -089.6036 +001.3545 +001.8419 0
L1 02    472 +005.3115 +006.9060 +001.7021 -152.3498 -002.9671 -158.1247 0
L1 03    472 +016.0843 -000.5110 -000.8383 -094.0370 +003.5549 +092.2268 0
L1 04    472 +008.4148 +008.0440 +001.7801 -030.6056 -000.5552 +000.4788 0
L1 05    472 +014.2796 +010.1834 +002.0130 -104.5938 +000.9427 -000.2586 0
L1 06    472 +014.5830 +000.2983 -004.1587 +171.0669 +001.5970 +000.9522 0
L1 07    472 +013.3395 +000.4866 -003.3410 -093.4793 +010.6558 -077.0582 0
L1 08    472 +013.6356 +000.2150 -002.0265 -179.8703 +048.7356 -179.8479 0
L1 01    476 +016.0123 +000.2032 +001.3384 -089.6014 +001.3553 +001.8417 0
L1 02    476 +005.3115 +006.9060 +001.7021 -152.3495 -002.9672 -158.1244 0
L1 03    476 +016.0843 -000.5110 -000.8385 -094.0353 +003.5555 +092.2255 0
L1 04    476 +008.4147 +008.0441 +001.7802 -030.6047 -000.5558 +000.4791 0
L1 05    476 +014.2794 +010.1837 +002.0130 -104.5917 +000.9430 -000.2575 0
L1 06    476 +014.5829 +000.2982 -004.1587 +171.0674 +001.5963 +000.9524 0
L1 07    476 +013.3395 +000.4867 -003.3410 -093.4781 +010.6558 -077.0592 0
L1 08    476 +013.6356 +000.2153 -002.0264 -179.8601 +048.7324 -179.8430 0
L1 01    480 +016.0123 +000.2033 +001.3385 -089.6017 +001.3551 +001.8429 0
L1 02    480 +005.3115 +006.9060 +001.7021 -152.3496 -002.9668 -158.1251 0
L1 03    480 +016.0843 -000.5108 -000.8383 -094.0344 +003.5556 +092.2269 0
L1 04    480 +008.4147 +008.0441 +001.7801 -030.6050 -000.5553 +000.4787 0
L1 05    480 +014.2795 +010.1837 +002.0133 -104.5907 +000.9433 -000.2550 0
L1 06    480 +014.5830 +000.2982 -004.1586 +171.0680 +001.5970 +000.9515 0
L1 07    480 +013.3395 +000.4867 -003.3410 -093.4776 +010.6562 -077.0593 0
L1 08    480 +013.6356 +000.2152 -002.0265 -179.8600 +048.7319 -179.8429 0
L1 01    484 +016.0123 +000.2033 +001.3386 -089.6020 +001.3551 +001.8440 0
L1 02    484 +005.3114 +006.9060 +001.7021 -152.3488 -002.9662 -158.1264 0
L1 03    484 +016.0844 -000.5107 -000.8383 -094.0342 +003.5559 +092.2277 0
L1 04    484 +008.4147 +008.0440 +001.7801 -030.6054 -000.5554 +000.4787 0
L1 05    484 +014.2794 +010.1837 +002.0132 -104.5915 +000.9425 -000.2544 0
L1 06    484 +014.5833 +000.2983 -004.1582 +171.0685 +001.6018 +000.9502 0
L1 07    484 +013.3396 +000.4868 -003.3411 -093.4758 +010.6578 -077.0584 0
L1 08    484 +013.6357 +000.2152 -002.0265 -179.8567 +048.7356 -179.8450 0
L1 01    488 +016.0123 +000.2031 +001.3385 -089.6046 +001.3546 +001.8437 0
L1 02    488 +005.3115 +006.9060 +001.7021 -152.3499 -002.9665 -158.1272 0
L1 03    488 +016.0844 -000.5108 -000.8383 -094.0354 +003.5553 +092.2284 0
L1 04    488 +008.4148 +008.0440 +001.7801 -030.6058 -000.5553 +000.4786 0
L1 05    488 +014.2799 +010.1829 +002.0133 -104.5966 +000.9423 -000.2511 0
L1 06    488 +014.5833 +000.2982 -004.1584 +171.0678 +001.6013 +000.9513 0
L1 07    488 +013.3397 +000.4865 -003.3411 -093.4777 +010.6579 -077.0578 0
L1 08    488 +013.6358 +000.2145 -002.0265 -179.8598 +048.7384 -179.8469 0
L1 01    492 +016.0124 +000.2031 +001.3386 -089.6045 +001.3545 +001.8448 0
L1 02    492 +005.3115 +006.9060 +001.7021 -152.3499 -002.9667 -158.1273 0
L1 03    492 +016.0844 -000.5107 -000.8382 -094.0349 +003.5550 +092.2298 0
L1 04    492 +008.4147 +008.0440 +001.7801 -030.6056 -000.5553 +000.4786 0
L1 05    492 +014.2803 +010.1826 +002.0131 -104.5981 +000.9412 -000.2502 0
L1 06    492 +014.5832 +000.2980 -004.1586 +171.0674 +001.6010 +000.9517 0
L1 07    492 +013.3398 +000.4865 -003.3411 -093.4776 +010.6587 -077.0567 0
L1 08    492 +013.6358 +000.2145 -002.0267 -179.8613 +048.7427 -179.8532 0
L1 01    496 +016.0123 +000.2032 +001.3385 -089.6033 +001.3545 +001.8438 0
L1 02    496 +005.3114 +006.9060 +001.7021 -152.3493 -002.9664 -158.1272 0
L1 03    496 +016.0844 -000.5108 -000.8381 -094.0348 +003.5553 +092.2297 0
L1 04    496 +008.4148 +008.0440 +001.7801 -030.6058 -000.5554 +000.4786 0
L1 05    496 +014.2801 +010.1829 +002.0129 -104.5963 +000.9392 -000.2500 0
L1 06    496 +014.5833 +000.2982 -004.1585 +171.0684 +001.6013 +000.9513 0
L1 07    496 +013.3397 +000.4868 -003.3411 -093.4757 +010.6593 -077.0566 0
L1 08    496 +013.6357 +000.2148 -002.0269 -179.8640 +048.7448 -179.8582 0
L1 01    500 +016.0123 +000.2030 +001.3384 -089.6045 +001.3546 +001.8438 0
L1 02    500 +005.3114 +006.9060 +001.7021 -152.3496 -002.9663 -158.1273 0
L1 03    500 +016.0844 -000.5109 -000.8382 -094.0367 +003.5567 +092.2294 0
L1 04    500 +008.4148 +008.0440 +001.7801 -030.6062 -000.5554 +000.4786 0
L1 05    500 +014.2801 +010.1827 +002.0128 -104.5975 +000.9391 -000.2485 0
L1 06    500 +014.5833 +000.2977 -004.1581 +171.0633 +001.6048 +000.9524 0
L1 07    500 +013.3397 +000.4868 -003.3411 -093.4769 +010.6602 -077.0562 0
L1 08    500 +013.6357 +000.2148 -002.0269 -179.8703 +048.7470 -179.8602 0
L1 01    504 +016.0123 +000.2029 +001.3385 -089.6049 +001.3548 +001.8444 0
L1 02    504 +005.3114 +006.9060 +001.7021 -152.3495 -002.9663 -158.1274 0
L1 03    504 +016.0844 -000.5109 -000.8382 -094.0369 +003.5570 +092.2295 0
L1 04    504 +008.4148 +008.0439 +001.7801 -030.6065 -000.5553 +000.4788 0
L1 05    504 +014.2802 +010.1827 +002.0123 -104.5987 +000.9386 -000.2511 0
L1 06    504 +014.5833 +000.2980 -004.1583 +171.0647 +001.6025 +000.9522 0
L1 07    504 +013.3397 +000.4865 -003.3412 -093.4786 +010.6588 -077.0564 0
L1 08    504 +013.6357 +000.2148 -002.0269 -179.8687 +048.7441 -179.8574 0
L1 01    508 +016.0123 +000.2030 +001.3385 -089.6031 +001.3546 +001.8441 0
L1 02    508 +005.3114 +006.9060 +001.7021 -152.3497 -002.9659 -158.1277 0
L1 03    508 +016.0843 -000.5108 -000.8383 -094.0352 +003.5570 +092.2279 0
L1 04    508 +008.4148 +008.0440 +001.7801 -030.6061 -000.5554 +000.4788 0
L1 05    508 +014.2800 +010.1830 +002.0124 -104.5980 +000.9379 -000.2508 0
L1 06    508 +014.5832 +000.2982 -004.1584 +171.0669 +001.6006 +000.9522 0
L1 07    508 +013.3396 +000.4866 -003.3412 -093.4782 +010.6586 -077.0576 0
L1 08    508 +013.6357 +000.2150 -002.0269 -179.8627 +048.7395 -179.8520 0
L1 01    512 +016.0123 +000.2031 +001.3386 -089.6018 +001.3545 +001.8443 0
L1 02    512 +005.3114 +006.9060 +001.7021 -152.3497 -002.9662 -158.1279 0
L1 03    512 +016.0843 -000.5107 -000.8383 -094.0344 +003.5568 +092.2280 0
L1 04    512 +008.4148 +008.0440 +001.7802 -030.6056 -000.5557 +000.4790 0
L1 05    512 +014.2796 +010.1834 +002.0132 -104.5938 +000.9411 -000.2473 0
L1 06    512 +014.5832 +000.2980 -004.1584 +171.0666 +001.6007 +000.9520 0
L1 07    512 +013.3396 +000.4865 -003.3411 -093.4778 +010.6588 -077.0575 0
L1 08    512 +013.6357 +000.2150 -002.0267 -179.8571 +048.7400 -179.8499 0
L1 01    516 +016.0123 +000.2031 +001.3386 -089.6028 +001.3542 +001.8449 0
L1 02    516 +005.3115 +006.9060 +001.7021 -152.3502 -002.9663 -158.1280 0
L1 03    516 +016.0843 -000.5107 -000.8382 -094.0342 +003.5571 +092.2293 0
L1 04    516 +008.4148 +008.0440 +001.7801 -030.6062 -000.5558 +000.4786 0
L1 05    516 +014.2803 +010.1827 +002.0131 -104.5983 +000.9408 -000.2468 0
L1 06    516 +014.5833 +000.2979 -004.1582 +171.0655 +001.6028 +000.9524 0
L1 07    516 +013.3396 +000.4866 -003.3411 -093.4769 +010.6596 -077.0562 0
L1 08    516 +013.6358 +000.2147 -002.0268 -179.8579 +048.7419 -179.8515 0
L1 01    520 +016.0123 +000.2031 +001.3385 -089.6035 +001.3544 +001.8444 0
L1 02    520 +005.3115 +006.9060 +001.7021 -152.3501 -002.9661 -158.1277 0
L1 03    520 +016.0843 -000.5108 -000.8382 -094.0352 +003.5569 +092.2296 0
L1 04    520 +008.4148 +008.0440 +001.7801 -030.6063 -000.5559 +000.4787 0
L1 05    520 +014.2799 +010.1830 +002.0128 -104.5956 +000.9395 -000.2463 0
L1 06    520 +014.5833 +000.2980 -004.1584 +171.0662 +001.6019 +000.9527 0
L1 07    520 +013.3397 +000.4867 -003.3410 -093.4761 +010.6590 -077.0554 0
L1 08    520 +013.6358 +000.2147 -002.0267 -179.8587 +048.7443 -179.8524 0
L1 01    524 +016.0123 +000.2033 +001.3385 -089.6018 +001.3542 +001.8444 0
L1 02    524 +005.3115 +006.9060 +001.7021 -152.3500 -002.9660 -158.1275 0
L1 03    524 +016.0844 -000.5107 -000.8382 -094.0341 +003.5574 +092.2296 0
L1 04    524 +008.4147 +008.0440 +001.7801 -030.6053 -000.5559 +000.4781 0
L1 05    524 +014.2799 +010.1832 +002.0123 -104.5943 +000.9356 -000.2465 0
L1 06    524 +014.5833 +000.2981 -004.1586 +171.0670 +001.6008 +000.9511 0
L1 07    524 +013.3397 +000.4866 -003.3411 -093.4765 +010.6593 -077.0562 0
L1 08    524 +013.6358 +000.2148 -002.0267 -179.8568 +048.7436 -179.8526 0
L1 01    528 +016.0123 +000.2034 +001.3385 -089.6008 +001.3540 +001.8446 0
L1 02    528 +005.3114 +006.9060 +001.7021 -152.3497 -002.9661 -158.1278 0
L1 03    528 +016.0844 -000.5106 -000.8383 -094.0332 +003.5572 +092.2290 0
L1 04    528 +008.4147 +008.0440 +001.7801 -030.6052 -000.5562 +000.4782 0
L1 05    528 +014.2800 +010.1832 +002.0130 -104.5940 +000.9385 -000.2448 0
L1 06    528 +014.5833 +000.2980 -004.1585 +171.0665 +001.6008 +000.9505 0
L1 07    528 +013.3397 +000.4868 -003.3410 -093.4743 +010.6610 -077.0576 0
L1 08    528 +013.6359 +000.2148 -002.0266 -179.8463 +048.7391 -179.8475 0
L1 01    532 +016.0123 +000.2035 +001.3384 -089.5990 +001.3534 +001.8429 0
L1 02    532 +005.3114 +006.9060 +001.7021 -152.3497 -002.9661 -158.1286 0
L1 03    532 +016.0844 -000.5106 -000.8384 -094.0333 +003.5573 +092.2276 0
L1 04    532 +008.4147 +008.0441 +001.7801 -030.6050 -000.5560 +000.4786 0
L1 05    532 +014.2799 +010.1833 +002.0129 -104.5938 +000.9380 -000.2445 0
L1 06    532 +014.5832 +000.2982 -004.1586 +171.0683 +001.5991 +000.9513 0
L1 07    532 +013.3397 +000.4867 -003.3410 -093.4752 +010.6613 -077.0578 0
L1 08    532 +013.6358 +000.2147 -002.0265 -179.8407 +048.7370 -179.8396 0
L1 01    536 +016.0123 +000.2033 +001.3385 -089.5991 +001.3539 +001.8433 0
L1 02    536 +005.3114 +006.9060 +001.7021 -152.3501 -002.9661 -158.1292 0
L1 03    536 +016.0843 -000.5108 -000.8383 -094.0347 +003.5576 +092.2282 0
L1 04    536 +008.4147 +008.0440 +001.7801 -030.6053 -000.5557 +000.4787 0
L1 05    536 +014.2801 +010.1828 +002.0129 -104.5970 +000.9395 -000.2457 0
L1 06    536 +014.5832 +000.2981 -004.1584 +171.0670 +001.6009 +000.9517 0
L1 07    536 +013.3396 +000.4865 -003.3411 -093.4773 +010.6609 -077.0594 0
L1 08    536 +013.6358 +000.2145 -002.0266 -179.8419 +048.7371 -179.8389 0
L1 01    540 +016.0124 +000.2033 +001.3387 -089.5979 +001.3539 +001.8460 0
L1 02    540 +005.3114 +006.9061 +001.7021 -152.3495 -002.9658 -158.1298 0
L1 03    540 +016.0844 -000.5109 -000.8383 -094.0352 +003.5579 +092.2299 0
L1 04    540 +008.4147 +008.0441 +001.7802 -030.6051 -000.5555 +000.4791 0
L1 05    540 +014.2797 +010.1834 +002.0129 -104.5926 +000.9407 -000.2465 0
L1 06    540 +014.5833 +000.2981 -004.1585 +171.0664 +001.6016 +000.9505 0
L1 07    540 +013.3398 +000.4866 -003.3410 -093.4762 +010.6616 -077.0563 0
L1 08    540 +013.6359 +000.2149 -002.0267 -179.8419 +048.7431 -179.8456 0
L1 01    544 +016.0124 +000.2032 +001.3386 -089.5984 +001.3535 +001.8462 0
L1 02    544 +005.3114 +006.9061 +001.7021 -152.3495 -002.9656 -158.1304 0
L1 03    544 +016.0844 -000.5106 -000.8383 -094.0340 +003.5579 +092.2313 0
L1 04    544 +008.4147 +008.0441 +001.7802 -030.6050 -000.5556 +000.4792 0
L1 05    544 +014.2799 +010.1830 +002.0136 -104.5954 +000.9436 -000.2442 0
L1 06    544 +014.5834 +000.2983 -004.1586 +171.0673 +001.6031 +000.9504 0
L1 07    544 +013.3399 +000.4866 -003.3412 -093.4754 +010.6609 -077.0555 0
L1 08    544 +013.6360 +000.2147 -002.0268 -179.8468 +048.7457 -179.8503 0
