L1 01      4 +010.6930 +003.5114 +001.2866 -000.9453 +000.9168 +001.1131 0
L1 02      4 +006.4037 +008.7905 -004.7379 -167.1598 +041.2972 -155.5477 0
L1 03      4 +011.4347 +003.5095 -000.8915 -006.8932 +003.2431 +091.4734 0
L1 04      4 +008.5237 +008.0446 +001.7764 -029.7990 -000.6095 +000.3820 0
L1 05      4 +014.3775 +010.1442 +001.9864 -109.2961 +000.8752 -006.1752 0
L1 06      4 +010.5746 +002.0189 -004.1834 -101.1082 +000.9374 +001.4431 0
L1 07      4 +010.3563 +001.1078 -004.3656 -008.8315 -000.1325 +006.0556 0
L1 08      4 +010.2332 +000.2196 -004.3152 +072.3062 -002.5848 +004.7097 0
L1 01      8 +010.6931 +003.5113 +001.2866 -000.9459 +000.9173 +001.1132 0
L1 02      8 +006.3204 +008.7517 -004.5562 -167.5460 +039.8977 -154.8152 0
L1 03      8 +011.4347 +003.5096 -000.8915 -006.8926 +003.2431 +091.4740 0
L1 04      8 +008.5236 +008.0447 +001.7764 -029.8011 -000.6102 +000.3822 0
L1 05      8 +014.3795 +010.1436 +001.9863 -109.5632 +000.8942 -006.1834 0
L1 06      8 +010.5746 +002.0189 -004.1835 -101.1090 +000.9375 +001.4428 0
L1 07      8 +010.3564 +001.1079 -004.3657 -008.8315 -000.1323 +006.0560 0
L1 08      8 +010.2333 +000.2196 -004.3152 +072.3061 -002.5849 +004.7096 0
L1 01     12 +010.6931 +003.5114 +001.2866 -000.9452 +000.9167 +001.1132 0
L1 02     12 +006.2201 +008.6936 -004.3330 -167.7922 +038.3772 -153.7952 0
L1 03     12 +011.4347 +003.5096 -000.8915 -006.8916 +003.2430 +091.4745 0
L1 04     12 +008.5236 +008.0447 +001.7764 -029.8029 -000.6119 +000.3823 0
L1 05     12 +014.3802 +010.1453 +001.9861 -109.8215 +000.9007 -006.2250 0
L1 06     12 +010.5747 +002.0190 -004.1835 -101.1082 +000.9380 +001.4427 0
L1 07     12 +010.3564 +001.1078 -004.3657 -008.8314 -000.1333 +006.0559 0
L1 08     12 +010.2333 +000.2196 -004.3152 +072.3062 -002.5854 +004.7094 0
L1 01     16 +010.6931 +003.5113 +001.2866 -000.9453 +000.9168 +001.1139 0
L1 02     16 +006.1042 +008.6097 -004.0649 -167.7251 +036.6143 -152.5466 0
L1 03     16 +011.4347 +003.5096 -000.8915 -006.8921 +003.2429 +091.4744 0
L1 04     16 +008.5236 +008.0446 +001.7764 -029.8049 -000.6129 +000.3826 0
L1 05     16 +014.3825 +010.1462 +001.9848 -109.9225 +001.1346 -005.9379 0
L1 06     16 +010.5747 +002.0189 -004.1834 -101.1089 +000.9379 +001.4437 0
L1 07     16 +010.3565 +001.1078 -004.3656 -008.8318 -000.1345 +006.0563 0
L1 08     16 +010.2334 +000.2196 -004.3152 +072.3060 -002.5854 +004.7090 0
L1 01     20 +010.6931 +003.5113 +001.2866 -000.9449 +000.9151 +001.1134 0
L1 02     20 +005.9800 +008.4953 -003.7507 -167.1680 +034.3825 -151.2109 0
L1 03     20 +011.4347 +003.5095 -000.8915 -006.8925 +003.2424 +091.4741 0
L1 04     20 +008.5237 +008.0445 +001.7764 -029.8057 -000.6153 +000.3826 0
L1 05     20 +014.3831 +010.1455 +001.9847 -109.9341 +001.1348 -005.9428 0
L1 06     20 +010.5748 +002.0187 -004.1834 -101.1107 +000.9370 +001.4446 0
L1 07     20 +010.3565 +001.1078 -004.3657 -008.8315 -000.1341 +006.0556 0
L1 08     20 +010.2334 +000.2195 -004.3152 +072.3059 -002.5845 +004.7086 0
L1 01     24 +010.6930 +003.5113 +001.2866 -000.9435 +000.9158 +001.1135 0
L1 02     24 +005.8611 +008.3583 -003.4001 -166.1085 +031.7682 -149.3597 0
L1 03     24 +011.4347 +003.5095 -000.8915 -006.8915 +003.2425 +091.4740 0
L1 04     24 +008.5236 +008.0446 +001.7765 -029.8038 -000.6165 +000.3826 0
L1 05     24 +014.3823 +010.1464 +001.9851 -109.9126 +001.1153 -005.9858 0
L1 06     24 +010.5748 +002.0188 -004.1834 -101.1086 +000.9371 +001.4446 0
L1 07     24 +010.3566 +001.1078 -004.3656 -008.8303 -000.1345 +006.0560 0
L1 08     24 +010.2335 +000.2195 -004.3152 +072.3064 -002.5844 +004.7085 0
L1 01     28 +010.6930 +003.5113 +001.2866 -000.9434 +000.9159 +001.1142 0
L1 02     28 +005.7541 +008.2108 -003.0296 -164.6674 +028.9648 -145.9286 0
L1 03     28 +011.4347 +003.5095 -000.8915 -006.8908 +003.2422 +091.4745 0
L1 04     28 +008.5236 +008.0446 +001.7764 -029.8037 -000.6170 +000.3823 0
L1 05     28 +014.3823 +010.1463 +001.9855 -109.8990 +001.0901 -006.0408 0
L1 06     28 +010.5749 +002.0188 -004.1834 -101.1098 +000.9380 +001.4450 0
L1 07     28 +010.3566 +001.1078 -004.3657 -008.8301 -000.1347 +006.0564 0
L1 08     28 +010.2336 +000.2195 -004.3153 +072.3065 -002.5848 +004.7082 0
L1 01     32 +010.6930 +003.5113 +001.2866 -000.9431 +000.9155 +001.1145 0
L1 02     32 +005.6601 +008.0513 -002.6445 -163.0557 +026.2625 -142.2425 0
L1 03     32 +011.4348 +003.5096 -000.8915 -006.8904 +003.2421 +091.4753 0
L1 04     32 +008.5236 +008.0446 +001.7764 -029.8044 -000.6179 +000.3824 0
L1 05     32 +014.3826 +010.1457 +001.9855 -109.7815 +000.9764 -006.3238 0
L1 06     32 +010.5749 +002.0189 -004.1834 -101.1097 +000.9385 +001.4451 0
L1 07     32 +010.3567 +001.1078 -004.3657 -008.8306 -000.1352 +006.0573 0
L1 08     32 +010.2337 +000.2196 -004.3153 +072.3069 -002.5854 +004.7077 0
L1 01     36 +010.6930 +003.5113 +001.2866 -000.9425 +000.9156 +001.1149 0
L1 02     36 +005.5843 +007.8573 -002.2460 -161.1622 +023.8585 -139.6974 0
L1 03     36 +011.4347 +003.5097 -000.8915 -006.8881 +003.2419 +091.4760 0
L1 04     36 +008.5236 +008.0446 +001.7764 -029.8036 -000.6197 +000.3818 0
L1 05     36 +014.3824 +010.1460 +001.9854 -109.7718 +000.9890 -006.3167 0
L1 06     36 +010.5749 +002.0190 -004.1835 -101.1088 +000.9395 +001.4449 0
L1 07     36 +010.3568 +001.1079 -004.3657 -008.8300 -000.1358 +006.0579 0
L1 08     36 +010.2338 +000.2197 -004.3153 +072.3083 -002.5864 +004.7079 0
L1 01     40 +010.6930 +003.5113 +001.2866 -000.9426 +000.9156 +001.1152 0
L1 02     40 +005.5275 +007.6283 -001.8418 -158.6352 +021.2957 -136.5316 0
L1 03     40 +011.4347 +003.5097 -000.8914 -006.8881 +003.2421 +091.4762 0
L1 04     40 +008.5236 +008.0446 +001.7764 -029.8029 -000.6212 +000.3820 0
L1 05     40 +014.3826 +010.1456 +001.9857 -109.7028 +000.8554 -006.4719 0
L1 06     40 +010.5749 +002.0190 -004.1835 -101.1087 +000.9390 +001.4446 0
L1 07     40 +010.3568 +001.1081 -004.3657 -008.8293 -000.1353 +006.0584 0
L1 08     40 +010.2338 +000.2197 -004.3153 +072.3083 -002.5863 +004.7079 0
L1 01     44 +010.6930 +003.5113 +001.2866 -000.9415 +000.9155 +001.1152 0
L1 02     44 +005.4891 +007.3825 -001.4369 -155.4061 +018.1965 -132.9108 0
L1 03     44 +011.4347 +003.5097 -000.8913 -006.8875 +003.2419 +091.4762 0
L1 04     44 +008.5236 +008.0446 +001.7764 -029.8020 -000.6225 +000.3814 0
L1 05     44 +014.3826 +010.1457 +001.9852 -109.6897 +000.8355 -006.5566 0
L1 06     44 +010.5749 +002.0191 -004.1835 -101.1073 +000.9393 +001.4439 0
L1 07     44 +010.3568 +001.1079 -004.3656 -008.8289 -000.1360 +006.0579 0
L1 08     44 +010.2338 +000.2196 -004.3152 +072.3089 -002.5859 +004.7081 0
L1 01     48 +010.6930 +003.5113 +001.2866 -000.9406 +000.9158 +001.1152 0
L1 02     48 +005.4705 +007.1443 -001.0417 -152.0648 +014.9940 -130.2999 0
L1 03     48 +011.4347 +003.5097 -000.8914 -006.8870 +003.2432 +091.4756 0
L1 04     48 +008.5235 +008.0447 +001.7763 -029.7997 -000.6230 +000.3812 0
L1 05     48 +014.3821 +010.1464 +001.9848 -109.6439 +000.8301 -006.6342 0
L1 06     48 +010.5749 +002.0191 -004.1834 -101.1068 +000.9399 +001.4441 0
L1 07     48 +010.3567 +001.1079 -004.3657 -008.8286 -000.1347 +006.0577 0
L1 08     48 +010.2337 +000.2196 -004.3152 +072.3088 -002.5856 +004.7089 0
L1 01     52 +010.6930 +003.5113 +001.2866 -000.9404 +000.9159 +001.1150 0
L1 02     52 +005.4700 +006.9373 -000.6723 -149.0706 +011.9743 -128.0606 0
L1 03     52 +011.4347 +003.5097 -000.8914 -006.8868 +003.2431 +091.4752 0
L1 04     52 +008.5236 +008.0447 +001.7763 -029.7998 -000.6220 +000.3807 0
L1 05     52 +014.3823 +010.1464 +001.9849 -109.6481 +000.8307 -006.5886 0
L1 06     52 +010.5749 +002.0190 -004.1834 -101.1079 +000.9388 +001.4447 0
L1 07     52 +010.3567 +001.1079 -004.3657 -008.8281 -000.1350 +006.0572 0
L1 08     52 +010.2338 +000.2196 -004.3152 +072.3088 -002.5850 +004.7084 0
L1 01     56 +010.6929 +003.5114 +001.2867 -000.9396 +000.9149 +001.1149 0
L1 02     56 +005.4801 +006.7697 -000.3362 -146.7033 +009.1570 -125.5779 0
L1 03     56 +011.4347 +003.5096 -000.8914 -006.8868 +003.2418 +091.4753 0
L1 04     56 +008.5235 +008.0447 +001.7762 -029.7987 -000.6235 +000.3804 0
L1 05     56 +014.3820 +010.1468 +001.9848 -109.6361 +000.8315 -006.6225 0
L1 06     56 +010.5750 +002.0190 -004.1834 -101.1083 +000.9397 +001.4460 0
L1 07     56 +010.3569 +001.1077 -004.3657 -008.8283 -000.1360 +006.0571 0
L1 08     56 +010.2339 +000.2196 -004.3152 +072.3096 -002.5853 +004.7068 0
L1 01     60 +010.6929 +003.5114 +001.2867 -000.9397 +000.9156 +001.1152 0
L1 02     60 +005.4960 +006.6370 -000.0279 -144.6688 +006.5645 -122.4018 0
L1 03     60 +011.4347 +003.5097 -000.8914 -006.8860 +003.2422 +091.4761 0
L1 04     60 +008.5235 +008.0447 +001.7762 -029.7990 -000.6220 +000.3805 0
L1 05     60 +014.3820 +010.1469 +001.9852 -109.6156 +000.8325 -006.6388 0
L1 06     60 +010.5750 +002.0191 -004.1835 -101.1085 +000.9400 +001.4454 0
L1 07     60 +010.3569 +001.1079 -004.3657 -008.8282 -000.1355 +006.0576 0
L1 08     60 +010.2339 +000.2198 -004.3153 +072.3103 -002.5864 +004.7076 0
L1 01     64 +010.6929 +003.5114 +001.2867 -000.9401 +000.9168 +001.1157 0
L1 02     64 +005.5236 +006.5294 +000.2751 -142.7267 +003.8533 -119.6032 0
L1 03     64 +011.4346 +003.5098 -000.8913 -006.8846 +003.2445 +091.4774 0
L1 04     64 +008.5221 +008.0449 +001.7763 -030.0148 -000.6877 +000.4027 0
L1 05     64 +014.3807 +010.1470 +001.9871 -109.4413 +000.8308 -006.3441 0
L1 06     64 +010.5748 +002.0192 -004.1834 -101.1080 +000.9409 +001.4436 0
L1 07     64 +010.3567 +001.1081 -004.3657 -008.8263 -000.1332 +006.0592 0
L1 08     64 +010.2337 +000.2198 -004.3153 +072.3126 -002.5871 +004.7094 0
L1 01     68 +010.6929 +003.5114 +001.2867 -000.9412 +000.9213 +001.1166 0
L1 02     68 +005.5467 +006.4582 +000.5769 -141.6613 +000.7356 -117.8165 0
L1 03     68 +011.4346 +003.5098 -000.8914 -006.8846 +003.2459 +091.4772 0
L1 04     68 +008.5092 +008.0503 +001.7762 -029.9119 -000.6693 +000.3975 0
L1 05     68 +014.3802 +010.1481 +001.9878 -109.4009 +000.8145 -006.0468 0
L1 06     68 +010.5748 +002.0192 -004.1833 -101.1081 +000.9407 +001.4434 0
L1 07     68 +010.3567 +001.1080 -004.3657 -008.8279 -000.1324 +006.0595 0
L1 08     68 +010.2337 +000.2198 -004.3152 +072.3117 -002.5874 +004.7102 0
L1 01     72 +010.6929 +003.5114 +001.2867 -000.9405 +000.9219 +001.1164 0
L1 02     72 +005.5543 +006.4318 +000.8539 -141.4982 -002.2626 -116.7192 0
L1 03     72 +011.4345 +003.5098 -000.8914 -006.8836 +003.2462 +091.4767 0
L1 04     72 +008.5003 +008.0498 +001.7764 -029.8376 -000.6390 +000.3913 0
L1 05     72 +014.3802 +010.1481 +001.9874 -109.4195 +000.8118 -005.9754 0
L1 06     72 +010.5747 +002.0192 -004.1834 -101.1066 +000.9403 +001.4428 0
L1 07     72 +010.3566 +001.1080 -004.3657 -008.8270 -000.1326 +006.0585 0
L1 08     72 +010.2336 +000.2198 -004.3152 +072.3114 -002.5863 +004.7105 0
L1 01     76 +010.6929 +003.5113 +001.2867 -000.9408 +000.9208 +001.1164 0
L1 02     76 +005.5502 +006.4280 +001.0914 -141.7364 -004.6661 -116.3472 0
L1 03     76 +011.4346 +003.5097 -000.8914 -006.8847 +003.2451 +091.4768 0
L1 04     76 +008.4981 +008.0495 +001.7763 -029.9141 -000.6843 +000.4022 0
L1 05     76 +014.3806 +010.1482 +001.9883 -109.3674 +000.8080 -005.7401 0
L1 06     76 +010.5747 +002.0192 -004.1834 -101.1077 +000.9405 +001.4434 0
L1 07     76 +010.3567 +001.1079 -004.3656 -008.8280 -000.1340 +006.0585 0
L1 08     76 +010.2337 +000.2197 -004.3152 +072.3126 -002.5877 +004.7090 0
L1 01     80 +010.6929 +003.5113 +001.2867 -000.9412 +000.9218 +001.1172 0
L1 02     80 +005.5434 +006.4280 +001.2901 -141.9075 -006.9385 -115.2696 0
L1 03     80 +011.4346 +003.5098 -000.8914 -006.8841 +003.2443 +091.4781 0
L1 04     80 +008.4842 +008.0421 +001.7755 -029.9122 +000.2922 +000.4313 0
L1 05     80 +014.3807 +010.1481 +001.9896 -109.3932 +000.8073 -005.6159 0
L1 06     80 +010.5748 +002.0193 -004.1834 -101.1092 +000.9420 +001.4437 0
L1 07     80 +010.3568 +001.1081 -004.3657 -008.8274 -000.1345 +006.0604 0
L1 08     80 +010.2339 +000.2199 -004.3154 +072.3126 -002.5884 +004.7088 0
L1 01     84 +010.6928 +003.5114 +001.2866 -000.9403 +000.9229 +001.1175 0
L1 02     84 +005.5458 +006.4316 +001.4691 -141.9084 -009.7679 -114.0413 0
L1 03     84 +011.4345 +003.5099 -000.8914 -006.8833 +003.2451 +091.4790 0
L1 04     84 +008.4704 +008.0343 +001.7749 -029.9282 +000.4148 +000.4378 0
L1 05     84 +014.3773 +010.1490 +001.9902 -109.5259 +000.7994 -005.2998 0
L1 06     84 +010.5747 +002.0194 -004.1835 -101.1091 +000.9424 +001.4423 0
L1 07     84 +010.3567 +001.1082 -004.3657 -008.8277 -000.1338 +006.0609 0
L1 08     84 +010.2338 +000.2200 -004.3154 +072.3130 -002.5888 +004.7098 0
L1 01     88 +010.6928 +003.5114 +001.2867 -000.9400 +000.9232 +001.1174 0
L1 02     88 +005.5531 +006.4439 +001.6052 -141.9180 -012.2790 -113.0178 0
L1 03     88 +011.4345 +003.5098 -000.8915 -006.8837 +003.2463 +091.4780 0
L1 04     88 +008.4613 +008.0331 +001.7746 -030.0223 +000.4623 +000.4584 0
L1 05     88 +014.3757 +010.1508 +001.9903 -109.4834 +000.7976 -005.2447 0
L1 06     88 +010.5747 +002.0193 -004.1835 -101.1086 +000.9413 +001.4420 0
L1 07     88 +010.3567 +001.1081 -004.3657 -008.8274 -000.1331 +006.0604 0
L1 08     88 +010.2337 +000.2199 -004.3153 +072.3138 -002.5882 +004.7101 0
L1 01     92 +010.6928 +003.5113 +001.2867 -000.9403 +000.9241 +001.1165 0
L1 02     92 +005.5403 +006.4323 +001.5557 -141.8613 -011.4732 -113.0295 0
L1 03     92 +011.4344 +003.5098 -000.8914 -006.8834 +003.2468 +091.4769 0
L1 04     92 +008.4447 +008.0370 +001.7747 -029.9868 +000.4725 +000.4652 0
L1 05     92 +014.3764 +010.1499 +001.9903 -109.4827 +000.7965 -005.2325 0
L1 06     92 +010.5746 +002.0191 -004.1834 -101.1088 +000.9399 +001.4426 0
L1 07     92 +010.3565 +001.1080 -004.3657 -008.8262 -000.1324 +006.0581 0
L1 08     92 +010.2335 +000.2198 -004.3153 +072.3140 -002.5859 +004.7107 0
L1 01     96 +010.6928 +003.5113 +001.2866 -000.9468 +000.9295 +001.1173 0
L1 02     96 +005.5248 +006.4198 +001.4983 -141.6523 -010.5874 -112.8693 0
L1 03     96 +011.4344 +003.5098 -000.8915 -006.8830 +003.2479 +091.4769 0
L1 04     96 +008.4211 +008.0433 +001.7742 -029.9809 +000.4571 +000.4504 0
L1 05     96 +014.3765 +010.1495 +001.9906 -109.4937 +000.7974 -005.2181 0
L1 06     96 +010.5745 +002.0193 -004.1833 -101.1085 +000.9409 +001.4425 0
L1 07     96 +010.3565 +001.1081 -004.3658 -008.8269 -000.1315 +006.0591 0
L1 08     96 +010.2335 +000.2198 -004.3154 +072.3135 -002.5864 +004.7119 0
L1 01    100 +010.6928 +003.5113 +001.2866 -000.9514 +000.9302 +001.1191 0
L1 02    100 +005.5199 +006.4099 +001.4603 -141.2579 -009.8234 -112.3171 0
L1 03    100 +011.4345 +003.5098 -000.8915 -006.8835 +003.2472 +091.4775 0
L1 04    100 +008.4086 +008.0463 +001.7744 -029.9776 +000.3302 +000.4228 0
L1 05    100 +014.3764 +010.1495 +001.9908 -109.4913 +000.8005 -005.1987 0
L1 06    100 +010.5746 +002.0192 -004.1835 -101.1114 +000.9408 +001.4414 0
L1 07    100 +010.3566 +001.1080 -004.3657 -008.8284 -000.1327 +006.0592 0
L1 08    100 +010.2336 +000.2199 -004.3154 +072.3135 -002.5873 +004.7111 0
L1 01    104 +010.6928 +003.5114 +001.2867 -000.9512 +000.9293 +001.1196 0
L1 02    104 +005.5221 +006.4000 +001.4550 -140.9348 -009.2499 -112.1992 0
L1 03    104 +011.4345 +003.5098 -000.8914 -006.8837 +003.2469 +091.4784 0
L1 04    104 +008.4123 +008.0438 +001.7755 -030.1047 -000.7040 +000.4133 0
L1 05    104 +014.3771 +010.1495 +001.9911 -109.3595 +000.7996 -005.2273 0
L1 06    104 +010.5747 +002.0192 -004.1834 -101.1124 +000.9421 +001.4429 0
L1 07    104 +010.3567 +001.1082 -004.3658 -008.8284 -000.1332 +006.0603 0
L1 08    104 +010.2337 +000.2200 -004.3155 +072.3136 -002.5903 +004.7102 0
L1 01    108 +010.6928 +003.5114 +001.2867 -000.9524 +000.9324 +001.1199 0
L1 02    108 +005.5223 +006.3949 +001.4912 -140.8309 -009.3683 -111.8265 0
L1 03    108 +011.4345 +003.5098 -000.8914 -006.8835 +003.2479 +091.4790 0
L1 04    108 +008.4116 +008.0439 +001.7757 -030.1261 -000.5976 +000.3820 0
L1 05    108 +014.3777 +010.1498 +001.9906 -109.3028 +000.7924 -005.2175 0
L1 06    108 +010.5746 +002.0193 -004.1834 -101.1119 +000.9431 +001.4420 0
L1 07    108 +010.3565 +001.1083 -004.3658 -008.8291 -000.1319 +006.0609 0
L1 08    108 +010.2336 +000.2201 -004.3155 +072.3114 -002.5908 +004.7118 0
L1 01    112 +010.6928 +003.5113 +001.2867 -000.9527 +000.9331 +001.1184 0
L1 02    112 +005.5314 +006.3962 +001.5885 -140.7840 -010.0562 -111.0661 0
L1 03    112 +011.4344 +003.5099 -000.8914 -006.8827 +003.2486 +091.4783 0
L1 04    112 +008.4117 +008.0438 +001.7759 -030.1396 -000.6249 +000.3833 0
L1 05    112 +014.3781 +010.1497 +001.9912 -109.3054 +000.7961 -005.1492 0
L1 06    112 +010.5746 +002.0193 -004.1834 -101.1111 +000.9424 +001.4412 0
L1 07    112 +010.3565 +001.1082 -004.3657 -008.8288 -000.1315 +006.0606 0
L1 08    112 +010.2335 +000.2200 -004.3154 +072.3115 -002.5891 +004.7125 0
L1 01    116 +010.6928 +003.5114 +001.2866 -000.9523 +000.9340 +001.1183 0
L1 02    116 +005.5273 +006.3738 +001.5652 -140.7878 -008.4305 -112.2079 0
L1 03    116 +011.4344 +003.5099 -000.8915 -006.8826 +003.2496 +091.4777 0
L1 04    116 +008.4115 +008.0438 +001.7758 -030.1529 -000.6185 +000.3808 0
L1 05    116 +014.3783 +010.1498 +001.9909 -109.2764 +000.7900 -005.1060 0
L1 06    116 +010.5745 +002.0192 -004.1834 -101.1112 +000.9412 +001.4410 0
L1 07    116 +010.3565 +001.1081 -004.3657 -008.8281 -000.1314 +006.0596 0
L1 08    116 +010.2335 +000.2199 -004.3154 +072.3124 -002.5883 +004.7119 0
L1 01    120 +010.6928 +003.5113 +001.2866 -000.9525 +000.9342 +001.1187 0
L1 02    120 +005.5284 +006.3603 +001.5963 -140.6568 -008.4633 -113.6468 0
L1 03    120 +011.4344 +003.5098 -000.8915 -006.8827 +003.2491 +091.4775 0
L1 04    120 +008.4115 +008.0437 +001.7758 -030.1558 -000.6093 +000.3799 0
L1 05    120 +014.3781 +010.1496 +001.9913 -109.3637 +000.7930 -005.0460 0
L1 06    120 +010.5745 +002.0192 -004.1835 -101.1125 +000.9410 +001.4410 0
L1 07    120 +010.3565 +001.1082 -004.3657 -008.8277 -000.1319 +006.0596 0
L1 08    120 +010.2335 +000.2199 -004.3154 +072.3129 -002.5876 +004.7117 0
L1 01    124 +010.6927 +003.5114 +001.2866 -000.9516 +000.9345 +001.1193 0
L1 02    124 +005.5273 +006.3597 +001.6077 -140.7341 -008.4681 -115.1728 0
L1 03    124 +011.4344 +003.5099 -000.8915 -006.8819 +003.2489 +091.4787 0
L1 04    124 +008.4115 +008.0435 +001.7759 -030.1577 -000.6107 +000.3815 0
L1 05    124 +014.3780 +010.1496 +001.9915 -109.3667 +000.7907 -004.9695 0
L1 06    124 +010.5745 +002.0195 -004.1836 -101.1122 +000.9425 +001.4402 0
L1 07    124 +010.3566 +001.1083 -004.3657 -008.8273 -000.1321 +006.0617 0
L1 08    124 +010.2336 +000.2201 -004.3155 +072.3138 -002.5891 +004.7122 0
L1 01    128 +010.6927 +003.5115 +001.2866 -000.9511 +000.9347 +001.1195 0
L1 02    128 +005.5209 +006.3721 +001.6124 -141.0671 -008.5180 -115.4704 0
L1 03    128 +011.4344 +003.5100 -000.8915 -006.8812 +003.2486 +091.4792 0
L1 04    128 +008.4115 +008.0435 +001.7759 -030.1591 -000.6119 +000.3825 0
L1 05    128 +014.3780 +010.1499 +001.9917 -109.2931 +000.7925 -004.9964 0
L1 06    128 +010.5745 +002.0195 -004.1836 -101.1118 +000.9430 +001.4405 0
L1 07    128 +010.3566 +001.1083 -004.3658 -008.8273 -000.1320 +006.0617 0
L1 08    128 +010.2336 +000.2201 -004.3155 +072.3148 -002.5894 +004.7120 0
L1 01    132 +010.6927 +003.5114 +001.2866 -000.9517 +000.9343 +001.1187 0
L1 02    132 +005.5130 +006.3870 +001.6124 -141.3646 -008.5614 -115.1850 0
L1 03    132 +011.4345 +003.5099 -000.8914 -006.8822 +003.2474 +091.4782 0
L1 04    132 +008.4116 +008.0433 +001.7759 -030.1620 -000.6169 +000.3836 0
L1 05    132 +014.3790 +010.1489 +001.9914 -109.2590 +000.7947 -005.0742 0
L1 06    132 +010.5746 +002.0194 -004.1835 -101.1117 +000.9426 +001.4419 0
L1 07    132 +010.3567 +001.1082 -004.3657 -008.8279 -000.1327 +006.0610 0
L1 08    132 +010.2337 +000.2200 -004.3154 +072.3144 -002.5884 +004.7106 0
L1 01    136 +010.6928 +003.5114 +001.2866 -000.9520 +000.9346 +001.1184 0
L1 02    136 +005.5109 +006.3933 +001.6117 -141.5283 -008.5740 -115.0229 0
L1 03    136 +011.4345 +003.5099 -000.8915 -006.8824 +003.2485 +091.4781 0
L1 04    136 +008.4117 +008.0433 +001.7759 -030.1622 -000.6183 +000.3829 0
L1 05    136 +014.3783 +010.1497 +001.9914 -109.2382 +000.7974 -005.1289 0
L1 06    136 +010.5746 +002.0193 -004.1834 -101.1141 +000.9425 +001.4419 0
L1 07    136 +010.3566 +001.1081 -004.3657 -008.8290 -000.1325 +006.0607 0
L1 08    136 +010.2336 +000.2200 -004.3154 +072.3139 -002.5887 +004.7111 0
L1 01    140 +010.6928 +003.5113 +001.2866 -000.9532 +000.9364 +001.1185 0
L1 02    140 +005.5114 +006.3934 +001.6111 -141.6299 -008.5729 -114.8875 0
L1 03    140 +011.4344 +003.5098 -000.8915 -006.8829 +003.2499 +091.4779 0
L1 04    140 +008.4117 +008.0433 +001.7759 -030.1623 -000.6173 +000.3820 0
L1 05    140 +014.3780 +010.1501 +001.9907 -109.2255 +000.7915 -005.1613 0
L1 06    140 +010.5745 +002.0194 -004.1834 -101.1144 +000.9421 +001.4409 0
L1 07    140 +010.3565 +001.1082 -004.3657 -008.8296 -000.1315 +006.0606 0
L1 08    140 +010.2335 +000.2200 -004.3154 +072.3124 -002.5881 +004.7122 0
L1 01    144 +010.6928 +003.5113 +001.2866 -000.9545 +000.9367 +001.1185 0
L1 02    144 +005.5111 +006.3939 +001.6126 -141.7578 -008.5400 -115.1292 0
L1 03    144 +011.4344 +003.5098 -000.8915 -006.8829 +003.2505 +091.4778 0
L1 04    144 +008.4117 +008.0433 +001.7759 -030.1619 -000.6167 +000.3818 0
L1 05    144 +014.3786 +010.1493 +001.9904 -109.2309 +000.7910 -005.1609 0
L1 06    144 +010.5745 +002.0193 -004.1835 -101.1156 +000.9419 +001.4405 0
L1 07    144 +010.3565 +001.1081 -004.3657 -008.8300 -000.1314 +006.0607 0
L1 08    144 +010.2335 +000.2200 -004.3155 +072.3120 -002.5883 +004.7126 0
L1 01    148 +010.6928 +003.5113 +001.2866 -000.9542 +000.9368 +001.1186 0
L1 02    148 +005.5078 +006.4006 +001.6191 -141.9155 -008.4577 -116.3590 0
L1 03    148 +011.4344 +003.5098 -000.8915 -006.8831 +003.2502 +091.4782 0
L1 04    148 +008.4117 +008.0432 +001.7759 -030.1620 -000.6166 +000.3820 0
L1 05    148 +014.3786 +010.1493 +001.9908 -109.2238 +000.7966 -005.1599 0
L1 06    148 +010.5745 +002.0194 -004.1835 -101.1144 +000.9421 +001.4409 0
L1 07    148 +010.3565 +001.1082 -004.3657 -008.8301 -000.1318 +006.0608 0
L1 08    148 +010.2335 +000.2200 -004.3155 +072.3119 -002.5886 +004.7120 0
L1 01    152 +010.6928 +003.5113 +001.2866 -000.9551 +000.9369 +001.1182 0
L1 02    152 +005.5035 +006.4127 +001.6301 -142.0838 -008.3481 -118.4012 0
L1 03    152 +011.4344 +003.5098 -000.8915 -006.8832 +003.2500 +091.4781 0
L1 04    152 +008.4117 +008.0431 +001.7759 -030.1627 -000.6174 +000.3825 0
L1 05    152 +014.3787 +010.1491 +001.9915 -109.2194 +000.8035 -005.1894 0
L1 06    152 +010.5745 +002.0194 -004.1835 -101.1151 +000.9414 +001.4417 0
L1 07    152 +010.3566 +001.1082 -004.3657 -008.8301 -000.1320 +006.0602 0
L1 08    152 +010.2336 +000.2199 -004.3155 +072.3121 -002.5878 +004.7118 0
L1 01    156 +010.6928 +003.5113 +001.2866 -000.9549 +000.9369 +001.1185 0
L1 02    156 +005.4975 +006.4302 +001.6437 -142.3526 -008.2334 -120.8028 0
L1 03    156 +011.4345 +003.5098 -000.8915 -006.8835 +003.2495 +091.4783 0
L1 04    156 +008.4117 +008.0432 +001.7759 -030.1628 -000.6187 +000.3834 0
L1 05    156 +014.3787 +010.1492 +001.9907 -109.2081 +000.7984 -005.2609 0
L1 06    156 +010.5746 +002.0193 -004.1835 -101.1164 +000.9411 +001.4415 0
L1 07    156 +010.3566 +001.1082 -004.3657 -008.8302 -000.1324 +006.0604 0
L1 08    156 +010.2336 +000.2200 -004.3154 +072.3127 -002.5878 +004.7115 0
L1 01    160 +010.6928 +003.5113 +001.2866 -000.9548 +000.9370 +001.1184 0
L1 02    160 +005.4917 +006.4503 +001.6595 -142.7813 -008.1114 -123.4615 0
L1 03    160 +011.4345 +003.5098 -000.8915 -006.8834 +003.2496 +091.4782 0
L1 04    160 +008.4118 +008.0432 +001.7759 -030.1616 -000.6210 +000.3829 0
L1 05    160 +014.3784 +010.1494 +001.9903 -109.1976 +000.7947 -005.3268 0
L1 06    160 +010.5746 +002.0193 -004.1836 -101.1169 +000.9412 +001.4410 0
L1 07    160 +010.3566 +001.1081 -004.3657 -008.8307 -000.1319 +006.0603 0
L1 08    160 +010.2336 +000.2200 -004.3154 +072.3131 -002.5879 +004.7114 0
L1 01    164 +010.6927 +003.5113 +001.2866 -000.9544 +000.9377 +001.1182 0
L1 02    164 +005.4824 +006.4706 +001.6601 -143.2462 -008.0001 -124.3718 0
L1 03    164 +011.4344 +003.5098 -000.8915 -006.8824 +003.2503 +091.4779 0
L1 04    164 +008.4117 +008.0432 +001.7759 -030.1600 -000.6212 +000.3821 0
L1 05    164 +014.3783 +010.1496 +001.9903 -109.1924 +000.8017 -005.3854 0
L1 06    164 +010.5746 +002.0193 -004.1835 -101.1170 +000.9417 +001.4416 0
L1 07    164 +010.3566 +001.1081 -004.3658 -008.8302 -000.1315 +006.0600 0
L1 08    164 +010.2336 +000.2199 -004.3154 +072.3127 -002.5876 +004.7117 0
L1 01    168 +010.6928 +003.5113 +001.2866 -000.9551 +000.9379 +001.1181 0
L1 02    168 +005.4778 +006.4808 +001.6601 -143.5230 -007.8946 -124.9446 0
L1 03    168 +011.4344 +003.5098 -000.8915 -006.8826 +003.2501 +091.4781 0
L1 04    168 +008.4117 +008.0432 +001.7759 -030.1590 -000.6225 +000.3819 0
L1 05    168 +014.3782 +010.1497 +001.9903 -109.1965 +000.8057 -005.4570 0
L1 06    168 +010.5746 +002.0193 -004.1834 -101.1177 +000.9421 +001.4420 0
L1 07    168 +010.3566 +001.1082 -004.3657 -008.8303 -000.1318 +006.0606 0
L1 08    168 +010.2336 +000.2200 -004.3154 +072.3125 -002.5881 +004.7117 0
L1 01    172 +010.6928 +003.5113 +001.2866 -000.9551 +000.9387 +001.1178 0
L1 02    172 +005.4765 +006.4822 +001.6600 -143.6269 -007.8670 -125.1059 0
L1 03    172 +011.4344 +003.5099 -000.8915 -006.8814 +003.2504 +091.4781 0
L1 04    172 +008.4117 +008.0432 +001.7759 -030.1574 -000.6222 +000.3806 0
L1 05    172 +014.3781 +010.1498 +001.9892 -109.2109 +000.7991 -005.5585 0
L1 06    172 +010.5746 +002.0193 -004.1835 -101.1177 +000.9421 +001.4415 0
L1 07    172 +010.3566 +001.1083 -004.3657 -008.8294 -000.1315 +006.0609 0
L1 08    172 +010.2336 +000.2200 -004.3154 +072.3124 -002.5880 +004.7121 0
L1 01    176 +010.6927 +003.5114 +001.2866 -000.9543 +000.9384 +001.1177 0
L1 02    176 +005.4764 +006.4820 +001.6600 -143.6944 -007.8713 -125.0845 0
L1 03    176 +011.4344 +003.5099 -000.8915 -006.8807 +003.2506 +091.4779 0
L1 04    176 +008.4116 +008.0433 +001.7759 -030.1562 -000.6222 +000.3807 0
L1 05    176 +014.3781 +010.1501 +001.9894 -109.2269 +000.8111 -005.6639 0
L1 06    176 +010.5746 +002.0192 -004.1835 -101.1181 +000.9421 +001.4412 0
L1 07    176 +010.3566 +001.1082 -004.3657 -008.8299 -000.1322 +006.0610 0
L1 08    176 +010.2336 +000.2200 -004.3154 +072.3130 -002.5881 +004.7120 0
L1 01    180 +010.6928 +003.5113 +001.2866 -000.9553 +000.9392 +001.1179 0
L1 02    180 +005.4756 +006.4816 +001.6601 -143.8001 -007.8972 -124.9250 0
L1 03    180 +011.4344 +003.5099 -000.8915 -006.8814 +003.2509 +091.4780 0
L1 04    180 +008.4117 +008.0432 +001.7758 -030.1568 -000.6215 +000.3797 0
L1 05    180 +014.3783 +010.1497 +001.9892 -109.2582 +000.8143 -005.7702 0
L1 06    180 +010.5746 +002.0194 -004.1835 -101.1174 +000.9418 +001.4414 0
L1 07    180 +010.3567 +001.1082 -004.3657 -008.8305 -000.1327 +006.0606 0
L1 08    180 +010.2336 +000.2199 -004.3155 +072.3127 -002.5877 +004.7123 0
L1 01    184 +010.6928 +003.5113 +001.2866 -000.9555 +000.9395 +001.1181 0
L1 02    184 +005.4737 +006.4809 +001.6603 -144.0217 -007.9670 -124.4998 0
L1 03    184 +011.4344 +003.5099 -000.8915 -006.8818 +003.2510 +091.4778 0
L1 04    184 +008.4118 +008.0431 +001.7758 -030.1573 -000.6215 +000.3794 0
L1 05    184 +014.3779 +010.1500 +001.9883 -109.2722 +000.8079 -005.8512 0
L1 06    184 +010.5746 +002.0194 -004.1834 -101.1179 +000.9421 +001.4421 0
L1 07    184 +010.3566 +001.1082 -004.3656 -008.8303 -000.1326 +006.0608 0
L1 08    184 +010.2336 +000.2199 -004.3154 +072.3120 -002.5865 +004.7123 0
L1 01    188 +010.6928 +003.5112 +001.2866 -000.9559 +000.9392 +001.1181 0
L1 02    188 +005.4707 +006.4833 +001.6607 -144.4460 -008.0620 -123.8626 0
L1 03    188 +011.4344 +003.5097 -000.8914 -006.8838 +003.2503 +091.4775 0
L1 04    188 +008.4118 +008.0431 +001.7758 -030.1573 -000.6226 +000.3797 0
L1 05    188 +014.3782 +010.1495 +001.9879 -109.2794 +000.8114 -005.8819 0
L1 06    188 +010.5746 +002.0193 -004.1834 -101.1187 +000.9415 +001.4416 0
L1 07    188 +010.3566 +001.1081 -004.3657 -008.8315 -000.1319 +006.0597 0
L1 08    188 +010.2336 +000.2199 -004.3154 +072.3114 -002.5860 +004.7117 0
L1 01    192 +010.6928 +003.5112 +001.2866 -000.9561 +000.9392 +001.1180 0
L1 02    192 +005.4664 +006.4899 +001.6609 -144.9594 -008.0418 -123.8512 0
L1 03    192 +011.4344 +003.5098 -000.8914 -006.8826 +003.2507 +091.4774 0
L1 04    192 +008.4117 +008.0431 +001.7758 -030.1564 -000.6252 +000.3799 0
L1 05    192 +014.3778 +010.1498 +001.9885 -109.2722 +000.8146 -005.8895 0
L1 06    192 +010.5746 +002.0193 -004.1834 -101.1195 +000.9414 +001.4415 0
L1 07    192 +010.3566 +001.1080 -004.3657 -008.8325 -000.1319 +006.0596 0
L1 08    192 +010.2336 +000.2199 -004.3154 +072.3115 -002.5861 +004.7119 0
L1 01    196 +010.6928 +003.5112 +001.2866 -000.9571 +000.9391 +001.1178 0
L1 02    196 +005.4595 +006.5021 +001.6610 -145.4183 -008.0321 -123.8399 0
L1 03    196 +011.4344 +003.5097 -000.8914 -006.8839 +003.2506 +091.4768 0
L1 04    196 +008.4118 +008.0431 +001.7758 -030.1571 -000.6254 +000.3794 0
L1 05    196 +014.3779 +010.1497 +001.9882 -109.2764 +000.8131 -005.9076 0
L1 06    196 +010.5746 +002.0191 -004.1834 -101.1223 +000.9411 +001.4420 0
L1 07    196 +010.3566 +001.1080 -004.3657 -008.8324 -000.1315 +006.0590 0
L1 08    196 +010.2336 +000.2198 -004.3154 +072.3106 -002.5851 +004.7118 0
L1 01    200 +010.6928 +003.5112 +001.2866 -000.9577 +000.9386 +001.1183 0
L1 02    200 +005.4518 +006.5178 +001.6608 -145.7515 -007.9488 -124.2855 0
L1 03    200 +011.4345 +003.5096 -000.8915 -006.8845 +003.2505 +091.4768 0
L1 04    200 +008.4118 +008.0431 +001.7757 -030.1570 -000.6243 +000.3789 0
L1 05    200 +014.3783 +010.1492 +001.9879 -109.2827 +000.8126 -005.9195 0
L1 06    200 +010.5747 +002.0192 -004.1833 -101.1213 +000.9411 +001.4432 0
L1 07    200 +010.3566 +001.1080 -004.3657 -008.8326 -000.1324 +006.0588 0
L1 08    200 +010.2337 +000.2197 -004.3154 +072.3094 -002.5850 +004.7110 0
L1 01    204 +010.6928 +003.5112 +001.2865 -000.9581 +000.9378 +001.1176 0
L1 02    204 +005.4444 +006.5340 +001.6603 -146.0000 -007.6679 -125.9279 0
L1 03    204 +011.4345 +003.5097 -000.8915 -006.8844 +003.2498 +091.4763 0
L1 04    204 +008.4117 +008.0431 +001.7757 -030.1568 -000.6241 +000.3788 0
L1 05    204 +014.3782 +010.1495 +001.9874 -109.2785 +000.8084 -005.9317 0
L1 06    204 +010.5747 +002.0191 -004.1834 -101.1222 +000.9406 +001.4437 0
L1 07    204 +010.3567 +001.1080 -004.3657 -008.8327 -000.1330 +006.0589 0
L1 08    204 +010.2337 +000.2197 -004.3154 +072.3101 -002.5850 +004.7107 0
L1 01    208 +010.6928 +003.5112 +001.2865 -000.9584 +000.9373 +001.1177 0
L1 02    208 +005.4356 +006.5539 +001.6598 -146.2673 -007.2927 -128.1956 0
L1 03    208 +011.4346 +003.5097 -000.8915 -006.8839 +003.2497 +091.4765 0
L1 04    208 +008.4117 +008.0432 +001.7757 -030.1560 -000.6238 +000.3788 0
L1 05    208 +014.3781 +010.1498 +001.9871 -109.2747 +000.8082 -005.9480 0
L1 06    208 +010.5748 +002.0192 -004.1834 -101.1224 +000.9412 +001.4440 0
L1 07    208 +010.3568 +001.1080 -004.3657 -008.8334 -000.1336 +006.0591 0
L1 08    208 +010.2338 +000.2198 -004.3154 +072.3103 -002.5853 +004.7103 0
L1 01    212 +010.6928 +003.5113 +001.2866 -000.9579 +000.9369 +001.1173 0
L1 02    212 +005.4244 +006.5793 +001.6598 -146.6370 -006.8803 -130.7503 0
L1 03    212 +011.4346 +003.5098 -000.8915 -006.8832 +003.2499 +091.4764 0
L1 04    212 +008.4116 +008.0433 +001.7757 -030.1554 -000.6236 +000.3789 0
L1 05    212 +014.3776 +010.1504 +001.9879 -109.2702 +000.8154 -005.9521 0
L1 06    212 +010.5748 +002.0192 -004.1834 -101.1220 +000.9412 +001.4435 0
L1 07    212 +010.3568 +001.1081 -004.3657 -008.8328 -000.1339 +006.0593 0
L1 08    212 +010.2337 +000.2198 -004.3154 +072.3106 -002.5852 +004.7108 0
L1 01    216 +010.6929 +003.5113 +001.2865 -000.9587 +000.9377 +001.1171 0
L1 02    216 +005.4113 +006.6101 +001.6606 -147.1286 -006.4652 -133.3817 0
L1 03    216 +011.4346 +003.5097 -000.8915 -006.8838 +003.2498 +091.4761 0
L1 04    216 +008.4116 +008.0433 +001.7756 -030.1555 -000.6230 +000.3779 0
L1 05    216 +014.3778 +010.1500 +001.9878 -109.2789 +000.8144 -005.9657 0
L1 06    216 +010.5747 +002.0192 -004.1834 -101.1218 +000.9407 +001.4438 0
L1 07    216 +010.3568 +001.1080 -004.3657 -008.8337 -000.1336 +006.0588 0
L1 08    216 +010.2338 +000.2198 -004.3154 +072.3100 -002.5849 +004.7106 0
L1 01    220 +010.6928 +003.5113 +001.2866 -000.9580 +000.9368 +001.1167 0
L1 02    220 +005.3968 +006.6442 +001.6620 -147.6848 -006.0673 -135.9429 0
L1 03    220 +011.4346 +003.5098 -000.8915 -006.8837 +003.2499 +091.4761 0
L1 04    220 +008.4116 +008.0433 +001.7756 -030.1550 -000.6226 +000.3775 0
L1 05    220 +014.3783 +010.1496 +001.9878 -109.2831 +000.8123 -005.9750 0
L1 06    220 +010.5747 +002.0192 -004.1834 -101.1226 +000.9407 +001.4429 0
L1 07    220 +010.3568 +001.1080 -004.3657 -008.8336 -000.1334 +006.0591 0
L1 08    220 +010.2337 +000.2198 -004.3154 +072.3096 -002.5848 +004.7109 0
L1 01    224 +010.6928 +003.5114 +001.2865 -000.9581 +000.9371 +001.1163 0
L1 02    224 +005.3826 +006.6785 +001.6643 -148.2475 -005.6578 -138.6181 0
L1 03    224 +011.4346 +003.5097 -000.8915 -006.8841 +003.2500 +091.4756 0
L1 04    224 +008.4116 +008.0433 +001.7755 -030.1553 -000.6220 +000.3766 0
L1 05    224 +014.3783 +010.1498 +001.9873 -109.2799 +000.8118 -005.9894 0
L1 06    224 +010.5748 +002.0191 -004.1834 -101.1236 +000.9402 +001.4433 0
L1 07    224 +010.3568 +001.1080 -004.3656 -008.8345 -000.1345 +006.0589 0
L1 08    224 +010.2338 +000.2197 -004.3154 +072.3088 -002.5842 +004.7103 0
L1 01    228 +010.6928 +003.5113 +001.2865 -000.9582 +000.9366 +001.1161 0
L1 02    228 +005.3710 +006.7064 +001.6679 -148.6641 -005.1888 -141.7222 0
L1 03    228 +011.4346 +003.5097 -000.8915 -006.8845 +003.2493 +091.4753 0
L1 04    228 +008.4115 +008.0433 +001.7756 -030.1548 -000.6224 +000.3772 0
L1 05    228 +014.3781 +010.1498 +001.9874 -109.2782 +000.8128 -005.9985 0
L1 06    228 +010.5749 +002.0190 -004.1834 -101.1246 +000.9398 +001.4450 0
L1 07    228 +010.3569 +001.1079 -004.3656 -008.8343 -000.1349 +006.0581 0
L1 08    228 +010.2339 +000.2197 -004.3154 +072.3084 -002.5842 +004.7088 0
L1 01    232 +010.6929 +003.5113 +001.2865 -000.9590 +000.9355 +001.1160 0
L1 02    232 +005.3631 +006.7265 +001.6724 -148.9582 -004.7083 -145.0482 0
L1 03    232 +011.4347 +003.5097 -000.8915 -006.8855 +003.2482 +091.4757 0
L1 04    232 +008.4116 +008.0432 +001.7756 -030.1560 -000.6220 +000.3776 0
L1 05    232 +014.3783 +010.1493 +001.9874 -109.2840 +000.8139 -006.0102 0
L1 06    232 +010.5750 +002.0191 -004.1835 -101.1254 +000.9403 +001.4455 0
L1 07    232 +010.3570 +001.1078 -004.3656 -008.8368 -000.1365 +006.0585 0
L1 08    232 +010.2340 +000.2196 -004.3154 +072.3068 -002.5840 +004.7082 0
L1 01    236 +010.6929 +003.5112 +001.2865 -000.9594 +000.9364 +001.1158 0
L1 02    236 +005.3558 +006.7459 +001.6770 -149.2831 -004.3122 -147.9007 0
L1 03    236 +011.4347 +003.5097 -000.8915 -006.8851 +003.2489 +091.4758 0
L1 04    236 +008.4116 +008.0433 +001.7755 -030.1558 -000.6213 +000.3770 0
L1 05    236 +014.3785 +010.1492 +001.9873 -109.2840 +000.8155 -006.0210 0
L1 06    236 +010.5749 +002.0191 -004.1834 -101.1267 +000.9404 +001.4456 0
L1 07    236 +010.3570 +001.1079 -004.3657 -008.8364 -000.1355 +006.0588 0
L1 08    236 +010.2339 +000.2197 -004.3155 +072.3072 -002.5837 +004.7095 0
L1 01    240 +010.6929 +003.5112 +001.2865 -000.9599 +000.9377 +001.1159 0
L1 02    240 +005.3482 +006.7665 +001.6810 -149.6653 -004.0226 -150.0640 0
L1 03    240 +011.4346 +003.5098 -000.8916 -006.8847 +003.2501 +091.4757 0
L1 04    240 +008.4116 +008.0433 +001.7755 -030.1557 -000.6208 +000.3765 0
L1 05    240 +014.3785 +010.1493 +001.9874 -109.2811 +000.8155 -006.0276 0
L1 06    240 +010.5748 +002.0193 -004.1834 -101.1259 +000.9405 +001.4444 0
L1 07    240 +010.3569 +001.1079 -004.3657 -008.8371 -000.1345 +006.0587 0
L1 08    240 +010.2338 +000.2197 -004.3154 +072.3064 -002.5832 +004.7105 0
L1 01    244 +010.6929 +003.5112 +001.2865 -000.9595 +000.9377 +001.1158 0
L1 02    244 +005.3401 +006.7887 +001.6840 -150.0900 -003.8271 -151.5572 0
L1 03    244 +011.4346 +003.5097 -000.8915 -006.8855 +003.2505 +091.4758 0
L1 04    244 +008.4116 +008.0433 +001.7756 -030.1559 -000.6211 +000.3770 0
L1 05    244 +014.3784 +010.1492 +001.9875 -109.2820 +000.8166 -006.0356 0
L1 06    244 +010.5748 +002.0192 -004.1834 -101.1265 +000.9405 +001.4442 0
L1 07    244 +010.3568 +001.1080 -004.3657 -008.8367 -000.1342 +006.0588 0
L1 08    244 +010.2338 +000.2197 -004.3154 +072.3060 -002.5826 +004.7109 0
L1 01    248 +010.6929 +003.5112 +001.2865 -000.9594 +000.9371 +001.1157 0
L1 02    248 +005.3325 +006.8093 +001.6864 -150.4812 -003.6805 -152.6818 0
L1 03    248 +011.4346 +003.5096 -000.8915 -006.8871 +003.2505 +091.4760 0
L1 04    248 +008.4116 +008.0432 +001.7756 -030.1565 -000.6211 +000.3769 0
L1 05    248 +014.3786 +010.1492 +001.9873 -109.2866 +000.8147 -006.0449 0
L1 06    248 +010.5748 +002.0191 -004.1834 -101.1270 +000.9404 +001.4435 0
L1 07    248 +010.3568 +001.1079 -004.3656 -008.8377 -000.1342 +006.0582 0
L1 08    248 +010.2337 +000.2197 -004.3154 +072.3050 -002.5825 +004.7107 0
L1 01    252 +010.6929 +003.5113 +001.2865 -000.9591 +000.9375 +001.1153 0
L1 02    252 +005.3265 +006.8258 +001.6887 -150.7921 -003.5547 -153.6519 0
L1 03    252 +011.4346 +003.5096 -000.8915 -006.8870 +003.2506 +091.4758 0
L1 04    252 +008.4116 +008.0433 +001.7756 -030.1559 -000.6209 +000.3768 0
L1 05    252 +014.3783 +010.1496 +001.9872 -109.2803 +000.8146 -006.0499 0
L1 06    252 +010.5748 +002.0191 -004.1835 -101.1281 +000.9399 +001.4429 0
L1 07    252 +010.3568 +001.1079 -004.3657 -008.8384 -000.1329 +006.0580 0
L1 08    252 +010.2337 +000.2197 -004.3154 +072.3035 -002.5815 +004.7115 0
L1 01    256 +010.6929 +003.5112 +001.2865 -000.9597 +000.9377 +001.1157 0
L1 02    256 +005.3220 +006.8380 +001.6907 -151.0240 -003.4431 -154.5154 0
L1 03    256 +011.4346 +003.5096 -000.8915 -006.8873 +003.2509 +091.4758 0
L1 04    256 +008.4116 +008.0433 +001.7755 -030.1561 -000.6208 +000.3767 0
L1 05    256 +014.3782 +010.1497 +001.9871 -109.2815 +000.8138 -006.0557 0
L1 06    256 +010.5748 +002.0190 -004.1835 -101.1293 +000.9394 +001.4433 0
L1 07    256 +010.3568 +001.1078 -004.3657 -008.8393 -000.1341 +006.0577 0
L1 08    256 +010.2337 +000.2196 -004.3154 +072.3021 -002.5813 +004.7115 0
L1 01    260 +010.6929 +003.5112 +001.2865 -000.9600 +000.9379 +001.1159 0
L1 02    260 +005.3191 +006.8459 +001.6928 -151.1726 -003.3366 -155.3406 0
L1 03    260 +011.4346 +003.5095 -000.8915 -006.8880 +003.2512 +091.4758 0
L1 04    260 +008.4116 +008.0432 +001.7755 -030.1563 -000.6208 +000.3768 0
L1 05    260 +014.3783 +010.1496 +001.9873 -109.2818 +000.8151 -006.0603 0
L1 06    260 +010.5748 +002.0190 -004.1834 -101.1305 +000.9397 +001.4436 0
L1 07    260 +010.3568 +001.1079 -004.3657 -008.8396 -000.1332 +006.0581 0
L1 08    260 +010.2337 +000.2196 -004.3154 +072.3024 -002.5812 +004.7115 0
L1 01    264 +010.6929 +003.5112 +001.2865 -000.9595 +000.9377 +001.1158 0
L1 02    264 +005.3174 +006.8506 +001.6945 -151.2612 -003.2444 -156.0787 0
L1 03    264 +011.4346 +003.5096 -000.8916 -006.8876 +003.2516 +091.4756 0
L1 04    264 +008.4116 +008.0433 +001.7756 -030.1559 -000.6210 +000.3770 0
L1 05    264 +014.3782 +010.1499 +001.9869 -109.2790 +000.8136 -006.0683 0
L1 06    264 +010.5747 +002.0191 -004.1834 -101.1303 +000.9398 +001.4437 0
L1 07    264 +010.3567 +001.1079 -004.3657 -008.8396 -000.1329 +006.0582 0
L1 08    264 +010.2337 +000.2196 -004.3154 +072.3018 -002.5808 +004.7115 0
L1 01    268 +010.6929 +003.5113 +001.2865 -000.9594 +000.9378 +001.1151 0
L1 02    268 +005.3162 +006.8539 +001.6959 -151.3266 -003.1760 -156.6317 0
L1 03    268 +011.4346 +003.5097 -000.8916 -006.8868 +003.2519 +091.4754 0
L1 04    268 +008.4116 +008.0433 +001.7755 -030.1555 -000.6211 +000.3768 0
L1 05    268 +014.3781 +010.1499 +001.9871 -109.2804 +000.8164 -006.0721 0
L1 06    268 +010.5748 +002.0190 -004.1834 -101.1313 +000.9398 +001.4437 0
L1 07    268 +010.3567 +001.1080 -004.3657 -008.8393 -000.1334 +006.0587 0
L1 08    268 +010.2337 +000.2197 -004.3154 +072.3021 -002.5808 +004.7120 0
L1 01    272 +010.6929 +003.5113 +001.2865 -000.9594 +000.9377 +001.1155 0
L1 02    272 +005.3154 +006.8562 +001.6969 -151.3755 -003.1266 -157.0339 0
L1 03    272 +011.4346 +003.5096 -000.8915 -006.8878 +003.2513 +091.4753 0
L1 04    272 +008.4116 +008.0433 +001.7755 -030.1557 -000.6215 +000.3771 0
L1 05    272 +014.3784 +010.1495 +001.9874 -109.2835 +000.8168 -006.0740 0
L1 06    272 +010.5748 +002.0191 -004.1834 -101.1313 +000.9400 +001.4436 0
L1 07    272 +010.3567 +001.1079 -004.3657 -008.8402 -000.1333 +006.0578 0
L1 08    272 +010.2337 +000.2196 -004.3154 +072.3013 -002.5802 +004.7115 0
L1 01    276 +010.6929 +003.5113 +001.2866 -000.9593 +000.9378 +001.1153 0
L1 02    276 +005.3148 +006.8579 +001.6975 -151.4053 -003.0957 -157.2975 0
L1 03    276 +011.4346 +003.5096 -000.8915 -006.8874 +003.2522 +091.4755 0
L1 04    276 +008.4116 +008.0433 +001.7756 -030.1552 -000.6216 +000.3774 0
L1 05    276 +014.3779 +010.1504 +001.9874 -109.2791 +000.8165 -006.0755 0
L1 06    276 +010.5747 +002.0192 -004.1834 -101.1308 +000.9396 +001.4429 0
L1 07    276 +010.3567 +001.1079 -004.3656 -008.8399 -000.1329 +006.0581 0
L1 08    276 +010.2336 +000.2197 -004.3153 +072.3016 -002.5803 +004.7120 0
L1 01    280 +010.6929 +003.5113 +001.2865 -000.9594 +000.9390 +001.1153 0
L1 02    280 +005.3144 +006.8587 +001.6975 -151.4202 -003.0957 -157.3155 0
L1 03    280 +011.4345 +003.5097 -000.8915 -006.8870 +003.2537 +091.4759 0
L1 04    280 +008.4115 +008.0434 +001.7755 -030.1545 -000.6213 +000.3767 0
L1 05    280 +014.3783 +010.1500 +001.9870 -109.2814 +000.8149 -006.0813 0
L1 06    280 +010.5745 +002.0192 -004.1835 -101.1314 +000.9402 +001.4409 0
L1 07    280 +010.3566 +001.1079 -004.3656 -008.8413 -000.1317 +006.0580 0
L1 08    280 +010.2334 +000.2197 -004.3153 +072.3002 -002.5803 +004.7139 0
L1 01    284 +010.6929 +003.5113 +001.2865 -000.9610 +000.9409 +001.1148 0
L1 02    284 +005.3140 +006.8599 +001.6973 -151.4444 -003.1042 -157.2368 0
L1 03    284 +011.4345 +003.5097 -000.8916 -006.8867 +003.2547 +091.4759 0
L1 04    284 +008.4115 +008.0434 +001.7755 -030.1542 -000.6216 +000.3768 0
L1 05    284 +014.3781 +010.1502 +001.9870 -109.2800 +000.8138 -006.0814 0
L1 06    284 +010.5746 +002.0191 -004.1834 -101.1334 +000.9400 +001.4417 0
L1 07    284 +010.3565 +001.1080 -004.3657 -008.8408 -000.1311 +006.0585 0
L1 08    284 +010.2334 +000.2197 -004.3154 +072.2999 -002.5804 +004.7140 0
L1 01    288 +010.6929 +003.5113 +001.2865 -000.9611 +000.9392 +001.1151 0
L1 02    288 +005.3136 +006.8615 +001.6975 -151.4736 -003.0970 -157.2933 0
L1 03    288 +011.4346 +003.5097 -000.8915 -006.8872 +003.2534 +091.4760 0
L1 04    288 +008.4115 +008.0434 +001.7756 -030.1545 -000.6217 +000.3773 0
L1 05    288 +014.3780 +010.1502 +001.9875 -109.2799 +000.8166 -006.0793 0
L1 06    288 +010.5746 +002.0191 -004.1835 -101.1333 +000.9398 +001.4408 0
L1 07    288 +010.3566 +001.1081 -004.3656 -008.8409 -000.1324 +006.0590 0
L1 08    288 +010.2335 +000.2197 -004.3153 +072.2999 -002.5806 +004.7129 0
L1 01    292 +010.6929 +003.5113 +001.2865 -000.9615 +000.9404 +001.1148 0
L1 02    292 +005.3127 +006.8640 +001.6976 -151.5268 -003.0909 -157.3512 0
L1 03    292 +011.4346 +003.5097 -000.8915 -006.8876 +003.2537 +091.4761 0
L1 04    292 +008.4115 +008.0434 +001.7755 -030.1544 -000.6213 +000.3773 0
L1 05    292 +014.3782 +010.1499 +001.9878 -109.2821 +000.8184 -006.0798 0
L1 06    292 +010.5746 +002.0191 -004.1834 -101.1352 +000.9403 +001.4423 0
L1 07    292 +010.3566 +001.1081 -004.3657 -008.8415 -000.1317 +006.0589 0
L1 08    292 +010.2335 +000.2197 -004.3154 +072.2992 -002.5803 +004.7133 0
L1 01    296 +010.6930 +003.5113 +001.2865 -000.9617 +000.9405 +001.1146 0
L1 02    296 +005.3117 +006.8668 +001.6977 -151.5819 -003.0888 -157.3712 0
L1 03    296 +011.4346 +003.5098 -000.8915 -006.8875 +003.2537 +091.4762 0
L1 04    296 +008.4115 +008.0434 +001.7756 -030.1549 -000.6210 +000.3777 0
L1 05    296 +014.3781 +010.1503 +001.9874 -109.2803 +000.8170 -006.0831 0
L1 06    296 +010.5746 +002.0191 -004.1835 -101.1351 +000.9403 +001.4414 0
L1 07    296 +010.3566 +001.1080 -004.3657 -008.8423 -000.1316 +006.0586 0
L1 08    296 +010.2335 +000.2198 -004.3154 +072.2991 -002.5802 +004.7134 0
L1 01    300 +010.6929 +003.5113 +001.2865 -000.9619 +000.9410 +001.1149 0
L1 02    300 +005.3110 +006.8689 +001.6979 -151.6249 -003.0819 -157.4201 0
L1 03    300 +011.4346 +003.5097 -000.8915 -006.8879 +003.2540 +091.4767 0
L1 04    300 +008.4115 +008.0434 +001.7756 -030.1550 -000.6207 +000.3776 0
L1 05    300 +014.3781 +010.1504 +001.9871 -109.2815 +000.8152 -006.0857 0
L1 06    300 +010.5746 +002.0192 -004.1835 -101.1359 +000.9407 +001.4420 0
L1 07    300 +010.3566 +001.1080 -004.3657 -008.8427 -000.1314 +006.0591 0
L1 08    300 +010.2335 +000.2198 -004.3154 +072.2990 -002.5807 +004.7137 0
L1 01    304 +010.6929 +003.5113 +001.2865 -000.9622 +000.9415 +001.1155 0
L1 02    304 +005.3105 +006.8703 +001.6978 -151.6493 -003.0813 -157.4351 0
L1 03    304 +011.4346 +003.5098 -000.8915 -006.8880 +003.2547 +091.4772 0
L1 04    304 +008.4116 +008.0433 +001.7756 -030.1559 -000.6204 +000.3780 0
L1 05    304 +014.3787 +010.1493 +001.9876 -109.2889 +000.8174 -006.0862 0
L1 06    304 +010.5745 +002.0192 -004.1835 -101.1360 +000.9410 +001.4412 0
L1 07    304 +010.3565 +001.1081 -004.3657 -008.8431 -000.1313 +006.0597 0
L1 08    304 +010.2334 +000.2198 -004.3154 +072.2985 -002.5807 +004.7148 0
L1 01    308 +010.6929 +003.5113 +001.2866 -000.9623 +000.9410 +001.1157 0
L1 02    308 +005.3101 +006.8713 +001.6979 -151.6691 -003.0799 -157.4399 0
L1 03    308 +011.4346 +003.5097 -000.8915 -006.8889 +003.2553 +091.4767 0
L1 04    308 +008.4116 +008.0433 +001.7756 -030.1558 -000.6206 +000.3777 0
L1 05    308 +014.3786 +010.1495 +001.9875 -109.2874 +000.8180 -006.0877 0
L1 06    308 +010.5745 +002.0191 -004.1834 -101.1370 +000.9404 +001.4415 0
L1 07    308 +010.3564 +001.1081 -004.3657 -008.8430 -000.1306 +006.0594 0
L1 08    308 +010.2333 +000.2198 -004.3154 +072.2979 -002.5799 +004.7152 0
L1 01    312 +010.6929 +003.5113 +001.2866 -000.9621 +000.9405 +001.1153 0
L1 02    312 +005.3098 +006.8721 +001.6980 -151.6836 -003.0771 -157.4605 0
L1 03    312 +011.4346 +003.5096 -000.8915 -006.8898 +003.2546 +091.4762 0
L1 04    312 +008.4116 +008.0432 +001.7756 -030.1566 -000.6205 +000.3781 0
L1 05    312 +014.3782 +010.1500 +001.9871 -109.2843 +000.8160 -006.0892 0
L1 06    312 +010.5746 +002.0191 -004.1834 -101.1374 +000.9403 +001.4423 0
L1 07    312 +010.3565 +001.1081 -004.3657 -008.8432 -000.1310 +006.0589 0
L1 08    312 +010.2334 +000.2198 -004.3153 +072.2973 -002.5797 +004.7138 0
L1 01    316 +010.6930 +003.5112 +001.2865 -000.9628 +000.9406 +001.1150 0
L1 02    316 +005.3097 +006.8723 +001.6980 -151.6868 -003.0764 -157.4720 0
L1 03    316 +011.4346 +003.5095 -000.8915 -006.8907 +003.2539 +091.4754 0
L1 04    316 +008.4116 +008.0432 +001.7756 -030.1570 -000.6204 +000.3781 0
L1 05    316 +014.3783 +010.1498 +001.9873 -109.2870 +000.8170 -006.0889 0
L1 06    316 +010.5746 +002.0190 -004.1835 -101.1393 +000.9395 +001.4414 0
L1 07    316 +010.3565 +001.1080 -004.3656 -008.8442 -000.1319 +006.0577 0
L1 08    316 +010.2335 +000.2196 -004.3153 +072.2966 -002.5788 +004.7130 0
L1 01    320 +010.6930 +003.5112 +001.2864 -000.9636 +000.9423 +001.1145 0
L1 02    320 +005.3096 +006.8724 +001.6980 -151.6872 -003.0755 -157.4802 0
L1 03    320 +011.4346 +003.5096 -000.8916 -006.8904 +003.2554 +091.4756 0
L1 04    320 +008.4116 +008.0432 +001.7756 -030.1565 -000.6205 +000.3778 0
L1 05    320 +014.3784 +010.1496 +001.9874 -109.2872 +000.8170 -006.0898 0
L1 06    320 +010.5745 +002.0190 -004.1834 -101.1406 +000.9398 +001.4415 0
L1 07    320 +010.3564 +001.1080 -004.3658 -008.8452 -000.1299 +006.0578 0
L1 08    320 +010.2334 +000.2197 -004.3154 +072.2957 -002.5785 +004.7147 0
L1 01    324 +010.6930 +003.5112 +001.2865 -000.9635 +000.9419 +001.1150 0
L1 02    324 +005.3096 +006.8725 +001.6981 -151.6904 -003.0732 -157.4999 0
L1 03    324 +011.4346 +003.5097 -000.8915 -006.8900 +003.2561 +091.4765 0
L1 04    324 +008.4116 +008.0433 +001.7756 -030.1561 -000.6207 +000.3782 0
L1 05    324 +014.3783 +010.1496 +001.9874 -109.2861 +000.8163 -006.0904 0
L1 06    324 +010.5745 +002.0191 -004.1834 -101.1411 +000.9402 +001.4414 0
L1 07    324 +010.3564 +001.1081 -004.3657 -008.8455 -000.1303 +006.0585 0
L1 08    324 +010.2333 +000.2198 -004.3154 +072.2957 -002.5793 +004.7153 0
L1 01    328 +010.6929 +003.5113 +001.2865 -000.9626 +000.9420 +001.1148 0
L1 02    328 +005.3096 +006.8725 +001.6981 -151.6917 -003.0719 -157.5096 0
L1 03    328 +011.4346 +003.5098 -000.8915 -006.8894 +003.2560 +091.4771 0
L1 04    328 +008.4115 +008.0433 +001.7756 -030.1555 -000.6208 +000.3776 0
L1 05    328 +014.3784 +010.1497 +001.9874 -109.2865 +000.8164 -006.0901 0
L1 06    328 +010.5745 +002.0191 -004.1834 -101.1402 +000.9406 +001.4415 0
L1 07    328 +010.3564 +001.1081 -004.3657 -008.8453 -000.1306 +006.0592 0
L1 08    328 +010.2333 +000.2199 -004.3154 +072.2961 -002.5798 +004.7154 0
L1 01    332 +010.6930 +003.5113 +001.2865 -000.9624 +000.9418 +001.1147 0
L1 02    332 +005.3095 +006.8726 +001.6981 -151.6921 -003.0720 -157.5155 0
L1 03    332 +011.4346 +003.5097 -000.8915 -006.8895 +003.2557 +091.4768 0
L1 04    332 +008.4116 +008.0433 +001.7756 -030.1555 -000.6210 +000.3773 0
L1 05    332 +014.3784 +010.1498 +001.9873 -109.2860 +000.8154 -006.0923 0
L1 06    332 +010.5745 +002.0191 -004.1834 -101.1400 +000.9407 +001.4414 0
L1 07    332 +010.3565 +001.1080 -004.3657 -008.8458 -000.1306 +006.0589 0
L1 08    332 +010.2334 +000.2198 -004.3154 +072.2961 -002.5800 +004.7145 0
L1 01    336 +010.6929 +003.5114 +001.2865 -000.9609 +000.9409 +001.1144 0
L1 02    336 +005.3096 +006.8726 +001.6981 -151.6943 -003.0700 -157.5251 0
L1 03    336 +011.4346 +003.5097 -000.8915 -006.8889 +003.2555 +091.4766 0
L1 04    336 +008.4115 +008.0433 +001.7756 -030.1553 -000.6213 +000.3776 0
L1 05    336 +014.3783 +010.1499 +001.9872 -109.2851 +000.8145 -006.0912 0
L1 06    336 +010.5746 +002.0191 -004.1835 -101.1403 +000.9406 +001.4412 0
L1 07    336 +010.3565 +001.1080 -004.3658 -008.8458 -000.1306 +006.0580 0
L1 08    336 +010.2334 +000.2198 -004.3154 +072.2961 -002.5795 +004.7142 0
L1 01    340 +010.6930 +003.5113 +001.2865 -000.9621 +000.9423 +001.1141 0
L1 02    340 +005.3095 +006.8727 +001.6982 -151.6958 -003.0691 -157.5356 0
L1 03    340 +011.4346 +003.5097 -000.8915 -006.8891 +003.2559 +091.4761 0
L1 04    340 +008.4116 +008.0433 +001.7756 -030.1556 -000.6213 +000.3772 0
L1 05    340 +014.3778 +010.1504 +001.9872 -109.2810 +000.8150 -006.0911 0
L1 06    340 +010.5745 +002.0193 -004.1835 -101.1400 +000.9404 +001.4411 0
L1 07    340 +010.3564 +001.1080 -004.3658 -008.8460 -000.1302 +006.0581 0
L1 08    340 +010.2333 +000.2197 -004.3154 +072.2953 -002.5789 +004.7144 0
L1 01    344 +010.6930 +003.5113 +001.2865 -000.9620 +000.9425 +001.1146 0
L1 02    344 +005.3095 +006.8727 +001.6982 -151.6973 -003.0680 -157.5452 0
L1 03    344 +011.4346 +003.5097 -000.8916 -006.8893 +003.2564 +091.4762 0
L1 04    344 +008.4116 +008.0433 +001.7755 -030.1556 -000.6212 +000.3766 0
L1 05    344 +014.3779 +010.1505 +001.9871 -109.2810 +000.8143 -006.0917 0
L1 06    344 +010.5744 +002.0192 -004.1835 -101.1410 +000.9407 +001.4398 0
L1 07    344 +010.3564 +001.1080 -004.3658 -008.8466 -000.1298 +006.0582 0
L1 08    344 +010.2333 +000.2197 -004.3154 +072.2945 -002.5788 +004.7145 0
L1 01    348 +010.6929 +003.5113 +001.2865 -000.9611 +000.9418 +001.1142 0
L1 02    348 +005.3095 +006.8728 +001.6982 -151.6984 -003.0681 -157.5529 0
L1 03    348 +011.4346 +003.5097 -000.8916 -006.8895 +003.2566 +091.4761 0
L1 04    348 +008.4116 +008.0433 +001.7755 -030.1555 -000.6211 +000.3764 0
L1 05    348 +014.3780 +010.1504 +001.9869 -109.2815 +000.8126 -006.0934 0
L1 06    348 +010.5745 +002.0192 -004.1836 -101.1415 +000.9406 +001.4401 0
L1 07    348 +010.3564 +001.1079 -004.3658 -008.8474 -000.1301 +006.0583 0
L1 08    348 +010.2333 +000.2196 -004.3154 +072.2943 -002.5784 +004.7143 0
L1 01    352 +010.6930 +003.5113 +001.2865 -000.9613 +000.9421 +001.1138 0
L1 02    352 +005.3095 +006.8729 +001.6982 -151.6990 -003.0664 -157.5611 0
L1 03    352 +011.4346 +003.5097 -000.8915 -006.8891 +003.2563 +091.4760 0
L1 04    352 +008.4116 +008.0433 +001.7755 -030.1554 -000.6213 +000.3760 0
L1 05    352 +014.3780 +010.1503 +001.9871 -109.2821 +000.8130 -006.0936 0
L1 06    352 +010.5745 +002.0192 -004.1835 -101.1418 +000.9401 +001.4406 0
L1 07    352 +010.3564 +001.1080 -004.3658 -008.8469 -000.1302 +006.0582 0
L1 08    352 +010.2333 +000.2197 -004.3153 +072.2946 -002.5783 +004.7141 0
L1 01    356 +010.6930 +003.5113 +001.2865 -000.9613 +000.9422 +001.1137 0
L1 02    356 +005.3095 +006.8729 +001.6982 -151.7007 -003.0662 -157.5684 0
L1 03    356 +011.4346 +003.5097 -000.8915 -006.8895 +003.2565 +091.4759 0
L1 04    356 +008.4115 +008.0433 +001.7755 -030.1554 -000.6217 +000.3760 0
L1 05    356 +014.3780 +010.1503 +001.9868 -109.2830 +000.8113 -006.0950 0
L1 06    356 +010.5745 +002.0190 -004.1835 -101.1447 +000.9394 +001.4407 0
L1 07    356 +010.3564 +001.1081 -004.3657 -008.8466 -000.1299 +006.0583 0
L1 08    356 +010.2333 +000.2197 -004.3153 +072.2944 -002.5782 +004.7143 0
L1 01    360 +010.6930 +003.5113 +001.2865 -000.9615 +000.9428 +001.1137 0
L1 02    360 +005.3095 +006.8729 +001.6982 -151.7021 -003.0655 -157.5761 0
L1 03    360 +011.4346 +003.5097 -000.8916 -006.8892 +003.2571 +091.4759 0
L1 04    360 +008.4115 +008.0433 +001.7755 -030.1555 -000.6217 +000.3755 0
L1 05    360 +014.3783 +010.1501 +001.9864 -109.2858 +000.8101 -006.0985 0
L1 06    360 +010.5745 +002.0190 -004.1835 -101.1444 +000.9401 +001.4401 0
L1 07    360 +010.3564 +001.1081 -004.3657 -008.8470 -000.1299 +006.0586 0
L1 08    360 +010.2333 +000.2197 -004.3154 +072.2941 -002.5779 +004.7149 0
L1 01    364 +010.6930 +003.5113 +001.2865 -000.9612 +000.9425 +001.1139 0
L1 02    364 +005.3094 +006.8730 +001.6983 -151.7024 -003.0642 -157.5845 0
L1 03    364 +011.4346 +003.5097 -000.8916 -006.8896 +003.2570 +091.4760 0
L1 04    364 +008.4116 +008.0433 +001.7754 -030.1558 -000.6218 +000.3751 0
L1 05    364 +014.3783 +010.1500 +001.9865 -109.2846 +000.8104 -006.0992 0
L1 06    364 +010.5745 +002.0191 -004.1834 -101.1434 +000.9410 +001.4415 0
L1 07    364 +010.3565 +001.1080 -004.3657 -008.8477 -000.1312 +006.0580 0
L1 08    364 +010.2333 +000.2196 -004.3154 +072.2935 -002.5779 +004.7144 0
L1 01    368 +010.6930 +003.5112 +001.2865 -000.9614 +000.9419 +001.1140 0
L1 02    368 +005.3094 +006.8730 +001.6983 -151.7042 -003.0636 -157.5930 0
L1 03    368 +011.4346 +003.5097 -000.8915 -006.8894 +003.2563 +091.4760 0
L1 04    368 +008.4116 +008.0433 +001.7755 -030.1561 -000.6219 +000.3752 0
L1 05    368 +014.3782 +010.1499 +001.9868 -109.2855 +000.8108 -006.0985 0
L1 06    368 +010.5745 +002.0192 -004.1835 -101.1427 +000.9403 +001.4413 0
L1 07    368 +010.3565 +001.1081 -004.3657 -008.8473 -000.1304 +006.0584 0
L1 08    368 +010.2334 +000.2196 -004.3153 +072.2936 -002.5778 +004.7138 0
L1 01    372 +010.6929 +003.5113 +001.2866 -000.9610 +000.9414 +001.1142 0
L1 02    372 +005.3094 +006.8730 +001.6983 -151.7055 -003.0636 -157.5982 0
L1 03    372 +011.4346 +003.5096 -000.8915 -006.8902 +003.2563 +091.4760 0
L1 04    372 +008.4116 +008.0432 +001.7754 -030.1566 -000.6218 +000.3747 0
L1 05    372 +014.3787 +010.1496 +001.9861 -109.2893 +000.8077 -006.1008 0
L1 06    372 +010.5745 +002.0191 -004.1835 -101.1446 +000.9401 +001.4406 0
L1 07    372 +010.3565 +001.1080 -004.3657 -008.8483 -000.1308 +006.0578 0
L1 08    372 +010.2334 +000.2196 -004.3153 +072.2930 -002.5774 +004.7137 0
L1 01    376 +010.6930 +003.5113 +001.2865 -000.9609 +000.9416 +001.1142 0
L1 02    376 +005.3094 +006.8731 +001.6983 -151.7054 -003.0629 -157.6041 0
L1 03    376 +011.4347 +003.5096 -000.8915 -006.8905 +003.2568 +091.4758 0
L1 04    376 +008.4116 +008.0432 +001.7754 -030.1564 -000.6221 +000.3743 0
L1 05    376 +014.3785 +010.1496 +001.9861 -109.2870 +000.8069 -006.1014 0
L1 06    376 +010.5745 +002.0192 -004.1835 -101.1448 +000.9400 +001.4408 0
L1 07    376 +010.3565 +001.1079 -004.3657 -008.8491 -000.1307 +006.0576 0
L1 08    376 +010.2334 +000.2195 -004.3153 +072.2920 -002.5772 +004.7137 0
L1 01    380 +010.6929 +003.5113 +001.2866 -000.9599 +000.9405 +001.1134 0
L1 02    380 +005.3094 +006.8731 +001.6983 -151.7065 -003.0623 -157.6094 0
L1 03    380 +011.4346 +003.5097 -000.8915 -006.8897 +003.2558 +091.4757 0
L1 04    380 +008.4116 +008.0432 +001.7754 -030.1562 -000.6221 +000.3742 0
L1 05    380 +014.3784 +010.1498 +001.9865 -109.2859 +000.8095 -006.1000 0
L1 06    380 +010.5746 +002.0190 -004.1834 -101.1460 +000.9396 +001.4423 0
L1 07    380 +010.3566 +001.1079 -004.3656 -008.8488 -000.1317 +006.0575 0
L1 08    380 +010.2334 +000.2196 -004.3153 +072.2934 -002.5774 +004.7135 0
L1 01    384 +010.6930 +003.5112 +001.2865 -000.9602 +000.9419 +001.1134 0
L1 02    384 +005.3094 +006.8731 +001.6983 -151.7070 -003.0615 -157.6141 0
L1 03    384 +011.4347 +003.5096 -000.8915 -006.8898 +003.2560 +091.4753 0
L1 04    384 +008.4116 +008.0432 +001.7754 -030.1562 -000.6225 +000.3740 0
L1 05    384 +014.3783 +010.1499 +001.9861 -109.2861 +000.8072 -006.1011 0
L1 06    384 +010.5746 +002.0191 -004.1835 -101.1455 +000.9395 +001.4415 0
L1 07    384 +010.3566 +001.1079 -004.3657 -008.8491 -000.1310 +006.0577 0
L1 08    384 +010.2335 +000.2196 -004.3153 +072.2929 -002.5769 +004.7133 0
L1 01    388 +010.6930 +003.5112 +001.2865 -000.9602 +000.9415 +001.1126 0
L1 02    388 +005.3094 +006.8732 +001.6983 -151.7081 -003.0624 -157.6189 0
L1 03    388 +011.4347 +003.5097 -000.8915 -006.8895 +003.2560 +091.4752 0
L1 04    388 +008.4116 +008.0432 +001.7754 -030.1561 -000.6226 +000.3739 0
L1 05    388 +014.3783 +010.1499 +001.9868 -109.2856 +000.8090 -006.0996 0
L1 06    388 +010.5746 +002.0190 -004.1835 -101.1459 +000.9395 +001.4413 0
L1 07    388 +010.3566 +001.1080 -004.3657 -008.8488 -000.1312 +006.0577 0
L1 08    388 +010.2335 +000.2196 -004.3153 +072.2931 -002.5768 +004.7132 0
L1 01    392 +010.6930 +003.5112 +001.2865 -000.9602 +000.9408 +001.1130 0
L1 02    392 +005.3094 +006.8732 +001.6983 -151.7087 -003.0609 -157.6241 0
L1 03    392 +011.4347 +003.5096 -000.8915 -006.8898 +003.2558 +091.4751 0
L1 04    392 +008.4116 +008.0432 +001.7754 -030.1561 -000.6226 +000.3739 0
L1 05    392 +014.3784 +010.1499 +001.9868 -109.2857 +000.8092 -006.0993 0
L1 06    392 +010.5746 +002.0190 -004.1834 -101.1474 +000.9390 +001.4427 0
L1 07    392 +010.3566 +001.1079 -004.3656 -008.8494 -000.1324 +006.0577 0
L1 08    392 +010.2335 +000.2195 -004.3153 +072.2925 -002.5766 +004.7126 0
L1 01    396 +010.6930 +003.5113 +001.2865 -000.9598 +000.9403 +001.1125 0
L1 02    396 +005.3093 +006.8732 +001.6983 -151.7091 -003.0604 -157.6291 0
L1 03    396 +011.4347 +003.5096 -000.8915 -006.8901 +003.2559 +091.4751 0
L1 04    396 +008.4116 +008.0432 +001.7754 -030.1560 -000.6226 +000.3736 0
L1 05    396 +014.3785 +010.1497 +001.9866 -109.2870 +000.8079 -006.1004 0
L1 06    396 +010.5746 +002.0190 -004.1835 -101.1478 +000.9394 +001.4424 0
L1 07    396 +010.3566 +001.1078 -004.3657 -008.8501 -000.1322 +006.0570 0
L1 08    396 +010.2335 +000.2195 -004.3153 +072.2920 -002.5763 +004.7124 0
L1 01    400 +010.6930 +003.5113 +001.2865 -000.9601 +000.9405 +001.1124 0
L1 02    400 +005.3093 +006.8733 +001.6983 -151.7099 -003.0598 -157.6337 0
L1 03    400 +011.4347 +003.5096 -000.8915 -006.8901 +003.2562 +091.4749 0
L1 04    400 +008.4116 +008.0432 +001.7753 -030.1563 -000.6228 +000.3732 0
L1 05    400 +014.3786 +010.1498 +001.9863 -109.2874 +000.8067 -006.1013 0
L1 06    400 +010.5746 +002.0190 -004.1835 -101.1485 +000.9390 +001.4418 0
L1 07    400 +010.3566 +001.1079 -004.3657 -008.8499 -000.1318 +006.0572 0
L1 08    400 +010.2335 +000.2195 -004.3153 +072.2915 -002.5762 +004.7127 0
L1 01    404 +010.6930 +003.5112 +001.2866 -000.9604 +000.9404 +001.1127 0
L1 02    404 +005.3093 +006.8733 +001.6983 -151.7112 -003.0594 -157.6389 0
L1 03    404 +011.4347 +003.5095 -000.8915 -006.8918 +003.2563 +091.4747 0
L1 04    404 +008.4116 +008.0432 +001.7753 -030.1566 -000.6227 +000.3728 0
L1 05    404 +014.3783 +010.1499 +001.9863 -109.2853 +000.8065 -006.1021 0
L1 06    404 +010.5746 +002.0190 -004.1835 -101.1485 +000.9390 +001.4421 0
L1 07    404 +010.3566 +001.1079 -004.3657 -008.8506 -000.1317 +006.0570 0
L1 08    404 +010.2335 +000.2195 -004.3153 +072.2904 -002.5758 +004.7127 0
L1 01    408 +010.6930 +003.5112 +001.2866 -000.9599 +000.9397 +001.1126 0
L1 02    408 +005.3093 +006.8733 +001.6983 -151.7119 -003.0588 -157.6434 0
L1 03    408 +011.4347 +003.5095 -000.8915 -006.8914 +003.2562 +091.4741 0
L1 04    408 +008.4116 +008.0432 +001.7753 -030.1569 -000.6227 +000.3725 0
L1 05    408 +014.3785 +010.1497 +001.9863 -109.2870 +000.8064 -006.1026 0
L1 06    408 +010.5746 +002.0190 -004.1835 -101.1488 +000.9387 +001.4430 0
L1 07    408 +010.3566 +001.1078 -004.3656 -008.8508 -000.1325 +006.0565 0
L1 08    408 +010.2335 +000.2193 -004.3152 +072.2903 -002.5749 +004.7118 0
L1 01    412 +010.6930 +003.5112 +001.2866 -000.9605 +000.9408 +001.1123 0
L1 02    412 +005.3093 +006.8733 +001.6983 -151.7126 -003.0585 -157.6472 0
L1 03    412 +011.4347 +003.5095 -000.8915 -006.8908 +003.2566 +091.4745 0
L1 04    412 +008.4116 +008.0432 +001.7753 -030.1562 -000.6232 +000.3723 0
L1 05    412 +014.3785 +010.1497 +001.9861 -109.2876 +000.8053 -006.1027 0
L1 06    412 +010.5746 +002.0190 -004.1835 -101.1491 +000.9385 +001.4428 0
L1 07    412 +010.3566 +001.1079 -004.3657 -008.8503 -000.1314 +006.0569 0
L1 08    412 +010.2335 +000.2194 -004.3152 +072.2908 -002.5755 +004.7128 0
L1 01    416 +010.6930 +003.5111 +001.2865 -000.9619 +000.9423 +001.1108 0
L1 02    416 +005.3093 +006.8733 +001.6983 -151.7132 -003.0579 -157.6515 0
L1 03    416 +011.4347 +003.5096 -000.8915 -006.8902 +003.2569 +091.4744 0
L1 04    416 +008.4116 +008.0432 +001.7753 -030.1566 -000.6233 +000.3724 0
L1 05    416 +014.3785 +010.1496 +001.9865 -109.2880 +000.8065 -006.1021 0
L1 06    416 +010.5746 +002.0190 -004.1835 -101.1497 +000.9387 +001.4418 0
L1 07    416 +010.3566 +001.1079 -004.3656 -008.8506 -000.1316 +006.0565 0
L1 08    416 +010.2335 +000.2195 -004.3152 +072.2905 -002.5752 +004.7133 0
L1 01    420 +010.6930 +003.5112 +001.2866 -000.9610 +000.9408 +001.1124 0
L1 02    420 +005.3093 +006.8734 +001.6984 -151.7144 -003.0571 -157.6574 0
L1 03    420 +011.4347 +003.5096 -000.8915 -006.8903 +003.2570 +091.4749 0
L1 04    420 +008.4116 +008.0432 +001.7753 -030.1563 -000.6232 +000.3723 0
L1 05    420 +014.3787 +010.1495 +001.9864 -109.2885 +000.8068 -006.1038 0
L1 06    420 +010.5746 +002.0189 -004.1834 -101.1502 +000.9390 +001.4426 0
L1 07    420 +010.3566 +001.1078 -004.3656 -008.8517 -000.1319 +006.0571 0
L1 08    420 +010.2335 +000.2194 -004.3152 +072.2904 -002.5753 +004.7129 0
L1 01    424 +010.6930 +003.5112 +001.2866 -000.9608 +000.9416 +001.1123 0
L1 02    424 +005.3093 +006.8734 +001.6984 -151.7139 -003.0567 -157.6607 0
L1 03    424 +011.4347 +003.5096 -000.8915 -006.8899 +003.2578 +091.4751 0
L1 04    424 +008.4116 +008.0432 +001.7753 -030.1560 -000.6232 +000.3722 0
L1 05    424 +014.3786 +010.1495 +001.9862 -109.2879 +000.8054 -006.1045 0
L1 06    424 +010.5746 +002.0190 -004.1834 -101.1498 +000.9394 +001.4425 0
L1 07    424 +010.3566 +001.1079 -004.3656 -008.8508 -000.1314 +006.0577 0
L1 08    424 +010.2335 +000.2195 -004.3152 +072.2905 -002.5757 +004.7135 0
L1 01    428 +010.6930 +003.5112 +001.2866 -000.9604 +000.9417 +001.1126 0
L1 02    428 +005.3092 +006.8735 +001.6983 -151.7139 -003.0572 -157.6636 0
L1 03    428 +011.4346 +003.5096 -000.8915 -006.8899 +003.2583 +091.4751 0
L1 04    428 +008.4115 +008.0433 +001.7752 -030.1556 -000.6233 +000.3719 0
L1 05    428 +014.3783 +010.1499 +001.9863 -109.2853 +000.8051 -006.1043 0
L1 06    428 +010.5746 +002.0190 -004.1834 -101.1500 +000.9393 +001.4419 0
L1 07    428 +010.3565 +001.1079 -004.3656 -008.8512 -000.1311 +006.0575 0
L1 08    428 +010.2334 +000.2195 -004.3152 +072.2901 -002.5754 +004.7140 0
L1 01    432 +010.6930 +003.5112 +001.2865 -000.9610 +000.9411 +001.1122 0
L1 02    432 +005.3092 +006.8735 +001.6984 -151.7145 -003.0568 -157.6653 0
L1 03    432 +011.4347 +003.5096 -000.8915 -006.8899 +003.2574 +091.4750 0
L1 04    432 +008.4115 +008.0433 +001.7752 -030.1553 -000.6235 +000.3719 0
L1 05    432 +014.3784 +010.1498 +001.9868 -109.2859 +000.8086 -006.1039 0
L1 06    432 +010.5746 +002.0190 -004.1834 -101.1501 +000.9393 +001.4429 0
L1 07    432 +010.3566 +001.1079 -004.3656 -008.8509 -000.1316 +006.0572 0
L1 08    432 +010.2336 +000.2195 -004.3152 +072.2901 -002.5754 +004.7127 0
L1 01    436 +010.6931 +003.5112 +001.2865 -000.9617 +000.9391 +001.1125 0
L1 02    436 +005.3093 +006.8735 +001.6984 -151.7161 -003.0567 -157.6699 0
L1 03    436 +011.4348 +003.5096 -000.8915 -006.8904 +003.2560 +091.4746 0
L1 04    436 +008.4116 +008.0432 +001.7752 -030.1562 -000.6230 +000.3715 0
L1 05    436 +014.3786 +010.1495 +001.9864 -109.2882 +000.8066 -006.1056 0
L1 06    436 +010.5748 +002.0189 -004.1834 -101.1523 +000.9391 +001.4442 0
L1 07    436 +010.3568 +001.1079 -004.3657 -008.8511 -000.1338 +006.0569 0
L1 08    436 +010.2338 +000.2194 -004.3152 +072.2902 -002.5754 +004.7101 0
L1 01    440 +010.6930 +003.5113 +001.2866 -000.9610 +000.9381 +001.1133 0
L1 02    440 +005.3093 +006.8735 +001.6984 -151.7167 -003.0562 -157.6742 0
L1 03    440 +011.4347 +003.5096 -000.8915 -006.8903 +003.2563 +091.4751 0
L1 04    440 +008.4116 +008.0432 +001.7752 -030.1563 -000.6233 +000.3716 0
L1 05    440 +014.3787 +010.1494 +001.9864 -109.2913 +000.8063 -006.1069 0
L1 06    440 +010.5748 +002.0190 -004.1834 -101.1518 +000.9398 +001.4439 0
L1 07    440 +010.3568 +001.1079 -004.3656 -008.8517 -000.1337 +006.0577 0
L1 08    440 +010.2337 +000.2194 -004.3152 +072.2898 -002.5758 +004.7111 0
L1 01    444 +010.6930 +003.5112 +001.2865 -000.9620 +000.9403 +001.1131 0
L1 02    444 +005.3092 +006.8735 +001.6984 -151.7164 -003.0559 -157.6777 0
L1 03    444 +011.4347 +003.5096 -000.8915 -006.8897 +003.2573 +091.4752 0
L1 04    444 +008.4116 +008.0432 +001.7752 -030.1562 -000.6235 +000.3715 0
L1 05    444 +014.3786 +010.1496 +001.9866 -109.2892 +000.8068 -006.1063 0
L1 06    444 +010.5747 +002.0190 -004.1834 -101.1518 +000.9394 +001.4428 0
L1 07    444 +010.3567 +001.1079 -004.3656 -008.8517 -000.1324 +006.0575 0
L1 08    444 +010.2336 +000.2195 -004.3152 +072.2896 -002.5752 +004.7131 0
L1 01    448 +010.6930 +003.5112 +001.2865 -000.9619 +000.9404 +001.1132 0
L1 02    448 +005.3093 +006.8735 +001.6984 -151.7177 -003.0552 -157.6803 0
L1 03    448 +011.4347 +003.5096 -000.8915 -006.8897 +003.2575 +091.4753 0
L1 04    448 +008.4116 +008.0433 +001.7752 -030.1560 -000.6236 +000.3714 0
L1 05    448 +014.3783 +010.1500 +001.9862 -109.2865 +000.8038 -006.1079 0
L1 06    448 +010.5747 +002.0190 -004.1835 -101.1522 +000.9394 +001.4426 0
L1 07    448 +010.3567 +001.1079 -004.3656 -008.8521 -000.1327 +006.0577 0
L1 08    448 +010.2336 +000.2195 -004.3152 +072.2900 -002.5753 +004.7129 0
