L1 01      5 +015.9322 +000.2347 +001.3413 -086.3771 +001.8180 +001.9884 0
L1 02      5 +005.3089 +006.8756 +001.6999 -151.7932 -003.0006 -158.0453 0
L1 03      5 +016.0297 -000.4859 -000.8453 -091.6762 +003.5254 +092.0462 0
L1 04      5 +008.4117 +008.0434 +001.7766 -030.1588 -000.6210 +000.3944 0
L1 05      5 +014.3781 +010.1633 +001.9847 -109.0608 +000.8511 -007.3267 0
L1 06      5 +014.4868 +000.2470 -004.1505 +174.4040 +001.4238 +001.2126 0
L1 07      5 +013.2391 +000.3835 -003.3315 -091.6482 +006.4643 -076.8628 0
L1 08      5 +013.0954 +000.3094 -002.5004 -006.9608 +074.1902 -000.8122 0
L1 01      9 +015.9322 +000.2345 +001.3407 -086.3757 +001.8216 +001.9825 0
L1 02      9 +005.3089 +006.8756 +001.6999 -151.7933 -003.0006 -158.0452 0
L1 03      9 +016.0297 -000.4861 -000.8452 -091.6775 +003.5257 +092.0459 0
L1 04      9 +008.4117 +008.0434 +001.7766 -030.1588 -000.6209 +000.3942 0
L1 05      9 +014.3781 +010.1632 +001.9846 -109.0612 +000.8506 -007.3281 0
L1 06      9 +014.4869 +000.2469 -004.1503 +174.4039 +001.4249 +001.2126 0
L1 07      9 +013.2391 +000.3834 -003.3315 -091.6489 +006.4642 -076.8633 0
L1 08      9 +013.0954 +000.3094 -002.5005 -006.9602 +074.1909 -000.8114 0
L1 01     13 +015.9322 +000.2347 +001.3408 -086.3692 +001.8210 +001.9831 0
L1 02     13 +005.3088 +006.8756 +001.6999 -151.7928 -003.0008 -158.0450 0
L1 03     13 +016.0297 -000.4857 -000.8453 -091.6738 +003.5261 +092.0458 0
L1 04     13 +008.4117 +008.0435 +001.7766 -030.1578 -000.6209 +000.3940 0
L1 05     13 +014.3779 +010.1636 +001.9848 -109.0582 +000.8521 -007.3273 0
L1 06     13 +014.4868 +000.2476 -004.1505 +174.4095 +001.4234 +001.2116 0
L1 07     13 +013.2391 +000.3835 -003.3316 -091.6480 +006.4649 -076.8640 0
L1 08     13 +013.0954 +000.3095 -002.5005 -006.9581 +074.1906 -000.8098 0
L1 01     17 +015.9321 +000.2347 +001.3409 -086.3661 +001.8206 +001.9845 0
L1 02     17 +005.3088 +006.8756 +001.6999 -151.7927 -003.0006 -158.0452 0
L1 03     17 +016.0297 -000.4856 -000.8452 -091.6731 +003.5259 +092.0461 0
L1 04     17 +008.4116 +008.0435 +001.7766 -030.1575 -000.6210 +000.3941 0
L1 05     17 +014.3781 +010.1634 +001.9849 -109.0593 +000.8529 -007.3264 0
L1 06     17 +014.4868 +000.2475 -004.1504 +174.4088 +001.4245 +001.2112 0
L1 07     17 +013.2391 +000.3835 -003.3316 -091.6478 +006.4650 -076.8640 0
L1 08     17 +013.0954 +000.3095 -002.5005 -006.9572 +074.1907 -000.8095 0
L1 01     21 +015.9321 +000.2348 +001.3410 -086.3626 +001.8232 +001.9865 0
L1 02     21 +005.3088 +006.8756 +001.6999 -151.7930 -003.0003 -158.0453 0
L1 03     21 +016.0297 -000.4858 -000.8451 -091.6752 +003.5262 +092.0465 0
L1 04     21 +008.4117 +008.0434 +001.7766 -030.1580 -000.6208 +000.3942 0
L1 05     21 +014.3780 +010.1634 +001.9850 -109.0596 +000.8531 -007.3279 0
L1 06     21 +014.4868 +000.2472 -004.1503 +174.4075 +001.4248 +001.2123 0
L1 07     21 +013.2391 +000.3835 -003.3316 -091.6477 +006.4646 -076.8647 0
L1 08     21 +013.0954 +000.3095 -002.5005 -006.9575 +074.1909 -000.8092 0
L1 01     25 +015.9322 +000.2348 +001.3411 -086.3577 +001.8258 +001.9896 0
L1 02     25 +005.3088 +006.8756 +001.6999 -151.7929 -003.0006 -158.0450 0
L1 03     25 +016.0297 -000.4858 -000.8452 -091.6754 +003.5253 +092.0464 0
L1 04     25 +008.4117 +008.0435 +001.7766 -030.1581 -000.6208 +000.3943 0
L1 05     25 +014.3779 +010.1635 +001.9847 -109.0590 +000.8518 -007.3293 0
L1 06     25 +014.4868 +000.2471 -004.1506 +174.4067 +001.4231 +001.2131 0
L1 07     25 +013.2391 +000.3835 -003.3316 -091.6477 +006.4651 -076.8639 0
L1 08     25 +013.0954 +000.3094 -002.5005 -006.9577 +074.1908 -000.8087 0
L1 01     29 +015.9322 +000.2347 +001.3410 -086.3537 +001.8270 +001.9867 0
L1 02     29 +005.3089 +006.8756 +001.6999 -151.7933 -003.0004 -158.0450 0
L1 03     29 +016.0297 -000.4859 -000.8452 -091.6762 +003.5251 +092.0459 0
L1 04     29 +008.4117 +008.0434 +001.7765 -030.1587 -000.6209 +000.3939 0
L1 05     29 +014.3782 +010.1631 +001.9848 -109.0618 +000.8509 -007.3277 0
L1 06     29 +014.4868 +000.2472 -004.1505 +174.4075 +001.4235 +001.2129 0
L1 07     29 +013.2391 +000.3834 -003.3316 -091.6485 +006.4643 -076.8640 0
L1 08     29 +013.0954 +000.3093 -002.5005 -006.9586 +074.1910 -000.8091 0
L1 01     33 +015.9322 +000.2349 +001.3411 -086.3445 +001.8291 +001.9890 0
L1 02     33 +005.3088 +006.8756 +001.6999 -151.7924 -003.0006 -158.0449 0
L1 03     33 +016.0297 -000.4857 -000.8451 -091.6739 +003.5253 +092.0465 0
L1 04     33 +008.4116 +008.0435 +001.7766 -030.1577 -000.6213 +000.3942 0
L1 05     33 +014.3779 +010.1637 +001.9849 -109.0576 +000.8514 -007.3283 0
L1 06     33 +014.4868 +000.2472 -004.1505 +174.4081 +001.4240 +001.2125 0
L1 07     33 +013.2391 +000.3835 -003.3315 -091.6468 +006.4641 -076.8631 0
L1 08     33 +013.0954 +000.3095 -002.5006 -006.9538 +074.1916 -000.8058 0
L1 01     37 +015.9322 +000.2351 +001.3412 -086.3432 +001.8283 +001.9913 0
L1 02     37 +005.3088 +006.8756 +001.6999 -151.7926 -003.0006 -158.0451 0
L1 03     37 +016.0296 -000.4857 -000.8452 -091.6739 +003.5253 +092.0462 0
L1 04     37 +008.4117 +008.0435 +001.7766 -030.1580 -000.6213 +000.3940 0
L1 05     37 +014.3780 +010.1636 +001.9850 -109.0582 +000.8519 -007.3278 0
L1 06     37 +014.4868 +000.2472 -004.1505 +174.4081 +001.4237 +001.2127 0
L1 07     37 +013.2391 +000.3833 -003.3315 -091.6484 +006.4639 -076.8636 0
L1 08     37 +013.0954 +000.3094 -002.5005 -006.9539 +074.1912 -000.8057 0
L1 01     41 +015.9321 +000.2350 +001.3411 -086.3430 +001.8273 +001.9888 0
L1 02     41 +005.3088 +006.8756 +001.6999 -151.7926 -003.0006 -158.0453 0
L1 03     41 +016.0296 -000.4857 -000.8452 -091.6739 +003.5255 +092.0459 0
L1 04     41 +008.4116 +008.0435 +001.7766 -030.1575 -000.6212 +000.3942 0
L1 05     41 +014.3776 +010.1641 +001.9852 -109.0537 +000.8520 -007.3261 0
L1 06     41 +014.4868 +000.2470 -004.1504 +174.4074 +001.4242 +001.2125 0
L1 07     41 +013.2391 +000.3832 -003.3315 -091.6489 +006.4639 -076.8636 0
L1 08     41 +013.0954 +000.3094 -002.5005 -006.9535 +074.1911 -000.8054 0
L1 01     45 +015.9321 +000.2349 +001.3411 -086.3440 +001.8293 +001.9894 0
L1 02     45 +005.3088 +006.8756 +001.6999 -151.7929 -003.0005 -158.0452 0
L1 03     45 +016.0296 -000.4860 -000.8451 -091.6767 +003.5254 +092.0466 0
L1 04     45 +008.4117 +008.0434 +001.7766 -030.1585 -000.6210 +000.3942 0
L1 05     45 +014.3783 +010.1632 +001.9846 -109.0629 +000.8513 -007.3297 0
L1 06     45 +014.4867 +000.2471 -004.1506 +174.4082 +001.4231 +001.2129 0
L1 07     45 +013.2391 +000.3834 -003.3315 -091.6485 +006.4643 -076.8628 0
L1 08     45 +013.0954 +000.3094 -002.5004 -006.9543 +074.1906 -000.8056 0
L1 01     49 +015.9321 +000.2347 +001.3412 -086.3426 +001.8287 +001.9908 0
L1 02     49 +005.3088 +006.8756 +001.6999 -151.7931 -003.0006 -158.0450 0
L1 03     49 +016.0297 -000.4857 -000.8451 -091.6747 +003.5248 +092.0470 0
L1 04     49 +008.4117 +008.0434 +001.7766 -030.1584 -000.6209 +000.3944 0
L1 05     49 +014.3780 +010.1635 +001.9848 -109.0603 +000.8517 -007.3289 0
L1 06     49 +014.4868 +000.2471 -004.1504 +174.4086 +001.4245 +001.2138 0
L1 07     49 +013.2391 +000.3834 -003.3314 -091.6477 +006.4642 -076.8621 0
L1 08     49 +013.0954 +000.3093 -002.5005 -006.9544 +074.1908 -000.8054 0
L1 01     53 +015.9322 +000.2349 +001.3411 -086.3385 +001.8299 +001.9896 0
L1 02     53 +005.3088 +006.8756 +001.6999 -151.7926 -003.0004 -158.0449 0
L1 03     53 +016.0297 -000.4858 -000.8451 -091.6747 +003.5253 +092.0468 0
L1 04     53 +008.4117 +008.0435 +001.7766 -030.1580 -000.6210 +000.3945 0
L1 05     53 +014.3779 +010.1635 +001.9851 -109.0586 +000.8529 -007.3284 0
L1 06     53 +014.4868 +000.2469 -004.1505 +174.4079 +001.4243 +001.2129 0
L1 07     53 +013.2391 +000.3834 -003.3314 -091.6479 +006.4644 -076.8624 0
L1 08     53 +013.0954 +000.3094 -002.5005 -006.9519 +074.1911 -000.8034 0
L1 01     57 +015.9322 +000.2351 +001.3410 -086.3311 +001.8298 +001.9888 0
L1 02     57 +005.3088 +006.8756 +001.7000 -151.7923 -003.0002 -158.0451 0
L1 03     57 +016.0297 -000.4857 -000.8452 -091.6736 +003.5254 +092.0461 0
L1 04     57 +008.4116 +008.0436 +001.7766 -030.1570 -000.6213 +000.3942 0
L1 05     57 +014.3778 +010.1638 +001.9852 -109.0568 +000.8534 -007.3279 0
L1 06     57 +014.4868 +000.2473 -004.1505 +174.4118 +001.4241 +001.2116 0
L1 07     57 +013.2391 +000.3833 -003.3314 -091.6477 +006.4648 -076.8624 0
L1 08     57 +013.0954 +000.3095 -002.5005 -006.9482 +074.1910 -000.8013 0
L1 01     61 +015.9321 +000.2350 +001.3409 -086.3292 +001.8321 +001.9897 0
L1 02     61 +005.3088 +006.8756 +001.7000 -151.7928 -003.0002 -158.0456 0
L1 03     61 +016.0296 -000.4857 -000.8452 -091.6739 +003.5253 +092.0464 0
L1 04     61 +008.4116 +008.0435 +001.7766 -030.1576 -000.6213 +000.3946 0
L1 05     61 +014.3781 +010.1633 +001.9850 -109.0595 +000.8534 -007.3293 0
L1 06     61 +014.4867 +000.2474 -004.1507 +174.4128 +001.4221 +001.2125 0
L1 07     61 +013.2391 +000.3834 -003.3315 -091.6474 +006.4647 -076.8630 0
L1 08     61 +013.0954 +000.3095 -002.5006 -006.9489 +074.1921 -000.8016 0
L1 01     65 +015.9321 +000.2350 +001.3409 -086.3261 +001.8348 +001.9898 0
L1 02     65 +005.3088 +006.8756 +001.6999 -151.7929 -003.0004 -158.0458 0
L1 03     65 +016.0296 -000.4858 -000.8452 -091.6753 +003.5248 +092.0460 0
L1 04     65 +008.4117 +008.0434 +001.7766 -030.1584 -000.6208 +000.3943 0
L1 05     65 +014.3783 +010.1630 +001.9849 -109.0620 +000.8529 -007.3300 0
L1 06     65 +014.4867 +000.2473 -004.1506 +174.4114 +001.4225 +001.2127 0
L1 07     65 +013.2391 +000.3835 -003.3314 -091.6469 +006.4650 -076.8623 0
L1 08     65 +013.0954 +000.3094 -002.5005 -006.9497 +074.1916 -000.8015 0
L1 01     69 +015.9322 +000.2350 +001.3411 -086.3198 +001.8372 +001.9930 0
L1 02     69 +005.3088 +006.8756 +001.6999 -151.7924 -003.0006 -158.0452 0
L1 03     69 +016.0297 -000.4860 -000.8453 -091.6759 +003.5251 +092.0460 0
L1 04     69 +008.4116 +008.0435 +001.7766 -030.1576 -000.6209 +000.3947 0
L1 05     69 +014.3778 +010.1638 +001.9852 -109.0577 +000.8540 -007.3294 0
L1 06     69 +014.4868 +000.2472 -004.1506 +174.4109 +001.4228 +001.2116 0
L1 07     69 +013.2391 +000.3836 -003.3316 -091.6466 +006.4655 -076.8633 0
L1 08     69 +013.0954 +000.3094 -002.5006 -006.9476 +074.1912 -000.7997 0
L1 01     73 +015.9322 +000.2350 +001.3410 -086.3161 +001.8390 +001.9915 0
L1 02     73 +005.3088 +006.8756 +001.7000 -151.7930 -003.0003 -158.0452 0
L1 03     73 +016.0297 -000.4857 -000.8454 -091.6744 +003.5253 +092.0455 0
L1 04     73 +008.4116 +008.0435 +001.7766 -030.1571 -000.6210 +000.3943 0
L1 05     73 +014.3779 +010.1638 +001.9847 -109.0555 +000.8516 -007.3314 0
L1 06     73 +014.4868 +000.2473 -004.1507 +174.4121 +001.4231 +001.2113 0
L1 07     73 +013.2392 +000.3834 -003.3315 -091.6471 +006.4652 -076.8624 0
L1 08     73 +013.0954 +000.3095 -002.5006 -006.9458 +074.1912 -000.7983 0
L1 01     77 +015.9322 +000.2349 +001.3408 -086.3147 +001.8397 +001.9914 0
L1 02     77 +005.3088 +006.8757 +001.6999 -151.7924 -003.0003 -158.0450 0
L1 03     77 +016.0297 -000.4858 -000.8450 -091.6746 +003.5255 +092.0474 0
L1 04     77 +008.4117 +008.0435 +001.7766 -030.1580 -000.6209 +000.3941 0
L1 05     77 +014.3775 +010.1640 +001.9850 -109.0541 +000.8519 -007.3290 0
L1 06     77 +014.4867 +000.2471 -004.1508 +174.4116 +001.4221 +001.2121 0
L1 07     77 +013.2391 +000.3835 -003.3316 -091.6465 +006.4659 -076.8627 0
L1 08     77 +013.0954 +000.3095 -002.5006 -006.9441 +074.1912 -000.7971 0
L1 01     81 +015.9322 +000.2348 +001.3409 -086.3140 +001.8399 +001.9925 0
L1 02     81 +005.3088 +006.8756 +001.7000 -151.7926 -003.0000 -158.0454 0
L1 03     81 +016.0297 -000.4860 -000.8453 -091.6763 +003.5250 +092.0457 0
L1 04     81 +008.4118 +008.0434 +001.7766 -030.1590 -000.6209 +000.3941 0
L1 05     81 +014.3783 +010.1630 +001.9848 -109.0609 +000.8520 -007.3309 0
L1 06     81 +014.4868 +000.2469 -004.1506 +174.4104 +001.4235 +001.2126 0
L1 07     81 +013.2391 +000.3833 -003.3315 -091.6484 +006.4656 -076.8624 0
L1 08     81 +013.0954 +000.3094 -002.5005 -006.9463 +074.1909 -000.7982 0
L1 01     85 +015.9322 +000.2351 +001.3411 -086.3098 +001.8401 +001.9946 0
L1 02     85 +005.3088 +006.8756 +001.7000 -151.7926 -003.0001 -158.0455 0
L1 03     85 +016.0296 -000.4860 -000.8452 -091.6762 +003.5247 +092.0462 0
L1 04     85 +008.4117 +008.0434 +001.7766 -030.1586 -000.6212 +000.3944 0
L1 05     85 +014.3782 +010.1632 +001.9848 -109.0616 +000.8520 -007.3308 0
L1 06     85 +014.4868 +000.2470 -004.1505 +174.4116 +001.4242 +001.2128 0
L1 07     85 +013.2391 +000.3832 -003.3316 -091.6486 +006.4651 -076.8631 0
L1 08     85 +013.0954 +000.3094 -002.5004 -006.9441 +074.1907 -000.7960 0
L1 01     89 +015.9321 +000.2352 +001.3411 -086.3057 +001.8399 +001.9957 0
L1 02     89 +005.3088 +006.8756 +001.6999 -151.7925 -003.0003 -158.0457 0
L1 03     89 +016.0297 -000.4858 -000.8453 -091.6752 +003.5252 +092.0460 0
L1 04     89 +008.4117 +008.0435 +001.7766 -030.1580 -000.6211 +000.3943 0
L1 05     89 +014.3780 +010.1635 +001.9848 -109.0603 +000.8505 -007.3299 0
L1 06     89 +014.4868 +000.2471 -004.1503 +174.4124 +001.4254 +001.2117 0
L1 07     89 +013.2390 +000.3833 -003.3318 -091.6482 +006.4660 -076.8649 0
L1 08     89 +013.0954 +000.3095 -002.5005 -006.9427 +074.1910 -000.7951 0
L1 01     93 +015.9321 +000.2354 +001.3410 -086.3012 +001.8418 +001.9940 0
L1 02     93 +005.3088 +006.8756 +001.6999 -151.7924 -003.0000 -158.0456 0
L1 03     93 +016.0297 -000.4858 -000.8453 -091.6750 +003.5253 +092.0459 0
L1 04     93 +008.4117 +008.0435 +001.7766 -030.1579 -000.6210 +000.3941 0
L1 05     93 +014.3776 +010.1640 +001.9850 -109.0558 +000.8517 -007.3290 0
L1 06     93 +014.4869 +000.2473 -004.1503 +174.4132 +001.4252 +001.2111 0
L1 07     93 +013.2391 +000.3834 -003.3316 -091.6476 +006.4660 -076.8632 0
L1 08     93 +013.0954 +000.3095 -002.5005 -006.9403 +074.1909 -000.7932 0
L1 01     97 +015.9321 +000.2350 +001.3408 -086.3017 +001.8429 +001.9920 0
L1 02     97 +005.3088 +006.8756 +001.6999 -151.7924 -003.0001 -158.0455 0
L1 03     97 +016.0297 -000.4858 -000.8453 -091.6753 +003.5251 +092.0456 0
L1 04     97 +008.4117 +008.0435 +001.7766 -030.1576 -000.6210 +000.3941 0
L1 05     97 +014.3780 +010.1636 +001.9847 -109.0584 +000.8520 -007.3318 0
L1 06     97 +014.4868 +000.2474 -004.1506 +174.4146 +001.4230 +001.2120 0
L1 07     97 +013.2391 +000.3833 -003.3318 -091.6485 +006.4665 -076.8645 0
L1 08     97 +013.0954 +000.3095 -002.5005 -006.9401 +074.1912 -000.7931 0
L1 01    101 +015.9321 +000.2351 +001.3411 -086.2966 +001.8435 +001.9962 0
L1 02    101 +005.3088 +006.8756 +001.6999 -151.7925 -003.0002 -158.0454 0
L1 03    101 +016.0296 -000.4859 -000.8452 -091.6759 +003.5250 +092.0465 0
L1 04    101 +008.4117 +008.0435 +001.7765 -030.1577 -000.6209 +000.3940 0
L1 05    101 +014.3780 +010.1635 +001.9849 -109.0597 +000.8532 -007.3322 0
L1 06    101 +014.4868 +000.2473 -004.1505 +174.4144 +001.4237 +001.2120 0
L1 07    101 +013.2391 +000.3832 -003.3316 -091.6486 +006.4664 -076.8630 0
L1 08    101 +013.0954 +000.3094 -002.5005 -006.9411 +074.1908 -000.7936 0
L1 01    105 +015.9321 +000.2352 +001.3409 -086.2925 +001.8455 +001.9940 0
L1 02    105 +005.3088 +006.8756 +001.6999 -151.7927 -003.0005 -158.0453 0
L1 03    105 +016.0297 -000.4859 -000.8452 -091.6757 +003.5249 +092.0465 0
L1 04    105 +008.4117 +008.0435 +001.7765 -030.1579 -000.6210 +000.3940 0
L1 05    105 +014.3779 +010.1637 +001.9848 -109.0579 +000.8511 -007.3308 0
L1 06    105 +014.4869 +000.2473 -004.1505 +174.4151 +001.4239 +001.2120 0
L1 07    105 +013.2391 +000.3833 -003.3316 -091.6482 +006.4674 -076.8630 0
L1 08    105 +013.0954 +000.3095 -002.5005 -006.9392 +074.1911 -000.7922 0
L1 01    109 +015.9321 +000.2352 +001.3410 -086.2906 +001.8449 +001.9962 0
L1 02    109 +005.3088 +006.8756 +001.6999 -151.7928 -003.0003 -158.0454 0
L1 03    109 +016.0297 -000.4859 -000.8451 -091.6752 +003.5249 +092.0470 0
L1 04    109 +008.4116 +008.0435 +001.7766 -030.1576 -000.6211 +000.3942 0
L1 05    109 +014.3779 +010.1636 +001.9850 -109.0583 +000.8523 -007.3317 0
L1 06    109 +014.4869 +000.2476 -004.1504 +174.4171 +001.4247 +001.2109 0
L1 07    109 +013.2391 +000.3834 -003.3315 -091.6473 +006.4676 -076.8622 0
L1 08    109 +013.0954 +000.3095 -002.5005 -006.9375 +074.1907 -000.7904 0
L1 01    113 +015.9321 +000.2353 +001.3411 -086.2870 +001.8466 +001.9967 0
L1 02    113 +005.3088 +006.8756 +001.6999 -151.7929 -003.0003 -158.0454 0
L1 03    113 +016.0297 -000.4858 -000.8451 -091.6748 +003.5256 +092.0471 0
L1 04    113 +008.4117 +008.0435 +001.7765 -030.1576 -000.6210 +000.3939 0
L1 05    113 +014.3780 +010.1635 +001.9849 -109.0594 +000.8521 -007.3313 0
L1 06    113 +014.4869 +000.2469 -004.1504 +174.4133 +001.4255 +001.2132 0
L1 07    113 +013.2391 +000.3833 -003.3316 -091.6480 +006.4678 -076.8627 0
L1 08    113 +013.0955 +000.3095 -002.5004 -006.9370 +074.1906 -000.7896 0
L1 01    117 +015.9321 +000.2350 +001.3411 -086.2870 +001.8449 +001.9963 0
L1 02    117 +005.3088 +006.8756 +001.6999 -151.7929 -003.0003 -158.0453 0
L1 03    117 +016.0296 -000.4859 -000.8452 -091.6759 +003.5250 +092.0464 0
L1 04    117 +008.4117 +008.0435 +001.7766 -030.1581 -000.6210 +000.3942 0
L1 05    117 +014.3781 +010.1632 +001.9849 -109.0611 +000.8521 -007.3313 0
L1 06    117 +014.4869 +000.2471 -004.1503 +174.4139 +001.4261 +001.2132 0
L1 07    117 +013.2391 +000.3833 -003.3316 -091.6486 +006.4672 -076.8629 0
L1 08    117 +013.0954 +000.3094 -002.5005 -006.9387 +074.1907 -000.7907 0
L1 01    121 +015.9321 +000.2352 +001.3410 -086.2814 +001.8451 +001.9955 0
L1 02    121 +005.3088 +006.8756 +001.6999 -151.7929 -003.0001 -158.0453 0
L1 03    121 +016.0296 -000.4857 -000.8453 -091.6742 +003.5247 +092.0458 0
L1 04    121 +008.4116 +008.0435 +001.7766 -030.1571 -000.6212 +000.3945 0
L1 05    121 +014.3777 +010.1639 +001.9854 -109.0555 +000.8541 -007.3293 0
L1 06    121 +014.4868 +000.2471 -004.1505 +174.4151 +001.4247 +001.2130 0
L1 07    121 +013.2391 +000.3834 -003.3315 -091.6472 +006.4673 -076.8625 0
L1 08    121 +013.0954 +000.3094 -002.5004 -006.9368 +074.1908 -000.7895 0
L1 01    125 +015.9321 +000.2351 +001.3409 -086.2802 +001.8458 +001.9953 0
L1 02    125 +005.3089 +006.8756 +001.6999 -151.7932 -003.0003 -158.0454 0
L1 03    125 +016.0296 -000.4857 -000.8453 -091.6745 +003.5247 +092.0453 0
L1 04    125 +008.4116 +008.0435 +001.7766 -030.1576 -000.6212 +000.3948 0
L1 05    125 +014.3777 +010.1637 +001.9851 -109.0562 +000.8530 -007.3313 0
L1 06    125 +014.4868 +000.2467 -004.1509 +174.4129 +001.4226 +001.2135 0
L1 07    125 +013.2391 +000.3836 -003.3315 -091.6456 +006.4677 -076.8622 0
L1 08    125 +013.0954 +000.3094 -002.5005 -006.9371 +074.1911 -000.7899 0
L1 01    129 +015.9321 +000.2352 +001.3411 -086.2767 +001.8471 +001.9982 0
L1 02    129 +005.3089 +006.8756 +001.6999 -151.7931 -003.0004 -158.0455 0
L1 03    129 +016.0296 -000.4858 -000.8454 -091.6754 +003.5249 +092.0454 0
L1 04    129 +008.4116 +008.0435 +001.7766 -030.1572 -000.6212 +000.3945 0
L1 05    129 +014.3778 +010.1638 +001.9852 -109.0564 +000.8532 -007.3304 0
L1 06    129 +014.4868 +000.2470 -004.1507 +174.4141 +001.4234 +001.2124 0
L1 07    129 +013.2391 +000.3835 -003.3316 -091.6465 +006.4670 -076.8626 0
L1 08    129 +013.0954 +000.3095 -002.5005 -006.9348 +074.1915 -000.7878 0
L1 01    133 +015.9321 +000.2349 +001.3409 -086.2781 +001.8480 +001.9948 0
L1 02    133 +005.3089 +006.8756 +001.6999 -151.7934 -003.0003 -158.0456 0
L1 03    133 +016.0297 -000.4859 -000.8453 -091.6762 +003.5246 +092.0453 0
L1 04    133 +008.4117 +008.0434 +001.7766 -030.1582 -000.6210 +000.3944 0
L1 05    133 +014.3781 +010.1631 +001.9852 -109.0616 +000.8534 -007.3310 0
L1 06    133 +014.4869 +000.2472 -004.1503 +174.4162 +001.4255 +001.2122 0
L1 07    133 +013.2391 +000.3834 -003.3317 -091.6480 +006.4670 -076.8640 0
L1 08    133 +013.0954 +000.3094 -002.5005 -006.9346 +074.1911 -000.7867 0
L1 01    137 +015.9321 +000.2352 +001.3411 -086.2721 +001.8485 +001.9986 0
L1 02    137 +005.3089 +006.8756 +001.6999 -151.7932 -003.0002 -158.0455 0
L1 03    137 +016.0296 -000.4858 -000.8454 -091.6754 +003.5251 +092.0455 0
L1 04    137 +008.4117 +008.0435 +001.7766 -030.1579 -000.6212 +000.3944 0
L1 05    137 +014.3778 +010.1637 +001.9850 -109.0573 +000.8532 -007.3333 0
L1 06    137 +014.4868 +000.2471 -004.1505 +174.4161 +001.4246 +001.2124 0
L1 07    137 +013.2391 +000.3835 -003.3317 -091.6467 +006.4671 -076.8634 0
L1 08    137 +013.0955 +000.3094 -002.5005 -006.9335 +074.1909 -000.7858 0
L1 01    141 +015.9321 +000.2353 +001.3411 -086.2690 +001.8492 +001.9990 0
L1 02    141 +005.3088 +006.8756 +001.6999 -151.7930 -003.0002 -158.0454 0
L1 03    141 +016.0296 -000.4858 -000.8453 -091.6749 +003.5255 +092.0460 0
L1 04    141 +008.4116 +008.0435 +001.7766 -030.1571 -000.6214 +000.3945 0
L1 05    141 +014.3778 +010.1637 +001.9848 -109.0569 +000.8525 -007.3343 0
L1 06    141 +014.4868 +000.2471 -004.1505 +174.4169 +001.4246 +001.2127 0
L1 07    141 +013.2391 +000.3835 -003.3316 -091.6461 +006.4679 -076.8624 0
L1 08    141 +013.0955 +000.3095 -002.5004 -006.9300 +074.1906 -000.7835 0
L1 01    145 +015.9320 +000.2354 +001.3414 -086.2661 +001.8480 +002.0031 0
L1 02    145 +005.3088 +006.8756 +001.6999 -151.7930 -003.0004 -158.0453 0
L1 03    145 +016.0296 -000.4857 -000.8452 -091.6741 +003.5249 +092.0466 0
L1 04    145 +008.4116 +008.0435 +001.7766 -030.1573 -000.6213 +000.3944 0
L1 05    145 +014.3780 +010.1635 +001.9848 -109.0592 +000.8522 -007.3341 0
L1 06    145 +014.4868 +000.2470 -004.1505 +174.4166 +001.4252 +001.2131 0
L1 07    145 +013.2392 +000.3835 -003.3315 -091.6462 +006.4684 -076.8625 0
L1 08    145 +013.0954 +000.3095 -002.5004 -006.9296 +074.1908 -000.7826 0
L1 01    149 +015.9320 +000.2355 +001.3413 -086.2630 +001.8484 +002.0016 0
L1 02    149 +005.3088 +006.8756 +001.6999 -151.7930 -003.0003 -158.0454 0
L1 03    149 +016.0296 -000.4857 -000.8451 -091.6740 +003.5249 +092.0475 0
L1 04    149 +008.4116 +008.0435 +001.7766 -030.1569 -000.6211 +000.3943 0
L1 05    149 +014.3779 +010.1637 +001.9848 -109.0571 +000.8516 -007.3331 0
L1 06    149 +014.4868 +000.2470 -004.1507 +174.4169 +001.4243 +001.2130 0
L1 07    149 +013.2391 +000.3835 -003.3316 -091.6460 +006.4681 -076.8628 0
L1 08    149 +013.0955 +000.3096 -002.5004 -006.9274 +074.1908 -000.7815 0
L1 01    153 +015.9321 +000.2353 +001.3413 -086.2629 +001.8483 +002.0023 0
L1 02    153 +005.3088 +006.8756 +001.6999 -151.7932 -003.0003 -158.0456 0
L1 03    153 +016.0296 -000.4858 -000.8452 -091.6745 +003.5245 +092.0467 0
L1 04    153 +008.4116 +008.0435 +001.7766 -030.1574 -000.6211 +000.3943 0
L1 05    153 +014.3781 +010.1633 +001.9848 -109.0592 +000.8521 -007.3341 0
L1 06    153 +014.4869 +000.2472 -004.1505 +174.4180 +001.4259 +001.2118 0
L1 07    153 +013.2392 +000.3837 -003.3313 -091.6439 +006.4677 -076.8606 0
L1 08    153 +013.0955 +000.3095 -002.5004 -006.9285 +074.1907 -000.7816 0
L1 01    157 +015.9320 +000.2353 +001.3411 -086.2616 +001.8508 +002.0000 0
L1 02    157 +005.3089 +006.8756 +001.6999 -151.7933 -003.0003 -158.0457 0
L1 03    157 +016.0296 -000.4860 -000.8452 -091.6763 +003.5247 +092.0470 0
L1 04    157 +008.4117 +008.0434 +001.7766 -030.1582 -000.6210 +000.3943 0
L1 05    157 +014.3782 +010.1631 +001.9849 -109.0611 +000.8522 -007.3336 0
L1 06    157 +014.4869 +000.2468 -004.1505 +174.4162 +001.4251 +001.2124 0
L1 07    157 +013.2391 +000.3835 -003.3314 -091.6458 +006.4676 -076.8615 0
L1 08    157 +013.0954 +000.3095 -002.5005 -006.9285 +074.1911 -000.7816 0
L1 01    161 +015.9320 +000.2354 +001.3411 -086.2603 +001.8508 +001.9993 0
L1 02    161 +005.3088 +006.8756 +001.6999 -151.7930 -003.0003 -158.0457 0
L1 03    161 +016.0296 -000.4861 -000.8454 -091.6772 +003.5247 +092.0456 0
L1 04    161 +008.4117 +008.0434 +001.7766 -030.1582 -000.6212 +000.3945 0
L1 05    161 +014.3777 +010.1636 +001.9852 -109.0572 +000.8531 -007.3322 0
L1 06    161 +014.4869 +000.2469 -004.1505 +174.4166 +001.4245 +001.2128 0
L1 07    161 +013.2391 +000.3833 -003.3315 -091.6471 +006.4672 -076.8616 0
L1 08    161 +013.0954 +000.3095 -002.5005 -006.9274 +074.1915 -000.7804 0
L1 01    165 +015.9320 +000.2355 +001.3409 -086.2584 +001.8503 +001.9978 0
L1 02    165 +005.3088 +006.8756 +001.6999 -151.7926 -003.0002 -158.0455 0
L1 03    165 +016.0297 -000.4858 -000.8454 -091.6745 +003.5254 +092.0446 0
L1 04    165 +008.4116 +008.0435 +001.7766 -030.1572 -000.6213 +000.3940 0
L1 05    165 +014.3777 +010.1639 +001.9850 -109.0551 +000.8523 -007.3347 0
L1 06    165 +014.4868 +000.2471 -004.1506 +174.4198 +001.4233 +001.2126 0
L1 07    165 +013.2392 +000.3833 -003.3314 -091.6469 +006.4681 -076.8612 0
L1 08    165 +013.0954 +000.3096 -002.5005 -006.9248 +074.1921 -000.7791 0
L1 01    169 +015.9320 +000.2353 +001.3409 -086.2581 +001.8487 +001.9986 0
L1 02    169 +005.3088 +006.8756 +001.6999 -151.7928 -003.0005 -158.0454 0
L1 03    169 +016.0297 -000.4856 -000.8452 -091.6732 +003.5246 +092.0469 0
L1 04    169 +008.4116 +008.0435 +001.7766 -030.1572 -000.6213 +000.3942 0
L1 05    169 +014.3780 +010.1635 +001.9850 -109.0584 +000.8526 -007.3344 0
L1 06    169 +014.4868 +000.2474 -004.1506 +174.4207 +001.4241 +001.2117 0
L1 07    169 +013.2392 +000.3835 -003.3315 -091.6458 +006.4689 -076.8616 0
L1 08    169 +013.0954 +000.3095 -002.5005 -006.9248 +074.1916 -000.7787 0
L1 01    173 +015.9320 +000.2353 +001.3412 -086.2556 +001.8497 +002.0027 0
L1 02    173 +005.3088 +006.8756 +001.6999 -151.7929 -003.0003 -158.0453 0
L1 03    173 +016.0296 -000.4857 -000.8453 -091.6744 +003.5247 +092.0467 0
L1 04    173 +008.4116 +008.0435 +001.7766 -030.1571 -000.6213 +000.3944 0
L1 05    173 +014.3781 +010.1634 +001.9848 -109.0585 +000.8530 -007.3354 0
L1 06    173 +014.4869 +000.2471 -004.1505 +174.4194 +001.4252 +001.2130 0
L1 07    173 +013.2392 +000.3836 -003.3314 -091.6454 +006.4699 -076.8610 0
L1 08    173 +013.0955 +000.3096 -002.5005 -006.9235 +074.1908 -000.7777 0
L1 01    177 +015.9320 +000.2353 +001.3411 -086.2542 +001.8518 +002.0033 0
L1 02    177 +005.3089 +006.8756 +001.7000 -151.7935 -003.0001 -158.0455 0
L1 03    177 +016.0297 -000.4860 -000.8452 -091.6771 +003.5248 +092.0470 0
L1 04    177 +008.4116 +008.0435 +001.7766 -030.1577 -000.6211 +000.3943 0
L1 05    177 +014.3783 +010.1632 +001.9844 -109.0616 +000.8502 -007.3364 0
L1 06    177 +014.4869 +000.2470 -004.1506 +174.4180 +001.4243 +001.2136 0
L1 07    177 +013.2391 +000.3836 -003.3316 -091.6459 +006.4702 -076.8616 0
L1 08    177 +013.0955 +000.3095 -002.5005 -006.9245 +074.1905 -000.7774 0
L1 01    181 +015.9320 +000.2353 +001.3411 -086.2500 +001.8533 +002.0028 0
L1 02    181 +005.3088 +006.8756 +001.7000 -151.7929 -002.9998 -158.0456 0
L1 03    181 +016.0297 -000.4859 -000.8452 -091.6758 +003.5251 +092.0472 0
L1 04    181 +008.4117 +008.0434 +001.7766 -030.1581 -000.6211 +000.3947 0
L1 05    181 +014.3784 +010.1631 +001.9845 -109.0611 +000.8507 -007.3362 0
L1 06    181 +014.4869 +000.2472 -004.1505 +174.4200 +001.4246 +001.2118 0
L1 07    181 +013.2392 +000.3836 -003.3316 -091.6456 +006.4699 -076.8614 0
L1 08    181 +013.0955 +000.3095 -002.5004 -006.9218 +074.1900 -000.7748 0
L1 01    185 +015.9320 +000.2353 +001.3411 -086.2482 +001.8539 +002.0024 0
L1 02    185 +005.3088 +006.8756 +001.6999 -151.7928 -003.0001 -158.0457 0
L1 03    185 +016.0297 -000.4859 -000.8452 -091.6763 +003.5248 +092.0472 0
L1 04    185 +008.4116 +008.0434 +001.7766 -030.1579 -000.6211 +000.3948 0
L1 05    185 +014.3783 +010.1631 +001.9849 -109.0612 +000.8514 -007.3347 0
L1 06    185 +014.4869 +000.2471 -004.1504 +174.4196 +001.4265 +001.2117 0
L1 07    185 +013.2392 +000.3835 -003.3317 -091.6463 +006.4705 -076.8621 0
L1 08    185 +013.0955 +000.3095 -002.5005 -006.9229 +074.1904 -000.7756 0
L1 01    189 +015.9320 +000.2354 +001.3409 -086.2438 +001.8544 +002.0012 0
L1 02    189 +005.3088 +006.8756 +001.6999 -151.7925 -003.0001 -158.0457 0
L1 03    189 +016.0297 -000.4857 -000.8453 -091.6741 +003.5247 +092.0461 0
L1 04    189 +008.4116 +008.0435 +001.7766 -030.1570 -000.6212 +000.3943 0
L1 05    189 +014.3774 +010.1644 +001.9850 -109.0515 +000.8508 -007.3330 0
L1 06    189 +014.4870 +000.2476 -004.1504 +174.4249 +001.4262 +001.2105 0
L1 07    189 +013.2392 +000.3837 -003.3315 -091.6439 +006.4712 -076.8613 0
L1 08    189 +013.0955 +000.3096 -002.5004 -006.9190 +074.1906 -000.7730 0
L1 01    193 +015.9320 +000.2356 +001.3411 -086.2419 +001.8541 +002.0052 0
L1 02    193 +005.3088 +006.8756 +001.6999 -151.7923 -003.0000 -158.0454 0
L1 03    193 +016.0297 -000.4856 -000.8453 -091.6739 +003.5248 +092.0466 0
L1 04    193 +008.4116 +008.0435 +001.7766 -030.1567 -000.6212 +000.3947 0
L1 05    193 +014.3778 +010.1638 +001.9845 -109.0555 +000.8513 -007.3376 0
L1 06    193 +014.4870 +000.2474 -004.1502 +174.4231 +001.4273 +001.2111 0
L1 07    193 +013.2392 +000.3837 -003.3315 -091.6441 +006.4721 -076.8609 0
L1 08    193 +013.0955 +000.3096 -002.5005 -006.9177 +074.1904 -000.7721 0
L1 01    197 +015.9320 +000.2357 +001.3411 -086.2404 +001.8551 +002.0052 0
L1 02    197 +005.3088 +006.8757 +001.6999 -151.7922 -003.0002 -158.0453 0
L1 03    197 +016.0297 -000.4858 -000.8452 -091.6746 +003.5249 +092.0473 0
L1 04    197 +008.4116 +008.0435 +001.7766 -030.1571 -000.6210 +000.3943 0
L1 05    197 +014.3781 +010.1635 +001.9855 -109.0570 +000.8548 -007.3342 0
L1 06    197 +014.4869 +000.2472 -004.1506 +174.4213 +001.4247 +001.2114 0
L1 07    197 +013.2392 +000.3838 -003.3316 -091.6442 +006.4717 -076.8619 0
L1 08    197 +013.0955 +000.3094 -002.5004 -006.9199 +074.1900 -000.7729 0
L1 01    201 +015.9320 +000.2351 +001.3411 -086.2433 +001.8539 +002.0050 0
L1 02    201 +005.3088 +006.8756 +001.6999 -151.7928 -003.0004 -158.0455 0
L1 03    201 +016.0297 -000.4857 -000.8452 -091.6755 +003.5243 +092.0468 0
L1 04    201 +008.4116 +008.0434 +001.7766 -030.1578 -000.6212 +000.3947 0
L1 05    201 +014.3781 +010.1634 +001.9848 -109.0588 +000.8524 -007.3367 0
L1 06    201 +014.4869 +000.2470 -004.1505 +174.4206 +001.4258 +001.2129 0
L1 07    201 +013.2392 +000.3834 -003.3316 -091.6467 +006.4714 -076.8613 0
L1 08    201 +013.0955 +000.3094 -002.5005 -006.9219 +074.1907 -000.7744 0
L1 01    205 +015.9319 +000.2351 +001.3409 -086.2421 +001.8540 +002.0041 0
L1 02    205 +005.3088 +006.8756 +001.6999 -151.7932 -003.0002 -158.0456 0
L1 03    205 +016.0297 -000.4857 -000.8452 -091.6754 +003.5242 +092.0471 0
L1 04    205 +008.4116 +008.0434 +001.7766 -030.1579 -000.6212 +000.3950 0
L1 05    205 +014.3780 +010.1633 +001.9849 -109.0591 +000.8527 -007.3358 0
L1 06    205 +014.4869 +000.2475 -004.1507 +174.4232 +001.4250 +001.2120 0
L1 07    205 +013.2391 +000.3833 -003.3317 -091.6476 +006.4715 -076.8624 0
L1 08    205 +013.0955 +000.3094 -002.5005 -006.9212 +074.1906 -000.7740 0
L1 01    209 +015.9320 +000.2353 +001.3410 -086.2386 +001.8542 +002.0045 0
L1 02    209 +005.3088 +006.8756 +001.6999 -151.7929 -003.0004 -158.0456 0
L1 03    209 +016.0297 -000.4856 -000.8453 -091.6743 +003.5243 +092.0465 0
L1 04    209 +008.4116 +008.0435 +001.7766 -030.1573 -000.6212 +000.3946 0
L1 05    209 +014.3779 +010.1637 +001.9848 -109.0560 +000.8511 -007.3362 0
L1 06    209 +014.4869 +000.2475 -004.1505 +174.4241 +001.4257 +001.2117 0
L1 07    209 +013.2392 +000.3835 -003.3316 -091.6455 +006.4724 -076.8614 0
L1 08    209 +013.0955 +000.3095 -002.5005 -006.9164 +074.1907 -000.7704 0
L1 01    213 +015.9320 +000.2355 +001.3410 -086.2340 +001.8539 +002.0042 0
L1 02    213 +005.3088 +006.8756 +001.6999 -151.7925 -003.0004 -158.0456 0
L1 03    213 +016.0297 -000.4855 -000.8452 -091.6733 +003.5247 +092.0469 0
L1 04    213 +008.4116 +008.0435 +001.7766 -030.1568 -000.6212 +000.3946 0
L1 05    213 +014.3779 +010.1639 +001.9850 -109.0564 +000.8528 -007.3366 0
L1 06    213 +014.4870 +000.2476 -004.1505 +174.4257 +001.4256 +001.2104 0
L1 07    213 +013.2392 +000.3835 -003.3316 -091.6454 +006.4734 -076.8616 0
L1 08    213 +013.0955 +000.3095 -002.5004 -006.9140 +074.1903 -000.7683 0
L1 01    217 +015.9320 +000.2354 +001.3412 -086.2341 +001.8541 +002.0070 0
L1 02    217 +005.3088 +006.8756 +001.6999 -151.7927 -003.0003 -158.0457 0
L1 03    217 +016.0297 -000.4857 -000.8455 -091.6750 +003.5246 +092.0456 0
L1 04    217 +008.4116 +008.0435 +001.7766 -030.1573 -000.6212 +000.3948 0
L1 05    217 +014.3781 +010.1634 +001.9850 -109.0590 +000.8535 -007.3371 0
L1 06    217 +014.4870 +000.2472 -004.1505 +174.4234 +001.4258 +001.2113 0
L1 07    217 +013.2392 +000.3835 -003.3315 -091.6459 +006.4731 -076.8611 0
L1 08    217 +013.0955 +000.3095 -002.5005 -006.9150 +074.1904 -000.7686 0
L1 01    221 +015.9319 +000.2354 +001.3412 -086.2329 +001.8556 +002.0084 0
L1 02    221 +005.3088 +006.8756 +001.6999 -151.7931 -003.0002 -158.0457 0
L1 03    221 +016.0297 -000.4859 -000.8452 -091.6769 +003.5247 +092.0473 0
L1 04    221 +008.4117 +008.0434 +001.7766 -030.1584 -000.6210 +000.3947 0
L1 05    221 +014.3782 +010.1632 +001.9849 -109.0604 +000.8524 -007.3374 0
L1 06    221 +014.4869 +000.2471 -004.1504 +174.4227 +001.4263 +001.2122 0
L1 07    221 +013.2393 +000.3834 -003.3316 -091.6468 +006.4735 -076.8609 0
L1 08    221 +013.0955 +000.3095 -002.5004 -006.9152 +074.1900 -000.7682 0
L1 01    225 +015.9319 +000.2354 +001.3412 -086.2303 +001.8566 +002.0086 0
L1 02    225 +005.3088 +006.8756 +001.6999 -151.7930 -003.0003 -158.0456 0
L1 03    225 +016.0297 -000.4862 -000.8451 -091.6782 +003.5247 +092.0476 0
L1 04    225 +008.4116 +008.0435 +001.7766 -030.1575 -000.6212 +000.3943 0
L1 05    225 +014.3784 +010.1632 +001.9844 -109.0607 +000.8508 -007.3392 0
L1 06    225 +014.4869 +000.2472 -004.1505 +174.4232 +001.4253 +001.2115 0
L1 07    225 +013.2392 +000.3834 -003.3316 -091.6470 +006.4735 -076.8612 0
L1 08    225 +013.0955 +000.3095 -002.5004 -006.9145 +074.1902 -000.7675 0
L1 01    229 +015.9320 +000.2357 +001.3415 -086.2233 +001.8554 +002.0111 0
L1 02    229 +005.3088 +006.8757 +001.6999 -151.7921 -003.0003 -158.0452 0
L1 03    229 +016.0297 -000.4857 -000.8453 -091.6755 +003.5247 +092.0474 0
L1 04    229 +008.4115 +008.0436 +001.7766 -030.1566 -000.6212 +000.3942 0
L1 05    229 +014.3775 +010.1644 +001.9850 -109.0523 +000.8522 -007.3375 0
L1 06    229 +014.4870 +000.2473 -004.1504 +174.4248 +001.4265 +001.2113 0
L1 07    229 +013.2393 +000.3835 -003.3314 -091.6453 +006.4742 -076.8592 0
L1 08    229 +013.0955 +000.3095 -002.5004 -006.9121 +074.1898 -000.7659 0
L1 01    233 +015.9319 +000.2355 +001.3414 -086.2237 +001.8541 +002.0096 0
L1 02    233 +005.3088 +006.8757 +001.6999 -151.7921 -003.0003 -158.0455 0
L1 03    233 +016.0297 -000.4857 -000.8453 -091.6741 +003.5242 +092.0467 0
L1 04    233 +008.4116 +008.0436 +001.7766 -030.1565 -000.6214 +000.3944 0
L1 05    233 +014.3776 +010.1641 +001.9848 -109.0520 +000.8517 -007.3379 0
L1 06    233 +014.4870 +000.2473 -004.1503 +174.4259 +001.4274 +001.2111 0
L1 07    233 +013.2393 +000.3835 -003.3315 -091.6453 +006.4745 -076.8605 0
L1 08    233 +013.0955 +000.3095 -002.5004 -006.9108 +074.1903 -000.7650 0
L1 01    237 +015.9319 +000.2354 +001.3412 -086.2235 +001.8559 +002.0073 0
L1 02    237 +005.3088 +006.8756 +001.6999 -151.7925 -003.0003 -158.0455 0
L1 03    237 +016.0297 -000.4857 -000.8453 -091.6748 +003.5251 +092.0466 0
L1 04    237 +008.4116 +008.0435 +001.7766 -030.1567 -000.6213 +000.3942 0
L1 05    237 +014.3778 +010.1639 +001.9846 -109.0530 +000.8504 -007.3387 0
L1 06    237 +014.4870 +000.2472 -004.1503 +174.4257 +001.4264 +001.2111 0
L1 07    237 +013.2393 +000.3836 -003.3314 -091.6441 +006.4744 -076.8600 0
L1 08    237 +013.0955 +000.3096 -002.5005 -006.9100 +074.1907 -000.7643 0
L1 01    241 +015.9319 +000.2355 +001.3411 -086.2203 +001.8569 +002.0081 0
L1 02    241 +005.3088 +006.8756 +001.6999 -151.7925 -003.0001 -158.0457 0
L1 03    241 +016.0297 -000.4857 -000.8454 -091.6741 +003.5247 +092.0461 0
L1 04    241 +008.4116 +008.0435 +001.7766 -030.1568 -000.6215 +000.3946 0
L1 05    241 +014.3780 +010.1636 +001.9847 -109.0561 +000.8510 -007.3382 0
L1 06    241 +014.4870 +000.2475 -004.1502 +174.4279 +001.4275 +001.2109 0
L1 07    241 +013.2392 +000.3837 -003.3315 -091.6442 +006.4753 -076.8608 0
L1 08    241 +013.0955 +000.3096 -002.5004 -006.9094 +074.1907 -000.7638 0
L1 01    245 +015.9320 +000.2355 +001.3410 -086.2170 +001.8602 +002.0076 0
L1 02    245 +005.3088 +006.8756 +001.6999 -151.7928 -003.0000 -158.0457 0
L1 03    245 +016.0297 -000.4862 -000.8452 -091.6782 +003.5247 +092.0467 0
L1 04    245 +008.4116 +008.0434 +001.7766 -030.1582 -000.6213 +000.3947 0
L1 05    245 +014.3780 +010.1634 +001.9847 -109.0580 +000.8515 -007.3398 0
L1 06    245 +014.4870 +000.2472 -004.1502 +174.4259 +001.4280 +001.2121 0
L1 07    245 +013.2392 +000.3835 -003.3315 -091.6456 +006.4747 -076.8606 0
L1 08    245 +013.0955 +000.3095 -002.5004 -006.9095 +074.1907 -000.7634 0
L1 01    249 +015.9320 +000.2353 +001.3409 -086.2131 +001.8610 +002.0066 0
L1 02    249 +005.3088 +006.8756 +001.6999 -151.7928 -003.0003 -158.0455 0
L1 03    249 +016.0297 -000.4859 -000.8453 -091.6767 +003.5246 +092.0465 0
L1 04    249 +008.4116 +008.0434 +001.7766 -030.1579 -000.6213 +000.3942 0
L1 05    249 +014.3779 +010.1635 +001.9846 -109.0578 +000.8507 -007.3402 0
L1 06    249 +014.4870 +000.2472 -004.1503 +174.4260 +001.4273 +001.2123 0
L1 07    249 +013.2393 +000.3835 -003.3315 -091.6460 +006.4745 -076.8606 0
L1 08    249 +013.0955 +000.3095 -002.5005 -006.9103 +074.1911 -000.7637 0
L1 01    253 +015.9319 +000.2354 +001.3410 -086.2066 +001.8627 +002.0099 0
L1 02    253 +005.3088 +006.8756 +001.6999 -151.7927 -003.0003 -158.0454 0
L1 03    253 +016.0297 -000.4859 -000.8451 -091.6758 +003.5246 +092.0478 0
L1 04    253 +008.4116 +008.0435 +001.7766 -030.1574 -000.6214 +000.3946 0
L1 05    253 +014.3778 +010.1636 +001.9849 -109.0572 +000.8528 -007.3393 0
L1 06    253 +014.4870 +000.2471 -004.1505 +174.4259 +001.4264 +001.2132 0
L1 07    253 +013.2393 +000.3834 -003.3314 -091.6455 +006.4752 -076.8599 0
L1 08    253 +013.0955 +000.3095 -002.5005 -006.9078 +074.1909 -000.7614 0
L1 01    257 +015.9319 +000.2357 +001.3412 -086.2029 +001.8628 +002.0115 0
L1 02    257 +005.3088 +006.8757 +001.6999 -151.7923 -003.0003 -158.0453 0
L1 03    257 +016.0297 -000.4859 -000.8452 -091.6754 +003.5244 +092.0476 0
L1 04    257 +008.4115 +008.0435 +001.7766 -030.1567 -000.6216 +000.3946 0
L1 05    257 +014.3777 +010.1639 +001.9847 -109.0547 +000.8526 -007.3414 0
L1 06    257 +014.4870 +000.2472 -004.1504 +174.4268 +001.4263 +001.2124 0
L1 07    257 +013.2392 +000.3836 -003.3315 -091.6437 +006.4752 -076.8604 0
L1 08    257 +013.0955 +000.3095 -002.5005 -006.9064 +074.1908 -000.7604 0
L1 01    261 +015.9319 +000.2356 +001.3409 -086.2045 +001.8620 +002.0074 0
L1 02    261 +005.3088 +006.8756 +001.6999 -151.7925 -003.0002 -158.0453 0
L1 03    261 +016.0297 -000.4857 -000.8451 -091.6738 +003.5243 +092.0470 0
L1 04    261 +008.4116 +008.0435 +001.7766 -030.1568 -000.6215 +000.3942 0
L1 05    261 +014.3777 +010.1638 +001.9850 -109.0545 +000.8530 -007.3393 0
L1 06    261 +014.4869 +000.2472 -004.1505 +174.4275 +001.4256 +001.2127 0
L1 07    261 +013.2393 +000.3835 -003.3314 -091.6442 +006.4750 -076.8603 0
L1 08    261 +013.0955 +000.3095 -002.5004 -006.9062 +074.1913 -000.7604 0
L1 01    265 +015.9319 +000.2358 +001.3412 -086.2029 +001.8627 +002.0128 0
L1 02    265 +005.3088 +006.8756 +001.6999 -151.7928 -003.0001 -158.0454 0
L1 03    265 +016.0296 -000.4857 -000.8452 -091.6743 +003.5238 +092.0472 0
L1 04    265 +008.4116 +008.0435 +001.7766 -030.1570 -000.6215 +000.3945 0
L1 05    265 +014.3782 +010.1633 +001.9850 -109.0583 +000.8529 -007.3398 0
L1 06    265 +014.4868 +000.2473 -004.1505 +174.4285 +001.4253 +001.2134 0
L1 07    265 +013.2392 +000.3836 -003.3316 -091.6444 +006.4751 -076.8615 0
L1 08    265 +013.0955 +000.3096 -002.5004 -006.9053 +074.1913 -000.7600 0
L1 01    269 +015.9319 +000.2357 +001.3413 -086.2047 +001.8617 +002.0136 0
L1 02    269 +005.3088 +006.8756 +001.6999 -151.7927 -003.0002 -158.0456 0
L1 03    269 +016.0296 -000.4857 -000.8452 -091.6746 +003.5239 +092.0473 0
L1 04    269 +008.4116 +008.0435 +001.7766 -030.1572 -000.6215 +000.3947 0
L1 05    269 +014.3779 +010.1637 +001.9848 -109.0559 +000.8525 -007.3398 0
L1 06    269 +014.4868 +000.2471 -004.1506 +174.4272 +001.4245 +001.2138 0
L1 07    269 +013.2391 +000.3836 -003.3317 -091.6442 +006.4752 -076.8625 0
L1 08    269 +013.0955 +000.3096 -002.5003 -006.9056 +074.1905 -000.7603 0
L1 01    273 +015.9319 +000.2354 +001.3412 -086.2066 +001.8616 +002.0118 0
L1 02    273 +005.3088 +006.8756 +001.6999 -151.7929 -003.0003 -158.0456 0
L1 03    273 +016.0297 -000.4858 -000.8452 -091.6753 +003.5241 +092.0471 0
L1 04    273 +008.4116 +008.0435 +001.7766 -030.1574 -000.6213 +000.3945 0
L1 05    273 +014.3781 +010.1634 +001.9844 -109.0578 +000.8511 -007.3412 0
L1 06    273 +014.4869 +000.2471 -004.1506 +174.4278 +001.4247 +001.2133 0
L1 07    273 +013.2392 +000.3834 -003.3315 -091.6453 +006.4757 -076.8606 0
L1 08    273 +013.0955 +000.3094 -002.5003 -006.9064 +074.1904 -000.7604 0
L1 01    277 +015.9319 +000.2355 +001.3412 -086.2050 +001.8618 +002.0126 0
L1 02    277 +005.3088 +006.8756 +001.6999 -151.7928 -003.0006 -158.0457 0
L1 03    277 +016.0297 -000.4859 -000.8451 -091.6766 +003.5240 +092.0477 0
L1 04    277 +008.4116 +008.0435 +001.7766 -030.1576 -000.6211 +000.3945 0
L1 05    277 +014.3780 +010.1635 +001.9846 -109.0579 +000.8528 -007.3413 0
L1 06    277 +014.4869 +000.2469 -004.1506 +174.4263 +001.4251 +001.2134 0
L1 07    277 +013.2392 +000.3834 -003.3316 -091.6456 +006.4755 -076.8614 0
L1 08    277 +013.0955 +000.3094 -002.5004 -006.9057 +074.1905 -000.7589 0
L1 01    281 +015.9319 +000.2357 +001.3411 -086.2011 +001.8611 +002.0121 0
L1 02    281 +005.3088 +006.8756 +001.6999 -151.7923 -003.0003 -158.0457 0
L1 03    281 +016.0297 -000.4855 -000.8453 -091.6731 +003.5244 +092.0469 0
L1 04    281 +008.4116 +008.0435 +001.7766 -030.1566 -000.6211 +000.3941 0
L1 05    281 +014.3774 +010.1644 +001.9849 -109.0513 +000.8505 -007.3384 0
L1 06    281 +014.4870 +000.2472 -004.1506 +174.4282 +001.4253 +001.2126 0
L1 07    281 +013.2392 +000.3834 -003.3316 -091.6454 +006.4759 -076.8605 0
L1 08    281 +013.0955 +000.3095 -002.5004 -006.9018 +074.1903 -000.7565 0
L1 01    285 +015.9319 +000.2357 +001.3410 -086.1993 +001.8621 +002.0126 0
L1 02    285 +005.3088 +006.8756 +001.7000 -151.7923 -003.0003 -158.0459 0
L1 03    285 +016.0297 -000.4857 -000.8452 -091.6742 +003.5245 +092.0474 0
L1 04    285 +008.4115 +008.0436 +001.7766 -030.1563 -000.6213 +000.3946 0
L1 05    285 +014.3779 +010.1636 +001.9848 -109.0562 +000.8523 -007.3401 0
L1 06    285 +014.4869 +000.2473 -004.1508 +174.4301 +001.4248 +001.2136 0
L1 07    285 +013.2392 +000.3836 -003.3316 -091.6441 +006.4764 -076.8607 0
L1 08    285 +013.0955 +000.3095 -002.5005 -006.9011 +074.1904 -000.7557 0
L1 01    289 +015.9319 +000.2356 +001.3409 -086.2004 +001.8630 +002.0111 0
L1 02    289 +005.3088 +006.8756 +001.7000 -151.7931 -003.0002 -158.0460 0
L1 03    289 +016.0297 -000.4857 -000.8453 -091.6745 +003.5243 +092.0473 0
L1 04    289 +008.4116 +008.0435 +001.7766 -030.1571 -000.6211 +000.3942 0
L1 05    289 +014.3781 +010.1636 +001.9846 -109.0569 +000.8512 -007.3409 0
L1 06    289 +014.4869 +000.2473 -004.1506 +174.4308 +001.4260 +001.2130 0
L1 07    289 +013.2392 +000.3835 -003.3316 -091.6446 +006.4772 -076.8604 0
L1 08    289 +013.0955 +000.3095 -002.5005 -006.8999 +074.1907 -000.7544 0
L1 01    293 +015.9319 +000.2355 +001.3410 -086.2026 +001.8622 +002.0120 0
L1 02    293 +005.3088 +006.8756 +001.7000 -151.7931 -003.0001 -158.0460 0
L1 03    293 +016.0297 -000.4860 -000.8453 -091.6777 +003.5242 +092.0466 0
L1 04    293 +008.4116 +008.0434 +001.7766 -030.1582 -000.6210 +000.3948 0
L1 05    293 +014.3782 +010.1632 +001.9846 -109.0588 +000.8512 -007.3414 0
L1 06    293 +014.4870 +000.2471 -004.1507 +174.4290 +001.4255 +001.2135 0
L1 07    293 +013.2392 +000.3835 -003.3317 -091.6454 +006.4773 -076.8611 0
L1 08    293 +013.0955 +000.3094 -002.5005 -006.9007 +074.1907 -000.7543 0
L1 01    297 +015.9319 +000.2354 +001.3409 -086.2024 +001.8622 +002.0113 0
L1 02    297 +005.3088 +006.8756 +001.7000 -151.7925 -003.0002 -158.0459 0
L1 03    297 +016.0297 -000.4859 -000.8454 -091.6758 +003.5252 +092.0453 0
L1 04    297 +008.4116 +008.0435 +001.7765 -030.1571 -000.6211 +000.3941 0
L1 05    297 +014.3780 +010.1636 +001.9850 -109.0563 +000.8527 -007.3404 0
L1 06    297 +014.4869 +000.2472 -004.1508 +174.4302 +001.4241 +001.2126 0
L1 07    297 +013.2393 +000.3835 -003.3315 -091.6449 +006.4778 -076.8602 0
L1 08    297 +013.0955 +000.3095 -002.5005 -006.8993 +074.1909 -000.7537 0
L1 01    301 +015.9319 +000.2356 +001.3409 -086.2005 +001.8637 +002.0116 0
L1 02    301 +005.3088 +006.8756 +001.7000 -151.7925 -002.9999 -158.0457 0
L1 03    301 +016.0297 -000.4860 -000.8454 -091.6760 +003.5243 +092.0458 0
L1 04    301 +008.4115 +008.0436 +001.7766 -030.1560 -000.6215 +000.3947 0
L1 05    301 +014.3777 +010.1639 +001.9851 -109.0537 +000.8528 -007.3390 0
L1 06    301 +014.4869 +000.2473 -004.1505 +174.4315 +001.4256 +001.2120 0
L1 07    301 +013.2392 +000.3836 -003.3317 -091.6442 +006.4780 -076.8615 0
L1 08    301 +013.0955 +000.3096 -002.5005 -006.8959 +074.1910 -000.7518 0
L1 01    305 +015.9319 +000.2356 +001.3409 -086.2006 +001.8625 +002.0123 0
L1 02    305 +005.3088 +006.8756 +001.7000 -151.7927 -003.0000 -158.0457 0
L1 03    305 +016.0297 -000.4859 -000.8453 -091.6754 +003.5241 +092.0463 0
L1 04    305 +008.4115 +008.0436 +001.7766 -030.1562 -000.6213 +000.3946 0
L1 05    305 +014.3782 +010.1634 +001.9849 -109.0572 +000.8530 -007.3401 0
L1 06    305 +014.4869 +000.2473 -004.1507 +174.4317 +001.4248 +001.2125 0
L1 07    305 +013.2392 +000.3836 -003.3316 -091.6439 +006.4783 -076.8615 0
L1 08    305 +013.0955 +000.3096 -002.5004 -006.8964 +074.1909 -000.7518 0
L1 01    309 +015.9320 +000.2357 +001.3411 -086.1990 +001.8625 +002.0143 0
L1 02    309 +005.3089 +006.8756 +001.7000 -151.7935 -003.0001 -158.0460 0
L1 03    309 +016.0297 -000.4860 -000.8453 -091.6764 +003.5242 +092.0471 0
L1 04    309 +008.4115 +008.0435 +001.7766 -030.1567 -000.6211 +000.3945 0
L1 05    309 +014.3780 +010.1635 +001.9846 -109.0564 +000.8512 -007.3424 0
L1 06    309 +014.4870 +000.2476 -004.1505 +174.4328 +001.4262 +001.2113 0
L1 07    309 +013.2393 +000.3835 -003.3316 -091.6447 +006.4790 -076.8610 0
L1 08    309 +013.0955 +000.3096 -002.5004 -006.8963 +074.1902 -000.7512 0
L1 01    313 +015.9320 +000.2358 +001.3415 -086.1959 +001.8620 +002.0213 0
L1 02    313 +005.3088 +006.8756 +001.7000 -151.7931 -003.0002 -158.0458 0
L1 03    313 +016.0297 -000.4858 -000.8451 -091.6752 +003.5240 +092.0486 0
L1 04    313 +008.4116 +008.0435 +001.7766 -030.1571 -000.6211 +000.3946 0
L1 05    313 +014.3779 +010.1637 +001.9848 -109.0569 +000.8524 -007.3435 0
L1 06    313 +014.4870 +000.2475 -004.1508 +174.4326 +001.4253 +001.2115 0
L1 07    313 +013.2393 +000.3836 -003.3317 -091.6443 +006.4797 -076.8611 0
L1 08    313 +013.0956 +000.3096 -002.5005 -006.8956 +074.1901 -000.7503 0
L1 01    317 +015.9319 +000.2356 +001.3414 -086.1946 +001.8626 +002.0220 0
L1 02    317 +005.3088 +006.8756 +001.6999 -151.7929 -003.0001 -158.0459 0
L1 03    317 +016.0297 -000.4857 -000.8450 -091.6747 +003.5240 +092.0489 0
L1 04    317 +008.4115 +008.0436 +001.7766 -030.1566 -000.6214 +000.3948 0
L1 05    317 +014.3780 +010.1635 +001.9848 -109.0577 +000.8523 -007.3429 0
L1 06    317 +014.4870 +000.2473 -004.1506 +174.4326 +001.4265 +001.2126 0
L1 07    317 +013.2393 +000.3838 -003.3317 -091.6420 +006.4800 -076.8604 0
L1 08    317 +013.0956 +000.3096 -002.5005 -006.8922 +074.1902 -000.7474 0
L1 01    321 +015.9319 +000.2357 +001.3414 -086.1945 +001.8626 +002.0195 0
L1 02    321 +005.3088 +006.8756 +001.7000 -151.7928 -002.9997 -158.0458 0
L1 03    321 +016.0298 -000.4857 -000.8452 -091.6742 +003.5243 +092.0485 0
L1 04    321 +008.4115 +008.0436 +001.7767 -030.1564 -000.6215 +000.3949 0
L1 05    321 +014.3779 +010.1637 +001.9848 -109.0555 +000.8524 -007.3424 0
L1 06    321 +014.4870 +000.2475 -004.1507 +174.4339 +001.4257 +001.2123 0
L1 07    321 +013.2393 +000.3838 -003.3315 -091.6418 +006.4809 -076.8593 0
L1 08    321 +013.0956 +000.3096 -002.5004 -006.8909 +074.1901 -000.7467 0
L1 01    325 +015.9319 +000.2357 +001.3414 -086.1945 +001.8621 +002.0190 0
L1 02    325 +005.3088 +006.8756 +001.7000 -151.7927 -002.9998 -158.0455 0
L1 03    325 +016.0297 -000.4856 -000.8452 -091.6736 +003.5247 +092.0480 0
L1 04    325 +008.4115 +008.0436 +001.7767 -030.1560 -000.6215 +000.3949 0
L1 05    325 +014.3779 +010.1638 +001.9846 -109.0548 +000.8503 -007.3423 0
L1 06    325 +014.4870 +000.2471 -004.1507 +174.4326 +001.4258 +001.2128 0
L1 07    325 +013.2393 +000.3837 -003.3315 -091.6424 +006.4805 -076.8591 0
L1 08    325 +013.0955 +000.3096 -002.5004 -006.8905 +074.1903 -000.7460 0
L1 01    329 +015.9319 +000.2356 +001.3413 -086.1949 +001.8630 +002.0182 0
L1 02    329 +005.3088 +006.8756 +001.7000 -151.7928 -002.9997 -158.0455 0
L1 03    329 +016.0298 -000.4858 -000.8453 -091.6750 +003.5247 +092.0475 0
L1 04    329 +008.4116 +008.0435 +001.7767 -030.1564 -000.6215 +000.3949 0
L1 05    329 +014.3781 +010.1634 +001.9845 -109.0570 +000.8507 -007.3441 0
L1 06    329 +014.4870 +000.2473 -004.1506 +174.4327 +001.4256 +001.2129 0
L1 07    329 +013.2393 +000.3838 -003.3315 -091.6419 +006.4811 -076.8590 0
L1 08    329 +013.0955 +000.3096 -002.5004 -006.8908 +074.1904 -000.7464 0
L1 01    333 +015.9319 +000.2355 +001.3411 -086.1949 +001.8617 +002.0162 0
L1 02    333 +005.3088 +006.8756 +001.7000 -151.7929 -002.9998 -158.0454 0
L1 03    333 +016.0298 -000.4856 -000.8453 -091.6741 +003.5240 +092.0471 0
L1 04    333 +008.4115 +008.0436 +001.7767 -030.1561 -000.6216 +000.3949 0
L1 05    333 +014.3779 +010.1636 +001.9849 -109.0555 +000.8532 -007.3410 0
L1 06    333 +014.4870 +000.2471 -004.1505 +174.4320 +001.4267 +001.2127 0
L1 07    333 +013.2393 +000.3835 -003.3315 -091.6437 +006.4807 -076.8592 0
L1 08    333 +013.0955 +000.3096 -002.5004 -006.8903 +074.1906 -000.7458 0
L1 01    337 +015.9319 +000.2354 +001.3412 -086.1935 +001.8619 +002.0175 0
L1 02    337 +005.3088 +006.8756 +001.7000 -151.7929 -003.0000 -158.0455 0
L1 03    337 +016.0298 -000.4858 -000.8453 -091.6756 +003.5239 +092.0474 0
L1 04    337 +008.4116 +008.0435 +001.7766 -030.1568 -000.6215 +000.3945 0
L1 05    337 +014.3781 +010.1634 +001.9849 -109.0571 +000.8525 -007.3420 0
L1 06    337 +014.4870 +000.2470 -004.1505 +174.4315 +001.4266 +001.2129 0
L1 07    337 +013.2393 +000.3836 -003.3316 -091.6435 +006.4803 -076.8601 0
L1 08    337 +013.0955 +000.3095 -002.5004 -006.8909 +074.1903 -000.7461 0
L1 01    341 +015.9319 +000.2355 +001.3410 -086.1913 +001.8628 +002.0151 0
L1 02    341 +005.3088 +006.8756 +001.7000 -151.7929 -002.9997 -158.0457 0
L1 03    341 +016.0298 -000.4858 -000.8452 -091.6750 +003.5241 +092.0474 0
L1 04    341 +008.4116 +008.0435 +001.7767 -030.1567 -000.6216 +000.3948 0
L1 05    341 +014.3778 +010.1639 +001.9851 -109.0537 +000.8533 -007.3419 0
L1 06    341 +014.4869 +000.2471 -004.1507 +174.4329 +001.4258 +001.2123 0
L1 07    341 +013.2392 +000.3836 -003.3317 -091.6436 +006.4805 -076.8611 0
L1 08    341 +013.0955 +000.3096 -002.5004 -006.8892 +074.1905 -000.7449 0
L1 01    345 +015.9319 +000.2354 +001.3413 -086.1910 +001.8610 +002.0190 0
L1 02    345 +005.3088 +006.8756 +001.7000 -151.7930 -002.9997 -158.0458 0
L1 03    345 +016.0298 -000.4857 -000.8453 -091.6750 +003.5240 +092.0473 0
L1 04    345 +008.4116 +008.0435 +001.7766 -030.1566 -000.6214 +000.3948 0
L1 05    345 +014.3780 +010.1636 +001.9848 -109.0565 +000.8522 -007.3434 0
L1 06    345 +014.4870 +000.2473 -004.1505 +174.4339 +001.4275 +001.2122 0
L1 07    345 +013.2393 +000.3834 -003.3316 -091.6446 +006.4806 -076.8605 0
L1 08    345 +013.0956 +000.3095 -002.5004 -006.8893 +074.1901 -000.7442 0
L1 01    349 +015.9319 +000.2356 +001.3412 -086.1884 +001.8619 +002.0186 0
L1 02    349 +005.3088 +006.8756 +001.7000 -151.7927 -003.0000 -158.0456 0
L1 03    349 +016.0298 -000.4856 -000.8453 -091.6738 +003.5238 +092.0474 0
L1 04    349 +008.4115 +008.0436 +001.7767 -030.1562 -000.6217 +000.3949 0
L1 05    349 +014.3780 +010.1636 +001.9846 -109.0560 +000.8510 -007.3440 0
L1 06    349 +014.4870 +000.2471 -004.1505 +174.4334 +001.4271 +001.2124 0
L1 07    349 +013.2392 +000.3837 -003.3316 -091.6434 +006.4817 -076.8605 0
L1 08    349 +013.0956 +000.3096 -002.5004 -006.8863 +074.1900 -000.7421 0
L1 01    353 +015.9319 +000.2355 +001.3414 -086.1877 +001.8617 +002.0207 0
L1 02    353 +005.3089 +006.8756 +001.7000 -151.7932 -002.9999 -158.0456 0
L1 03    353 +016.0297 -000.4857 -000.8452 -091.6749 +003.5237 +092.0481 0
L1 04    353 +008.4116 +008.0435 +001.7767 -030.1570 -000.6216 +000.3950 0
L1 05    353 +014.3782 +010.1631 +001.9849 -109.0598 +000.8528 -007.3431 0
L1 06    353 +014.4870 +000.2471 -004.1504 +174.4339 +001.4281 +001.2130 0
L1 07    353 +013.2393 +000.3836 -003.3315 -091.6432 +006.4823 -076.8597 0
L1 08    353 +013.0955 +000.3095 -002.5003 -006.8880 +074.1899 -000.7430 0
L1 01    357 +015.9319 +000.2356 +001.3414 -086.1852 +001.8631 +002.0199 0
L1 02    357 +005.3089 +006.8756 +001.7000 -151.7932 -003.0000 -158.0453 0
L1 03    357 +016.0297 -000.4858 -000.8452 -091.6752 +003.5237 +092.0481 0
L1 04    357 +008.4116 +008.0435 +001.7766 -030.1568 -000.6217 +000.3945 0
L1 05    357 +014.3780 +010.1634 +001.9848 -109.0566 +000.8520 -007.3431 0
L1 06    357 +014.4870 +000.2471 -004.1505 +174.4343 +001.4269 +001.2127 0
L1 07    357 +013.2392 +000.3838 -003.3316 -091.6420 +006.4819 -076.8599 0
L1 08    357 +013.0955 +000.3095 -002.5004 -006.8862 +074.1904 -000.7414 0
L1 01    361 +015.9319 +000.2356 +001.3413 -086.1847 +001.8627 +002.0197 0
L1 02    361 +005.3088 +006.8756 +001.7000 -151.7931 -002.9998 -158.0454 0
L1 03    361 +016.0298 -000.4858 -000.8452 -091.6753 +003.5235 +092.0478 0
L1 04    361 +008.4116 +008.0435 +001.7766 -030.1566 -000.6215 +000.3944 0
L1 05    361 +014.3781 +010.1633 +001.9850 -109.0588 +000.8528 -007.3424 0
L1 06    361 +014.4870 +000.2472 -004.1505 +174.4359 +001.4268 +001.2124 0
L1 07    361 +013.2393 +000.3836 -003.3316 -091.6430 +006.4824 -076.8606 0
L1 08    361 +013.0955 +000.3095 -002.5003 -006.8857 +074.1903 -000.7412 0
L1 01    365 +015.9319 +000.2356 +001.3411 -086.1847 +001.8621 +002.0184 0
L1 02    365 +005.3089 +006.8756 +001.7000 -151.7931 -002.9999 -158.0455 0
L1 03    365 +016.0298 -000.4859 -000.8451 -091.6753 +003.5238 +092.0480 0
L1 04    365 +008.4116 +008.0436 +001.7766 -030.1564 -000.6215 +000.3945 0
L1 05    365 +014.3782 +010.1633 +001.9849 -109.0586 +000.8529 -007.3438 0
L1 06    365 +014.4870 +000.2475 -004.1506 +174.4373 +001.4265 +001.2118 0
L1 07    365 +013.2393 +000.3836 -003.3316 -091.6433 +006.4822 -076.8604 0
L1 08    365 +013.0955 +000.3096 -002.5004 -006.8849 +074.1908 -000.7407 0
L1 01    369 +015.9319 +000.2355 +001.3413 -086.1839 +001.8624 +002.0202 0
L1 02    369 +005.3088 +006.8756 +001.7000 -151.7929 -002.9999 -158.0456 0
L1 03    369 +016.0298 -000.4859 -000.8451 -091.6759 +003.5235 +092.0483 0
L1 04    369 +008.4116 +008.0435 +001.7767 -030.1572 -000.6214 +000.3949 0
L1 05    369 +014.3781 +010.1634 +001.9850 -109.0574 +000.8527 -007.3428 0
L1 06    369 +014.4870 +000.2471 -004.1503 +174.4354 +001.4279 +001.2124 0
L1 07    369 +013.2393 +000.3836 -003.3317 -091.6435 +006.4825 -076.8608 0
L1 08    369 +013.0955 +000.3096 -002.5004 -006.8854 +074.1906 -000.7408 0
L1 01    373 +015.9318 +000.2357 +001.3410 -086.1795 +001.8645 +002.0176 0
L1 02    373 +005.3088 +006.8756 +001.7000 -151.7926 -002.9995 -158.0457 0
L1 03    373 +016.0298 -000.4861 -000.8452 -091.6766 +003.5240 +092.0474 0
L1 04    373 +008.4115 +008.0435 +001.7766 -030.1565 -000.6216 +000.3946 0
L1 05    373 +014.3780 +010.1635 +001.9852 -109.0553 +000.8539 -007.3434 0
L1 06    373 +014.4870 +000.2473 -004.1506 +174.4368 +001.4260 +001.2113 0
L1 07    373 +013.2392 +000.3837 -003.3316 -091.6428 +006.4828 -076.8601 0
L1 08    373 +013.0955 +000.3096 -002.5004 -006.8818 +074.1911 -000.7380 0
L1 01    377 +015.9318 +000.2356 +001.3409 -086.1788 +001.8653 +002.0162 0
L1 02    377 +005.3088 +006.8756 +001.7000 -151.7929 -002.9998 -158.0457 0
L1 03    377 +016.0298 -000.4860 -000.8451 -091.6767 +003.5241 +092.0477 0
L1 04    377 +008.4116 +008.0434 +001.7766 -030.1575 -000.6216 +000.3947 0
L1 05    377 +014.3783 +010.1631 +001.9849 -109.0588 +000.8532 -007.3438 0
L1 06    377 +014.4870 +000.2473 -004.1505 +174.4366 +001.4264 +001.2117 0
L1 07    377 +013.2393 +000.3835 -003.3314 -091.6438 +006.4828 -076.8585 0
L1 08    377 +013.0955 +000.3096 -002.5005 -006.8820 +074.1913 -000.7376 0
L1 01    381 +015.9318 +000.2356 +001.3409 -086.1767 +001.8647 +002.0164 0
L1 02    381 +005.3088 +006.8756 +001.7000 -151.7928 -002.9996 -158.0455 0
L1 03    381 +016.0297 -000.4857 -000.8453 -091.6748 +003.5236 +092.0468 0
L1 04    381 +008.4116 +008.0435 +001.7766 -030.1565 -000.6218 +000.3947 0
L1 05    381 +014.3781 +010.1636 +001.9847 -109.0549 +000.8523 -007.3454 0
L1 06    381 +014.4870 +000.2473 -004.1505 +174.4377 +001.4265 +001.2125 0
L1 07    381 +013.2393 +000.3835 -003.3315 -091.6437 +006.4831 -076.8594 0
L1 08    381 +013.0955 +000.3096 -002.5005 -006.8807 +074.1915 -000.7366 0
L1 01    385 +015.9318 +000.2359 +001.3411 -086.1738 +001.8662 +002.0195 0
L1 02    385 +005.3088 +006.8756 +001.7000 -151.7927 -002.9997 -158.0455 0
L1 03    385 +016.0297 -000.4859 -000.8451 -091.6756 +003.5238 +092.0481 0
L1 04    385 +008.4116 +008.0435 +001.7766 -030.1564 -000.6215 +000.3944 0
L1 05    385 +014.3778 +010.1639 +001.9849 -109.0528 +000.8532 -007.3445 0
L1 06    385 +014.4870 +000.2473 -004.1505 +174.4380 +001.4260 +001.2119 0
L1 07    385 +013.2393 +000.3836 -003.3315 -091.6432 +006.4832 -076.8592 0
L1 08    385 +013.0955 +000.3096 -002.5004 -006.8792 +074.1913 -000.7354 0
L1 01    389 +015.9319 +000.2356 +001.3408 -086.1782 +001.8631 +002.0152 0
L1 02    389 +005.3088 +006.8756 +001.7000 -151.7921 -002.9997 -158.0456 0
L1 03    389 +016.0298 -000.4857 -000.8453 -091.6741 +003.5239 +092.0465 0
L1 04    389 +008.4116 +008.0436 +001.7766 -030.1565 -000.6216 +000.3947 0
L1 05    389 +014.3777 +010.1641 +001.9850 -109.0521 +000.8525 -007.3435 0
L1 06    389 +014.4871 +000.2478 -004.1504 +174.4414 +001.4269 +001.2109 0
L1 07    389 +013.2393 +000.3836 -003.3315 -091.6425 +006.4841 -076.8595 0
L1 08    389 +013.0955 +000.3095 -002.5004 -006.8791 +074.1912 -000.7352 0
L1 01    393 +015.9319 +000.2355 +001.3410 -086.1785 +001.8632 +002.0176 0
L1 02    393 +005.3088 +006.8756 +001.7000 -151.7929 -002.9999 -158.0457 0
L1 03    393 +016.0298 -000.4858 -000.8453 -091.6751 +003.5234 +092.0469 0
L1 04    393 +008.4116 +008.0435 +001.7767 -030.1568 -000.6215 +000.3948 0
L1 05    393 +014.3782 +010.1632 +001.9851 -109.0584 +000.8532 -007.3443 0
L1 06    393 +014.4870 +000.2472 -004.1506 +174.4381 +001.4265 +001.2136 0
L1 07    393 +013.2393 +000.3835 -003.3317 -091.6433 +006.4841 -076.8604 0
L1 08    393 +013.0955 +000.3095 -002.5005 -006.8795 +074.1912 -000.7351 0
L1 01    397 +015.9319 +000.2355 +001.3413 -086.1770 +001.8632 +002.0212 0
L1 02    397 +005.3088 +006.8756 +001.7000 -151.7927 -003.0000 -158.0457 0
L1 03    397 +016.0298 -000.4858 -000.8453 -091.6759 +003.5237 +092.0473 0
L1 04    397 +008.4116 +008.0435 +001.7766 -030.1570 -000.6213 +000.3946 0
L1 05    397 +014.3781 +010.1633 +001.9852 -109.0583 +000.8541 -007.3440 0
L1 06    397 +014.4871 +000.2469 -004.1505 +174.4358 +001.4274 +001.2136 0
L1 07    397 +013.2393 +000.3835 -003.3315 -091.6437 +006.4841 -076.8587 0
L1 08    397 +013.0956 +000.3095 -002.5004 -006.8785 +074.1905 -000.7340 0
L1 01    401 +015.9319 +000.2357 +001.3418 -086.1717 +001.8643 +002.0265 0
L1 02    401 +005.3088 +006.8756 +001.7000 -151.7927 -002.9999 -158.0457 0
L1 03    401 +016.0297 -000.4859 -000.8452 -091.6760 +003.5239 +092.0486 0
L1 04    401 +008.4116 +008.0435 +001.7766 -030.1570 -000.6214 +000.3948 0
L1 05    401 +014.3780 +010.1634 +001.9848 -109.0574 +000.8535 -007.3465 0
L1 06    401 +014.4870 +000.2470 -004.1506 +174.4367 +001.4267 +001.2132 0
L1 07    401 +013.2393 +000.3835 -003.3315 -091.6432 +006.4843 -076.8582 0
L1 08    401 +013.0956 +000.3096 -002.5004 -006.8769 +074.1901 -000.7325 0
L1 01    405 +015.9318 +000.2358 +001.3411 -086.1692 +001.8658 +002.0195 0
L1 02    405 +005.3088 +006.8756 +001.7000 -151.7926 -002.9997 -158.0457 0
L1 03    405 +016.0298 -000.4858 -000.8452 -091.6753 +003.5237 +092.0479 0
L1 04    405 +008.4115 +008.0436 +001.7766 -030.1559 -000.6214 +000.3944 0
L1 05    405 +014.3781 +010.1634 +001.9847 -109.0570 +000.8527 -007.3470 0
L1 06    405 +014.4869 +000.2473 -004.1507 +174.4394 +001.4265 +001.2128 0
L1 07    405 +013.2393 +000.3836 -003.3315 -091.6425 +006.4848 -076.8581 0
L1 08    405 +013.0956 +000.3096 -002.5004 -006.8755 +074.1904 -000.7317 0
L1 01    409 +015.9318 +000.2357 +001.3411 -086.1702 +001.8644 +002.0202 0
L1 02    409 +005.3088 +006.8756 +001.7000 -151.7926 -002.9996 -158.0457 0
L1 03    409 +016.0297 -000.4858 -000.8451 -091.6751 +003.5236 +092.0484 0
L1 04    409 +008.4115 +008.0436 +001.7766 -030.1562 -000.6215 +000.3946 0
L1 05    409 +014.3781 +010.1634 +001.9847 -109.0561 +000.8518 -007.3465 0
L1 06    409 +014.4870 +000.2469 -004.1505 +174.4370 +001.4271 +001.2129 0
L1 07    409 +013.2393 +000.3834 -003.3315 -091.6439 +006.4850 -076.8586 0
L1 08    409 +013.0955 +000.3096 -002.5005 -006.8745 +074.1910 -000.7308 0
L1 01    413 +015.9319 +000.2359 +001.3413 -086.1683 +001.8638 +002.0228 0
L1 02    413 +005.3088 +006.8757 +001.7000 -151.7922 -002.9996 -158.0457 0
L1 03    413 +016.0298 -000.4857 -000.8452 -091.6744 +003.5235 +092.0485 0
L1 04    413 +008.4115 +008.0436 +001.7767 -030.1559 -000.6216 +000.3949 0
L1 05    413 +014.3779 +010.1639 +001.9848 -109.0541 +000.8521 -007.3457 0
L1 06    413 +014.4871 +000.2472 -004.1504 +174.4392 +001.4284 +001.2117 0
L1 07    413 +013.2393 +000.3836 -003.3316 -091.6424 +006.4853 -076.8591 0
L1 08    413 +013.0956 +000.3097 -002.5004 -006.8711 +074.1903 -000.7286 0
L1 01    417 +015.9318 +000.2356 +001.3414 -086.1697 +001.8630 +002.0240 0
L1 02    417 +005.3088 +006.8756 +001.7000 -151.7930 -002.9997 -158.0457 0
L1 03    417 +016.0297 -000.4856 -000.8451 -091.6742 +003.5233 +092.0490 0
L1 04    417 +008.4116 +008.0435 +001.7767 -030.1568 -000.6214 +000.3948 0
L1 05    417 +014.3781 +010.1635 +001.9846 -109.0566 +000.8530 -007.3487 0
L1 06    417 +014.4871 +000.2471 -004.1505 +174.4383 +001.4277 +001.2124 0
L1 07    417 +013.2393 +000.3835 -003.3315 -091.6426 +006.4859 -076.8581 0
L1 08    417 +013.0956 +000.3096 -002.5004 -006.8749 +074.1903 -000.7309 0
L1 01    421 +015.9319 +000.2355 +001.3413 -086.1708 +001.8632 +002.0222 0
L1 02    421 +005.3088 +006.8756 +001.7000 -151.7930 -002.9996 -158.0458 0
L1 03    421 +016.0298 -000.4858 -000.8452 -091.6756 +003.5230 +092.0481 0
L1 04    421 +008.4116 +008.0435 +001.7767 -030.1572 -000.6216 +000.3950 0
L1 05    421 +014.3779 +010.1636 +001.9846 -109.0556 +000.8519 -007.3478 0
L1 06    421 +014.4871 +000.2471 -004.1504 +174.4386 +001.4286 +001.2130 0
L1 07    421 +013.2393 +000.3835 -003.3316 -091.6431 +006.4864 -076.8590 0
L1 08    421 +013.0956 +000.3096 -002.5004 -006.8745 +074.1906 -000.7303 0
L1 01    425 +015.9318 +000.2353 +001.3411 -086.1719 +001.8638 +002.0209 0
L1 02    425 +005.3089 +006.8756 +001.7000 -151.7932 -002.9997 -158.0460 0
L1 03    425 +016.0297 -000.4858 -000.8453 -091.6759 +003.5230 +092.0471 0
L1 04    425 +008.4116 +008.0434 +001.7767 -030.1576 -000.6215 +000.3950 0
L1 05    425 +014.3779 +010.1637 +001.9847 -109.0556 +000.8518 -007.3471 0
L1 06    425 +014.4871 +000.2469 -004.1504 +174.4383 +001.4288 +001.2135 0
L1 07    425 +013.2393 +000.3835 -003.3317 -091.6434 +006.4862 -076.8599 0
L1 08    425 +013.0955 +000.3095 -002.5004 -006.8753 +074.1908 -000.7307 0
L1 01    429 +015.9318 +000.2354 +001.3411 -086.1698 +001.8635 +002.0209 0
L1 02    429 +005.3088 +006.8756 +001.7000 -151.7926 -002.9996 -158.0459 0
L1 03    429 +016.0297 -000.4857 -000.8452 -091.6748 +003.5234 +092.0478 0
L1 04    429 +008.4115 +008.0436 +001.7767 -030.1561 -000.6216 +000.3950 0
L1 05    429 +014.3783 +010.1631 +001.9853 -109.0581 +000.8545 -007.3467 0
L1 06    429 +014.4871 +000.2473 -004.1504 +174.4408 +001.4285 +001.2126 0
L1 07    429 +013.2393 +000.3836 -003.3316 -091.6424 +006.4870 -076.8592 0
L1 08    429 +013.0955 +000.3096 -002.5005 -006.8737 +074.1912 -000.7300 0
L1 01    433 +015.9318 +000.2355 +001.3408 -086.1680 +001.8644 +002.0187 0
L1 02    433 +005.3088 +006.8756 +001.7000 -151.7924 -002.9996 -158.0459 0
L1 03    433 +016.0297 -000.4857 -000.8454 -091.6746 +003.5238 +092.0464 0
L1 04    433 +008.4115 +008.0436 +001.7766 -030.1561 -000.6217 +000.3946 0
L1 05    433 +014.3781 +010.1636 +001.9849 -109.0543 +000.8527 -007.3469 0
L1 06    433 +014.4870 +000.2474 -004.1506 +174.4433 +001.4260 +001.2125 0
L1 07    433 +013.2393 +000.3837 -003.3315 -091.6422 +006.4881 -076.8592 0
L1 08    433 +013.0955 +000.3097 -002.5005 -006.8692 +074.1915 -000.7266 0
L1 01    437 +015.9318 +000.2356 +001.3409 -086.1655 +001.8640 +002.0199 0
L1 02    437 +005.3088 +006.8756 +001.7000 -151.7923 -002.9996 -158.0458 0
L1 03    437 +016.0298 -000.4856 -000.8453 -091.6734 +003.5237 +092.0477 0
L1 04    437 +008.4115 +008.0436 +001.7767 -030.1556 -000.6216 +000.3947 0
L1 05    437 +014.3777 +010.1640 +001.9853 -109.0540 +000.8546 -007.3452 0
L1 06    437 +014.4871 +000.2477 -004.1507 +174.4441 +001.4261 +001.2103 0
L1 07    437 +013.2393 +000.3836 -003.3316 -091.6424 +006.4884 -076.8598 0
L1 08    437 +013.0955 +000.3096 -002.5005 -006.8691 +074.1919 -000.7260 0
L1 01    441 +015.9318 +000.2355 +001.3411 -086.1641 +001.8646 +002.0218 0
L1 02    441 +005.3088 +006.8756 +001.7000 -151.7925 -002.9996 -158.0458 0
L1 03    441 +016.0298 -000.4856 -000.8452 -091.6738 +003.5236 +092.0477 0
L1 04    441 +008.4115 +008.0435 +001.7766 -030.1564 -000.6215 +000.3945 0
L1 05    441 +014.3780 +010.1636 +001.9847 -109.0558 +000.8520 -007.3479 0
L1 06    441 +014.4870 +000.2473 -004.1507 +174.4425 +001.4253 +001.2115 0
L1 07    441 +013.2393 +000.3837 -003.3317 -091.6414 +006.4877 -076.8602 0
L1 08    441 +013.0955 +000.3096 -002.5005 -006.8696 +074.1917 -000.7265 0
L1 01    445 +015.9318 +000.2353 +001.3410 -086.1647 +001.8642 +002.0202 0
L1 02    445 +005.3088 +006.8756 +001.7000 -151.7927 -002.9997 -158.0458 0
L1 03    445 +016.0298 -000.4857 -000.8454 -091.6746 +003.5232 +092.0467 0
L1 04    445 +008.4116 +008.0435 +001.7767 -030.1567 -000.6217 +000.3951 0
L1 05    445 +014.3779 +010.1637 +001.9851 -109.0546 +000.8539 -007.3467 0
L1 06    445 +014.4870 +000.2469 -004.1506 +174.4405 +001.4265 +001.2128 0
L1 07    445 +013.2393 +000.3836 -003.3316 -091.6424 +006.4877 -076.8599 0
L1 08    445 +013.0955 +000.3096 -002.5004 -006.8692 +074.1913 -000.7260 0
L1 01    449 +015.9318 +000.2353 +001.3411 -086.1649 +001.8642 +002.0219 0
L1 02    449 +005.3088 +006.8756 +001.7000 -151.7931 -002.9996 -158.0460 0
L1 03    449 +016.0298 -000.4860 -000.8452 -091.6769 +003.5234 +092.0483 0
L1 04    449 +008.4116 +008.0435 +001.7767 -030.1575 -000.6216 +000.3949 0
L1 05    449 +014.3781 +010.1635 +001.9846 -109.0567 +000.8524 -007.3489 0
L1 06    449 +014.4871 +000.2473 -004.1505 +174.4426 +001.4272 +001.2132 0
L1 07    449 +013.2393 +000.3834 -003.3317 -091.6438 +006.4871 -076.8595 0
L1 08    449 +013.0955 +000.3095 -002.5004 -006.8704 +074.1909 -000.7263 0
