L1 01      5 +013.3786 +000.9934 +001.3012 +050.3391 +002.6390 +000.7672 0
L1 02      5 +005.3090 +006.8754 +001.7000 -151.7885 -003.0029 -158.0215 0
L1 03      5 +013.8090 +001.5847 -000.8819 +047.1273 +003.7440 +091.2171 0
L1 04      5 +008.4120 +008.0432 +001.7768 -030.1617 -000.6188 +000.3977 0
L1 05      5 +014.3772 +010.1579 +001.9888 -109.3706 +000.8482 -006.5864 0
L1 06      5 +014.5259 -000.0254 -004.1566 -048.1694 +000.8545 +001.1957 0
L1 07      5 +015.3822 -000.9585 -003.8421 +047.6289 +003.1124 -039.6448 0
L1 08      5 +015.8410 -001.3527 -003.0675 +125.4551 +049.0338 -002.6177 0
L1 01      9 +013.3786 +000.9933 +001.3013 +050.3396 +002.6403 +000.7655 0
L1 02      9 +005.3090 +006.8754 +001.7000 -151.7886 -003.0027 -158.0214 0
L1 03      9 +013.8089 +001.5846 -000.8819 +047.1308 +003.7461 +091.2156 0
L1 04      9 +008.4120 +008.0431 +001.7768 -030.1620 -000.6191 +000.3980 0
L1 05      9 +014.3770 +010.1580 +001.9885 -109.3691 +000.8458 -006.5866 0
L1 06      9 +014.5260 -000.0256 -004.1564 -048.1649 +000.8524 +001.1956 0
L1 07      9 +015.3822 -000.9580 -003.8421 +047.6389 +003.1178 -039.6452 0
L1 08      9 +015.8411 -001.3529 -003.0676 +125.4628 +049.0328 -002.6125 0
L1 01     13 +013.3786 +000.9934 +001.3013 +050.3387 +002.6382 +000.7653 0
L1 02     13 +005.3090 +006.8754 +001.7000 -151.7884 -003.0028 -158.0211 0
L1 03     13 +013.8090 +001.5848 -000.8819 +047.1309 +003.7437 +091.2159 0
L1 04     13 +008.4120 +008.0432 +001.7768 -030.1609 -000.6190 +000.3977 0
L1 05     13 +014.3767 +010.1585 +001.9888 -109.3661 +000.8463 -006.5844 0
L1 06     13 +014.5261 -000.0251 -004.1566 -048.1653 +000.8544 +001.1983 0
L1 07     13 +015.3825 -000.9579 -003.8420 +047.6358 +003.1117 -039.6460 0
L1 08     13 +015.8412 -001.3529 -003.0677 +125.4564 +049.0317 -002.6180 0
L1 01     17 +013.3787 +000.9936 +001.3012 +050.3359 +002.6362 +000.7645 0
L1 02     17 +005.3090 +006.8755 +001.7000 -151.7878 -003.0028 -158.0209 0
L1 03     17 +013.8092 +001.5851 -000.8819 +047.1264 +003.7414 +091.2160 0
L1 04     17 +008.4119 +008.0433 +001.7768 -030.1607 -000.6191 +000.3975 0
L1 05     17 +014.3770 +010.1583 +001.9885 -109.3676 +000.8455 -006.5875 0
L1 06     17 +014.5262 -000.0250 -004.1567 -048.1713 +000.8549 +001.2004 0
L1 07     17 +015.3824 -000.9578 -003.8424 +047.6280 +003.1108 -039.6434 0
L1 08     17 +015.8412 -001.3528 -003.0677 +125.4456 +049.0332 -002.6237 0
L1 01     21 +013.3788 +000.9934 +001.3012 +050.3295 +002.6319 +000.7627 0
L1 02     21 +005.3090 +006.8754 +001.7000 -151.7886 -003.0030 -158.0212 0
L1 03     21 +013.8093 +001.5850 -000.8819 +047.1219 +003.7413 +091.2149 0
L1 04     21 +008.4120 +008.0432 +001.7768 -030.1613 -000.6188 +000.3976 0
L1 05     21 +014.3768 +010.1584 +001.9886 -109.3662 +000.8463 -006.5873 0
L1 06     21 +014.5263 -000.0254 -004.1567 -048.1790 +000.8516 +001.1992 0
L1 07     21 +015.3824 -000.9582 -003.8422 +047.6240 +003.1116 -039.6474 0
L1 08     21 +015.8412 -001.3528 -003.0677 +125.4388 +049.0357 -002.6260 0
L1 01     25 +013.3787 +000.9935 +001.3013 +050.3319 +002.6346 +000.7605 0
L1 02     25 +005.3090 +006.8754 +001.7000 -151.7889 -003.0029 -158.0215 0
L1 03     25 +013.8093 +001.5848 -000.8819 +047.1244 +003.7419 +091.2127 0
L1 04     25 +008.4120 +008.0431 +001.7768 -030.1623 -000.6187 +000.3977 0
L1 05     25 +014.3769 +010.1582 +001.9888 -109.3683 +000.8479 -006.5879 0
L1 06     25 +014.5263 -000.0253 -004.1568 -048.1733 +000.8534 +001.1995 0
L1 07     25 +015.3825 -000.9581 -003.8422 +047.6287 +003.1122 -039.6467 0
L1 08     25 +015.8413 -001.3529 -003.0677 +125.4463 +049.0349 -002.6227 0
L1 01     29 +013.3787 +000.9935 +001.3012 +050.3347 +002.6336 +000.7616 0
L1 02     29 +005.3090 +006.8754 +001.6999 -151.7890 -003.0030 -158.0215 0
L1 03     29 +013.8093 +001.5848 -000.8818 +047.1309 +003.7393 +091.2134 0
L1 04     29 +008.4121 +008.0431 +001.7768 -030.1625 -000.6186 +000.3978 0
L1 05     29 +014.3768 +010.1583 +001.9888 -109.3671 +000.8481 -006.5866 0
L1 06     29 +014.5266 -000.0253 -004.1567 -048.1687 +000.8525 +001.2017 0
L1 07     29 +015.3828 -000.9579 -003.8423 +047.6358 +003.1094 -039.6451 0
L1 08     29 +015.8416 -001.3527 -003.0679 +125.4513 +049.0288 -002.6252 0
L1 01     33 +013.3787 +000.9936 +001.3012 +050.3387 +002.6276 +000.7627 0
L1 02     33 +005.3090 +006.8754 +001.7000 -151.7888 -003.0028 -158.0215 0
L1 03     33 +013.8093 +001.5852 -000.8818 +047.1389 +003.7310 +091.2164 0
L1 04     33 +008.4120 +008.0432 +001.7768 -030.1610 -000.6191 +000.3976 0
L1 05     33 +014.3771 +010.1582 +001.9886 -109.3672 +000.8469 -006.5877 0
L1 06     33 +014.5271 -000.0241 -004.1567 -048.1585 +000.8583 +001.2116 0
L1 07     33 +015.3834 -000.9573 -003.8423 +047.6433 +003.1010 -039.6417 0
L1 08     33 +015.8423 -001.3510 -003.0679 +125.4540 +049.0236 -002.6396 0
L1 01     37 +013.3787 +000.9934 +001.3013 +050.3371 +002.6176 +000.7643 0
L1 02     37 +005.3090 +006.8754 +001.7000 -151.7888 -003.0029 -158.0212 0
L1 03     37 +013.8096 +001.5855 -000.8815 +047.1359 +003.7232 +091.2164 0
L1 04     37 +008.4120 +008.0432 +001.7768 -030.1611 -000.6188 +000.3977 0
L1 05     37 +014.3770 +010.1582 +001.9890 -109.3679 +000.8475 -006.5850 0
L1 06     37 +014.5275 -000.0234 -004.1568 -048.1598 +000.8599 +001.2176 0
L1 07     37 +015.3839 -000.9565 -003.8422 +047.6432 +003.0944 -039.6423 0
L1 08     37 +015.8427 -001.3512 -003.0675 +125.4372 +049.0252 -002.6532 0
L1 01     41 +013.3788 +000.9934 +001.3013 +050.3356 +002.6171 +000.7602 0
L1 02     41 +005.3090 +006.8754 +001.7000 -151.7888 -003.0028 -158.0212 0
L1 03     41 +013.8097 +001.5855 -000.8815 +047.1350 +003.7223 +091.2145 0
L1 04     41 +008.4120 +008.0432 +001.7768 -030.1610 -000.6188 +000.3977 0
L1 05     41 +014.3770 +010.1582 +001.9887 -109.3682 +000.8473 -006.5871 0
L1 06     41 +014.5278 -000.0236 -004.1567 -048.1621 +000.8566 +001.2185 0
L1 07     41 +015.3839 -000.9567 -003.8427 +047.6401 +003.0942 -039.6420 0
L1 08     41 +015.8428 -001.3511 -003.0674 +125.4355 +049.0284 -002.6554 0
L1 01     45 +013.3788 +000.9933 +001.3014 +050.3341 +002.6177 +000.7568 0
L1 02     45 +005.3090 +006.8754 +001.7000 -151.7892 -003.0028 -158.0214 0
L1 03     45 +013.8097 +001.5852 -000.8816 +047.1340 +003.7249 +091.2115 0
L1 04     45 +008.4120 +008.0432 +001.7768 -030.1620 -000.6187 +000.3977 0
L1 05     45 +014.3772 +010.1579 +001.9882 -109.3696 +000.8455 -006.5895 0
L1 06     45 +014.5279 -000.0241 -004.1568 -048.1631 +000.8538 +001.2173 0
L1 07     45 +015.3841 -000.9570 -003.8421 +047.6404 +003.0961 -039.6467 0
L1 08     45 +015.8429 -001.3514 -003.0674 +125.4378 +049.0299 -002.6528 0
L1 01     49 +013.3787 +000.9935 +001.3014 +050.3351 +002.6197 +000.7559 0
L1 02     49 +005.3090 +006.8754 +001.7000 -151.7888 -003.0028 -158.0213 0
L1 03     49 +013.8097 +001.5851 -000.8817 +047.1346 +003.7270 +091.2120 0
L1 04     49 +008.4120 +008.0432 +001.7768 -030.1619 -000.6186 +000.3975 0
L1 05     49 +014.3771 +010.1580 +001.9882 -109.3680 +000.8461 -006.5902 0
L1 06     49 +014.5278 -000.0241 -004.1567 -048.1618 +000.8538 +001.2169 0
L1 07     49 +015.3842 -000.9567 -003.8419 +047.6429 +003.0955 -039.6454 0
L1 08     49 +015.8429 -001.3514 -003.0675 +125.4387 +049.0265 -002.6524 0
L1 01     53 +013.3787 +000.9936 +001.3013 +050.3360 +002.6227 +000.7557 0
L1 02     53 +005.3090 +006.8754 +001.7000 -151.7887 -003.0029 -158.0213 0
L1 03     53 +013.8097 +001.5851 -000.8817 +047.1343 +003.7289 +091.2122 0
L1 04     53 +008.4120 +008.0432 +001.7768 -030.1614 -000.6188 +000.3976 0
L1 05     53 +014.3771 +010.1580 +001.9880 -109.3682 +000.8444 -006.5895 0
L1 06     53 +014.5277 -000.0242 -004.1565 -048.1626 +000.8532 +001.2156 0
L1 07     53 +015.3840 -000.9567 -003.8421 +047.6432 +003.0957 -039.6425 0
L1 08     53 +015.8428 -001.3514 -003.0675 +125.4390 +049.0232 -002.6517 0
L1 01     57 +013.3788 +000.9935 +001.3011 +050.3368 +002.6305 +000.7587 0
L1 02     57 +005.3090 +006.8754 +001.7000 -151.7886 -003.0030 -158.0212 0
L1 03     57 +013.8095 +001.5851 -000.8818 +047.1384 +003.7357 +091.2118 0
L1 04     57 +008.4120 +008.0432 +001.7768 -030.1608 -000.6190 +000.3974 0
L1 05     57 +014.3769 +010.1582 +001.9887 -109.3667 +000.8472 -006.5873 0
L1 06     57 +014.5274 -000.0245 -004.1565 -048.1621 +000.8526 +001.2106 0
L1 07     57 +015.3838 -000.9569 -003.8423 +047.6448 +003.0999 -039.6416 0
L1 08     57 +015.8425 -001.3519 -003.0680 +125.4449 +049.0208 -002.6401 0
L1 01     61 +013.3787 +000.9933 +001.3014 +050.3359 +002.6304 +000.7551 0
L1 02     61 +005.3090 +006.8754 +001.7000 -151.7885 -003.0030 -158.0213 0
L1 03     61 +013.8093 +001.5847 -000.8819 +047.1388 +003.7409 +091.2101 0
L1 04     61 +008.4120 +008.0432 +001.7768 -030.1612 -000.6188 +000.3974 0
L1 05     61 +014.3771 +010.1582 +001.9884 -109.3683 +000.8465 -006.5897 0
L1 06     61 +014.5271 -000.0251 -004.1566 -048.1598 +000.8500 +001.2048 0
L1 07     61 +015.3836 -000.9575 -003.8422 +047.6462 +003.1081 -039.6437 0
L1 08     61 +015.8424 -001.3520 -003.0677 +125.4494 +049.0235 -002.6382 0
L1 01     65 +013.3787 +000.9929 +001.3013 +050.3347 +002.6314 +000.7580 0
L1 02     65 +005.3090 +006.8754 +001.6999 -151.7887 -003.0030 -158.0213 0
L1 03     65 +013.8092 +001.5848 -000.8819 +047.1412 +003.7412 +091.2109 0
L1 04     65 +008.4120 +008.0431 +001.7768 -030.1621 -000.6187 +000.3975 0
L1 05     65 +014.3770 +010.1582 +001.9884 -109.3683 +000.8463 -006.5905 0
L1 06     65 +014.5270 -000.0251 -004.1568 -048.1590 +000.8511 +001.2018 0
L1 07     65 +015.3833 -000.9583 -003.8419 +047.6435 +003.1086 -039.6456 0
L1 08     65 +015.8423 -001.3525 -003.0678 +125.4475 +049.0240 -002.6377 0
L1 01     69 +013.3787 +000.9932 +001.3010 +050.3359 +002.6345 +000.7609 0
L1 02     69 +005.3090 +006.8754 +001.7000 -151.7889 -003.0029 -158.0215 0
L1 03     69 +013.8091 +001.5848 -000.8819 +047.1415 +003.7407 +091.2134 0
L1 04     69 +008.4120 +008.0431 +001.7768 -030.1620 -000.6189 +000.3975 0
L1 05     69 +014.3771 +010.1579 +001.9886 -109.3685 +000.8473 -006.5892 0
L1 06     69 +014.5269 -000.0247 -004.1567 -048.1583 +000.8535 +001.2038 0
L1 07     69 +015.3833 -000.9570 -003.8424 +047.6483 +003.1067 -039.6410 0
L1 08     69 +015.8421 -001.3523 -003.0681 +125.4442 +049.0232 -002.6369 0
L1 01     73 +013.3787 +000.9935 +001.3012 +050.3368 +002.6357 +000.7604 0
L1 02     73 +005.3090 +006.8754 +001.7000 -151.7886 -003.0030 -158.0213 0
L1 03     73 +013.8091 +001.5849 -000.8818 +047.1399 +003.7419 +091.2144 0
L1 04     73 +008.4120 +008.0432 +001.7768 -030.1611 -000.6191 +000.3977 0
L1 05     73 +014.3769 +010.1584 +001.9887 -109.3658 +000.8474 -006.5895 0
L1 06     73 +014.5267 -000.0245 -004.1566 -048.1594 +000.8547 +001.2040 0
L1 07     73 +015.3830 -000.9570 -003.8425 +047.6459 +003.1079 -039.6412 0
L1 08     73 +015.8419 -001.3518 -003.0678 +125.4415 +049.0253 -002.6402 0
L1 01     77 +013.3786 +000.9934 +001.3012 +050.3344 +002.6408 +000.7613 0
L1 02     77 +005.3090 +006.8754 +001.7000 -151.7888 -003.0028 -158.0214 0
L1 03     77 +013.8089 +001.5848 -000.8818 +047.1391 +003.7505 +091.2138 0
L1 04     77 +008.4119 +008.0433 +001.7767 -030.1605 -000.6190 +000.3972 0
L1 05     77 +014.3769 +010.1585 +001.9881 -109.3651 +000.8449 -006.5914 0
L1 06     77 +014.5262 -000.0250 -004.1564 -048.1603 +000.8531 +001.1981 0
L1 07     77 +015.3827 -000.9575 -003.8422 +047.6447 +003.1149 -039.6430 0
L1 08     77 +015.8415 -001.3526 -003.0677 +125.4419 +049.0269 -002.6326 0
L1 01     81 +013.3787 +000.9932 +001.3010 +050.3324 +002.6476 +000.7601 0
L1 02     81 +005.3090 +006.8754 +001.7000 -151.7886 -003.0029 -158.0213 0
L1 03     81 +013.8088 +001.5844 -000.8820 +047.1410 +003.7568 +091.2104 0
L1 04     81 +008.4119 +008.0432 +001.7768 -030.1607 -000.6194 +000.3974 0
L1 05     81 +014.3770 +010.1583 +001.9880 -109.3660 +000.8438 -006.5907 0
L1 06     81 +014.5260 -000.0258 -004.1568 -048.1577 +000.8526 +001.1892 0
L1 07     81 +015.3824 -000.9588 -003.8419 +047.6441 +003.1198 -039.6443 0
L1 08     81 +015.8414 -001.3530 -003.0678 +125.4548 +049.0259 -002.6219 0
L1 01     85 +013.3787 +000.9933 +001.3010 +050.3303 +002.6416 +000.7557 0
L1 02     85 +005.3090 +006.8754 +001.7000 -151.7885 -003.0029 -158.0212 0
L1 03     85 +013.8090 +001.5844 -000.8821 +047.1404 +003.7530 +091.2073 0
L1 04     85 +008.4119 +008.0433 +001.7768 -030.1608 -000.6194 +000.3976 0
L1 05     85 +014.3769 +010.1584 +001.9884 -109.3660 +000.8451 -006.5881 0
L1 06     85 +014.5264 -000.0256 -004.1568 -048.1596 +000.8508 +001.1943 0
L1 07     85 +015.3830 -000.9587 -003.8419 +047.6451 +003.1180 -039.6443 0
L1 08     85 +015.8418 -001.3530 -003.0679 +125.4549 +049.0229 -002.6246 0
L1 01     89 +013.3788 +000.9932 +001.3010 +050.3294 +002.6330 +000.7559 0
L1 02     89 +005.3089 +006.8755 +001.7000 -151.7880 -003.0028 -158.0213 0
L1 03     89 +013.8093 +001.5848 -000.8820 +047.1393 +003.7416 +091.2080 0
L1 04     89 +008.4119 +008.0432 +001.7768 -030.1610 -000.6192 +000.3975 0
L1 05     89 +014.3769 +010.1585 +001.9879 -109.3656 +000.8451 -006.5920 0
L1 06     89 +014.5271 -000.0251 -004.1567 -048.1628 +000.8509 +001.2056 0
L1 07     89 +015.3835 -000.9580 -003.8424 +047.6435 +003.1098 -039.6410 0
L1 08     89 +015.8424 -001.3525 -003.0677 +125.4349 +049.0192 -002.6473 0
L1 01     93 +013.3789 +000.9933 +001.3009 +050.3284 +002.6317 +000.7559 0
L1 02     93 +005.3090 +006.8754 +001.7000 -151.7889 -003.0030 -158.0215 0
L1 03     93 +013.8096 +001.5850 -000.8820 +047.1392 +003.7371 +091.2074 0
L1 04     93 +008.4121 +008.0431 +001.7767 -030.1627 -000.6188 +000.3973 0
L1 05     93 +014.3767 +010.1583 +001.9888 -109.3662 +000.8476 -006.5884 0
L1 06     93 +014.5276 -000.0248 -004.1569 -048.1668 +000.8503 +001.2091 0
L1 07     93 +015.3840 -000.9575 -003.8424 +047.6399 +003.1008 -039.6427 0
L1 08     93 +015.8428 -001.3525 -003.0680 +125.4207 +049.0170 -002.6539 0
L1 01     97 +013.3789 +000.9932 +001.3009 +050.3266 +002.6284 +000.7551 0
L1 02     97 +005.3090 +006.8754 +001.7000 -151.7890 -003.0027 -158.0216 0
L1 03     97 +013.8096 +001.5849 -000.8819 +047.1414 +003.7371 +091.2061 0
L1 04     97 +008.4120 +008.0432 +001.7768 -030.1614 -000.6190 +000.3978 0
L1 05     97 +014.3768 +010.1583 +001.9885 -109.3661 +000.8468 -006.5911 0
L1 06     97 +014.5279 -000.0247 -004.1567 -048.1601 +000.8484 +001.2105 0
L1 07     97 +015.3843 -000.9578 -003.8419 +047.6445 +003.1012 -039.6463 0
L1 08     97 +015.8430 -001.3524 -003.0677 +125.4279 +049.0183 -002.6553 0
L1 01    101 +013.3789 +000.9932 +001.3009 +050.3270 +002.6291 +000.7522 0
L1 02    101 +005.3090 +006.8754 +001.7000 -151.7892 -003.0029 -158.0215 0
L1 03    101 +013.8095 +001.5848 -000.8820 +047.1444 +003.7399 +091.2044 0
L1 04    101 +008.4120 +008.0432 +001.7768 -030.1611 -000.6190 +000.3975 0
L1 05    101 +014.3767 +010.1584 +001.9885 -109.3652 +000.8463 -006.5905 0
L1 06    101 +014.5278 -000.0250 -004.1564 -048.1572 +000.8462 +001.2096 0
L1 07    101 +015.3843 -000.9576 -003.8420 +047.6503 +003.1045 -039.6457 0
L1 08    101 +015.8431 -001.3522 -003.0678 +125.4388 +049.0186 -002.6495 0
L1 01    105 +013.3789 +000.9933 +001.3011 +050.3249 +002.6232 +000.7480 0
L1 02    105 +005.3090 +006.8754 +001.7000 -151.7888 -003.0028 -158.0216 0
L1 03    105 +013.8096 +001.5849 -000.8819 +047.1439 +003.7379 +091.2037 0
L1 04    105 +008.4119 +008.0433 +001.7767 -030.1605 -000.6190 +000.3974 0
L1 05    105 +014.3766 +010.1589 +001.9882 -109.3624 +000.8445 -006.5908 0
L1 06    105 +014.5280 -000.0246 -004.1566 -048.1551 +000.8466 +001.2106 0
L1 07    105 +015.3845 -000.9575 -003.8419 +047.6501 +003.1023 -039.6459 0
L1 08    105 +015.8433 -001.3519 -003.0675 +125.4331 +049.0186 -002.6584 0
L1 01    109 +013.3789 +000.9932 +001.3015 +050.3196 +002.6176 +000.7429 0
L1 02    109 +005.3090 +006.8754 +001.6999 -151.7888 -003.0033 -158.0216 0
L1 03    109 +013.8098 +001.5847 -000.8818 +047.1342 +003.7334 +091.2021 0
L1 04    109 +008.4120 +008.0432 +001.7767 -030.1616 -000.6185 +000.3972 0
L1 05    109 +014.3768 +010.1585 +001.9886 -109.3646 +000.8467 -006.5895 0
L1 06    109 +014.5281 -000.0246 -004.1567 -048.1620 +000.8471 +001.2135 0
L1 07    109 +015.3846 -000.9572 -003.8420 +047.6451 +003.0983 -039.6495 0
L1 08    109 +015.8433 -001.3519 -003.0672 +125.4111 +049.0270 -002.6724 0
L1 01    113 +013.3789 +000.9931 +001.3012 +050.3210 +002.6253 +000.7490 0
L1 02    113 +005.3090 +006.8754 +001.7000 -151.7887 -003.0029 -158.0215 0
L1 03    113 +013.8098 +001.5849 -000.8819 +047.1383 +003.7372 +091.2044 0
L1 04    113 +008.4120 +008.0432 +001.7768 -030.1610 -000.6188 +000.3974 0
L1 05    113 +014.3766 +010.1587 +001.9885 -109.3627 +000.8468 -006.5897 0
L1 06    113 +014.5280 -000.0249 -004.1567 -048.1661 +000.8456 +001.2122 0
L1 07    113 +015.3844 -000.9574 -003.8423 +047.6403 +003.0999 -039.6496 0
L1 08    113 +015.8431 -001.3520 -003.0672 +125.4041 +049.0340 -002.6718 0
L1 01    117 +013.3788 +000.9931 +001.3013 +050.3246 +002.6362 +000.7482 0
L1 02    117 +005.3090 +006.8754 +001.7000 -151.7884 -003.0029 -158.0216 0
L1 03    117 +013.8093 +001.5844 -000.8820 +047.1388 +003.7488 +091.2057 0
L1 04    117 +008.4120 +008.0432 +001.7768 -030.1611 -000.6188 +000.3976 0
L1 05    117 +014.3767 +010.1585 +001.9890 -109.3660 +000.8497 -006.5906 0
L1 06    117 +014.5269 -000.0249 -004.1572 -048.1605 +000.8475 +001.2020 0
L1 07    117 +015.3837 -000.9573 -003.8424 +047.6437 +003.1114 -039.6521 0
L1 08    117 +015.8424 -001.3520 -003.0670 +125.4136 +049.0406 -002.6597 0
L1 01    121 +013.3787 +000.9930 +001.3013 +050.3253 +002.6495 +000.7490 0
L1 02    121 +005.3090 +006.8754 +001.7000 -151.7887 -003.0029 -158.0215 0
L1 03    121 +013.8087 +001.5839 -000.8822 +047.1411 +003.7653 +091.2057 0
L1 04    121 +008.4119 +008.0432 +001.7768 -030.1607 -000.6189 +000.3975 0
L1 05    121 +014.3772 +010.1579 +001.9885 -109.3673 +000.8469 -006.5918 0
L1 06    121 +014.5261 -000.0268 -004.1564 -048.1640 +000.8433 +001.1885 0
L1 07    121 +015.3826 -000.9592 -003.8420 +047.6430 +003.1268 -039.6534 0
L1 08    121 +015.8415 -001.3532 -003.0670 +125.4244 +049.0409 -002.6448 0
L1 01    125 +013.3787 +000.9928 +001.3012 +050.3194 +002.6570 +000.7484 0
L1 02    125 +005.3090 +006.8754 +001.7000 -151.7888 -003.0029 -158.0215 0
L1 03    125 +013.8086 +001.5836 -000.8824 +047.1367 +003.7741 +091.2028 0
L1 04    125 +008.4120 +008.0432 +001.7768 -030.1614 -000.6189 +000.3975 0
L1 05    125 +014.3770 +010.1581 +001.9884 -109.3666 +000.8457 -006.5919 0
L1 06    125 +014.5255 -000.0276 -004.1564 -048.1682 +000.8407 +001.1780 0
L1 07    125 +015.3818 -000.9606 -003.8420 +047.6366 +003.1362 -039.6529 0
L1 08    125 +015.8409 -001.3548 -003.0670 +125.4274 +049.0406 -002.6289 0
L1 01    129 +013.3787 +000.9930 +001.3011 +050.3166 +002.6623 +000.7421 0
L1 02    129 +005.3090 +006.8754 +001.6999 -151.7884 -003.0030 -158.0214 0
L1 03    129 +013.8089 +001.5833 -000.8825 +047.1272 +003.7781 +091.1992 0
L1 04    129 +008.4119 +008.0433 +001.7768 -030.1604 -000.6192 +000.3976 0
L1 05    129 +014.3770 +010.1584 +001.9883 -109.3651 +000.8451 -006.5919 0
L1 06    129 +014.5256 -000.0280 -004.1564 -048.1758 +000.8401 +001.1773 0
L1 07    129 +015.3818 -000.9603 -003.8420 +047.6342 +003.1386 -039.6516 0
L1 08    129 +015.8407 -001.3551 -003.0672 +125.4283 +049.0381 -002.6223 0
L1 01    133 +013.3788 +000.9930 +001.3010 +050.3086 +002.6594 +000.7406 0
L1 02    133 +005.3090 +006.8754 +001.6999 -151.7888 -003.0030 -158.0215 0
L1 03    133 +013.8090 +001.5832 -000.8825 +047.1171 +003.7778 +091.1974 0
L1 04    133 +008.4119 +008.0432 +001.7768 -030.1609 -000.6191 +000.3975 0
L1 05    133 +014.3770 +010.1582 +001.9882 -109.3649 +000.8458 -006.5936 0
L1 06    133 +014.5256 -000.0283 -004.1563 -048.1878 +000.8375 +001.1771 0
L1 07    133 +015.3816 -000.9614 -003.8421 +047.6184 +003.1409 -039.6531 0
L1 08    133 +015.8405 -001.3557 -003.0672 +125.4145 +049.0376 -002.6245 0
L1 01    137 +013.3790 +000.9932 +001.3010 +050.3054 +002.6580 +000.7434 0
L1 02    137 +005.3090 +006.8755 +001.7000 -151.7883 -003.0028 -158.0217 0
L1 03    137 +013.8091 +001.5836 -000.8825 +047.1170 +003.7777 +091.2014 0
L1 04    137 +008.4119 +008.0433 +001.7767 -030.1607 -000.6188 +000.3974 0
L1 05    137 +014.3770 +010.1584 +001.9881 -109.3646 +000.8448 -006.5931 0
L1 06    137 +014.5253 -000.0282 -004.1566 -048.1939 +000.8411 +001.1758 0
L1 07    137 +015.3814 -000.9609 -003.8420 +047.6148 +003.1373 -039.6531 0
L1 08    137 +015.8402 -001.3558 -003.0673 +125.3980 +049.0373 -002.6303 0
L1 01    141 +013.3790 +000.9932 +001.3010 +050.3013 +002.6566 +000.7461 0
L1 02    141 +005.3090 +006.8754 +001.7000 -151.7887 -003.0028 -158.0218 0
L1 03    141 +013.8090 +001.5836 -000.8823 +047.1092 +003.7778 +091.2038 0
L1 04    141 +008.4120 +008.0432 +001.7767 -030.1611 -000.6188 +000.3975 0
L1 05    141 +014.3771 +010.1582 +001.9886 -109.3665 +000.8463 -006.5919 0
L1 06    141 +014.5251 -000.0283 -004.1565 -048.2007 +000.8414 +001.1760 0
L1 07    141 +015.3811 -000.9612 -003.8420 +047.6055 +003.1360 -039.6545 0
L1 08    141 +015.8398 -001.3557 -003.0671 +125.3848 +049.0457 -002.6344 0
L1 01    145 +013.3790 +000.9932 +001.3010 +050.2997 +002.6638 +000.7492 0
L1 02    145 +005.3090 +006.8754 +001.7000 -151.7888 -003.0026 -158.0219 0
L1 03    145 +013.8089 +001.5835 -000.8825 +047.1076 +003.7860 +091.2052 0
L1 04    145 +008.4119 +008.0432 +001.7767 -030.1607 -000.6190 +000.3975 0
L1 05    145 +014.3771 +010.1582 +001.9885 -109.3662 +000.8468 -006.5922 0
L1 06    145 +014.5245 -000.0285 -004.1567 -048.2029 +000.8422 +001.1665 0
L1 07    145 +015.3802 -000.9620 -003.8420 +047.5990 +003.1450 -039.6579 0
L1 08    145 +015.8390 -001.3563 -003.0673 +125.3830 +049.0498 -002.6233 0
L1 01    149 +013.3789 +000.9931 +001.3010 +050.2977 +002.6765 +000.7446 0
L1 02    149 +005.3090 +006.8754 +001.7000 -151.7887 -003.0026 -158.0219 0
L1 03    149 +013.8085 +001.5829 -000.8827 +047.1018 +003.8009 +091.2002 0
L1 04    149 +008.4120 +008.0432 +001.7768 -030.1613 -000.6190 +000.3978 0
L1 05    149 +014.3769 +010.1582 +001.9886 -109.3661 +000.8478 -006.5930 0
L1 06    149 +014.5239 -000.0300 -004.1562 -048.2085 +000.8342 +001.1563 0
L1 07    149 +015.3796 -000.9630 -003.8414 +047.5945 +003.1558 -039.6640 0
L1 08    149 +015.8383 -001.3576 -003.0669 +125.3886 +049.0576 -002.6085 0
L1 01    153 +013.3789 +000.9930 +001.3011 +050.2955 +002.6887 +000.7376 0
L1 02    153 +005.3090 +006.8754 +001.7000 -151.7885 -003.0026 -158.0216 0
L1 03    153 +013.8084 +001.5822 -000.8830 +047.0980 +003.8150 +091.1955 0
L1 04    153 +008.4120 +008.0432 +001.7768 -030.1615 -000.6189 +000.3976 0
L1 05    153 +014.3770 +010.1582 +001.9883 -109.3658 +000.8463 -006.5938 0
L1 06    153 +014.5229 -000.0316 -004.1566 -048.2141 +000.8316 +001.1407 0
L1 07    153 +015.3788 -000.9648 -003.8414 +047.5894 +003.1696 -039.6662 0
L1 08    153 +015.8377 -001.3587 -003.0665 +125.3978 +049.0640 -002.5950 0
L1 01    157 +013.3789 +000.9928 +001.3011 +050.2901 +002.6980 +000.7376 0
L1 02    157 +005.3090 +006.8754 +001.7000 -151.7889 -003.0026 -158.0216 0
L1 03    157 +013.8082 +001.5816 -000.8829 +047.0924 +003.8233 +091.1938 0
L1 04    157 +008.4120 +008.0432 +001.7767 -030.1615 -000.6190 +000.3975 0
L1 05    157 +014.3771 +010.1579 +001.9887 -109.3683 +000.8477 -006.5918 0
L1 06    157 +014.5224 -000.0325 -004.1562 -048.2189 +000.8266 +001.1314 0
L1 07    157 +015.3780 -000.9658 -003.8415 +047.5852 +003.1818 -039.6678 0
L1 08    157 +015.8371 -001.3602 -003.0665 +125.4025 +049.0661 -002.5798 0
L1 01    161 +013.3788 +000.9929 +001.3013 +050.2894 +002.7011 +000.7362 0
L1 02    161 +005.3090 +006.8754 +001.7000 -151.7889 -003.0028 -158.0216 0
L1 03    161 +013.8080 +001.5815 -000.8831 +047.0913 +003.8315 +091.1942 0
L1 04    161 +008.4120 +008.0432 +001.7768 -030.1613 -000.6190 +000.3974 0
L1 05    161 +014.3770 +010.1583 +001.9885 -109.3658 +000.8462 -006.5925 0
L1 06    161 +014.5217 -000.0333 -004.1568 -048.2229 +000.8302 +001.1245 0
L1 07    161 +015.3776 -000.9663 -003.8413 +047.5842 +003.1877 -039.6659 0
L1 08    161 +015.8365 -001.3603 -003.0665 +125.4065 +049.0643 -002.5722 0
L1 01    165 +013.3788 +000.9928 +001.3012 +050.2868 +002.7018 +000.7390 0
L1 02    165 +005.3090 +006.8754 +001.7000 -151.7887 -003.0028 -158.0217 0
L1 03    165 +013.8079 +001.5815 -000.8832 +047.0921 +003.8326 +091.1951 0
L1 04    165 +008.4120 +008.0432 +001.7768 -030.1613 -000.6190 +000.3978 0
L1 05    165 +014.3769 +010.1584 +001.9883 -109.3656 +000.8453 -006.5929 0
L1 06    165 +014.5217 -000.0328 -004.1563 -048.2203 +000.8279 +001.1245 0
L1 07    165 +015.3775 -000.9670 -003.8412 +047.5793 +003.1868 -039.6649 0
L1 08    165 +015.8364 -001.3603 -003.0669 +125.4076 +049.0593 -002.5688 0
L1 01    169 +013.3789 +000.9933 +001.3009 +050.2914 +002.7007 +000.7372 0
L1 02    169 +005.3090 +006.8755 +001.7000 -151.7884 -003.0028 -158.0219 0
L1 03    169 +013.8081 +001.5816 -000.8831 +047.0949 +003.8260 +091.1940 0
L1 04    169 +008.4119 +008.0433 +001.7768 -030.1604 -000.6191 +000.3981 0
L1 05    169 +014.3769 +010.1584 +001.9883 -109.3647 +000.8458 -006.5925 0
L1 06    169 +014.5221 -000.0329 -004.1567 -048.2189 +000.8278 +001.1266 0
L1 07    169 +015.3780 -000.9654 -003.8414 +047.5914 +003.1825 -039.6624 0
L1 08    169 +015.8370 -001.3596 -003.0668 +125.4106 +049.0587 -002.5747 0
L1 01    173 +013.3790 +000.9927 +001.3009 +050.2909 +002.6848 +000.7416 0
L1 02    173 +005.3090 +006.8755 +001.7000 -151.7884 -003.0023 -158.0220 0
L1 03    173 +013.8084 +001.5826 -000.8830 +047.1043 +003.8090 +091.1961 0
L1 04    173 +008.4119 +008.0433 +001.7767 -030.1598 -000.6189 +000.3973 0
L1 05    173 +014.3769 +010.1585 +001.9880 -109.3634 +000.8437 -006.5922 0
L1 06    173 +014.5233 -000.0313 -004.1569 -048.2114 +000.8334 +001.1420 0
L1 07    173 +015.3791 -000.9645 -003.8417 +047.5971 +003.1684 -039.6595 0
L1 08    173 +015.8383 -001.3586 -003.0670 +125.3950 +049.0477 -002.6022 0
L1 01    177 +013.3790 +000.9931 +001.3009 +050.2945 +002.6707 +000.7362 0
L1 02    177 +005.3090 +006.8754 +001.7000 -151.7886 -003.0027 -158.0217 0
L1 03    177 +013.8090 +001.5829 -000.8828 +047.1012 +003.7931 +091.1969 0
L1 04    177 +008.4120 +008.0433 +001.7767 -030.1608 -000.6190 +000.3973 0
L1 05    177 +014.3768 +010.1587 +001.9881 -109.3629 +000.8441 -006.5934 0
L1 06    177 +014.5245 -000.0299 -004.1567 -048.2115 +000.8357 +001.1617 0
L1 07    177 +015.3802 -000.9637 -003.8417 +047.5933 +003.1529 -039.6588 0
L1 08    177 +015.8391 -001.3570 -003.0670 +125.3793 +049.0429 -002.6255 0
L1 01    181 +013.3792 +000.9931 +001.3008 +050.2904 +002.6641 +000.7422 0
L1 02    181 +005.3090 +006.8754 +001.7000 -151.7887 -003.0028 -158.0215 0
L1 03    181 +013.8091 +001.5834 -000.8826 +047.1020 +003.7868 +091.1992 0
L1 04    181 +008.4120 +008.0432 +001.7768 -030.1608 -000.6190 +000.3974 0
L1 05    181 +014.3769 +010.1583 +001.9886 -109.3645 +000.8466 -006.5926 0
L1 06    181 +014.5250 -000.0291 -004.1562 -048.2132 +000.8356 +001.1710 0
L1 07    181 +015.3805 -000.9628 -003.8418 +047.5928 +003.1447 -039.6555 0
L1 08    181 +015.8393 -001.3568 -003.0674 +125.3643 +049.0359 -002.6363 0
L1 01    185 +013.3791 +000.9930 +001.3012 +050.2880 +002.6643 +000.7365 0
L1 02    185 +005.3090 +006.8754 +001.7000 -151.7888 -003.0029 -158.0214 0
L1 03    185 +013.8090 +001.5828 -000.8826 +047.0967 +003.7926 +091.1978 0
L1 04    185 +008.4120 +008.0432 +001.7768 -030.1614 -000.6189 +000.3976 0
L1 05    185 +014.3771 +010.1580 +001.9886 -109.3663 +000.8467 -006.5927 0
L1 06    185 +014.5246 -000.0298 -004.1562 -048.2170 +000.8340 +001.1646 0
L1 07    185 +015.3803 -000.9630 -003.8416 +047.5908 +003.1464 -039.6568 0
L1 08    185 +015.8391 -001.3571 -003.0667 +125.3644 +049.0424 -002.6354 0
L1 01    189 +013.3790 +000.9930 +001.3012 +050.2889 +002.6732 +000.7360 0
L1 02    189 +005.3090 +006.8754 +001.7000 -151.7889 -003.0029 -158.0218 0
L1 03    189 +013.8087 +001.5824 -000.8827 +047.0984 +003.8024 +091.1970 0
L1 04    189 +008.4120 +008.0432 +001.7768 -030.1614 -000.6188 +000.3976 0
L1 05    189 +014.3777 +010.1573 +001.9883 -109.3728 +000.8460 -006.5949 0
L1 06    189 +014.5239 -000.0305 -004.1563 -048.2145 +000.8336 +001.1549 0
L1 07    189 +015.3798 -000.9635 -003.8418 +047.5947 +003.1572 -039.6559 0
L1 08    189 +015.8386 -001.3577 -003.0670 +125.3816 +049.0443 -002.6174 0
L1 01    193 +013.3790 +000.9929 +001.3012 +050.2862 +002.6768 +000.7363 0
L1 02    193 +005.3090 +006.8754 +001.7000 -151.7891 -003.0027 -158.0220 0
L1 03    193 +013.8085 +001.5822 -000.8828 +047.0975 +003.8092 +091.1967 0
L1 04    193 +008.4120 +008.0432 +001.7768 -030.1616 -000.6187 +000.3977 0
L1 05    193 +014.3771 +010.1579 +001.9885 -109.3672 +000.8467 -006.5946 0
L1 06    193 +014.5234 -000.0307 -004.1565 -048.2124 +000.8336 +001.1484 0
L1 07    193 +015.3794 -000.9644 -003.8417 +047.5946 +003.1651 -039.6553 0
L1 08    193 +015.8382 -001.3584 -003.0670 +125.3878 +049.0425 -002.6080 0
L1 01    197 +013.3790 +000.9928 +001.3013 +050.2789 +002.6744 +000.7335 0
L1 02    197 +005.3090 +006.8754 +001.7000 -151.7891 -003.0029 -158.0218 0
L1 03    197 +013.8086 +001.5822 -000.8828 +047.0909 +003.8105 +091.1958 0
L1 04    197 +008.4121 +008.0431 +001.7768 -030.1624 -000.6186 +000.3981 0
L1 05    197 +014.3772 +010.1578 +001.9889 -109.3689 +000.8491 -006.5937 0
L1 06    197 +014.5234 -000.0309 -004.1562 -048.2202 +000.8329 +001.1487 0
L1 07    197 +015.3791 -000.9640 -003.8415 +047.5912 +003.1642 -039.6529 0
L1 08    197 +015.8379 -001.3587 -003.0670 +125.3809 +049.0386 -002.6087 0
L1 01    201 +013.3792 +000.9931 +001.3011 +050.2698 +002.6745 +000.7295 0
L1 02    201 +005.3090 +006.8754 +001.7000 -151.7888 -003.0029 -158.0217 0
L1 03    201 +013.8089 +001.5823 -000.8829 +047.0788 +003.8106 +091.1933 0
L1 04    201 +008.4120 +008.0432 +001.7768 -030.1615 -000.6188 +000.3979 0
L1 05    201 +014.3771 +010.1582 +001.9884 -109.3671 +000.8471 -006.5941 0
L1 06    201 +014.5235 -000.0314 -004.1564 -048.2397 +000.8304 +001.1475 0
L1 07    201 +015.3792 -000.9645 -003.8415 +047.5769 +003.1633 -039.6567 0
L1 08    201 +015.8378 -001.3589 -003.0672 +125.3681 +049.0365 -002.6080 0
L1 01    205 +013.3795 +000.9932 +001.3008 +050.2639 +002.6752 +000.7226 0
L1 02    205 +005.3090 +006.8754 +001.7000 -151.7889 -003.0029 -158.0217 0
L1 03    205 +013.8094 +001.5821 -000.8829 +047.0671 +003.8085 +091.1865 0
L1 04    205 +008.4120 +008.0431 +001.7767 -030.1619 -000.6185 +000.3974 0
L1 05    205 +014.3772 +010.1578 +001.9887 -109.3690 +000.8483 -006.5931 0
L1 06    205 +014.5239 -000.0318 -004.1564 -048.2506 +000.8245 +001.1496 0
L1 07    205 +015.3792 -000.9654 -003.8414 +047.5627 +003.1640 -039.6615 0
L1 08    205 +015.8378 -001.3596 -003.0670 +125.3595 +049.0411 -002.6090 0
L1 01    209 +013.3795 +000.9932 +001.3009 +050.2675 +002.6780 +000.7184 0
L1 02    209 +005.3090 +006.8754 +001.7000 -151.7887 -003.0029 -158.0217 0
L1 03    209 +013.8095 +001.5820 -000.8831 +047.0730 +003.8133 +091.1834 0
L1 04    209 +008.4120 +008.0432 +001.7767 -030.1612 -000.6185 +000.3973 0
L1 05    209 +014.3772 +010.1580 +001.9887 -109.3672 +000.8484 -006.5943 0
L1 06    209 +014.5240 -000.0320 -004.1563 -048.2438 +000.8245 +001.1496 0
L1 07    209 +015.3794 -000.9654 -003.8418 +047.5693 +003.1671 -039.6583 0
L1 08    209 +015.8380 -001.3598 -003.0668 +125.3660 +049.0372 -002.6075 0
L1 01    213 +013.3794 +000.9932 +001.3010 +050.2727 +002.6802 +000.7185 0
L1 02    213 +005.3090 +006.8755 +001.7000 -151.7884 -003.0031 -158.0215 0
L1 03    213 +013.8093 +001.5820 -000.8831 +047.0800 +003.8146 +091.1842 0
L1 04    213 +008.4119 +008.0433 +001.7768 -030.1598 -000.6189 +000.3979 0
L1 05    213 +014.3764 +010.1591 +001.9887 -109.3577 +000.8484 -006.5932 0
L1 06    213 +014.5240 -000.0321 -004.1563 -048.2374 +000.8243 +001.1465 0
L1 07    213 +015.3794 -000.9654 -003.8417 +047.5773 +003.1692 -039.6561 0
L1 08    213 +015.8381 -001.3594 -003.0669 +125.3755 +049.0318 -002.6059 0
L1 01    217 +013.3793 +000.9929 +001.3008 +050.2749 +002.6808 +000.7258 0
L1 02    217 +005.3090 +006.8754 +001.7000 -151.7887 -003.0031 -158.0216 0
L1 03    217 +013.8091 +001.5820 -000.8831 +047.0852 +003.8154 +091.1884 0
L1 04    217 +008.4120 +008.0433 +001.7768 -030.1607 -000.6192 +000.3975 0
L1 05    217 +014.3762 +010.1593 +001.9883 -109.3568 +000.8453 -006.5955 0
L1 06    217 +014.5237 -000.0320 -004.1564 -048.2320 +000.8277 +001.1439 0
L1 07    217 +015.3792 -000.9652 -003.8417 +047.5824 +003.1705 -039.6514 0
L1 08    217 +015.8380 -001.3595 -003.0672 +125.3775 +049.0237 -002.6046 0
L1 01    221 +013.3793 +000.9931 +001.3007 +050.2777 +002.6850 +000.7295 0
L1 02    221 +005.3090 +006.8754 +001.6999 -151.7887 -003.0032 -158.0218 0
L1 03    221 +013.8088 +001.5819 -000.8830 +047.0875 +003.8186 +091.1914 0
L1 04    221 +008.4120 +008.0433 +001.7768 -030.1606 -000.6190 +000.3975 0
L1 05    221 +014.3765 +010.1589 +001.9885 -109.3599 +000.8457 -006.5947 0
L1 06    221 +014.5234 -000.0323 -004.1563 -048.2324 +000.8283 +001.1414 0
L1 07    221 +015.3790 -000.9653 -003.8418 +047.5836 +003.1734 -039.6499 0
L1 08    221 +015.8378 -001.3594 -003.0675 +125.3803 +049.0248 -002.5984 0
L1 01    225 +013.3792 +000.9929 +001.3010 +050.2764 +002.6814 +000.7274 0
L1 02    225 +005.3090 +006.8754 +001.7000 -151.7888 -003.0030 -158.0220 0
L1 03    225 +013.8087 +001.5818 -000.8829 +047.0835 +003.8181 +091.1925 0
L1 04    225 +008.4120 +008.0432 +001.7768 -030.1611 -000.6187 +000.3977 0
L1 05    225 +014.3768 +010.1585 +001.9886 -109.3639 +000.8470 -006.5941 0
L1 06    225 +014.5232 -000.0319 -004.1563 -048.2322 +000.8295 +001.1428 0
L1 07    225 +015.3788 -000.9655 -003.8416 +047.5789 +003.1728 -039.6507 0
L1 08    225 +015.8377 -001.3594 -003.0672 +125.3715 +049.0272 -002.6049 0
L1 01    229 +013.3792 +000.9929 +001.3012 +050.2753 +002.6787 +000.7281 0
L1 02    229 +005.3091 +006.8754 +001.6999 -151.7894 -003.0032 -158.0219 0
L1 03    229 +013.8088 +001.5819 -000.8828 +047.0812 +003.8151 +091.1936 0
L1 04    229 +008.4120 +008.0431 +001.7768 -030.1620 -000.6188 +000.3975 0
L1 05    229 +014.3772 +010.1580 +001.9887 -109.3678 +000.8474 -006.5950 0
L1 06    229 +014.5233 -000.0321 -004.1561 -048.2385 +000.8293 +001.1455 0
L1 07    229 +015.3788 -000.9650 -003.8416 +047.5785 +003.1689 -039.6482 0
L1 08    229 +015.8376 -001.3593 -003.0672 +125.3590 +049.0275 -002.6110 0
L1 01    233 +013.3793 +000.9930 +001.3009 +050.2747 +002.6791 +000.7322 0
L1 02    233 +005.3090 +006.8754 +001.6999 -151.7894 -003.0031 -158.0215 0
L1 03    233 +013.8088 +001.5822 -000.8828 +047.0811 +003.8132 +091.1971 0
L1 04    233 +008.4120 +008.0431 +001.7767 -030.1621 -000.6187 +000.3975 0
L1 05    233 +014.3770 +010.1582 +001.9885 -109.3669 +000.8461 -006.5944 0
L1 06    233 +014.5232 -000.0316 -004.1564 -048.2387 +000.8340 +001.1453 0
L1 07    233 +015.3786 -000.9648 -003.8421 +047.5759 +003.1689 -039.6455 0
L1 08    233 +015.8375 -001.3591 -003.0676 +125.3488 +049.0241 -002.6135 0
L1 01    237 +013.3792 +000.9936 +001.3008 +050.2756 +002.6813 +000.7330 0
L1 02    237 +005.3089 +006.8755 +001.7000 -151.7883 -003.0032 -158.0214 0
L1 03    237 +013.8088 +001.5823 -000.8828 +047.0815 +003.8144 +091.1982 0
L1 04    237 +008.4121 +008.0432 +001.7767 -030.1618 -000.6190 +000.3975 0
L1 05    237 +014.3767 +010.1585 +001.9889 -109.3634 +000.8478 -006.5929 0
L1 06    237 +014.5229 -000.0312 -004.1566 -048.2388 +000.8374 +001.1443 0
L1 07    237 +015.3784 -000.9647 -003.8420 +047.5729 +003.1673 -039.6464 0
L1 08    237 +015.8372 -001.3588 -003.0675 +125.3456 +049.0268 -002.6169 0
L1 01    241 +013.3791 +000.9936 +001.3012 +050.2757 +002.6830 +000.7306 0
L1 02    241 +005.3089 +006.8755 +001.7000 -151.7879 -003.0030 -158.0213 0
L1 03    241 +013.8086 +001.5822 -000.8828 +047.0807 +003.8206 +091.1971 0
L1 04    241 +008.4119 +008.0433 +001.7768 -030.1600 -000.6192 +000.3977 0
L1 05    241 +014.3770 +010.1583 +001.9886 -109.3649 +000.8461 -006.5945 0
L1 06    241 +014.5226 -000.0315 -004.1564 -048.2394 +000.8356 +001.1410 0
L1 07    241 +015.3782 -000.9647 -003.8417 +047.5747 +003.1706 -039.6496 0
L1 08    241 +015.8369 -001.3590 -003.0672 +125.3488 +049.0330 -002.6099 0
L1 01    245 +013.3792 +000.9932 +001.3010 +050.2737 +002.6861 +000.7301 0
L1 02    245 +005.3090 +006.8755 +001.6999 -151.7883 -003.0030 -158.0216 0
L1 03    245 +013.8085 +001.5820 -000.8830 +047.0812 +003.8263 +091.1960 0
L1 04    245 +008.4119 +008.0433 +001.7767 -030.1596 -000.6189 +000.3973 0
L1 05    245 +014.3770 +010.1583 +001.9883 -109.3637 +000.8452 -006.5954 0
L1 06    245 +014.5225 -000.0320 -004.1563 -048.2384 +000.8326 +001.1368 0
L1 07    245 +015.3780 -000.9652 -003.8416 +047.5745 +003.1764 -039.6513 0
L1 08    245 +015.8368 -001.3594 -003.0672 +125.3552 +049.0374 -002.6044 0
L1 01    249 +013.3792 +000.9929 +001.3010 +050.2727 +002.6850 +000.7313 0
L1 02    249 +005.3090 +006.8755 +001.7000 -151.7884 -003.0028 -158.0221 0
L1 03    249 +013.8084 +001.5819 -000.8830 +047.0838 +003.8248 +091.1962 0
L1 04    249 +008.4120 +008.0432 +001.7767 -030.1608 -000.6187 +000.3974 0
L1 05    249 +014.3774 +010.1579 +001.9882 -109.3672 +000.8462 -006.5967 0
L1 06    249 +014.5225 -000.0321 -004.1565 -048.2368 +000.8322 +001.1359 0
L1 07    249 +015.3782 -000.9653 -003.8413 +047.5768 +003.1759 -039.6543 0
L1 08    249 +015.8371 -001.3596 -003.0672 +125.3533 +049.0384 -002.6063 0
L1 01    253 +013.3791 +000.9931 +001.3014 +050.2768 +002.6794 +000.7307 0
L1 02    253 +005.3090 +006.8754 +001.7000 -151.7886 -003.0030 -158.0219 0
L1 03    253 +013.8085 +001.5821 -000.8829 +047.0876 +003.8165 +091.1979 0
L1 04    253 +008.4120 +008.0432 +001.7768 -030.1611 -000.6188 +000.3976 0
L1 05    253 +014.3774 +010.1577 +001.9885 -109.3688 +000.8471 -006.5956 0
L1 06    253 +014.5229 -000.0316 -004.1565 -048.2325 +000.8339 +001.1433 0
L1 07    253 +015.3787 -000.9645 -003.8417 +047.5820 +003.1699 -039.6509 0
L1 08    253 +015.8375 -001.3588 -003.0670 +125.3482 +049.0382 -002.6191 0
L1 01    257 +013.3792 +000.9928 +001.3010 +050.2771 +002.6707 +000.7411 0
L1 02    257 +005.3090 +006.8755 +001.6999 -151.7886 -003.0030 -158.0216 0
L1 03    257 +013.8086 +001.5829 -000.8827 +047.0940 +003.8054 +091.2049 0
L1 04    257 +008.4120 +008.0432 +001.7768 -030.1613 -000.6190 +000.3977 0
L1 05    257 +014.3770 +010.1581 +001.9886 -109.3652 +000.8477 -006.5958 0
L1 06    257 +014.5234 -000.0300 -004.1567 -048.2299 +000.8441 +001.1549 0
L1 07    257 +015.3789 -000.9641 -003.8420 +047.5809 +003.1600 -039.6459 0
L1 08    257 +015.8379 -001.3578 -003.0677 +125.3359 +049.0285 -002.6325 0
L1 01    261 +013.3792 +000.9931 +001.3011 +050.2778 +002.6714 +000.7382 0
L1 02    261 +005.3090 +006.8755 +001.6999 -151.7884 -003.0031 -158.0215 0
L1 03    261 +013.8087 +001.5829 -000.8826 +047.0895 +003.8065 +091.2041 0
L1 04    261 +008.4119 +008.0433 +001.7767 -030.1603 -000.6190 +000.3971 0
L1 05    261 +014.3770 +010.1584 +001.9878 -109.3639 +000.8436 -006.5978 0
L1 06    261 +014.5232 -000.0293 -004.1567 -048.2296 +000.8440 +001.1549 0
L1 07    261 +015.3790 -000.9632 -003.8417 +047.5819 +003.1570 -039.6465 0
L1 08    261 +015.8376 -001.3574 -003.0678 +125.3294 +049.0279 -002.6365 0
L1 01    265 +013.3792 +000.9932 +001.3011 +050.2752 +002.6770 +000.7383 0
L1 02    265 +005.3090 +006.8755 +001.7000 -151.7886 -003.0030 -158.0217 0
L1 03    265 +013.8085 +001.5828 -000.8827 +047.0870 +003.8146 +091.2034 0
L1 04    265 +008.4119 +008.0433 +001.7768 -030.1599 -000.6193 +000.3972 0
L1 05    265 +014.3769 +010.1584 +001.9880 -109.3632 +000.8439 -006.5959 0
L1 06    265 +014.5228 -000.0306 -004.1566 -048.2358 +000.8408 +001.1468 0
L1 07    265 +015.3784 -000.9637 -003.8425 +047.5792 +003.1652 -039.6445 0
L1 08    265 +015.8372 -001.3582 -003.0676 +125.3262 +049.0305 -002.6309 0
L1 01    269 +013.3792 +000.9931 +001.3011 +050.2706 +002.6852 +000.7339 0
L1 02    269 +005.3090 +006.8755 +001.7000 -151.7886 -003.0030 -158.0220 0
L1 03    269 +013.8084 +001.5822 -000.8830 +047.0808 +003.8261 +091.1989 0
L1 04    269 +008.4119 +008.0433 +001.7767 -030.1600 -000.6190 +000.3971 0
L1 05    269 +014.3769 +010.1584 +001.9888 -109.3627 +000.8483 -006.5941 0
L1 06    269 +014.5224 -000.0317 -004.1565 -048.2426 +000.8365 +001.1384 0
L1 07    269 +015.3780 -000.9645 -003.8421 +047.5763 +003.1750 -039.6466 0
L1 08    269 +015.8368 -001.3593 -003.0674 +125.3297 +049.0327 -002.6201 0
L1 01    273 +013.3792 +000.9931 +001.3012 +050.2686 +002.6884 +000.7291 0
L1 02    273 +005.3090 +006.8754 +001.6999 -151.7890 -003.0031 -158.0219 0
L1 03    273 +013.8084 +001.5818 -000.8830 +047.0801 +003.8303 +091.1962 0
L1 04    273 +008.4119 +008.0433 +001.7767 -030.1606 -000.6188 +000.3974 0
L1 05    273 +014.3772 +010.1579 +001.9888 -109.3656 +000.8482 -006.5956 0
L1 06    273 +014.5223 -000.0320 -004.1563 -048.2413 +000.8318 +001.1338 0
L1 07    273 +015.3778 -000.9659 -003.8417 +047.5723 +003.1805 -039.6496 0
L1 08    273 +015.8366 -001.3599 -003.0674 +125.3339 +049.0342 -002.6122 0
L1 01    277 +013.3792 +000.9925 +001.3013 +050.2663 +002.6820 +000.7302 0
L1 02    277 +005.3090 +006.8754 +001.6999 -151.7889 -003.0030 -158.0218 0
L1 03    277 +013.8085 +001.5819 -000.8828 +047.0802 +003.8243 +091.1956 0
L1 04    277 +008.4119 +008.0432 +001.7768 -030.1612 -000.6188 +000.3978 0
L1 05    277 +014.3771 +010.1581 +001.9884 -109.3658 +000.8470 -006.5960 0
L1 06    277 +014.5225 -000.0320 -004.1567 -048.2418 +000.8350 +001.1361 0
L1 07    277 +015.3781 -000.9655 -003.8419 +047.5731 +003.1770 -039.6479 0
L1 08    277 +015.8371 -001.3596 -003.0671 +125.3270 +049.0329 -002.6230 0
L1 01    281 +013.3792 +000.9929 +001.3014 +050.2691 +002.6790 +000.7276 0
L1 02    281 +005.3090 +006.8754 +001.6999 -151.7891 -003.0033 -158.0217 0
L1 03    281 +013.8087 +001.5819 -000.8829 +047.0808 +003.8197 +091.1957 0
L1 04    281 +008.4120 +008.0432 +001.7768 -030.1617 -000.6187 +000.3977 0
L1 05    281 +014.3771 +010.1581 +001.9880 -109.3653 +000.8456 -006.5986 0
L1 06    281 +014.5230 -000.0311 -004.1565 -048.2381 +000.8365 +001.1451 0
L1 07    281 +015.3786 -000.9652 -003.8415 +047.5730 +003.1709 -039.6500 0
L1 08    281 +015.8374 -001.3591 -003.0672 +125.3204 +049.0295 -002.6322 0
L1 01    285 +013.3793 +000.9927 +001.3010 +050.2701 +002.6770 +000.7311 0
L1 02    285 +005.3090 +006.8755 +001.6999 -151.7885 -003.0030 -158.0217 0
L1 03    285 +013.8088 +001.5825 -000.8829 +047.0880 +003.8139 +091.1974 0
L1 04    285 +008.4119 +008.0433 +001.7767 -030.1605 -000.6187 +000.3972 0
L1 05    285 +014.3769 +010.1583 +001.9885 -109.3628 +000.8471 -006.5968 0
L1 06    285 +014.5234 -000.0309 -004.1565 -048.2374 +000.8364 +001.1501 0
L1 07    285 +015.3788 -000.9645 -003.8421 +047.5782 +003.1660 -039.6446 0
L1 08    285 +015.8378 -001.3588 -003.0675 +125.3156 +049.0210 -002.6414 0
L1 01    289 +013.3793 +000.9928 +001.3011 +050.2730 +002.6766 +000.7307 0
L1 02    289 +005.3090 +006.8755 +001.6999 -151.7885 -003.0030 -158.0218 0
L1 03    289 +013.8088 +001.5825 -000.8828 +047.0903 +003.8132 +091.1974 0
L1 04    289 +008.4120 +008.0432 +001.7767 -030.1607 -000.6187 +000.3973 0
L1 05    289 +014.3768 +010.1584 +001.9885 -109.3611 +000.8466 -006.5961 0
L1 06    289 +014.5236 -000.0303 -004.1565 -048.2301 +000.8387 +001.1527 0
L1 07    289 +015.3792 -000.9642 -003.8417 +047.5860 +003.1617 -039.6455 0
L1 08    289 +015.8380 -001.3586 -003.0675 +125.3209 +049.0180 -002.6416 0
L1 01    293 +013.3793 +000.9929 +001.3010 +050.2770 +002.6776 +000.7327 0
L1 02    293 +005.3090 +006.8755 +001.6999 -151.7886 -003.0032 -158.0218 0
L1 03    293 +013.8087 +001.5826 -000.8828 +047.0942 +003.8133 +091.2007 0
L1 04    293 +008.4119 +008.0433 +001.7767 -030.1603 -000.6186 +000.3970 0
L1 05    293 +014.3769 +010.1583 +001.9885 -109.3623 +000.8472 -006.5967 0
L1 06    293 +014.5234 -000.0304 -004.1567 -048.2303 +000.8414 +001.1503 0
L1 07    293 +015.3791 -000.9634 -003.8421 +047.5907 +003.1636 -039.6366 0
L1 08    293 +015.8379 -001.3581 -003.0680 +125.3303 +049.0100 -002.6360 0
L1 01    297 +013.3792 +000.9930 +001.3009 +050.2783 +002.6791 +000.7340 0
L1 02    297 +005.3090 +006.8754 +001.6999 -151.7887 -003.0031 -158.0219 0
L1 03    297 +013.8086 +001.5825 -000.8827 +047.0933 +003.8153 +091.2005 0
L1 04    297 +008.4119 +008.0432 +001.7767 -030.1606 -000.6186 +000.3972 0
L1 05    297 +014.3769 +010.1585 +001.9883 -109.3623 +000.8459 -006.5978 0
L1 06    297 +014.5232 -000.0307 -004.1567 -048.2323 +000.8430 +001.1483 0
L1 07    297 +015.3788 -000.9636 -003.8425 +047.5899 +003.1677 -039.6327 0
L1 08    297 +015.8378 -001.3582 -003.0680 +125.3312 +049.0071 -002.6338 0
L1 01    301 +013.3792 +000.9928 +001.3011 +050.2752 +002.6802 +000.7321 0
L1 02    301 +005.3090 +006.8754 +001.6999 -151.7892 -003.0031 -158.0219 0
L1 03    301 +013.8084 +001.5820 -000.8828 +047.0910 +003.8215 +091.1985 0
L1 04    301 +008.4120 +008.0432 +001.7768 -030.1617 -000.6186 +000.3977 0
L1 05    301 +014.3773 +010.1579 +001.9883 -109.3663 +000.8461 -006.5974 0
L1 06    301 +014.5229 -000.0311 -004.1567 -048.2319 +000.8404 +001.1424 0
L1 07    301 +015.3786 -000.9644 -003.8422 +047.5866 +003.1721 -039.6348 0
L1 08    301 +015.8376 -001.3587 -003.0677 +125.3343 +049.0086 -002.6295 0
L1 01    305 +013.3792 +000.9927 +001.3010 +050.2727 +002.6853 +000.7294 0
L1 02    305 +005.3090 +006.8754 +001.7000 -151.7894 -003.0029 -158.0220 0
L1 03    305 +013.8083 +001.5817 -000.8830 +047.0917 +003.8283 +091.1947 0
L1 04    305 +008.4120 +008.0432 +001.7767 -030.1618 -000.6184 +000.3972 0
L1 05    305 +014.3775 +010.1576 +001.9884 -109.3682 +000.8471 -006.5982 0
L1 06    305 +014.5228 -000.0321 -004.1562 -048.2324 +000.8312 +001.1392 0
L1 07    305 +015.3785 -000.9650 -003.8421 +047.5889 +003.1799 -039.6376 0
L1 08    305 +015.8375 -001.3595 -003.0678 +125.3454 +049.0118 -002.6159 0
L1 01    309 +013.3793 +000.9926 +001.3008 +050.2731 +002.6862 +000.7271 0
L1 02    309 +005.3090 +006.8754 +001.7000 -151.7892 -003.0026 -158.0219 0
L1 03    309 +013.8085 +001.5819 -000.8831 +047.0945 +003.8271 +091.1937 0
L1 04    309 +008.4119 +008.0432 +001.7768 -030.1607 -000.6187 +000.3974 0
L1 05    309 +014.3773 +010.1579 +001.9880 -109.3658 +000.8449 -006.5981 0
L1 06    309 +014.5231 -000.0319 -004.1561 -048.2301 +000.8319 +001.1403 0
L1 07    309 +015.3787 -000.9645 -003.8421 +047.5952 +003.1776 -039.6369 0
L1 08    309 +015.8378 -001.3592 -003.0679 +125.3481 +049.0090 -002.6173 0
L1 01    313 +013.3793 +000.9925 +001.3009 +050.2713 +002.6801 +000.7264 0
L1 02    313 +005.3090 +006.8754 +001.6999 -151.7892 -003.0030 -158.0217 0
L1 03    313 +013.8086 +001.5820 -000.8830 +047.0923 +003.8215 +091.1938 0
L1 04    313 +008.4119 +008.0432 +001.7768 -030.1608 -000.6186 +000.3975 0
L1 05    313 +014.3772 +010.1581 +001.9882 -109.3646 +000.8461 -006.5980 0
L1 06    313 +014.5234 -000.0317 -004.1563 -048.2334 +000.8345 +001.1454 0
L1 07    313 +015.3789 -000.9644 -003.8421 +047.5929 +003.1750 -039.6357 0
L1 08    313 +015.8381 -001.3591 -003.0677 +125.3356 +049.0046 -002.6304 0
L1 01    317 +013.3793 +000.9929 +001.3008 +050.2725 +002.6783 +000.7291 0
L1 02    317 +005.3090 +006.8755 +001.6999 -151.7885 -003.0031 -158.0216 0
L1 03    317 +013.8087 +001.5827 -000.8829 +047.0944 +003.8168 +091.1976 0
L1 04    317 +008.4119 +008.0432 +001.7767 -030.1605 -000.6189 +000.3972 0
L1 05    317 +014.3768 +010.1587 +001.9884 -109.3602 +000.8460 -006.5959 0
L1 06    317 +014.5235 -000.0306 -004.1567 -048.2335 +000.8385 +001.1478 0
L1 07    317 +015.3790 -000.9632 -003.8426 +047.5929 +003.1693 -039.6317 0
L1 08    317 +015.8380 -001.3584 -003.0681 +125.3296 +048.9971 -002.6359 0
L1 01    321 +013.3793 +000.9928 +001.3009 +050.2707 +002.6753 +000.7320 0
L1 02    321 +005.3090 +006.8754 +001.6999 -151.7888 -003.0030 -158.0219 0
L1 03    321 +013.8086 +001.5825 -000.8828 +047.0919 +003.8166 +091.2009 0
L1 04    321 +008.4119 +008.0433 +001.7768 -030.1604 -000.6190 +000.3975 0
L1 05    321 +014.3767 +010.1590 +001.9877 -109.3598 +000.8429 -006.5987 0
L1 06    321 +014.5232 -000.0305 -004.1564 -048.2351 +000.8410 +001.1500 0
L1 07    321 +015.3786 -000.9639 -003.8422 +047.5870 +003.1669 -039.6302 0
L1 08    321 +015.8378 -001.3582 -003.0681 +125.3244 +048.9970 -002.6388 0
L1 01    325 +013.3792 +000.9930 +001.3011 +050.2710 +002.6800 +000.7315 0
L1 02    325 +005.3090 +006.8754 +001.6999 -151.7890 -003.0033 -158.0220 0
L1 03    325 +013.8084 +001.5822 -000.8828 +047.0891 +003.8236 +091.2017 0
L1 04    325 +008.4119 +008.0433 +001.7768 -030.1604 -000.6189 +000.3976 0
L1 05    325 +014.3773 +010.1582 +001.9877 -109.3635 +000.8438 -006.6002 0
L1 06    325 +014.5226 -000.0310 -004.1566 -048.2370 +000.8420 +001.1435 0
L1 07    325 +015.3782 -000.9651 -003.8423 +047.5822 +003.1728 -039.6312 0
L1 08    325 +015.8373 -001.3585 -003.0681 +125.3276 +049.0009 -002.6306 0
L1 01    329 +013.3792 +000.9929 +001.3012 +050.2716 +002.6861 +000.7315 0
L1 02    329 +005.3090 +006.8754 +001.6999 -151.7892 -003.0032 -158.0220 0
L1 03    329 +013.8081 +001.5820 -000.8829 +047.0896 +003.8339 +091.2006 0
L1 04    329 +008.4119 +008.0432 +001.7768 -030.1606 -000.6190 +000.3974 0
L1 05    329 +014.3771 +010.1581 +001.9882 -109.3637 +000.8451 -006.5987 0
L1 06    329 +014.5220 -000.0312 -004.1570 -048.2348 +000.8418 +001.1331 0
L1 07    329 +015.3778 -000.9651 -003.8421 +047.5837 +003.1809 -039.6353 0
L1 08    329 +015.8367 -001.3591 -003.0681 +125.3325 +049.0084 -002.6183 0
L1 01    333 +013.3792 +000.9926 +001.3012 +050.2676 +002.6868 +000.7295 0
L1 02    333 +005.3090 +006.8754 +001.6999 -151.7889 -003.0029 -158.0218 0
L1 03    333 +013.8081 +001.5818 -000.8830 +047.0876 +003.8356 +091.1982 0
L1 04    333 +008.4119 +008.0432 +001.7768 -030.1609 -000.6190 +000.3975 0
L1 05    333 +014.3770 +010.1581 +001.9886 -109.3638 +000.8474 -006.5959 0
L1 06    333 +014.5220 -000.0321 -004.1566 -048.2403 +000.8359 +001.1321 0
L1 07    333 +015.3777 -000.9655 -003.8421 +047.5814 +003.1853 -039.6390 0
L1 08    333 +015.8367 -001.3596 -003.0675 +125.3264 +049.0195 -002.6202 0
L1 01    337 +013.3793 +000.9928 +001.3010 +050.2664 +002.6837 +000.7276 0
L1 02    337 +005.3090 +006.8754 +001.7000 -151.7889 -003.0029 -158.0218 0
L1 03    337 +013.8083 +001.5818 -000.8830 +047.0860 +003.8316 +091.1976 0
L1 04    337 +008.4119 +008.0432 +001.7768 -030.1606 -000.6189 +000.3975 0
L1 05    337 +014.3772 +010.1581 +001.9881 -109.3649 +000.8447 -006.5982 0
L1 06    337 +014.5224 -000.0320 -004.1563 -048.2399 +000.8325 +001.1352 0
L1 07    337 +015.3779 -000.9654 -003.8420 +047.5807 +003.1826 -039.6418 0
L1 08    337 +015.8370 -001.3594 -003.0675 +125.3217 +049.0238 -002.6254 0
L1 01    345 +013.3794 +000.9929 +001.3010 +050.2642 +002.6680 +000.7297 0
L1 02    345 +005.3090 +006.8755 +001.6999 -151.7886 -003.0028 -158.0219 0
L1 03    345 +013.8087 +001.5825 -000.8828 +047.0902 +003.8166 +091.2001 0
L1 04    345 +008.4119 +008.0433 +001.7767 -030.1603 -000.6190 +000.3974 0
L1 05    345 +014.3767 +010.1586 +001.9887 -109.3618 +000.8475 -006.5975 0
L1 06    345 +014.5234 -000.0304 -004.1565 -048.2379 +000.8389 +001.1494 0
L1 07    345 +015.3790 -000.9641 -003.8419 +047.5822 +003.1653 -039.6399 0
L1 08    345 +015.8378 -001.3581 -003.0680 +125.3026 +049.0108 -002.6498 0
L1 01    349 +013.3794 +000.9928 +001.3009 +050.2651 +002.6665 +000.7314 0
L1 02    349 +005.3090 +006.8754 +001.7000 -151.7887 -003.0026 -158.0220 0
L1 03    349 +013.8086 +001.5828 -000.8827 +047.0968 +003.8141 +091.2010 0
L1 04    349 +008.4119 +008.0433 +001.7768 -030.1603 -000.6191 +000.3976 0
L1 05    349 +014.3770 +010.1583 +001.9886 -109.3635 +000.8462 -006.5972 0
L1 06    349 +014.5236 -000.0305 -004.1564 -048.2347 +000.8391 +001.1535 0
L1 07    349 +015.3790 -000.9637 -003.8425 +047.5880 +003.1678 -039.6370 0
L1 08    349 +015.8381 -001.3578 -003.0679 +125.3025 +049.0117 -002.6541 0
L1 01    353 +013.3794 +000.9927 +001.3009 +050.2691 +002.6686 +000.7323 0
L1 02    353 +005.3090 +006.8754 +001.6999 -151.7889 -003.0030 -158.0220 0
L1 03    353 +013.8085 +001.5826 -000.8827 +047.1018 +003.8159 +091.2027 0
L1 04    353 +008.4119 +008.0432 +001.7768 -030.1608 -000.6190 +000.3977 0
L1 05    353 +014.3771 +010.1582 +001.9884 -109.3647 +000.8458 -006.5994 0
L1 06    353 +014.5236 -000.0303 -004.1564 -048.2288 +000.8399 +001.1527 0
L1 07    353 +015.3791 -000.9638 -003.8423 +047.5923 +003.1661 -039.6367 0
L1 08    353 +015.8381 -001.3579 -003.0680 +125.3055 +049.0114 -002.6537 0
L1 01    357 +013.3792 +000.9929 +001.3011 +050.2770 +002.6732 +000.7300 0
L1 02    357 +005.3090 +006.8754 +001.6999 -151.7887 -003.0031 -158.0218 0
L1 03    357 +013.8083 +001.5826 -000.8827 +047.1071 +003.8181 +091.2023 0
L1 04    357 +008.4119 +008.0432 +001.7768 -030.1606 -000.6190 +000.3975 0
L1 05    357 +014.3769 +010.1585 +001.9885 -109.3626 +000.8465 -006.5987 0
L1 06    357 +014.5235 -000.0300 -004.1564 -048.2220 +000.8428 +001.1515 0
L1 07    357 +015.3792 -000.9635 -003.8425 +047.6046 +003.1685 -039.6344 0
L1 08    357 +015.8382 -001.3575 -003.0677 +125.3109 +049.0120 -002.6558 0
L1 01    361 +013.3791 +000.9923 +001.3013 +050.2741 +002.6730 +000.7314 0
L1 02    361 +005.3090 +006.8754 +001.6999 -151.7888 -003.0030 -158.0216 0
L1 03    361 +013.8080 +001.5824 -000.8828 +047.1061 +003.8231 +091.2047 0
L1 04    361 +008.4119 +008.0432 +001.7767 -030.1604 -000.6189 +000.3972 0
L1 05    361 +014.3768 +010.1585 +001.9884 -109.3621 +000.8462 -006.6002 0
L1 06    361 +014.5230 -000.0305 -004.1567 -048.2249 +000.8444 +001.1460 0
L1 07    361 +015.3788 -000.9639 -003.8426 +047.5990 +003.1721 -039.6290 0
L1 08    361 +015.8379 -001.3579 -003.0678 +125.3094 +049.0037 -002.6549 0
L1 01    365 +013.3791 +000.9926 +001.3012 +050.2743 +002.6853 +000.7297 0
L1 02    365 +005.3090 +006.8754 +001.6999 -151.7890 -003.0032 -158.0215 0
L1 03    365 +013.8078 +001.5820 -000.8828 +047.1024 +003.8343 +091.2023 0
L1 04    365 +008.4118 +008.0433 +001.7767 -030.1598 -000.6190 +000.3972 0
L1 05    365 +014.3773 +010.1581 +001.9881 -109.3653 +000.8457 -006.6011 0
L1 06    365 +014.5222 -000.0311 -004.1566 -048.2261 +000.8450 +001.1361 0
L1 07    365 +015.3782 -000.9641 -003.8423 +047.5989 +003.1775 -039.6275 0
L1 08    365 +015.8373 -001.3584 -003.0680 +125.3204 +048.9999 -002.6387 0
L1 01    369 +013.3791 +000.9922 +001.3014 +050.2674 +002.6925 +000.7292 0
L1 02    369 +005.3090 +006.8755 +001.6999 -151.7888 -003.0029 -158.0217 0
L1 03    369 +013.8074 +001.5814 -000.8831 +047.0976 +003.8487 +091.2016 0
L1 04    369 +008.4119 +008.0433 +001.7768 -030.1602 -000.6191 +000.3974 0
L1 05    369 +014.3770 +010.1583 +001.9883 -109.3635 +000.8467 -006.5999 0
L1 06    369 +014.5212 -000.0328 -004.1565 -048.2328 +000.8408 +001.1219 0
L1 07    369 +015.3771 -000.9655 -003.8422 +047.5955 +003.1932 -039.6270 0
L1 08    369 +015.8363 -001.3599 -003.0681 +125.3314 +048.9990 -002.6179 0
L1 01    373 +013.3791 +000.9925 +001.3012 +050.2667 +002.7018 +000.7263 0
L1 02    373 +005.3090 +006.8755 +001.6999 -151.7888 -003.0031 -158.0220 0
L1 03    373 +013.8073 +001.5811 -000.8832 +047.0991 +003.8554 +091.1986 0
L1 04    373 +008.4119 +008.0433 +001.7768 -030.1605 -000.6192 +000.3975 0
L1 05    373 +014.3772 +010.1580 +001.9884 -109.3650 +000.8472 -006.6007 0
L1 06    373 +014.5208 -000.0332 -004.1572 -048.2314 +000.8407 +001.1121 0
L1 07    373 +015.3768 -000.9655 -003.8422 +047.5996 +003.2024 -039.6289 0
L1 08    373 +015.8361 -001.3602 -003.0682 +125.3429 +049.0003 -002.6050 0
L1 01    378 +013.3791 +000.9925 +001.3011 +050.2637 +002.6911 +000.7237 0
L1 02    378 +005.3090 +006.8755 +001.6999 -151.7884 -003.0031 -158.0221 0
L1 03    378 +013.8077 +001.5813 -000.8832 +047.0978 +003.8467 +091.1973 0
L1 04    378 +008.4119 +008.0433 +001.7767 -030.1606 -000.6189 +000.3974 0
L1 05    378 +014.3770 +010.1583 +001.9887 -109.3621 +000.8482 -006.5989 0
L1 06    378 +014.5216 -000.0330 -004.1567 -048.2347 +000.8384 +001.1233 0
L1 07    378 +015.3773 -000.9660 -003.8422 +047.5940 +003.1948 -039.6287 0
L1 08    378 +015.8367 -001.3601 -003.0679 +125.3301 +048.9968 -002.6200 0
L1 01    382 +013.3792 +000.9926 +001.3010 +050.2646 +002.6829 +000.7228 0
L1 02    382 +005.3090 +006.8755 +001.6999 -151.7885 -003.0031 -158.0219 0
L1 03    382 +013.8080 +001.5819 -000.8830 +047.0986 +003.8332 +091.1983 0
L1 04    382 +008.4119 +008.0432 +001.7767 -030.1608 -000.6188 +000.3972 0
L1 05    382 +014.3770 +010.1581 +001.9887 -109.3625 +000.8475 -006.5991 0
L1 06    382 +014.5224 -000.0316 -004.1568 -048.2336 +000.8424 +001.1354 0
L1 07    382 +015.3780 -000.9647 -003.8425 +047.5972 +003.1812 -039.6238 0
L1 08    382 +015.8374 -001.3589 -003.0681 +125.3179 +048.9913 -002.6390 0
L1 01    386 +013.3793 +000.9927 +001.3010 +050.2661 +002.6758 +000.7244 0
L1 02    386 +005.3090 +006.8755 +001.6999 -151.7885 -003.0030 -158.0219 0
L1 03    386 +013.8083 +001.5822 -000.8829 +047.0996 +003.8247 +091.1998 0
L1 04    386 +008.4119 +008.0433 +001.7767 -030.1603 -000.6188 +000.3972 0
L1 05    386 +014.3771 +010.1583 +001.9883 -109.3624 +000.8464 -006.5993 0
L1 06    386 +014.5231 -000.0302 -004.1566 -048.2301 +000.8447 +001.1483 0
L1 07    386 +015.3788 -000.9642 -003.8423 +047.5945 +003.1721 -039.6246 0
L1 08    386 +015.8380 -001.3580 -003.0682 +125.3058 +048.9857 -002.6542 0
L1 01    390 +013.3792 +000.9927 +001.3012 +050.2692 +002.6789 +000.7225 0
L1 02    390 +005.3090 +006.8755 +001.6999 -151.7884 -003.0034 -158.0215 0
L1 03    390 +013.8082 +001.5819 -000.8829 +047.0997 +003.8290 +091.1994 0
L1 04    390 +008.4119 +008.0432 +001.7768 -030.1610 -000.6189 +000.3976 0
L1 05    390 +014.3772 +010.1579 +001.9882 -109.3640 +000.8452 -006.5999 0
L1 06    390 +014.5228 -000.0312 -004.1567 -048.2333 +000.8440 +001.1440 0
L1 07    390 +015.3787 -000.9640 -003.8422 +047.5972 +003.1754 -039.6250 0
L1 08    390 +015.8378 -001.3582 -003.0680 +125.3090 +048.9888 -002.6506 0
L1 01    394 +013.3792 +000.9924 +001.3012 +050.2671 +002.6844 +000.7260 0
L1 02    394 +005.3090 +006.8755 +001.6999 -151.7885 -003.0030 -158.0218 0
L1 03    394 +013.8079 +001.5818 -000.8830 +047.1021 +003.8375 +091.1990 0
L1 04    394 +008.4119 +008.0432 +001.7767 -030.1605 -000.6189 +000.3974 0
L1 05    394 +014.3769 +010.1583 +001.9885 -109.3620 +000.8467 -006.5982 0
L1 06    394 +014.5223 -000.0318 -004.1565 -048.2310 +000.8398 +001.1351 0
L1 07    394 +015.3782 -000.9644 -003.8425 +047.6000 +003.1833 -039.6228 0
L1 08    394 +015.8373 -001.3591 -003.0682 +125.3177 +048.9881 -002.6375 0
L1 01    398 +013.3792 +000.9924 +001.3011 +050.2654 +002.6936 +000.7248 0
L1 02    398 +005.3090 +006.8755 +001.6999 -151.7884 -003.0030 -158.0220 0
L1 03    398 +013.8077 +001.5814 -000.8831 +047.1007 +003.8474 +091.1972 0
L1 04    398 +008.4119 +008.0432 +001.7767 -030.1606 -000.6189 +000.3974 0
L1 05    398 +014.3769 +010.1583 +001.9884 -109.3616 +000.8458 -006.5990 0
L1 06    398 +014.5216 -000.0328 -004.1569 -048.2335 +000.8402 +001.1218 0
L1 07    398 +015.3775 -000.9653 -003.8428 +047.6007 +003.1949 -039.6197 0
L1 08    398 +015.8369 -001.3595 -003.0683 +125.3331 +048.9876 -002.6202 0
L1 01    402 +013.3792 +000.9924 +001.3010 +050.2622 +002.6956 +000.7244 0
L1 02    402 +005.3090 +006.8754 +001.6999 -151.7890 -003.0031 -158.0222 0
L1 03    402 +013.8076 +001.5813 -000.8832 +047.0994 +003.8498 +091.1970 0
L1 04    402 +008.4120 +008.0432 +001.7768 -030.1610 -000.6189 +000.3975 0
L1 05    402 +014.3770 +010.1582 +001.9883 -109.3615 +000.8460 -006.6012 0
L1 06    402 +014.5216 -000.0326 -004.1568 -048.2334 +000.8401 +001.1227 0
L1 07    402 +015.3774 -000.9658 -003.8426 +047.5981 +003.1980 -039.6210 0
L1 08    402 +015.8368 -001.3597 -003.0683 +125.3354 +048.9840 -002.6172 0
L1 01    406 +013.3793 +000.9924 +001.3010 +050.2592 +002.6918 +000.7228 0
L1 02    406 +005.3090 +006.8754 +001.6999 -151.7891 -003.0032 -158.0220 0
L1 03    406 +013.8079 +001.5813 -000.8832 +047.0954 +003.8446 +091.1970 0
L1 04    406 +008.4120 +008.0432 +001.7768 -030.1615 -000.6188 +000.3974 0
L1 05    406 +014.3771 +010.1583 +001.9878 -109.3629 +000.8446 -006.6032 0
L1 06    406 +014.5220 -000.0324 -004.1568 -048.2367 +000.8405 +001.1273 0
L1 07    406 +015.3777 -000.9654 -003.8424 +047.5974 +003.1914 -039.6208 0
L1 08    406 +015.8371 -001.3596 -003.0684 +125.3283 +048.9804 -002.6237 0
L1 01    410 +013.3794 +000.9925 +001.3010 +050.2561 +002.6827 +000.7209 0
L1 02    410 +005.3090 +006.8755 +001.7000 -151.7887 -003.0029 -158.0218 0
L1 03    410 +013.8082 +001.5816 -000.8831 +047.0957 +003.8377 +091.1948 0
L1 04    410 +008.4120 +008.0432 +001.7767 -030.1615 -000.6185 +000.3970 0
L1 05    410 +014.3770 +010.1584 +001.9879 -109.3628 +000.8449 -006.6023 0
L1 06    410 +014.5225 -000.0322 -004.1568 -048.2387 +000.8396 +001.1341 0
L1 07    410 +015.3781 -000.9653 -003.8427 +047.5945 +003.1860 -039.6186 0
L1 08    410 +015.8376 -001.3594 -003.0685 +125.3185 +048.9771 -002.6346 0
L1 01    414 +013.3794 +000.9924 +001.3010 +050.2550 +002.6707 +000.7165 0
L1 02    414 +005.3090 +006.8754 +001.6999 -151.7891 -003.0030 -158.0219 0
L1 03    414 +013.8085 +001.5817 -000.8830 +047.0961 +003.8276 +091.1929 0
L1 04    414 +008.4120 +008.0432 +001.7768 -030.1616 -000.6185 +000.3976 0
L1 05    414 +014.3770 +010.1581 +001.9884 -109.3642 +000.8465 -006.6008 0
L1 06    414 +014.5236 -000.0316 -004.1563 -048.2359 +000.8353 +001.1465 0
L1 07    414 +015.3791 -000.9651 -003.8422 +047.5960 +003.1777 -039.6227 0
L1 08    414 +015.8384 -001.3589 -003.0682 +125.3105 +048.9768 -002.6515 0
L1 01    418 +013.3794 +000.9924 +001.3011 +050.2610 +002.6645 +000.7189 0
L1 02    418 +005.3090 +006.8755 +001.6999 -151.7887 -003.0030 -158.0219 0
L1 03    418 +013.8086 +001.5824 -000.8827 +047.1073 +003.8177 +091.1959 0
L1 04    418 +008.4119 +008.0432 +001.7767 -030.1610 -000.6187 +000.3976 0
L1 05    418 +014.3770 +010.1583 +001.9885 -109.3627 +000.8474 -006.6003 0
L1 06    418 +014.5239 -000.0306 -004.1568 -048.2279 +000.8421 +001.1527 0
L1 07    418 +015.3798 -000.9640 -003.8421 +047.6046 +003.1665 -039.6202 0
L1 08    418 +015.8391 -001.3575 -003.0682 +125.3084 +048.9718 -002.6670 0
L1 01    422 +013.3794 +000.9926 +001.3011 +050.2657 +002.6605 +000.7244 0
L1 02    422 +005.3090 +006.8755 +001.6999 -151.7883 -003.0031 -158.0219 0
L1 03    422 +013.8086 +001.5828 -000.8826 +047.1112 +003.8116 +091.2018 0
L1 04    422 +008.4119 +008.0433 +001.7768 -030.1606 -000.6189 +000.3977 0
L1 05    422 +014.3771 +010.1582 +001.9885 -109.3635 +000.8472 -006.5994 0
L1 06    422 +014.5241 -000.0294 -004.1567 -048.2228 +000.8488 +001.1609 0
L1 07    422 +015.3799 -000.9628 -003.8428 +047.6110 +003.1606 -039.6124 0
L1 08    422 +015.8392 -001.3568 -003.0688 +125.3028 +048.9652 -002.6727 0
L1 01    426 +013.3793 +000.9927 +001.3013 +050.2659 +002.6572 +000.7252 0
L1 02    426 +005.3090 +006.8755 +001.6999 -151.7884 -003.0030 -158.0219 0
L1 03    426 +013.8085 +001.5829 -000.8825 +047.1116 +003.8107 +091.2045 0
L1 04    426 +008.4119 +008.0433 +001.7768 -030.1603 -000.6189 +000.3974 0
L1 05    426 +014.3769 +010.1585 +001.9888 -109.3607 +000.8485 -006.5989 0
L1 06    426 +014.5239 -000.0293 -004.1567 -048.2227 +000.8507 +001.1620 0
L1 07    426 +015.3800 -000.9618 -003.8422 +047.6149 +003.1541 -039.6113 0
L1 08    426 +015.8391 -001.3560 -003.0687 +125.3028 +048.9605 -002.6783 0
L1 01    430 +013.3793 +000.9926 +001.3014 +050.2639 +002.6586 +000.7260 0
L1 02    430 +005.3090 +006.8755 +001.6999 -151.7884 -003.0029 -158.0220 0
L1 03    430 +013.8083 +001.5828 -000.8825 +047.1106 +003.8155 +091.2045 0
L1 04    430 +008.4119 +008.0433 +001.7768 -030.1601 -000.6191 +000.3978 0
L1 05    430 +014.3767 +010.1585 +001.9888 -109.3598 +000.8488 -006.6001 0
L1 06    430 +014.5236 -000.0291 -004.1567 -048.2213 +000.8520 +001.1583 0
L1 07    430 +015.3796 -000.9619 -003.8425 +047.6141 +003.1578 -039.6075 0
L1 08    430 +015.8388 -001.3564 -003.0686 +125.3059 +048.9589 -002.6727 0
L1 01    434 +013.3794 +000.9927 +001.3010 +050.2648 +002.6683 +000.7275 0
L1 02    434 +005.3090 +006.8755 +001.7000 -151.7881 -003.0028 -158.0221 0
L1 03    434 +013.8082 +001.5827 -000.8826 +047.1120 +003.8214 +091.2051 0
L1 04    434 +008.4119 +008.0433 +001.7768 -030.1602 -000.6189 +000.3975 0
L1 05    434 +014.3769 +010.1584 +001.9884 -109.3605 +000.8460 -006.6020 0
L1 06    434 +014.5232 -000.0300 -004.1569 -048.2257 +000.8508 +001.1507 0
L1 07    434 +015.3791 -000.9629 -003.8433 +047.6113 +003.1688 -039.6020 0
L1 08    434 +015.8384 -001.3568 -003.0691 +125.3156 +048.9561 -002.6584 0
L1 01    438 +013.3793 +000.9926 +001.3012 +050.2634 +002.6691 +000.7245 0
L1 02    438 +005.3090 +006.8755 +001.6999 -151.7882 -003.0029 -158.0220 0
L1 03    438 +013.8081 +001.5824 -000.8827 +047.1095 +003.8246 +091.2038 0
L1 04    438 +008.4119 +008.0433 +001.7767 -030.1605 -000.6189 +000.3974 0
L1 05    438 +014.3771 +010.1580 +001.9888 -109.3630 +000.8480 -006.6004 0
L1 06    438 +014.5231 -000.0300 -004.1568 -048.2251 +000.8502 +001.1492 0
L1 07    438 +015.3789 -000.9627 -003.8428 +047.6131 +003.1696 -039.6058 0
L1 08    438 +015.8383 -001.3572 -003.0688 +125.3129 +048.9596 -002.6584 0
L1 01    442 +013.3793 +000.9925 +001.3011 +050.2620 +002.6722 +000.7270 0
L1 02    442 +005.3090 +006.8755 +001.6999 -151.7884 -003.0029 -158.0219 0
L1 03    442 +013.8081 +001.5824 -000.8827 +047.1078 +003.8265 +091.2046 0
L1 04    442 +008.4120 +008.0432 +001.7767 -030.1612 -000.6187 +000.3973 0
L1 05    442 +014.3772 +010.1579 +001.9884 -109.3638 +000.8473 -006.6030 0
L1 06    442 +014.5231 -000.0301 -004.1567 -048.2280 +000.8488 +001.1488 0
L1 07    442 +015.3790 -000.9630 -003.8426 +047.6100 +003.1698 -039.6082 0
L1 08    442 +015.8382 -001.3576 -003.0689 +125.3062 +048.9614 -002.6576 0
L1 01    446 +013.3793 +000.9925 +001.3013 +050.2596 +002.6725 +000.7267 0
L1 02    446 +005.3090 +006.8754 +001.7000 -151.7888 -003.0030 -158.0221 0
L1 03    446 +013.8080 +001.5822 -000.8827 +047.1040 +003.8290 +091.2043 0
L1 04    446 +008.4120 +008.0432 +001.7767 -030.1614 -000.6185 +000.3974 0
L1 05    446 +014.3775 +010.1576 +001.9884 -109.3665 +000.8466 -006.6019 0
L1 06    446 +014.5228 -000.0305 -004.1568 -048.2327 +000.8486 +001.1452 0
L1 07    446 +015.3788 -000.9630 -003.8424 +047.6074 +003.1711 -039.6097 0
L1 08    446 +015.8379 -001.3581 -003.0687 +125.2991 +048.9639 -002.6582 0
L1 01    450 +013.3793 +000.9924 +001.3012 +050.2569 +002.6792 +000.7273 0
L1 02    450 +005.3090 +006.8754 +001.6999 -151.7891 -003.0031 -158.0222 0
L1 03    450 +013.8079 +001.5819 -000.8828 +047.1011 +003.8365 +091.2038 0
L1 04    450 +008.4120 +008.0431 +001.7768 -030.1619 -000.6189 +000.3976 0
L1 05    450 +014.3773 +010.1576 +001.9885 -109.3672 +000.8466 -006.6021 0
L1 06    450 +014.5224 -000.0307 -004.1569 -048.2348 +000.8469 +001.1376 0
L1 07    450 +015.3781 -000.9642 -003.8430 +047.5991 +003.1808 -039.6075 0
L1 08    450 +015.8374 -001.3585 -003.0687 +125.3006 +048.9678 -002.6487 0
L1 01    454 +013.3791 +000.9928 +001.3017 +050.2589 +002.6857 +000.7208 0
L1 02    454 +005.3090 +006.8754 +001.6999 -151.7891 -003.0032 -158.0223 0
L1 03    454 +013.8077 +001.5815 -000.8829 +047.0988 +003.8465 +091.2018 0
L1 04    454 +008.4120 +008.0432 +001.7767 -030.1613 -000.6185 +000.3973 0
L1 05    454 +014.3775 +010.1575 +001.9884 -109.3677 +000.8471 -006.6026 0
L1 06    454 +014.5217 -000.0322 -004.1565 -048.2405 +000.8440 +001.1308 0
L1 07    454 +015.3777 -000.9648 -003.8425 +047.5994 +003.1885 -039.6133 0
L1 08    454 +015.8368 -001.3588 -003.0686 +125.3079 +048.9717 -002.6387 0
L1 01    458 +013.3792 +000.9924 +001.3014 +050.2577 +002.6899 +000.7258 0
L1 02    458 +005.3090 +006.8754 +001.6999 -151.7891 -003.0030 -158.0224 0
L1 03    458 +013.8075 +001.5815 -000.8830 +047.1013 +003.8497 +091.2051 0
L1 04    458 +008.4120 +008.0432 +001.7768 -030.1613 -000.6188 +000.3975 0
L1 05    458 +014.3775 +010.1577 +001.9883 -109.3673 +000.8465 -006.6029 0
L1 06    458 +014.5214 -000.0319 -004.1567 -048.2368 +000.8455 +001.1277 0
L1 07    458 +015.3773 -000.9648 -003.8428 +047.6017 +003.1936 -039.6100 0
L1 08    458 +015.8366 -001.3591 -003.0686 +125.3098 +048.9723 -002.6344 0
L1 01    462 +013.3793 +000.9925 +001.3009 +050.2610 +002.6949 +000.7314 0
L1 02    462 +005.3090 +006.8755 +001.7000 -151.7887 -003.0029 -158.0223 0
L1 03    462 +013.8073 +001.5820 -000.8831 +047.1070 +003.8496 +091.2074 0
L1 04    462 +008.4119 +008.0433 +001.7767 -030.1601 -000.6190 +000.3970 0
L1 05    462 +014.3771 +010.1583 +001.9881 -109.3620 +000.8447 -006.6034 0
L1 06    462 +014.5212 -000.0314 -004.1568 -048.2325 +000.8483 +001.1264 0
L1 07    462 +015.3771 -000.9647 -003.8429 +047.6046 +003.1942 -039.6074 0
L1 08    462 +015.8365 -001.3590 -003.0691 +125.3133 +048.9662 -002.6311 0
L1 01    466 +013.3792 +000.9926 +001.3010 +050.2616 +002.6934 +000.7320 0
L1 02    466 +005.3090 +006.8755 +001.6999 -151.7884 -003.0029 -158.0220 0
L1 03    466 +013.8074 +001.5821 -000.8830 +047.1070 +003.8478 +091.2088 0
L1 04    466 +008.4119 +008.0433 +001.7768 -030.1597 -000.6192 +000.3973 0
L1 05    466 +014.3770 +010.1584 +001.9885 -109.3607 +000.8455 -006.6012 0
L1 06    466 +014.5212 -000.0314 -004.1568 -048.2354 +000.8492 +001.1279 0
L1 07    466 +015.3771 -000.9638 -003.8434 +047.6071 +003.1918 -039.6026 0
L1 08    466 +015.8365 -001.3588 -003.0691 +125.3085 +048.9637 -002.6349 0
L1 01    470 +013.3792 +000.9926 +001.3011 +050.2588 +002.6912 +000.7313 0
L1 02    470 +005.3090 +006.8755 +001.7000 -151.7884 -003.0028 -158.0219 0
L1 03    470 +013.8074 +001.5821 -000.8829 +047.1031 +003.8464 +091.2088 0
L1 04    470 +008.4119 +008.0433 +001.7767 -030.1598 -000.6189 +000.3969 0
L1 05    470 +014.3768 +010.1586 +001.9884 -109.3590 +000.8459 -006.6019 0
L1 06    470 +014.5212 -000.0314 -004.1570 -048.2386 +000.8517 +001.1283 0
L1 07    470 +015.3771 -000.9638 -003.8429 +047.6036 +003.1882 -039.6042 0
L1 08    470 +015.8365 -001.3586 -003.0690 +125.3031 +048.9636 -002.6396 0
L1 01    474 +013.3793 +000.9925 +001.3010 +050.2564 +002.6925 +000.7316 0
L1 02    474 +005.3090 +006.8755 +001.7000 -151.7885 -003.0027 -158.0221 0
L1 03    474 +013.8074 +001.5819 -000.8829 +047.1012 +003.8487 +091.2074 0
L1 04    474 +008.4120 +008.0432 +001.7768 -030.1609 -000.6190 +000.3972 0
L1 05    474 +014.3771 +010.1583 +001.9882 -109.3618 +000.8452 -006.6027 0
L1 06    474 +014.5211 -000.0314 -004.1570 -048.2393 +000.8505 +001.1264 0
L1 07    474 +015.3769 -000.9645 -003.8429 +047.5990 +003.1921 -039.6064 0
L1 08    474 +015.8364 -001.3588 -003.0690 +125.3012 +048.9661 -002.6381 0
L1 01    478 +013.3792 +000.9920 +001.3016 +050.2537 +002.6909 +000.7290 0
L1 02    478 +005.3090 +006.8754 +001.7000 -151.7891 -003.0028 -158.0224 0
L1 03    478 +013.8074 +001.5813 -000.8828 +047.0976 +003.8507 +091.2071 0
L1 04    478 +008.4120 +008.0431 +001.7767 -030.1627 -000.6180 +000.3975 0
L1 05    478 +014.3770 +010.1582 +001.9883 -109.3627 +000.8461 -006.6035 0
L1 06    478 +014.5210 -000.0321 -004.1571 -048.2425 +000.8500 +001.1235 0
L1 07    478 +015.3768 -000.9648 -003.8428 +047.5989 +003.1945 -039.6072 0
L1 08    478 +015.8363 -001.3593 -003.0687 +125.2989 +048.9668 -002.6384 0
L1 01    482 +013.3792 +000.9922 +001.3013 +050.2543 +002.6909 +000.7300 0
L1 02    482 +005.3090 +006.8754 +001.7000 -151.7889 -003.0025 -158.0226 0
L1 03    482 +013.8074 +001.5816 -000.8828 +047.1002 +003.8506 +091.2072 0
L1 04    482 +008.4120 +008.0431 +001.7768 -030.1620 -000.6188 +000.3976 0
L1 05    482 +014.3773 +010.1577 +001.9882 -109.3658 +000.8465 -006.6045 0
L1 06    482 +014.5210 -000.0320 -004.1570 -048.2409 +000.8497 +001.1242 0
L1 07    482 +015.3770 -000.9650 -003.8426 +047.5987 +003.1940 -039.6074 0
L1 08    482 +015.8364 -001.3591 -003.0688 +125.3009 +048.9660 -002.6381 0
L1 01    486 +013.3792 +000.9922 +001.3013 +050.2545 +002.6874 +000.7302 0
L1 02    486 +005.3090 +006.8754 +001.7000 -151.7888 -003.0026 -158.0223 0
L1 03    486 +013.8075 +001.5819 -000.8829 +047.1016 +003.8466 +091.2077 0
L1 04    486 +008.4119 +008.0432 +001.7767 -030.1608 -000.6190 +000.3971 0
L1 05    486 +014.3771 +010.1581 +001.9888 -109.3631 +000.8477 -006.6011 0
L1 06    486 +014.5213 -000.0316 -004.1569 -048.2393 +000.8501 +001.1295 0
L1 07    486 +015.3773 -000.9645 -003.8428 +047.6019 +003.1917 -039.6054 0
L1 08    486 +015.8367 -001.3586 -003.0690 +125.2985 +048.9615 -002.6444 0
L1 01    490 +013.3793 +000.9924 +001.3012 +050.2546 +002.6845 +000.7275 0
L1 02    490 +005.3090 +006.8754 +001.7000 -151.7888 -003.0028 -158.0222 0
L1 03    490 +013.8077 +001.5821 -000.8828 +047.1016 +003.8413 +091.2054 0
L1 04    490 +008.4119 +008.0433 +001.7768 -030.1600 -000.6191 +000.3974 0
L1 05    490 +014.3769 +010.1584 +001.9885 -109.3603 +000.8471 -006.6020 0
L1 06    490 +014.5218 -000.0308 -004.1568 -048.2375 +000.8516 +001.1366 0
L1 07    490 +015.3775 -000.9644 -003.8427 +047.6011 +003.1853 -039.6049 0
L1 08    490 +015.8370 -001.3581 -003.0690 +125.2946 +048.9596 -002.6535 0
L1 01    494 +013.3794 +000.9924 +001.3010 +050.2532 +002.6842 +000.7286 0
L1 02    494 +005.3090 +006.8755 +001.7000 -151.7887 -003.0026 -158.0222 0
L1 03    494 +013.8078 +001.5822 -000.8829 +047.1033 +003.8411 +091.2049 0
L1 04    494 +008.4119 +008.0433 +001.7768 -030.1600 -000.6195 +000.3976 0
L1 05    494 +014.3766 +010.1588 +001.9886 -109.3565 +000.8474 -006.6011 0
L1 06    494 +014.5221 -000.0306 -004.1568 -048.2367 +000.8494 +001.1373 0
L1 07    494 +015.3779 -000.9642 -003.8427 +047.6018 +003.1826 -039.6049 0
L1 08    494 +015.8372 -001.3586 -003.0691 +125.2903 +048.9569 -002.6540 0
L1 01    498 +013.3793 +000.9923 +001.3012 +050.2502 +002.6816 +000.7247 0
L1 02    498 +005.3090 +006.8754 +001.7000 -151.7888 -003.0027 -158.0223 0
L1 03    498 +013.8078 +001.5820 -000.8828 +047.0996 +003.8406 +091.2037 0
L1 04    498 +008.4119 +008.0432 +001.7768 -030.1607 -000.6191 +000.3978 0
L1 05    498 +014.3768 +010.1584 +001.9884 -109.3597 +000.8469 -006.6020 0
L1 06    498 +014.5222 -000.0313 -004.1567 -048.2427 +000.8473 +001.1365 0
L1 07    498 +015.3778 -000.9640 -003.8429 +047.6016 +003.1839 -039.6052 0
L1 08    498 +015.8372 -001.3585 -003.0688 +125.2884 +048.9603 -002.6565 0
L1 01    502 +013.3794 +000.9923 +001.3011 +050.2493 +002.6825 +000.7263 0
L1 02    502 +005.3090 +006.8755 +001.7000 -151.7888 -003.0027 -158.0223 0
L1 03    502 +013.8078 +001.5820 -000.8828 +047.1001 +003.8409 +091.2048 0
L1 04    502 +008.4120 +008.0432 +001.7768 -030.1614 -000.6190 +000.3978 0
L1 05    502 +014.3771 +010.1581 +001.9885 -109.3624 +000.8471 -006.6023 0
L1 06    502 +014.5220 -000.0309 -004.1568 -048.2405 +000.8487 +001.1366 0
L1 07    502 +015.3778 -000.9640 -003.8428 +047.6014 +003.1838 -039.6059 0
L1 08    502 +015.8372 -001.3585 -003.0689 +125.2889 +048.9608 -002.6547 0
L1 01    506 +013.3794 +000.9923 +001.3012 +050.2484 +002.6796 +000.7282 0
L1 02    506 +005.3090 +006.8754 +001.7000 -151.7890 -003.0026 -158.0226 0
L1 03    506 +013.8078 +001.5821 -000.8827 +047.1008 +003.8401 +091.2054 0
L1 04    506 +008.4119 +008.0433 +001.7768 -030.1606 -000.6188 +000.3977 0
L1 05    506 +014.3772 +010.1579 +001.9888 -109.3643 +000.8489 -006.6027 0
L1 06    506 +014.5220 -000.0310 -004.1570 -048.2411 +000.8497 +001.1363 0
L1 07    506 +015.3778 -000.9642 -003.8430 +047.6002 +003.1840 -039.6042 0
L1 08    506 +015.8373 -001.3584 -003.0689 +125.2881 +048.9594 -002.6563 0
L1 01    510 +013.3794 +000.9924 +001.3013 +050.2487 +002.6782 +000.7269 0
L1 02    510 +005.3090 +006.8755 +001.6999 -151.7888 -003.0029 -158.0224 0
L1 03    510 +013.8079 +001.5821 -000.8828 +047.1004 +003.8384 +091.2062 0
L1 04    510 +008.4119 +008.0432 +001.7767 -030.1611 -000.6187 +000.3972 0
L1 05    510 +014.3771 +010.1579 +001.9890 -109.3645 +000.8495 -006.6015 0
L1 06    510 +014.5222 -000.0307 -004.1569 -048.2399 +000.8513 +001.1397 0
L1 07    510 +015.3780 -000.9641 -003.8427 +047.6001 +003.1810 -039.6042 0
L1 08    510 +015.8374 -001.3582 -003.0689 +125.2861 +048.9567 -002.6597 0
L1 01    514 +013.3794 +000.9925 +001.3013 +050.2491 +002.6759 +000.7266 0
L1 02    514 +005.3090 +006.8754 +001.7000 -151.7890 -003.0028 -158.0223 0
L1 03    514 +013.8079 +001.5822 -000.8828 +047.1018 +003.8353 +091.2068 0
L1 04    514 +008.4120 +008.0432 +001.7768 -030.1611 -000.6188 +000.3974 0
L1 05    514 +014.3770 +010.1582 +001.9887 -109.3617 +000.8479 -006.6026 0
L1 06    514 +014.5223 -000.0306 -004.1571 -048.2396 +000.8525 +001.1413 0
L1 07    514 +015.3782 -000.9632 -003.8429 +047.6057 +003.1765 -039.6012 0
L1 08    514 +015.8376 -001.3578 -003.0689 +125.2851 +048.9550 -002.6648 0
L1 01    518 +013.3794 +000.9927 +001.3012 +050.2514 +002.6773 +000.7274 0
L1 02    518 +005.3090 +006.8755 +001.7000 -151.7885 -003.0026 -158.0222 0
L1 03    518 +013.8080 +001.5824 -000.8828 +047.1042 +003.8342 +091.2075 0
L1 04    518 +008.4118 +008.0433 +001.7768 -030.1597 -000.6192 +000.3975 0
L1 05    518 +014.3771 +010.1581 +001.9890 -109.3615 +000.8489 -006.6014 0
L1 06    518 +014.5225 -000.0305 -004.1569 -048.2409 +000.8518 +001.1444 0
L1 07    518 +015.3784 -000.9624 -003.8433 +047.6100 +003.1753 -039.5994 0
L1 08    518 +015.8377 -001.3576 -003.0690 +125.2842 +048.9539 -002.6657 0
L1 01    522 +013.3794 +000.9926 +001.3013 +050.2505 +002.6755 +000.7266 0
L1 02    522 +005.3089 +006.8755 +001.7000 -151.7879 -003.0026 -158.0220 0
L1 03    522 +013.8080 +001.5825 -000.8827 +047.1035 +003.8345 +091.2069 0
L1 04    522 +008.4118 +008.0434 +001.7768 -030.1590 -000.6193 +000.3977 0
L1 05    522 +014.3767 +010.1587 +001.9890 -109.3565 +000.8490 -006.6004 0
L1 06    522 +014.5225 -000.0301 -004.1569 -048.2394 +000.8517 +001.1450 0
L1 07    522 +015.3782 -000.9628 -003.8432 +047.6058 +003.1757 -039.6000 0
L1 08    522 +015.8376 -001.3574 -003.0689 +125.2812 +048.9559 -002.6696 0
L1 01    526 +013.3794 +000.9926 +001.3013 +050.2494 +002.6784 +000.7240 0
L1 02    526 +005.3090 +006.8755 +001.7000 -151.7885 -003.0026 -158.0222 0
L1 03    526 +013.8080 +001.5822 -000.8827 +047.1024 +003.8388 +091.2034 0
L1 04    526 +008.4119 +008.0433 +001.7768 -030.1603 -000.6191 +000.3976 0
L1 05    526 +014.3769 +010.1583 +001.9891 -109.3591 +000.8495 -006.6006 0
L1 06    526 +014.5225 -000.0305 -004.1568 -048.2393 +000.8489 +001.1425 0
L1 07    526 +015.3782 -000.9634 -003.8431 +047.6039 +003.1799 -039.6028 0
L1 08    526 +015.8375 -001.3578 -003.0688 +125.2830 +048.9589 -002.6657 0
L1 01    530 +013.3794 +000.9923 +001.3013 +050.2490 +002.6821 +000.7236 0
L1 02    530 +005.3090 +006.8755 +001.7000 -151.7884 -003.0025 -158.0224 0
L1 03    530 +013.8079 +001.5821 -000.8829 +047.1048 +003.8433 +091.2018 0
L1 04    530 +008.4119 +008.0433 +001.7767 -030.1598 -000.6190 +000.3972 0
L1 05    530 +014.3771 +010.1583 +001.9887 -109.3607 +000.8478 -006.6037 0
L1 06    530 +014.5223 -000.0310 -004.1570 -048.2386 +000.8479 +001.1377 0
L1 07    530 +015.3782 -000.9641 -003.8429 +047.6055 +003.1837 -039.6050 0
L1 08    530 +015.8376 -001.3582 -003.0687 +125.2883 +048.9590 -002.6610 0
L1 01    534 +013.3793 +000.9922 +001.3014 +050.2496 +002.6823 +000.7206 0
L1 02    534 +005.3090 +006.8755 +001.7000 -151.7888 -003.0024 -158.0223 0
L1 03    534 +013.8079 +001.5818 -000.8828 +047.1043 +003.8415 +091.1999 0
L1 04    534 +008.4119 +008.0432 +001.7768 -030.1610 -000.6189 +000.3974 0
L1 05    534 +014.3772 +010.1580 +001.9878 -109.3628 +000.8446 -006.6067 0
L1 06    534 +014.5226 -000.0310 -004.1567 -048.2360 +000.8456 +001.1387 0
L1 07    534 +015.3784 -000.9640 -003.8427 +047.6099 +003.1838 -039.6065 0
L1 08    534 +015.8379 -001.3583 -003.0686 +125.2909 +048.9582 -002.6614 0
L1 01    538 +013.3794 +000.9925 +001.3013 +050.2508 +002.6822 +000.7196 0
L1 02    538 +005.3090 +006.8754 +001.7000 -151.7891 -003.0027 -158.0223 0
L1 03    538 +013.8081 +001.5818 -000.8828 +047.1032 +003.8391 +091.2009 0
L1 04    538 +008.4120 +008.0432 +001.7768 -030.1616 -000.6189 +000.3979 0
L1 05    538 +014.3770 +010.1581 +001.9883 -109.3623 +000.8468 -006.6060 0
L1 06    538 +014.5227 -000.0310 -004.1567 -048.2378 +000.8461 +001.1410 0
L1 07    538 +015.3785 -000.9633 -003.8428 +047.6131 +003.1807 -039.6028 0
L1 08    538 +015.8379 -001.3578 -003.0686 +125.2905 +048.9551 -002.6648 0
