L1 01      3 +016.0291 +000.1456 +001.3488 -085.6581 +001.4097 +001.9352 0
L1 02      3 +005.0160 +007.0878 +001.6774 -175.9951 +002.9916 -129.3487 0
L1 03      3 +016.1301 -000.5670 -000.8379 -090.6001 +003.1771 +092.1418 0
L1 04      3 +008.6750 +008.0101 +001.7766 -029.1451 -000.5928 +000.3714 0
L1 05      3 +014.3690 +010.1399 +001.9882 -109.0547 +000.7537 -005.3725 0
L1 06      3 +014.5811 +000.1446 -004.1508 +176.3796 +001.4968 +001.1615 0
L1 07      3 +013.6440 +000.2617 -004.3452 -091.6933 -000.0845 +006.5088 0
L1 08      3 +012.7285 +000.2784 -004.3098 -010.3207 -003.9438 +004.9741 0
L1 01      7 +016.0291 +000.1453 +001.3484 -085.6593 +001.4084 +001.9330 0
L1 02      7 +005.0160 +007.0878 +001.6774 -175.9954 +002.9918 -129.3488 0
L1 03      7 +016.1301 -000.5666 -000.8380 -090.5981 +003.1765 +092.1415 0
L1 04      7 +008.6750 +008.0101 +001.7766 -029.1451 -000.5931 +000.3716 0
L1 05      7 +014.3690 +010.1399 +001.9881 -109.0547 +000.7532 -005.3720 0
L1 06      7 +014.5811 +000.1447 -004.1508 +176.3800 +001.4973 +001.1619 0
L1 07      7 +013.6440 +000.2615 -004.3453 -091.6945 -000.0841 +006.5090 0
L1 08      7 +012.7285 +000.2785 -004.3098 -010.3198 -003.9444 +004.9742 0
L1 01     11 +016.0291 +000.1458 +001.3487 -085.6567 +001.4091 +001.9353 0
L1 02     11 +005.0160 +007.0878 +001.6774 -175.9951 +002.9918 -129.3487 0
L1 03     11 +016.1301 -000.5667 -000.8380 -090.5975 +003.1774 +092.1420 0
L1 04     11 +008.6749 +008.0101 +001.7766 -029.1443 -000.5931 +000.3714 0
L1 05     11 +014.3689 +010.1402 +001.9883 -109.0529 +000.7540 -005.3714 0
L1 06     11 +014.5811 +000.1447 -004.1506 +176.3802 +001.4983 +001.1618 0
L1 07     11 +013.6440 +000.2618 -004.3452 -091.6927 -000.0835 +006.5098 0
L1 08     11 +012.7286 +000.2785 -004.3097 -010.3194 -003.9449 +004.9747 0
L1 01     15 +016.0291 +000.1461 +001.3488 -085.6543 +001.4091 +001.9363 0
L1 02     15 +005.0160 +007.0878 +001.6774 -175.9952 +002.9919 -129.3488 0
L1 03     15 +016.1301 -000.5668 -000.8378 -090.5976 +003.1770 +092.1431 0
L1 04     15 +008.6749 +008.0102 +001.7766 -029.1441 -000.5934 +000.3717 0
L1 05     15 +014.3685 +010.1407 +001.9882 -109.0490 +000.7531 -005.3711 0
L1 06     15 +014.5811 +000.1447 -004.1506 +176.3789 +001.4982 +001.1608 0
L1 07     15 +013.6440 +000.2620 -004.3453 -091.6902 -000.0831 +006.5087 0
L1 08     15 +012.7286 +000.2785 -004.3097 -010.3193 -003.9451 +004.9746 0
L1 01     19 +016.0291 +000.1459 +001.3488 -085.6553 +001.4085 +001.9355 0
L1 02     19 +005.0160 +007.0878 +001.6774 -175.9951 +002.9919 -129.3488 0
L1 03     19 +016.1301 -000.5667 -000.8380 -090.5970 +003.1771 +092.1421 0
L1 04     19 +008.6749 +008.0102 +001.7766 -029.1442 -000.5934 +000.3716 0
L1 05     19 +014.3687 +010.1405 +001.9881 -109.0506 +000.7534 -005.3712 0
L1 06     19 +014.5811 +000.1449 -004.1507 +176.3795 +001.4980 +001.1608 0
L1 07     19 +013.6440 +000.2620 -004.3453 -091.6892 -000.0841 +006.5086 0
L1 08     19 +012.7285 +000.2784 -004.3098 -010.3192 -003.9447 +004.9741 0
L1 01     23 +016.0291 +000.1457 +001.3487 -085.6569 +001.4090 +001.9352 0
L1 02     23 +005.0160 +007.0878 +001.6774 -175.9951 +002.9918 -129.3487 0
L1 03     23 +016.1301 -000.5669 -000.8380 -090.5987 +003.1772 +092.1422 0
L1 04     23 +008.6749 +008.0101 +001.7766 -029.1448 -000.5931 +000.3714 0
L1 05     23 +014.3690 +010.1400 +001.9881 -109.0547 +000.7533 -005.3729 0
L1 06     23 +014.5810 +000.1444 -004.1511 +176.3759 +001.4954 +001.1610 0
L1 07     23 +013.6440 +000.2619 -004.3454 -091.6910 -000.0846 +006.5088 0
L1 08     23 +012.7286 +000.2784 -004.3098 -010.3194 -003.9447 +004.9737 0
L1 01     27 +016.0291 +000.1455 +001.3485 -085.6578 +001.4091 +001.9336 0
L1 02     27 +005.0160 +007.0878 +001.6774 -175.9952 +002.9916 -129.3486 0
L1 03     27 +016.1301 -000.5667 -000.8379 -090.5972 +003.1771 +092.1420 0
L1 04     27 +008.6749 +008.0102 +001.7766 -029.1443 -000.5931 +000.3711 0
L1 05     27 +014.3689 +010.1403 +001.9881 -109.0537 +000.7536 -005.3722 0
L1 06     27 +014.5811 +000.1447 -004.1510 +176.3775 +001.4956 +001.1614 0
L1 07     27 +013.6440 +000.2619 -004.3454 -091.6904 -000.0839 +006.5082 0
L1 08     27 +012.7286 +000.2785 -004.3097 -010.3183 -003.9452 +004.9740 0
L1 01     31 +016.0291 +000.1455 +001.3490 -085.6584 +001.4088 +001.9371 0
L1 02     31 +005.0160 +007.0878 +001.6774 -175.9956 +002.9915 -129.3487 0
L1 03     31 +016.1301 -000.5669 -000.8379 -090.5988 +003.1769 +092.1429 0
L1 04     31 +008.6750 +008.0100 +001.7766 -029.1456 -000.5927 +000.3719 0
L1 05     31 +014.3694 +010.1394 +001.9880 -109.0587 +000.7527 -005.3741 0
L1 06     31 +014.5811 +000.1445 -004.1508 +176.3755 +001.4971 +001.1625 0
L1 07     31 +013.6439 +000.2618 -004.3454 -091.6916 -000.0840 +006.5086 0
L1 08     31 +012.7286 +000.2784 -004.3097 -010.3189 -003.9459 +004.9739 0
L1 01     35 +016.0291 +000.1456 +001.3490 -085.6584 +001.4095 +001.9371 0
L1 02     35 +005.0160 +007.0878 +001.6774 -175.9957 +002.9917 -129.3489 0
L1 03     35 +016.1301 -000.5671 -000.8378 -090.6000 +003.1770 +092.1433 0
L1 04     35 +008.6750 +008.0101 +001.7766 -029.1454 -000.5926 +000.3716 0
L1 05     35 +014.3695 +010.1394 +001.9873 -109.0597 +000.7507 -005.3767 0
L1 06     35 +014.5810 +000.1445 -004.1509 +176.3743 +001.4967 +001.1628 0
L1 07     35 +013.6440 +000.2616 -004.3454 -091.6930 -000.0838 +006.5094 0
L1 08     35 +012.7286 +000.2784 -004.3097 -010.3190 -003.9460 +004.9738 0
L1 01     39 +016.0291 +000.1455 +001.3488 -085.6588 +001.4095 +001.9363 0
L1 02     39 +005.0160 +007.0878 +001.6774 -175.9955 +002.9918 -129.3490 0
L1 03     39 +016.1301 -000.5671 -000.8379 -090.6008 +003.1768 +092.1429 0
L1 04     39 +008.6750 +008.0100 +001.7766 -029.1458 -000.5925 +000.3718 0
L1 05     39 +014.3698 +010.1388 +001.9883 -109.0632 +000.7549 -005.3744 0
L1 06     39 +014.5810 +000.1445 -004.1511 +176.3736 +001.4958 +001.1630 0
L1 07     39 +013.6441 +000.2616 -004.3451 -091.6928 -000.0839 +006.5113 0
L1 08     39 +012.7286 +000.2783 -004.3098 -010.3191 -003.9458 +004.9733 0
L1 01     43 +016.0291 +000.1456 +001.3489 -085.6584 +001.4099 +001.9373 0
L1 02     43 +005.0160 +007.0878 +001.6774 -175.9958 +002.9918 -129.3489 0
L1 03     43 +016.1301 -000.5673 -000.8380 -090.6019 +003.1767 +092.1428 0
L1 04     43 +008.6750 +008.0100 +001.7766 -029.1456 -000.5928 +000.3716 0
L1 05     43 +014.3696 +010.1390 +001.9880 -109.0621 +000.7535 -005.3745 0
L1 06     43 +014.5810 +000.1445 -004.1510 +176.3727 +001.4960 +001.1630 0
L1 07     43 +013.6441 +000.2617 -004.3451 -091.6924 -000.0844 +006.5112 0
L1 08     43 +012.7286 +000.2782 -004.3097 -010.3195 -003.9463 +004.9732 0
L1 01     47 +016.0291 +000.1455 +001.3490 -085.6593 +001.4091 +001.9378 0
L1 02     47 +005.0160 +007.0878 +001.6774 -175.9960 +002.9917 -129.3488 0
L1 03     47 +016.1301 -000.5672 -000.8381 -090.6016 +003.1767 +092.1422 0
L1 04     47 +008.6750 +008.0100 +001.7766 -029.1457 -000.5930 +000.3715 0
L1 05     47 +014.3694 +010.1393 +001.9880 -109.0604 +000.7541 -005.3748 0
L1 06     47 +014.5811 +000.1444 -004.1510 +176.3717 +001.4968 +001.1640 0
L1 07     47 +013.6440 +000.2616 -004.3452 -091.6922 -000.0844 +006.5107 0
L1 08     47 +012.7286 +000.2783 -004.3098 -010.3189 -003.9465 +004.9730 0
L1 01     51 +016.0291 +000.1454 +001.3490 -085.6597 +001.4095 +001.9381 0
L1 02     51 +005.0161 +007.0877 +001.6774 -175.9963 +002.9917 -129.3490 0
L1 03     51 +016.1301 -000.5673 -000.8380 -090.6029 +003.1769 +092.1427 0
L1 04     51 +008.6750 +008.0100 +001.7766 -029.1462 -000.5928 +000.3717 0
L1 05     51 +014.3696 +010.1391 +001.9878 -109.0608 +000.7526 -005.3752 0
L1 06     51 +014.5811 +000.1443 -004.1508 +176.3702 +001.4984 +001.1644 0
L1 07     51 +013.6440 +000.2616 -004.3453 -091.6934 -000.0849 +006.5102 0
L1 08     51 +012.7286 +000.2782 -004.3097 -010.3192 -003.9469 +004.9727 0
L1 01     55 +016.0291 +000.1455 +001.3491 -085.6590 +001.4086 +001.9384 0
L1 02     55 +005.0160 +007.0878 +001.6774 -175.9959 +002.9917 -129.3487 0
L1 03     55 +016.1301 -000.5670 -000.8381 -090.6006 +003.1770 +092.1424 0
L1 04     55 +008.6750 +008.0101 +001.7766 -029.1455 -000.5930 +000.3719 0
L1 05     55 +014.3693 +010.1395 +001.9879 -109.0585 +000.7530 -005.3740 0
L1 06     55 +014.5812 +000.1443 -004.1505 +176.3699 +001.5002 +001.1632 0
L1 07     55 +013.6440 +000.2618 -004.3453 -091.6916 -000.0842 +006.5102 0
L1 08     55 +012.7286 +000.2783 -004.3098 -010.3183 -003.9467 +004.9731 0
L1 01     59 +016.0291 +000.1454 +001.3490 -085.6591 +001.4081 +001.9380 0
L1 02     59 +005.0160 +007.0878 +001.6774 -175.9956 +002.9915 -129.3487 0
L1 03     59 +016.1301 -000.5668 -000.8379 -090.5987 +003.1770 +092.1426 0
L1 04     59 +008.6750 +008.0101 +001.7766 -029.1450 -000.5931 +000.3716 0
L1 05     59 +014.3693 +010.1397 +001.9875 -109.0564 +000.7500 -005.3747 0
L1 06     59 +014.5811 +000.1443 -004.1507 +176.3692 +001.4987 +001.1633 0
L1 07     59 +013.6439 +000.2618 -004.3453 -091.6908 -000.0840 +006.5099 0
L1 08     59 +012.7286 +000.2784 -004.3098 -010.3175 -003.9464 +004.9733 0
L1 01     63 +016.0291 +000.1457 +001.3489 -085.6560 +001.4079 +001.9368 0
L1 02     63 +005.0160 +007.0878 +001.6774 -175.9954 +002.9916 -129.3487 0
L1 03     63 +016.1301 -000.5669 -000.8381 -090.5987 +003.1770 +092.1416 0
L1 04     63 +008.6750 +008.0101 +001.7766 -029.1451 -000.5928 +000.3713 0
L1 05     63 +014.3686 +010.1406 +001.9881 -109.0502 +000.7522 -005.3725 0
L1 06     63 +014.5810 +000.1445 -004.1508 +176.3704 +001.4977 +001.1625 0
L1 07     63 +013.6439 +000.2619 -004.3454 -091.6897 -000.0830 +006.5079 0
L1 08     63 +012.7286 +000.2784 -004.3098 -010.3172 -003.9464 +004.9733 0
L1 01     67 +016.0291 +000.1457 +001.3490 -085.6563 +001.4085 +001.9379 0
L1 02     67 +005.0160 +007.0878 +001.6774 -175.9956 +002.9916 -129.3488 0
L1 03     67 +016.1301 -000.5668 -000.8381 -090.5981 +003.1774 +092.1419 0
L1 04     67 +008.6749 +008.0101 +001.7766 -029.1449 -000.5930 +000.3714 0
L1 05     67 +014.3688 +010.1402 +001.9883 -109.0539 +000.7527 -005.3715 0
L1 06     67 +014.5811 +000.1444 -004.1507 +176.3691 +001.4992 +001.1618 0
L1 07     67 +013.6440 +000.2619 -004.3453 -091.6903 -000.0824 +006.5094 0
L1 08     67 +012.7286 +000.2784 -004.3098 -010.3167 -003.9465 +004.9734 0
L1 01     71 +016.0291 +000.1456 +001.3489 -085.6572 +001.4086 +001.9372 0
L1 02     71 +005.0160 +007.0878 +001.6774 -175.9959 +002.9915 -129.3487 0
L1 03     71 +016.1301 -000.5669 -000.8380 -090.5989 +003.1771 +092.1424 0
L1 04     71 +008.6750 +008.0101 +001.7766 -029.1449 -000.5929 +000.3713 0
L1 05     71 +014.3692 +010.1397 +001.9881 -109.0565 +000.7517 -005.3731 0
L1 06     71 +014.5811 +000.1444 -004.1509 +176.3680 +001.4974 +001.1613 0
L1 07     71 +013.6440 +000.2617 -004.3455 -091.6903 -000.0833 +006.5085 0
L1 08     71 +012.7286 +000.2783 -004.3098 -010.3167 -003.9471 +004.9730 0
L1 01     75 +016.0292 +000.1457 +001.3492 -085.6567 +001.4087 +001.9398 0
L1 02     75 +005.0160 +007.0878 +001.6774 -175.9960 +002.9913 -129.3486 0
L1 03     75 +016.1301 -000.5670 -000.8379 -090.5995 +003.1767 +092.1436 0
L1 04     75 +008.6750 +008.0101 +001.7766 -029.1453 -000.5929 +000.3716 0
L1 05     75 +014.3690 +010.1401 +001.9880 -109.0554 +000.7517 -005.3723 0
L1 06     75 +014.5811 +000.1443 -004.1509 +176.3669 +001.4972 +001.1619 0
L1 07     75 +013.6441 +000.2618 -004.3453 -091.6898 -000.0835 +006.5101 0
L1 08     75 +012.7286 +000.2783 -004.3097 -010.3162 -003.9479 +004.9729 0
L1 01     79 +016.0291 +000.1453 +001.3492 -085.6594 +001.4082 +001.9404 0
L1 02     79 +005.0160 +007.0878 +001.6774 -175.9963 +002.9911 -129.3486 0
L1 03     79 +016.1301 -000.5669 -000.8379 -090.5994 +003.1768 +092.1438 0
L1 04     79 +008.6750 +008.0100 +001.7766 -029.1459 -000.5926 +000.3718 0
L1 05     79 +014.3694 +010.1394 +001.9883 -109.0598 +000.7540 -005.3733 0
L1 06     79 +014.5811 +000.1443 -004.1508 +176.3660 +001.4982 +001.1625 0
L1 07     79 +013.6441 +000.2618 -004.3453 -091.6907 -000.0841 +006.5110 0
L1 08     79 +012.7287 +000.2783 -004.3097 -010.3170 -003.9486 +004.9728 0
L1 01     83 +016.0291 +000.1453 +001.3490 -085.6598 +001.4087 +001.9382 0
L1 02     83 +005.0161 +007.0877 +001.6774 -175.9963 +002.9912 -129.3486 0
L1 03     83 +016.1301 -000.5671 -000.8380 -090.6008 +003.1770 +092.1428 0
L1 04     83 +008.6750 +008.0100 +001.7766 -029.1460 -000.5924 +000.3717 0
L1 05     83 +014.3694 +010.1392 +001.9881 -109.0593 +000.7533 -005.3736 0
L1 06     83 +014.5811 +000.1445 -004.1507 +176.3672 +001.4983 +001.1620 0
L1 07     83 +013.6441 +000.2617 -004.3451 -091.6910 -000.0849 +006.5113 0
L1 08     83 +012.7286 +000.2783 -004.3097 -010.3165 -003.9474 +004.9725 0
L1 01     87 +016.0291 +000.1451 +001.3491 -085.6609 +001.4086 +001.9393 0
L1 02     87 +005.0161 +007.0877 +001.6774 -175.9966 +002.9915 -129.3488 0
L1 03     87 +016.1300 -000.5673 -000.8380 -090.6028 +003.1771 +092.1435 0
L1 04     87 +008.6751 +008.0100 +001.7766 -029.1465 -000.5925 +000.3717 0
L1 05     87 +014.3693 +010.1392 +001.9883 -109.0596 +000.7544 -005.3734 0
L1 06     87 +014.5810 +000.1444 -004.1509 +176.3655 +001.4977 +001.1626 0
L1 07     87 +013.6441 +000.2615 -004.3452 -091.6921 -000.0855 +006.5109 0
L1 08     87 +012.7286 +000.2783 -004.3097 -010.3170 -003.9478 +004.9726 0
L1 01     91 +016.0291 +000.1453 +001.3490 -085.6592 +001.4087 +001.9384 0
L1 02     91 +005.0161 +007.0877 +001.6774 -175.9965 +002.9914 -129.3486 0
L1 03     91 +016.1301 -000.5670 -000.8379 -090.6003 +003.1767 +092.1435 0
L1 04     91 +008.6750 +008.0101 +001.7766 -029.1456 -000.5927 +000.3718 0
L1 05     91 +014.3691 +010.1397 +001.9878 -109.0568 +000.7525 -005.3761 0
L1 06     91 +014.5811 +000.1445 -004.1507 +176.3665 +001.4988 +001.1620 0
L1 07     91 +013.6440 +000.2618 -004.3453 -091.6900 -000.0838 +006.5102 0
L1 08     91 +012.7286 +000.2784 -004.3097 -010.3159 -003.9477 +004.9731 0
L1 01     95 +016.0291 +000.1454 +001.3488 -085.6586 +001.4084 +001.9363 0
L1 02     95 +005.0160 +007.0878 +001.6774 -175.9960 +002.9914 -129.3486 0
L1 03     95 +016.1301 -000.5670 -000.8380 -090.6001 +003.1771 +092.1423 0
L1 04     95 +008.6750 +008.0101 +001.7766 -029.1452 -000.5929 +000.3713 0
L1 05     95 +014.3694 +010.1395 +001.9876 -109.0576 +000.7513 -005.3761 0
L1 06     95 +014.5811 +000.1446 -004.1509 +176.3663 +001.4975 +001.1614 0
L1 07     95 +013.6441 +000.2619 -004.3452 -091.6899 -000.0837 +006.5106 0
L1 08     95 +012.7286 +000.2785 -004.3098 -010.3146 -003.9473 +004.9732 0
L1 01     99 +016.0291 +000.1456 +001.3489 -085.6565 +001.4088 +001.9363 0
L1 02     99 +005.0160 +007.0878 +001.6774 -175.9948 +002.9918 -129.3485 0
L1 03     99 +016.1301 -000.5668 -000.8381 -090.5975 +003.1774 +092.1418 0
L1 04     99 +008.6749 +008.0102 +001.7766 -029.1438 -000.5933 +000.3710 0
L1 05     99 +014.3692 +010.1399 +001.9874 -109.0544 +000.7499 -005.3762 0
L1 06     99 +014.5810 +000.1448 -004.1509 +176.3678 +001.4972 +001.1608 0
L1 07     99 +013.6440 +000.2621 -004.3453 -091.6877 -000.0828 +006.5101 0
L1 08     99 +012.7286 +000.2785 -004.3097 -010.3129 -003.9477 +004.9742 0
L1 01    103 +016.0291 +000.1455 +001.3487 -085.6572 +001.4081 +001.9358 0
L1 02    103 +005.0160 +007.0878 +001.6774 -175.9957 +002.9921 -129.3487 0
L1 03    103 +016.1300 -000.5669 -000.8379 -090.5981 +003.1765 +092.1429 0
L1 04    103 +008.6749 +008.0102 +001.7765 -029.1444 -000.5931 +000.3710 0
L1 05    103 +014.3692 +010.1399 +001.9878 -109.0553 +000.7502 -005.3741 0
L1 06    103 +014.5811 +000.1447 -004.1507 +176.3664 +001.4983 +001.1609 0
L1 07    103 +013.6441 +000.2621 -004.3451 -091.6873 -000.0828 +006.5111 0
L1 08    103 +012.7286 +000.2784 -004.3097 -010.3138 -003.9481 +004.9731 0
L1 01    107 +016.0291 +000.1453 +001.3489 -085.6583 +001.4080 +001.9370 0
L1 02    107 +005.0160 +007.0878 +001.6774 -175.9961 +002.9916 -129.3485 0
L1 03    107 +016.1300 -000.5667 -000.8379 -090.5976 +003.1768 +092.1428 0
L1 04    107 +008.6750 +008.0101 +001.7765 -029.1448 -000.5927 +000.3709 0
L1 05    107 +014.3693 +010.1397 +001.9877 -109.0565 +000.7509 -005.3754 0
L1 06    107 +014.5811 +000.1448 -004.1506 +176.3662 +001.4989 +001.1610 0
L1 07    107 +013.6441 +000.2619 -004.3450 -091.6881 -000.0828 +006.5122 0
L1 08    107 +012.7286 +000.2784 -004.3097 -010.3133 -003.9476 +004.9726 0
L1 01    111 +016.0291 +000.1452 +001.3490 -085.6585 +001.4082 +001.9375 0
L1 02    111 +005.0161 +007.0877 +001.6774 -175.9962 +002.9916 -129.3488 0
L1 03    111 +016.1300 -000.5669 -000.8379 -090.5989 +003.1769 +092.1429 0
L1 04    111 +008.6750 +008.0101 +001.7766 -029.1450 -000.5927 +000.3712 0
L1 05    111 +014.3694 +010.1394 +001.9878 -109.0576 +000.7520 -005.3763 0
L1 06    111 +014.5811 +000.1447 -004.1505 +176.3649 +001.4999 +001.1609 0
L1 07    111 +013.6441 +000.2619 -004.3450 -091.6885 -000.0829 +006.5115 0
L1 08    111 +012.7286 +000.2784 -004.3098 -010.3137 -003.9475 +004.9726 0
L1 01    115 +016.0291 +000.1454 +001.3489 -085.6575 +001.4088 +001.9371 0
L1 02    115 +005.0161 +007.0877 +001.6774 -175.9964 +002.9916 -129.3488 0
L1 03    115 +016.1300 -000.5670 -000.8379 -090.5998 +003.1776 +092.1430 0
L1 04    115 +008.6750 +008.0101 +001.7765 -029.1451 -000.5927 +000.3710 0
L1 05    115 +014.3690 +010.1398 +001.9881 -109.0540 +000.7525 -005.3754 0
L1 06    115 +014.5810 +000.1446 -004.1508 +176.3635 +001.4977 +001.1612 0
L1 07    115 +013.6440 +000.2617 -004.3453 -091.6898 -000.0835 +006.5097 0
L1 08    115 +012.7286 +000.2785 -004.3098 -010.3133 -003.9476 +004.9730 0
L1 01    119 +016.0291 +000.1454 +001.3489 -085.6573 +001.4081 +001.9374 0
L1 02    119 +005.0160 +007.0878 +001.6774 -175.9959 +002.9914 -129.3486 0
L1 03    119 +016.1300 -000.5669 -000.8381 -090.5990 +003.1774 +092.1422 0
L1 04    119 +008.6750 +008.0101 +001.7766 -029.1450 -000.5929 +000.3712 0
L1 05    119 +014.3690 +010.1399 +001.9881 -109.0544 +000.7529 -005.3746 0
L1 06    119 +014.5811 +000.1445 -004.1507 +176.3629 +001.4987 +001.1619 0
L1 07    119 +013.6440 +000.2617 -004.3452 -091.6893 -000.0836 +006.5107 0
L1 08    119 +012.7286 +000.2785 -004.3097 -010.3128 -003.9482 +004.9733 0
L1 01    123 +016.0290 +000.1455 +001.3488 -085.6568 +001.4086 +001.9363 0
L1 02    123 +005.0160 +007.0878 +001.6774 -175.9959 +002.9919 -129.3489 0
L1 03    123 +016.1300 -000.5669 -000.8381 -090.5984 +003.1774 +092.1419 0
L1 04    123 +008.6750 +008.0101 +001.7765 -029.1449 -000.5930 +000.3712 0
L1 05    123 +014.3688 +010.1401 +001.9880 -109.0526 +000.7526 -005.3756 0
L1 06    123 +014.5811 +000.1446 -004.1507 +176.3629 +001.4988 +001.1603 0
L1 07    123 +013.6441 +000.2619 -004.3451 -091.6878 -000.0829 +006.5121 0
L1 08    123 +012.7286 +000.2784 -004.3098 -010.3126 -003.9480 +004.9732 0
L1 01    127 +016.0290 +000.1460 +001.3487 -085.6533 +001.4096 +001.9360 0
L1 02    127 +005.0160 +007.0878 +001.6774 -175.9954 +002.9920 -129.3487 0
L1 03    127 +016.1300 -000.5670 -000.8380 -090.5983 +003.1778 +092.1422 0
L1 04    127 +008.6749 +008.0102 +001.7765 -029.1442 -000.5928 +000.3706 0
L1 05    127 +014.3687 +010.1404 +001.9878 -109.0506 +000.7508 -005.3769 0
L1 06    127 +014.5811 +000.1448 -004.1506 +176.3640 +001.4991 +001.1599 0
L1 07    127 +013.6441 +000.2618 -004.3452 -091.6877 -000.0817 +006.5106 0
L1 08    127 +012.7286 +000.2784 -004.3098 -010.3122 -003.9476 +004.9733 0
L1 01    131 +016.0291 +000.1457 +001.3488 -085.6550 +001.4088 +001.9367 0
L1 02    131 +005.0160 +007.0878 +001.6774 -175.9955 +002.9918 -129.3486 0
L1 03    131 +016.1300 -000.5670 -000.8380 -090.5984 +003.1775 +092.1418 0
L1 04    131 +008.6750 +008.0101 +001.7766 -029.1447 -000.5929 +000.3712 0
L1 05    131 +014.3688 +010.1403 +001.9879 -109.0510 +000.7519 -005.3766 0
L1 06    131 +014.5810 +000.1449 -004.1508 +176.3640 +001.4975 +001.1602 0
L1 07    131 +013.6440 +000.2619 -004.3453 -091.6868 -000.0827 +006.5097 0
L1 08    131 +012.7286 +000.2784 -004.3098 -010.3121 -003.9479 +004.9732 0
L1 01    135 +016.0291 +000.1458 +001.3488 -085.6543 +001.4079 +001.9358 0
L1 02    135 +005.0160 +007.0878 +001.6774 -175.9956 +002.9917 -129.3485 0
L1 03    135 +016.1300 -000.5668 -000.8381 -090.5958 +003.1775 +092.1414 0
L1 04    135 +008.6750 +008.0102 +001.7766 -029.1445 -000.5929 +000.3711 0
L1 05    135 +014.3685 +010.1409 +001.9876 -109.0457 +000.7490 -005.3765 0
L1 06    135 +014.5810 +000.1451 -004.1508 +176.3658 +001.4976 +001.1599 0
L1 07    135 +013.6440 +000.2621 -004.3454 -091.6858 -000.0825 +006.5090 0
L1 08    135 +012.7286 +000.2785 -004.3098 -010.3108 -003.9477 +004.9734 0
L1 01    139 +016.0291 +000.1458 +001.3490 -085.6543 +001.4076 +001.9376 0
L1 02    139 +005.0160 +007.0878 +001.6774 -175.9955 +002.9917 -129.3485 0
L1 03    139 +016.1300 -000.5670 -000.8381 -090.5979 +003.1777 +092.1418 0
L1 04    139 +008.6750 +008.0101 +001.7766 -029.1449 -000.5929 +000.3713 0
L1 05    139 +014.3686 +010.1406 +001.9877 -109.0491 +000.7505 -005.3757 0
L1 06    139 +014.5811 +000.1452 -004.1505 +176.3651 +001.4995 +001.1594 0
L1 07    139 +013.6440 +000.2620 -004.3453 -091.6858 -000.0819 +006.5093 0
L1 08    139 +012.7286 +000.2785 -004.3098 -010.3107 -003.9479 +004.9735 0
L1 01    143 +016.0290 +000.1456 +001.3488 -085.6555 +001.4079 +001.9363 0
L1 02    143 +005.0160 +007.0878 +001.6774 -175.9953 +002.9919 -129.3487 0
L1 03    143 +016.1301 -000.5668 -000.8381 -090.5973 +003.1778 +092.1414 0
L1 04    143 +008.6750 +008.0102 +001.7765 -029.1446 -000.5928 +000.3709 0
L1 05    143 +014.3688 +010.1405 +001.9876 -109.0502 +000.7505 -005.3766 0
L1 06    143 +014.5811 +000.1447 -004.1505 +176.3616 +001.4999 +001.1612 0
L1 07    143 +013.6440 +000.2618 -004.3453 -091.6879 -000.0821 +006.5097 0
L1 08    143 +012.7286 +000.2785 -004.3098 -010.3101 -003.9481 +004.9735 0
L1 01    147 +016.0290 +000.1456 +001.3489 -085.6557 +001.4088 +001.9370 0
L1 02    147 +005.0160 +007.0878 +001.6774 -175.9958 +002.9917 -129.3488 0
L1 03    147 +016.1300 -000.5670 -000.8380 -090.5983 +003.1775 +092.1426 0
L1 04    147 +008.6750 +008.0101 +001.7765 -029.1450 -000.5926 +000.3712 0
L1 05    147 +014.3692 +010.1397 +001.9879 -109.0555 +000.7524 -005.3763 0
L1 06    147 +014.5811 +000.1449 -004.1507 +176.3613 +001.4990 +001.1607 0
L1 07    147 +013.6440 +000.2619 -004.3452 -091.6870 -000.0822 +006.5102 0
L1 08    147 +012.7286 +000.2784 -004.3098 -010.3107 -003.9482 +004.9729 0
L1 01    151 +016.0291 +000.1450 +001.3490 -085.6602 +001.4076 +001.9375 0
L1 02    151 +005.0161 +007.0877 +001.6774 -175.9967 +002.9915 -129.3491 0
L1 03    151 +016.1300 -000.5671 -000.8381 -090.6007 +003.1761 +092.1421 0
L1 04    151 +008.6751 +008.0100 +001.7766 -029.1467 -000.5928 +000.3715 0
L1 05    151 +014.3693 +010.1394 +001.9875 -109.0572 +000.7512 -005.3774 0
L1 06    151 +014.5810 +000.1449 -004.1509 +176.3597 +001.4970 +001.1601 0
L1 07    151 +013.6440 +000.2617 -004.3453 -091.6884 -000.0837 +006.5101 0
L1 08    151 +012.7286 +000.2783 -004.3098 -010.3123 -003.9484 +004.9715 0
L1 01    155 +016.0291 +000.1452 +001.3489 -085.6586 +001.4083 +001.9367 0
L1 02    155 +005.0161 +007.0877 +001.6774 -175.9968 +002.9917 -129.3490 0
L1 03    155 +016.1301 -000.5670 -000.8382 -090.5996 +003.1769 +092.1413 0
L1 04    155 +008.6750 +008.0100 +001.7766 -029.1462 -000.5926 +000.3714 0
L1 05    155 +014.3694 +010.1394 +001.9875 -109.0580 +000.7502 -005.3775 0
L1 06    155 +014.5811 +000.1446 -004.1506 +176.3569 +001.4995 +001.1606 0
L1 07    155 +013.6440 +000.2618 -004.3453 -091.6880 -000.0825 +006.5101 0
L1 08    155 +012.7286 +000.2784 -004.3098 -010.3110 -003.9480 +004.9720 0
L1 01    159 +016.0291 +000.1451 +001.3493 -085.6595 +001.4080 +001.9399 0
L1 02    159 +005.0161 +007.0877 +001.6774 -175.9969 +002.9915 -129.3490 0
L1 03    159 +016.1300 -000.5673 -000.8380 -090.6012 +003.1768 +092.1429 0
L1 04    159 +008.6751 +008.0100 +001.7766 -029.1464 -000.5926 +000.3715 0
L1 05    159 +014.3691 +010.1398 +001.9879 -109.0552 +000.7518 -005.3744 0
L1 06    159 +014.5811 +000.1443 -004.1507 +176.3543 +001.4993 +001.1628 0
L1 07    159 +013.6440 +000.2616 -004.3453 -091.6886 -000.0839 +006.5106 0
L1 08    159 +012.7286 +000.2783 -004.3098 -010.3114 -003.9485 +004.9720 0
L1 01    163 +016.0291 +000.1453 +001.3491 -085.6574 +001.4077 +001.9389 0
L1 02    163 +005.0161 +007.0877 +001.6774 -175.9965 +002.9916 -129.3488 0
L1 03    163 +016.1300 -000.5671 -000.8379 -090.5997 +003.1770 +092.1432 0
L1 04    163 +008.6750 +008.0101 +001.7766 -029.1456 -000.5928 +000.3716 0
L1 05    163 +014.3693 +010.1396 +001.9875 -109.0569 +000.7493 -005.3756 0
L1 06    163 +014.5811 +000.1446 -004.1506 +176.3579 +001.4995 +001.1621 0
L1 07    163 +013.6440 +000.2616 -004.3453 -091.6886 -000.0842 +006.5104 0
L1 08    163 +012.7286 +000.2784 -004.3098 -010.3105 -003.9491 +004.9721 0
L1 01    167 +016.0291 +000.1451 +001.3490 -085.6587 +001.4070 +001.9375 0
L1 02    167 +005.0161 +007.0877 +001.6774 -175.9967 +002.9916 -129.3490 0
L1 03    167 +016.1301 -000.5670 -000.8381 -090.5988 +003.1767 +092.1417 0
L1 04    167 +008.6750 +008.0100 +001.7766 -029.1460 -000.5927 +000.3716 0
L1 05    167 +014.3693 +010.1397 +001.9878 -109.0562 +000.7518 -005.3758 0
L1 06    167 +014.5811 +000.1445 -004.1508 +176.3559 +001.4978 +001.1622 0
L1 07    167 +013.6440 +000.2616 -004.3455 -091.6877 -000.0841 +006.5089 0
L1 08    167 +012.7286 +000.2784 -004.3098 -010.3100 -003.9487 +004.9720 0
L1 01    171 +016.0291 +000.1453 +001.3489 -085.6574 +001.4070 +001.9367 0
L1 02    171 +005.0161 +007.0877 +001.6774 -175.9964 +002.9917 -129.3490 0
L1 03    171 +016.1301 -000.5670 -000.8381 -090.5988 +003.1766 +092.1416 0
L1 04    171 +008.6750 +008.0101 +001.7766 -029.1452 -000.5928 +000.3713 0
L1 05    171 +014.3693 +010.1397 +001.9878 -109.0553 +000.7515 -005.3756 0
L1 06    171 +014.5811 +000.1446 -004.1509 +176.3562 +001.4974 +001.1619 0
L1 07    171 +013.6440 +000.2618 -004.3455 -091.6870 -000.0832 +006.5091 0
L1 08    171 +012.7286 +000.2784 -004.3098 -010.3093 -003.9490 +004.9721 0
L1 01    175 +016.0291 +000.1456 +001.3491 -085.6556 +001.4080 +001.9382 0
L1 02    175 +005.0160 +007.0878 +001.6774 -175.9962 +002.9917 -129.3490 0
L1 03    175 +016.1301 -000.5671 -000.8382 -090.5992 +003.1774 +092.1416 0
L1 04    175 +008.6750 +008.0101 +001.7765 -029.1449 -000.5927 +000.3711 0
L1 05    175 +014.3689 +010.1402 +001.9877 -109.0527 +000.7510 -005.3763 0
L1 06    175 +014.5811 +000.1447 -004.1508 +176.3565 +001.4987 +001.1611 0
L1 07    175 +013.6440 +000.2617 -004.3455 -091.6875 -000.0830 +006.5094 0
L1 08    175 +012.7286 +000.2784 -004.3097 -010.3095 -003.9496 +004.9722 0
L1 01    179 +016.0291 +000.1454 +001.3491 -085.6560 +001.4081 +001.9385 0
L1 02    179 +005.0161 +007.0878 +001.6774 -175.9964 +002.9915 -129.3489 0
L1 03    179 +016.1301 -000.5668 -000.8380 -090.5976 +003.1772 +092.1431 0
L1 04    179 +008.6750 +008.0101 +001.7766 -029.1451 -000.5929 +000.3715 0
L1 05    179 +014.3685 +010.1408 +001.9883 -109.0481 +000.7532 -005.3755 0
L1 06    179 +014.5811 +000.1447 -004.1507 +176.3559 +001.4991 +001.1617 0
L1 07    179 +013.6440 +000.2618 -004.3455 -091.6861 -000.0827 +006.5097 0
L1 08    179 +012.7286 +000.2785 -004.3097 -010.3082 -003.9500 +004.9721 0
L1 01    183 +016.0291 +000.1456 +001.3488 -085.6544 +001.4085 +001.9362 0
L1 02    183 +005.0160 +007.0878 +001.6774 -175.9959 +002.9918 -129.3488 0
L1 03    183 +016.1301 -000.5670 -000.8380 -090.5976 +003.1773 +092.1422 0
L1 04    183 +008.6750 +008.0101 +001.7766 -029.1448 -000.5930 +000.3713 0
L1 05    183 +014.3685 +010.1408 +001.9883 -109.0473 +000.7516 -005.3758 0
L1 06    183 +014.5811 +000.1445 -004.1508 +176.3544 +001.4983 +001.1615 0
L1 07    183 +013.6441 +000.2619 -004.3453 -091.6857 -000.0818 +006.5105 0
L1 08    183 +012.7286 +000.2785 -004.3098 -010.3083 -003.9492 +004.9726 0
L1 01    187 +016.0291 +000.1454 +001.3488 -085.6565 +001.4076 +001.9359 0
L1 02    187 +005.0160 +007.0878 +001.6774 -175.9959 +002.9919 -129.3488 0
L1 03    187 +016.1301 -000.5668 -000.8379 -090.5968 +003.1767 +092.1426 0
L1 04    187 +008.6750 +008.0101 +001.7765 -029.1449 -000.5929 +000.3712 0
L1 05    187 +014.3689 +010.1402 +001.9879 -109.0501 +000.7511 -005.3761 0
L1 06    187 +014.5811 +000.1446 -004.1506 +176.3551 +001.4989 +001.1608 0
L1 07    187 +013.6440 +000.2620 -004.3452 -091.6850 -000.0827 +006.5111 0
L1 08    187 +012.7286 +000.2784 -004.3098 -010.3083 -003.9491 +004.9719 0
L1 01    191 +016.0290 +000.1454 +001.3488 -085.6559 +001.4076 +001.9360 0
L1 02    191 +005.0160 +007.0878 +001.6774 -175.9960 +002.9918 -129.3488 0
L1 03    191 +016.1300 -000.5669 -000.8379 -090.5977 +003.1765 +092.1425 0
L1 04    191 +008.6750 +008.0101 +001.7766 -029.1446 -000.5930 +000.3713 0
L1 05    191 +014.3688 +010.1403 +001.9879 -109.0503 +000.7518 -005.3760 0
L1 06    191 +014.5810 +000.1448 -004.1510 +176.3560 +001.4968 +001.1606 0
L1 07    191 +013.6440 +000.2618 -004.3452 -091.6860 -000.0825 +006.5103 0
L1 08    191 +012.7286 +000.2785 -004.3098 -010.3080 -003.9490 +004.9721 0
L1 01    195 +016.0290 +000.1454 +001.3489 -085.6564 +001.4074 +001.9369 0
L1 02    195 +005.0161 +007.0877 +001.6774 -175.9963 +002.9917 -129.3488 0
L1 03    195 +016.1300 -000.5671 -000.8380 -090.5991 +003.1764 +092.1419 0
L1 04    195 +008.6751 +008.0100 +001.7766 -029.1457 -000.5926 +000.3714 0
L1 05    195 +014.3691 +010.1398 +001.9880 -109.0536 +000.7526 -005.3756 0
L1 06    195 +014.5811 +000.1443 -004.1508 +176.3508 +001.4985 +001.1619 0
L1 07    195 +013.6441 +000.2617 -004.3450 -091.6869 -000.0833 +006.5123 0
L1 08    195 +012.7286 +000.2783 -004.3097 -010.3087 -003.9497 +004.9716 0
L1 01    199 +016.0290 +000.1455 +001.3488 -085.6558 +001.4074 +001.9360 0
L1 02    199 +005.0161 +007.0877 +001.6774 -175.9963 +002.9918 -129.3489 0
L1 03    199 +016.1300 -000.5670 -000.8380 -090.5984 +003.1765 +092.1418 0
L1 04    199 +008.6750 +008.0100 +001.7766 -029.1457 -000.5929 +000.3715 0
L1 05    199 +014.3690 +010.1401 +001.9877 -109.0534 +000.7502 -005.3777 0
L1 06    199 +014.5810 +000.1447 -004.1507 +176.3516 +001.4992 +001.1620 0
L1 07    199 +013.6440 +000.2617 -004.3451 -091.6868 -000.0837 +006.5116 0
L1 08    199 +012.7286 +000.2785 -004.3097 -010.3070 -003.9500 +004.9719 0
L1 01    203 +016.0290 +000.1454 +001.3488 -085.6564 +001.4076 +001.9362 0
L1 02    203 +005.0161 +007.0877 +001.6774 -175.9963 +002.9917 -129.3489 0
L1 03    203 +016.1300 -000.5669 -000.8380 -090.5981 +003.1767 +092.1418 0
L1 04    203 +008.6750 +008.0100 +001.7766 -029.1457 -000.5928 +000.3714 0
L1 05    203 +014.3691 +010.1399 +001.9875 -109.0549 +000.7506 -005.3789 0
L1 06    203 +014.5810 +000.1444 -004.1509 +176.3502 +001.4977 +001.1623 0
L1 07    203 +013.6440 +000.2617 -004.3452 -091.6862 -000.0833 +006.5104 0
L1 08    203 +012.7286 +000.2785 -004.3098 -010.3072 -003.9493 +004.9716 0
L1 01    207 +016.0290 +000.1452 +001.3489 -085.6582 +001.4076 +001.9360 0
L1 02    207 +005.0161 +007.0877 +001.6774 -175.9966 +002.9917 -129.3490 0
L1 03    207 +016.1300 -000.5671 -000.8380 -090.6008 +003.1765 +092.1414 0
L1 04    207 +008.6751 +008.0100 +001.7766 -029.1463 -000.5926 +000.3715 0
L1 05    207 +014.3688 +010.1401 +001.9876 -109.0536 +000.7503 -005.3771 0
L1 06    207 +014.5810 +000.1448 -004.1507 +176.3514 +001.4983 +001.1615 0
L1 07    207 +013.6440 +000.2618 -004.3451 -091.6861 -000.0826 +006.5112 0
L1 08    207 +012.7285 +000.2784 -004.3097 -010.3078 -003.9492 +004.9710 0
L1 01    211 +016.0291 +000.1456 +001.3490 -085.6556 +001.4084 +001.9368 0
L1 02    211 +005.0161 +007.0877 +001.6774 -175.9963 +002.9917 -129.3489 0
L1 03    211 +016.1300 -000.5672 -000.8379 -090.6000 +003.1771 +092.1421 0
L1 04    211 +008.6750 +008.0101 +001.7766 -029.1455 -000.5927 +000.3714 0
L1 05    211 +014.3692 +010.1399 +001.9876 -109.0550 +000.7501 -005.3772 0
L1 06    211 +014.5810 +000.1446 -004.1509 +176.3507 +001.4975 +001.1607 0
L1 07    211 +013.6440 +000.2617 -004.3451 -091.6866 -000.0827 +006.5110 0
L1 08    211 +012.7285 +000.2783 -004.3097 -010.3080 -003.9493 +004.9713 0
L1 01    215 +016.0291 +000.1457 +001.3488 -085.6552 +001.4083 +001.9363 0
L1 02    215 +005.0161 +007.0877 +001.6774 -175.9966 +002.9917 -129.3488 0
L1 03    215 +016.1300 -000.5672 -000.8379 -090.6001 +003.1770 +092.1418 0
L1 04    215 +008.6750 +008.0100 +001.7766 -029.1456 -000.5927 +000.3715 0
L1 05    215 +014.3691 +010.1397 +001.9878 -109.0556 +000.7521 -005.3766 0
L1 06    215 +014.5810 +000.1446 -004.1506 +176.3500 +001.4984 +001.1614 0
L1 07    215 +013.6440 +000.2620 -004.3450 -091.6844 -000.0820 +006.5112 0
L1 08    215 +012.7285 +000.2783 -004.3097 -010.3080 -003.9494 +004.9711 0
L1 01    219 +016.0291 +000.1456 +001.3489 -085.6551 +001.4076 +001.9367 0
L1 02    219 +005.0161 +007.0877 +001.6774 -175.9966 +002.9917 -129.3486 0
L1 03    219 +016.1300 -000.5670 -000.8379 -090.5985 +003.1767 +092.1423 0
L1 04    219 +008.6750 +008.0101 +001.7765 -029.1451 -000.5928 +000.3711 0
L1 05    219 +014.3691 +010.1398 +001.9882 -109.0553 +000.7523 -005.3761 0
L1 06    219 +014.5810 +000.1443 -004.1508 +176.3480 +001.4982 +001.1620 0
L1 07    219 +013.6439 +000.2620 -004.3452 -091.6838 -000.0817 +006.5105 0
L1 08    219 +012.7285 +000.2784 -004.3097 -010.3066 -003.9497 +004.9715 0
L1 01    223 +016.0291 +000.1456 +001.3489 -085.6552 +001.4068 +001.9365 0
L1 02    223 +005.0161 +007.0877 +001.6774 -175.9967 +002.9918 -129.3487 0
L1 03    223 +016.1300 -000.5670 -000.8379 -090.5990 +003.1766 +092.1425 0
L1 04    223 +008.6750 +008.0101 +001.7766 -029.1451 -000.5929 +000.3714 0
L1 05    223 +014.3695 +010.1395 +001.9879 -109.0573 +000.7526 -005.3790 0
L1 06    223 +014.5810 +000.1446 -004.1509 +176.3501 +001.4977 +001.1614 0
L1 07    223 +013.6440 +000.2620 -004.3451 -091.6839 -000.0828 +006.5108 0
L1 08    223 +012.7286 +000.2784 -004.3097 -010.3063 -003.9499 +004.9712 0
L1 01    227 +016.0291 +000.1454 +001.3490 -085.6566 +001.4067 +001.9367 0
L1 02    227 +005.0161 +007.0877 +001.6774 -175.9969 +002.9915 -129.3486 0
L1 03    227 +016.1300 -000.5670 -000.8379 -090.5989 +003.1769 +092.1420 0
L1 04    227 +008.6750 +008.0100 +001.7765 -029.1457 -000.5928 +000.3712 0
L1 05    227 +014.3693 +010.1397 +001.9879 -109.0557 +000.7515 -005.3781 0
L1 06    227 +014.5810 +000.1445 -004.1506 +176.3486 +001.4981 +001.1617 0
L1 07    227 +013.6440 +000.2619 -004.3452 -091.6847 -000.0827 +006.5102 0
L1 08    227 +012.7285 +000.2785 -004.3097 -010.3062 -003.9495 +004.9711 0
L1 01    231 +016.0291 +000.1456 +001.3490 -085.6552 +001.4065 +001.9368 0
L1 02    231 +005.0161 +007.0877 +001.6774 -175.9967 +002.9915 -129.3486 0
L1 03    231 +016.1300 -000.5670 -000.8380 -090.5986 +003.1768 +092.1411 0
L1 04    231 +008.6750 +008.0100 +001.7765 -029.1460 -000.5927 +000.3713 0
L1 05    231 +014.3692 +010.1399 +001.9877 -109.0551 +000.7507 -005.3785 0
L1 06    231 +014.5809 +000.1447 -004.1508 +176.3492 +001.4975 +001.1615 0
L1 07    231 +013.6440 +000.2618 -004.3450 -091.6852 -000.0827 +006.5109 0
L1 08    231 +012.7285 +000.2785 -004.3097 -010.3060 -003.9498 +004.9711 0
L1 01    235 +016.0291 +000.1454 +001.3490 -085.6565 +001.4065 +001.9364 0
L1 02    235 +005.0161 +007.0877 +001.6774 -175.9966 +002.9916 -129.3487 0
L1 03    235 +016.1300 -000.5669 -000.8379 -090.5980 +003.1764 +092.1419 0
L1 04    235 +008.6750 +008.0101 +001.7765 -029.1456 -000.5927 +000.3712 0
L1 05    235 +014.3690 +010.1399 +001.9879 -109.0537 +000.7518 -005.3778 0
L1 06    235 +014.5809 +000.1447 -004.1508 +176.3486 +001.4972 +001.1622 0
L1 07    235 +013.6440 +000.2618 -004.3450 -091.6852 -000.0837 +006.5113 0
L1 08    235 +012.7285 +000.2784 -004.3097 -010.3060 -003.9496 +004.9709 0
L1 01    239 +016.0291 +000.1455 +001.3490 -085.6559 +001.4069 +001.9364 0
L1 02    239 +005.0161 +007.0877 +001.6774 -175.9966 +002.9914 -129.3486 0
L1 03    239 +016.1300 -000.5670 -000.8381 -090.5985 +003.1765 +092.1408 0
L1 04    239 +008.6750 +008.0101 +001.7765 -029.1457 -000.5925 +000.3710 0
L1 05    239 +014.3693 +010.1396 +001.9877 -109.0558 +000.7509 -005.3796 0
L1 06    239 +014.5809 +000.1446 -004.1508 +176.3473 +001.4974 +001.1625 0
L1 07    239 +013.6439 +000.2617 -004.3452 -091.6856 -000.0829 +006.5095 0
L1 08    239 +012.7285 +000.2784 -004.3097 -010.3057 -003.9498 +004.9707 0
L1 01    243 +016.0291 +000.1457 +001.3490 -085.6546 +001.4067 +001.9367 0
L1 02    243 +005.0161 +007.0877 +001.6774 -175.9965 +002.9916 -129.3487 0
L1 03    243 +016.1300 -000.5669 -000.8380 -090.5977 +003.1767 +092.1413 0
L1 04    243 +008.6750 +008.0101 +001.7765 -029.1452 -000.5927 +000.3711 0
L1 05    243 +014.3691 +010.1399 +001.9879 -109.0538 +000.7517 -005.3778 0
L1 06    243 +014.5810 +000.1446 -004.1505 +176.3463 +001.4991 +001.1613 0
L1 07    243 +013.6439 +000.2617 -004.3452 -091.6854 -000.0828 +006.5092 0
L1 08    243 +012.7285 +000.2784 -004.3097 -010.3055 -003.9498 +004.9709 0
L1 01    247 +016.0291 +000.1454 +001.3489 -085.6563 +001.4061 +001.9358 0
L1 02    247 +005.0160 +007.0878 +001.6774 -175.9961 +002.9914 -129.3484 0
L1 03    247 +016.1300 -000.5668 -000.8381 -090.5973 +003.1761 +092.1410 0
L1 04    247 +008.6750 +008.0101 +001.7766 -029.1455 -000.5927 +000.3716 0
L1 05    247 +014.3690 +010.1399 +001.9876 -109.0531 +000.7513 -005.3788 0
L1 06    247 +014.5810 +000.1448 -004.1506 +176.3467 +001.4985 +001.1621 0
L1 07    247 +013.6439 +000.2618 -004.3453 -091.6849 -000.0832 +006.5093 0
L1 08    247 +012.7285 +000.2784 -004.3097 -010.3051 -003.9497 +004.9709 0
L1 01    251 +016.0291 +000.1453 +001.3491 -085.6571 +001.4062 +001.9371 0
L1 02    251 +005.0161 +007.0878 +001.6774 -175.9964 +002.9915 -129.3487 0
L1 03    251 +016.1300 -000.5668 -000.8381 -090.5977 +003.1764 +092.1412 0
L1 04    251 +008.6750 +008.0101 +001.7766 -029.1453 -000.5930 +000.3716 0
L1 05    251 +014.3693 +010.1397 +001.9877 -109.0551 +000.7518 -005.3787 0
L1 06    251 +014.5810 +000.1445 -004.1508 +176.3445 +001.4973 +001.1614 0
L1 07    251 +013.6439 +000.2617 -004.3453 -091.6850 -000.0835 +006.5094 0
L1 08    251 +012.7285 +000.2785 -004.3098 -010.3041 -003.9495 +004.9710 0
L1 01    255 +016.0291 +000.1453 +001.3490 -085.6575 +001.4074 +001.9363 0
L1 02    255 +005.0161 +007.0877 +001.6774 -175.9967 +002.9917 -129.3488 0
L1 03    255 +016.1300 -000.5671 -000.8380 -090.5996 +003.1765 +092.1414 0
L1 04    255 +008.6750 +008.0100 +001.7765 -029.1457 -000.5928 +000.3713 0
L1 05    255 +014.3689 +010.1399 +001.9878 -109.0531 +000.7528 -005.3782 0
L1 06    255 +014.5810 +000.1445 -004.1506 +176.3443 +001.4986 +001.1619 0
L1 07    255 +013.6439 +000.2618 -004.3452 -091.6842 -000.0831 +006.5100 0
L1 08    255 +012.7285 +000.2783 -004.3098 -010.3057 -003.9499 +004.9701 0
L1 01    259 +016.0290 +000.1455 +001.3490 -085.6564 +001.4066 +001.9363 0
L1 02    259 +005.0161 +007.0877 +001.6774 -175.9964 +002.9917 -129.3487 0
L1 03    259 +016.1300 -000.5673 -000.8382 -090.6007 +003.1768 +092.1400 0
L1 04    259 +008.6751 +008.0100 +001.7765 -029.1460 -000.5928 +000.3714 0
L1 05    259 +014.3687 +010.1402 +001.9882 -109.0512 +000.7523 -005.3768 0
L1 06    259 +014.5810 +000.1442 -004.1504 +176.3414 +001.5002 +001.1623 0
L1 07    259 +013.6439 +000.2617 -004.3453 -091.6852 -000.0836 +006.5096 0
L1 08    259 +012.7285 +000.2783 -004.3098 -010.3056 -003.9499 +004.9700 0
L1 01    263 +016.0291 +000.1456 +001.3490 -085.6554 +001.4068 +001.9370 0
L1 02    263 +005.0161 +007.0877 +001.6774 -175.9966 +002.9917 -129.3487 0
L1 03    263 +016.1300 -000.5673 -000.8381 -090.6000 +003.1769 +092.1412 0
L1 04    263 +008.6750 +008.0101 +001.7765 -029.1456 -000.5928 +000.3714 0
L1 05    263 +014.3689 +010.1400 +001.9879 -109.0529 +000.7516 -005.3767 0
L1 06    263 +014.5809 +000.1445 -004.1507 +176.3430 +001.4976 +001.1625 0
L1 07    263 +013.6439 +000.2616 -004.3452 -091.6851 -000.0834 +006.5100 0
L1 08    263 +012.7285 +000.2784 -004.3097 -010.3048 -003.9503 +004.9704 0
L1 01    267 +016.0290 +000.1456 +001.3488 -085.6555 +001.4073 +001.9353 0
L1 02    267 +005.0161 +007.0877 +001.6774 -175.9965 +002.9919 -129.3489 0
L1 03    267 +016.1299 -000.5674 -000.8380 -090.6012 +003.1770 +092.1412 0
L1 04    267 +008.6751 +008.0100 +001.7765 -029.1464 -000.5923 +000.3711 0
L1 05    267 +014.3691 +010.1398 +001.9880 -109.0545 +000.7522 -005.3773 0
L1 06    267 +014.5809 +000.1443 -004.1508 +176.3414 +001.4969 +001.1629 0
L1 07    267 +013.6439 +000.2616 -004.3452 -091.6859 -000.0829 +006.5098 0
L1 08    267 +012.7285 +000.2783 -004.3097 -010.3052 -003.9499 +004.9703 0
L1 01    271 +016.0290 +000.1454 +001.3489 -085.6568 +001.4073 +001.9354 0
L1 02    271 +005.0161 +007.0877 +001.6774 -175.9963 +002.9915 -129.3486 0
L1 03    271 +016.1300 -000.5672 -000.8381 -090.5997 +003.1768 +092.1401 0
L1 04    271 +008.6751 +008.0100 +001.7765 -029.1457 -000.5924 +000.3711 0
L1 05    271 +014.3692 +010.1397 +001.9878 -109.0550 +000.7513 -005.3783 0
L1 06    271 +014.5809 +000.1441 -004.1507 +176.3400 +001.4968 +001.1627 0
L1 07    271 +013.6439 +000.2617 -004.3451 -091.6843 -000.0825 +006.5103 0
L1 08    271 +012.7285 +000.2784 -004.3097 -010.3045 -003.9497 +004.9703 0
L1 01    275 +016.0290 +000.1453 +001.3489 -085.6572 +001.4070 +001.9352 0
L1 02    275 +005.0161 +007.0878 +001.6774 -175.9962 +002.9916 -129.3486 0
L1 03    275 +016.1300 -000.5670 -000.8381 -090.5993 +003.1762 +092.1406 0
L1 04    275 +008.6751 +008.0100 +001.7766 -029.1461 -000.5927 +000.3714 0
L1 05    275 +014.3695 +010.1393 +001.9877 -109.0567 +000.7517 -005.3789 0
L1 06    275 +014.5809 +000.1441 -004.1508 +176.3393 +001.4969 +001.1629 0
L1 07    275 +013.6439 +000.2618 -004.3453 -091.6837 -000.0825 +006.5087 0
L1 08    275 +012.7285 +000.2784 -004.3098 -010.3040 -003.9497 +004.9702 0
L1 01    279 +016.0290 +000.1454 +001.3488 -085.6564 +001.4070 +001.9354 0
L1 02    279 +005.0161 +007.0877 +001.6774 -175.9964 +002.9918 -129.3487 0
L1 03    279 +016.1300 -000.5670 -000.8380 -090.5985 +003.1764 +092.1411 0
L1 04    279 +008.6751 +008.0100 +001.7765 -029.1461 -000.5926 +000.3714 0
L1 05    279 +014.3693 +010.1394 +001.9878 -109.0555 +000.7519 -005.3781 0
L1 06    279 +014.5809 +000.1443 -004.1507 +176.3393 +001.4975 +001.1623 0
L1 07    279 +013.6439 +000.2619 -004.3451 -091.6831 -000.0825 +006.5103 0
L1 08    279 +012.7285 +000.2785 -004.3098 -010.3030 -003.9502 +004.9706 0
L1 01    283 +016.0290 +000.1453 +001.3490 -085.6561 +001.4062 +001.9367 0
L1 02    283 +005.0160 +007.0878 +001.6774 -175.9959 +002.9916 -129.3484 0
L1 03    283 +016.1299 -000.5668 -000.8381 -090.5973 +003.1764 +092.1409 0
L1 04    283 +008.6750 +008.0100 +001.7766 -029.1456 -000.5927 +000.3713 0
L1 05    283 +014.3694 +010.1394 +001.9875 -109.0567 +000.7506 -005.3796 0
L1 06    283 +014.5809 +000.1445 -004.1508 +176.3402 +001.4970 +001.1624 0
L1 07    283 +013.6439 +000.2617 -004.3451 -091.6842 -000.0827 +006.5107 0
L1 08    283 +012.7285 +000.2785 -004.3097 -010.3026 -003.9507 +004.9707 0
L1 01    287 +016.0290 +000.1455 +001.3490 -085.6554 +001.4064 +001.9361 0
L1 02    287 +005.0160 +007.0878 +001.6774 -175.9960 +002.9916 -129.3485 0
L1 03    287 +016.1300 -000.5670 -000.8381 -090.5986 +003.1765 +092.1401 0
L1 04    287 +008.6750 +008.0101 +001.7766 -029.1456 -000.5930 +000.3713 0
L1 05    287 +014.3693 +010.1397 +001.9876 -109.0552 +000.7511 -005.3801 0
L1 06    287 +014.5809 +000.1446 -004.1507 +176.3408 +001.4975 +001.1619 0
L1 07    287 +013.6439 +000.2618 -004.3451 -091.6833 -000.0831 +006.5098 0
L1 08    287 +012.7284 +000.2784 -004.3097 -010.3031 -003.9501 +004.9697 0
L1 01    291 +016.0290 +000.1455 +001.3487 -085.6546 +001.4066 +001.9331 0
L1 02    291 +005.0160 +007.0878 +001.6774 -175.9961 +002.9919 -129.3486 0
L1 03    291 +016.1300 -000.5669 -000.8381 -090.5975 +003.1768 +092.1400 0
L1 04    291 +008.6750 +008.0101 +001.7765 -029.1453 -000.5928 +000.3711 0
L1 05    291 +014.3688 +010.1404 +001.9873 -109.0481 +000.7484 -005.3799 0
L1 06    291 +014.5809 +000.1452 -004.1505 +176.3440 +001.4983 +001.1607 0
L1 07    291 +013.6438 +000.2619 -004.3453 -091.6827 -000.0824 +006.5087 0
L1 08    291 +012.7285 +000.2785 -004.3097 -010.3021 -003.9500 +004.9704 0
L1 01    295 +016.0290 +000.1455 +001.3487 -085.6551 +001.4062 +001.9341 0
L1 02    295 +005.0160 +007.0878 +001.6774 -175.9960 +002.9916 -129.3484 0
L1 03    295 +016.1300 -000.5667 -000.8381 -090.5965 +003.1762 +092.1399 0
L1 04    295 +008.6750 +008.0101 +001.7766 -029.1454 -000.5929 +000.3713 0
L1 05    295 +014.3692 +010.1396 +001.9878 -109.0545 +000.7520 -005.3799 0
L1 06    295 +014.5809 +000.1450 -004.1507 +176.3425 +001.4976 +001.1600 0
L1 07    295 +013.6439 +000.2619 -004.3453 -091.6817 -000.0825 +006.5097 0
L1 08    295 +012.7285 +000.2785 -004.3097 -010.3014 -003.9502 +004.9705 0
L1 01    299 +016.0290 +000.1454 +001.3490 -085.6558 +001.4066 +001.9361 0
L1 02    299 +005.0161 +007.0877 +001.6774 -175.9964 +002.9917 -129.3487 0
L1 03    299 +016.1300 -000.5668 -000.8381 -090.5967 +003.1765 +092.1407 0
L1 04    299 +008.6751 +008.0100 +001.7765 -029.1459 -000.5929 +000.3711 0
L1 05    299 +014.3692 +010.1399 +001.9873 -109.0535 +000.7493 -005.3814 0
L1 06    299 +014.5809 +000.1450 -004.1507 +176.3412 +001.4979 +001.1601 0
L1 07    299 +013.6439 +000.2620 -004.3452 -091.6820 -000.0815 +006.5097 0
L1 08    299 +012.7285 +000.2785 -004.3098 -010.3018 -003.9503 +004.9705 0
L1 01    303 +016.0290 +000.1455 +001.3490 -085.6546 +001.4062 +001.9362 0
L1 02    303 +005.0161 +007.0877 +001.6774 -175.9965 +002.9917 -129.3485 0
L1 03    303 +016.1300 -000.5667 -000.8380 -090.5961 +003.1769 +092.1411 0
L1 04    303 +008.6750 +008.0101 +001.7765 -029.1453 -000.5928 +000.3708 0
L1 05    303 +014.3692 +010.1400 +001.9875 -109.0528 +000.7499 -005.3809 0
L1 06    303 +014.5809 +000.1448 -004.1507 +176.3399 +001.4978 +001.1609 0
L1 07    303 +013.6439 +000.2620 -004.3450 -091.6814 -000.0811 +006.5110 0
L1 08    303 +012.7285 +000.2785 -004.3097 -010.3006 -003.9508 +004.9708 0
L1 01    307 +016.0291 +000.1456 +001.3489 -085.6538 +001.4060 +001.9359 0
L1 02    307 +005.0161 +007.0878 +001.6774 -175.9962 +002.9917 -129.3484 0
L1 03    307 +016.1300 -000.5667 -000.8380 -090.5954 +003.1768 +092.1407 0
L1 04    307 +008.6750 +008.0101 +001.7766 -029.1451 -000.5933 +000.3712 0
L1 05    307 +014.3689 +010.1403 +001.9877 -109.0512 +000.7501 -005.3792 0
L1 06    307 +014.5809 +000.1448 -004.1507 +176.3401 +001.4982 +001.1609 0
L1 07    307 +013.6439 +000.2622 -004.3451 -091.6787 -000.0810 +006.5103 0
L1 08    307 +012.7284 +000.2786 -004.3098 -010.2999 -003.9501 +004.9705 0
L1 01    311 +016.0290 +000.1457 +001.3490 -085.6531 +001.4062 +001.9364 0
L1 02    311 +005.0161 +007.0877 +001.6774 -175.9965 +002.9917 -129.3483 0
L1 03    311 +016.1299 -000.5669 -000.8381 -090.5968 +003.1767 +092.1406 0
L1 04    311 +008.6750 +008.0101 +001.7765 -029.1453 -000.5932 +000.3709 0
L1 05    311 +014.3687 +010.1405 +001.9878 -109.0490 +000.7503 -005.3779 0
L1 06    311 +014.5808 +000.1448 -004.1508 +176.3390 +001.4973 +001.1606 0
L1 07    311 +013.6439 +000.2621 -004.3451 -091.6803 -000.0820 +006.5103 0
L1 08    311 +012.7284 +000.2786 -004.3098 -010.3001 -003.9504 +004.9706 0
L1 01    315 +016.0290 +000.1457 +001.3491 -085.6526 +001.4063 +001.9371 0
L1 02    315 +005.0161 +007.0878 +001.6774 -175.9963 +002.9918 -129.3484 0
L1 03    315 +016.1299 -000.5668 -000.8381 -090.5956 +003.1771 +092.1407 0
L1 04    315 +008.6749 +008.0102 +001.7765 -029.1443 -000.5935 +000.3708 0
L1 05    315 +014.3692 +010.1399 +001.9879 -109.0528 +000.7506 -005.3795 0
L1 06    315 +014.5809 +000.1449 -004.1506 +176.3391 +001.4983 +001.1602 0
L1 07    315 +013.6439 +000.2619 -004.3452 -091.6814 -000.0820 +006.5093 0
L1 08    315 +012.7285 +000.2786 -004.3097 -010.2994 -003.9513 +004.9709 0
L1 01    319 +016.0290 +000.1456 +001.3487 -085.6538 +001.4065 +001.9350 0
L1 02    319 +005.0161 +007.0878 +001.6774 -175.9963 +002.9918 -129.3482 0
L1 03    319 +016.1299 -000.5670 -000.8380 -090.5972 +003.1773 +092.1409 0
L1 04    319 +008.6751 +008.0101 +001.7765 -029.1452 -000.5931 +000.3708 0
L1 05    319 +014.3689 +010.1402 +001.9880 -109.0510 +000.7517 -005.3780 0
L1 06    319 +014.5809 +000.1449 -004.1505 +176.3389 +001.4990 +001.1613 0
L1 07    319 +013.6438 +000.2620 -004.3453 -091.6807 -000.0825 +006.5085 0
L1 08    319 +012.7284 +000.2785 -004.3097 -010.3000 -003.9510 +004.9701 0
L1 01    323 +016.0291 +000.1455 +001.3490 -085.6547 +001.4057 +001.9366 0
L1 02    323 +005.0161 +007.0877 +001.6774 -175.9966 +002.9918 -129.3484 0
L1 03    323 +016.1299 -000.5671 -000.8380 -090.5983 +003.1764 +092.1411 0
L1 04    323 +008.6751 +008.0100 +001.7765 -029.1459 -000.5931 +000.3711 0
L1 05    323 +014.3692 +010.1397 +001.9879 -109.0544 +000.7511 -005.3793 0
L1 06    323 +014.5809 +000.1447 -004.1506 +176.3362 +001.4986 +001.1619 0
L1 07    323 +013.6438 +000.2618 -004.3452 -091.6829 -000.0824 +006.5092 0
L1 08    323 +012.7285 +000.2784 -004.3097 -010.3008 -003.9515 +004.9697 0
L1 01    327 +016.0291 +000.1455 +001.3490 -085.6546 +001.4059 +001.9361 0
L1 02    327 +005.0161 +007.0877 +001.6773 -175.9968 +002.9917 -129.3483 0
L1 03    327 +016.1300 -000.5670 -000.8380 -090.5980 +003.1762 +092.1414 0
L1 04    327 +008.6750 +008.0101 +001.7766 -029.1456 -000.5937 +000.3714 0
L1 05    327 +014.3692 +010.1397 +001.9878 -109.0541 +000.7517 -005.3797 0
L1 06    327 +014.5808 +000.1447 -004.1508 +176.3358 +001.4961 +001.1609 0
L1 07    327 +013.6439 +000.2618 -004.3452 -091.6822 -000.0821 +006.5097 0
L1 08    327 +012.7285 +000.2784 -004.3097 -010.3005 -003.9517 +004.9696 0
L1 01    331 +016.0291 +000.1453 +001.3491 -085.6565 +001.4057 +001.9373 0
L1 02    331 +005.0161 +007.0877 +001.6773 -175.9977 +002.9913 -129.3479 0
L1 03    331 +016.1300 -000.5670 -000.8380 -090.5983 +003.1756 +092.1418 0
L1 04    331 +008.6750 +008.0100 +001.7766 -029.1459 -000.5936 +000.3714 0
L1 05    331 +014.3692 +010.1397 +001.9877 -109.0552 +000.7510 -005.3796 0
L1 06    331 +014.5809 +000.1446 -004.1508 +176.3352 +001.4974 +001.1627 0
L1 07    331 +013.6439 +000.2616 -004.3449 -091.6834 -000.0831 +006.5121 0
L1 08    331 +012.7285 +000.2784 -004.3096 -010.3000 -003.9523 +004.9691 0
L1 01    335 +016.0291 +000.1451 +001.3490 -085.6582 +001.4058 +001.9363 0
L1 02    335 +005.0161 +007.0877 +001.6773 -175.9977 +002.9914 -129.3482 0
L1 03    335 +016.1300 -000.5671 -000.8380 -090.5997 +003.1753 +092.1410 0
L1 04    335 +008.6751 +008.0100 +001.7766 -029.1464 -000.5932 +000.3712 0
L1 05    335 +014.3695 +010.1392 +001.9877 -109.0577 +000.7504 -005.3795 0
L1 06    335 +014.5809 +000.1444 -004.1507 +176.3320 +001.4979 +001.1624 0
L1 07    335 +013.6438 +000.2616 -004.3453 -091.6836 -000.0826 +006.5086 0
L1 08    335 +012.7285 +000.2782 -004.3097 -010.3007 -003.9521 +004.9685 0
L1 01    339 +016.0291 +000.1453 +001.3491 -085.6574 +001.4060 +001.9367 0
L1 02    339 +005.0161 +007.0877 +001.6773 -175.9973 +002.9914 -129.3481 0
L1 03    339 +016.1300 -000.5672 -000.8382 -090.6005 +003.1762 +092.1401 0
L1 04    339 +008.6751 +008.0100 +001.7765 -029.1465 -000.5927 +000.3709 0
L1 05    339 +014.3692 +010.1396 +001.9880 -109.0557 +000.7522 -005.3792 0
L1 06    339 +014.5808 +000.1443 -004.1506 +176.3304 +001.4977 +001.1610 0
L1 07    339 +013.6438 +000.2617 -004.3454 -091.6826 -000.0829 +006.5078 0
L1 08    339 +012.7285 +000.2783 -004.3097 -010.3005 -003.9517 +004.9687 0
L1 01    343 +016.0291 +000.1454 +001.3489 -085.6557 +001.4057 +001.9355 0
L1 02    343 +005.0161 +007.0877 +001.6773 -175.9971 +002.9916 -129.3482 0
L1 03    343 +016.1300 -000.5670 -000.8381 -090.5986 +003.1761 +092.1405 0
L1 04    343 +008.6750 +008.0101 +001.7765 -029.1455 -000.5929 +000.3710 0
L1 05    343 +014.3689 +010.1402 +001.9882 -109.0508 +000.7534 -005.3768 0
L1 06    343 +014.5808 +000.1446 -004.1506 +176.3325 +001.4977 +001.1611 0
L1 07    343 +013.6439 +000.2620 -004.3451 -091.6792 -000.0825 +006.5098 0
L1 08    343 +012.7285 +000.2784 -004.3097 -010.2992 -003.9514 +004.9693 0
L1 01    347 +016.0291 +000.1454 +001.3490 -085.6559 +001.4060 +001.9360 0
L1 02    347 +005.0161 +007.0877 +001.6773 -175.9970 +002.9914 -129.3480 0
L1 03    347 +016.1299 -000.5672 -000.8380 -090.5996 +003.1760 +092.1408 0
L1 04    347 +008.6751 +008.0100 +001.7765 -029.1460 -000.5929 +000.3711 0
L1 05    347 +014.3691 +010.1398 +001.9872 -109.0525 +000.7501 -005.3815 0
L1 06    347 +014.5808 +000.1444 -004.1509 +176.3310 +001.4961 +001.1612 0
L1 07    347 +013.6438 +000.2619 -004.3451 -091.6807 -000.0816 +006.5099 0
L1 08    347 +012.7285 +000.2784 -004.3097 -010.2994 -003.9514 +004.9692 0
L1 01    351 +016.0290 +000.1455 +001.3489 -085.6548 +001.4061 +001.9360 0
L1 02    351 +005.0161 +007.0877 +001.6773 -175.9967 +002.9917 -129.3481 0
L1 03    351 +016.1299 -000.5672 -000.8379 -090.5989 +003.1761 +092.1412 0
L1 04    351 +008.6750 +008.0100 +001.7765 -029.1457 -000.5929 +000.3709 0
L1 05    351 +014.3692 +010.1397 +001.9879 -109.0535 +000.7523 -005.3794 0
L1 06    351 +014.5809 +000.1445 -004.1507 +176.3316 +001.4978 +001.1614 0
L1 07    351 +013.6438 +000.2619 -004.3451 -091.6803 -000.0820 +006.5101 0
L1 08    351 +012.7285 +000.2783 -004.3097 -010.2994 -003.9519 +004.9689 0
L1 01    355 +016.0291 +000.1453 +001.3491 -085.6563 +001.4057 +001.9366 0
L1 02    355 +005.0161 +007.0877 +001.6773 -175.9971 +002.9915 -129.3479 0
L1 03    355 +016.1299 -000.5673 -000.8380 -090.5999 +003.1762 +092.1409 0
L1 04    355 +008.6751 +008.0100 +001.7765 -029.1460 -000.5933 +000.3711 0
L1 05    355 +014.3692 +010.1397 +001.9879 -109.0539 +000.7522 -005.3787 0
L1 06    355 +014.5809 +000.1444 -004.1506 +176.3309 +001.4991 +001.1614 0
L1 07    355 +013.6438 +000.2618 -004.3452 -091.6805 -000.0828 +006.5102 0
L1 08    355 +012.7285 +000.2783 -004.3097 -010.2991 -003.9521 +004.9683 0
L1 01    359 +016.0291 +000.1453 +001.3490 -085.6564 +001.4060 +001.9370 0
L1 02    359 +005.0161 +007.0877 +001.6773 -175.9973 +002.9916 -129.3481 0
L1 03    359 +016.1299 -000.5674 -000.8380 -090.6006 +003.1758 +092.1414 0
L1 04    359 +008.6750 +008.0101 +001.7765 -029.1452 -000.5934 +000.3711 0
L1 05    359 +014.3694 +010.1394 +001.9882 -109.0562 +000.7549 -005.3777 0
L1 06    359 +014.5809 +000.1444 -004.1506 +176.3299 +001.4988 +001.1626 0
L1 07    359 +013.6439 +000.2614 -004.3453 -091.6823 -000.0838 +006.5099 0
L1 08    359 +012.7285 +000.2783 -004.3097 -010.2988 -003.9520 +004.9683 0
L1 01    363 +016.0291 +000.1452 +001.3491 -085.6570 +001.4054 +001.9367 0
L1 02    363 +005.0161 +007.0877 +001.6773 -175.9971 +002.9915 -129.3481 0
L1 03    363 +016.1300 -000.5673 -000.8381 -090.6005 +003.1753 +092.1408 0
L1 04    363 +008.6750 +008.0100 +001.7766 -029.1455 -000.5932 +000.3713 0
L1 05    363 +014.3697 +010.1391 +001.9878 -109.0592 +000.7539 -005.3809 0
L1 06    363 +014.5809 +000.1444 -004.1507 +176.3292 +001.4987 +001.1620 0
L1 07    363 +013.6439 +000.2615 -004.3452 -091.6820 -000.0831 +006.5103 0
L1 08    363 +012.7285 +000.2782 -004.3097 -010.2988 -003.9523 +004.9681 0
L1 01    367 +016.0291 +000.1451 +001.3490 -085.6571 +001.4047 +001.9362 0
L1 02    367 +005.0161 +007.0877 +001.6773 -175.9975 +002.9913 -129.3482 0
L1 03    367 +016.1300 -000.5671 -000.8380 -090.5986 +003.1753 +092.1411 0
L1 04    367 +008.6750 +008.0100 +001.7765 -029.1459 -000.5931 +000.3711 0
L1 05    367 +014.3698 +010.1391 +001.9875 -109.0599 +000.7516 -005.3815 0
L1 06    367 +014.5809 +000.1446 -004.1506 +176.3300 +001.4991 +001.1624 0
L1 07    367 +013.6439 +000.2618 -004.3451 -091.6806 -000.0840 +006.5103 0
L1 08    367 +012.7285 +000.2782 -004.3097 -010.2984 -003.9523 +004.9679 0
L1 01    371 +016.0290 +000.1453 +001.3489 -085.6562 +001.4056 +001.9363 0
L1 02    371 +005.0162 +007.0877 +001.6773 -175.9978 +002.9914 -129.3483 0
L1 03    371 +016.1299 -000.5673 -000.8378 -090.5997 +003.1755 +092.1422 0
L1 04    371 +008.6751 +008.0100 +001.7765 -029.1460 -000.5928 +000.3710 0
L1 05    371 +014.3695 +010.1394 +001.9872 -109.0570 +000.7511 -005.3827 0
L1 06    371 +014.5808 +000.1447 -004.1508 +176.3306 +001.4979 +001.1630 0
L1 07    371 +013.6439 +000.2616 -004.3451 -091.6811 -000.0834 +006.5108 0
L1 08    371 +012.7285 +000.2782 -004.3096 -010.2983 -003.9530 +004.9681 0
L1 01    375 +016.0291 +000.1453 +001.3489 -085.6562 +001.4052 +001.9363 0
L1 02    375 +005.0161 +007.0877 +001.6773 -175.9976 +002.9914 -129.3483 0
L1 03    375 +016.1299 -000.5671 -000.8379 -090.5988 +003.1753 +092.1419 0
L1 04    375 +008.6750 +008.0100 +001.7765 -029.1459 -000.5931 +000.3714 0
L1 05    375 +014.3693 +010.1395 +001.9876 -109.0560 +000.7525 -005.3801 0
L1 06    375 +014.5808 +000.1446 -004.1509 +176.3295 +001.4972 +001.1620 0
L1 07    375 +013.6440 +000.2615 -004.3449 -091.6812 -000.0840 +006.5122 0
L1 08    375 +012.7285 +000.2783 -004.3097 -010.2975 -003.9526 +004.9682 0
L1 01    379 +016.0290 +000.1455 +001.3490 -085.6541 +001.4051 +001.9367 0
L1 02    379 +005.0161 +007.0877 +001.6773 -175.9971 +002.9914 -129.3482 0
L1 03    379 +016.1300 -000.5670 -000.8381 -090.5976 +003.1759 +092.1411 0
L1 04    379 +008.6750 +008.0101 +001.7766 -029.1452 -000.5932 +000.3715 0
L1 05    379 +014.3692 +010.1397 +001.9878 -109.0532 +000.7531 -005.3799 0
L1 06    379 +014.5809 +000.1446 -004.1507 +176.3289 +001.4981 +001.1615 0
L1 07    379 +013.6439 +000.2616 -004.3450 -091.6802 -000.0828 +006.5114 0
L1 08    379 +012.7285 +000.2783 -004.3098 -010.2965 -003.9523 +004.9688 0
L1 01    383 +016.0290 +000.1453 +001.3489 -085.6554 +001.4052 +001.9361 0
L1 02    383 +005.0161 +007.0877 +001.6773 -175.9970 +002.9914 -129.3484 0
L1 03    383 +016.1300 -000.5671 -000.8380 -090.5982 +003.1756 +092.1417 0
L1 04    383 +008.6750 +008.0101 +001.7765 -029.1454 -000.5929 +000.3714 0
L1 05    383 +014.3695 +010.1393 +001.9877 -109.0567 +000.7522 -005.3815 0
L1 06    383 +014.5810 +000.1445 -004.1504 +176.3275 +001.5006 +001.1620 0
L1 07    383 +013.6439 +000.2617 -004.3453 -091.6799 -000.0824 +006.5100 0
L1 08    383 +012.7285 +000.2783 -004.3098 -010.2964 -003.9524 +004.9685 0
L1 01    387 +016.0290 +000.1455 +001.3489 -085.6533 +001.4046 +001.9354 0
L1 02    387 +005.0161 +007.0878 +001.6773 -175.9962 +002.9917 -129.3481 0
L1 03    387 +016.1300 -000.5669 -000.8382 -090.5953 +003.1756 +092.1400 0
L1 04    387 +008.6750 +008.0101 +001.7765 -029.1445 -000.5931 +000.3709 0
L1 05    387 +014.3689 +010.1402 +001.9879 -109.0506 +000.7524 -005.3798 0
L1 06    387 +014.5810 +000.1448 -004.1505 +176.3292 +001.4997 +001.1605 0
L1 07    387 +013.6439 +000.2617 -004.3451 -091.6791 -000.0822 +006.5108 0
L1 08    387 +012.7285 +000.2784 -004.3098 -010.2947 -003.9520 +004.9686 0
L1 01    391 +016.0290 +000.1455 +001.3490 -085.6535 +001.4043 +001.9364 0
L1 02    391 +005.0161 +007.0877 +001.6773 -175.9966 +002.9917 -129.3482 0
L1 03    391 +016.1300 -000.5669 -000.8381 -090.5954 +003.1755 +092.1409 0
L1 04    391 +008.6749 +008.0102 +001.7765 -029.1442 -000.5934 +000.3710 0
L1 05    391 +014.3687 +010.1405 +001.9881 -109.0484 +000.7530 -005.3792 0
L1 06    391 +014.5808 +000.1446 -004.1508 +176.3280 +001.4977 +001.1616 0
L1 07    391 +013.6439 +000.2617 -004.3452 -091.6790 -000.0819 +006.5106 0
L1 08    391 +012.7285 +000.2783 -004.3098 -010.2956 -003.9529 +004.9686 0
L1 01    395 +016.0290 +000.1455 +001.3490 -085.6540 +001.4045 +001.9364 0
L1 02    395 +005.0161 +007.0877 +001.6774 -175.9970 +002.9917 -129.3484 0
L1 03    395 +016.1300 -000.5671 -000.8380 -090.5975 +003.1758 +092.1421 0
L1 04    395 +008.6750 +008.0102 +001.7765 -029.1444 -000.5934 +000.3713 0
L1 05    395 +014.3689 +010.1402 +001.9876 -109.0500 +000.7520 -005.3804 0
L1 06    395 +014.5809 +000.1447 -004.1506 +176.3273 +001.4993 +001.1609 0
L1 07    395 +013.6439 +000.2616 -004.3452 -091.6799 -000.0829 +006.5108 0
L1 08    395 +012.7286 +000.2783 -004.3097 -010.2961 -003.9540 +004.9684 0
L1 01    399 +016.0291 +000.1456 +001.3489 -085.6534 +001.4045 +001.9357 0
L1 02    399 +005.0161 +007.0877 +001.6774 -175.9968 +002.9917 -129.3486 0
L1 03    399 +016.1300 -000.5671 -000.8380 -090.5975 +003.1762 +092.1414 0
L1 04    399 +008.6750 +008.0101 +001.7765 -029.1449 -000.5932 +000.3710 0
L1 05    399 +014.3691 +010.1401 +001.9877 -109.0518 +000.7523 -005.3802 0
L1 06    399 +014.5809 +000.1447 -004.1507 +176.3274 +001.4990 +001.1605 0
L1 07    399 +013.6439 +000.2618 -004.3453 -091.6792 -000.0820 +006.5095 0
L1 08    399 +012.7286 +000.2783 -004.3098 -010.2958 -003.9535 +004.9684 0
L1 01    403 +016.0291 +000.1454 +001.3491 -085.6546 +001.4046 +001.9362 0
L1 02    403 +005.0161 +007.0877 +001.6774 -175.9971 +002.9918 -129.3488 0
L1 03    403 +016.1300 -000.5672 -000.8381 -090.5985 +003.1756 +092.1409 0
L1 04    403 +008.6750 +008.0101 +001.7766 -029.1450 -000.5933 +000.3714 0
L1 05    403 +014.3691 +010.1399 +001.9877 -109.0528 +000.7532 -005.3793 0
L1 06    403 +014.5809 +000.1445 -004.1506 +176.3257 +001.4991 +001.1608 0
L1 07    403 +013.6439 +000.2619 -004.3453 -091.6788 -000.0825 +006.5098 0
L1 08    403 +012.7285 +000.2783 -004.3098 -010.2954 -003.9530 +004.9678 0
L1 01    407 +016.0291 +000.1455 +001.3490 -085.6538 +001.4046 +001.9359 0
L1 02    407 +005.0161 +007.0877 +001.6774 -175.9970 +002.9915 -129.3486 0
L1 03    407 +016.1300 -000.5670 -000.8381 -090.5967 +003.1760 +092.1411 0
L1 04    407 +008.6750 +008.0101 +001.7766 -029.1448 -000.5931 +000.3714 0
L1 05    407 +014.3692 +010.1399 +001.9878 -109.0538 +000.7530 -005.3793 0
L1 06    407 +014.5809 +000.1447 -004.1507 +176.3260 +001.4987 +001.1609 0
L1 07    407 +013.6439 +000.2619 -004.3452 -091.6781 -000.0829 +006.5104 0
L1 08    407 +012.7285 +000.2783 -004.3098 -010.2948 -003.9531 +004.9680 0
L1 01    411 +016.0291 +000.1454 +001.3490 -085.6541 +001.4043 +001.9363 0
L1 02    411 +005.0161 +007.0877 +001.6774 -175.9973 +002.9913 -129.3485 0
L1 03    411 +016.1300 -000.5668 -000.8382 -090.5959 +003.1753 +092.1407 0
L1 04    411 +008.6750 +008.0101 +001.7766 -029.1449 -000.5933 +000.3718 0
L1 05    411 +014.3692 +010.1399 +001.9881 -109.0529 +000.7544 -005.3789 0
L1 06    411 +014.5809 +000.1446 -004.1509 +176.3250 +001.4978 +001.1616 0
L1 07    411 +013.6439 +000.2618 -004.3452 -091.6781 -000.0824 +006.5101 0
L1 08    411 +012.7285 +000.2784 -004.3098 -010.2942 -003.9534 +004.9683 0
L1 01    415 +016.0291 +000.1453 +001.3489 -085.6543 +001.4041 +001.9362 0
L1 02    415 +005.0161 +007.0877 +001.6774 -175.9969 +002.9914 -129.3484 0
L1 03    415 +016.1300 -000.5668 -000.8381 -090.5956 +003.1754 +092.1414 0
L1 04    415 +008.6750 +008.0102 +001.7766 -029.1443 -000.5935 +000.3716 0
L1 05    415 +014.3691 +010.1399 +001.9881 -109.0522 +000.7556 -005.3795 0
L1 06    415 +014.5809 +000.1445 -004.1508 +176.3242 +001.4981 +001.1620 0
L1 07    415 +013.6440 +000.2616 -004.3451 -091.6792 -000.0826 +006.5109 0
L1 08    415 +012.7285 +000.2785 -004.3098 -010.2924 -003.9538 +004.9685 0
L1 01    419 +016.0290 +000.1455 +001.3489 -085.6530 +001.4045 +001.9360 0
L1 02    419 +005.0161 +007.0877 +001.6774 -175.9970 +002.9914 -129.3484 0
L1 03    419 +016.1300 -000.5668 -000.8382 -090.5950 +003.1755 +092.1405 0
L1 04    419 +008.6749 +008.0102 +001.7766 -029.1440 -000.5935 +000.3714 0
L1 05    419 +014.3686 +010.1407 +001.9877 -109.0466 +000.7525 -005.3815 0
L1 06    419 +014.5809 +000.1447 -004.1508 +176.3255 +001.4985 +001.1617 0
L1 07    419 +013.6440 +000.2618 -004.3451 -091.6783 -000.0822 +006.5114 0
L1 08    419 +012.7285 +000.2785 -004.3098 -010.2931 -003.9537 +004.9687 0
L1 01    423 +016.0291 +000.1457 +001.3488 -085.6514 +001.4046 +001.9353 0
L1 02    423 +005.0161 +007.0878 +001.6774 -175.9965 +002.9915 -129.3482 0
L1 03    423 +016.1300 -000.5668 -000.8382 -090.5947 +003.1757 +092.1402 0
L1 04    423 +008.6749 +008.0102 +001.7766 -029.1436 -000.5935 +000.3714 0
L1 05    423 +014.3690 +010.1403 +001.9880 -109.0485 +000.7535 -005.3786 0
L1 06    423 +014.5809 +000.1448 -004.1508 +176.3260 +001.4981 +001.1608 0
L1 07    423 +013.6439 +000.2619 -004.3451 -091.6773 -000.0819 +006.5110 0
L1 08    423 +012.7285 +000.2785 -004.3098 -010.2927 -003.9534 +004.9687 0
L1 01    427 +016.0291 +000.1456 +001.3490 -085.6527 +001.4054 +001.9364 0
L1 02    427 +005.0161 +007.0878 +001.6774 -175.9964 +002.9915 -129.3482 0
L1 03    427 +016.1300 -000.5671 -000.8380 -090.5971 +003.1766 +092.1414 0
L1 04    427 +008.6749 +008.0102 +001.7765 -029.1442 -000.5929 +000.3710 0
L1 05    427 +014.3689 +010.1404 +001.9873 -109.0487 +000.7518 -005.3822 0
L1 06    427 +014.5810 +000.1448 -004.1505 +176.3246 +001.4993 +001.1610 0
L1 07    427 +013.6439 +000.2617 -004.3452 -091.6784 -000.0820 +006.5106 0
L1 08    427 +012.7285 +000.2782 -004.3098 -010.2946 -003.9536 +004.9681 0
L1 01    431 +016.0291 +000.1456 +001.3490 -085.6529 +001.4045 +001.9361 0
L1 02    431 +005.0161 +007.0878 +001.6774 -175.9966 +002.9916 -129.3484 0
L1 03    431 +016.1300 -000.5670 -000.8381 -090.5961 +003.1759 +092.1411 0
L1 04    431 +008.6749 +008.0102 +001.7765 -029.1439 -000.5933 +000.3711 0
L1 05    431 +014.3694 +010.1396 +001.9877 -109.0534 +000.7533 -005.3814 0
L1 06    431 +014.5809 +000.1448 -004.1506 +176.3248 +001.4991 +001.1604 0
L1 07    431 +013.6439 +000.2619 -004.3453 -091.6771 -000.0814 +006.5101 0
L1 08    431 +012.7285 +000.2784 -004.3098 -010.2930 -003.9532 +004.9681 0
L1 01    435 +016.0291 +000.1455 +001.3491 -085.6536 +001.4041 +001.9364 0
L1 02    435 +005.0161 +007.0877 +001.6774 -175.9967 +002.9917 -129.3484 0
L1 03    435 +016.1300 -000.5669 -000.8380 -090.5958 +003.1754 +092.1416 0
L1 04    435 +008.6750 +008.0101 +001.7765 -029.1449 -000.5935 +000.3713 0
L1 05    435 +014.3696 +010.1395 +001.9876 -109.0558 +000.7533 -005.3818 0
L1 06    435 +014.5809 +000.1445 -004.1504 +176.3222 +001.5006 +001.1607 0
L1 07    435 +013.6439 +000.2620 -004.3452 -091.6761 -000.0820 +006.5101 0
L1 08    435 +012.7285 +000.2784 -004.3098 -010.2928 -003.9538 +004.9678 0
L1 01    439 +016.0291 +000.1456 +001.3492 -085.6528 +001.4039 +001.9373 0
L1 02    439 +005.0161 +007.0877 +001.6774 -175.9966 +002.9917 -129.3484 0
L1 03    439 +016.1300 -000.5669 -000.8380 -090.5961 +003.1756 +092.1413 0
L1 04    439 +008.6750 +008.0101 +001.7765 -029.1446 -000.5934 +000.3714 0
L1 05    439 +014.3694 +010.1396 +001.9874 -109.0554 +000.7537 -005.3827 0
L1 06    439 +014.5809 +000.1450 -004.1507 +176.3222 +001.4996 +001.1601 0
L1 07    439 +013.6438 +000.2619 -004.3452 -091.6753 -000.0828 +006.5101 0
L1 08    439 +012.7285 +000.2783 -004.3097 -010.2931 -003.9544 +004.9681 0
L1 01    443 +016.0290 +000.1456 +001.3492 -085.6525 +001.4042 +001.9369 0
L1 02    443 +005.0161 +007.0878 +001.6774 -175.9964 +002.9917 -129.3483 0
L1 03    443 +016.1300 -000.5669 -000.8381 -090.5963 +003.1761 +092.1402 0
L1 04    443 +008.6750 +008.0102 +001.7766 -029.1444 -000.5932 +000.3713 0
L1 05    443 +014.3693 +010.1397 +001.9877 -109.0537 +000.7530 -005.3812 0
L1 06    443 +014.5808 +000.1446 -004.1509 +176.3212 +001.4976 +001.1608 0
L1 07    443 +013.6438 +000.2617 -004.3453 -091.6784 -000.0823 +006.5084 0
L1 08    443 +012.7285 +000.2783 -004.3097 -010.2927 -003.9536 +004.9679 0
L1 01    447 +016.0290 +000.1455 +001.3491 -085.6527 +001.4041 +001.9364 0
L1 02    447 +005.0161 +007.0878 +001.6773 -175.9963 +002.9915 -129.3481 0
L1 03    447 +016.1299 -000.5666 -000.8380 -090.5945 +003.1757 +092.1405 0
L1 04    447 +008.6750 +008.0102 +001.7766 -029.1445 -000.5934 +000.3712 0
L1 05    447 +014.3694 +010.1397 +001.9877 -109.0521 +000.7523 -005.3811 0
L1 06    447 +014.5808 +000.1448 -004.1507 +176.3218 +001.4985 +001.1608 0
L1 07    447 +013.6438 +000.2620 -004.3454 -091.6753 -000.0812 +006.5081 0
L1 08    447 +012.7284 +000.2784 -004.3097 -010.2916 -003.9533 +004.9682 0
L1 01    451 +016.0290 +000.1452 +001.3489 -085.6552 +001.4045 +001.9348 0
L1 02    451 +005.0161 +007.0877 +001.6773 -175.9966 +002.9912 -129.3481 0
L1 03    451 +016.1300 -000.5667 -000.8379 -090.5951 +003.1761 +092.1408 0
L1 04    451 +008.6750 +008.0101 +001.7765 -029.1451 -000.5932 +000.3711 0
L1 05    451 +014.3691 +010.1400 +001.9879 -109.0507 +000.7540 -005.3802 0
L1 06    451 +014.5809 +000.1445 -004.1507 +176.3196 +001.4982 +001.1618 0
L1 07    451 +013.6438 +000.2620 -004.3453 -091.6767 -000.0814 +006.5088 0
L1 08    451 +012.7285 +000.2784 -004.3097 -010.2924 -003.9535 +004.9681 0
L1 01    455 +016.0291 +000.1456 +001.3489 -085.6533 +001.4045 +001.9347 0
L1 02    455 +005.0161 +007.0877 +001.6774 -175.9966 +002.9917 -129.3484 0
L1 03    455 +016.1300 -000.5669 -000.8382 -090.5964 +003.1761 +092.1396 0
L1 04    455 +008.6750 +008.0102 +001.7765 -029.1447 -000.5934 +000.3711 0
L1 05    455 +014.3690 +010.1401 +001.9878 -109.0494 +000.7530 -005.3801 0
L1 06    455 +014.5808 +000.1447 -004.1508 +176.3199 +001.4975 +001.1607 0
L1 07    455 +013.6438 +000.2620 -004.3452 -091.6764 -000.0812 +006.5093 0
L1 08    455 +012.7285 +000.2784 -004.3097 -010.2924 -003.9534 +004.9680 0
L1 01    459 +016.0291 +000.1454 +001.3488 -085.6543 +001.4048 +001.9341 0
L1 02    459 +005.0161 +007.0877 +001.6773 -175.9969 +002.9915 -129.3483 0
L1 03    459 +016.1300 -000.5671 -000.8380 -090.5977 +003.1762 +092.1408 0
L1 04    459 +008.6750 +008.0101 +001.7765 -029.1448 -000.5934 +000.3711 0
L1 05    459 +014.3689 +010.1403 +001.9877 -109.0494 +000.7535 -005.3806 0
L1 06    459 +014.5808 +000.1447 -004.1508 +176.3196 +001.4975 +001.1606 0
L1 07    459 +013.6439 +000.2618 -004.3453 -091.6777 -000.0820 +006.5093 0
L1 08    459 +012.7285 +000.2783 -004.3098 -010.2928 -003.9533 +004.9676 0
L1 01    463 +016.0291 +000.1454 +001.3488 -085.6544 +001.4046 +001.9339 0
L1 02    463 +005.0161 +007.0877 +001.6774 -175.9969 +002.9916 -129.3483 0
L1 03    463 +016.1300 -000.5669 -000.8380 -090.5971 +003.1762 +092.1403 0
L1 04    463 +008.6750 +008.0101 +001.7765 -029.1451 -000.5932 +000.3711 0
L1 05    463 +014.3693 +010.1398 +001.9878 -109.0528 +000.7546 -005.3812 0
L1 06    463 +014.5808 +000.1446 -004.1507 +176.3183 +001.4980 +001.1608 0
L1 07    463 +013.6438 +000.2619 -004.3452 -091.6771 -000.0814 +006.5096 0
L1 08    463 +012.7285 +000.2784 -004.3097 -010.2919 -003.9539 +004.9678 0
L1 01    467 +016.0291 +000.1454 +001.3487 -085.6539 +001.4047 +001.9335 0
L1 02    467 +005.0161 +007.0878 +001.6773 -175.9966 +002.9915 -129.3482 0
L1 03    467 +016.1300 -000.5670 -000.8380 -090.5964 +003.1760 +092.1406 0
L1 04    467 +008.6750 +008.0102 +001.7765 -029.1445 -000.5931 +000.3708 0
L1 05    467 +014.3692 +010.1400 +001.9880 -109.0511 +000.7552 -005.3807 0
L1 06    467 +014.5809 +000.1450 -004.1507 +176.3200 +001.4979 +001.1601 0
L1 07    467 +013.6438 +000.2620 -004.3452 -091.6761 -000.0813 +006.5092 0
L1 08    467 +012.7285 +000.2785 -004.3097 -010.2912 -003.9533 +004.9682 0
L1 01    471 +016.0290 +000.1454 +001.3488 -085.6531 +001.4044 +001.9341 0
L1 02    471 +005.0161 +007.0878 +001.6773 -175.9963 +002.9916 -129.3482 0
L1 03    471 +016.1300 -000.5667 -000.8380 -090.5945 +003.1760 +092.1403 0
L1 04    471 +008.6750 +008.0102 +001.7765 -029.1443 -000.5931 +000.3708 0
L1 05    471 +014.3693 +010.1398 +001.9879 -109.0523 +000.7545 -005.3809 0
L1 06    471 +014.5809 +000.1447 -004.1505 +176.3183 +001.4990 +001.1608 0
L1 07    471 +013.6439 +000.2618 -004.3452 -091.6764 -000.0819 +006.5096 0
L1 08    471 +012.7284 +000.2784 -004.3097 -010.2908 -003.9533 +004.9679 0
L1 01    475 +016.0290 +000.1456 +001.3489 -085.6529 +001.4048 +001.9350 0
L1 02    475 +005.0161 +007.0877 +001.6773 -175.9969 +002.9915 -129.3483 0
L1 03    475 +016.1300 -000.5670 -000.8379 -090.5965 +003.1760 +092.1409 0
L1 04    475 +008.6750 +008.0101 +001.7765 -029.1449 -000.5931 +000.3712 0
L1 05    475 +014.3690 +010.1402 +001.9878 -109.0501 +000.7536 -005.3814 0
L1 06    475 +014.5809 +000.1442 -004.1505 +176.3134 +001.4986 +001.1623 0
L1 07    475 +013.6438 +000.2616 -004.3452 -091.6776 -000.0828 +006.5097 0
L1 08    475 +012.7285 +000.2784 -004.3097 -010.2910 -003.9540 +004.9676 0
L1 01    479 +016.0291 +000.1455 +001.3489 -085.6531 +001.4047 +001.9343 0
L1 02    479 +005.0161 +007.0877 +001.6773 -175.9968 +002.9915 -129.3481 0
L1 03    479 +016.1300 -000.5669 -000.8380 -090.5960 +003.1758 +092.1404 0
L1 04    479 +008.6750 +008.0102 +001.7765 -029.1446 -000.5937 +000.3713 0
L1 05    479 +014.3688 +010.1407 +001.9873 -109.0468 +000.7505 -005.3815 0
L1 06    479 +014.5809 +000.1445 -004.1507 +176.3155 +001.4973 +001.1611 0
L1 07    479 +013.6438 +000.2618 -004.3452 -091.6763 -000.0820 +006.5098 0
L1 08    479 +012.7285 +000.2784 -004.3097 -010.2905 -003.9541 +004.9676 0
L1 01    483 +016.0291 +000.1456 +001.3491 -085.6523 +001.4041 +001.9359 0
L1 02    483 +005.0161 +007.0877 +001.6773 -175.9969 +002.9916 -129.3481 0
L1 03    483 +016.1300 -000.5669 -000.8380 -090.5957 +003.1758 +092.1405 0
L1 04    483 +008.6750 +008.0101 +001.7765 -029.1447 -000.5933 +000.3708 0
L1 05    483 +014.3688 +010.1403 +001.9878 -109.0486 +000.7524 -005.3799 0
L1 06    483 +014.5809 +000.1445 -004.1505 +176.3147 +001.4990 +001.1607 0
L1 07    483 +013.6438 +000.2619 -004.3452 -091.6757 -000.0820 +006.5096 0
L1 08    483 +012.7285 +000.2784 -004.3097 -010.2901 -003.9543 +004.9675 0
L1 01    487 +016.0291 +000.1456 +001.3490 -085.6524 +001.4048 +001.9353 0
L1 02    487 +005.0161 +007.0878 +001.6773 -175.9964 +002.9915 -129.3480 0
L1 03    487 +016.1300 -000.5669 -000.8381 -090.5955 +003.1765 +092.1401 0
L1 04    487 +008.6749 +008.0102 +001.7765 -029.1442 -000.5933 +000.3710 0
L1 05    487 +014.3686 +010.1406 +001.9881 -109.0468 +000.7535 -005.3786 0
L1 06    487 +014.5808 +000.1445 -004.1506 +176.3145 +001.4989 +001.1604 0
L1 07    487 +013.6438 +000.2618 -004.3452 -091.6764 -000.0817 +006.5100 0
L1 08    487 +012.7285 +000.2784 -004.3096 -010.2896 -003.9547 +004.9677 0
L1 01    491 +016.0291 +000.1456 +001.3491 -085.6521 +001.4040 +001.9363 0
L1 02    491 +005.0161 +007.0878 +001.6773 -175.9965 +002.9913 -129.3479 0
L1 03    491 +016.1300 -000.5668 -000.8381 -090.5950 +003.1763 +092.1400 0
L1 04    491 +008.6749 +008.0102 +001.7765 -029.1437 -000.5936 +000.3710 0
L1 05    491 +014.3686 +010.1407 +001.9877 -109.0457 +000.7528 -005.3814 0
L1 06    491 +014.5808 +000.1447 -004.1506 +176.3151 +001.4986 +001.1598 0
L1 07    491 +013.6438 +000.2617 -004.3453 -091.6764 -000.0812 +006.5090 0
L1 08    491 +012.7285 +000.2784 -004.3097 -010.2894 -003.9546 +004.9675 0
L1 01    495 +016.0291 +000.1453 +001.3491 -085.6547 +001.4039 +001.9365 0
L1 02    495 +005.0161 +007.0877 +001.6773 -175.9969 +002.9914 -129.3481 0
L1 03    495 +016.1300 -000.5668 -000.8380 -090.5958 +003.1756 +092.1407 0
L1 04    495 +008.6749 +008.0101 +001.7765 -029.1446 -000.5936 +000.3713 0
L1 05    495 +014.3689 +010.1403 +001.9879 -109.0488 +000.7542 -005.3814 0
L1 06    495 +014.5809 +000.1445 -004.1505 +176.3129 +001.4991 +001.1605 0
L1 07    495 +013.6439 +000.2617 -004.3452 -091.6762 -000.0817 +006.5100 0
L1 08    495 +012.7285 +000.2784 -004.3097 -010.2899 -003.9550 +004.9672 0
L1 01    499 +016.0290 +000.1456 +001.3491 -085.6533 +001.4048 +001.9364 0
L1 02    499 +005.0161 +007.0877 +001.6773 -175.9965 +002.9916 -129.3481 0
L1 03    499 +016.1299 -000.5671 -000.8379 -090.5974 +003.1761 +092.1409 0
L1 04    499 +008.6749 +008.0101 +001.7765 -029.1443 -000.5937 +000.3711 0
L1 05    499 +014.3689 +010.1403 +001.9877 -109.0486 +000.7537 -005.3818 0
L1 06    499 +014.5808 +000.1445 -004.1506 +176.3131 +001.4987 +001.1609 0
L1 07    499 +013.6439 +000.2616 -004.3452 -091.6770 -000.0818 +006.5100 0
L1 08    499 +012.7285 +000.2784 -004.3097 -010.2899 -003.9549 +004.9672 0
L1 01    503 +016.0290 +000.1453 +001.3490 -085.6544 +001.4038 +001.9353 0
L1 02    503 +005.0161 +007.0877 +001.6773 -175.9966 +002.9916 -129.3481 0
L1 03    503 +016.1300 -000.5669 -000.8381 -090.5959 +003.1749 +092.1394 0
L1 04    503 +008.6749 +008.0102 +001.7765 -029.1443 -000.5936 +000.3710 0
L1 05    503 +014.3689 +010.1405 +001.9878 -109.0477 +000.7533 -005.3804 0
L1 06    503 +014.5808 +000.1445 -004.1507 +176.3127 +001.4980 +001.1617 0
L1 07    503 +013.6439 +000.2617 -004.3452 -091.6760 -000.0816 +006.5095 0
L1 08    503 +012.7285 +000.2784 -004.3097 -010.2892 -003.9548 +004.9667 0
L1 01    507 +016.0290 +000.1454 +001.3491 -085.6534 +001.4039 +001.9362 0
L1 02    507 +005.0161 +007.0878 +001.6773 -175.9963 +002.9916 -129.3481 0
L1 03    507 +016.1300 -000.5669 -000.8380 -090.5959 +003.1753 +092.1403 0
L1 04    507 +008.6749 +008.0102 +001.7765 -029.1440 -000.5936 +000.3711 0
L1 05    507 +014.3691 +010.1401 +001.9882 -109.0502 +000.7548 -005.3784 0
L1 06    507 +014.5809 +000.1446 -004.1507 +176.3127 +001.4984 +001.1607 0
L1 07    507 +013.6439 +000.2618 -004.3453 -091.6750 -000.0813 +006.5091 0
L1 08    507 +012.7285 +000.2784 -004.3097 -010.2890 -003.9548 +004.9669 0
L1 01    511 +016.0291 +000.1454 +001.3492 -085.6540 +001.4041 +001.9366 0
L1 02    511 +005.0161 +007.0877 +001.6773 -175.9966 +002.9914 -129.3479 0
L1 03    511 +016.1300 -000.5672 -000.8381 -090.5984 +003.1752 +092.1400 0
L1 04    511 +008.6750 +008.0101 +001.7765 -029.1453 -000.5934 +000.3712 0
L1 05    511 +014.3695 +010.1394 +001.9880 -109.0560 +000.7544 -005.3823 0
L1 06    511 +014.5809 +000.1444 -004.1507 +176.3105 +001.4986 +001.1614 0
L1 07    511 +013.6439 +000.2617 -004.3451 -091.6764 -000.0823 +006.5102 0
L1 08    511 +012.7285 +000.2783 -004.3097 -010.2900 -003.9550 +004.9668 0
L1 01    515 +016.0291 +000.1454 +001.3490 -085.6534 +001.4035 +001.9356 0
L1 02    515 +005.0161 +007.0877 +001.6773 -175.9967 +002.9916 -129.3481 0
L1 03    515 +016.1300 -000.5670 -000.8382 -090.5964 +003.1755 +092.1392 0
L1 04    515 +008.6750 +008.0101 +001.7765 -029.1450 -000.5934 +000.3710 0
L1 05    515 +014.3695 +010.1396 +001.9877 -109.0534 +000.7542 -005.3826 0
L1 06    515 +014.5809 +000.1446 -004.1508 +176.3121 +001.4978 +001.1607 0
L1 07    515 +013.6438 +000.2619 -004.3453 -091.6749 -000.0810 +006.5089 0
L1 08    515 +012.7285 +000.2784 -004.3097 -010.2887 -003.9549 +004.9671 0
L1 01    519 +016.0291 +000.1453 +001.3490 -085.6538 +001.4033 +001.9352 0
L1 02    519 +005.0161 +007.0878 +001.6773 -175.9964 +002.9916 -129.3479 0
L1 03    519 +016.1300 -000.5668 -000.8381 -090.5951 +003.1755 +092.1397 0
L1 04    519 +008.6749 +008.0102 +001.7766 -029.1439 -000.5940 +000.3714 0
L1 05    519 +014.3694 +010.1397 +001.9878 -109.0519 +000.7532 -005.3813 0
L1 06    519 +014.5808 +000.1443 -004.1508 +176.3094 +001.4976 +001.1612 0
L1 07    519 +013.6438 +000.2618 -004.3453 -091.6750 -000.0814 +006.5088 0
L1 08    519 +012.7285 +000.2785 -004.3098 -010.2872 -003.9546 +004.9671 0
L1 01    523 +016.0290 +000.1452 +001.3489 -085.6542 +001.4031 +001.9348 0
L1 02    523 +005.0161 +007.0878 +001.6774 -175.9964 +002.9917 -129.3481 0
L1 03    523 +016.1299 -000.5668 -000.8383 -090.5951 +003.1757 +092.1387 0
L1 04    523 +008.6749 +008.0102 +001.7766 -029.1443 -000.5939 +000.3713 0
L1 05    523 +014.3693 +010.1398 +001.9879 -109.0520 +000.7529 -005.3812 0
L1 06    523 +014.5809 +000.1445 -004.1505 +176.3104 +001.4991 +001.1603 0
L1 07    523 +013.6438 +000.2619 -004.3453 -091.6748 -000.0809 +006.5092 0
L1 08    523 +012.7285 +000.2785 -004.3097 -010.2872 -003.9551 +004.9676 0
L1 01    527 +016.0290 +000.1456 +001.3489 -085.6523 +001.4034 +001.9341 0
L1 02    527 +005.0160 +007.0878 +001.6773 -175.9958 +002.9920 -129.3479 0
L1 03    527 +016.1300 -000.5669 -000.8382 -090.5954 +003.1755 +092.1389 0
L1 04    527 +008.6749 +008.0102 +001.7766 -029.1440 -000.5939 +000.3712 0
L1 05    527 +014.3690 +010.1403 +001.9876 -109.0490 +000.7524 -005.3821 0
L1 06    527 +014.5809 +000.1449 -004.1507 +176.3122 +001.4981 +001.1598 0
L1 07    527 +013.6438 +000.2619 -004.3453 -091.6744 -000.0804 +006.5097 0
L1 08    527 +012.7285 +000.2784 -004.3097 -010.2874 -003.9551 +004.9673 0
