L1 01      5 +016.0104 +000.0853 +001.3422 -088.3470 +001.1956 +001.7551 0
L1 02      5 +005.0150 +007.0878 +001.6788 -175.9412 +003.0509 -129.3705 0
L1 03      5 +016.0497 -000.7508 -000.8440 -094.4536 +000.0420 +091.9961 0
L1 04      5 +008.6748 +008.0107 +001.7795 -029.1423 -000.5902 +000.4238 0
L1 05      5 +014.3785 +010.1236 +001.9920 -108.8839 +000.8659 -005.8773 0
L1 06      5 +015.8233 -000.2968 -004.5422 -153.6904 +084.7102 +035.0379 0
L1 07      5 +015.9572 -000.3117 -005.3839 -097.6778 -002.6306 +100.1726 0
L1 08      5 +015.9754 -000.3585 -006.2303 -149.0726 -080.2119 +146.7271 0
L1 01      9 +016.0105 +000.0854 +001.3422 -088.3463 +001.1965 +001.7568 0
L1 02      9 +005.0150 +007.0878 +001.6788 -175.9415 +003.0508 -129.3705 0
L1 03      9 +016.0497 -000.7510 -000.8439 -094.4549 +000.0424 +091.9965 0
L1 04      9 +008.6748 +008.0107 +001.7795 -029.1423 -000.5902 +000.4239 0
L1 05      9 +014.3784 +010.1238 +001.9924 -108.8824 +000.8680 -005.8759 0
L1 06      9 +015.8234 -000.2970 -004.5421 -153.6797 +084.7109 +035.0498 0
L1 07      9 +015.9573 -000.3114 -005.3838 -097.6764 -002.6301 +100.1726 0
L1 08      9 +015.9755 -000.3585 -006.2302 -149.0719 -080.2110 +146.7262 0
L1 01     13 +016.0105 +000.0852 +001.3423 -088.3484 +001.1976 +001.7584 0
L1 02     13 +005.0150 +007.0878 +001.6787 -175.9413 +003.0506 -129.3703 0
L1 03     13 +016.0497 -000.7508 -000.8439 -094.4548 +000.0435 +091.9970 0
L1 04     13 +008.6748 +008.0107 +001.7795 -029.1428 -000.5903 +000.4241 0
L1 05     13 +014.3784 +010.1235 +001.9923 -108.8837 +000.8678 -005.8765 0
L1 06     13 +015.8236 -000.2968 -004.5417 -153.6871 +084.7143 +035.0428 0
L1 07     13 +015.9573 -000.3106 -005.3836 -097.6732 -002.6261 +100.1727 0
L1 08     13 +015.9756 -000.3585 -006.2302 -149.0669 -080.2098 +146.7192 0
L1 01     17 +016.0105 +000.0852 +001.3424 -088.3483 +001.1995 +001.7593 0
L1 02     17 +005.0150 +007.0878 +001.6788 -175.9417 +003.0508 -129.3704 0
L1 03     17 +016.0498 -000.7509 -000.8438 -094.4565 +000.0454 +091.9989 0
L1 04     17 +008.6749 +008.0107 +001.7795 -029.1432 -000.5903 +000.4239 0
L1 05     17 +014.3787 +010.1232 +001.9921 -108.8874 +000.8674 -005.8763 0
L1 06     17 +015.8235 -000.2966 -004.5421 -153.6996 +084.7134 +035.0305 0
L1 07     17 +015.9575 -000.3115 -005.3837 -097.6783 -002.6275 +100.1740 0
L1 08     17 +015.9756 -000.3586 -006.2302 -149.0647 -080.2092 +146.7163 0
L1 01     21 +016.0105 +000.0850 +001.3424 -088.3493 +001.1984 +001.7593 0
L1 02     21 +005.0150 +007.0878 +001.6788 -175.9418 +003.0506 -129.3704 0
L1 03     21 +016.0497 -000.7510 -000.8438 -094.4563 +000.0440 +091.9983 0
L1 04     21 +008.6749 +008.0107 +001.7795 -029.1433 -000.5904 +000.4240 0
L1 05     21 +014.3788 +010.1230 +001.9924 -108.8889 +000.8687 -005.8763 0
L1 06     21 +015.8235 -000.2970 -004.5419 -153.6754 +084.7131 +035.0566 0
L1 07     21 +015.9575 -000.3117 -005.3836 -097.6802 -002.6281 +100.1740 0
L1 08     21 +015.9756 -000.3583 -006.2301 -149.0647 -080.2086 +146.7179 0
L1 01     25 +016.0104 +000.0849 +001.3423 -088.3497 +001.1970 +001.7581 0
L1 02     25 +005.0150 +007.0878 +001.6787 -175.9417 +003.0504 -129.3701 0
L1 03     25 +016.0497 -000.7509 -000.8438 -094.4553 +000.0424 +091.9979 0
L1 04     25 +008.6748 +008.0107 +001.7795 -029.1430 -000.5904 +000.4241 0
L1 05     25 +014.3789 +010.1229 +001.9919 -108.8897 +000.8665 -005.8783 0
L1 06     25 +015.8235 -000.2969 -004.5420 -153.6505 +084.7101 +035.0796 0
L1 07     25 +015.9574 -000.3118 -005.3835 -097.6796 -002.6297 +100.1739 0
L1 08     25 +015.9755 -000.3586 -006.2301 -149.0620 -080.2093 +146.7146 0
L1 01     29 +016.0105 +000.0849 +001.3423 -088.3503 +001.1975 +001.7572 0
L1 02     29 +005.0150 +007.0878 +001.6787 -175.9415 +003.0506 -129.3701 0
L1 03     29 +016.0497 -000.7513 -000.8437 -094.4579 +000.0421 +091.9979 0
L1 04     29 +008.6748 +008.0107 +001.7795 -029.1431 -000.5900 +000.4243 0
L1 05     29 +014.3790 +010.1228 +001.9917 -108.8905 +000.8651 -005.8785 0
L1 06     29 +015.8233 -000.2975 -004.5422 -153.6571 +084.7082 +035.0763 0
L1 07     29 +015.9574 -000.3120 -005.3836 -097.6811 -002.6328 +100.1741 0
L1 08     29 +015.9755 -000.3594 -006.2301 -149.0774 -080.2110 +146.7270 0
L1 01     33 +016.0105 +000.0850 +001.3424 -088.3499 +001.1975 +001.7582 0
L1 02     33 +005.0150 +007.0878 +001.6788 -175.9419 +003.0507 -129.3704 0
L1 03     33 +016.0497 -000.7511 -000.8438 -094.4575 +000.0428 +091.9975 0
L1 04     33 +008.6749 +008.0106 +001.7795 -029.1436 -000.5899 +000.4244 0
L1 05     33 +014.3791 +010.1226 +001.9922 -108.8913 +000.8679 -005.8778 0
L1 06     33 +015.8234 -000.2974 -004.5421 -153.6505 +084.7089 +035.0828 0
L1 07     33 +015.9573 -000.3118 -005.3838 -097.6806 -002.6300 +100.1722 0
L1 08     33 +015.9755 -000.3591 -006.2302 -149.0639 -080.2102 +146.7140 0
L1 01     37 +016.0105 +000.0848 +001.3422 -088.3509 +001.1985 +001.7570 0
L1 02     37 +005.0150 +007.0878 +001.6788 -175.9419 +003.0507 -129.3705 0
L1 03     37 +016.0497 -000.7511 -000.8437 -094.4576 +000.0433 +091.9983 0
L1 04     37 +008.6749 +008.0107 +001.7794 -029.1433 -000.5900 +000.4238 0
L1 05     37 +014.3791 +010.1227 +001.9919 -108.8913 +000.8670 -005.8784 0
L1 06     37 +015.8234 -000.2970 -004.5422 -153.6522 +084.7083 +035.0792 0
L1 07     37 +015.9573 -000.3118 -005.3840 -097.6824 -002.6287 +100.1719 0
L1 08     37 +015.9757 -000.3586 -006.2301 -149.0537 -080.2077 +146.7052 0
L1 01     41 +016.0105 +000.0849 +001.3423 -088.3497 +001.1970 +001.7576 0
L1 02     41 +005.0150 +007.0878 +001.6788 -175.9415 +003.0506 -129.3704 0
L1 03     41 +016.0498 -000.7506 -000.8437 -094.4537 +000.0430 +091.9985 0
L1 04     41 +008.6748 +008.0107 +001.7795 -029.1421 -000.5906 +000.4238 0
L1 05     41 +014.3789 +010.1231 +001.9920 -108.8887 +000.8674 -005.8768 0
L1 06     41 +015.8234 -000.2970 -004.5422 -153.6550 +084.7084 +035.0749 0
L1 07     41 +015.9575 -000.3116 -005.3833 -097.6796 -002.6280 +100.1760 0
L1 08     41 +015.9756 -000.3585 -006.2303 -149.0334 -080.2079 +146.6877 0
L1 01     45 +016.0105 +000.0850 +001.3422 -088.3488 +001.1959 +001.7574 0
L1 02     45 +005.0150 +007.0878 +001.6788 -175.9415 +003.0508 -129.3704 0
L1 03     45 +016.0497 -000.7509 -000.8438 -094.4544 +000.0417 +091.9976 0
L1 04     45 +008.6748 +008.0108 +001.7795 -029.1423 -000.5906 +000.4238 0
L1 05     45 +014.3784 +010.1238 +001.9919 -108.8827 +000.8663 -005.8786 0
L1 06     45 +015.8234 -000.2973 -004.5422 -153.6358 +084.7076 +035.0950 0
L1 07     45 +015.9573 -000.3122 -005.3839 -097.6825 -002.6300 +100.1724 0
L1 08     45 +015.9756 -000.3589 -006.2302 -149.0478 -080.2089 +146.7009 0
L1 01     49 +016.0105 +000.0852 +001.3423 -088.3472 +001.1948 +001.7574 0
L1 02     49 +005.0150 +007.0878 +001.6787 -175.9415 +003.0508 -129.3703 0
L1 03     49 +016.0497 -000.7511 -000.8437 -094.4551 +000.0405 +091.9979 0
L1 04     49 +008.6748 +008.0107 +001.7795 -029.1425 -000.5903 +000.4240 0
L1 05     49 +014.3784 +010.1234 +001.9925 -108.8842 +000.8697 -005.8757 0
L1 06     49 +015.8233 -000.2975 -004.5422 -153.6153 +084.7055 +035.1168 0
L1 07     49 +015.9573 -000.3126 -005.3838 -097.6827 -002.6334 +100.1735 0
L1 08     49 +015.9755 -000.3590 -006.2302 -149.0513 -080.2095 +146.7048 0
L1 01     53 +016.0105 +000.0852 +001.3422 -088.3465 +001.1955 +001.7561 0
L1 02     53 +005.0149 +007.0878 +001.6788 -175.9409 +003.0507 -129.3703 0
L1 03     53 +016.0497 -000.7510 -000.8437 -094.4542 +000.0408 +091.9980 0
L1 04     53 +008.6748 +008.0108 +001.7795 -029.1420 -000.5906 +000.4242 0
L1 05     53 +014.3783 +010.1238 +001.9921 -108.8818 +000.8669 -005.8768 0
L1 06     53 +015.8233 -000.2971 -004.5423 -153.6318 +084.7056 +035.0961 0
L1 07     53 +015.9572 -000.3121 -005.3838 -097.6793 -002.6320 +100.1732 0
L1 08     53 +015.9755 -000.3587 -006.2302 -149.0428 -080.2084 +146.6983 0
L1 01     57 +016.0105 +000.0851 +001.3422 -088.3486 +001.1977 +001.7575 0
L1 02     57 +005.0150 +007.0878 +001.6788 -175.9415 +003.0510 -129.3705 0
L1 03     57 +016.0497 -000.7511 -000.8438 -094.4570 +000.0423 +091.9979 0
L1 04     57 +008.6749 +008.0106 +001.7795 -029.1436 -000.5904 +000.4241 0
L1 05     57 +014.3789 +010.1228 +001.9926 -108.8897 +000.8697 -005.8747 0
L1 06     57 +015.8234 -000.2970 -004.5420 -153.6234 +084.7091 +035.1064 0
L1 07     57 +015.9573 -000.3118 -005.3837 -097.6794 -002.6301 +100.1741 0
L1 08     57 +015.9756 -000.3588 -006.2302 -149.0398 -080.2076 +146.6927 0
L1 01     61 +016.0105 +000.0850 +001.3424 -088.3493 +001.1993 +001.7596 0
L1 02     61 +005.0150 +007.0878 +001.6787 -175.9417 +003.0506 -129.3704 0
L1 03     61 +016.0498 -000.7510 -000.8437 -094.4570 +000.0454 +091.9988 0
L1 04     61 +008.6749 +008.0106 +001.7795 -029.1441 -000.5902 +000.4241 0
L1 05     61 +014.3790 +010.1227 +001.9919 -108.8901 +000.8661 -005.8785 0
L1 06     61 +015.8235 -000.2969 -004.5420 -153.6253 +084.7098 +035.1046 0
L1 07     61 +015.9574 -000.3119 -005.3836 -097.6813 -002.6302 +100.1749 0
L1 08     61 +015.9757 -000.3587 -006.2302 -149.0260 -080.2056 +146.6783 0
L1 01     65 +016.0105 +000.0852 +001.3422 -088.3476 +001.1994 +001.7583 0
L1 02     65 +005.0150 +007.0878 +001.6788 -175.9415 +003.0511 -129.3707 0
L1 03     65 +016.0498 -000.7509 -000.8437 -094.4555 +000.0457 +091.9991 0
L1 04     65 +008.6748 +008.0107 +001.7795 -029.1428 -000.5901 +000.4238 0
L1 05     65 +014.3782 +010.1238 +001.9918 -108.8831 +000.8659 -005.8791 0
L1 06     65 +015.8235 -000.2966 -004.5422 -153.6490 +084.7104 +035.0799 0
L1 07     65 +015.9575 -000.3117 -005.3834 -097.6798 -002.6290 +100.1756 0
L1 08     65 +015.9758 -000.3581 -006.2299 -149.0101 -080.2033 +146.6650 0
L1 01     69 +016.0105 +000.0852 +001.3424 -088.3468 +001.1977 +001.7586 0
L1 02     69 +005.0150 +007.0878 +001.6788 -175.9413 +003.0508 -129.3704 0
L1 03     69 +016.0498 -000.7508 -000.8437 -094.4536 +000.0436 +091.9991 0
L1 04     69 +008.6748 +008.0108 +001.7795 -029.1424 -000.5907 +000.4241 0
L1 05     69 +014.3784 +010.1236 +001.9926 -108.8847 +000.8690 -005.8748 0
L1 06     69 +015.8235 -000.2967 -004.5421 -153.6313 +084.7094 +035.0966 0
L1 07     69 +015.9576 -000.3111 -005.3833 -097.6748 -002.6297 +100.1774 0
L1 08     69 +015.9756 -000.3587 -006.2303 -149.0127 -080.2055 +146.6685 0
L1 01     73 +016.0105 +000.0851 +001.3425 -088.3472 +001.1960 +001.7590 0
L1 02     73 +005.0149 +007.0878 +001.6788 -175.9413 +003.0509 -129.3705 0
L1 03     73 +016.0498 -000.7510 -000.8438 -094.4548 +000.0408 +091.9983 0
L1 04     73 +008.6748 +008.0107 +001.7795 -029.1426 -000.5906 +000.4242 0
L1 05     73 +014.3785 +010.1235 +001.9925 -108.8863 +000.8682 -005.8762 0
L1 06     73 +015.8235 -000.2971 -004.5421 -153.6151 +084.7075 +035.1144 0
L1 07     73 +015.9575 -000.3119 -005.3836 -097.6785 -002.6335 +100.1751 0
L1 08     73 +015.9755 -000.3590 -006.2304 -149.0231 -080.2079 +146.6779 0
L1 01     77 +016.0105 +000.0852 +001.3423 -088.3462 +001.1954 +001.7577 0
L1 02     77 +005.0149 +007.0878 +001.6788 -175.9408 +003.0511 -129.3705 0
L1 03     77 +016.0497 -000.7509 -000.8439 -094.4531 +000.0405 +091.9967 0
L1 04     77 +008.6748 +008.0108 +001.7795 -029.1421 -000.5906 +000.4239 0
L1 05     77 +014.3787 +010.1235 +001.9919 -108.8856 +000.8659 -005.8783 0
L1 06     77 +015.8235 -000.2967 -004.5422 -153.6152 +084.7065 +035.1119 0
L1 07     77 +015.9575 -000.3117 -005.3834 -097.6760 -002.6314 +100.1750 0
L1 08     77 +015.9755 -000.3589 -006.2303 -149.0177 -080.2076 +146.6737 0
L1 01     81 +016.0105 +000.0852 +001.3423 -088.3462 +001.1960 +001.7582 0
L1 02     81 +005.0149 +007.0878 +001.6788 -175.9411 +003.0509 -129.3703 0
L1 03     81 +016.0497 -000.7509 -000.8437 -094.4550 +000.0419 +091.9984 0
L1 04     81 +008.6748 +008.0107 +001.7795 -029.1423 -000.5904 +000.4239 0
L1 05     81 +014.3788 +010.1230 +001.9924 -108.8883 +000.8685 -005.8761 0
L1 06     81 +015.8234 -000.2969 -004.5424 -153.6177 +084.7055 +035.1115 0
L1 07     81 +015.9575 -000.3121 -005.3833 -097.6795 -002.6317 +100.1762 0
L1 08     81 +015.9756 -000.3589 -006.2302 -149.0210 -080.2066 +146.6758 0
L1 01     85 +016.0105 +000.0850 +001.3424 -088.3480 +001.1978 +001.7588 0
L1 02     85 +005.0150 +007.0878 +001.6788 -175.9413 +003.0511 -129.3711 0
L1 03     85 +016.0498 -000.7508 -000.8437 -094.4554 +000.0437 +091.9989 0
L1 04     85 +008.6749 +008.0106 +001.7795 -029.1439 -000.5900 +000.4246 0
L1 05     85 +014.3786 +010.1233 +001.9924 -108.8868 +000.8682 -005.8765 0
L1 06     85 +015.8235 -000.2969 -004.5422 -153.6292 +084.7075 +035.1007 0
L1 07     85 +015.9575 -000.3117 -005.3836 -097.6804 -002.6288 +100.1745 0
L1 08     85 +015.9756 -000.3585 -006.2304 -149.0007 -080.2054 +146.6552 0
L1 01     89 +016.0105 +000.0848 +001.3423 -088.3502 +001.1992 +001.7587 0
L1 02     89 +005.0150 +007.0878 +001.6788 -175.9415 +003.0512 -129.3713 0
L1 03     89 +016.0498 -000.7511 -000.8437 -094.4582 +000.0444 +091.9989 0
L1 04     89 +008.6750 +008.0106 +001.7795 -029.1452 -000.5898 +000.4246 0
L1 05     89 +014.3788 +010.1230 +001.9924 -108.8888 +000.8695 -005.8767 0
L1 06     89 +015.8235 -000.2968 -004.5420 -153.6287 +084.7093 +035.1019 0
L1 07     89 +015.9575 -000.3116 -005.3836 -097.6805 -002.6290 +100.1753 0
L1 08     89 +015.9757 -000.3586 -006.2303 -148.9972 -080.2047 +146.6503 0
L1 01     93 +016.0105 +000.0849 +001.3423 -088.3491 +001.1978 +001.7583 0
L1 02     93 +005.0149 +007.0878 +001.6789 -175.9412 +003.0512 -129.3713 0
L1 03     93 +016.0497 -000.7511 -000.8437 -094.4572 +000.0439 +091.9991 0
L1 04     93 +008.6750 +008.0106 +001.7796 -029.1444 -000.5904 +000.4248 0
L1 05     93 +014.3787 +010.1232 +001.9923 -108.8875 +000.8681 -005.8759 0
L1 06     93 +015.8235 -000.2967 -004.5420 -153.6185 +084.7081 +035.1104 0
L1 07     93 +015.9575 -000.3112 -005.3835 -097.6767 -002.6277 +100.1757 0
L1 08     93 +015.9756 -000.3587 -006.2303 -148.9943 -080.2042 +146.6489 0
L1 01     97 +016.0105 +000.0850 +001.3424 -088.3479 +001.1954 +001.7582 0
L1 02     97 +005.0149 +007.0878 +001.6788 -175.9407 +003.0511 -129.3711 0
L1 03     97 +016.0497 -000.7508 -000.8439 -094.4545 +000.0422 +091.9973 0
L1 04     97 +008.6749 +008.0107 +001.7796 -029.1437 -000.5905 +000.4248 0
L1 05     97 +014.3782 +010.1239 +001.9921 -108.8814 +000.8655 -005.8756 0
L1 06     97 +015.8234 -000.2969 -004.5422 -153.6043 +084.7063 +035.1242 0
L1 07     97 +015.9573 -000.3119 -005.3836 -097.6793 -002.6302 +100.1742 0
L1 08     97 +015.9756 -000.3587 -006.2303 -148.9904 -080.2048 +146.6470 0
L1 01    101 +016.0105 +000.0851 +001.3424 -088.3474 +001.1952 +001.7585 0
L1 02    101 +005.0149 +007.0878 +001.6789 -175.9411 +003.0514 -129.3714 0
L1 03    101 +016.0498 -000.7509 -000.8438 -094.4550 +000.0411 +091.9979 0
L1 04    101 +008.6750 +008.0106 +001.7796 -029.1442 -000.5902 +000.4249 0
L1 05    101 +014.3786 +010.1234 +001.9918 -108.8862 +000.8659 -005.8773 0
L1 06    101 +015.8234 -000.2973 -004.5422 -153.5948 +084.7061 +035.1364 0
L1 07    101 +015.9573 -000.3119 -005.3838 -097.6781 -002.6320 +100.1735 0
L1 08    101 +015.9755 -000.3589 -006.2303 -148.9982 -080.2054 +146.6541 0
L1 01    105 +016.0105 +000.0853 +001.3422 -088.3460 +001.1960 +001.7574 0
L1 02    105 +005.0149 +007.0878 +001.6789 -175.9411 +003.0512 -129.3714 0
L1 03    105 +016.0498 -000.7509 -000.8437 -094.4550 +000.0420 +091.9980 0
L1 04    105 +008.6749 +008.0107 +001.7796 -029.1438 -000.5902 +000.4248 0
L1 05    105 +014.3784 +010.1237 +001.9922 -108.8836 +000.8674 -005.8756 0
L1 06    105 +015.8234 -000.2970 -004.5423 -153.5948 +084.7050 +035.1333 0
L1 07    105 +015.9574 -000.3117 -005.3835 -097.6776 -002.6306 +100.1751 0
L1 08    105 +015.9756 -000.3587 -006.2303 -148.9866 -080.2041 +146.6436 0
L1 01    110 +016.0105 +000.0851 +001.3422 -088.3475 +001.1976 +001.7575 0
L1 02    110 +005.0149 +007.0878 +001.6789 -175.9408 +003.0512 -129.3713 0
L1 03    110 +016.0498 -000.7508 -000.8438 -094.4548 +000.0430 +091.9981 0
L1 04    110 +008.6749 +008.0106 +001.7796 -029.1439 -000.5904 +000.4251 0
L1 05    110 +014.3784 +010.1237 +001.9924 -108.8835 +000.8678 -005.8757 0
L1 06    110 +015.8235 -000.2968 -004.5421 -153.5997 +084.7068 +035.1283 0
L1 07    110 +015.9574 -000.3111 -005.3837 -097.6763 -002.6293 +100.1743 0
L1 08    110 +015.9757 -000.3584 -006.2303 -148.9748 -080.2020 +146.6304 0
L1 01    114 +016.0105 +000.0852 +001.3423 -088.3471 +001.1982 +001.7584 0
L1 02    114 +005.0150 +007.0878 +001.6789 -175.9414 +003.0511 -129.3714 0
L1 03    114 +016.0498 -000.7509 -000.8438 -094.4560 +000.0437 +091.9983 0
L1 04    114 +008.6749 +008.0106 +001.7796 -029.1438 -000.5904 +000.4251 0
L1 05    114 +014.3786 +010.1234 +001.9920 -108.8860 +000.8664 -005.8764 0
L1 06    114 +015.8235 -000.2971 -004.5422 -153.6138 +084.7068 +035.1174 0
L1 07    114 +015.9574 -000.3116 -005.3837 -097.6786 -002.6295 +100.1747 0
L1 08    114 +015.9756 -000.3586 -006.2304 -148.9766 -080.2030 +146.6324 0
L1 01    118 +016.0105 +000.0850 +001.3424 -088.3489 +001.1980 +001.7584 0
L1 02    118 +005.0150 +007.0878 +001.6789 -175.9418 +003.0511 -129.3718 0
L1 03    118 +016.0497 -000.7511 -000.8438 -094.4580 +000.0432 +091.9984 0
L1 04    118 +008.6750 +008.0106 +001.7796 -029.1447 -000.5902 +000.4252 0
L1 05    118 +014.3792 +010.1225 +001.9922 -108.8903 +000.8672 -005.8766 0
L1 06    118 +015.8235 -000.2972 -004.5420 -153.5978 +084.7076 +035.1351 0
L1 07    118 +015.9574 -000.3120 -005.3836 -097.6815 -002.6318 +100.1739 0
L1 08    118 +015.9756 -000.3587 -006.2303 -148.9820 -080.2036 +146.6364 0
L1 01    122 +016.0104 +000.0849 +001.3422 -088.3492 +001.1968 +001.7567 0
L1 02    122 +005.0149 +007.0878 +001.6789 -175.9412 +003.0511 -129.3717 0
L1 03    122 +016.0497 -000.7511 -000.8438 -094.4570 +000.0422 +091.9976 0
L1 04    122 +008.6750 +008.0106 +001.7796 -029.1446 -000.5900 +000.4250 0
L1 05    122 +014.3791 +010.1226 +001.9926 -108.8904 +000.8688 -005.8761 0
L1 06    122 +015.8235 -000.2971 -004.5420 -153.5762 +084.7061 +035.1547 0
L1 07    122 +015.9574 -000.3124 -005.3836 -097.6841 -002.6318 +100.1746 0
L1 08    122 +015.9756 -000.3589 -006.2302 -148.9818 -080.2029 +146.6366 0
L1 01    126 +016.0105 +000.0850 +001.3422 -088.3485 +001.1958 +001.7563 0
L1 02    126 +005.0149 +007.0878 +001.6789 -175.9413 +003.0510 -129.3717 0
L1 03    126 +016.0497 -000.7512 -000.8438 -094.4572 +000.0411 +091.9977 0
L1 04    126 +008.6750 +008.0106 +001.7796 -029.1442 -000.5900 +000.4252 0
L1 05    126 +014.3791 +010.1228 +001.9919 -108.8905 +000.8668 -005.8783 0
L1 06    126 +015.8233 -000.2974 -004.5422 -153.5626 +084.7034 +035.1694 0
L1 07    126 +015.9574 -000.3121 -005.3837 -097.6805 -002.6329 +100.1741 0
L1 08    126 +015.9756 -000.3590 -006.2302 -148.9791 -080.2030 +146.6344 0
L1 01    130 +016.0105 +000.0851 +001.3420 -088.3471 +001.1953 +001.7549 0
L1 02    130 +005.0149 +007.0879 +001.6789 -175.9402 +003.0514 -129.3716 0
L1 03    130 +016.0498 -000.7511 -000.8436 -094.4564 +000.0410 +091.9983 0
L1 04    130 +008.6749 +008.0107 +001.7796 -029.1434 -000.5905 +000.4253 0
L1 05    130 +014.3787 +010.1234 +001.9920 -108.8861 +000.8664 -005.8766 0
L1 06    130 +015.8234 -000.2971 -004.5421 -153.5708 +084.7049 +035.1580 0
L1 07    130 +015.9573 -000.3122 -005.3836 -097.6796 -002.6325 +100.1746 0
L1 08    130 +015.9756 -000.3590 -006.2301 -148.9764 -080.2022 +146.6329 0
L1 01    134 +016.0105 +000.0850 +001.3419 -088.3481 +001.1951 +001.7542 0
L1 02    134 +005.0149 +007.0878 +001.6789 -175.9406 +003.0513 -129.3716 0
L1 03    134 +016.0497 -000.7511 -000.8438 -094.4567 +000.0405 +091.9971 0
L1 04    134 +008.6749 +008.0107 +001.7796 -029.1439 -000.5904 +000.4251 0
L1 05    134 +014.3787 +010.1233 +001.9922 -108.8869 +000.8686 -005.8775 0
L1 06    134 +015.8234 -000.2973 -004.5421 -153.5556 +084.7041 +035.1744 0
L1 07    134 +015.9572 -000.3122 -005.3837 -097.6803 -002.6331 +100.1740 0
L1 08    134 +015.9756 -000.3589 -006.2300 -148.9764 -080.2017 +146.6331 0
L1 01    138 +016.0105 +000.0850 +001.3421 -088.3485 +001.1950 +001.7558 0
L1 02    138 +005.0149 +007.0878 +001.6789 -175.9411 +003.0512 -129.3716 0
L1 03    138 +016.0497 -000.7511 -000.8437 -094.4565 +000.0404 +091.9979 0
L1 04    138 +008.6749 +008.0106 +001.7796 -029.1440 -000.5903 +000.4252 0
L1 05    138 +014.3789 +010.1232 +001.9917 -108.8883 +000.8675 -005.8798 0
L1 06    138 +015.8234 -000.2974 -004.5420 -153.5602 +084.7044 +035.1709 0
L1 07    138 +015.9573 -000.3122 -005.3836 -097.6817 -002.6327 +100.1751 0
L1 08    138 +015.9756 -000.3590 -006.2300 -148.9725 -080.2012 +146.6285 0
L1 01    142 +016.0105 +000.0849 +001.3422 -088.3505 +001.1948 +001.7556 0
L1 02    142 +005.0150 +007.0878 +001.6789 -175.9415 +003.0512 -129.3717 0
L1 03    142 +016.0497 -000.7516 -000.8438 -094.4614 +000.0393 +091.9968 0
L1 04    142 +008.6751 +008.0105 +001.7796 -029.1458 -000.5897 +000.4250 0
L1 05    142 +014.3793 +010.1223 +001.9921 -108.8941 +000.8688 -005.8783 0
L1 06    142 +015.8234 -000.2974 -004.5420 -153.5513 +084.7038 +035.1813 0
L1 07    142 +015.9572 -000.3121 -005.3835 -097.6821 -002.6347 +100.1751 0
L1 08    142 +015.9755 -000.3597 -006.2302 -148.9832 -080.2036 +146.6361 0
L1 01    146 +016.0105 +000.0851 +001.3420 -088.3488 +001.1931 +001.7545 0
L1 02    146 +005.0150 +007.0878 +001.6789 -175.9414 +003.0513 -129.3717 0
L1 03    146 +016.0496 -000.7516 -000.8438 -094.4597 +000.0371 +091.9962 0
L1 04    146 +008.6749 +008.0107 +001.7795 -029.1439 -000.5899 +000.4248 0
L1 05    146 +014.3789 +010.1229 +001.9921 -108.8901 +000.8689 -005.8775 0
L1 06    146 +015.8234 -000.2974 -004.5419 -153.5299 +084.7024 +035.2013 0
L1 07    146 +015.9572 -000.3125 -005.3835 -097.6829 -002.6351 +100.1750 0
L1 08    146 +015.9754 -000.3595 -006.2302 -148.9803 -080.2040 +146.6355 0
L1 01    150 +016.0105 +000.0850 +001.3419 -088.3503 +001.1914 +001.7535 0
L1 02    150 +005.0150 +007.0878 +001.6789 -175.9417 +003.0511 -129.3717 0
L1 03    150 +016.0496 -000.7514 -000.8438 -094.4591 +000.0358 +091.9956 0
L1 04    150 +008.6750 +008.0106 +001.7796 -029.1450 -000.5898 +000.4250 0
L1 05    150 +014.3790 +010.1229 +001.9922 -108.8898 +000.8691 -005.8783 0
L1 06    150 +015.8233 -000.2975 -004.5417 -153.5029 +084.7021 +035.2289 0
L1 07    150 +015.9569 -000.3129 -005.3839 -097.6844 -002.6379 +100.1730 0
L1 08    150 +015.9754 -000.3600 -006.2300 -148.9893 -080.2043 +146.6425 0
L1 01    154 +016.0105 +000.0850 +001.3421 -088.3499 +001.1910 +001.7550 0
L1 02    154 +005.0150 +007.0878 +001.6789 -175.9414 +003.0513 -129.3719 0
L1 03    154 +016.0496 -000.7513 -000.8437 -094.4590 +000.0366 +091.9970 0
L1 04    154 +008.6750 +008.0106 +001.7796 -029.1444 -000.5901 +000.4250 0
L1 05    154 +014.3787 +010.1235 +001.9923 -108.8856 +000.8689 -005.8771 0
L1 06    154 +015.8233 -000.2975 -004.5420 -153.5104 +084.7005 +035.2218 0
L1 07    154 +015.9569 -000.3124 -005.3842 -097.6809 -002.6381 +100.1712 0
L1 08    154 +015.9754 -000.3598 -006.2301 -148.9822 -080.2040 +146.6358 0
L1 01    158 +016.0105 +000.0849 +001.3421 -088.3500 +001.1939 +001.7554 0
L1 02    158 +005.0149 +007.0878 +001.6789 -175.9411 +003.0512 -129.3717 0
L1 03    158 +016.0496 -000.7510 -000.8437 -094.4577 +000.0394 +091.9972 0
L1 04    158 +008.6749 +008.0106 +001.7796 -029.1438 -000.5903 +000.4248 0
L1 05    158 +014.3787 +010.1233 +001.9925 -108.8859 +000.8701 -005.8766 0
L1 06    158 +015.8234 -000.2973 -004.5420 -153.5286 +084.7016 +035.2036 0
L1 07    158 +015.9573 -000.3118 -005.3834 -097.6804 -002.6320 +100.1756 0
L1 08    158 +015.9755 -000.3592 -006.2302 -148.9519 -080.2015 +146.6069 0
L1 01    162 +016.0105 +000.0852 +001.3422 -088.3483 +001.1963 +001.7567 0
L1 02    162 +005.0149 +007.0878 +001.6789 -175.9413 +003.0514 -129.3718 0
L1 03    162 +016.0497 -000.7512 -000.8438 -094.4592 +000.0418 +091.9974 0
L1 04    162 +008.6749 +008.0107 +001.7796 -029.1439 -000.5902 +000.4247 0
L1 05    162 +014.3787 +010.1233 +001.9923 -108.8855 +000.8687 -005.8764 0
L1 06    162 +015.8234 -000.2973 -004.5419 -153.5365 +084.7034 +035.1965 0
L1 07    162 +015.9577 -000.3115 -005.3829 -097.6809 -002.6285 +100.1792 0
L1 08    162 +015.9758 -000.3588 -006.2299 -148.9474 -080.1978 +146.6029 0
L1 01    166 +016.0106 +000.0850 +001.3422 -088.3512 +001.1964 +001.7566 0
L1 02    166 +005.0150 +007.0878 +001.6789 -175.9417 +003.0514 -129.3718 0
L1 03    166 +016.0497 -000.7515 -000.8438 -094.4638 +000.0415 +091.9982 0
L1 04    166 +008.6750 +008.0105 +001.7796 -029.1454 -000.5901 +000.4253 0
L1 05    166 +014.3788 +010.1231 +001.9920 -108.8874 +000.8668 -005.8767 0
L1 06    166 +015.8235 -000.2975 -004.5418 -153.5397 +084.7045 +035.1965 0
L1 07    166 +015.9574 -000.3121 -005.3832 -097.6841 -002.6317 +100.1773 0
L1 08    166 +015.9756 -000.3593 -006.2303 -148.9520 -080.2008 +146.6045 0
L1 01    170 +016.0105 +000.0846 +001.3424 -088.3528 +001.1938 +001.7577 0
L1 02    170 +005.0150 +007.0878 +001.6788 -175.9417 +003.0511 -129.3715 0
L1 03    170 +016.0497 -000.7512 -000.8436 -094.4603 +000.0394 +091.9990 0
L1 04    170 +008.6750 +008.0106 +001.7796 -029.1450 -000.5903 +000.4251 0
L1 05    170 +014.3786 +010.1234 +001.9923 -108.8864 +000.8688 -005.8764 0
L1 06    170 +015.8234 -000.2975 -004.5419 -153.5248 +084.7029 +035.2097 0
L1 07    170 +015.9573 -000.3120 -005.3837 -097.6834 -002.6321 +100.1742 0
L1 08    170 +015.9755 -000.3591 -006.2303 -148.9445 -080.2014 +146.5984 0
L1 01    174 +016.0105 +000.0850 +001.3423 -088.3507 +001.1929 +001.7564 0
L1 02    174 +005.0150 +007.0878 +001.6789 -175.9416 +003.0513 -129.3718 0
L1 03    174 +016.0497 -000.7513 -000.8438 -094.4605 +000.0379 +091.9973 0
L1 04    174 +008.6750 +008.0106 +001.7796 -029.1447 -000.5903 +000.4250 0
L1 05    174 +014.3784 +010.1234 +001.9925 -108.8853 +000.8693 -005.8759 0
L1 06    174 +015.8233 -000.2974 -004.5421 -153.5259 +084.7014 +035.2081 0
L1 07    174 +015.9573 -000.3124 -005.3834 -097.6839 -002.6341 +100.1754 0
L1 08    174 +015.9753 -000.3594 -006.2305 -148.9509 -080.2037 +146.6051 0
L1 01    178 +016.0106 +000.0849 +001.3423 -088.3506 +001.1934 +001.7566 0
L1 02    178 +005.0149 +007.0878 +001.6789 -175.9414 +003.0512 -129.3717 0
L1 03    178 +016.0497 -000.7512 -000.8438 -094.4595 +000.0381 +091.9974 0
L1 04    178 +008.6750 +008.0106 +001.7796 -029.1444 -000.5903 +000.4253 0
L1 05    178 +014.3786 +010.1232 +001.9927 -108.8868 +000.8706 -005.8736 0
L1 06    178 +015.8232 -000.2976 -004.5423 -153.5216 +084.6992 +035.2131 0
L1 07    178 +015.9572 -000.3122 -005.3838 -097.6833 -002.6345 +100.1738 0
L1 08    178 +015.9754 -000.3594 -006.2304 -148.9469 -080.2020 +146.6016 0
L1 01    182 +016.0105 +000.0848 +001.3423 -088.3510 +001.1947 +001.7565 0
L1 02    182 +005.0149 +007.0878 +001.6789 -175.9413 +003.0513 -129.3719 0
L1 03    182 +016.0497 -000.7511 -000.8439 -094.4591 +000.0405 +091.9961 0
L1 04    182 +008.6750 +008.0106 +001.7796 -029.1442 -000.5901 +000.4253 0
L1 05    182 +014.3785 +010.1236 +001.9924 -108.8847 +000.8698 -005.8763 0
L1 06    182 +015.8233 -000.2976 -004.5423 -153.5322 +084.6992 +035.2020 0
L1 07    182 +015.9573 -000.3122 -005.3834 -097.6838 -002.6324 +100.1751 0
L1 08    182 +015.9755 -000.3590 -006.2304 -148.9285 -080.1993 +146.5839 0
L1 01    186 +016.0105 +000.0849 +001.3422 -088.3508 +001.1985 +001.7570 0
L1 02    186 +005.0149 +007.0878 +001.6789 -175.9413 +003.0513 -129.3719 0
L1 03    186 +016.0498 -000.7509 -000.8439 -094.4591 +000.0466 +091.9979 0
L1 04    186 +008.6749 +008.0107 +001.7796 -029.1438 -000.5902 +000.4254 0
L1 05    186 +014.3785 +010.1236 +001.9924 -108.8850 +000.8695 -005.8766 0
L1 06    186 +015.8236 -000.2969 -004.5419 -153.5657 +084.7051 +035.1686 0
L1 07    186 +015.9576 -000.3110 -005.3834 -097.6809 -002.6247 +100.1762 0
L1 08    186 +015.9759 -000.3578 -006.2301 -148.8963 -080.1928 +146.5526 0
L1 01    190 +016.0106 +000.0849 +001.3424 -088.3538 +001.2038 +001.7609 0
L1 02    190 +005.0150 +007.0878 +001.6789 -175.9418 +003.0514 -129.3722 0
L1 03    190 +016.0498 -000.7511 -000.8439 -094.4653 +000.0498 +091.9996 0
L1 04    190 +008.6751 +008.0105 +001.7796 -029.1455 -000.5899 +000.4250 0
L1 05    190 +014.3789 +010.1230 +001.9923 -108.8895 +000.8698 -005.8770 0
L1 06    190 +015.8238 -000.2971 -004.5419 -153.5695 +084.7078 +035.1699 0
L1 07    190 +015.9579 -000.3112 -005.3833 -097.6863 -002.6229 +100.1776 0
L1 08    190 +015.9761 -000.3582 -006.2302 -148.9069 -080.1926 +146.5580 0
L1 01    194 +016.0106 +000.0850 +001.3423 -088.3515 +001.2030 +001.7588 0
L1 02    194 +005.0149 +007.0878 +001.6789 -175.9414 +003.0516 -129.3720 0
L1 03    194 +016.0499 -000.7509 -000.8437 -094.4598 +000.0491 +092.0002 0
L1 04    194 +008.6750 +008.0106 +001.7796 -029.1442 -000.5905 +000.4248 0
L1 05    194 +014.3786 +010.1234 +001.9922 -108.8860 +000.8693 -005.8766 0
L1 06    194 +015.8237 -000.2959 -004.5419 -153.5889 +084.7089 +035.1436 0
L1 07    194 +015.9578 -000.3112 -005.3832 -097.6850 -002.6223 +100.1799 0
L1 08    194 +015.9761 -000.3579 -006.2302 -148.8930 -080.1909 +146.5483 0
L1 01    198 +016.0106 +000.0850 +001.3424 -088.3500 +001.2009 +001.7593 0
L1 02    198 +005.0149 +007.0878 +001.6789 -175.9411 +003.0515 -129.3718 0
L1 03    198 +016.0499 -000.7509 -000.8437 -094.4593 +000.0464 +091.9998 0
L1 04    198 +008.6749 +008.0106 +001.7796 -029.1441 -000.5903 +000.4248 0
L1 05    198 +014.3787 +010.1233 +001.9922 -108.8887 +000.8692 -005.8766 0
L1 06    198 +015.8236 -000.2971 -004.5421 -153.5582 +084.7057 +035.1762 0
L1 07    198 +015.9577 -000.3112 -005.3834 -097.6824 -002.6250 +100.1777 0
L1 08    198 +015.9759 -000.3584 -006.2303 -148.8971 -080.1938 +146.5520 0
L1 01    202 +016.0106 +000.0852 +001.3424 -088.3475 +001.1995 +001.7597 0
L1 02    202 +005.0149 +007.0878 +001.6789 -175.9406 +003.0517 -129.3715 0
L1 03    202 +016.0498 -000.7508 -000.8437 -094.4577 +000.0449 +092.0000 0
L1 04    202 +008.6749 +008.0107 +001.7796 -029.1438 -000.5907 +000.4248 0
L1 05    202 +014.3786 +010.1233 +001.9926 -108.8877 +000.8699 -005.8747 0
L1 06    202 +015.8238 -000.2964 -004.5421 -153.5372 +084.7042 +035.1962 0
L1 07    202 +015.9576 -000.3116 -005.3838 -097.6830 -002.6294 +100.1744 0
L1 08    202 +015.9759 -000.3588 -006.2302 -148.9126 -080.1956 +146.5661 0
L1 01    206 +016.0105 +000.0849 +001.3423 -088.3502 +001.1993 +001.7582 0
L1 02    206 +005.0149 +007.0878 +001.6789 -175.9411 +003.0515 -129.3713 0
L1 03    206 +016.0498 -000.7508 -000.8437 -094.4590 +000.0447 +091.9993 0
L1 04    206 +008.6750 +008.0106 +001.7796 -029.1443 -000.5908 +000.4247 0
L1 05    206 +014.3785 +010.1234 +001.9926 -108.8867 +000.8699 -005.8747 0
L1 06    206 +015.8237 -000.2968 -004.5421 -153.5499 +084.7036 +035.1842 0
L1 07    206 +015.9576 -000.3116 -005.3834 -097.6855 -002.6273 +100.1773 0
L1 08    206 +015.9759 -000.3586 -006.2300 -148.9100 -080.1936 +146.5642 0
L1 01    210 +016.0106 +000.0850 +001.3424 -088.3498 +001.2012 +001.7600 0
L1 02    210 +005.0149 +007.0878 +001.6788 -175.9413 +003.0515 -129.3710 0
L1 03    210 +016.0498 -000.7509 -000.8437 -094.4601 +000.0463 +092.0000 0
L1 04    210 +008.6750 +008.0106 +001.7796 -029.1444 -000.5907 +000.4246 0
L1 05    210 +014.3788 +010.1231 +001.9925 -108.8881 +000.8687 -005.8739 0
L1 06    210 +015.8238 -000.2966 -004.5419 -153.5446 +084.7062 +035.1887 0
L1 07    210 +015.9576 -000.3115 -005.3836 -097.6851 -002.6261 +100.1759 0
L1 08    210 +015.9759 -000.3583 -006.2302 -148.9005 -080.1942 +146.5556 0
L1 01    214 +016.0106 +000.0851 +001.3424 -088.3494 +001.2022 +001.7599 0
L1 02    214 +005.0150 +007.0878 +001.6789 -175.9414 +003.0515 -129.3713 0
L1 03    214 +016.0498 -000.7509 -000.8438 -094.4601 +000.0475 +091.9996 0
L1 04    214 +008.6750 +008.0106 +001.7796 -029.1446 -000.5906 +000.4246 0
L1 05    214 +014.3787 +010.1232 +001.9925 -108.8866 +000.8682 -005.8759 0
L1 06    214 +015.8238 -000.2968 -004.5418 -153.5430 +084.7071 +035.1922 0
L1 07    214 +015.9578 -000.3112 -005.3836 -097.6838 -002.6250 +100.1757 0
L1 08    214 +015.9760 -000.3580 -006.2303 -148.8899 -080.1927 +146.5453 0
L1 01    218 +016.0106 +000.0855 +001.3426 -088.3457 +001.2029 +001.7619 0
L1 02    218 +005.0149 +007.0878 +001.6789 -175.9412 +003.0515 -129.3712 0
L1 03    218 +016.0498 -000.7507 -000.8437 -094.4576 +000.0489 +092.0009 0
L1 04    218 +008.6749 +008.0107 +001.7796 -029.1432 -000.5908 +000.4244 0
L1 05    218 +014.3785 +010.1235 +001.9923 -108.8839 +000.8672 -005.8764 0
L1 06    218 +015.8237 -000.2966 -004.5420 -153.5619 +084.7064 +035.1713 0
L1 07    218 +015.9578 -000.3111 -005.3833 -097.6820 -002.6241 +100.1776 0
L1 08    218 +015.9760 -000.3579 -006.2301 -148.8736 -080.1905 +146.5316 0
L1 01    222 +016.0106 +000.0853 +001.3425 -088.3479 +001.2038 +001.7608 0
L1 02    222 +005.0149 +007.0878 +001.6789 -175.9411 +003.0517 -129.3713 0
L1 03    222 +016.0498 -000.7507 -000.8438 -094.4585 +000.0499 +091.9999 0
L1 04    222 +008.6749 +008.0107 +001.7796 -029.1439 -000.5905 +000.4244 0
L1 05    222 +014.3784 +010.1237 +001.9918 -108.8829 +000.8654 -005.8782 0
L1 06    222 +015.8238 -000.2967 -004.5419 -153.5737 +084.7072 +035.1605 0
L1 07    222 +015.9577 -000.3112 -005.3836 -097.6829 -002.6235 +100.1759 0
L1 08    222 +015.9760 -000.3579 -006.2302 -148.8620 -080.1910 +146.5191 0
L1 01    226 +016.0106 +000.0852 +001.3423 -088.3483 +001.2049 +001.7600 0
L1 02    226 +005.0149 +007.0878 +001.6789 -175.9409 +003.0514 -129.3711 0
L1 03    226 +016.0499 -000.7503 -000.8437 -094.4567 +000.0516 +091.9997 0
L1 04    226 +008.6749 +008.0107 +001.7796 -029.1438 -000.5901 +000.4246 0
L1 05    226 +014.3786 +010.1234 +001.9920 -108.8857 +000.8672 -005.8788 0
L1 06    226 +015.8238 -000.2960 -004.5419 -153.5867 +084.7087 +035.1442 0
L1 07    226 +015.9578 -000.3110 -005.3834 -097.6835 -002.6216 +100.1781 0
L1 08    226 +015.9761 -000.3575 -006.2301 -148.8453 -080.1876 +146.5028 0
L1 01    230 +016.0106 +000.0851 +001.3423 -088.3492 +001.2051 +001.7599 0
L1 02    230 +005.0149 +007.0878 +001.6788 -175.9409 +003.0511 -129.3710 0
L1 03    230 +016.0498 -000.7506 -000.8437 -094.4588 +000.0510 +092.0003 0
L1 04    230 +008.6750 +008.0106 +001.7796 -029.1445 -000.5899 +000.4247 0
L1 05    230 +014.3789 +010.1230 +001.9918 -108.8885 +000.8663 -005.8799 0
L1 06    230 +015.8237 -000.2965 -004.5420 -153.5786 +084.7069 +035.1555 0
L1 07    230 +015.9579 -000.3105 -005.3832 -097.6803 -002.6228 +100.1788 0
L1 08    230 +015.9760 -000.3576 -006.2302 -148.8484 -080.1895 +146.5056 0
L1 01    234 +016.0105 +000.0849 +001.3423 -088.3501 +001.2035 +001.7595 0
L1 02    234 +005.0150 +007.0878 +001.6788 -175.9415 +003.0508 -129.3715 0
L1 03    234 +016.0499 -000.7508 -000.8436 -094.4599 +000.0490 +092.0012 0
L1 04    234 +008.6750 +008.0105 +001.7796 -029.1450 -000.5903 +000.4252 0
L1 05    234 +014.3789 +010.1230 +001.9923 -108.8888 +000.8698 -005.8787 0
L1 06    234 +015.8237 -000.2963 -004.5421 -153.5611 +084.7054 +035.1701 0
L1 07    234 +015.9577 -000.3111 -005.3838 -097.6832 -002.6241 +100.1763 0
L1 08    234 +015.9760 -000.3578 -006.2302 -148.8573 -080.1893 +146.5150 0
L1 01    238 +016.0105 +000.0851 +001.3422 -088.3491 +001.2030 +001.7584 0
L1 02    238 +005.0149 +007.0878 +001.6789 -175.9409 +003.0514 -129.3721 0
L1 03    238 +016.0499 -000.7507 -000.8439 -094.4590 +000.0482 +091.9990 0
L1 04    238 +008.6750 +008.0106 +001.7796 -029.1444 -000.5904 +000.4251 0
L1 05    238 +014.3785 +010.1233 +001.9930 -108.8863 +000.8722 -005.8751 0
L1 06    238 +015.8237 -000.2964 -004.5423 -153.5629 +084.7044 +035.1688 0
L1 07    238 +015.9577 -000.3110 -005.3838 -097.6816 -002.6259 +100.1765 0
L1 08    238 +015.9760 -000.3580 -006.2303 -148.8624 -080.1899 +146.5199 0
L1 01    242 +016.0105 +000.0852 +001.3423 -088.3477 +001.2036 +001.7594 0
L1 02    242 +005.0149 +007.0879 +001.6789 -175.9404 +003.0512 -129.3718 0
L1 03    242 +016.0499 -000.7505 -000.8439 -094.4576 +000.0496 +091.9996 0
L1 04    242 +008.6749 +008.0107 +001.7796 -029.1439 -000.5905 +000.4252 0
L1 05    242 +014.3787 +010.1235 +001.9927 -108.8851 +000.8714 -005.8758 0
L1 06    242 +015.8238 -000.2962 -004.5418 -153.5556 +084.7088 +035.1748 0
L1 07    242 +015.9578 -000.3110 -005.3836 -097.6814 -002.6245 +100.1773 0
L1 08    242 +015.9760 -000.3576 -006.2303 -148.8478 -080.1880 +146.5071 0
L1 01    246 +016.0105 +000.0851 +001.3422 -088.3487 +001.2052 +001.7587 0
L1 02    246 +005.0149 +007.0878 +001.6789 -175.9407 +003.0512 -129.3719 0
L1 03    246 +016.0499 -000.7504 -000.8439 -094.4575 +000.0516 +091.9997 0
L1 04    246 +008.6750 +008.0106 +001.7796 -029.1445 -000.5899 +000.4251 0
L1 05    246 +014.3788 +010.1232 +001.9923 -108.8864 +000.8694 -005.8785 0
L1 06    246 +015.8238 -000.2958 -004.5419 -153.5954 +084.7092 +035.1352 0
L1 07    246 +015.9578 -000.3111 -005.3838 -097.6847 -002.6223 +100.1763 0
L1 08    246 +015.9760 -000.3572 -006.2303 -148.8338 -080.1867 +146.4928 0
L1 01    250 +016.0106 +000.0853 +001.3423 -088.3469 +001.2050 +001.7591 0
L1 02    250 +005.0149 +007.0878 +001.6789 -175.9407 +003.0511 -129.3719 0
L1 03    250 +016.0499 -000.7506 -000.8439 -094.4587 +000.0514 +091.9997 0
L1 04    250 +008.6750 +008.0106 +001.7796 -029.1441 -000.5891 +000.4247 0
L1 05    250 +014.3785 +010.1236 +001.9924 -108.8841 +000.8693 -005.8770 0
L1 06    250 +015.8237 -000.2963 -004.5421 -153.5826 +084.7077 +035.1498 0
L1 07    250 +015.9577 -000.3107 -005.3840 -097.6812 -002.6212 +100.1741 0
L1 08    250 +015.9760 -000.3574 -006.2304 -148.8307 -080.1875 +146.4898 0
L1 01    254 +016.0105 +000.0852 +001.3422 -088.3483 +001.2030 +001.7584 0
L1 02    254 +005.0149 +007.0878 +001.6789 -175.9410 +003.0510 -129.3719 0
L1 03    254 +016.0498 -000.7507 -000.8439 -094.4591 +000.0496 +091.9991 0
L1 04    254 +008.6750 +008.0106 +001.7796 -029.1446 -000.5891 +000.4249 0
L1 05    254 +014.3785 +010.1235 +001.9924 -108.8845 +000.8690 -005.8752 0
L1 06    254 +015.8237 -000.2962 -004.5421 -153.5614 +084.7048 +035.1697 0
L1 07    254 +015.9577 -000.3107 -005.3834 -097.6820 -002.6224 +100.1781 0
L1 08    254 +015.9759 -000.3577 -006.2304 -148.8391 -080.1890 +146.4972 0
L1 01    258 +016.0105 +000.0852 +001.3422 -088.3483 +001.2025 +001.7590 0
L1 02    258 +005.0149 +007.0878 +001.6789 -175.9413 +003.0509 -129.3719 0
L1 03    258 +016.0498 -000.7509 -000.8439 -094.4602 +000.0488 +091.9995 0
L1 04    258 +008.6750 +008.0106 +001.7796 -029.1444 -000.5898 +000.4248 0
L1 05    258 +014.3786 +010.1231 +001.9924 -108.8870 +000.8688 -005.8757 0
L1 06    258 +015.8237 -000.2964 -004.5421 -153.5360 +084.7048 +035.1961 0
L1 07    258 +015.9577 -000.3110 -005.3836 -097.6827 -002.6251 +100.1771 0
L1 08    258 +015.9759 -000.3581 -006.2302 -148.8461 -080.1893 +146.5038 0
L1 01    262 +016.0106 +000.0849 +001.3424 -088.3507 +001.2031 +001.7610 0
L1 02    262 +005.0150 +007.0878 +001.6789 -175.9416 +003.0507 -129.3719 0
L1 03    262 +016.0498 -000.7509 -000.8439 -094.4612 +000.0490 +092.0000 0
L1 04    262 +008.6750 +008.0106 +001.7796 -029.1450 -000.5901 +000.4247 0
L1 05    262 +014.3789 +010.1227 +001.9921 -108.8904 +000.8684 -005.8783 0
L1 06    262 +015.8239 -000.2965 -004.5419 -153.5173 +084.7070 +035.2176 0
L1 07    262 +015.9577 -000.3110 -005.3837 -097.6834 -002.6244 +100.1765 0
L1 08    262 +015.9760 -000.3582 -006.2304 -148.8463 -080.1893 +146.5022 0
L1 01    266 +016.0105 +000.0851 +001.3420 -088.3488 +001.2041 +001.7582 0
L1 02    266 +005.0149 +007.0878 +001.6789 -175.9413 +003.0506 -129.3719 0
L1 03    266 +016.0499 -000.7506 -000.8439 -094.4593 +000.0502 +091.9996 0
L1 04    266 +008.6750 +008.0106 +001.7795 -029.1444 -000.5897 +000.4244 0
L1 05    266 +014.3790 +010.1228 +001.9919 -108.8889 +000.8674 -005.8781 0
L1 06    266 +015.8238 -000.2955 -004.5421 -153.5511 +084.7074 +035.1785 0
L1 07    266 +015.9577 -000.3107 -005.3840 -097.6820 -002.6226 +100.1750 0
L1 08    266 +015.9761 -000.3575 -006.2302 -148.8249 -080.1857 +146.4846 0
L1 01    270 +016.0105 +000.0852 +001.3423 -088.3473 +001.2038 +001.7607 0
L1 02    270 +005.0149 +007.0878 +001.6789 -175.9413 +003.0506 -129.3719 0
L1 03    270 +016.0499 -000.7503 -000.8439 -094.4563 +000.0507 +092.0000 0
L1 04    270 +008.6749 +008.0107 +001.7796 -029.1436 -000.5896 +000.4247 0
L1 05    270 +014.3789 +010.1230 +001.9919 -108.8869 +000.8671 -005.8778 0
L1 06    270 +015.8239 -000.2962 -004.5420 -153.5501 +084.7067 +035.1812 0
L1 07    270 +015.9578 -000.3106 -005.3836 -097.6815 -002.6198 +100.1771 0
L1 08    270 +015.9760 -000.3575 -006.2303 -148.8187 -080.1869 +146.4787 0
L1 01    274 +016.0106 +000.0853 +001.3423 -088.3468 +001.2036 +001.7609 0
L1 02    274 +005.0149 +007.0878 +001.6789 -175.9412 +003.0507 -129.3719 0
L1 03    274 +016.0499 -000.7504 -000.8438 -094.4567 +000.0496 +092.0011 0
L1 04    274 +008.6749 +008.0107 +001.7795 -029.1436 -000.5900 +000.4241 0
L1 05    274 +014.3789 +010.1232 +001.9921 -108.8863 +000.8682 -005.8766 0
L1 06    274 +015.8238 -000.2963 -004.5422 -153.5368 +084.7055 +035.1943 0
L1 07    274 +015.9578 -000.3111 -005.3835 -097.6840 -002.6208 +100.1775 0
L1 08    274 +015.9761 -000.3575 -006.2304 -148.8241 -080.1870 +146.4848 0
L1 01    278 +016.0106 +000.0853 +001.3425 -088.3471 +001.2034 +001.7618 0
L1 02    278 +005.0149 +007.0878 +001.6789 -175.9413 +003.0510 -129.3718 0
L1 03    278 +016.0498 -000.7508 -000.8438 -094.4597 +000.0488 +092.0011 0
L1 04    278 +008.6750 +008.0106 +001.7796 -029.1441 -000.5904 +000.4244 0
L1 05    278 +014.3786 +010.1234 +001.9922 -108.8851 +000.8672 -005.8765 0
L1 06    278 +015.8238 -000.2966 -004.5421 -153.5189 +084.7049 +035.2150 0
L1 07    278 +015.9578 -000.3117 -005.3836 -097.6868 -002.6231 +100.1770 0
L1 08    278 +015.9761 -000.3580 -006.2304 -148.8319 -080.1872 +146.4901 0
L1 01    282 +016.0106 +000.0852 +001.3424 -088.3481 +001.2023 +001.7612 0
L1 02    282 +005.0149 +007.0878 +001.6789 -175.9412 +003.0509 -129.3714 0
L1 03    282 +016.0498 -000.7507 -000.8437 -094.4593 +000.0483 +092.0018 0
L1 04    282 +008.6750 +008.0106 +001.7795 -029.1442 -000.5902 +000.4241 0
L1 05    282 +014.3786 +010.1233 +001.9923 -108.8859 +000.8682 -005.8763 0
L1 06    282 +015.8238 -000.2965 -004.5420 -153.5142 +084.7052 +035.2186 0
L1 07    282 +015.9578 -000.3117 -005.3831 -097.6869 -002.6238 +100.1794 0
L1 08    282 +015.9760 -000.3582 -006.2304 -148.8324 -080.1878 +146.4897 0
L1 01    286 +016.0106 +000.0851 +001.3424 -088.3491 +001.2020 +001.7607 0
L1 02    286 +005.0149 +007.0878 +001.6789 -175.9412 +003.0506 -129.3714 0
L1 03    286 +016.0498 -000.7509 -000.8437 -094.4604 +000.0481 +092.0010 0
L1 04    286 +008.6750 +008.0106 +001.7795 -029.1443 -000.5897 +000.4240 0
L1 05    286 +014.3789 +010.1229 +001.9918 -108.8888 +000.8665 -005.8780 0
L1 06    286 +015.8237 -000.2965 -004.5422 -153.5137 +084.7028 +035.2185 0
L1 07    286 +015.9578 -000.3113 -005.3835 -097.6843 -002.6246 +100.1776 0
L1 08    286 +015.9760 -000.3583 -006.2303 -148.8338 -080.1879 +146.4906 0
L1 01    290 +016.0106 +000.0852 +001.3425 -088.3474 +001.2019 +001.7612 0
L1 02    290 +005.0149 +007.0878 +001.6789 -175.9411 +003.0506 -129.3716 0
L1 03    290 +016.0498 -000.7508 -000.8437 -094.4586 +000.0483 +092.0011 0
L1 04    290 +008.6749 +008.0107 +001.7796 -029.1436 -000.5891 +000.4241 0
L1 05    290 +014.3788 +010.1233 +001.9921 -108.8865 +000.8666 -005.8766 0
L1 06    290 +015.8238 -000.2965 -004.5420 -153.5164 +084.7045 +035.2150 0
L1 07    290 +015.9577 -000.3112 -005.3836 -097.6834 -002.6234 +100.1768 0
L1 08    290 +015.9760 -000.3579 -006.2302 -148.8138 -080.1860 +146.4738 0
L1 01    294 +016.0106 +000.0852 +001.3424 -088.3476 +001.2039 +001.7618 0
L1 02    294 +005.0149 +007.0878 +001.6789 -175.9410 +003.0506 -129.3717 0
L1 03    294 +016.0499 -000.7508 -000.8437 -094.4593 +000.0509 +092.0017 0
L1 04    294 +008.6749 +008.0106 +001.7796 -029.1441 -000.5889 +000.4243 0
L1 05    294 +014.3790 +010.1229 +001.9924 -108.8889 +000.8695 -005.8761 0
L1 06    294 +015.8239 -000.2962 -004.5420 -153.5271 +084.7057 +035.2039 0
L1 07    294 +015.9579 -000.3107 -005.3837 -097.6822 -002.6212 +100.1773 0
L1 08    294 +015.9763 -000.3574 -006.2302 -148.7985 -080.1832 +146.4600 0
L1 01    298 +016.0106 +000.0850 +001.3423 -088.3498 +001.2055 +001.7614 0
L1 02    298 +005.0149 +007.0878 +001.6789 -175.9413 +003.0504 -129.3719 0
L1 03    298 +016.0500 -000.7505 -000.8438 -094.4598 +000.0529 +092.0031 0
L1 04    298 +008.6750 +008.0106 +001.7796 -029.1446 -000.5893 +000.4248 0
L1 05    298 +014.3790 +010.1228 +001.9926 -108.8888 +000.8701 -005.8748 0
L1 06    298 +015.8241 -000.2961 -004.5420 -153.5423 +084.7081 +035.1897 0
L1 07    298 +015.9581 -000.3105 -005.3836 -097.6833 -002.6192 +100.1785 0
L1 08    298 +015.9766 -000.3572 -006.2302 -148.7954 -080.1810 +146.4556 0
L1 01    302 +016.0106 +000.0851 +001.3423 -088.3488 +001.2063 +001.7631 0
L1 02    302 +005.0149 +007.0878 +001.6789 -175.9412 +003.0508 -129.3721 0
L1 03    302 +016.0501 -000.7508 -000.8437 -094.4607 +000.0530 +092.0038 0
L1 04    302 +008.6749 +008.0106 +001.7796 -029.1444 -000.5898 +000.4247 0
L1 05    302 +014.3790 +010.1229 +001.9923 -108.8886 +000.8688 -005.8748 0
L1 06    302 +015.8243 -000.2960 -004.5418 -153.5282 +084.7095 +035.2031 0
L1 07    302 +015.9583 -000.3105 -005.3834 -097.6827 -002.6196 +100.1810 0
L1 08    302 +015.9766 -000.3574 -006.2303 -148.7946 -080.1814 +146.4555 0
L1 01    306 +016.0107 +000.0853 +001.3424 -088.3471 +001.2050 +001.7634 0
L1 02    306 +005.0149 +007.0878 +001.6789 -175.9411 +003.0508 -129.3720 0
L1 03    306 +016.0500 -000.7508 -000.8436 -094.4597 +000.0514 +092.0042 0
L1 04    306 +008.6750 +008.0106 +001.7796 -029.1444 -000.5901 +000.4246 0
L1 05    306 +014.3789 +010.1230 +001.9926 -108.8888 +000.8699 -005.8736 0
L1 06    306 +015.8242 -000.2960 -004.5420 -153.5202 +084.7081 +035.2111 0
L1 07    306 +015.9581 -000.3120 -005.3836 -097.6891 -002.6245 +100.1802 0
L1 08    306 +015.9766 -000.3578 -006.2302 -148.8081 -080.1822 +146.4682 0
L1 01    310 +016.0106 +000.0852 +001.3425 -088.3459 +001.2019 +001.7635 0
L1 02    310 +005.0149 +007.0878 +001.6789 -175.9408 +003.0506 -129.3718 0
L1 03    310 +016.0499 -000.7502 -000.8436 -094.4531 +000.0488 +092.0038 0
L1 04    310 +008.6749 +008.0108 +001.7796 -029.1430 -000.5899 +000.4246 0
L1 05    310 +014.3788 +010.1233 +001.9925 -108.8859 +000.8698 -005.8742 0
L1 06    310 +015.8241 -000.2959 -004.5419 -153.5076 +084.7075 +035.2213 0
L1 07    310 +015.9579 -000.3111 -005.3837 -097.6808 -002.6239 +100.1780 0
L1 08    310 +015.9763 -000.3576 -006.2303 -148.7933 -080.1826 +146.4558 0
L1 01    314 +016.0106 +000.0850 +001.3425 -088.3491 +001.2022 +001.7634 0
L1 02    314 +005.0149 +007.0878 +001.6789 -175.9412 +003.0504 -129.3720 0
L1 03    314 +016.0499 -000.7507 -000.8435 -094.4588 +000.0481 +092.0039 0
L1 04    314 +008.6749 +008.0106 +001.7796 -029.1442 -000.5894 +000.4250 0
L1 05    314 +014.3789 +010.1229 +001.9923 -108.8884 +000.8691 -005.8749 0
L1 06    314 +015.8240 -000.2962 -004.5419 -153.5025 +084.7052 +035.2287 0
L1 07    314 +015.9579 -000.3111 -005.3837 -097.6825 -002.6249 +100.1780 0
L1 08    314 +015.9762 -000.3579 -006.2303 -148.8082 -080.1837 +146.4678 0
L1 01    318 +016.0106 +000.0851 +001.3424 -088.3492 +001.2036 +001.7622 0
L1 02    318 +005.0149 +007.0878 +001.6789 -175.9413 +003.0503 -129.3719 0
L1 03    318 +016.0499 -000.7508 -000.8436 -094.4606 +000.0505 +092.0028 0
L1 04    318 +008.6750 +008.0106 +001.7796 -029.1450 -000.5891 +000.4246 0
L1 05    318 +014.3790 +010.1226 +001.9923 -108.8911 +000.8697 -005.8757 0
L1 06    318 +015.8239 -000.2965 -004.5422 -153.5183 +084.7043 +035.2168 0
L1 07    318 +015.9580 -000.3112 -005.3834 -097.6849 -002.6235 +100.1796 0
L1 08    318 +015.9763 -000.3579 -006.2302 -148.8073 -080.1828 +146.4655 0
L1 01    322 +016.0106 +000.0851 +001.3425 -088.3487 +001.2043 +001.7630 0
L1 02    322 +005.0149 +007.0878 +001.6789 -175.9408 +003.0502 -129.3717 0
L1 03    322 +016.0500 -000.7507 -000.8435 -094.4591 +000.0516 +092.0039 0
L1 04    322 +008.6750 +008.0106 +001.7796 -029.1444 -000.5892 +000.4247 0
L1 05    322 +014.3789 +010.1228 +001.9924 -108.8900 +000.8696 -005.8752 0
L1 06    322 +015.8241 -000.2963 -004.5419 -153.5099 +084.7059 +035.2237 0
L1 07    322 +015.9581 -000.3108 -005.3833 -097.6832 -002.6216 +100.1806 0
L1 08    322 +015.9763 -000.3577 -006.2302 -148.7984 -080.1812 +146.4577 0
L1 01    326 +016.0106 +000.0852 +001.3425 -088.3484 +001.2051 +001.7634 0
L1 02    326 +005.0149 +007.0878 +001.6789 -175.9410 +003.0504 -129.3718 0
L1 03    326 +016.0499 -000.7508 -000.8437 -094.4595 +000.0517 +092.0027 0
L1 04    326 +008.6750 +008.0106 +001.7795 -029.1444 -000.5893 +000.4243 0
L1 05    326 +014.3789 +010.1229 +001.9921 -108.8900 +000.8685 -005.8770 0
L1 06    326 +015.8241 -000.2961 -004.5421 -153.5142 +084.7063 +035.2177 0
L1 07    326 +015.9581 -000.3110 -005.3834 -097.6847 -002.6203 +100.1802 0
L1 08    326 +015.9764 -000.3577 -006.2303 -148.7912 -080.1818 +146.4514 0
L1 01    330 +016.0106 +000.0851 +001.3426 -088.3491 +001.2044 +001.7640 0
L1 02    330 +005.0149 +007.0878 +001.6789 -175.9410 +003.0502 -129.3719 0
L1 03    330 +016.0500 -000.7506 -000.8438 -094.4584 +000.0520 +092.0027 0
L1 04    330 +008.6750 +008.0106 +001.7796 -029.1444 -000.5895 +000.4247 0
L1 05    330 +014.3787 +010.1233 +001.9922 -108.8870 +000.8697 -005.8752 0
L1 06    330 +015.8241 -000.2962 -004.5421 -153.5190 +084.7066 +035.2127 0
L1 07    330 +015.9581 -000.3104 -005.3836 -097.6815 -002.6192 +100.1794 0
L1 08    330 +015.9764 -000.3575 -006.2302 -148.7726 -080.1791 +146.4347 0
L1 01    334 +016.0106 +000.0851 +001.3426 -088.3495 +001.2059 +001.7650 0
L1 02    334 +005.0149 +007.0878 +001.6789 -175.9413 +003.0502 -129.3719 0
L1 03    334 +016.0500 -000.7509 -000.8437 -094.4612 +000.0525 +092.0035 0
L1 04    334 +008.6750 +008.0105 +001.7796 -029.1451 -000.5891 +000.4247 0
L1 05    334 +014.3789 +010.1229 +001.9919 -108.8890 +000.8682 -005.8760 0
L1 06    334 +015.8241 -000.2962 -004.5421 -153.5026 +084.7055 +035.2303 0
L1 07    334 +015.9581 -000.3104 -005.3837 -097.6821 -002.6205 +100.1792 0
L1 08    334 +015.9764 -000.3577 -006.2304 -148.7791 -080.1821 +146.4379 0
L1 01    338 +016.0106 +000.0851 +001.3427 -088.3482 +001.2056 +001.7648 0
L1 02    338 +005.0149 +007.0878 +001.6789 -175.9411 +003.0504 -129.3717 0
L1 03    338 +016.0500 -000.7507 -000.8436 -094.4594 +000.0523 +092.0034 0
L1 04    338 +008.6749 +008.0107 +001.7795 -029.1438 -000.5889 +000.4243 0
L1 05    338 +014.3789 +010.1231 +001.9922 -108.8879 +000.8698 -005.8746 0
L1 06    338 +015.8241 -000.2964 -004.5420 -153.4972 +084.7060 +035.2358 0
L1 07    338 +015.9580 -000.3108 -005.3838 -097.6839 -002.6202 +100.1786 0
L1 08    338 +015.9764 -000.3577 -006.2303 -148.7719 -080.1801 +146.4327 0
L1 01    342 +016.0106 +000.0850 +001.3426 -088.3482 +001.2047 +001.7646 0
L1 02    342 +005.0149 +007.0878 +001.6789 -175.9411 +003.0502 -129.3715 0
L1 03    342 +016.0500 -000.7506 -000.8436 -094.4581 +000.0514 +092.0033 0
L1 04    342 +008.6749 +008.0107 +001.7796 -029.1432 -000.5896 +000.4244 0
L1 05    342 +014.3785 +010.1235 +001.9918 -108.8839 +000.8675 -005.8759 0
L1 06    342 +015.8242 -000.2962 -004.5417 -153.4731 +084.7066 +035.2578 0
L1 07    342 +015.9580 -000.3106 -005.3835 -097.6807 -002.6199 +100.1795 0
L1 08    342 +015.9764 -000.3576 -006.2303 -148.7689 -080.1810 +146.4312 0
L1 01    346 +016.0106 +000.0852 +001.3427 -088.3474 +001.2034 +001.7647 0
L1 02    346 +005.0149 +007.0878 +001.6789 -175.9413 +003.0504 -129.3718 0
L1 03    346 +016.0499 -000.7507 -000.8436 -094.4584 +000.0500 +092.0035 0
L1 04    346 +008.6749 +008.0107 +001.7795 -029.1435 -000.5898 +000.4243 0
L1 05    346 +014.3787 +010.1233 +001.9922 -108.8868 +000.8701 -005.8748 0
L1 06    346 +015.8241 -000.2964 -004.5420 -153.4629 +084.7045 +035.2689 0
L1 07    346 +015.9580 -000.3108 -005.3835 -097.6802 -002.6225 +100.1798 0
L1 08    346 +015.9763 -000.3577 -006.2303 -148.7763 -080.1815 +146.4391 0
L1 01    350 +016.0106 +000.0850 +001.3426 -088.3491 +001.2039 +001.7639 0
L1 02    350 +005.0150 +007.0878 +001.6789 -175.9415 +003.0504 -129.3718 0
L1 03    350 +016.0499 -000.7508 -000.8436 -094.4590 +000.0497 +092.0035 0
L1 04    350 +008.6750 +008.0106 +001.7795 -029.1440 -000.5896 +000.4244 0
L1 05    350 +014.3785 +010.1235 +001.9924 -108.8848 +000.8707 -005.8741 0
L1 06    350 +015.8241 -000.2960 -004.5419 -153.4728 +084.7048 +035.2573 0
L1 07    350 +015.9578 -000.3105 -005.3838 -097.6794 -002.6231 +100.1773 0
L1 08    350 +015.9763 -000.3577 -006.2304 -148.7732 -080.1820 +146.4350 0
L1 01    354 +016.0106 +000.0850 +001.3427 -088.3489 +001.2048 +001.7650 0
L1 02    354 +005.0149 +007.0878 +001.6789 -175.9413 +003.0503 -129.3717 0
L1 03    354 +016.0499 -000.7506 -000.8437 -094.4584 +000.0520 +092.0031 0
L1 04    354 +008.6750 +008.0106 +001.7796 -029.1442 -000.5893 +000.4248 0
L1 05    354 +014.3786 +010.1234 +001.9925 -108.8865 +000.8710 -005.8741 0
L1 06    354 +015.8241 -000.2961 -004.5421 -153.4932 +084.7045 +035.2382 0
L1 07    354 +015.9580 -000.3105 -005.3837 -097.6812 -002.6212 +100.1781 0
L1 08    354 +015.9764 -000.3574 -006.2304 -148.7614 -080.1799 +146.4237 0
L1 01    358 +016.0106 +000.0850 +001.3426 -088.3486 +001.2070 +001.7644 0
L1 02    358 +005.0149 +007.0878 +001.6789 -175.9413 +003.0504 -129.3718 0
L1 03    358 +016.0500 -000.7506 -000.8435 -094.4581 +000.0542 +092.0046 0
L1 04    358 +008.6750 +008.0106 +001.7796 -029.1445 -000.5894 +000.4249 0
L1 05    358 +014.3787 +010.1234 +001.9919 -108.8863 +000.8689 -005.8776 0
L1 06    358 +015.8242 -000.2959 -004.5419 -153.5136 +084.7072 +035.2172 0
L1 07    358 +015.9581 -000.3103 -005.3835 -097.6812 -002.6158 +100.1790 0
L1 08    358 +015.9765 -000.3572 -006.2303 -148.7409 -080.1767 +146.4035 0
L1 01    362 +016.0106 +000.0852 +001.3425 -088.3472 +001.2056 +001.7637 0
L1 02    362 +005.0149 +007.0878 +001.6789 -175.9412 +003.0504 -129.3715 0
L1 03    362 +016.0500 -000.7505 -000.8437 -094.4564 +000.0531 +092.0029 0
L1 04    362 +008.6750 +008.0106 +001.7796 -029.1441 -000.5894 +000.4246 0
L1 05    362 +014.3786 +010.1234 +001.9927 -108.8855 +000.8710 -005.8736 0
L1 06    362 +015.8243 -000.2955 -004.5416 -153.4909 +084.7079 +035.2363 0
L1 07    362 +015.9581 -000.3101 -005.3835 -097.6788 -002.6166 +100.1803 0
L1 08    362 +015.9765 -000.3571 -006.2303 -148.7363 -080.1771 +146.4017 0
L1 01    366 +016.0106 +000.0850 +001.3427 -088.3484 +001.2040 +001.7651 0
L1 02    366 +005.0150 +007.0878 +001.6789 -175.9415 +003.0503 -129.3713 0
L1 03    366 +016.0500 -000.7505 -000.8437 -094.4567 +000.0512 +092.0033 0
L1 04    366 +008.6750 +008.0106 +001.7796 -029.1441 -000.5896 +000.4244 0
L1 05    366 +014.3787 +010.1233 +001.9925 -108.8873 +000.8702 -005.8738 0
L1 06    366 +015.8240 -000.2963 -004.5423 -153.4831 +084.7035 +035.2472 0
L1 07    366 +015.9581 -000.3108 -005.3835 -097.6822 -002.6218 +100.1799 0
L1 08    366 +015.9764 -000.3575 -006.2304 -148.7463 -080.1800 +146.4100 0
L1 01    370 +016.0106 +000.0851 +001.3423 -088.3490 +001.2036 +001.7609 0
L1 02    370 +005.0149 +007.0878 +001.6789 -175.9412 +003.0505 -129.3714 0
L1 03    370 +016.0500 -000.7507 -000.8438 -094.4586 +000.0502 +092.0014 0
L1 04    370 +008.6750 +008.0106 +001.7796 -029.1442 -000.5899 +000.4244 0
L1 05    370 +014.3788 +010.1231 +001.9922 -108.8874 +000.8686 -005.8745 0
L1 06    370 +015.8240 -000.2964 -004.5422 -153.4691 +084.7008 +035.2609 0
L1 07    370 +015.9580 -000.3110 -005.3836 -097.6827 -002.6219 +100.1787 0
L1 08    370 +015.9763 -000.3579 -006.2303 -148.7529 -080.1806 +146.4158 0
L1 01    374 +016.0106 +000.0851 +001.3426 -088.3486 +001.2035 +001.7640 0
L1 02    374 +005.0149 +007.0878 +001.6789 -175.9412 +003.0507 -129.3716 0
L1 03    374 +016.0499 -000.7508 -000.8436 -094.4590 +000.0505 +092.0032 0
L1 04    374 +008.6750 +008.0106 +001.7796 -029.1443 -000.5900 +000.4249 0
L1 05    374 +014.3789 +010.1230 +001.9920 -108.8881 +000.8687 -005.8747 0
L1 06    374 +015.8241 -000.2962 -004.5418 -153.4488 +084.7034 +035.2812 0
L1 07    374 +015.9580 -000.3112 -005.3833 -097.6843 -002.6221 +100.1800 0
L1 08    374 +015.9764 -000.3579 -006.2300 -148.7543 -080.1795 +146.4169 0
L1 01    378 +016.0106 +000.0851 +001.3426 -088.3485 +001.2048 +001.7645 0
L1 02    378 +005.0150 +007.0878 +001.6789 -175.9417 +003.0504 -129.3715 0
L1 03    378 +016.0500 -000.7507 -000.8436 -094.4588 +000.0521 +092.0033 0
L1 04    378 +008.6750 +008.0106 +001.7796 -029.1442 -000.5897 +000.4248 0
L1 05    378 +014.3789 +010.1229 +001.9918 -108.8894 +000.8683 -005.8756 0
L1 06    378 +015.8241 -000.2960 -004.5419 -153.4696 +084.7041 +035.2608 0
L1 07    378 +015.9581 -000.3114 -005.3833 -097.6864 -002.6207 +100.1815 0
L1 08    378 +015.9764 -000.3575 -006.2302 -148.7464 -080.1785 +146.4092 0
L1 01    382 +016.0105 +000.0852 +001.3424 -088.3479 +001.2057 +001.7619 0
L1 02    382 +005.0149 +007.0878 +001.6788 -175.9409 +003.0502 -129.3711 0
L1 03    382 +016.0500 -000.7505 -000.8437 -094.4573 +000.0532 +092.0023 0
L1 04    382 +008.6749 +008.0107 +001.7796 -029.1435 -000.5899 +000.4244 0
L1 05    382 +014.3784 +010.1236 +001.9921 -108.8817 +000.8698 -005.8750 0
L1 06    382 +015.8241 -000.2956 -004.5419 -153.4983 +084.7061 +035.2291 0
L1 07    382 +015.9580 -000.3108 -005.3834 -097.6830 -002.6185 +100.1802 0
L1 08    382 +015.9765 -000.3570 -006.2302 -148.7291 -080.1760 +146.3944 0
L1 01    386 +016.0106 +000.0853 +001.3421 -088.3471 +001.2060 +001.7604 0
L1 02    386 +005.0149 +007.0878 +001.6788 -175.9409 +003.0505 -129.3714 0
L1 03    386 +016.0500 -000.7506 -000.8436 -094.4581 +000.0532 +092.0028 0
L1 04    386 +008.6749 +008.0107 +001.7796 -029.1437 -000.5898 +000.4246 0
L1 05    386 +014.3785 +010.1236 +001.9920 -108.8834 +000.8679 -005.8758 0
L1 06    386 +015.8242 -000.2954 -004.5415 -153.4749 +084.7068 +035.2511 0
L1 07    386 +015.9581 -000.3109 -005.3835 -097.6832 -002.6209 +100.1804 0
L1 08    386 +015.9766 -000.3575 -006.2300 -148.7410 -080.1750 +146.4046 0
L1 01    390 +016.0106 +000.0851 +001.3425 -088.3482 +001.2046 +001.7631 0
L1 02    390 +005.0150 +007.0878 +001.6788 -175.9413 +003.0506 -129.3713 0
L1 03    390 +016.0500 -000.7508 -000.8435 -094.4595 +000.0516 +092.0034 0
L1 04    390 +008.6749 +008.0107 +001.7796 -029.1437 -000.5900 +000.4245 0
L1 05    390 +014.3785 +010.1235 +001.9919 -108.8840 +000.8678 -005.8756 0
L1 06    390 +015.8241 -000.2962 -004.5417 -153.4506 +084.7039 +035.2790 0
L1 07    390 +015.9580 -000.3109 -005.3835 -097.6830 -002.6219 +100.1803 0
L1 08    390 +015.9764 -000.3578 -006.2301 -148.7428 -080.1780 +146.4056 0
L1 01    394 +016.0106 +000.0851 +001.3424 -088.3483 +001.2045 +001.7627 0
L1 02    394 +005.0150 +007.0878 +001.6788 -175.9416 +003.0506 -129.3713 0
L1 03    394 +016.0499 -000.7507 -000.8435 -094.4588 +000.0509 +092.0038 0
L1 04    394 +008.6750 +008.0106 +001.7796 -029.1443 -000.5900 +000.4245 0
L1 05    394 +014.3787 +010.1231 +001.9922 -108.8862 +000.8693 -005.8759 0
L1 06    394 +015.8241 -000.2963 -004.5417 -153.4546 +084.7037 +035.2767 0
L1 07    394 +015.9580 -000.3107 -005.3833 -097.6816 -002.6217 +100.1804 0
L1 08    394 +015.9764 -000.3576 -006.2301 -148.7373 -080.1776 +146.4010 0
L1 01    398 +016.0106 +000.0852 +001.3424 -088.3476 +001.2052 +001.7630 0
L1 02    398 +005.0149 +007.0878 +001.6788 -175.9411 +003.0506 -129.3714 0
L1 03    398 +016.0500 -000.7506 -000.8434 -094.4582 +000.0529 +092.0039 0
L1 04    398 +008.6750 +008.0106 +001.7796 -029.1442 -000.5900 +000.4246 0
L1 05    398 +014.3789 +010.1231 +001.9920 -108.8880 +000.8692 -005.8769 0
L1 06    398 +015.8241 -000.2963 -004.5416 -153.4539 +084.7045 +035.2781 0
L1 07    398 +015.9582 -000.3107 -005.3832 -097.6825 -002.6213 +100.1815 0
L1 08    398 +015.9765 -000.3572 -006.2300 -148.7247 -080.1752 +146.3901 0
L1 01    402 +016.0106 +000.0851 +001.3424 -088.3485 +001.2066 +001.7626 0
L1 02    402 +005.0150 +007.0878 +001.6789 -175.9414 +003.0507 -129.3715 0
L1 03    402 +016.0500 -000.7507 -000.8436 -094.4593 +000.0539 +092.0028 0
L1 04    402 +008.6750 +008.0106 +001.7796 -029.1442 -000.5900 +000.4247 0
L1 05    402 +014.3788 +010.1231 +001.9925 -108.8877 +000.8710 -005.8752 0
L1 06    402 +015.8241 -000.2960 -004.5417 -153.4663 +084.7048 +035.2649 0
L1 07    402 +015.9581 -000.3106 -005.3834 -097.6830 -002.6195 +100.1804 0
L1 08    402 +015.9765 -000.3572 -006.2300 -148.7176 -080.1744 +146.3822 0
L1 01    406 +016.0106 +000.0853 +001.3425 -088.3462 +001.2061 +001.7633 0
L1 02    406 +005.0149 +007.0878 +001.6788 -175.9411 +003.0507 -129.3713 0
L1 03    406 +016.0500 -000.7505 -000.8436 -094.4567 +000.0533 +092.0029 0
L1 04    406 +008.6749 +008.0107 +001.7796 -029.1433 -000.5900 +000.4247 0
L1 05    406 +014.3788 +010.1233 +001.9923 -108.8864 +000.8702 -005.8756 0
L1 06    406 +015.8240 -000.2960 -004.5419 -153.4791 +084.7037 +035.2504 0
L1 07    406 +015.9579 -000.3104 -005.3838 -097.6803 -002.6199 +100.1775 0
L1 08    406 +015.9763 -000.3571 -006.2303 -148.7007 -080.1765 +146.3679 0
