L1 01      4 +015.9896 +000.1813 +001.3464 -085.6954 +001.2148 +001.8146 0
L1 02      4 +005.0147 +007.0877 +001.6776 -175.9343 +003.0404 -129.3475 0
L1 03      4 +016.0718 -000.6523 -000.8384 -091.6909 -000.0795 +092.0546 0
L1 04      4 +008.6748 +008.0105 +001.7772 -029.1439 -000.5893 +000.3842 0
L1 05      4 +014.3788 +010.1212 +001.9874 -108.8997 +000.7849 -005.8142 0
L1 06      4 +015.8272 -000.2090 -004.5384 -155.0391 +084.9992 +030.9390 0
L1 07      4 +015.9597 -000.2189 -005.3834 -094.9540 -002.8089 +100.1899 0
L1 08      4 +015.9044 -000.2640 -006.3755 -046.7760 -081.9549 +045.9474 0
L1 01      8 +015.9896 +000.1814 +001.3464 -085.6954 +001.2153 +001.8149 0
L1 02      8 +005.0147 +007.0877 +001.6776 -175.9345 +003.0406 -129.3479 0
L1 03      8 +016.0718 -000.6525 -000.8384 -091.6929 -000.0791 +092.0546 0
L1 04      8 +008.6748 +008.0104 +001.7772 -029.1445 -000.5889 +000.3845 0
L1 05      8 +014.3791 +010.1210 +001.9871 -108.9021 +000.7835 -005.8149 0
L1 06      8 +015.8272 -000.2097 -004.5384 -155.0332 +084.9985 +030.9494 0
L1 07      8 +015.9596 -000.2190 -005.3836 -094.9551 -002.8092 +100.1903 0
L1 08      8 +015.9044 -000.2644 -006.3754 -046.7709 -081.9565 +045.9402 0
L1 01     12 +015.9896 +000.1815 +001.3465 -085.6939 +001.2149 +001.8146 0
L1 02     12 +005.0147 +007.0877 +001.6776 -175.9340 +003.0408 -129.3477 0
L1 03     12 +016.0718 -000.6523 -000.8385 -091.6909 -000.0791 +092.0534 0
L1 04     12 +008.6748 +008.0105 +001.7772 -029.1439 -000.5892 +000.3847 0
L1 05     12 +014.3788 +010.1214 +001.9874 -108.9005 +000.7843 -005.8153 0
L1 06     12 +015.8271 -000.2096 -004.5385 -155.0439 +084.9975 +030.9372 0
L1 07     12 +015.9595 -000.2181 -005.3837 -094.9501 -002.8082 +100.1897 0
L1 08     12 +015.9044 -000.2637 -006.3754 -046.7791 -081.9546 +045.9518 0
L1 01     16 +015.9896 +000.1814 +001.3465 -085.6943 +001.2147 +001.8148 0
L1 02     16 +005.0147 +007.0877 +001.6776 -175.9340 +003.0407 -129.3478 0
L1 03     16 +016.0718 -000.6522 -000.8385 -091.6901 -000.0793 +092.0536 0
L1 04     16 +008.6748 +008.0105 +001.7772 -029.1434 -000.5893 +000.3845 0
L1 05     16 +014.3790 +010.1213 +001.9871 -108.9009 +000.7838 -005.8166 0
L1 06     16 +015.8271 -000.2087 -004.5388 -155.0596 +084.9969 +030.9160 0
L1 07     16 +015.9596 -000.2183 -005.3833 -094.9507 -002.8069 +100.1907 0
L1 08     16 +015.9044 -000.2638 -006.3754 -046.7849 -081.9532 +045.9576 0
L1 01     20 +015.9896 +000.1814 +001.3464 -085.6940 +001.2151 +001.8140 0
L1 02     20 +005.0147 +007.0877 +001.6776 -175.9340 +003.0407 -129.3477 0
L1 03     20 +016.0718 -000.6522 -000.8385 -091.6904 -000.0792 +092.0536 0
L1 04     20 +008.6747 +008.0106 +001.7772 -029.1431 -000.5896 +000.3840 0
L1 05     20 +014.3788 +010.1215 +001.9874 -108.8971 +000.7847 -005.8141 0
L1 06     20 +015.8271 -000.2087 -004.5389 -155.0534 +084.9956 +030.9222 0
L1 07     20 +015.9596 -000.2177 -005.3833 -094.9466 -002.8069 +100.1909 0
L1 08     20 +015.9045 -000.2640 -006.3753 -046.7919 -081.9530 +045.9639 0
L1 01     24 +015.9896 +000.1814 +001.3464 -085.6946 +001.2152 +001.8144 0
L1 02     24 +005.0147 +007.0877 +001.6776 -175.9339 +003.0407 -129.3477 0
L1 03     24 +016.0718 -000.6523 -000.8385 -091.6908 -000.0792 +092.0537 0
L1 04     24 +008.6748 +008.0105 +001.7772 -029.1435 -000.5892 +000.3841 0
L1 05     24 +014.3790 +010.1210 +001.9876 -108.8997 +000.7865 -005.8137 0
L1 06     24 +015.8270 -000.2093 -004.5389 -155.0549 +084.9954 +030.9251 0
L1 07     24 +015.9597 -000.2181 -005.3831 -094.9488 -002.8077 +100.1914 0
L1 08     24 +015.9045 -000.2640 -006.3752 -046.7909 -081.9534 +045.9628 0
L1 01     28 +015.9896 +000.1812 +001.3466 -085.6957 +001.2145 +001.8153 0
L1 02     28 +005.0147 +007.0877 +001.6776 -175.9339 +003.0406 -129.3478 0
L1 03     28 +016.0717 -000.6523 -000.8386 -091.6910 -000.0794 +092.0535 0
L1 04     28 +008.6748 +008.0105 +001.7772 -029.1438 -000.5894 +000.3847 0
L1 05     28 +014.3799 +010.1198 +001.9879 -108.9072 +000.7882 -005.8143 0
L1 06     28 +015.8270 -000.2092 -004.5389 -155.0628 +084.9954 +030.9167 0
L1 07     28 +015.9596 -000.2183 -005.3833 -094.9505 -002.8077 +100.1911 0
L1 08     28 +015.9045 -000.2641 -006.3752 -046.7927 -081.9534 +045.9640 0
L1 01     32 +015.9896 +000.1812 +001.3464 -085.6967 +001.2145 +001.8140 0
L1 02     32 +005.0147 +007.0877 +001.6776 -175.9339 +003.0407 -129.3478 0
L1 03     32 +016.0718 -000.6524 -000.8385 -091.6926 -000.0797 +092.0536 0
L1 04     32 +008.6748 +008.0105 +001.7772 -029.1439 -000.5892 +000.3845 0
L1 05     32 +014.3794 +010.1205 +001.9874 -108.9057 +000.7864 -005.8156 0
L1 06     32 +015.8271 -000.2093 -004.5387 -155.0422 +084.9967 +030.9378 0
L1 07     32 +015.9597 -000.2184 -005.3831 -094.9513 -002.8084 +100.1923 0
L1 08     32 +015.9044 -000.2643 -006.3754 -046.7862 -081.9538 +045.9560 0
L1 01     36 +015.9896 +000.1814 +001.3465 -085.6944 +001.2143 +001.8150 0
L1 02     36 +005.0146 +007.0877 +001.6776 -175.9333 +003.0405 -129.3474 0
L1 03     36 +016.0717 -000.6523 -000.8386 -091.6907 -000.0800 +092.0534 0
L1 04     36 +008.6747 +008.0106 +001.7772 -029.1424 -000.5894 +000.3843 0
L1 05     36 +014.3793 +010.1209 +001.9874 -108.9021 +000.7862 -005.8173 0
L1 06     36 +015.8271 -000.2091 -004.5387 -155.0495 +084.9964 +030.9283 0
L1 07     36 +015.9595 -000.2184 -005.3833 -094.9504 -002.8073 +100.1908 0
L1 08     36 +015.9043 -000.2641 -006.3756 -046.7834 -081.9512 +045.9556 0
L1 01     40 +015.9896 +000.1816 +001.3465 -085.6928 +001.2151 +001.8149 0
L1 02     40 +005.0147 +007.0877 +001.6776 -175.9338 +003.0409 -129.3478 0
L1 03     40 +016.0717 -000.6524 -000.8387 -091.6913 -000.0792 +092.0527 0
L1 04     40 +008.6747 +008.0105 +001.7772 -029.1430 -000.5893 +000.3843 0
L1 05     40 +014.3790 +010.1212 +001.9874 -108.8998 +000.7849 -005.8154 0
L1 06     40 +015.8271 -000.2091 -004.5386 -155.0481 +084.9973 +030.9302 0
L1 07     40 +015.9596 -000.2185 -005.3832 -094.9506 -002.8085 +100.1906 0
L1 08     40 +015.9044 -000.2642 -006.3754 -046.7898 -081.9520 +045.9618 0
L1 01     44 +015.9896 +000.1815 +001.3464 -085.6940 +001.2148 +001.8134 0
L1 02     44 +005.0147 +007.0877 +001.6776 -175.9340 +003.0407 -129.3476 0
L1 03     44 +016.0717 -000.6525 -000.8387 -091.6921 -000.0793 +092.0520 0
L1 04     44 +008.6748 +008.0105 +001.7772 -029.1436 -000.5892 +000.3842 0
L1 05     44 +014.3788 +010.1213 +001.9873 -108.8986 +000.7849 -005.8159 0
L1 06     44 +015.8271 -000.2091 -004.5386 -155.0441 +084.9974 +030.9344 0
L1 07     44 +015.9597 -000.2183 -005.3832 -094.9497 -002.8102 +100.1910 0
L1 08     44 +015.9044 -000.2641 -006.3754 -046.7947 -081.9515 +045.9668 0
L1 01     48 +015.9895 +000.1813 +001.3464 -085.6952 +001.2144 +001.8138 0
L1 02     48 +005.0147 +007.0877 +001.6776 -175.9340 +003.0407 -129.3476 0
L1 03     48 +016.0717 -000.6522 -000.8387 -091.6903 -000.0797 +092.0521 0
L1 04     48 +008.6747 +008.0105 +001.7772 -029.1432 -000.5893 +000.3843 0
L1 05     48 +014.3791 +010.1209 +001.9870 -108.9018 +000.7833 -005.8156 0
L1 06     48 +015.8271 -000.2091 -004.5387 -155.0394 +084.9959 +030.9387 0
L1 07     48 +015.9596 -000.2186 -005.3832 -094.9520 -002.8083 +100.1904 0
L1 08     48 +015.9043 -000.2639 -006.3754 -046.7974 -081.9498 +045.9701 0
L1 01     52 +015.9896 +000.1815 +001.3465 -085.6938 +001.2148 +001.8147 0
L1 02     52 +005.0147 +007.0877 +001.6776 -175.9340 +003.0407 -129.3478 0
L1 03     52 +016.0717 -000.6523 -000.8387 -091.6908 -000.0794 +092.0527 0
L1 04     52 +008.6747 +008.0105 +001.7772 -029.1431 -000.5893 +000.3846 0
L1 05     52 +014.3790 +010.1210 +001.9873 -108.9011 +000.7850 -005.8149 0
L1 06     52 +015.8270 -000.2091 -004.5387 -155.0506 +084.9963 +030.9273 0
L1 07     52 +015.9595 -000.2184 -005.3832 -094.9503 -002.8084 +100.1908 0
L1 08     52 +015.9044 -000.2640 -006.3752 -046.8018 -081.9503 +045.9746 0
L1 01     56 +015.9896 +000.1813 +001.3466 -085.6960 +001.2151 +001.8150 0
L1 02     56 +005.0147 +007.0877 +001.6776 -175.9344 +003.0405 -129.3475 0
L1 03     56 +016.0717 -000.6525 -000.8386 -091.6934 -000.0795 +092.0530 0
L1 04     56 +008.6748 +008.0104 +001.7772 -029.1441 -000.5895 +000.3847 0
L1 05     56 +014.3796 +010.1201 +001.9872 -108.9075 +000.7854 -005.8164 0
L1 06     56 +015.8270 -000.2092 -004.5386 -155.0356 +084.9970 +030.9434 0
L1 07     56 +015.9595 -000.2185 -005.3834 -094.9515 -002.8090 +100.1898 0
L1 08     56 +015.9044 -000.2644 -006.3752 -046.8062 -081.9511 +045.9757 0
L1 01     60 +015.9896 +000.1814 +001.3463 -085.6945 +001.2146 +001.8131 0
L1 02     60 +005.0147 +007.0877 +001.6776 -175.9341 +003.0407 -129.3476 0
L1 03     60 +016.0717 -000.6523 -000.8387 -091.6912 -000.0795 +092.0527 0
L1 04     60 +008.6747 +008.0105 +001.7772 -029.1432 -000.5893 +000.3843 0
L1 05     60 +014.3790 +010.1210 +001.9872 -108.9006 +000.7850 -005.8163 0
L1 06     60 +015.8271 -000.2092 -004.5387 -155.0412 +084.9965 +030.9369 0
L1 07     60 +015.9594 -000.2185 -005.3838 -094.9514 -002.8088 +100.1874 0
L1 08     60 +015.9045 -000.2641 -006.3752 -046.8072 -081.9505 +045.9794 0
L1 01     64 +015.9896 +000.1816 +001.3463 -085.6935 +001.2151 +001.8135 0
L1 02     64 +005.0147 +007.0877 +001.6776 -175.9339 +003.0407 -129.3474 0
L1 03     64 +016.0717 -000.6523 -000.8386 -091.6908 -000.0796 +092.0532 0
L1 04     64 +008.6747 +008.0105 +001.7772 -029.1432 -000.5894 +000.3845 0
L1 05     64 +014.3788 +010.1214 +001.9874 -108.8984 +000.7850 -005.8136 0
L1 06     64 +015.8270 -000.2087 -004.5388 -155.0515 +084.9954 +030.9243 0
L1 07     64 +015.9596 -000.2184 -005.3833 -094.9501 -002.8073 +100.1900 0
L1 08     64 +015.9044 -000.2644 -006.3753 -046.8021 -081.9504 +045.9730 0
L1 01     68 +015.9896 +000.1812 +001.3462 -085.6958 +001.2146 +001.8125 0
L1 02     68 +005.0147 +007.0877 +001.6776 -175.9339 +003.0407 -129.3476 0
L1 03     68 +016.0718 -000.6523 -000.8386 -091.6908 -000.0797 +092.0528 0
L1 04     68 +008.6748 +008.0105 +001.7772 -029.1438 -000.5894 +000.3842 0
L1 05     68 +014.3789 +010.1212 +001.9872 -108.9005 +000.7844 -005.8147 0
L1 06     68 +015.8271 -000.2087 -004.5387 -155.0672 +084.9970 +030.9086 0
L1 07     68 +015.9595 -000.2188 -005.3836 -094.9516 -002.8090 +100.1889 0
L1 08     68 +015.9044 -000.2643 -006.3754 -046.8058 -081.9492 +045.9766 0
L1 01     72 +015.9896 +000.1814 +001.3463 -085.6945 +001.2150 +001.8132 0
L1 02     72 +005.0147 +007.0877 +001.6776 -175.9340 +003.0408 -129.3477 0
L1 03     72 +016.0717 -000.6524 -000.8386 -091.6913 -000.0795 +092.0528 0
L1 04     72 +008.6748 +008.0105 +001.7772 -029.1434 -000.5894 +000.3842 0
L1 05     72 +014.3792 +010.1208 +001.9874 -108.9035 +000.7855 -005.8148 0
L1 06     72 +015.8271 -000.2087 -004.5387 -155.0614 +084.9963 +030.9141 0
L1 07     72 +015.9595 -000.2187 -005.3836 -094.9514 -002.8095 +100.1891 0
L1 08     72 +015.9044 -000.2643 -006.3754 -046.8053 -081.9488 +045.9766 0
L1 01     76 +015.9896 +000.1814 +001.3464 -085.6941 +001.2146 +001.8141 0
L1 02     76 +005.0147 +007.0877 +001.6776 -175.9341 +003.0406 -129.3476 0
L1 03     76 +016.0717 -000.6520 -000.8386 -091.6893 -000.0798 +092.0531 0
L1 04     76 +008.6748 +008.0105 +001.7772 -029.1434 -000.5893 +000.3844 0
L1 05     76 +014.3792 +010.1207 +001.9880 -108.9037 +000.7874 -005.8140 0
L1 06     76 +015.8271 -000.2089 -004.5385 -155.0482 +084.9978 +030.9289 0
L1 07     76 +015.9594 -000.2182 -005.3836 -094.9495 -002.8066 +100.1883 0
L1 08     76 +015.9044 -000.2640 -006.3753 -046.8137 -081.9476 +045.9867 0
L1 01     80 +015.9897 +000.1811 +001.3464 -085.6968 +001.2149 +001.8144 0
L1 02     80 +005.0147 +007.0877 +001.6776 -175.9347 +003.0404 -129.3476 0
L1 03     80 +016.0717 -000.6523 -000.8386 -091.6919 -000.0798 +092.0534 0
L1 04     80 +008.6748 +008.0104 +001.7772 -029.1448 -000.5891 +000.3844 0
L1 05     80 +014.3792 +010.1207 +001.9877 -108.9053 +000.7868 -005.8148 0
L1 06     80 +015.8270 -000.2092 -004.5388 -155.0456 +084.9954 +030.9354 0
L1 07     80 +015.9595 -000.2190 -005.3837 -094.9545 -002.8077 +100.1877 0
L1 08     80 +015.9044 -000.2643 -006.3753 -046.8130 -081.9483 +045.9833 0
L1 01     84 +015.9896 +000.1814 +001.3466 -085.6947 +001.2149 +001.8149 0
L1 02     84 +005.0147 +007.0877 +001.6776 -175.9339 +003.0407 -129.3474 0
L1 03     84 +016.0717 -000.6523 -000.8385 -091.6907 -000.0795 +092.0537 0
L1 04     84 +008.6747 +008.0105 +001.7772 -029.1433 -000.5894 +000.3846 0
L1 05     84 +014.3788 +010.1213 +001.9875 -108.8996 +000.7854 -005.8139 0
L1 06     84 +015.8270 -000.2091 -004.5388 -155.0575 +084.9957 +030.9205 0
L1 07     84 +015.9595 -000.2189 -005.3837 -094.9534 -002.8076 +100.1882 0
L1 08     84 +015.9044 -000.2641 -006.3752 -046.8203 -081.9484 +045.9921 0
L1 01     88 +015.9896 +000.1814 +001.3465 -085.6942 +001.2149 +001.8149 0
L1 02     88 +005.0147 +007.0877 +001.6776 -175.9340 +003.0406 -129.3474 0
L1 03     88 +016.0717 -000.6522 -000.8385 -091.6901 -000.0800 +092.0537 0
L1 04     88 +008.6747 +008.0105 +001.7772 -029.1432 -000.5894 +000.3845 0
L1 05     88 +014.3789 +010.1212 +001.9873 -108.8989 +000.7853 -005.8161 0
L1 06     88 +015.8271 -000.2091 -004.5384 -155.0454 +084.9979 +030.9332 0
L1 07     88 +015.9595 -000.2190 -005.3835 -094.9533 -002.8087 +100.1893 0
L1 08     88 +015.9044 -000.2641 -006.3754 -046.8113 -081.9471 +045.9835 0
L1 01     92 +015.9896 +000.1814 +001.3465 -085.6939 +001.2149 +001.8155 0
L1 02     92 +005.0147 +007.0877 +001.6776 -175.9339 +003.0407 -129.3474 0
L1 03     92 +016.0717 -000.6523 -000.8384 -091.6906 -000.0796 +092.0542 0
L1 04     92 +008.6748 +008.0105 +001.7772 -029.1435 -000.5891 +000.3840 0
L1 05     92 +014.3788 +010.1214 +001.9875 -108.8989 +000.7859 -005.8161 0
L1 06     92 +015.8271 -000.2091 -004.5386 -155.0312 +084.9972 +030.9471 0
L1 07     92 +015.9596 -000.2191 -005.3834 -094.9543 -002.8090 +100.1900 0
L1 08     92 +015.9045 -000.2642 -006.3753 -046.8160 -081.9478 +045.9875 0
L1 01     96 +015.9896 +000.1813 +001.3464 -085.6943 +001.2150 +001.8144 0
L1 02     96 +005.0147 +007.0877 +001.6776 -175.9337 +003.0408 -129.3476 0
L1 03     96 +016.0717 -000.6523 -000.8385 -091.6907 -000.0794 +092.0534 0
L1 04     96 +008.6748 +008.0105 +001.7772 -029.1436 -000.5892 +000.3843 0
L1 05     96 +014.3787 +010.1214 +001.9877 -108.8987 +000.7871 -005.8151 0
L1 06     96 +015.8271 -000.2089 -004.5386 -155.0283 +084.9959 +030.9482 0
L1 07     96 +015.9597 -000.2189 -005.3831 -094.9535 -002.8079 +100.1918 0
L1 08     96 +015.9045 -000.2642 -006.3752 -046.8215 -081.9474 +045.9931 0
L1 01    100 +015.9896 +000.1814 +001.3465 -085.6942 +001.2143 +001.8152 0
L1 02    100 +005.0147 +007.0877 +001.6776 -175.9340 +003.0410 -129.3479 0
L1 03    100 +016.0717 -000.6522 -000.8386 -091.6906 -000.0799 +092.0534 0
L1 04    100 +008.6748 +008.0105 +001.7772 -029.1436 -000.5892 +000.3845 0
L1 05    100 +014.3789 +010.1213 +001.9872 -108.8995 +000.7840 -005.8156 0
L1 06    100 +015.8271 -000.2089 -004.5387 -155.0347 +084.9962 +030.9423 0
L1 07    100 +015.9597 -000.2186 -005.3830 -094.9518 -002.8076 +100.1925 0
L1 08    100 +015.9045 -000.2643 -006.3752 -046.8250 -081.9471 +045.9961 0
L1 01    104 +015.9896 +000.1812 +001.3465 -085.6959 +001.2145 +001.8148 0
L1 02    104 +005.0147 +007.0877 +001.6776 -175.9342 +003.0406 -129.3475 0
L1 03    104 +016.0717 -000.6524 -000.8385 -091.6927 -000.0792 +092.0537 0
L1 04    104 +008.6748 +008.0104 +001.7772 -029.1445 -000.5891 +000.3845 0
L1 05    104 +014.3793 +010.1207 +001.9872 -108.9044 +000.7843 -005.8164 0
L1 06    104 +015.8270 -000.2091 -004.5389 -155.0442 +084.9954 +030.9349 0
L1 07    104 +015.9596 -000.2186 -005.3832 -094.9528 -002.8076 +100.1914 0
L1 08    104 +015.9045 -000.2644 -006.3752 -046.8209 -081.9473 +045.9909 0
L1 01    108 +015.9896 +000.1815 +001.3464 -085.6938 +001.2150 +001.8144 0
L1 02    108 +005.0147 +007.0877 +001.6776 -175.9342 +003.0406 -129.3473 0
L1 03    108 +016.0717 -000.6524 -000.8385 -091.6913 -000.0791 +092.0539 0
L1 04    108 +008.6747 +008.0105 +001.7772 -029.1434 -000.5892 +000.3841 0
L1 05    108 +014.3788 +010.1212 +001.9875 -108.8996 +000.7860 -005.8157 0
L1 06    108 +015.8271 -000.2091 -004.5387 -155.0461 +084.9963 +030.9314 0
L1 07    108 +015.9597 -000.2186 -005.3831 -094.9515 -002.8065 +100.1918 0
L1 08    108 +015.9045 -000.2644 -006.3753 -046.8233 -081.9464 +045.9939 0
L1 01    112 +015.9896 +000.1816 +001.3463 -085.6931 +001.2148 +001.8134 0
L1 02    112 +005.0147 +007.0877 +001.6776 -175.9339 +003.0406 -129.3474 0
L1 03    112 +016.0718 -000.6524 -000.8385 -091.6913 -000.0794 +092.0538 0
L1 04    112 +008.6748 +008.0105 +001.7772 -029.1436 -000.5894 +000.3844 0
L1 05    112 +014.3787 +010.1214 +001.9872 -108.8978 +000.7839 -005.8162 0
L1 06    112 +015.8271 -000.2087 -004.5387 -155.0482 +084.9967 +030.9276 0
L1 07    112 +015.9596 -000.2189 -005.3833 -094.9526 -002.8084 +100.1910 0
L1 08    112 +015.9045 -000.2642 -006.3752 -046.8286 -081.9463 +046.0009 0
L1 01    116 +015.9896 +000.1814 +001.3462 -085.6939 +001.2147 +001.8127 0
L1 02    116 +005.0147 +007.0877 +001.6776 -175.9337 +003.0406 -129.3474 0
L1 03    116 +016.0718 -000.6523 -000.8387 -091.6908 -000.0790 +092.0527 0
L1 04    116 +008.6748 +008.0105 +001.7772 -029.1438 -000.5894 +000.3844 0
L1 05    116 +014.3789 +010.1213 +001.9870 -108.8984 +000.7830 -005.8170 0
L1 06    116 +015.8270 -000.2089 -004.5390 -155.0620 +084.9947 +030.9150 0
L1 07    116 +015.9596 -000.2187 -005.3835 -094.9513 -002.8082 +100.1904 0
L1 08    116 +015.9045 -000.2641 -006.3753 -046.8298 -081.9452 +046.0027 0
L1 01    120 +015.9896 +000.1814 +001.3464 -085.6940 +001.2148 +001.8135 0
L1 02    120 +005.0147 +007.0877 +001.6776 -175.9337 +003.0408 -129.3475 0
L1 03    120 +016.0718 -000.6522 -000.8387 -091.6903 -000.0792 +092.0527 0
L1 04    120 +008.6748 +008.0104 +001.7772 -029.1439 -000.5894 +000.3846 0
L1 05    120 +014.3789 +010.1212 +001.9872 -108.8995 +000.7842 -005.8166 0
L1 06    120 +015.8270 -000.2089 -004.5390 -155.0512 +084.9949 +030.9254 0
L1 07    120 +015.9595 -000.2188 -005.3839 -094.9516 -002.8081 +100.1875 0
L1 08    120 +015.9045 -000.2641 -006.3752 -046.8347 -081.9450 +046.0077 0
L1 01    124 +015.9896 +000.1814 +001.3465 -085.6943 +001.2149 +001.8144 0
L1 02    124 +005.0147 +007.0877 +001.6776 -175.9339 +003.0407 -129.3476 0
L1 03    124 +016.0717 -000.6524 -000.8386 -091.6916 -000.0792 +092.0535 0
L1 04    124 +008.6748 +008.0104 +001.7772 -029.1443 -000.5893 +000.3844 0
L1 05    124 +014.3792 +010.1208 +001.9871 -108.9029 +000.7846 -005.8177 0
L1 06    124 +015.8271 -000.2091 -004.5388 -155.0381 +084.9956 +030.9406 0
L1 07    124 +015.9596 -000.2187 -005.3836 -094.9520 -002.8087 +100.1889 0
L1 08    124 +015.9045 -000.2644 -006.3752 -046.8327 -081.9455 +046.0033 0
L1 01    128 +015.9896 +000.1814 +001.3463 -085.6948 +001.2147 +001.8129 0
L1 02    128 +005.0147 +007.0877 +001.6776 -175.9341 +003.0406 -129.3476 0
L1 03    128 +016.0718 -000.6525 -000.8387 -091.6922 -000.0798 +092.0530 0
L1 04    128 +008.6748 +008.0104 +001.7772 -029.1439 -000.5894 +000.3842 0
L1 05    128 +014.3791 +010.1207 +001.9878 -108.9023 +000.7881 -005.8159 0
L1 06    128 +015.8270 -000.2091 -004.5390 -155.0393 +084.9944 +030.9385 0
L1 07    128 +015.9595 -000.2187 -005.3837 -094.9520 -002.8081 +100.1882 0
L1 08    128 +015.9044 -000.2644 -006.3754 -046.8315 -081.9443 +046.0021 0
L1 01    132 +015.9896 +000.1814 +001.3462 -085.6940 +001.2145 +001.8127 0
L1 02    132 +005.0147 +007.0877 +001.6777 -175.9348 +003.0409 -129.3482 0
L1 03    132 +016.0718 -000.6523 -000.8385 -091.6901 -000.0799 +092.0536 0
L1 04    132 +008.6748 +008.0104 +001.7773 -029.1438 -000.5895 +000.3849 0
L1 05    132 +014.3791 +010.1209 +001.9875 -108.9021 +000.7859 -005.8150 0
L1 06    132 +015.8269 -000.2091 -004.5393 -155.0536 +084.9927 +030.9242 0
L1 07    132 +015.9596 -000.2191 -005.3833 -094.9536 -002.8082 +100.1909 0
L1 08    132 +015.9044 -000.2642 -006.3754 -046.8323 -081.9431 +046.0048 0
L1 01    136 +015.9896 +000.1814 +001.3464 -085.6937 +001.2149 +001.8139 0
L1 02    136 +005.0148 +007.0876 +001.6777 -175.9355 +003.0406 -129.3483 0
L1 03    136 +016.0718 -000.6523 -000.8385 -091.6909 -000.0797 +092.0537 0
L1 04    136 +008.6748 +008.0104 +001.7773 -029.1441 -000.5891 +000.3849 0
L1 05    136 +014.3792 +010.1207 +001.9879 -108.9033 +000.7861 -005.8128 0
L1 06    136 +015.8270 -000.2091 -004.5390 -155.0424 +084.9945 +030.9352 0
L1 07    136 +015.9596 -000.2186 -005.3836 -094.9503 -002.8076 +100.1892 0
L1 08    136 +015.9044 -000.2642 -006.3755 -046.8320 -081.9430 +046.0044 0
L1 01    140 +015.9896 +000.1816 +001.3465 -085.6918 +001.2143 +001.8143 0
L1 02    140 +005.0147 +007.0876 +001.6777 -175.9348 +003.0407 -129.3483 0
L1 03    140 +016.0718 -000.6522 -000.8386 -091.6895 -000.0788 +092.0530 0
L1 04    140 +008.6748 +008.0104 +001.7773 -029.1437 -000.5893 +000.3852 0
L1 05    140 +014.3790 +010.1210 +001.9876 -108.9010 +000.7848 -005.8149 0
L1 06    140 +015.8271 -000.2089 -004.5389 -155.0358 +084.9954 +030.9412 0
L1 07    140 +015.9597 -000.2188 -005.3833 -094.9515 -002.8071 +100.1909 0
L1 08    140 +015.9044 -000.2642 -006.3754 -046.8406 -081.9420 +046.0135 0
L1 01    144 +015.9896 +000.1812 +001.3465 -085.6944 +001.2144 +001.8145 0
L1 02    144 +005.0148 +007.0876 +001.6777 -175.9349 +003.0406 -129.3481 0
L1 03    144 +016.0718 -000.6521 -000.8388 -091.6894 -000.0795 +092.0525 0
L1 04    144 +008.6748 +008.0104 +001.7773 -029.1442 -000.5892 +000.3852 0
L1 05    144 +014.3790 +010.1210 +001.9876 -108.9006 +000.7856 -005.8161 0
L1 06    144 +015.8271 -000.2091 -004.5388 -155.0388 +084.9958 +030.9391 0
L1 07    144 +015.9596 -000.2189 -005.3832 -094.9516 -002.8089 +100.1908 0
L1 08    144 +015.9044 -000.2641 -006.3753 -046.8467 -081.9422 +046.0194 0
L1 01    148 +015.9896 +000.1813 +001.3466 -085.6947 +001.2151 +001.8158 0
L1 02    148 +005.0148 +007.0876 +001.6777 -175.9350 +003.0407 -129.3481 0
L1 03    148 +016.0717 -000.6524 -000.8386 -091.6914 -000.0787 +092.0537 0
L1 04    148 +008.6748 +008.0103 +001.7773 -029.1448 -000.5890 +000.3852 0
L1 05    148 +014.3793 +010.1205 +001.9877 -108.9045 +000.7870 -005.8161 0
L1 06    148 +015.8270 -000.2093 -004.5388 -155.0357 +084.9949 +030.9437 0
L1 07    148 +015.9596 -000.2190 -005.3832 -094.9531 -002.8076 +100.1909 0
L1 08    148 +015.9044 -000.2644 -006.3754 -046.8380 -081.9422 +046.0090 0
L1 01    152 +015.9896 +000.1814 +001.3462 -085.6931 +001.2150 +001.8126 0
L1 02    152 +005.0147 +007.0876 +001.6777 -175.9347 +003.0408 -129.3482 0
L1 03    152 +016.0718 -000.6523 -000.8386 -091.6905 -000.0787 +092.0530 0
L1 04    152 +008.6748 +008.0104 +001.7773 -029.1442 -000.5893 +000.3847 0
L1 05    152 +014.3794 +010.1205 +001.9874 -108.9048 +000.7854 -005.8170 0
L1 06    152 +015.8271 -000.2089 -004.5388 -155.0378 +084.9957 +030.9395 0
L1 07    152 +015.9596 -000.2183 -005.3833 -094.9502 -002.8059 +100.1912 0
L1 08    152 +015.9045 -000.2642 -006.3753 -046.8490 -081.9419 +046.0213 0
L1 01    156 +015.9896 +000.1814 +001.3465 -085.6933 +001.2147 +001.8148 0
L1 02    156 +005.0147 +007.0876 +001.6777 -175.9349 +003.0409 -129.3481 0
L1 03    156 +016.0717 -000.6523 -000.8385 -091.6902 -000.0789 +092.0537 0
L1 04    156 +008.6748 +008.0104 +001.7773 -029.1440 -000.5895 +000.3854 0
L1 05    156 +014.3789 +010.1211 +001.9877 -108.9003 +000.7863 -005.8155 0
L1 06    156 +015.8271 -000.2093 -004.5388 -155.0270 +084.9944 +030.9520 0
L1 07    156 +015.9597 -000.2188 -005.3833 -094.9521 -002.8069 +100.1916 0
L1 08    156 +015.9045 -000.2642 -006.3752 -046.8492 -081.9418 +046.0221 0
L1 01    160 +015.9896 +000.1814 +001.3463 -085.6937 +001.2146 +001.8132 0
L1 02    160 +005.0148 +007.0876 +001.6777 -175.9352 +003.0408 -129.3480 0
L1 03    160 +016.0718 -000.6522 -000.8385 -091.6902 -000.0789 +092.0540 0
L1 04    160 +008.6748 +008.0104 +001.7773 -029.1441 -000.5894 +000.3852 0
L1 05    160 +014.3788 +010.1211 +001.9873 -108.8995 +000.7846 -005.8162 0
L1 06    160 +015.8270 -000.2088 -004.5391 -155.0399 +084.9937 +030.9371 0
L1 07    160 +015.9597 -000.2185 -005.3831 -094.9504 -002.8071 +100.1918 0
L1 08    160 +015.9045 -000.2641 -006.3754 -046.8530 -081.9406 +046.0255 0
L1 01    164 +015.9896 +000.1813 +001.3463 -085.6937 +001.2140 +001.8131 0
L1 02    164 +005.0147 +007.0876 +001.6777 -175.9348 +003.0408 -129.3481 0
L1 03    164 +016.0717 -000.6522 -000.8386 -091.6895 -000.0792 +092.0529 0
L1 04    164 +008.6748 +008.0105 +001.7773 -029.1435 -000.5895 +000.3848 0
L1 05    164 +014.3789 +010.1212 +001.9871 -108.8994 +000.7830 -005.8164 0
L1 06    164 +015.8271 -000.2088 -004.5389 -155.0404 +084.9950 +030.9359 0
L1 07    164 +015.9595 -000.2184 -005.3833 -094.9500 -002.8060 +100.1899 0
L1 08    164 +015.9045 -000.2640 -006.3753 -046.8565 -081.9402 +046.0306 0
L1 01    168 +015.9896 +000.1816 +001.3463 -085.6922 +001.2148 +001.8134 0
L1 02    168 +005.0148 +007.0876 +001.6777 -175.9351 +003.0408 -129.3481 0
L1 03    168 +016.0717 -000.6524 -000.8387 -091.6908 -000.0791 +092.0524 0
L1 04    168 +008.6748 +008.0104 +001.7773 -029.1435 -000.5894 +000.3850 0
L1 05    168 +014.3789 +010.1211 +001.9873 -108.9004 +000.7851 -005.8176 0
L1 06    168 +015.8271 -000.2091 -004.5387 -155.0268 +084.9956 +030.9507 0
L1 07    168 +015.9598 -000.2183 -005.3829 -094.9506 -002.8048 +100.1931 0
L1 08    168 +015.9045 -000.2642 -006.3752 -046.8548 -081.9403 +046.0285 0
L1 01    172 +015.9896 +000.1815 +001.3464 -085.6926 +001.2146 +001.8148 0
L1 02    172 +005.0148 +007.0876 +001.6777 -175.9352 +003.0407 -129.3480 0
L1 03    172 +016.0717 -000.6523 -000.8386 -091.6905 -000.0794 +092.0535 0
L1 04    172 +008.6747 +008.0105 +001.7773 -029.1435 -000.5894 +000.3850 0
L1 05    172 +014.3787 +010.1214 +001.9874 -108.8990 +000.7852 -005.8162 0
L1 06    172 +015.8271 -000.2092 -004.5388 -155.0191 +084.9957 +030.9587 0
L1 07    172 +015.9596 -000.2185 -005.3834 -094.9510 -002.8052 +100.1901 0
L1 08    172 +015.9045 -000.2643 -006.3752 -046.8594 -081.9402 +046.0321 0
L1 01    176 +015.9896 +000.1813 +001.3465 -085.6943 +001.2148 +001.8148 0
L1 02    176 +005.0148 +007.0876 +001.6777 -175.9351 +003.0407 -129.3480 0
L1 03    176 +016.0717 -000.6526 -000.8385 -091.6932 -000.0789 +092.0542 0
L1 04    176 +008.6748 +008.0103 +001.7773 -029.1450 -000.5893 +000.3855 0
L1 05    176 +014.3789 +010.1212 +001.9871 -108.9017 +000.7850 -005.8187 0
L1 06    176 +015.8271 -000.2093 -004.5388 -155.0240 +084.9954 +030.9550 0
L1 07    176 +015.9595 -000.2183 -005.3835 -094.9509 -002.8033 +100.1894 0
L1 08    176 +015.9045 -000.2642 -006.3753 -046.8577 -081.9400 +046.0302 0
L1 01    180 +015.9896 +000.1815 +001.3464 -085.6925 +001.2146 +001.8146 0
L1 02    180 +005.0147 +007.0876 +001.6777 -175.9348 +003.0409 -129.3481 0
L1 03    180 +016.0717 -000.6525 -000.8386 -091.6920 -000.0789 +092.0540 0
L1 04    180 +008.6748 +008.0104 +001.7773 -029.1439 -000.5894 +000.3850 0
L1 05    180 +014.3788 +010.1216 +001.9865 -108.8987 +000.7828 -005.8188 0
L1 06    180 +015.8271 -000.2088 -004.5387 -155.0326 +084.9964 +030.9433 0
L1 07    180 +015.9596 -000.2183 -005.3833 -094.9502 -002.8042 +100.1907 0
L1 08    180 +015.9045 -000.2641 -006.3753 -046.8611 -081.9387 +046.0344 0
L1 01    184 +015.9896 +000.1814 +001.3462 -085.6934 +001.2147 +001.8132 0
L1 02    184 +005.0148 +007.0876 +001.6777 -175.9349 +003.0408 -129.3480 0
L1 03    184 +016.0717 -000.6523 -000.8384 -091.6909 -000.0788 +092.0543 0
L1 04    184 +008.6748 +008.0104 +001.7773 -029.1442 -000.5894 +000.3848 0
L1 05    184 +014.3794 +010.1206 +001.9872 -108.9033 +000.7842 -005.8166 0
L1 06    184 +015.8272 -000.2089 -004.5387 -155.0341 +084.9958 +030.9429 0
L1 07    184 +015.9596 -000.2188 -005.3834 -094.9522 -002.8056 +100.1902 0
L1 08    184 +015.9046 -000.2641 -006.3752 -046.8683 -081.9399 +046.0410 0
L1 01    188 +015.9896 +000.1815 +001.3464 -085.6926 +001.2145 +001.8140 0
L1 02    188 +005.0148 +007.0876 +001.6777 -175.9350 +003.0408 -129.3481 0
L1 03    188 +016.0718 -000.6520 -000.8386 -091.6890 -000.0787 +092.0537 0
L1 04    188 +008.6747 +008.0105 +001.7773 -029.1434 -000.5895 +000.3847 0
L1 05    188 +014.3792 +010.1207 +001.9875 -108.9033 +000.7851 -005.8160 0
L1 06    188 +015.8272 -000.2090 -004.5388 -155.0443 +084.9961 +030.9329 0
L1 07    188 +015.9597 -000.2185 -005.3833 -094.9504 -002.8036 +100.1908 0
L1 08    188 +015.9046 -000.2641 -006.3752 -046.8680 -081.9394 +046.0416 0
L1 01    192 +015.9896 +000.1817 +001.3464 -085.6908 +001.2147 +001.8141 0
L1 02    192 +005.0148 +007.0876 +001.6777 -175.9352 +003.0411 -129.3480 0
L1 03    192 +016.0717 -000.6523 -000.8386 -091.6904 -000.0789 +092.0532 0
L1 04    192 +008.6747 +008.0105 +001.7773 -029.1434 -000.5896 +000.3849 0
L1 05    192 +014.3790 +010.1211 +001.9872 -108.9002 +000.7835 -005.8170 0
L1 06    192 +015.8270 -000.2093 -004.5389 -155.0328 +084.9943 +030.9447 0
L1 07    192 +015.9595 -000.2187 -005.3836 -094.9505 -002.8043 +100.1888 0
L1 08    192 +015.9045 -000.2642 -006.3752 -046.8701 -081.9385 +046.0435 0
L1 01    196 +015.9896 +000.1818 +001.3463 -085.6900 +001.2142 +001.8131 0
L1 02    196 +005.0147 +007.0876 +001.6777 -175.9348 +003.0410 -129.3481 0
L1 03    196 +016.0717 -000.6522 -000.8386 -091.6892 -000.0788 +092.0533 0
L1 04    196 +008.6747 +008.0105 +001.7773 -029.1429 -000.5893 +000.3847 0
L1 05    196 +014.3789 +010.1213 +001.9872 -108.8990 +000.7846 -005.8169 0
L1 06    196 +015.8270 -000.2091 -004.5390 -155.0517 +084.9947 +030.9247 0
L1 07    196 +015.9596 -000.2185 -005.3833 -094.9493 -002.8045 +100.1906 0
L1 08    196 +015.9045 -000.2642 -006.3752 -046.8716 -081.9372 +046.0457 0
L1 01    200 +015.9896 +000.1816 +001.3465 -085.6919 +001.2146 +001.8150 0
L1 02    200 +005.0148 +007.0876 +001.6777 -175.9355 +003.0407 -129.3481 0
L1 03    200 +016.0717 -000.6523 -000.8384 -091.6910 -000.0790 +092.0546 0
L1 04    200 +008.6748 +008.0103 +001.7773 -029.1446 -000.5892 +000.3854 0
L1 05    200 +014.3789 +010.1210 +001.9873 -108.9012 +000.7847 -005.8163 0
L1 06    200 +015.8271 -000.2092 -004.5387 -155.0236 +084.9953 +030.9550 0
L1 07    200 +015.9595 -000.2188 -005.3835 -094.9515 -002.8050 +100.1897 0
L1 08    200 +015.9045 -000.2643 -006.3753 -046.8644 -081.9369 +046.0371 0
L1 01    204 +015.9896 +000.1814 +001.3466 -085.6926 +001.2143 +001.8152 0
L1 02    204 +005.0148 +007.0876 +001.6777 -175.9352 +003.0408 -129.3483 0
L1 03    204 +016.0717 -000.6521 -000.8386 -091.6892 -000.0788 +092.0536 0
L1 04    204 +008.6748 +008.0104 +001.7773 -029.1440 -000.5893 +000.3851 0
L1 05    204 +014.3789 +010.1211 +001.9875 -108.9002 +000.7855 -005.8164 0
L1 06    204 +015.8271 -000.2092 -004.5385 -155.0072 +084.9966 +030.9707 0
L1 07    204 +015.9595 -000.2185 -005.3833 -094.9503 -002.8059 +100.1901 0
L1 08    204 +015.9044 -000.2642 -006.3754 -046.8687 -081.9358 +046.0420 0
L1 01    208 +015.9896 +000.1816 +001.3464 -085.6919 +001.2146 +001.8147 0
L1 02    208 +005.0148 +007.0876 +001.6777 -175.9353 +003.0407 -129.3482 0
L1 03    208 +016.0717 -000.6523 -000.8385 -091.6905 -000.0783 +092.0540 0
L1 04    208 +008.6748 +008.0104 +001.7773 -029.1444 -000.5891 +000.3848 0
L1 05    208 +014.3791 +010.1208 +001.9877 -108.9027 +000.7867 -005.8143 0
L1 06    208 +015.8270 -000.2091 -004.5388 -155.0277 +084.9950 +030.9499 0
L1 07    208 +015.9597 -000.2186 -005.3831 -094.9512 -002.8053 +100.1916 0
L1 08    208 +015.9045 -000.2643 -006.3753 -046.8761 -081.9364 +046.0490 0
L1 01    212 +015.9896 +000.1814 +001.3463 -085.6933 +001.2140 +001.8137 0
L1 02    212 +005.0148 +007.0876 +001.6777 -175.9352 +003.0407 -129.3484 0
L1 03    212 +016.0718 -000.6524 -000.8385 -091.6914 -000.0788 +092.0537 0
L1 04    212 +008.6748 +008.0104 +001.7773 -029.1445 -000.5894 +000.3850 0
L1 05    212 +014.3793 +010.1206 +001.9872 -108.9036 +000.7852 -005.8171 0
L1 06    212 +015.8271 -000.2094 -004.5389 -155.0341 +084.9952 +030.9466 0
L1 07    212 +015.9596 -000.2187 -005.3834 -094.9527 -002.8054 +100.1908 0
L1 08    212 +015.9045 -000.2644 -006.3754 -046.8720 -081.9369 +046.0437 0
L1 01    216 +015.9896 +000.1814 +001.3463 -085.6934 +001.2140 +001.8128 0
L1 02    216 +005.0148 +007.0876 +001.6777 -175.9350 +003.0408 -129.3483 0
L1 03    216 +016.0718 -000.6523 -000.8386 -091.6907 -000.0790 +092.0530 0
L1 04    216 +008.6748 +008.0104 +001.7773 -029.1441 -000.5897 +000.3852 0
L1 05    216 +014.3791 +010.1209 +001.9873 -108.9030 +000.7846 -005.8163 0
L1 06    216 +015.8271 -000.2094 -004.5388 -155.0223 +084.9962 +030.9579 0
L1 07    216 +015.9597 -000.2185 -005.3832 -094.9509 -002.8049 +100.1923 0
L1 08    216 +015.9045 -000.2643 -006.3753 -046.8788 -081.9368 +046.0515 0
L1 01    220 +015.9896 +000.1815 +001.3464 -085.6921 +001.2143 +001.8134 0
L1 02    220 +005.0148 +007.0876 +001.6777 -175.9350 +003.0409 -129.3482 0
L1 03    220 +016.0717 -000.6523 -000.8387 -091.6902 -000.0785 +092.0527 0
L1 04    220 +008.6747 +008.0105 +001.7774 -029.1433 -000.5899 +000.3853 0
L1 05    220 +014.3788 +010.1214 +001.9871 -108.8982 +000.7836 -005.8172 0
L1 06    220 +015.8270 -000.2092 -004.5390 -155.0354 +084.9948 +030.9425 0
L1 07    220 +015.9596 -000.2189 -005.3832 -094.9536 -002.8058 +100.1914 0
L1 08    220 +015.9044 -000.2641 -006.3754 -046.8741 -081.9352 +046.0488 0
L1 01    224 +015.9896 +000.1815 +001.3464 -085.6919 +001.2150 +001.8141 0
L1 02    224 +005.0148 +007.0876 +001.6777 -175.9351 +003.0410 -129.3483 0
L1 03    224 +016.0718 -000.6525 -000.8386 -091.6913 -000.0783 +092.0534 0
L1 04    224 +008.6748 +008.0104 +001.7773 -029.1439 -000.5893 +000.3849 0
L1 05    224 +014.3792 +010.1210 +001.9870 -108.9020 +000.7837 -005.8177 0
L1 06    224 +015.8271 -000.2091 -004.5387 -155.0237 +084.9970 +030.9542 0
L1 07    224 +015.9595 -000.2186 -005.3835 -094.9512 -002.8054 +100.1896 0
L1 08    224 +015.9045 -000.2642 -006.3753 -046.8796 -081.9354 +046.0529 0
L1 01    228 +015.9896 +000.1813 +001.3465 -085.6930 +001.2143 +001.8149 0
L1 02    228 +005.0148 +007.0876 +001.6777 -175.9352 +003.0407 -129.3482 0
L1 03    228 +016.0717 -000.6522 -000.8386 -091.6895 -000.0788 +092.0535 0
L1 04    228 +008.6748 +008.0104 +001.7773 -029.1436 -000.5892 +000.3850 0
L1 05    228 +014.3791 +010.1211 +001.9873 -108.9014 +000.7851 -005.8168 0
L1 06    228 +015.8271 -000.2093 -004.5386 -155.0190 +084.9968 +030.9595 0
L1 07    228 +015.9596 -000.2188 -005.3833 -094.9519 -002.8045 +100.1908 0
L1 08    228 +015.9045 -000.2642 -006.3752 -046.8901 -081.9340 +046.0637 0
L1 01    232 +015.9896 +000.1815 +001.3465 -085.6918 +001.2144 +001.8147 0
L1 02    232 +005.0148 +007.0876 +001.6777 -175.9354 +003.0408 -129.3484 0
L1 03    232 +016.0717 -000.6521 -000.8386 -091.6892 -000.0787 +092.0536 0
L1 04    232 +008.6748 +008.0104 +001.7773 -029.1436 -000.5892 +000.3848 0
L1 05    232 +014.3791 +010.1210 +001.9872 -108.9009 +000.7847 -005.8172 0
L1 06    232 +015.8270 -000.2088 -004.5388 -155.0330 +084.9956 +030.9430 0
L1 07    232 +015.9595 -000.2187 -005.3837 -094.9511 -002.8038 +100.1883 0
L1 08    232 +015.9045 -000.2641 -006.3752 -046.8898 -081.9335 +046.0641 0
L1 01    236 +015.9896 +000.1814 +001.3464 -085.6934 +001.2151 +001.8147 0
L1 02    236 +005.0148 +007.0876 +001.6777 -175.9356 +003.0405 -129.3484 0
L1 03    236 +016.0717 -000.6524 -000.8386 -091.6918 -000.0784 +092.0542 0
L1 04    236 +008.6748 +008.0104 +001.7773 -029.1447 -000.5893 +000.3851 0
L1 05    236 +014.3794 +010.1205 +001.9873 -108.9049 +000.7857 -005.8168 0
L1 06    236 +015.8271 -000.2092 -004.5387 -155.0248 +084.9959 +030.9542 0
L1 07    236 +015.9597 -000.2189 -005.3834 -094.9535 -002.8050 +100.1912 0
L1 08    236 +015.9046 -000.2645 -006.3752 -046.8867 -081.9353 +046.0589 0
L1 01    240 +015.9896 +000.1812 +001.3464 -085.6941 +001.2144 +001.8143 0
L1 02    240 +005.0147 +007.0876 +001.6777 -175.9350 +003.0408 -129.3485 0
L1 03    240 +016.0718 -000.6523 -000.8386 -091.6908 -000.0788 +092.0539 0
L1 04    240 +008.6748 +008.0104 +001.7773 -029.1441 -000.5897 +000.3849 0
L1 05    240 +014.3790 +010.1209 +001.9876 -108.9022 +000.7868 -005.8143 0
L1 06    240 +015.8271 -000.2094 -004.5388 -155.0184 +084.9955 +030.9611 0
L1 07    240 +015.9594 -000.2189 -005.3839 -094.9530 -002.8051 +100.1878 0
L1 08    240 +015.9046 -000.2643 -006.3753 -046.8923 -081.9342 +046.0652 0
L1 01    244 +015.9895 +000.1813 +001.3463 -085.6931 +001.2143 +001.8131 0
L1 02    244 +005.0148 +007.0876 +001.6777 -175.9348 +003.0406 -129.3482 0
L1 03    244 +016.0718 -000.6523 -000.8386 -091.6905 -000.0789 +092.0532 0
L1 04    244 +008.6748 +008.0104 +001.7773 -029.1438 -000.5895 +000.3847 0
L1 05    244 +014.3792 +010.1208 +001.9877 -108.9030 +000.7861 -005.8141 0
L1 06    244 +015.8272 -000.2094 -004.5385 -155.0177 +084.9969 +030.9621 0
L1 07    244 +015.9596 -000.2190 -005.3833 -094.9530 -002.8053 +100.1914 0
L1 08    244 +015.9045 -000.2643 -006.3754 -046.8921 -081.9329 +046.0653 0
L1 01    248 +015.9896 +000.1815 +001.3464 -085.6919 +001.2145 +001.8137 0
L1 02    248 +005.0148 +007.0876 +001.6777 -175.9349 +003.0407 -129.3480 0
L1 03    248 +016.0718 -000.6522 -000.8386 -091.6898 -000.0788 +092.0533 0
L1 04    248 +008.6748 +008.0104 +001.7773 -029.1436 -000.5896 +000.3848 0
L1 05    248 +014.3793 +010.1207 +001.9874 -108.9032 +000.7858 -005.8162 0
L1 06    248 +015.8271 -000.2090 -004.5386 -155.0099 +084.9964 +030.9673 0
L1 07    248 +015.9596 -000.2190 -005.3835 -094.9525 -002.8049 +100.1901 0
L1 08    248 +015.9046 -000.2642 -006.3753 -046.8994 -081.9330 +046.0729 0
L1 01    252 +015.9896 +000.1816 +001.3464 -085.6914 +001.2149 +001.8140 0
L1 02    252 +005.0147 +007.0877 +001.6777 -175.9347 +003.0411 -129.3481 0
L1 03    252 +016.0718 -000.6524 -000.8386 -091.6910 -000.0785 +092.0538 0
L1 04    252 +008.6747 +008.0105 +001.7773 -029.1434 -000.5894 +000.3849 0
L1 05    252 +014.3790 +010.1212 +001.9875 -108.8997 +000.7849 -005.8162 0
L1 06    252 +015.8272 -000.2089 -004.5386 -154.9986 +084.9962 +030.9777 0
L1 07    252 +015.9598 -000.2190 -005.3833 -094.9514 -002.8048 +100.1922 0
L1 08    252 +015.9046 -000.2642 -006.3754 -046.9005 -081.9325 +046.0750 0
L1 01    256 +015.9896 +000.1817 +001.3463 -085.6902 +001.2148 +001.8134 0
L1 02    256 +005.0147 +007.0876 +001.6777 -175.9349 +003.0410 -129.3480 0
L1 03    256 +016.0718 -000.6523 -000.8385 -091.6898 -000.0781 +092.0539 0
L1 04    256 +008.6747 +008.0105 +001.7773 -029.1428 -000.5896 +000.3850 0
L1 05    256 +014.3787 +010.1219 +001.9871 -108.8954 +000.7820 -005.8162 0
L1 06    256 +015.8271 -000.2087 -004.5387 -155.0135 +084.9963 +030.9618 0
L1 07    256 +015.9597 -000.2184 -005.3831 -094.9483 -002.8031 +100.1926 0
L1 08    256 +015.9047 -000.2641 -006.3751 -046.9160 -081.9322 +046.0910 0
L1 01    260 +015.9896 +000.1815 +001.3465 -085.6921 +001.2146 +001.8149 0
L1 02    260 +005.0148 +007.0876 +001.6777 -175.9352 +003.0408 -129.3480 0
L1 03    260 +016.0717 -000.6524 -000.8384 -091.6913 -000.0783 +092.0544 0
L1 04    260 +008.6748 +008.0104 +001.7773 -029.1437 -000.5892 +000.3847 0
L1 05    260 +014.3792 +010.1209 +001.9873 -108.9024 +000.7840 -005.8165 0
L1 06    260 +015.8271 -000.2092 -004.5388 -155.0166 +084.9947 +030.9621 0
L1 07    260 +015.9596 -000.2184 -005.3833 -094.9490 -002.8045 +100.1909 0
L1 08    260 +015.9046 -000.2642 -006.3752 -046.9038 -081.9316 +046.0775 0
L1 01    264 +015.9896 +000.1816 +001.3465 -085.6919 +001.2148 +001.8148 0
L1 02    264 +005.0148 +007.0876 +001.6777 -175.9353 +003.0409 -129.3481 0
L1 03    264 +016.0717 -000.6527 -000.8386 -091.6932 -000.0786 +092.0534 0
L1 04    264 +008.6748 +008.0104 +001.7773 -029.1439 -000.5892 +000.3849 0
L1 05    264 +014.3790 +010.1210 +001.9873 -108.9016 +000.7848 -005.8163 0
L1 06    264 +015.8270 -000.2090 -004.5389 -155.0242 +084.9947 +030.9535 0
L1 07    264 +015.9596 -000.2185 -005.3833 -094.9502 -002.8038 +100.1909 0
L1 08    264 +015.9046 -000.2644 -006.3752 -046.9014 -081.9320 +046.0738 0
L1 01    268 +015.9896 +000.1814 +001.3465 -085.6934 +001.2146 +001.8145 0
L1 02    268 +005.0148 +007.0876 +001.6777 -175.9352 +003.0408 -129.3482 0
L1 03    268 +016.0718 -000.6525 -000.8386 -091.6917 -000.0785 +092.0533 0
L1 04    268 +008.6748 +008.0104 +001.7772 -029.1438 -000.5892 +000.3845 0
L1 05    268 +014.3794 +010.1206 +001.9874 -108.9049 +000.7841 -005.8157 0
L1 06    268 +015.8271 -000.2092 -004.5387 -155.0124 +084.9957 +030.9659 0
L1 07    268 +015.9597 -000.2187 -005.3834 -094.9507 -002.8041 +100.1902 0
L1 08    268 +015.9046 -000.2644 -006.3752 -046.9059 -081.9317 +046.0784 0
L1 01    272 +015.9896 +000.1814 +001.3463 -085.6926 +001.2145 +001.8135 0
L1 02    272 +005.0148 +007.0876 +001.6777 -175.9350 +003.0408 -129.3480 0
L1 03    272 +016.0718 -000.6523 -000.8385 -091.6905 -000.0783 +092.0542 0
L1 04    272 +008.6748 +008.0104 +001.7773 -029.1439 -000.5892 +000.3849 0
L1 05    272 +014.3794 +010.1206 +001.9872 -108.9044 +000.7840 -005.8174 0
L1 06    272 +015.8272 -000.2090 -004.5388 -155.0231 +084.9951 +030.9540 0
L1 07    272 +015.9596 -000.2187 -005.3831 -094.9515 -002.8034 +100.1916 0
L1 08    272 +015.9046 -000.2642 -006.3752 -046.9109 -081.9310 +046.0847 0
L1 01    276 +015.9896 +000.1813 +001.3464 -085.6933 +001.2147 +001.8145 0
L1 02    276 +005.0148 +007.0876 +001.6777 -175.9352 +003.0407 -129.3479 0
L1 03    276 +016.0718 -000.6523 -000.8385 -091.6907 -000.0780 +092.0541 0
L1 04    276 +008.6748 +008.0104 +001.7773 -029.1437 -000.5892 +000.3850 0
L1 05    276 +014.3790 +010.1210 +001.9870 -108.9023 +000.7831 -005.8177 0
L1 06    276 +015.8272 -000.2092 -004.5386 -155.0131 +084.9971 +030.9653 0
L1 07    276 +015.9596 -000.2188 -005.3836 -094.9518 -002.8040 +100.1895 0
L1 08    276 +015.9046 -000.2642 -006.3753 -046.9093 -081.9308 +046.0826 0
L1 01    280 +015.9896 +000.1813 +001.3464 -085.6931 +001.2144 +001.8143 0
L1 02    280 +005.0148 +007.0876 +001.6777 -175.9354 +003.0406 -129.3479 0
L1 03    280 +016.0718 -000.6524 -000.8386 -091.6911 -000.0786 +092.0540 0
L1 04    280 +008.6747 +008.0104 +001.7772 -029.1436 -000.5894 +000.3846 0
L1 05    280 +014.3791 +010.1209 +001.9873 -108.9023 +000.7849 -005.8164 0
L1 06    280 +015.8272 -000.2088 -004.5385 -155.0095 +084.9978 +030.9664 0
L1 07    280 +015.9597 -000.2187 -005.3833 -094.9519 -002.8019 +100.1916 0
L1 08    280 +015.9046 -000.2643 -006.3753 -046.9089 -081.9306 +046.0821 0
L1 01    284 +015.9896 +000.1816 +001.3464 -085.6904 +001.2146 +001.8145 0
L1 02    284 +005.0148 +007.0876 +001.6777 -175.9350 +003.0410 -129.3481 0
L1 03    284 +016.0718 -000.6523 -000.8385 -091.6889 -000.0781 +092.0540 0
L1 04    284 +008.6747 +008.0105 +001.7772 -029.1430 -000.5894 +000.3845 0
L1 05    284 +014.3786 +010.1217 +001.9873 -108.8960 +000.7837 -005.8157 0
L1 06    284 +015.8272 -000.2090 -004.5387 -155.0137 +084.9962 +030.9629 0
L1 07    284 +015.9596 -000.2187 -005.3833 -094.9505 -002.8019 +100.1911 0
L1 08    284 +015.9046 -000.2640 -006.3753 -046.9156 -081.9289 +046.0922 0
L1 01    288 +015.9896 +000.1814 +001.3464 -085.6923 +001.2142 +001.8142 0
L1 02    288 +005.0148 +007.0876 +001.6777 -175.9351 +003.0407 -129.3479 0
L1 03    288 +016.0717 -000.6522 -000.8385 -091.6894 -000.0780 +092.0541 0
L1 04    288 +008.6748 +008.0104 +001.7773 -029.1438 -000.5894 +000.3847 0
L1 05    288 +014.3786 +010.1215 +001.9874 -108.8969 +000.7839 -005.8166 0
L1 06    288 +015.8271 -000.2089 -004.5387 -155.0113 +084.9957 +030.9654 0
L1 07    288 +015.9596 -000.2187 -005.3836 -094.9510 -002.8024 +100.1894 0
L1 08    288 +015.9046 -000.2642 -006.3752 -046.9133 -081.9299 +046.0878 0
L1 01    292 +015.9896 +000.1813 +001.3464 -085.6929 +001.2145 +001.8138 0
L1 02    292 +005.0148 +007.0876 +001.6777 -175.9350 +003.0408 -129.3479 0
L1 03    292 +016.0718 -000.6523 -000.8385 -091.6909 -000.0782 +092.0539 0
L1 04    292 +008.6748 +008.0104 +001.7773 -029.1438 -000.5894 +000.3849 0
L1 05    292 +014.3791 +010.1209 +001.9874 -108.9018 +000.7849 -005.8168 0
L1 06    292 +015.8272 -000.2089 -004.5388 -155.0225 +084.9956 +030.9537 0
L1 07    292 +015.9596 -000.2198 -005.3832 -094.9565 -002.8055 +100.1916 0
L1 08    292 +015.9046 -000.2643 -006.3752 -046.9178 -081.9300 +046.0916 0
L1 01    296 +015.9895 +000.1812 +001.3464 -085.6934 +001.2143 +001.8136 0
L1 02    296 +005.0147 +007.0876 +001.6777 -175.9348 +003.0408 -129.3479 0
L1 03    296 +016.0717 -000.6523 -000.8386 -091.6908 -000.0785 +092.0531 0
L1 04    296 +008.6748 +008.0104 +001.7773 -029.1439 -000.5895 +000.3848 0
L1 05    296 +014.3790 +010.1210 +001.9875 -108.9009 +000.7859 -005.8158 0
L1 06    296 +015.8271 -000.2089 -004.5386 -155.0147 +084.9968 +030.9619 0
L1 07    296 +015.9596 -000.2195 -005.3831 -094.9546 -002.8047 +100.1913 0
L1 08    296 +015.9046 -000.2643 -006.3752 -046.9223 -081.9287 +046.0962 0
L1 01    300 +015.9896 +000.1813 +001.3464 -085.6934 +001.2144 +001.8137 0
L1 02    300 +005.0148 +007.0876 +001.6776 -175.9350 +003.0406 -129.3478 0
L1 03    300 +016.0718 -000.6524 -000.8386 -091.6919 -000.0787 +092.0531 0
L1 04    300 +008.6748 +008.0104 +001.7773 -029.1444 -000.5895 +000.3848 0
L1 05    300 +014.3787 +010.1213 +001.9878 -108.8991 +000.7869 -005.8156 0
L1 06    300 +015.8271 -000.2091 -004.5387 -155.0126 +084.9954 +030.9655 0
L1 07    300 +015.9597 -000.2188 -005.3834 -094.9526 -002.8035 +100.1905 0
L1 08    300 +015.9046 -000.2644 -006.3753 -046.9217 -081.9288 +046.0943 0
L1 01    304 +015.9896 +000.1812 +001.3464 -085.6939 +001.2142 +001.8138 0
L1 02    304 +005.0148 +007.0876 +001.6777 -175.9353 +003.0407 -129.3479 0
L1 03    304 +016.0718 -000.6524 -000.8386 -091.6914 -000.0790 +092.0533 0
L1 04    304 +008.6748 +008.0104 +001.7773 -029.1442 -000.5896 +000.3846 0
L1 05    304 +014.3790 +010.1210 +001.9874 -108.9012 +000.7845 -005.8168 0
L1 06    304 +015.8271 -000.2091 -004.5388 -155.0090 +084.9949 +030.9690 0
L1 07    304 +015.9599 -000.2184 -005.3830 -094.9506 -002.8030 +100.1933 0
L1 08    304 +015.9045 -000.2643 -006.3754 -046.9172 -081.9284 +046.0903 0
L1 01    308 +015.9896 +000.1815 +001.3463 -085.6909 +001.2142 +001.8129 0
L1 02    308 +005.0148 +007.0876 +001.6777 -175.9350 +003.0408 -129.3479 0
L1 03    308 +016.0718 -000.6523 -000.8386 -091.6899 -000.0786 +092.0532 0
L1 04    308 +008.6747 +008.0105 +001.7773 -029.1427 -000.5898 +000.3847 0
L1 05    308 +014.3790 +010.1210 +001.9875 -108.9003 +000.7859 -005.8169 0
L1 06    308 +015.8270 -000.2088 -004.5391 -155.0295 +084.9940 +030.9445 0
L1 07    308 +015.9596 -000.2185 -005.3835 -094.9492 -002.8031 +100.1902 0
L1 08    308 +015.9046 -000.2642 -006.3753 -046.9250 -081.9274 +046.0995 0
L1 01    312 +015.9896 +000.1813 +001.3464 -085.6922 +001.2142 +001.8137 0
L1 02    312 +005.0148 +007.0876 +001.6777 -175.9351 +003.0408 -129.3479 0
L1 03    312 +016.0718 -000.6521 -000.8385 -091.6889 -000.0781 +092.0536 0
L1 04    312 +008.6748 +008.0105 +001.7773 -029.1435 -000.5894 +000.3847 0
L1 05    312 +014.3790 +010.1211 +001.9873 -108.9003 +000.7848 -005.8170 0
L1 06    312 +015.8272 -000.2087 -004.5388 -155.0170 +084.9957 +030.9578 0
L1 07    312 +015.9594 -000.2185 -005.3840 -094.9497 -002.8028 +100.1875 0
L1 08    312 +015.9046 -000.2642 -006.3753 -046.9277 -081.9269 +046.1029 0
L1 01    316 +015.9896 +000.1814 +001.3466 -085.6916 +001.2142 +001.8150 0
L1 02    316 +005.0148 +007.0876 +001.6776 -175.9353 +003.0406 -129.3478 0
L1 03    316 +016.0718 -000.6522 -000.8386 -091.6895 -000.0780 +092.0538 0
L1 04    316 +008.6748 +008.0105 +001.7773 -029.1435 -000.5894 +000.3848 0
L1 05    316 +014.3787 +010.1214 +001.9877 -108.8986 +000.7862 -005.8150 0
L1 06    316 +015.8272 -000.2089 -004.5386 -155.0138 +084.9969 +030.9630 0
L1 07    316 +015.9596 -000.2188 -005.3836 -094.9513 -002.8033 +100.1903 0
L1 08    316 +015.9046 -000.2642 -006.3754 -046.9283 -081.9259 +046.1030 0
L1 01    320 +015.9896 +000.1816 +001.3466 -085.6908 +001.2138 +001.8152 0
L1 02    320 +005.0148 +007.0876 +001.6777 -175.9353 +003.0408 -129.3481 0
L1 03    320 +016.0717 -000.6523 -000.8386 -091.6905 -000.0786 +092.0538 0
L1 04    320 +008.6748 +008.0104 +001.7773 -029.1435 -000.5894 +000.3848 0
L1 05    320 +014.3791 +010.1208 +001.9875 -108.9019 +000.7849 -005.8162 0
L1 06    320 +015.8272 -000.2089 -004.5385 -155.0003 +084.9972 +030.9762 0
L1 07    320 +015.9597 -000.2188 -005.3832 -094.9516 -002.8032 +100.1919 0
L1 08    320 +015.9046 -000.2642 -006.3753 -046.9286 -081.9256 +046.1034 0
L1 01    324 +015.9896 +000.1812 +001.3466 -085.6943 +001.2137 +001.8159 0
L1 02    324 +005.0148 +007.0876 +001.6777 -175.9354 +003.0408 -129.3481 0
L1 03    324 +016.0717 -000.6525 -000.8385 -091.6924 -000.0788 +092.0543 0
L1 04    324 +008.6748 +008.0103 +001.7773 -029.1448 -000.5895 +000.3853 0
L1 05    324 +014.3792 +010.1207 +001.9871 -108.9037 +000.7847 -005.8183 0
L1 06    324 +015.8271 -000.2092 -004.5387 -155.0075 +084.9962 +030.9715 0
L1 07    324 +015.9596 -000.2188 -005.3834 -094.9522 -002.8043 +100.1910 0
L1 08    324 +015.9045 -000.2644 -006.3754 -046.9266 -081.9262 +046.0994 0
L1 01    328 +015.9896 +000.1813 +001.3465 -085.6928 +001.2148 +001.8152 0
L1 02    328 +005.0148 +007.0876 +001.6777 -175.9352 +003.0409 -129.3481 0
L1 03    328 +016.0718 -000.6526 -000.8386 -091.6932 -000.0784 +092.0535 0
L1 04    328 +008.6748 +008.0103 +001.7773 -029.1447 -000.5895 +000.3850 0
L1 05    328 +014.3789 +010.1210 +001.9874 -108.9021 +000.7857 -005.8177 0
L1 06    328 +015.8272 -000.2089 -004.5385 -154.9975 +084.9966 +030.9801 0
L1 07    328 +015.9596 -000.2188 -005.3836 -094.9527 -002.8039 +100.1902 0
L1 08    328 +015.9046 -000.2645 -006.3753 -046.9301 -081.9269 +046.1026 0
L1 01    332 +015.9896 +000.1815 +001.3465 -085.6911 +001.2142 +001.8148 0
L1 02    332 +005.0148 +007.0876 +001.6777 -175.9350 +003.0409 -129.3478 0
L1 03    332 +016.0718 -000.6524 -000.8386 -091.6912 -000.0786 +092.0536 0
L1 04    332 +008.6748 +008.0104 +001.7773 -029.1436 -000.5895 +000.3848 0
L1 05    332 +014.3794 +010.1206 +001.9869 -108.9049 +000.7839 -005.8199 0
L1 06    332 +015.8272 -000.2092 -004.5386 -154.9906 +084.9961 +030.9886 0
L1 07    332 +015.9595 -000.2190 -005.3834 -094.9532 -002.8042 +100.1907 0
L1 08    332 +015.9046 -000.2641 -006.3754 -046.9354 -081.9248 +046.1104 0
L1 01    336 +015.9896 +000.1817 +001.3466 -085.6898 +001.2146 +001.8163 0
L1 02    336 +005.0148 +007.0876 +001.6777 -175.9353 +003.0408 -129.3479 0
L1 03    336 +016.0718 -000.6524 -000.8385 -091.6908 -000.0781 +092.0549 0
L1 04    336 +008.6747 +008.0105 +001.7773 -029.1434 -000.5894 +000.3847 0
L1 05    336 +014.3791 +010.1209 +001.9873 -108.9025 +000.7847 -005.8177 0
L1 06    336 +015.8272 -000.2090 -004.5387 -155.0069 +084.9957 +030.9704 0
L1 07    336 +015.9596 -000.2190 -005.3835 -094.9523 -002.8030 +100.1895 0
L1 08    336 +015.9046 -000.2643 -006.3754 -046.9388 -081.9245 +046.1127 0
L1 01    340 +015.9896 +000.1815 +001.3467 -085.6912 +001.2142 +001.8158 0
L1 02    340 +005.0148 +007.0876 +001.6777 -175.9351 +003.0408 -129.3482 0
L1 03    340 +016.0718 -000.6524 -000.8386 -091.6913 -000.0784 +092.0540 0
L1 04    340 +008.6748 +008.0104 +001.7772 -029.1444 -000.5891 +000.3846 0
L1 05    340 +014.3792 +010.1209 +001.9870 -108.9023 +000.7835 -005.8184 0
L1 06    340 +015.8271 -000.2089 -004.5389 -155.0062 +084.9950 +030.9699 0
L1 07    340 +015.9596 -000.2187 -005.3835 -094.9508 -002.8035 +100.1897 0
L1 08    340 +015.9046 -000.2645 -006.3754 -046.9385 -081.9247 +046.1114 0
L1 01    344 +015.9896 +000.1815 +001.3462 -085.6903 +001.2144 +001.8128 0
L1 02    344 +005.0147 +007.0876 +001.6777 -175.9347 +003.0409 -129.3481 0
L1 03    344 +016.0718 -000.6521 -000.8385 -091.6879 -000.0787 +092.0535 0
L1 04    344 +008.6748 +008.0105 +001.7772 -029.1434 -000.5894 +000.3843 0
L1 05    344 +014.3788 +010.1215 +001.9874 -108.8962 +000.7833 -005.8159 0
L1 06    344 +015.8271 -000.2089 -004.5389 -155.0153 +084.9950 +030.9607 0
L1 07    344 +015.9597 -000.2185 -005.3834 -094.9491 -002.8021 +100.1908 0
L1 08    344 +015.9046 -000.2642 -006.3752 -046.9482 -081.9237 +046.1236 0
L1 01    348 +015.9896 +000.1814 +001.3465 -085.6914 +001.2146 +001.8153 0
L1 02    348 +005.0148 +007.0876 +001.6777 -175.9353 +003.0407 -129.3481 0
L1 03    348 +016.0718 -000.6523 -000.8384 -091.6906 -000.0784 +092.0553 0
L1 04    348 +008.6748 +008.0104 +001.7773 -029.1444 -000.5894 +000.3847 0
L1 05    348 +014.3790 +010.1212 +001.9873 -108.9004 +000.7849 -005.8171 0
L1 06    348 +015.8271 -000.2093 -004.5391 -155.0125 +084.9930 +030.9665 0
L1 07    348 +015.9596 -000.2186 -005.3837 -094.9495 -002.8032 +100.1890 0
L1 08    348 +015.9047 -000.2643 -006.3752 -046.9485 -081.9244 +046.1226 0
L1 01    352 +015.9896 +000.1814 +001.3463 -085.6926 +001.2150 +001.8139 0
L1 02    352 +005.0148 +007.0876 +001.6777 -175.9352 +003.0408 -129.3480 0
L1 03    352 +016.0718 -000.6522 -000.8385 -091.6908 -000.0783 +092.0543 0
L1 04    352 +008.6748 +008.0103 +001.7772 -029.1449 -000.5892 +000.3846 0
L1 05    352 +014.3790 +010.1209 +001.9875 -108.9013 +000.7852 -005.8166 0
L1 06    352 +015.8271 -000.2092 -004.5389 -155.0051 +084.9942 +030.9738 0
L1 07    352 +015.9596 -000.2189 -005.3836 -094.9520 -002.8045 +100.1897 0
L1 08    352 +015.9047 -000.2645 -006.3751 -046.9508 -081.9253 +046.1235 0
L1 01    356 +015.9896 +000.1814 +001.3461 -085.6926 +001.2152 +001.8122 0
L1 02    356 +005.0148 +007.0876 +001.6777 -175.9351 +003.0408 -129.3479 0
L1 03    356 +016.0717 -000.6525 -000.8385 -091.6927 -000.0781 +092.0537 0
L1 04    356 +008.6748 +008.0103 +001.7772 -029.1448 -000.5892 +000.3846 0
L1 05    356 +014.3791 +010.1208 +001.9875 -108.9015 +000.7853 -005.8169 0
L1 06    356 +015.8270 -000.2095 -004.5391 -155.0133 +084.9919 +030.9669 0
L1 07    356 +015.9597 -000.2195 -005.3831 -094.9560 -002.8031 +100.1927 0
L1 08    356 +015.9047 -000.2645 -006.3750 -046.9570 -081.9252 +046.1294 0
L1 01    360 +015.9896 +000.1813 +001.3462 -085.6931 +001.2150 +001.8131 0
L1 02    360 +005.0148 +007.0876 +001.6777 -175.9351 +003.0408 -129.3480 0
L1 03    360 +016.0718 -000.6528 -000.8386 -091.6942 -000.0779 +092.0537 0
L1 04    360 +008.6748 +008.0103 +001.7773 -029.1449 -000.5894 +000.3850 0
L1 05    360 +014.3792 +010.1208 +001.9874 -108.9031 +000.7852 -005.8171 0
L1 06    360 +015.8271 -000.2095 -004.5389 -155.0007 +084.9937 +030.9797 0
L1 07    360 +015.9596 -000.2192 -005.3836 -094.9536 -002.8041 +100.1903 0
L1 08    360 +015.9047 -000.2645 -006.3752 -046.9515 -081.9242 +046.1238 0
L1 01    364 +015.9896 +000.1815 +001.3463 -085.6916 +001.2150 +001.8138 0
L1 02    364 +005.0148 +007.0876 +001.6777 -175.9352 +003.0409 -129.3480 0
L1 03    364 +016.0718 -000.6525 -000.8385 -091.6922 -000.0779 +092.0543 0
L1 04    364 +008.6748 +008.0104 +001.7773 -029.1445 -000.5893 +000.3850 0
L1 05    364 +014.3792 +010.1207 +001.9873 -108.9033 +000.7851 -005.8178 0
L1 06    364 +015.8272 -000.2095 -004.5389 -155.0004 +084.9942 +030.9801 0
L1 07    364 +015.9597 -000.2189 -005.3836 -094.9522 -002.8046 +100.1902 0
L1 08    364 +015.9047 -000.2645 -006.3752 -046.9535 -081.9240 +046.1264 0
L1 01    368 +015.9896 +000.1816 +001.3464 -085.6898 +001.2144 +001.8141 0
L1 02    368 +005.0147 +007.0877 +001.6777 -175.9348 +003.0410 -129.3481 0
L1 03    368 +016.0718 -000.6523 -000.8386 -091.6897 -000.0778 +092.0536 0
L1 04    368 +008.6747 +008.0105 +001.7773 -029.1427 -000.5896 +000.3845 0
L1 05    368 +014.3786 +010.1217 +001.9876 -108.8949 +000.7857 -005.8151 0
L1 06    368 +015.8272 -000.2090 -004.5389 -155.0146 +084.9949 +030.9624 0
L1 07    368 +015.9599 -000.2178 -005.3828 -094.9448 -002.7975 +100.1944 0
L1 08    368 +015.9047 -000.2640 -006.3753 -046.9616 -081.9212 +046.1391 0
L1 01    372 +015.9896 +000.1815 +001.3465 -085.6905 +001.2141 +001.8149 0
L1 02    372 +005.0148 +007.0876 +001.6777 -175.9351 +003.0413 -129.3483 0
L1 03    372 +016.0718 -000.6520 -000.8386 -091.6876 -000.0779 +092.0537 0
L1 04    372 +008.6747 +008.0105 +001.7773 -029.1432 -000.5901 +000.3851 0
L1 05    372 +014.3788 +010.1215 +001.9872 -108.8982 +000.7842 -005.8171 0
L1 06    372 +015.8272 -000.2092 -004.5389 -155.0060 +084.9948 +030.9714 0
L1 07    372 +015.9597 -000.2187 -005.3833 -094.9502 -002.8005 +100.1922 0
L1 08    372 +015.9047 -000.2640 -006.3753 -046.9628 -081.9210 +046.1396 0
L1 01    376 +015.9896 +000.1814 +001.3464 -085.6917 +001.2144 +001.8138 0
L1 02    376 +005.0148 +007.0876 +001.6777 -175.9355 +003.0411 -129.3483 0
L1 03    376 +016.0718 -000.6524 -000.8386 -091.6919 -000.0783 +092.0531 0
L1 04    376 +008.6748 +008.0104 +001.7773 -029.1445 -000.5898 +000.3848 0
L1 05    376 +014.3788 +010.1215 +001.9871 -108.8993 +000.7835 -005.8166 0
L1 06    376 +015.8272 -000.2089 -004.5387 -154.9997 +084.9956 +030.9766 0
L1 07    376 +015.9596 -000.2186 -005.3838 -094.9499 -002.8019 +100.1880 0
L1 08    376 +015.9047 -000.2643 -006.3754 -046.9561 -081.9219 +046.1302 0
L1 01    380 +015.9896 +000.1815 +001.3464 -085.6909 +001.2141 +001.8139 0
L1 02    380 +005.0148 +007.0876 +001.6777 -175.9354 +003.0412 -129.3484 0
L1 03    380 +016.0718 -000.6523 -000.8387 -091.6907 -000.0784 +092.0531 0
L1 04    380 +008.6748 +008.0104 +001.7773 -029.1440 -000.5897 +000.3847 0
L1 05    380 +014.3789 +010.1211 +001.9874 -108.9005 +000.7841 -005.8171 0
L1 06    380 +015.8272 -000.2087 -004.5386 -155.0053 +084.9964 +030.9700 0
L1 07    380 +015.9594 -000.2192 -005.3837 -094.9528 -002.8036 +100.1890 0
L1 08    380 +015.9046 -000.2642 -006.3752 -046.9620 -081.9213 +046.1373 0
L1 01    384 +015.9896 +000.1813 +001.3464 -085.6927 +001.2148 +001.8146 0
L1 02    384 +005.0148 +007.0876 +001.6777 -175.9362 +003.0411 -129.3485 0
L1 03    384 +016.0718 -000.6524 -000.8386 -091.6921 -000.0786 +092.0536 0
L1 04    384 +008.6749 +008.0103 +001.7773 -029.1452 -000.5896 +000.3851 0
L1 05    384 +014.3795 +010.1203 +001.9872 -108.9066 +000.7856 -005.8171 0
L1 06    384 +015.8272 -000.2090 -004.5387 -155.0109 +084.9957 +030.9677 0
L1 07    384 +015.9597 -000.2190 -005.3832 -094.9527 -002.8042 +100.1918 0
L1 08    384 +015.9046 -000.2643 -006.3752 -046.9623 -081.9215 +046.1360 0
L1 01    388 +015.9896 +000.1814 +001.3466 -085.6923 +001.2143 +001.8154 0
L1 02    388 +005.0148 +007.0876 +001.6777 -175.9360 +003.0413 -129.3483 0
L1 03    388 +016.0718 -000.6524 -000.8385 -091.6918 -000.0781 +092.0540 0
L1 04    388 +008.6749 +008.0103 +001.7773 -029.1452 -000.5891 +000.3850 0
L1 05    388 +014.3793 +010.1204 +001.9876 -108.9062 +000.7879 -005.8167 0
L1 06    388 +015.8272 -000.2091 -004.5386 -155.0125 +084.9961 +030.9667 0
L1 07    388 +015.9598 -000.2192 -005.3831 -094.9545 -002.8038 +100.1928 0
L1 08    388 +015.9047 -000.2645 -006.3752 -046.9642 -081.9217 +046.1366 0
L1 01    392 +015.9896 +000.1814 +001.3466 -085.6913 +001.2140 +001.8155 0
L1 02    392 +005.0148 +007.0876 +001.6777 -175.9353 +003.0413 -129.3484 0
L1 03    392 +016.0718 -000.6524 -000.8385 -091.6911 -000.0781 +092.0540 0
L1 04    392 +008.6748 +008.0104 +001.7773 -029.1440 -000.5892 +000.3849 0
L1 05    392 +014.3792 +010.1206 +001.9878 -108.9037 +000.7887 -005.8171 0
L1 06    392 +015.8270 -000.2090 -004.5389 -155.0130 +084.9939 +030.9647 0
L1 07    392 +015.9598 -000.2190 -005.3831 -094.9532 -002.8021 +100.1924 0
L1 08    392 +015.9046 -000.2644 -006.3752 -046.9677 -081.9201 +046.1417 0
L1 01    396 +015.9896 +000.1817 +001.3467 -085.6890 +001.2141 +001.8166 0
L1 02    396 +005.0148 +007.0876 +001.6777 -175.9355 +003.0412 -129.3483 0
L1 03    396 +016.0718 -000.6523 -000.8386 -091.6900 -000.0779 +092.0536 0
L1 04    396 +008.6748 +008.0104 +001.7773 -029.1439 -000.5895 +000.3849 0
L1 05    396 +014.3790 +010.1211 +001.9875 -108.9017 +000.7860 -005.8176 0
L1 06    396 +015.8271 -000.2091 -004.5388 -155.0172 +084.9947 +030.9610 0
L1 07    396 +015.9597 -000.2189 -005.3834 -094.9516 -002.8024 +100.1906 0
L1 08    396 +015.9046 -000.2642 -006.3754 -046.9643 -081.9184 +046.1400 0
L1 01    400 +015.9896 +000.1815 +001.3466 -085.6907 +001.2139 +001.8154 0
L1 02    400 +005.0148 +007.0876 +001.6777 -175.9356 +003.0412 -129.3483 0
L1 03    400 +016.0718 -000.6523 -000.8386 -091.6899 -000.0779 +092.0537 0
L1 04    400 +008.6748 +008.0104 +001.7773 -029.1436 -000.5897 +000.3849 0
L1 05    400 +014.3788 +010.1211 +001.9875 -108.8996 +000.7854 -005.8169 0
L1 06    400 +015.8272 -000.2091 -004.5387 -155.0048 +084.9956 +030.9738 0
L1 07    400 +015.9597 -000.2191 -005.3835 -094.9519 -002.8034 +100.1896 0
L1 08    400 +015.9046 -000.2641 -006.3753 -046.9697 -081.9184 +046.1455 0
L1 01    404 +015.9896 +000.1818 +001.3469 -085.6879 +001.2132 +001.8177 0
L1 02    404 +005.0148 +007.0876 +001.6777 -175.9357 +003.0411 -129.3480 0
L1 03    404 +016.0718 -000.6521 -000.8386 -091.6886 -000.0785 +092.0538 0
L1 04    404 +008.6748 +008.0105 +001.7773 -029.1434 -000.5897 +000.3849 0
L1 05    404 +014.3787 +010.1215 +001.9875 -108.8971 +000.7845 -005.8160 0
L1 06    404 +015.8271 -000.2089 -004.5385 -154.9917 +084.9963 +030.9844 0
L1 07    404 +015.9596 -000.2188 -005.3835 -094.9504 -002.8026 +100.1891 0
L1 08    404 +015.9046 -000.2640 -006.3752 -046.9746 -081.9180 +046.1518 0
L1 01    408 +015.9896 +000.1814 +001.3467 -085.6918 +001.2136 +001.8158 0
L1 02    408 +005.0148 +007.0876 +001.6777 -175.9363 +003.0410 -129.3481 0
L1 03    408 +016.0717 -000.6524 -000.8386 -091.6915 -000.0788 +092.0536 0
L1 04    408 +008.6749 +008.0103 +001.7773 -029.1453 -000.5892 +000.3851 0
L1 05    408 +014.3790 +010.1211 +001.9873 -108.9009 +000.7846 -005.8177 0
L1 06    408 +015.8273 -000.2090 -004.5384 -154.9819 +084.9968 +030.9960 0
L1 07    408 +015.9596 -000.2187 -005.3836 -094.9508 -002.8025 +100.1891 0
L1 08    408 +015.9046 -000.2642 -006.3752 -046.9679 -081.9189 +046.1427 0
L1 01    412 +015.9896 +000.1815 +001.3466 -085.6912 +001.2149 +001.8153 0
L1 02    412 +005.0148 +007.0876 +001.6777 -175.9361 +003.0412 -129.3485 0
L1 03    412 +016.0718 -000.6526 -000.8385 -091.6922 -000.0788 +092.0541 0
L1 04    412 +008.6748 +008.0103 +001.7773 -029.1450 -000.5892 +000.3853 0
L1 05    412 +014.3793 +010.1207 +001.9874 -108.9045 +000.7860 -005.8178 0
L1 06    412 +015.8272 -000.2089 -004.5384 -154.9828 +084.9969 +030.9934 0
L1 07    412 +015.9596 -000.2186 -005.3835 -094.9507 -002.8013 +100.1898 0
L1 08    412 +015.9046 -000.2645 -006.3753 -046.9657 -081.9195 +046.1399 0
L1 01    416 +015.9896 +000.1815 +001.3467 -085.6913 +001.2139 +001.8163 0
L1 02    416 +005.0148 +007.0876 +001.6777 -175.9364 +003.0409 -129.3483 0
L1 03    416 +016.0717 -000.6525 -000.8384 -091.6919 -000.0787 +092.0551 0
L1 04    416 +008.6748 +008.0103 +001.7773 -029.1445 -000.5892 +000.3848 0
L1 05    416 +014.3794 +010.1207 +001.9872 -108.9045 +000.7856 -005.8193 0
L1 06    416 +015.8272 -000.2093 -004.5385 -154.9908 +084.9956 +030.9881 0
L1 07    416 +015.9595 -000.2191 -005.3835 -094.9533 -002.8024 +100.1899 0
L1 08    416 +015.9046 -000.2643 -006.3751 -046.9741 -081.9186 +046.1486 0
L1 01    420 +015.9896 +000.1816 +001.3466 -085.6905 +001.2148 +001.8160 0
L1 02    420 +005.0148 +007.0875 +001.6777 -175.9365 +003.0410 -129.3484 0
L1 03    420 +016.0717 -000.6526 -000.8383 -091.6922 -000.0783 +092.0555 0
L1 04    420 +008.6748 +008.0103 +001.7773 -029.1447 -000.5891 +000.3850 0
L1 05    420 +014.3793 +010.1207 +001.9874 -108.9052 +000.7861 -005.8187 0
L1 06    420 +015.8271 -000.2096 -004.5387 -154.9924 +084.9947 +030.9890 0
L1 07    420 +015.9595 -000.2188 -005.3835 -094.9516 -002.8014 +100.1890 0
L1 08    420 +015.9046 -000.2644 -006.3753 -046.9703 -081.9179 +046.1448 0
L1 01    424 +015.9896 +000.1816 +001.3463 -085.6906 +001.2149 +001.8140 0
L1 02    424 +005.0148 +007.0876 +001.6777 -175.9361 +003.0410 -129.3485 0
L1 03    424 +016.0718 -000.6526 -000.8383 -091.6922 -000.0785 +092.0553 0
L1 04    424 +008.6748 +008.0104 +001.7773 -029.1443 -000.5893 +000.3847 0
L1 05    424 +014.3790 +010.1212 +001.9878 -108.9006 +000.7873 -005.8160 0
L1 06    424 +015.8272 -000.2092 -004.5386 -154.9908 +084.9964 +030.9878 0
L1 07    424 +015.9596 -000.2192 -005.3833 -094.9533 -002.8012 +100.1912 0
L1 08    424 +015.9047 -000.2645 -006.3753 -046.9794 -081.9178 +046.1531 0
L1 01    428 +015.9896 +000.1814 +001.3464 -085.6906 +001.2136 +001.8141 0
L1 02    428 +005.0148 +007.0876 +001.6777 -175.9355 +003.0408 -129.3482 0
L1 03    428 +016.0718 -000.6522 -000.8384 -091.6891 -000.0783 +092.0546 0
L1 04    428 +008.6747 +008.0104 +001.7773 -029.1435 -000.5896 +000.3848 0
L1 05    428 +014.3788 +010.1216 +001.9874 -108.8977 +000.7844 -005.8155 0
L1 06    428 +015.8271 -000.2088 -004.5390 -155.0408 +084.9947 +030.9356 0
L1 07    428 +015.9596 -000.2185 -005.3834 -094.9491 -002.7990 +100.1904 0
L1 08    428 +015.9046 -000.2641 -006.3753 -046.9883 -081.9158 +046.1652 0
L1 01    432 +015.9896 +000.1814 +001.3465 -085.6910 +001.2134 +001.8146 0
L1 02    432 +005.0148 +007.0876 +001.6777 -175.9353 +003.0409 -129.3483 0
L1 03    432 +016.0718 -000.6520 -000.8386 -091.6883 -000.0784 +092.0539 0
L1 04    432 +008.6748 +008.0105 +001.7773 -029.1436 -000.5897 +000.3849 0
L1 05    432 +014.3790 +010.1212 +001.9875 -108.9009 +000.7850 -005.8163 0
L1 06    432 +015.8271 -000.2091 -004.5390 -155.0115 +084.9932 +030.9667 0
L1 07    432 +015.9596 -000.2186 -005.3836 -094.9490 -002.8007 +100.1895 0
L1 08    432 +015.9046 -000.2640 -006.3754 -046.9886 -081.9148 +046.1660 0
L1 01    436 +015.9896 +000.1814 +001.3464 -085.6915 +001.2139 +001.8145 0
L1 02    436 +005.0148 +007.0876 +001.6777 -175.9354 +003.0411 -129.3482 0
L1 03    436 +016.0718 -000.6523 -000.8386 -091.6903 -000.0781 +092.0538 0
L1 04    436 +008.6747 +008.0104 +001.7773 -029.1435 -000.5896 +000.3852 0
L1 05    436 +014.3791 +010.1209 +001.9877 -108.9023 +000.7864 -005.8159 0
L1 06    436 +015.8271 -000.2090 -004.5389 -154.9940 +084.9934 +030.9833 0
L1 07    436 +015.9596 -000.2184 -005.3834 -094.9478 -002.8016 +100.1907 0
L1 08    436 +015.9047 -000.2642 -006.3753 -046.9887 -081.9168 +046.1644 0
L1 01    440 +015.9896 +000.1815 +001.3462 -085.6906 +001.2144 +001.8129 0
L1 02    440 +005.0148 +007.0876 +001.6777 -175.9353 +003.0412 -129.3483 0
L1 03    440 +016.0718 -000.6524 -000.8385 -091.6904 -000.0780 +092.0538 0
L1 04    440 +008.6748 +008.0104 +001.7773 -029.1436 -000.5897 +000.3850 0
L1 05    440 +014.3793 +010.1209 +001.9876 -108.9019 +000.7850 -005.8172 0
L1 06    440 +015.8272 -000.2086 -004.5388 -155.0050 +084.9945 +030.9681 0
L1 07    440 +015.9597 -000.2187 -005.3833 -094.9501 -002.8009 +100.1910 0
L1 08    440 +015.9047 -000.2641 -006.3752 -046.9959 -081.9162 +046.1722 0
L1 01    444 +015.9896 +000.1815 +001.3465 -085.6912 +001.2142 +001.8150 0
L1 02    444 +005.0148 +007.0876 +001.6777 -175.9357 +003.0411 -129.3483 0
L1 03    444 +016.0718 -000.6525 -000.8384 -091.6917 -000.0782 +092.0549 0
L1 04    444 +008.6748 +008.0104 +001.7773 -029.1447 -000.5891 +000.3851 0
L1 05    444 +014.3790 +010.1209 +001.9878 -108.9012 +000.7876 -005.8159 0
L1 06    444 +015.8272 -000.2093 -004.5386 -154.9825 +084.9947 +030.9970 0
L1 07    444 +015.9598 -000.2190 -005.3832 -094.9517 -002.8033 +100.1924 0
L1 08    444 +015.9046 -000.2644 -006.3753 -046.9895 -081.9161 +046.1640 0
L1 01    448 +015.9896 +000.1813 +001.3464 -085.6927 +001.2147 +001.8145 0
L1 02    448 +005.0148 +007.0876 +001.6777 -175.9358 +003.0409 -129.3483 0
L1 03    448 +016.0718 -000.6524 -000.8384 -091.6920 -000.0780 +092.0551 0
L1 04    448 +008.6748 +008.0104 +001.7773 -029.1445 -000.5892 +000.3850 0
L1 05    448 +014.3792 +010.1208 +001.9877 -108.9025 +000.7865 -005.8165 0
L1 06    448 +015.8271 -000.2094 -004.5389 -154.9930 +084.9943 +030.9879 0
L1 07    448 +015.9598 -000.2191 -005.3829 -094.9533 -002.8035 +100.1946 0
L1 08    448 +015.9047 -000.2645 -006.3751 -046.9966 -081.9159 +046.1703 0
L1 01    452 +015.9896 +000.1813 +001.3464 -085.6922 +001.2148 +001.8149 0
L1 02    452 +005.0148 +007.0876 +001.6777 -175.9356 +003.0410 -129.3482 0
L1 03    452 +016.0717 -000.6525 -000.8383 -091.6921 -000.0778 +092.0554 0
L1 04    452 +008.6748 +008.0104 +001.7773 -029.1445 -000.5893 +000.3848 0
L1 05    452 +014.3794 +010.1203 +001.9873 -108.9051 +000.7856 -005.8185 0
L1 06    452 +015.8271 -000.2091 -004.5388 -154.9848 +084.9944 +030.9946 0
L1 07    452 +015.9597 -000.2188 -005.3831 -094.9517 -002.8008 +100.1923 0
L1 08    452 +015.9047 -000.2645 -006.3752 -046.9933 -081.9149 +046.1671 0
L1 01    456 +015.9896 +000.1813 +001.3463 -085.6927 +001.2146 +001.8138 0
L1 02    456 +005.0148 +007.0876 +001.6777 -175.9359 +003.0409 -129.3482 0
L1 03    456 +016.0717 -000.6525 -000.8386 -091.6919 -000.0784 +092.0537 0
L1 04    456 +008.6748 +008.0104 +001.7773 -029.1446 -000.5894 +000.3848 0
L1 05    456 +014.3793 +010.1206 +001.9872 -108.9034 +000.7841 -005.8173 0
L1 06    456 +015.8271 -000.2091 -004.5388 -154.9840 +084.9941 +030.9949 0
L1 07    456 +015.9597 -000.2188 -005.3832 -094.9513 -002.8017 +100.1918 0
L1 08    456 +015.9048 -000.2645 -006.3751 -046.9977 -081.9154 +046.1713 0
L1 01    460 +015.9896 +000.1812 +001.3465 -085.6926 +001.2142 +001.8148 0
L1 02    460 +005.0148 +007.0876 +001.6777 -175.9356 +003.0409 -129.3483 0
L1 03    460 +016.0718 -000.6523 -000.8386 -091.6908 -000.0786 +092.0536 0
L1 04    460 +008.6748 +008.0104 +001.7773 -029.1441 -000.5895 +000.3849 0
L1 05    460 +014.3789 +010.1213 +001.9873 -108.8990 +000.7834 -005.8167 0
L1 06    460 +015.8272 -000.2091 -004.5387 -154.9737 +084.9945 +031.0044 0
L1 07    460 +015.9596 -000.2186 -005.3836 -094.9502 -002.8013 +100.1906 0
L1 08    460 +015.9047 -000.2644 -006.3753 -047.0006 -081.9138 +046.1750 0
L1 01    464 +015.9896 +000.1816 +001.3464 -085.6891 +001.2145 +001.8142 0
L1 02    464 +005.0148 +007.0876 +001.6777 -175.9355 +003.0410 -129.3481 0
L1 03    464 +016.0718 -000.6523 -000.8385 -091.6896 -000.0776 +092.0540 0
L1 04    464 +008.6747 +008.0105 +001.7773 -029.1429 -000.5894 +000.3846 0
L1 05    464 +014.3787 +010.1215 +001.9871 -108.8970 +000.7832 -005.8185 0
L1 06    464 +015.8272 -000.2088 -004.5386 -154.9948 +084.9961 +030.9810 0
L1 07    464 +015.9595 -000.2187 -005.3836 -094.9490 -002.8007 +100.1897 0
L1 08    464 +015.9047 -000.2641 -006.3752 -047.0107 -081.9132 +046.1898 0
L1 01    468 +015.9896 +000.1815 +001.3464 -085.6899 +001.2143 +001.8146 0
L1 02    468 +005.0148 +007.0876 +001.6777 -175.9355 +003.0409 -129.3481 0
L1 03    468 +016.0718 -000.6523 -000.8384 -091.6898 -000.0778 +092.0549 0
L1 04    468 +008.6747 +008.0105 +001.7773 -029.1433 -000.5896 +000.3851 0
L1 05    468 +014.3787 +010.1217 +001.9873 -108.8968 +000.7843 -005.8165 0
L1 06    468 +015.8272 -000.2091 -004.5388 -155.0038 +084.9956 +030.9740 0
L1 07    468 +015.9597 -000.2186 -005.3833 -094.9495 -002.8002 +100.1915 0
L1 08    468 +015.9047 -000.2641 -006.3753 -047.0007 -081.9131 +046.1779 0
L1 01    472 +015.9896 +000.1814 +001.3466 -085.6909 +001.2138 +001.8159 0
L1 02    472 +005.0148 +007.0876 +001.6777 -175.9357 +003.0408 -129.3482 0
L1 03    472 +016.0718 -000.6523 -000.8387 -091.6901 -000.0783 +092.0535 0
L1 04    472 +008.6748 +008.0104 +001.7773 -029.1438 -000.5898 +000.3853 0
L1 05    472 +014.3788 +010.1215 +001.9875 -108.8980 +000.7847 -005.8160 0
L1 06    472 +015.8272 -000.2092 -004.5388 -155.0035 +084.9952 +030.9754 0
L1 07    472 +015.9597 -000.2189 -005.3836 -094.9506 -002.8015 +100.1906 0
L1 08    472 +015.9046 -000.2642 -006.3755 -046.9916 -081.9114 +046.1678 0
L1 01    476 +015.9896 +000.1815 +001.3466 -085.6893 +001.2140 +001.8167 0
L1 02    476 +005.0148 +007.0876 +001.6777 -175.9355 +003.0409 -129.3480 0
L1 03    476 +016.0717 -000.6522 -000.8384 -091.6887 -000.0776 +092.0555 0
L1 04    476 +008.6747 +008.0105 +001.7773 -029.1433 -000.5895 +000.3852 0
L1 05    476 +014.3790 +010.1213 +001.9872 -108.8991 +000.7843 -005.8178 0
L1 06    476 +015.8271 -000.2092 -004.5389 -155.0084 +084.9943 +030.9699 0
L1 07    476 +015.9597 -000.2189 -005.3832 -094.9503 -002.8015 +100.1922 0
L1 08    476 +015.9046 -000.2642 -006.3753 -047.0043 -081.9115 +046.1805 0
L1 01    480 +015.9897 +000.1816 +001.3468 -085.6898 +001.2141 +001.8175 0
L1 02    480 +005.0148 +007.0876 +001.6777 -175.9358 +003.0410 -129.3482 0
L1 03    480 +016.0717 -000.6525 -000.8385 -091.6915 -000.0781 +092.0548 0
L1 04    480 +008.6747 +008.0104 +001.7773 -029.1437 -000.5895 +000.3853 0
L1 05    480 +014.3791 +010.1211 +001.9872 -108.9014 +000.7838 -005.8188 0
L1 06    480 +015.8270 -000.2098 -004.5390 -154.9936 +084.9920 +030.9891 0
L1 07    480 +015.9596 -000.2189 -005.3837 -094.9512 -002.8025 +100.1893 0
L1 08    480 +015.9046 -000.2644 -006.3754 -046.9948 -081.9114 +046.1696 0
L1 01    484 +015.9896 +000.1814 +001.3467 -085.6913 +001.2138 +001.8164 0
L1 02    484 +005.0148 +007.0876 +001.6777 -175.9356 +003.0410 -129.3483 0
L1 03    484 +016.0718 -000.6523 -000.8385 -091.6906 -000.0781 +092.0544 0
L1 04    484 +008.6748 +008.0104 +001.7773 -029.1445 -000.5896 +000.3853 0
L1 05    484 +014.3793 +010.1208 +001.9872 -108.9024 +000.7847 -005.8204 0
L1 06    484 +015.8272 -000.2091 -004.5385 -154.9770 +084.9963 +031.0026 0
L1 07    484 +015.9598 -000.2187 -005.3831 -094.9510 -002.8008 +100.1930 0
L1 08    484 +015.9046 -000.2644 -006.3754 -047.0021 -081.9111 +046.1766 0
L1 01    488 +015.9896 +000.1814 +001.3466 -085.6914 +001.2141 +001.8159 0
L1 02    488 +005.0148 +007.0876 +001.6777 -175.9355 +003.0411 -129.3483 0
L1 03    488 +016.0717 -000.6525 -000.8385 -091.6919 -000.0781 +092.0542 0
L1 04    488 +008.6749 +008.0103 +001.7773 -029.1449 -000.5895 +000.3855 0
L1 05    488 +014.3790 +010.1210 +001.9872 -108.9011 +000.7851 -005.8205 0
L1 06    488 +015.8271 -000.2092 -004.5389 -154.9903 +084.9946 +030.9889 0
L1 07    488 +015.9597 -000.2184 -005.3831 -094.9503 -002.7996 +100.1920 0
L1 08    488 +015.9046 -000.2646 -006.3754 -047.0045 -081.9111 +046.1778 0
L1 01    492 +015.9896 +000.1813 +001.3467 -085.6917 +001.2141 +001.8161 0
L1 02    492 +005.0148 +007.0876 +001.6777 -175.9358 +003.0411 -129.3482 0
L1 03    492 +016.0717 -000.6523 -000.8385 -091.6906 -000.0781 +092.0546 0
L1 04    492 +008.6748 +008.0103 +001.7773 -029.1447 -000.5897 +000.3852 0
L1 05    492 +014.3790 +010.1209 +001.9870 -108.9015 +000.7846 -005.8212 0
L1 06    492 +015.8272 -000.2095 -004.5387 -154.9831 +084.9943 +030.9973 0
L1 07    492 +015.9598 -000.2188 -005.3830 -094.9513 -002.8011 +100.1927 0
L1 08    492 +015.9046 -000.2645 -006.3753 -047.0084 -081.9108 +046.1825 0
L1 01    496 +015.9896 +000.1815 +001.3465 -085.6905 +001.2141 +001.8146 0
L1 02    496 +005.0147 +007.0876 +001.6777 -175.9349 +003.0412 -129.3482 0
L1 03    496 +016.0718 -000.6524 -000.8386 -091.6911 -000.0782 +092.0537 0
L1 04    496 +008.6748 +008.0104 +001.7773 -029.1442 -000.5897 +000.3852 0
L1 05    496 +014.3791 +010.1209 +001.9875 -108.9018 +000.7865 -005.8179 0
L1 06    496 +015.8271 -000.2095 -004.5387 -155.0020 +084.9956 +030.9782 0
L1 07    496 +015.9597 -000.2179 -005.3831 -094.9463 -002.7996 +100.1918 0
L1 08    496 +015.9047 -000.2644 -006.3752 -047.0163 -081.9108 +046.1916 0
L1 01    500 +015.9896 +000.1816 +001.3463 -085.6881 +001.2138 +001.8121 0
L1 02    500 +005.0147 +007.0876 +001.6777 -175.9347 +003.0413 -129.3482 0
L1 03    500 +016.0718 -000.6522 -000.8387 -091.6890 -000.0786 +092.0526 0
L1 04    500 +008.6747 +008.0105 +001.7773 -029.1435 -000.5900 +000.3852 0
L1 05    500 +014.3792 +010.1208 +001.9878 -108.9016 +000.7873 -005.8185 0
L1 06    500 +015.8272 -000.2094 -004.5386 -154.9924 +084.9960 +030.9858 0
L1 07    500 +015.9597 -000.2180 -005.3831 -094.9457 -002.7989 +100.1920 0
L1 08    500 +015.9046 -000.2642 -006.3753 -047.0222 -081.9095 +046.1988 0
L1 01    504 +015.9896 +000.1817 +001.3465 -085.6878 +001.2147 +001.8145 0
L1 02    504 +005.0147 +007.0876 +001.6777 -175.9349 +003.0413 -129.3482 0
L1 03    504 +016.0718 -000.6523 -000.8387 -091.6895 -000.0780 +092.0530 0
L1 04    504 +008.6747 +008.0105 +001.7773 -029.1434 -000.5897 +000.3851 0
L1 05    504 +014.3790 +010.1211 +001.9877 -108.9007 +000.7871 -005.8177 0
L1 06    504 +015.8271 -000.2094 -004.5388 -155.0064 +084.9949 +030.9722 0
L1 07    504 +015.9595 -000.2180 -005.3836 -094.9458 -002.7998 +100.1890 0
L1 08    504 +015.9046 -000.2642 -006.3754 -047.0192 -081.9087 +046.1955 0
L1 01    508 +015.9896 +000.1816 +001.3465 -085.6894 +001.2145 +001.8147 0
L1 02    508 +005.0147 +007.0876 +001.6777 -175.9348 +003.0414 -129.3483 0
L1 03    508 +016.0718 -000.6524 -000.8386 -091.6909 -000.0782 +092.0533 0
L1 04    508 +008.6748 +008.0104 +001.7773 -029.1437 -000.5896 +000.3850 0
L1 05    508 +014.3789 +010.1213 +001.9876 -108.8993 +000.7869 -005.8173 0
L1 06    508 +015.8271 -000.2091 -004.5389 -155.0010 +084.9947 +030.9764 0
L1 07    508 +015.9595 -000.2186 -005.3835 -094.9492 -002.8006 +100.1900 0
L1 08    508 +015.9045 -000.2643 -006.3755 -047.0131 -081.9082 +046.1891 0
L1 01    512 +015.9896 +000.1814 +001.3465 -085.6901 +001.2133 +001.8147 0
L1 02    512 +005.0147 +007.0876 +001.6777 -175.9345 +003.0412 -129.3479 0
L1 03    512 +016.0717 -000.6520 -000.8386 -091.6882 -000.0785 +092.0534 0
L1 04    512 +008.6747 +008.0105 +001.7773 -029.1432 -000.5898 +000.3849 0
L1 05    512 +014.3789 +010.1212 +001.9873 -108.9000 +000.7853 -005.8194 0
L1 06    512 +015.8272 -000.2089 -004.5387 -155.0014 +084.9947 +030.9740 0
L1 07    512 +015.9596 -000.2183 -005.3834 -094.9468 -002.7997 +100.1907 0
L1 08    512 +015.9046 -000.2637 -006.3754 -047.0234 -081.9060 +046.2030 0
L1 01    516 +015.9896 +000.1813 +001.3465 -085.6914 +001.2138 +001.8147 0
L1 02    516 +005.0148 +007.0876 +001.6777 -175.9353 +003.0411 -129.3482 0
L1 03    516 +016.0718 -000.6523 -000.8385 -091.6905 -000.0785 +092.0542 0
L1 04    516 +008.6748 +008.0104 +001.7773 -029.1442 -000.5897 +000.3855 0
L1 05    516 +014.3792 +010.1209 +001.9876 -108.9031 +000.7868 -005.8177 0
L1 06    516 +015.8272 -000.2095 -004.5388 -154.9769 +084.9940 +031.0021 0
L1 07    516 +015.9596 -000.2185 -005.3835 -094.9493 -002.8004 +100.1900 0
L1 08    516 +015.9047 -000.2642 -006.3752 -047.0245 -081.9094 +046.1998 0
L1 01    520 +015.9895 +000.1813 +001.3465 -085.6919 +001.2136 +001.8141 0
L1 02    520 +005.0148 +007.0876 +001.6777 -175.9353 +003.0410 -129.3483 0
L1 03    520 +016.0718 -000.6525 -000.8387 -091.6914 -000.0784 +092.0529 0
L1 04    520 +008.6748 +008.0104 +001.7773 -029.1444 -000.5895 +000.3849 0
L1 05    520 +014.3790 +010.1209 +001.9879 -108.9019 +000.7879 -005.8167 0
L1 06    520 +015.8272 -000.2094 -004.5387 -154.9916 +084.9952 +030.9877 0
L1 07    520 +015.9597 -000.2190 -005.3833 -094.9536 -002.7997 +100.1920 0
L1 08    520 +015.9046 -000.2643 -006.3754 -047.0214 -081.9084 +046.1965 0
L1 01    524 +015.9896 +000.1814 +001.3464 -085.6911 +001.2140 +001.8141 0
L1 02    524 +005.0148 +007.0876 +001.6777 -175.9352 +003.0410 -129.3480 0
L1 03    524 +016.0717 -000.6524 -000.8385 -091.6914 -000.0783 +092.0536 0
L1 04    524 +008.6748 +008.0104 +001.7773 -029.1441 -000.5896 +000.3852 0
L1 05    524 +014.3790 +010.1211 +001.9870 -108.9009 +000.7845 -005.8208 0
L1 06    524 +015.8272 -000.2094 -004.5386 -154.9824 +084.9948 +030.9972 0
L1 07    524 +015.9596 -000.2190 -005.3836 -094.9527 -002.8008 +100.1886 0
L1 08    524 +015.9046 -000.2643 -006.3753 -047.0219 -081.9075 +046.1968 0
L1 01    528 +015.9896 +000.1816 +001.3462 -085.6900 +001.2143 +001.8123 0
L1 02    528 +005.0148 +007.0876 +001.6777 -175.9352 +003.0413 -129.3483 0
L1 03    528 +016.0718 -000.6526 -000.8385 -091.6922 -000.0782 +092.0535 0
L1 04    528 +008.6748 +008.0103 +001.7773 -029.1444 -000.5893 +000.3851 0
L1 05    528 +014.3788 +010.1214 +001.9874 -108.8988 +000.7847 -005.8171 0
L1 06    528 +015.8272 -000.2090 -004.5387 -154.9878 +084.9945 +030.9895 0
L1 07    528 +015.9596 -000.2189 -005.3833 -094.9523 -002.8000 +100.1909 0
L1 08    528 +015.9046 -000.2646 -006.3753 -047.0226 -081.9075 +046.1971 0
L1 01    532 +015.9896 +000.1815 +001.3463 -085.6907 +001.2138 +001.8128 0
L1 02    532 +005.0148 +007.0876 +001.6777 -175.9353 +003.0411 -129.3482 0
L1 03    532 +016.0718 -000.6524 -000.8386 -091.6912 -000.0784 +092.0533 0
L1 04    532 +008.6748 +008.0104 +001.7773 -029.1440 -000.5896 +000.3851 0
L1 05    532 +014.3792 +010.1207 +001.9876 -108.9031 +000.7865 -005.8180 0
L1 06    532 +015.8270 -000.2089 -004.5391 -154.9949 +084.9927 +030.9818 0
L1 07    532 +015.9597 -000.2188 -005.3831 -094.9518 -002.7984 +100.1923 0
L1 08    532 +015.9045 -000.2644 -006.3755 -047.0197 -081.9064 +046.1954 0
L1 01    536 +015.9896 +000.1817 +001.3464 -085.6882 +001.2140 +001.8140 0
L1 02    536 +005.0148 +007.0876 +001.6777 -175.9350 +003.0412 -129.3481 0
L1 03    536 +016.0717 -000.6523 -000.8385 -091.6898 -000.0780 +092.0537 0
L1 04    536 +008.6747 +008.0105 +001.7773 -029.1431 -000.5895 +000.3846 0
L1 05    536 +014.3792 +010.1209 +001.9873 -108.9010 +000.7847 -005.8190 0
L1 06    536 +015.8271 -000.2088 -004.5388 -154.9810 +084.9937 +030.9949 0
L1 07    536 +015.9599 -000.2187 -005.3830 -094.9503 -002.7981 +100.1928 0
L1 08    536 +015.9046 -000.2642 -006.3754 -047.0295 -081.9058 +046.2070 0
L1 01    540 +015.9896 +000.1816 +001.3463 -085.6891 +001.2140 +001.8137 0
L1 02    540 +005.0147 +007.0876 +001.6777 -175.9346 +003.0411 -129.3478 0
L1 03    540 +016.0717 -000.6523 -000.8384 -091.6897 -000.0776 +092.0543 0
L1 04    540 +008.6747 +008.0105 +001.7773 -029.1434 -000.5897 +000.3848 0
L1 05    540 +014.3788 +010.1213 +001.9875 -108.8986 +000.7849 -005.8195 0
L1 06    540 +015.8272 -000.2089 -004.5388 -154.9742 +084.9938 +031.0018 0
L1 07    540 +015.9597 -000.2189 -005.3832 -094.9521 -002.7986 +100.1923 0
L1 08    540 +015.9047 -000.2642 -006.3753 -047.0357 -081.9056 +046.2127 0
L1 01    544 +015.9896 +000.1813 +001.3464 -085.6906 +001.2132 +001.8143 0
L1 02    544 +005.0148 +007.0876 +001.6777 -175.9351 +003.0410 -129.3480 0
L1 03    544 +016.0717 -000.6518 -000.8383 -091.6873 -000.0778 +092.0551 0
L1 04    544 +008.6747 +008.0104 +001.7773 -029.1436 -000.5897 +000.3847 0
L1 05    544 +014.3789 +010.1213 +001.9873 -108.8985 +000.7851 -005.8200 0
L1 06    544 +015.8272 -000.2090 -004.5386 -154.9721 +084.9951 +031.0047 0
L1 07    544 +015.9596 -000.2187 -005.3833 -094.9510 -002.7978 +100.1915 0
L1 08    544 +015.9046 -000.2639 -006.3754 -047.0378 -081.9043 +046.2159 0
L1 01    548 +015.9896 +000.1817 +001.3466 -085.6875 +001.2140 +001.8154 0
L1 02    548 +005.0147 +007.0876 +001.6777 -175.9346 +003.0413 -129.3480 0
L1 03    548 +016.0717 -000.6523 -000.8384 -091.6881 -000.0777 +092.0550 0
L1 04    548 +008.6746 +008.0106 +001.7773 -029.1417 -000.5898 +000.3849 0
L1 05    548 +014.3788 +010.1215 +001.9878 -108.8975 +000.7867 -005.8178 0
L1 06    548 +015.8271 -000.2088 -004.5388 -154.9979 +084.9947 +030.9769 0
L1 07    548 +015.9596 -000.2185 -005.3834 -094.9490 -002.7973 +100.1904 0
L1 08    548 +015.9046 -000.2638 -006.3754 -047.0463 -081.9027 +046.2268 0
L1 01    552 +015.9896 +000.1816 +001.3467 -085.6884 +001.2143 +001.8168 0
L1 02    552 +005.0147 +007.0876 +001.6777 -175.9348 +003.0412 -129.3481 0
L1 03    552 +016.0718 -000.6523 -000.8384 -091.6894 -000.0778 +092.0555 0
L1 04    552 +008.6747 +008.0104 +001.7773 -029.1436 -000.5898 +000.3854 0
L1 05    552 +014.3789 +010.1212 +001.9876 -108.9000 +000.7853 -005.8183 0
L1 06    552 +015.8271 -000.2090 -004.5389 -154.9943 +084.9939 +030.9821 0
L1 07    552 +015.9597 -000.2188 -005.3833 -094.9499 -002.7980 +100.1914 0
L1 08    552 +015.9046 -000.2641 -006.3754 -047.0398 -081.9041 +046.2174 0
L1 01    556 +015.9896 +000.1815 +001.3467 -085.6892 +001.2141 +001.8168 0
L1 02    556 +005.0148 +007.0876 +001.6777 -175.9353 +003.0411 -129.3481 0
L1 03    556 +016.0718 -000.6522 -000.8384 -091.6895 -000.0781 +092.0550 0
L1 04    556 +008.6748 +008.0104 +001.7773 -029.1439 -000.5896 +000.3853 0
L1 05    556 +014.3791 +010.1209 +001.9874 -108.9023 +000.7848 -005.8189 0
L1 06    556 +015.8271 -000.2088 -004.5387 -154.9853 +084.9950 +030.9898 0
L1 07    556 +015.9597 -000.2186 -005.3833 -094.9494 -002.7986 +100.1912 0
L1 08    556 +015.9047 -000.2642 -006.3753 -047.0426 -081.9040 +046.2189 0
L1 01    560 +015.9896 +000.1815 +001.3465 -085.6898 +001.2138 +001.8150 0
L1 02    560 +005.0148 +007.0876 +001.6777 -175.9351 +003.0412 -129.3481 0
L1 03    560 +016.0718 -000.6523 -000.8385 -091.6897 -000.0780 +092.0542 0
L1 04    560 +008.6748 +008.0104 +001.7773 -029.1441 -000.5897 +000.3852 0
L1 05    560 +014.3792 +010.1209 +001.9874 -108.9019 +000.7853 -005.8188 0
L1 06    560 +015.8271 -000.2091 -004.5389 -154.9831 +084.9942 +030.9939 0
L1 07    560 +015.9597 -000.2185 -005.3834 -094.9493 -002.7985 +100.1906 0
L1 08    560 +015.9046 -000.2643 -006.3754 -047.0407 -081.9036 +046.2169 0
L1 01    564 +015.9896 +000.1814 +001.3466 -085.6905 +001.2145 +001.8153 0
L1 02    564 +005.0148 +007.0876 +001.6777 -175.9352 +003.0411 -129.3481 0
L1 03    564 +016.0718 -000.6524 -000.8384 -091.6907 -000.0782 +092.0549 0
L1 04    564 +008.6749 +008.0103 +001.7773 -029.1450 -000.5894 +000.3855 0
L1 05    564 +014.3796 +010.1203 +001.9873 -108.9077 +000.7851 -005.8201 0
L1 06    564 +015.8271 -000.2096 -004.5386 -154.9702 +084.9950 +031.0110 0
L1 07    564 +015.9596 -000.2192 -005.3834 -094.9527 -002.7997 +100.1901 0
L1 08    564 +015.9047 -000.2644 -006.3754 -047.0443 -081.9037 +046.2199 0
