L1 01      3 +016.1490 +000.2074 +001.3526 -093.6430 +001.6627 +002.3580 0
L1 02      3 +007.4465 +005.5198 +001.6839 -095.0358 +006.5313 -149.6292 0
L1 03      3 +016.2669 -000.4515 -000.6780 -092.6669 +006.5011 +087.0190 0
L1 04      3 +012.4861 -000.6160 -000.6478 -123.7682 +022.7222 -155.3564 0
L1 05      3 +013.3495 +001.0646 -001.8116 -161.2308 -079.4111 -021.8537 0
L1 06      3 +013.4242 +000.2590 -002.1791 -164.2750 -077.3763 -020.3710 0
L1 07      3 +013.2513 -000.6399 -001.7212 -129.8168 -082.8158 -041.5276 0
L1 08      3 +013.2827 -001.6025 -001.3592 -116.6856 -078.6438 -066.3499 0
L1 01      7 +016.1490 +000.2075 +001.3525 -093.6423 +001.6629 +002.3571 0
L1 02      7 +007.4466 +005.5198 +001.6839 -095.0357 +006.5313 -149.6286 0
L1 03      7 +016.2669 -000.4515 -000.6780 -092.6662 +006.5009 +087.0188 0
L1 04      7 +012.4861 -000.6159 -000.6478 -123.7671 +022.7219 -155.3567 0
L1 05      7 +013.3495 +001.0646 -001.8116 -161.2321 -079.4109 -021.8524 0
L1 06      7 +013.4243 +000.2590 -002.1789 -164.2776 -077.3753 -020.3687 0
L1 07      7 +013.2512 -000.6398 -001.7213 -129.8160 -082.8164 -041.5282 0
L1 08      7 +013.2827 -001.6025 -001.3592 -116.6824 -078.6439 -066.3519 0
L1 01     11 +016.1490 +000.2076 +001.3527 -093.6411 +001.6630 +002.3596 0
L1 02     11 +007.4466 +005.5197 +001.6839 -095.0359 +006.5313 -149.6283 0
L1 03     11 +016.2668 -000.4515 -000.6778 -092.6658 +006.5003 +087.0199 0
L1 04     11 +012.4861 -000.6159 -000.6478 -123.7669 +022.7213 -155.3568 0
L1 05     11 +013.3495 +001.0646 -001.8118 -161.2333 -079.4123 -021.8516 0
L1 06     11 +013.4243 +000.2587 -002.1788 -164.2840 -077.3753 -020.3639 0
L1 07     11 +013.2512 -000.6398 -001.7214 -129.8120 -082.8173 -041.5320 0
L1 08     11 +013.2827 -001.6025 -001.3593 -116.6803 -078.6442 -066.3547 0
L1 01     15 +016.1490 +000.2076 +001.3528 -093.6400 +001.6635 +002.3598 0
L1 02     15 +007.4466 +005.5198 +001.6839 -095.0359 +006.5312 -149.6295 0
L1 03     15 +016.2668 -000.4518 -000.6779 -092.6673 +006.4999 +087.0192 0
L1 04     15 +012.4861 -000.6159 -000.6478 -123.7669 +022.7207 -155.3574 0
L1 05     15 +013.3495 +001.0645 -001.8118 -161.2349 -079.4140 -021.8508 0
L1 06     15 +013.4242 +000.2588 -002.1788 -164.2849 -077.3760 -020.3620 0
L1 07     15 +013.2512 -000.6402 -001.7212 -129.8212 -082.8180 -041.5257 0
L1 08     15 +013.2826 -001.6026 -001.3592 -116.6782 -078.6451 -066.3573 0
L1 01     19 +016.1490 +000.2075 +001.3526 -093.6386 +001.6618 +002.3583 0
L1 02     19 +007.4465 +005.5198 +001.6839 -095.0353 +006.5309 -149.6315 0
L1 03     19 +016.2668 -000.4515 -000.6779 -092.6657 +006.4991 +087.0185 0
L1 04     19 +012.4860 -000.6159 -000.6477 -123.7669 +022.7208 -155.3577 0
L1 05     19 +013.3494 +001.0645 -001.8118 -161.2309 -079.4149 -021.8538 0
L1 06     19 +013.4242 +000.2588 -002.1790 -164.2793 -077.3781 -020.3674 0
L1 07     19 +013.2511 -000.6399 -001.7211 -129.8160 -082.8175 -041.5281 0
L1 08     19 +013.2826 -001.6026 -001.3592 -116.6758 -078.6457 -066.3594 0
L1 01     23 +016.1490 +000.2077 +001.3526 -093.6367 +001.6621 +002.3569 0
L1 02     23 +007.4465 +005.5198 +001.6839 -095.0351 +006.5311 -149.6311 0
L1 03     23 +016.2667 -000.4514 -000.6780 -092.6649 +006.4986 +087.0169 0
L1 04     23 +012.4860 -000.6159 -000.6477 -123.7668 +022.7203 -155.3573 0
L1 05     23 +013.3494 +001.0645 -001.8117 -161.2318 -079.4146 -021.8524 0
L1 06     23 +013.4241 +000.2588 -002.1791 -164.2737 -077.3800 -020.3725 0
L1 07     23 +013.2511 -000.6399 -001.7211 -129.8155 -082.8181 -041.5287 0
L1 08     23 +013.2826 -001.6025 -001.3592 -116.6722 -078.6458 -066.3621 0
L1 01     27 +016.1490 +000.2077 +001.3528 -093.6356 +001.6629 +002.3590 0
L1 02     27 +007.4465 +005.5198 +001.6839 -095.0352 +006.5311 -149.6302 0
L1 03     27 +016.2668 -000.4514 -000.6778 -092.6640 +006.4982 +087.0196 0
L1 04     27 +012.4860 -000.6159 -000.6477 -123.7659 +022.7204 -155.3577 0
L1 05     27 +013.3494 +001.0646 -001.8117 -161.2338 -079.4139 -021.8503 0
L1 06     27 +013.4241 +000.2587 -002.1790 -164.2790 -077.3784 -020.3682 0
L1 07     27 +013.2511 -000.6400 -001.7212 -129.8068 -082.8180 -041.5382 0
L1 08     27 +013.2826 -001.6026 -001.3592 -116.6727 -078.6461 -066.3619 0
L1 01     31 +016.1490 +000.2076 +001.3526 -093.6359 +001.6615 +002.3572 0
L1 02     31 +007.4465 +005.5198 +001.6839 -095.0350 +006.5312 -149.6293 0
L1 03     31 +016.2668 -000.4513 -000.6780 -092.6637 +006.4983 +087.0173 0
L1 04     31 +012.4860 -000.6159 -000.6477 -123.7657 +022.7207 -155.3572 0
L1 05     31 +013.3493 +001.0647 -001.8116 -161.2278 -079.4131 -021.8550 0
L1 06     31 +013.4241 +000.2588 -002.1790 -164.2751 -077.3784 -020.3712 0
L1 07     31 +013.2511 -000.6397 -001.7212 -129.8043 -082.8182 -041.5383 0
L1 08     31 +013.2825 -001.6025 -001.3591 -116.6742 -078.6455 -066.3598 0
L1 01     35 +016.1490 +000.2075 +001.3523 -093.6372 +001.6620 +002.3552 0
L1 02     35 +007.4465 +005.5198 +001.6839 -095.0359 +006.5314 -149.6292 0
L1 03     35 +016.2667 -000.4514 -000.6780 -092.6652 +006.4983 +087.0169 0
L1 04     35 +012.4860 -000.6159 -000.6477 -123.7669 +022.7214 -155.3571 0
L1 05     35 +013.3494 +001.0646 -001.8116 -161.2310 -079.4133 -021.8529 0
L1 06     35 +013.4241 +000.2587 -002.1789 -164.2778 -077.3776 -020.3696 0
L1 07     35 +013.2511 -000.6399 -001.7213 -129.8058 -082.8185 -041.5380 0
L1 08     35 +013.2825 -001.6026 -001.3592 -116.6749 -078.6455 -066.3603 0
L1 01     39 +016.1490 +000.2073 +001.3525 -093.6380 +001.6631 +002.3555 0
L1 02     39 +007.4465 +005.5198 +001.6839 -095.0357 +006.5312 -149.6298 0
L1 03     39 +016.2667 -000.4517 -000.6781 -092.6677 +006.4983 +087.0163 0
L1 04     39 +012.4859 -000.6160 -000.6477 -123.7674 +022.7209 -155.3572 0
L1 05     39 +013.3493 +001.0648 -001.8117 -161.2314 -079.4143 -021.8514 0
L1 06     39 +013.4241 +000.2586 -002.1788 -164.2812 -077.3776 -020.3667 0
L1 07     39 +013.2511 -000.6400 -001.7212 -129.8100 -082.8186 -041.5355 0
L1 08     39 +013.2825 -001.6026 -001.3592 -116.6745 -078.6458 -066.3611 0
L1 01     43 +016.1489 +000.2072 +001.3524 -093.6372 +001.6629 +002.3541 0
L1 02     43 +007.4465 +005.5198 +001.6839 -095.0355 +006.5315 -149.6302 0
L1 03     43 +016.2667 -000.4515 -000.6782 -092.6661 +006.4985 +087.0155 0
L1 04     43 +012.4859 -000.6160 -000.6477 -123.7667 +022.7212 -155.3571 0
L1 05     43 +013.3493 +001.0646 -001.8117 -161.2285 -079.4141 -021.8553 0
L1 06     43 +013.4241 +000.2588 -002.1789 -164.2772 -077.3783 -020.3694 0
L1 07     43 +013.2510 -000.6397 -001.7213 -129.7968 -082.8196 -041.5463 0
L1 08     43 +013.2825 -001.6026 -001.3591 -116.6740 -078.6458 -066.3611 0
L1 01     47 +016.1489 +000.2073 +001.3524 -093.6363 +001.6622 +002.3536 0
L1 02     47 +007.4465 +005.5198 +001.6839 -095.0357 +006.5317 -149.6307 0
L1 03     47 +016.2667 -000.4515 -000.6782 -092.6663 +006.4978 +087.0152 0
L1 04     47 +012.4859 -000.6160 -000.6477 -123.7666 +022.7211 -155.3571 0
L1 05     47 +013.3493 +001.0645 -001.8117 -161.2297 -079.4148 -021.8546 0
L1 06     47 +013.4241 +000.2587 -002.1789 -164.2774 -077.3787 -020.3693 0
L1 07     47 +013.2510 -000.6400 -001.7213 -129.8031 -082.8197 -041.5414 0
L1 08     47 +013.2825 -001.6026 -001.3591 -116.6726 -078.6456 -066.3623 0
L1 01     51 +016.1490 +000.2074 +001.3522 -093.6353 +001.6620 +002.3525 0
L1 02     51 +007.4465 +005.5198 +001.6839 -095.0357 +006.5314 -149.6305 0
L1 03     51 +016.2667 -000.4515 -000.6781 -092.6662 +006.4977 +087.0151 0
L1 04     51 +012.4859 -000.6160 -000.6477 -123.7666 +022.7211 -155.3571 0
L1 05     51 +013.3493 +001.0646 -001.8118 -161.2279 -079.4162 -021.8565 0
L1 06     51 +013.4241 +000.2588 -002.1789 -164.2769 -077.3793 -020.3691 0
L1 07     51 +013.2511 -000.6401 -001.7213 -129.8025 -082.8193 -041.5426 0
L1 08     51 +013.2825 -001.6026 -001.3592 -116.6707 -078.6459 -066.3644 0
L1 01     55 +016.1490 +000.2075 +001.3524 -093.6339 +001.6622 +002.3547 0
L1 02     55 +007.4465 +005.5198 +001.6839 -095.0357 +006.5314 -149.6307 0
L1 03     55 +016.2667 -000.4514 -000.6781 -092.6656 +006.4977 +087.0153 0
L1 04     55 +012.4860 -000.6160 -000.6477 -123.7665 +022.7210 -155.3571 0
L1 05     55 +013.3493 +001.0646 -001.8118 -161.2280 -079.4155 -021.8563 0
L1 06     55 +013.4241 +000.2587 -002.1789 -164.2768 -077.3789 -020.3702 0
L1 07     55 +013.2511 -000.6402 -001.7212 -129.8018 -082.8188 -041.5439 0
L1 08     55 +013.2825 -001.6026 -001.3592 -116.6702 -078.6460 -066.3649 0
L1 01     59 +016.1490 +000.2074 +001.3525 -093.6345 +001.6622 +002.3553 0
L1 02     59 +007.4465 +005.5198 +001.6839 -095.0357 +006.5313 -149.6304 0
L1 03     59 +016.2668 -000.4515 -000.6780 -092.6655 +006.4977 +087.0165 0
L1 04     59 +012.4860 -000.6159 -000.6477 -123.7659 +022.7211 -155.3570 0
L1 05     59 +013.3493 +001.0646 -001.8117 -161.2278 -079.4147 -021.8561 0
L1 06     59 +013.4241 +000.2586 -002.1789 -164.2757 -077.3783 -020.3716 0
L1 07     59 +013.2511 -000.6399 -001.7212 -129.7956 -082.8184 -041.5489 0
L1 08     59 +013.2825 -001.6026 -001.3591 -116.6722 -078.6458 -066.3629 0
L1 01     63 +016.1490 +000.2075 +001.3525 -093.6326 +001.6621 +002.3566 0
L1 02     63 +007.4465 +005.5198 +001.6839 -095.0352 +006.5312 -149.6297 0
L1 03     63 +016.2668 -000.4510 -000.6778 -092.6604 +006.4983 +087.0184 0
L1 04     63 +012.4860 -000.6158 -000.6477 -123.7640 +022.7225 -155.3558 0
L1 05     63 +013.3494 +001.0647 -001.8116 -161.2283 -079.4137 -021.8546 0
L1 06     63 +013.4242 +000.2587 -002.1789 -164.2734 -077.3775 -020.3731 0
L1 07     63 +013.2511 -000.6399 -001.7212 -129.8020 -082.8174 -041.5414 0
L1 08     63 +013.2825 -001.6025 -001.3591 -116.6741 -078.6452 -066.3590 0
L1 01     67 +016.1490 +000.2074 +001.3526 -093.6340 +001.6625 +002.3573 0
L1 02     67 +007.4465 +005.5198 +001.6839 -095.0354 +006.5313 -149.6290 0
L1 03     67 +016.2669 -000.4516 -000.6779 -092.6658 +006.4978 +087.0187 0
L1 04     67 +012.4860 -000.6160 -000.6477 -123.7663 +022.7222 -155.3560 0
L1 05     67 +013.3494 +001.0646 -001.8116 -161.2327 -079.4132 -021.8517 0
L1 06     67 +013.4242 +000.2587 -002.1789 -164.2764 -077.3775 -020.3707 0
L1 07     67 +013.2511 -000.6399 -001.7212 -129.8032 -082.8177 -041.5408 0
L1 08     67 +013.2826 -001.6026 -001.3591 -116.6774 -078.6453 -066.3576 0
L1 01     71 +016.1490 +000.2077 +001.3527 -093.6316 +001.6627 +002.3584 0
L1 02     71 +007.4465 +005.5198 +001.6839 -095.0347 +006.5312 -149.6292 0
L1 03     71 +016.2668 -000.4515 -000.6779 -092.6646 +006.4980 +087.0187 0
L1 04     71 +012.4860 -000.6159 -000.6477 -123.7654 +022.7217 -155.3566 0
L1 05     71 +013.3494 +001.0647 -001.8118 -161.2264 -079.4141 -021.8572 0
L1 06     71 +013.4242 +000.2586 -002.1790 -164.2752 -077.3784 -020.3722 0
L1 07     71 +013.2511 -000.6400 -001.7213 -129.8029 -082.8178 -041.5420 0
L1 08     71 +013.2826 -001.6025 -001.3592 -116.6748 -078.6452 -066.3600 0
L1 01     75 +016.1490 +000.2076 +001.3526 -093.6326 +001.6637 +002.3564 0
L1 02     75 +007.4465 +005.5198 +001.6839 -095.0355 +006.5311 -149.6301 0
L1 03     75 +016.2668 -000.4516 -000.6780 -092.6665 +006.4979 +087.0173 0
L1 04     75 +012.4860 -000.6159 -000.6477 -123.7661 +022.7219 -155.3566 0
L1 05     75 +013.3494 +001.0648 -001.8119 -161.2252 -079.4151 -021.8583 0
L1 06     75 +013.4242 +000.2586 -002.1789 -164.2779 -077.3778 -020.3698 0
L1 07     75 +013.2511 -000.6401 -001.7212 -129.8064 -082.8177 -041.5392 0
L1 08     75 +013.2826 -001.6025 -001.3592 -116.6767 -078.6454 -066.3583 0
L1 01     79 +016.1490 +000.2076 +001.3527 -093.6314 +001.6631 +002.3579 0
L1 02     79 +007.4465 +005.5198 +001.6839 -095.0355 +006.5313 -149.6304 0
L1 03     79 +016.2668 -000.4515 -000.6779 -092.6655 +006.4978 +087.0182 0
L1 04     79 +012.4860 -000.6160 -000.6477 -123.7659 +022.7215 -155.3564 0
L1 05     79 +013.3494 +001.0646 -001.8117 -161.2288 -079.4138 -021.8555 0
L1 06     79 +013.4241 +000.2586 -002.1789 -164.2762 -077.3780 -020.3715 0
L1 07     79 +013.2511 -000.6401 -001.7212 -129.8042 -082.8179 -041.5413 0
L1 08     79 +013.2826 -001.6026 -001.3592 -116.6750 -078.6459 -066.3601 0
L1 01     83 +016.1490 +000.2075 +001.3526 -093.6324 +001.6629 +002.3570 0
L1 02     83 +007.4465 +005.5198 +001.6839 -095.0351 +006.5315 -149.6299 0
L1 03     83 +016.2668 -000.4516 -000.6779 -092.6654 +006.4973 +087.0176 0
L1 04     83 +012.4860 -000.6159 -000.6477 -123.7658 +022.7218 -155.3562 0
L1 05     83 +013.3494 +001.0647 -001.8116 -161.2274 -079.4132 -021.8562 0
L1 06     83 +013.4241 +000.2587 -002.1789 -164.2761 -077.3776 -020.3710 0
L1 07     83 +013.2511 -000.6401 -001.7212 -129.8082 -082.8177 -041.5373 0
L1 08     83 +013.2826 -001.6025 -001.3592 -116.6762 -078.6458 -066.3586 0
L1 01     87 +016.1490 +000.2074 +001.3529 -093.6342 +001.6641 +002.3618 0
L1 02     87 +007.4465 +005.5198 +001.6839 -095.0356 +006.5314 -149.6302 0
L1 03     87 +016.2668 -000.4519 -000.6777 -092.6688 +006.4969 +087.0197 0
L1 04     87 +012.4860 -000.6160 -000.6477 -123.7673 +022.7212 -155.3571 0
L1 05     87 +013.3494 +001.0643 -001.8117 -161.2350 -079.4140 -021.8527 0
L1 06     87 +013.4241 +000.2587 -002.1790 -164.2755 -077.3784 -020.3729 0
L1 07     87 +013.2512 -000.6402 -001.7212 -129.8127 -082.8179 -041.5347 0
L1 08     87 +013.2826 -001.6027 -001.3592 -116.6782 -078.6462 -066.3596 0
L1 01     91 +016.1490 +000.2077 +001.3527 -093.6312 +001.6633 +002.3583 0
L1 02     91 +007.4465 +005.5198 +001.6839 -095.0357 +006.5312 -149.6293 0
L1 03     91 +016.2667 -000.4516 -000.6779 -092.6661 +006.4972 +087.0181 0
L1 04     91 +012.4860 -000.6159 -000.6477 -123.7664 +022.7211 -155.3567 0
L1 05     91 +013.3494 +001.0644 -001.8118 -161.2353 -079.4151 -021.8500 0
L1 06     91 +013.4241 +000.2587 -002.1789 -164.2745 -077.3779 -020.3733 0
L1 07     91 +013.2511 -000.6400 -001.7213 -129.8083 -082.8189 -041.5378 0
L1 08     91 +013.2826 -001.6026 -001.3593 -116.6740 -078.6465 -066.3620 0
L1 01     95 +016.1490 +000.2074 +001.3525 -093.6329 +001.6626 +002.3561 0
L1 02     95 +007.4465 +005.5198 +001.6839 -095.0354 +006.5314 -149.6290 0
L1 03     95 +016.2668 -000.4515 -000.6779 -092.6658 +006.4967 +087.0177 0
L1 04     95 +012.4860 -000.6159 -000.6477 -123.7663 +022.7213 -155.3562 0
L1 05     95 +013.3494 +001.0645 -001.8117 -161.2329 -079.4143 -021.8524 0
L1 06     95 +013.4241 +000.2587 -002.1788 -164.2744 -077.3770 -020.3731 0
L1 07     95 +013.2511 -000.6402 -001.7214 -129.8040 -082.8182 -041.5430 0
L1 08     95 +013.2825 -001.6026 -001.3592 -116.6754 -078.6460 -066.3603 0
L1 01     99 +016.1490 +000.2076 +001.3528 -093.6310 +001.6632 +002.3591 0
L1 02     99 +007.4465 +005.5198 +001.6839 -095.0355 +006.5313 -149.6298 0
L1 03     99 +016.2668 -000.4516 -000.6778 -092.6657 +006.4967 +087.0191 0
L1 04     99 +012.4860 -000.6159 -000.6477 -123.7662 +022.7215 -155.3567 0
L1 05     99 +013.3494 +001.0645 -001.8116 -161.2298 -079.4130 -021.8554 0
L1 06     99 +013.4242 +000.2587 -002.1790 -164.2756 -077.3780 -020.3721 0
L1 07     99 +013.2511 -000.6402 -001.7213 -129.8059 -082.8180 -041.5408 0
L1 08     99 +013.2826 -001.6026 -001.3592 -116.6749 -078.6459 -066.3608 0
L1 01    103 +016.1490 +000.2073 +001.3524 -093.6324 +001.6626 +002.3556 0
L1 02    103 +007.4465 +005.5198 +001.6839 -095.0359 +006.5316 -149.6309 0
L1 03    103 +016.2668 -000.4515 -000.6779 -092.6651 +006.4967 +087.0178 0
L1 04    103 +012.4860 -000.6159 -000.6477 -123.7658 +022.7220 -155.3566 0
L1 05    103 +013.3494 +001.0646 -001.8116 -161.2291 -079.4132 -021.8555 0
L1 06    103 +013.4241 +000.2587 -002.1790 -164.2760 -077.3780 -020.3716 0
L1 07    103 +013.2511 -000.6399 -001.7214 -129.7980 -082.8176 -041.5465 0
L1 08    103 +013.2825 -001.6025 -001.3592 -116.6760 -078.6454 -066.3588 0
L1 01    107 +016.1490 +000.2074 +001.3524 -093.6320 +001.6627 +002.3551 0
L1 02    107 +007.4465 +005.5198 +001.6839 -095.0356 +006.5315 -149.6312 0
L1 03    107 +016.2668 -000.4514 -000.6780 -092.6650 +006.4967 +087.0174 0
L1 04    107 +012.4860 -000.6160 -000.6478 -123.7674 +022.7217 -155.3570 0
L1 05    107 +013.3488 +001.0653 -001.8129 -161.1456 -079.4250 -021.9366 0
L1 06    107 +013.4236 +000.2597 -002.1806 -164.1969 -077.3918 -020.4464 0
L1 07    107 +013.2510 -000.6396 -001.7217 -129.7007 -082.8145 -041.6421 0
L1 08    107 +013.2823 -001.6019 -001.3601 -116.6066 -078.6375 -066.4261 0
L1 01    111 +016.1490 +000.2076 +001.3522 -093.6299 +001.6621 +002.3538 0
L1 02    111 +007.4465 +005.5198 +001.6839 -095.0347 +006.5314 -149.6299 0
L1 03    111 +016.2668 -000.4512 -000.6781 -092.6629 +006.4972 +087.0162 0
L1 04    111 +012.4860 -000.6159 -000.6478 -123.7656 +022.7224 -155.3569 0
L1 05    111 +013.3493 +001.0647 -001.8119 -161.2194 -079.4140 -021.8639 0
L1 06    111 +013.4242 +000.2591 -002.1791 -164.2628 -077.3777 -020.3816 0
L1 07    111 +013.2511 -000.6399 -001.7215 -129.7755 -082.8168 -041.5692 0
L1 08    111 +013.2825 -001.6023 -001.3593 -116.6676 -078.6440 -066.3652 0
L1 01    115 +016.1490 +000.2074 +001.3524 -093.6316 +001.6615 +002.3560 0
L1 02    115 +007.4465 +005.5198 +001.6839 -095.0349 +006.5313 -149.6296 0
L1 03    115 +016.2668 -000.4512 -000.6780 -092.6632 +006.4966 +087.0176 0
L1 04    115 +012.4860 -000.6159 -000.6478 -123.7657 +022.7226 -155.3568 0
L1 05    115 +013.3494 +001.0644 -001.8119 -161.2272 -079.4138 -021.8593 0
L1 06    115 +013.4242 +000.2586 -002.1792 -164.2707 -077.3785 -020.3773 0
L1 07    115 +013.2511 -000.6399 -001.7215 -129.7896 -082.8184 -041.5544 0
L1 08    115 +013.2826 -001.6025 -001.3593 -116.6746 -078.6450 -066.3601 0
L1 01    119 +016.1490 +000.2074 +001.3524 -093.6316 +001.6625 +002.3561 0
L1 02    119 +007.4465 +005.5198 +001.6839 -095.0353 +006.5314 -149.6296 0
L1 03    119 +016.2668 -000.4512 -000.6780 -092.6634 +006.4969 +087.0179 0
L1 04    119 +012.4860 -000.6159 -000.6477 -123.7652 +022.7227 -155.3562 0
L1 05    119 +013.3494 +001.0646 -001.8119 -161.2254 -079.4135 -021.8589 0
L1 06    119 +013.4242 +000.2587 -002.1790 -164.2742 -077.3771 -020.3731 0
L1 07    119 +013.2511 -000.6400 -001.7214 -129.7990 -082.8179 -041.5456 0
L1 08    119 +013.2826 -001.6026 -001.3592 -116.6769 -078.6456 -066.3584 0
L1 01    123 +016.1490 +000.2074 +001.3524 -093.6323 +001.6618 +002.3554 0
L1 02    123 +007.4465 +005.5198 +001.6839 -095.0356 +006.5314 -149.6299 0
L1 03    123 +016.2668 -000.4513 -000.6781 -092.6641 +006.4965 +087.0170 0
L1 04    123 +012.4860 -000.6159 -000.6478 -123.7655 +022.7226 -155.3566 0
L1 05    123 +013.3494 +001.0646 -001.8118 -161.2258 -079.4136 -021.8587 0
L1 06    123 +013.4241 +000.2587 -002.1791 -164.2707 -077.3787 -020.3771 0
L1 07    123 +013.2511 -000.6400 -001.7215 -129.7938 -082.8182 -041.5515 0
L1 08    123 +013.2826 -001.6026 -001.3592 -116.6766 -078.6455 -066.3588 0
L1 01    127 +016.1490 +000.2072 +001.3524 -093.6334 +001.6626 +002.3557 0
L1 02    127 +007.4465 +005.5198 +001.6839 -095.0360 +006.5315 -149.6305 0
L1 03    127 +016.2668 -000.4517 -000.6781 -092.6674 +006.4961 +087.0169 0
L1 04    127 +012.4860 -000.6159 -000.6478 -123.7659 +022.7226 -155.3565 0
L1 05    127 +013.3494 +001.0645 -001.8117 -161.2250 -079.4133 -021.8605 0
L1 06    127 +013.4241 +000.2588 -002.1790 -164.2726 -077.3770 -020.3746 0
L1 07    127 +013.2511 -000.6399 -001.7214 -129.7993 -082.8179 -041.5449 0
L1 08    127 +013.2826 -001.6026 -001.3592 -116.6764 -078.6452 -066.3593 0
L1 01    131 +016.1490 +000.2074 +001.3526 -093.6322 +001.6630 +002.3570 0
L1 02    131 +007.4465 +005.5198 +001.6839 -095.0361 +006.5318 -149.6302 0
L1 03    131 +016.2668 -000.4519 -000.6781 -092.6679 +006.4964 +087.0172 0
L1 04    131 +012.4860 -000.6159 -000.6477 -123.7657 +022.7223 -155.3563 0
L1 05    131 +013.3494 +001.0645 -001.8116 -161.2246 -079.4119 -021.8615 0
L1 06    131 +013.4242 +000.2587 -002.1790 -164.2759 -077.3774 -020.3722 0
L1 07    131 +013.2511 -000.6399 -001.7214 -129.8018 -082.8181 -041.5428 0
L1 08    131 +013.2826 -001.6025 -001.3592 -116.6761 -078.6452 -066.3591 0
L1 01    135 +016.1490 +000.2076 +001.3530 -093.6299 +001.6638 +002.3600 0
L1 02    135 +007.4465 +005.5198 +001.6839 -095.0358 +006.5317 -149.6302 0
L1 03    135 +016.2668 -000.4516 -000.6778 -092.6658 +006.4968 +087.0195 0
L1 04    135 +012.4860 -000.6159 -000.6478 -123.7654 +022.7225 -155.3566 0
L1 05    135 +013.3494 +001.0646 -001.8116 -161.2269 -079.4120 -021.8583 0
L1 06    135 +013.4242 +000.2589 -002.1790 -164.2684 -077.3775 -020.3785 0
L1 07    135 +013.2511 -000.6399 -001.7214 -129.7978 -082.8174 -041.5470 0
L1 08    135 +013.2826 -001.6025 -001.3592 -116.6774 -078.6448 -066.3581 0
L1 01    139 +016.1491 +000.2075 +001.3527 -093.6296 +001.6638 +002.3580 0
L1 02    139 +007.4465 +005.5198 +001.6839 -095.0356 +006.5317 -149.6302 0
L1 03    139 +016.2668 -000.4516 -000.6778 -092.6657 +006.4963 +087.0190 0
L1 04    139 +012.4860 -000.6159 -000.6478 -123.7653 +022.7221 -155.3573 0
L1 05    139 +013.3494 +001.0647 -001.8116 -161.2253 -079.4121 -021.8589 0
L1 06    139 +013.4241 +000.2589 -002.1791 -164.2649 -077.3781 -020.3812 0
L1 07    139 +013.2511 -000.6399 -001.7213 -129.7985 -082.8173 -041.5460 0
L1 08    139 +013.2826 -001.6025 -001.3592 -116.6761 -078.6449 -066.3593 0
L1 01    143 +016.1490 +000.2077 +001.3527 -093.6286 +001.6631 +002.3580 0
L1 02    143 +007.4465 +005.5198 +001.6839 -095.0357 +006.5317 -149.6305 0
L1 03    143 +016.2668 -000.4516 -000.6781 -092.6654 +006.4963 +087.0176 0
L1 04    143 +012.4860 -000.6158 -000.6478 -123.7650 +022.7221 -155.3571 0
L1 05    143 +013.3494 +001.0647 -001.8117 -161.2239 -079.4133 -021.8605 0
L1 06    143 +013.4242 +000.2589 -002.1790 -164.2640 -077.3778 -020.3823 0
L1 07    143 +013.2511 -000.6400 -001.7213 -129.7952 -082.8169 -041.5499 0
L1 08    143 +013.2826 -001.6025 -001.3592 -116.6745 -078.6451 -066.3605 0
L1 01    147 +016.1490 +000.2077 +001.3525 -093.6280 +001.6633 +002.3569 0
L1 02    147 +007.4465 +005.5198 +001.6839 -095.0353 +006.5316 -149.6306 0
L1 03    147 +016.2668 -000.4515 -000.6779 -092.6652 +006.4964 +087.0184 0
L1 04    147 +012.4860 -000.6159 -000.6478 -123.7652 +022.7220 -155.3569 0
L1 05    147 +013.3493 +001.0647 -001.8117 -161.2249 -079.4121 -021.8595 0
L1 06    147 +013.4241 +000.2589 -002.1789 -164.2682 -077.3770 -020.3778 0
L1 07    147 +013.2511 -000.6400 -001.7212 -129.7996 -082.8163 -041.5449 0
L1 08    147 +013.2826 -001.6025 -001.3592 -116.6767 -078.6451 -066.3583 0
L1 01    151 +016.1490 +000.2077 +001.3527 -093.6275 +001.6634 +002.3579 0
L1 02    151 +007.4465 +005.5198 +001.6839 -095.0355 +006.5317 -149.6307 0
L1 03    151 +016.2668 -000.4515 -000.6778 -092.6649 +006.4962 +087.0188 0
L1 04    151 +012.4860 -000.6159 -000.6478 -123.7652 +022.7220 -155.3569 0
L1 05    151 +013.3494 +001.0644 -001.8115 -161.2284 -079.4117 -021.8576 0
L1 06    151 +013.4241 +000.2589 -002.1789 -164.2668 -077.3768 -020.3790 0
L1 07    151 +013.2511 -000.6401 -001.7214 -129.7939 -082.8179 -041.5520 0
L1 08    151 +013.2825 -001.6025 -001.3592 -116.6738 -078.6453 -066.3608 0
L1 01    155 +016.1490 +000.2075 +001.3527 -093.6285 +001.6630 +002.3580 0
L1 02    155 +007.4465 +005.5198 +001.6839 -095.0359 +006.5319 -149.6302 0
L1 03    155 +016.2668 -000.4516 -000.6780 -092.6661 +006.4960 +087.0180 0
L1 04    155 +012.4860 -000.6159 -000.6478 -123.7659 +022.7218 -155.3571 0
L1 05    155 +013.3493 +001.0645 -001.8118 -161.2261 -079.4132 -021.8597 0
L1 06    155 +013.4241 +000.2589 -002.1789 -164.2689 -077.3764 -020.3776 0
L1 07    155 +013.2511 -000.6401 -001.7213 -129.8015 -082.8177 -041.5448 0
L1 08    155 +013.2826 -001.6026 -001.3592 -116.6757 -078.6455 -066.3606 0
L1 01    159 +016.1490 +000.2074 +001.3530 -093.6285 +001.6626 +002.3608 0
L1 02    159 +007.4465 +005.5198 +001.6839 -095.0359 +006.5318 -149.6302 0
L1 03    159 +016.2667 -000.4516 -000.6779 -092.6660 +006.4955 +087.0190 0
L1 04    159 +012.4860 -000.6159 -000.6478 -123.7658 +022.7217 -155.3572 0
L1 05    159 +013.3493 +001.0645 -001.8117 -161.2259 -079.4132 -021.8597 0
L1 06    159 +013.4241 +000.2589 -002.1791 -164.2633 -077.3778 -020.3836 0
L1 07    159 +013.2512 -000.6400 -001.7213 -129.7975 -082.8171 -041.5474 0
L1 08    159 +013.2826 -001.6027 -001.3593 -116.6737 -078.6458 -066.3632 0
L1 01    163 +016.1490 +000.2075 +001.3526 -093.6271 +001.6627 +002.3570 0
L1 02    163 +007.4465 +005.5198 +001.6839 -095.0350 +006.5317 -149.6299 0
L1 03    163 +016.2668 -000.4514 -000.6780 -092.6641 +006.4954 +087.0180 0
L1 04    163 +012.4860 -000.6159 -000.6478 -123.7649 +022.7217 -155.3569 0
L1 05    163 +013.3493 +001.0646 -001.8117 -161.2234 -079.4133 -021.8610 0
L1 06    163 +013.4241 +000.2589 -002.1789 -164.2669 -077.3772 -020.3784 0
L1 07    163 +013.2511 -000.6400 -001.7212 -129.7947 -082.8167 -041.5500 0
L1 08    163 +013.2825 -001.6025 -001.3592 -116.6731 -078.6454 -066.3617 0
L1 01    167 +016.1490 +000.2076 +001.3527 -093.6262 +001.6629 +002.3574 0
L1 02    167 +007.4465 +005.5199 +001.6839 -095.0346 +006.5313 -149.6296 0
L1 03    167 +016.2668 -000.4514 -000.6780 -092.6637 +006.4950 +087.0182 0
L1 04    167 +012.4860 -000.6158 -000.6477 -123.7645 +022.7220 -155.3565 0
L1 05    167 +013.3494 +001.0646 -001.8118 -161.2252 -079.4133 -021.8590 0
L1 06    167 +013.4241 +000.2588 -002.1789 -164.2659 -077.3766 -020.3801 0
L1 07    167 +013.2511 -000.6400 -001.7213 -129.7936 -082.8165 -041.5508 0
L1 08    167 +013.2826 -001.6025 -001.3592 -116.6766 -078.6448 -066.3580 0
L1 01    171 +016.1490 +000.2076 +001.3528 -093.6262 +001.6628 +002.3592 0
L1 02    171 +007.4465 +005.5198 +001.6839 -095.0354 +006.5317 -149.6299 0
L1 03    171 +016.2668 -000.4514 -000.6778 -092.6639 +006.4952 +087.0195 0
L1 04    171 +012.4860 -000.6159 -000.6478 -123.7653 +022.7219 -155.3568 0
L1 05    171 +013.3494 +001.0646 -001.8118 -161.2270 -079.4129 -021.8580 0
L1 06    171 +013.4242 +000.2588 -002.1789 -164.2663 -077.3765 -020.3805 0
L1 07    171 +013.2511 -000.6401 -001.7213 -129.7973 -082.8167 -041.5481 0
L1 08    171 +013.2826 -001.6026 -001.3592 -116.6751 -078.6452 -066.3606 0
L1 01    175 +016.1490 +000.2075 +001.3525 -093.6266 +001.6623 +002.3566 0
L1 02    175 +007.4465 +005.5198 +001.6839 -095.0354 +006.5319 -149.6302 0
L1 03    175 +016.2668 -000.4514 -000.6779 -092.6635 +006.4952 +087.0187 0
L1 04    175 +012.4860 -000.6158 -000.6477 -123.7647 +022.7223 -155.3560 0
L1 05    175 +013.3493 +001.0647 -001.8118 -161.2251 -079.4129 -021.8587 0
L1 06    175 +013.4241 +000.2587 -002.1789 -164.2659 -077.3761 -020.3808 0
L1 07    175 +013.2511 -000.6400 -001.7213 -129.7975 -082.8168 -041.5469 0
L1 08    175 +013.2826 -001.6025 -001.3592 -116.6768 -078.6447 -066.3574 0
L1 01    179 +016.1490 +000.2074 +001.3526 -093.6276 +001.6626 +002.3575 0
L1 02    179 +007.4466 +005.5198 +001.6839 -095.0360 +006.5316 -149.6306 0
L1 03    179 +016.2668 -000.4515 -000.6779 -092.6646 +006.4953 +087.0191 0
L1 04    179 +012.4860 -000.6159 -000.6477 -123.7656 +022.7225 -155.3561 0
L1 05    179 +013.3494 +001.0647 -001.8117 -161.2244 -079.4124 -021.8596 0
L1 06    179 +013.4242 +000.2587 -002.1789 -164.2690 -077.3762 -020.3784 0
L1 07    179 +013.2511 -000.6399 -001.7213 -129.8016 -082.8171 -041.5427 0
L1 08    179 +013.2826 -001.6025 -001.3592 -116.6781 -078.6447 -066.3571 0
L1 01    183 +016.1490 +000.2073 +001.3524 -093.6284 +001.6630 +002.3556 0
L1 02    183 +007.4466 +005.5197 +001.6839 -095.0367 +006.5316 -149.6303 0
L1 03    183 +016.2668 -000.4516 -000.6780 -092.6668 +006.4946 +087.0182 0
L1 04    183 +012.4860 -000.6160 -000.6478 -123.7663 +022.7221 -155.3564 0
L1 05    183 +013.3494 +001.0646 -001.8119 -161.2244 -079.4135 -021.8608 0
L1 06    183 +013.4241 +000.2587 -002.1789 -164.2712 -077.3767 -020.3769 0
L1 07    183 +013.2512 -000.6401 -001.7212 -129.8015 -082.8168 -041.5442 0
L1 08    183 +013.2826 -001.6026 -001.3593 -116.6761 -078.6454 -066.3602 0
L1 01    187 +016.1490 +000.2076 +001.3525 -093.6251 +001.6629 +002.3566 0
L1 02    187 +007.4466 +005.5198 +001.6839 -095.0359 +006.5315 -149.6293 0
L1 03    187 +016.2668 -000.4514 -000.6778 -092.6637 +006.4949 +087.0194 0
L1 04    187 +012.4860 -000.6159 -000.6478 -123.7653 +022.7223 -155.3565 0
L1 05    187 +013.3494 +001.0646 -001.8118 -161.2261 -079.4138 -021.8583 0
L1 06    187 +013.4242 +000.2588 -002.1789 -164.2682 -077.3765 -020.3781 0
L1 07    187 +013.2511 -000.6400 -001.7214 -129.7945 -082.8177 -041.5497 0
L1 08    187 +013.2826 -001.6025 -001.3592 -116.6755 -078.6452 -066.3594 0
L1 01    191 +016.1490 +000.2077 +001.3525 -093.6235 +001.6628 +002.3563 0
L1 02    191 +007.4465 +005.5198 +001.6839 -095.0353 +006.5315 -149.6300 0
L1 03    191 +016.2668 -000.4515 -000.6780 -092.6641 +006.4946 +087.0178 0
L1 04    191 +012.4860 -000.6158 -000.6477 -123.7645 +022.7217 -155.3568 0
L1 05    191 +013.3493 +001.0646 -001.8119 -161.2209 -079.4144 -021.8636 0
L1 06    191 +013.4241 +000.2589 -002.1790 -164.2677 -077.3782 -020.3778 0
L1 07    191 +013.2511 -000.6400 -001.7212 -129.8004 -082.8173 -041.5439 0
L1 08    191 +013.2825 -001.6025 -001.3592 -116.6747 -078.6455 -066.3595 0
L1 01    195 +016.1491 +000.2077 +001.3526 -093.6234 +001.6619 +002.3572 0
L1 02    195 +007.4465 +005.5198 +001.6839 -095.0358 +006.5316 -149.6310 0
L1 03    195 +016.2668 -000.4515 -000.6781 -092.6640 +006.4937 +087.0170 0
L1 04    195 +012.4860 -000.6159 -000.6477 -123.7652 +022.7212 -155.3575 0
L1 05    195 +013.3493 +001.0645 -001.8118 -161.2235 -079.4140 -021.8617 0
L1 06    195 +013.4241 +000.2587 -002.1789 -164.2651 -077.3776 -020.3817 0
L1 07    195 +013.2511 -000.6401 -001.7213 -129.7993 -082.8183 -041.5455 0
L1 08    195 +013.2825 -001.6026 -001.3592 -116.6732 -078.6457 -066.3615 0
L1 01    199 +016.1490 +000.2078 +001.3525 -093.6228 +001.6629 +002.3558 0
L1 02    199 +007.4465 +005.5198 +001.6839 -095.0355 +006.5316 -149.6310 0
L1 03    199 +016.2667 -000.4515 -000.6779 -092.6636 +006.4942 +087.0175 0
L1 04    199 +012.4860 -000.6158 -000.6478 -123.7647 +022.7209 -155.3577 0
L1 05    199 +013.3493 +001.0646 -001.8117 -161.2228 -079.4136 -021.8609 0
L1 06    199 +013.4241 +000.2587 -002.1788 -164.2682 -077.3770 -020.3784 0
L1 07    199 +013.2511 -000.6401 -001.7214 -129.7936 -082.8185 -041.5507 0
L1 08    199 +013.2825 -001.6025 -001.3592 -116.6726 -078.6456 -066.3614 0
L1 01    203 +016.1490 +000.2075 +001.3525 -093.6245 +001.6626 +002.3561 0
L1 02    203 +007.4466 +005.5198 +001.6839 -095.0361 +006.5317 -149.6305 0
L1 03    203 +016.2668 -000.4515 -000.6779 -092.6646 +006.4944 +087.0179 0
L1 04    203 +012.4860 -000.6159 -000.6478 -123.7662 +022.7211 -155.3579 0
L1 05    203 +013.3493 +001.0646 -001.8117 -161.2225 -079.4129 -021.8621 0
L1 06    203 +013.4241 +000.2587 -002.1790 -164.2640 -077.3783 -020.3827 0
L1 07    203 +013.2511 -000.6401 -001.7214 -129.7898 -082.8177 -041.5553 0
L1 08    203 +013.2825 -001.6026 -001.3592 -116.6728 -078.6456 -066.3624 0
L1 01    207 +016.1490 +000.2072 +001.3526 -093.6271 +001.6621 +002.3567 0
L1 02    207 +007.4465 +005.5198 +001.6839 -095.0360 +006.5321 -149.6300 0
L1 03    207 +016.2668 -000.4516 -000.6779 -092.6664 +006.4944 +087.0186 0
L1 04    207 +012.4860 -000.6160 -000.6477 -123.7671 +022.7219 -155.3567 0
L1 05    207 +013.3493 +001.0645 -001.8116 -161.2275 -079.4125 -021.8583 0
L1 06    207 +013.4241 +000.2588 -002.1791 -164.2629 -077.3781 -020.3843 0
L1 07    207 +013.2511 -000.6402 -001.7212 -129.8020 -082.8161 -041.5447 0
L1 08    207 +013.2825 -001.6026 -001.3592 -116.6765 -078.6455 -066.3602 0
L1 01    211 +016.1490 +000.2072 +001.3522 -093.6267 +001.6627 +002.3535 0
L1 02    211 +007.4465 +005.5198 +001.6839 -095.0360 +006.5323 -149.6301 0
L1 03    211 +016.2668 -000.4516 -000.6779 -092.6656 +006.4941 +087.0174 0
L1 04    211 +012.4860 -000.6160 -000.6477 -123.7666 +022.7219 -155.3564 0
L1 05    211 +013.3493 +001.0645 -001.8116 -161.2271 -079.4128 -021.8582 0
L1 06    211 +013.4241 +000.2589 -002.1791 -164.2637 -077.3786 -020.3818 0
L1 07    211 +013.2511 -000.6401 -001.7211 -129.8081 -082.8159 -041.5368 0
L1 08    211 +013.2825 -001.6025 -001.3591 -116.6761 -078.6453 -066.3586 0
L1 01    215 +016.1490 +000.2071 +001.3523 -093.6268 +001.6622 +002.3549 0
L1 02    215 +007.4465 +005.5198 +001.6839 -095.0361 +006.5320 -149.6310 0
L1 03    215 +016.2667 -000.4515 -000.6779 -092.6649 +006.4941 +087.0177 0
L1 04    215 +012.4860 -000.6160 -000.6477 -123.7673 +022.7214 -155.3576 0
L1 05    215 +013.3493 +001.0644 -001.8117 -161.2290 -079.4132 -021.8573 0
L1 06    215 +013.4241 +000.2587 -002.1791 -164.2632 -077.3782 -020.3838 0
L1 07    215 +013.2511 -000.6400 -001.7211 -129.8019 -082.8162 -041.5427 0
L1 08    215 +013.2825 -001.6026 -001.3593 -116.6725 -078.6458 -066.3632 0
L1 01    219 +016.1490 +000.2072 +001.3525 -093.6251 +001.6621 +002.3566 0
L1 02    219 +007.4465 +005.5198 +001.6839 -095.0359 +006.5321 -149.6303 0
L1 03    219 +016.2668 -000.4515 -000.6779 -092.6652 +006.4935 +087.0182 0
L1 04    219 +012.4860 -000.6159 -000.6477 -123.7663 +022.7218 -155.3569 0
L1 05    219 +013.3493 +001.0645 -001.8117 -161.2272 -079.4133 -021.8583 0
L1 06    219 +013.4241 +000.2588 -002.1790 -164.2627 -077.3777 -020.3834 0
L1 07    219 +013.2511 -000.6399 -001.7212 -129.7999 -082.8161 -041.5437 0
L1 08    219 +013.2825 -001.6026 -001.3592 -116.6733 -078.6457 -066.3619 0
L1 01    223 +016.1490 +000.2074 +001.3525 -093.6233 +001.6621 +002.3562 0
L1 02    223 +007.4465 +005.5198 +001.6839 -095.0359 +006.5319 -149.6300 0
L1 03    223 +016.2667 -000.4514 -000.6780 -092.6636 +006.4932 +087.0174 0
L1 04    223 +012.4860 -000.6159 -000.6478 -123.7658 +022.7212 -155.3575 0
L1 05    223 +013.3493 +001.0645 -001.8117 -161.2243 -079.4138 -021.8607 0
L1 06    223 +013.4241 +000.2588 -002.1792 -164.2624 -077.3787 -020.3837 0
L1 07    223 +013.2511 -000.6400 -001.7212 -129.7988 -082.8169 -041.5451 0
L1 08    223 +013.2825 -001.6025 -001.3592 -116.6722 -078.6458 -066.3626 0
L1 01    227 +016.1489 +000.2071 +001.3528 -093.6234 +001.6677 +002.3577 0
L1 02    227 +007.4466 +005.5193 +001.6843 -095.0380 +006.5348 -149.6345 0
L1 03    227 +016.2666 -000.4513 -000.6782 -092.6618 +006.4997 +087.0131 0
L1 04    227 +012.4856 -000.6155 -000.6487 -123.7698 +022.7272 -155.3741 0
L1 05    227 +013.3493 +001.0649 -001.8117 -161.2219 -079.4136 -021.8613 0
L1 06    227 +013.4241 +000.2587 -002.1792 -164.2629 -077.3788 -020.3840 0
L1 07    227 +013.2511 -000.6400 -001.7216 -129.7750 -082.8194 -041.5693 0
L1 08    227 +013.2825 -001.6027 -001.3593 -116.6688 -078.6461 -066.3676 0
L1 01    231 +016.1490 +000.2072 +001.3526 -093.6239 +001.6636 +002.3568 0
L1 02    231 +007.4466 +005.5196 +001.6839 -095.0381 +006.5324 -149.6325 0
L1 03    231 +016.2667 -000.4516 -000.6781 -092.6663 +006.4942 +087.0169 0
L1 04    231 +012.4860 -000.6161 -000.6478 -123.7688 +022.7210 -155.3582 0
L1 05    231 +013.3494 +001.0644 -001.8116 -161.2270 -079.4129 -021.8591 0
L1 06    231 +013.4241 +000.2586 -002.1791 -164.2665 -077.3783 -020.3814 0
L1 07    231 +013.2511 -000.6400 -001.7215 -129.7849 -082.8184 -041.5597 0
L1 08    231 +013.2825 -001.6027 -001.3593 -116.6735 -078.6460 -066.3637 0
L1 01    235 +016.1490 +000.2075 +001.3526 -093.6220 +001.6636 +002.3579 0
L1 02    235 +007.4466 +005.5196 +001.6839 -095.0376 +006.5324 -149.6312 0
L1 03    235 +016.2668 -000.4516 -000.6779 -092.6649 +006.4943 +087.0187 0
L1 04    235 +012.4860 -000.6158 -000.6478 -123.7653 +022.7216 -155.3577 0
L1 05    235 +013.3493 +001.0645 -001.8117 -161.2249 -079.4125 -021.8612 0
L1 06    235 +013.4241 +000.2587 -002.1790 -164.2649 -077.3767 -020.3825 0
L1 07    235 +013.2511 -000.6399 -001.7214 -129.7871 -082.8170 -041.5570 0
L1 08    235 +013.2825 -001.6025 -001.3593 -116.6743 -078.6458 -066.3611 0
L1 01    239 +016.1490 +000.2075 +001.3525 -093.6221 +001.6628 +002.3571 0
L1 02    239 +007.4466 +005.5196 +001.6839 -095.0376 +006.5324 -149.6304 0
L1 03    239 +016.2668 -000.4514 -000.6779 -092.6637 +006.4939 +087.0189 0
L1 04    239 +012.4860 -000.6159 -000.6478 -123.7663 +022.7220 -155.3575 0
L1 05    239 +013.3494 +001.0646 -001.8117 -161.2239 -079.4118 -021.8611 0
L1 06    239 +013.4241 +000.2587 -002.1791 -164.2621 -077.3773 -020.3856 0
L1 07    239 +013.2511 -000.6399 -001.7214 -129.7888 -082.8167 -041.5552 0
L1 08    239 +013.2825 -001.6026 -001.3593 -116.6748 -078.6451 -066.3610 0
L1 01    243 +016.1490 +000.2075 +001.3525 -093.6219 +001.6633 +002.3569 0
L1 02    243 +007.4466 +005.5197 +001.6839 -095.0372 +006.5321 -149.6300 0
L1 03    243 +016.2668 -000.4515 -000.6779 -092.6643 +006.4938 +087.0189 0
L1 04    243 +012.4860 -000.6160 -000.6479 -123.7669 +022.7218 -155.3575 0
L1 05    243 +013.3494 +001.0645 -001.8116 -161.2271 -079.4110 -021.8592 0
L1 06    243 +013.4242 +000.2588 -002.1791 -164.2622 -077.3771 -020.3849 0
L1 07    243 +013.2512 -000.6400 -001.7213 -129.8036 -082.8163 -041.5414 0
L1 08    243 +013.2826 -001.6025 -001.3593 -116.6764 -078.6450 -066.3591 0
L1 01    247 +016.1490 +000.2075 +001.3523 -093.6213 +001.6621 +002.3552 0
L1 02    247 +007.4466 +005.5197 +001.6839 -095.0364 +006.5325 -149.6292 0
L1 03    247 +016.2669 -000.4513 -000.6779 -092.6624 +006.4939 +087.0182 0
L1 04    247 +012.4860 -000.6159 -000.6478 -123.7656 +022.7224 -155.3566 0
L1 05    247 +013.3494 +001.0646 -001.8117 -161.2222 -079.4116 -021.8625 0
L1 06    247 +013.4242 +000.2589 -002.1789 -164.2598 -077.3751 -020.3862 0
L1 07    247 +013.2511 -000.6400 -001.7212 -129.7994 -082.8152 -041.5452 0
L1 08    247 +013.2826 -001.6025 -001.3592 -116.6775 -078.6444 -066.3565 0
L1 01    251 +016.1490 +000.2076 +001.3522 -093.6207 +001.6618 +002.3548 0
L1 02    251 +007.4466 +005.5197 +001.6839 -095.0369 +006.5324 -149.6300 0
L1 03    251 +016.2668 -000.4513 -000.6779 -092.6626 +006.4935 +087.0187 0
L1 04    251 +012.4860 -000.6158 -000.6478 -123.7654 +022.7222 -155.3570 0
L1 05    251 +013.3494 +001.0646 -001.8118 -161.2257 -079.4123 -021.8586 0
L1 06    251 +013.4242 +000.2589 -002.1789 -164.2650 -077.3757 -020.3807 0
L1 07    251 +013.2511 -000.6399 -001.7213 -129.7941 -082.8155 -041.5502 0
L1 08    251 +013.2825 -001.6024 -001.3592 -116.6779 -078.6446 -066.3560 0
L1 01    255 +016.1490 +000.2074 +001.3525 -093.6227 +001.6620 +002.3583 0
L1 02    255 +007.4466 +005.5196 +001.6839 -095.0376 +006.5324 -149.6302 0
L1 03    255 +016.2668 -000.4515 -000.6780 -092.6657 +006.4936 +087.0185 0
L1 04    255 +012.4860 -000.6159 -000.6479 -123.7666 +022.7216 -155.3576 0
L1 05    255 +013.3494 +001.0644 -001.8118 -161.2274 -079.4121 -021.8591 0
L1 06    255 +013.4242 +000.2587 -002.1789 -164.2631 -077.3756 -020.3847 0
L1 07    255 +013.2512 -000.6400 -001.7214 -129.7946 -082.8158 -041.5507 0
L1 08    255 +013.2826 -001.6028 -001.3594 -116.6777 -078.6455 -066.3604 0
L1 01    259 +016.1491 +000.2076 +001.3526 -093.6208 +001.6626 +002.3585 0
L1 02    259 +007.4466 +005.5197 +001.6839 -095.0372 +006.5322 -149.6303 0
L1 03    259 +016.2668 -000.4518 -000.6779 -092.6661 +006.4935 +087.0191 0
L1 04    259 +012.4860 -000.6158 -000.6478 -123.7660 +022.7215 -155.3576 0
L1 05    259 +013.3494 +001.0644 -001.8118 -161.2294 -079.4121 -021.8575 0
L1 06    259 +013.4241 +000.2588 -002.1791 -164.2602 -077.3769 -020.3868 0
L1 07    259 +013.2512 -000.6401 -001.7213 -129.7953 -082.8153 -041.5501 0
L1 08    259 +013.2826 -001.6026 -001.3593 -116.6775 -078.6452 -066.3591 0
L1 01    263 +016.1491 +000.2075 +001.3523 -093.6215 +001.6621 +002.3557 0
L1 02    263 +007.4466 +005.5197 +001.6839 -095.0368 +006.5323 -149.6299 0
L1 03    263 +016.2669 -000.4514 -000.6779 -092.6633 +006.4939 +087.0187 0
L1 04    263 +012.4860 -000.6159 -000.6478 -123.7660 +022.7218 -155.3572 0
L1 05    263 +013.3495 +001.0644 -001.8118 -161.2243 -079.4120 -021.8618 0
L1 06    263 +013.4242 +000.2588 -002.1790 -164.2627 -077.3761 -020.3840 0
L1 07    263 +013.2512 -000.6400 -001.7212 -129.8037 -082.8144 -041.5408 0
L1 08    263 +013.2826 -001.6025 -001.3593 -116.6782 -078.6445 -066.3564 0
L1 01    267 +016.1490 +000.2075 +001.3518 -093.6212 +001.6625 +002.3507 0
L1 02    267 +007.4466 +005.5197 +001.6840 -095.0366 +006.5325 -149.6289 0
L1 03    267 +016.2669 -000.4514 -000.6782 -092.6631 +006.4938 +087.0170 0
L1 04    267 +012.4861 -000.6158 -000.6478 -123.7654 +022.7222 -155.3568 0
L1 05    267 +013.3495 +001.0645 -001.8117 -161.2229 -079.4110 -021.8620 0
L1 06    267 +013.4242 +000.2590 -002.1790 -164.2590 -077.3757 -020.3861 0
L1 07    267 +013.2512 -000.6400 -001.7213 -129.7990 -082.8148 -041.5452 0
L1 08    267 +013.2826 -001.6022 -001.3592 -116.6789 -078.6438 -066.3533 0
L1 01    271 +016.1491 +000.2075 +001.3523 -093.6204 +001.6622 +002.3555 0
L1 02    271 +007.4466 +005.5197 +001.6839 -095.0365 +006.5321 -149.6291 0
L1 03    271 +016.2669 -000.4514 -000.6780 -092.6632 +006.4931 +087.0186 0
L1 04    271 +012.4861 -000.6159 -000.6478 -123.7659 +022.7224 -155.3569 0
L1 05    271 +013.3495 +001.0645 -001.8117 -161.2243 -079.4109 -021.8610 0
L1 06    271 +013.4242 +000.2588 -002.1790 -164.2636 -077.3757 -020.3832 0
L1 07    271 +013.2512 -000.6400 -001.7214 -129.7959 -082.8154 -041.5487 0
L1 08    271 +013.2826 -001.6025 -001.3593 -116.6802 -078.6442 -066.3549 0
L1 01    275 +016.1491 +000.2074 +001.3525 -093.6207 +001.6622 +002.3575 0
L1 02    275 +007.4466 +005.5197 +001.6840 -095.0371 +006.5324 -149.6294 0
L1 03    275 +016.2669 -000.4510 -000.6779 -092.6615 +006.4930 +087.0196 0
L1 04    275 +012.4861 -000.6158 -000.6478 -123.7659 +022.7223 -155.3571 0
L1 05    275 +013.3495 +001.0645 -001.8117 -161.2262 -079.4107 -021.8596 0
L1 06    275 +013.4242 +000.2587 -002.1788 -164.2647 -077.3746 -020.3830 0
L1 07    275 +013.2512 -000.6400 -001.7213 -129.7992 -082.8150 -041.5452 0
L1 08    275 +013.2826 -001.6027 -001.3593 -116.6809 -078.6443 -066.3553 0
L1 01    279 +016.1490 +000.2075 +001.3525 -093.6200 +001.6635 +002.3577 0
L1 02    279 +007.4466 +005.5197 +001.6839 -095.0371 +006.5320 -149.6301 0
L1 03    279 +016.2668 -000.4516 -000.6778 -092.6646 +006.4928 +087.0195 0
L1 04    279 +012.4861 -000.6159 -000.6479 -123.7668 +022.7212 -155.3580 0
L1 05    279 +013.3495 +001.0644 -001.8117 -161.2299 -079.4118 -021.8568 0
L1 06    279 +013.4242 +000.2587 -002.1789 -164.2665 -077.3757 -020.3817 0
L1 07    279 +013.2512 -000.6400 -001.7213 -129.7976 -082.8161 -041.5472 0
L1 08    279 +013.2826 -001.6027 -001.3593 -116.6769 -078.6452 -066.3602 0
L1 01    283 +016.1491 +000.2074 +001.3525 -093.6209 +001.6630 +002.3567 0
L1 02    283 +007.4466 +005.5196 +001.6839 -095.0375 +006.5320 -149.6304 0
L1 03    283 +016.2668 -000.4516 -000.6780 -092.6654 +006.4925 +087.0185 0
L1 04    283 +012.4861 -000.6159 -000.6479 -123.7670 +022.7212 -155.3579 0
L1 05    283 +013.3494 +001.0645 -001.8118 -161.2283 -079.4126 -021.8580 0
L1 06    283 +013.4242 +000.2585 -002.1789 -164.2667 -077.3757 -020.3828 0
L1 07    283 +013.2512 -000.6401 -001.7213 -129.7969 -082.8160 -041.5489 0
L1 08    283 +013.2826 -001.6026 -001.3593 -116.6804 -078.6447 -066.3559 0
L1 01    287 +016.1491 +000.2073 +001.3526 -093.6206 +001.6624 +002.3576 0
L1 02    287 +007.4466 +005.5197 +001.6839 -095.0370 +006.5322 -149.6304 0
L1 03    287 +016.2668 -000.4515 -000.6781 -092.6644 +006.4923 +087.0179 0
L1 04    287 +012.4861 -000.6159 -000.6478 -123.7663 +022.7217 -155.3575 0
L1 05    287 +013.3494 +001.0646 -001.8118 -161.2240 -079.4122 -021.8614 0
L1 06    287 +013.4242 +000.2588 -002.1789 -164.2587 -077.3753 -020.3889 0
L1 07    287 +013.2512 -000.6400 -001.7214 -129.7873 -082.8151 -041.5578 0
L1 08    287 +013.2826 -001.6026 -001.3593 -116.6776 -078.6448 -066.3584 0
L1 01    291 +016.1491 +000.2077 +001.3526 -093.6167 +001.6621 +002.3574 0
L1 02    291 +007.4466 +005.5197 +001.6839 -095.0366 +006.5320 -149.6304 0
L1 03    291 +016.2669 -000.4512 -000.6781 -092.6605 +006.4923 +087.0172 0
L1 04    291 +012.4860 -000.6157 -000.6479 -123.7649 +022.7220 -155.3577 0
L1 05    291 +013.3494 +001.0647 -001.8118 -161.2215 -079.4122 -021.8623 0
L1 06    291 +013.4242 +000.2589 -002.1790 -164.2554 -077.3762 -020.3903 0
L1 07    291 +013.2512 -000.6400 -001.7213 -129.7962 -082.8145 -041.5486 0
L1 08    291 +013.2826 -001.6024 -001.3593 -116.6770 -078.6441 -066.3572 0
L1 01    295 +016.1491 +000.2077 +001.3524 -093.6169 +001.6628 +002.3561 0
L1 02    295 +007.4466 +005.5197 +001.6840 -095.0366 +006.5322 -149.6295 0
L1 03    295 +016.2669 -000.4515 -000.6782 -092.6640 +006.4924 +087.0171 0
L1 04    295 +012.4861 -000.6158 -000.6479 -123.7651 +022.7218 -155.3573 0
L1 05    295 +013.3495 +001.0646 -001.8117 -161.2243 -079.4108 -021.8603 0
L1 06    295 +013.4242 +000.2589 -002.1790 -164.2578 -077.3755 -020.3887 0
L1 07    295 +013.2512 -000.6400 -001.7213 -129.7980 -082.8140 -041.5466 0
L1 08    295 +013.2826 -001.6023 -001.3592 -116.6788 -078.6440 -066.3552 0
L1 01    299 +016.1491 +000.2077 +001.3524 -093.6162 +001.6626 +002.3565 0
L1 02    299 +007.4466 +005.5197 +001.6840 -095.0360 +006.5321 -149.6285 0
L1 03    299 +016.2669 -000.4513 -000.6780 -092.6622 +006.4928 +087.0187 0
L1 04    299 +012.4861 -000.6158 -000.6478 -123.7652 +022.7219 -155.3570 0
L1 05    299 +013.3495 +001.0646 -001.8119 -161.2209 -079.4121 -021.8634 0
L1 06    299 +013.4242 +000.2590 -002.1790 -164.2553 -077.3754 -020.3903 0
L1 07    299 +013.2512 -000.6400 -001.7213 -129.7965 -082.8142 -041.5479 0
L1 08    299 +013.2826 -001.6024 -001.3592 -116.6785 -078.6439 -066.3556 0
L1 01    303 +016.1491 +000.2075 +001.3525 -093.6168 +001.6619 +002.3573 0
L1 02    303 +007.4466 +005.5197 +001.6839 -095.0364 +006.5320 -149.6292 0
L1 03    303 +016.2669 -000.4513 -000.6779 -092.6619 +006.4921 +087.0197 0
L1 04    303 +012.4861 -000.6158 -000.6478 -123.7650 +022.7223 -155.3572 0
L1 05    303 +013.3495 +001.0646 -001.8119 -161.2224 -079.4117 -021.8617 0
L1 06    303 +013.4242 +000.2590 -002.1790 -164.2529 -077.3750 -020.3926 0
L1 07    303 +013.2512 -000.6400 -001.7213 -129.7984 -082.8142 -041.5456 0
L1 08    303 +013.2826 -001.6025 -001.3592 -116.6794 -078.6439 -066.3550 0
L1 01    307 +016.1491 +000.2077 +001.3524 -093.6153 +001.6625 +002.3568 0
L1 02    307 +007.4466 +005.5197 +001.6839 -095.0364 +006.5321 -149.6296 0
L1 03    307 +016.2669 -000.4512 -000.6779 -092.6607 +006.4925 +087.0194 0
L1 04    307 +012.4861 -000.6158 -000.6478 -123.7645 +022.7220 -155.3571 0
L1 05    307 +013.3494 +001.0647 -001.8119 -161.2180 -079.4120 -021.8655 0
L1 06    307 +013.4242 +000.2589 -002.1789 -164.2541 -077.3749 -020.3915 0
L1 07    307 +013.2512 -000.6399 -001.7213 -129.7963 -082.8148 -041.5466 0
L1 08    307 +013.2826 -001.6024 -001.3592 -116.6795 -078.6440 -066.3542 0
L1 01    311 +016.1491 +000.2077 +001.3524 -093.6159 +001.6625 +002.3562 0
L1 02    311 +007.4466 +005.5197 +001.6839 -095.0366 +006.5322 -149.6301 0
L1 03    311 +016.2669 -000.4513 -000.6780 -092.6621 +006.4924 +087.0187 0
L1 04    311 +012.4860 -000.6158 -000.6478 -123.7652 +022.7218 -155.3571 0
L1 05    311 +013.3494 +001.0646 -001.8118 -161.2236 -079.4119 -021.8607 0
L1 06    311 +013.4242 +000.2588 -002.1789 -164.2546 -077.3749 -020.3919 0
L1 07    311 +013.2512 -000.6398 -001.7212 -129.7982 -082.8138 -041.5447 0
L1 08    311 +013.2826 -001.6024 -001.3592 -116.6803 -078.6441 -066.3537 0
L1 01    315 +016.1491 +000.2073 +001.3525 -093.6192 +001.6629 +002.3579 0
L1 02    315 +007.4466 +005.5196 +001.6839 -095.0371 +006.5322 -149.6299 0
L1 03    315 +016.2668 -000.4516 -000.6780 -092.6654 +006.4922 +087.0193 0
L1 04    315 +012.4861 -000.6159 -000.6479 -123.7671 +022.7219 -155.3572 0
L1 05    315 +013.3494 +001.0645 -001.8119 -161.2257 -079.4127 -021.8595 0
L1 06    315 +013.4242 +000.2586 -002.1790 -164.2610 -077.3752 -020.3875 0
L1 07    315 +013.2512 -000.6400 -001.7212 -129.7975 -082.8139 -041.5472 0
L1 08    315 +013.2826 -001.6026 -001.3593 -116.6812 -078.6447 -066.3553 0
L1 01    319 +016.1490 +000.2073 +001.3527 -093.6178 +001.6623 +002.3602 0
L1 02    319 +007.4466 +005.5197 +001.6839 -095.0366 +006.5319 -149.6294 0
L1 03    319 +016.2668 -000.4514 -000.6779 -092.6631 +006.4918 +087.0200 0
L1 04    319 +012.4861 -000.6159 -000.6479 -123.7661 +022.7224 -155.3573 0
L1 05    319 +013.3495 +001.0647 -001.8118 -161.2284 -079.4112 -021.8563 0
L1 06    319 +013.4242 +000.2587 -002.1789 -164.2615 -077.3744 -020.3859 0
L1 07    319 +013.2512 -000.6400 -001.7214 -129.7874 -082.8148 -041.5572 0
L1 08    319 +013.2826 -001.6026 -001.3593 -116.6827 -078.6441 -066.3539 0
L1 01    323 +016.1491 +000.2075 +001.3527 -093.6165 +001.6628 +002.3602 0
L1 02    323 +007.4466 +005.5196 +001.6839 -095.0370 +006.5320 -149.6295 0
L1 03    323 +016.2668 -000.4516 -000.6779 -092.6641 +006.4920 +087.0203 0
L1 04    323 +012.4861 -000.6158 -000.6479 -123.7660 +022.7221 -155.3573 0
L1 05    323 +013.3495 +001.0643 -001.8117 -161.2325 -079.4112 -021.8549 0
L1 06    323 +013.4243 +000.2588 -002.1790 -164.2615 -077.3749 -020.3854 0
L1 07    323 +013.2512 -000.6399 -001.7213 -129.7957 -082.8142 -041.5485 0
L1 08    323 +013.2826 -001.6026 -001.3593 -116.6812 -078.6442 -066.3545 0
L1 01    327 +016.1491 +000.2075 +001.3526 -093.6172 +001.6627 +002.3585 0
L1 02    327 +007.4466 +005.5196 +001.6839 -095.0379 +006.5322 -149.6307 0
L1 03    327 +016.2668 -000.4517 -000.6779 -092.6652 +006.4916 +087.0197 0
L1 04    327 +012.4861 -000.6158 -000.6479 -123.7663 +022.7218 -155.3570 0
L1 05    327 +013.3495 +001.0645 -001.8118 -161.2271 -079.4112 -021.8592 0
L1 06    327 +013.4243 +000.2587 -002.1789 -164.2615 -077.3749 -020.3859 0
L1 07    327 +013.2513 -000.6400 -001.7213 -129.7973 -082.8143 -041.5476 0
L1 08    327 +013.2826 -001.6025 -001.3593 -116.6818 -078.6442 -066.3539 0
L1 01    331 +016.1491 +000.2076 +001.3528 -093.6162 +001.6624 +002.3596 0
L1 02    331 +007.4466 +005.5197 +001.6839 -095.0371 +006.5320 -149.6304 0
L1 03    331 +016.2669 -000.4515 -000.6779 -092.6641 +006.4913 +087.0196 0
L1 04    331 +012.4861 -000.6159 -000.6478 -123.7660 +022.7221 -155.3566 0
L1 05    331 +013.3495 +001.0645 -001.8116 -161.2283 -079.4094 -021.8576 0
L1 06    331 +013.4243 +000.2587 -002.1789 -164.2592 -077.3750 -020.3879 0
L1 07    331 +013.2512 -000.6402 -001.7213 -129.8014 -082.8143 -041.5444 0
L1 08    331 +013.2827 -001.6025 -001.3592 -116.6822 -078.6440 -066.3533 0
L1 01    335 +016.1491 +000.2073 +001.3525 -093.6176 +001.6617 +002.3578 0
L1 02    335 +007.4466 +005.5197 +001.6840 -095.0368 +006.5323 -149.6303 0
L1 03    335 +016.2669 -000.4514 -000.6779 -092.6629 +006.4915 +087.0198 0
L1 04    335 +012.4861 -000.6159 -000.6479 -123.7661 +022.7223 -155.3567 0
L1 05    335 +013.3495 +001.0645 -001.8116 -161.2302 -079.4096 -021.8550 0
L1 06    335 +013.4243 +000.2588 -002.1789 -164.2598 -077.3744 -020.3869 0
L1 07    335 +013.2513 -000.6400 -001.7211 -129.8067 -082.8131 -041.5378 0
L1 08    335 +013.2827 -001.6026 -001.3592 -116.6845 -078.6437 -066.3512 0
L1 01    339 +016.1491 +000.2075 +001.3525 -093.6165 +001.6619 +002.3583 0
L1 02    339 +007.4466 +005.5197 +001.6840 -095.0365 +006.5321 -149.6293 0
L1 03    339 +016.2669 -000.4513 -000.6779 -092.6618 +006.4917 +087.0204 0
L1 04    339 +012.4861 -000.6158 -000.6479 -123.7654 +022.7227 -155.3563 0
L1 05    339 +013.3496 +001.0646 -001.8116 -161.2265 -079.4091 -021.8583 0
L1 06    339 +013.4243 +000.2588 -002.1790 -164.2587 -077.3746 -020.3878 0
L1 07    339 +013.2513 -000.6401 -001.7213 -129.8056 -082.8129 -041.5393 0
L1 08    339 +013.2827 -001.6025 -001.3593 -116.6859 -078.6435 -066.3488 0
L1 01    343 +016.1491 +000.2075 +001.3524 -093.6170 +001.6622 +002.3573 0
L1 02    343 +007.4466 +005.5197 +001.6839 -095.0362 +006.5315 -149.6287 0
L1 03    343 +016.2670 -000.4513 -000.6778 -092.6615 +006.4917 +087.0206 0
L1 04    343 +012.4862 -000.6158 -000.6479 -123.7652 +022.7230 -155.3560 0
L1 05    343 +013.3496 +001.0646 -001.8117 -161.2269 -079.4094 -021.8581 0
L1 06    343 +013.4243 +000.2591 -002.1792 -164.2546 -077.3748 -020.3906 0
L1 07    343 +013.2513 -000.6400 -001.7213 -129.7981 -082.8123 -041.5460 0
L1 08    343 +013.2827 -001.6024 -001.3593 -116.6852 -078.6432 -066.3487 0
L1 01    347 +016.1491 +000.2074 +001.3525 -093.6186 +001.6621 +002.3585 0
L1 02    347 +007.4466 +005.5197 +001.6839 -095.0368 +006.5320 -149.6282 0
L1 03    347 +016.2670 -000.4514 -000.6779 -092.6632 +006.4914 +087.0205 0
L1 04    347 +012.4862 -000.6160 -000.6480 -123.7675 +022.7227 -155.3566 0
L1 05    347 +013.3488 +001.0657 -001.8133 -161.1320 -079.4210 -021.9484 0
L1 06    347 +013.4238 +000.2595 -002.1803 -164.1905 -077.3881 -020.4523 0
L1 07    347 +013.2508 -000.6386 -001.7231 -129.6752 -082.8135 -041.6646 0
L1 08    347 +013.2824 -001.6015 -001.3605 -116.6099 -078.6343 -066.4212 0
L1 01    351 +016.1491 +000.2074 +001.3522 -093.6185 +001.6612 +002.3556 0
L1 02    351 +007.4466 +005.5197 +001.6839 -095.0368 +006.5321 -149.6287 0
L1 03    351 +016.2670 -000.4514 -000.6779 -092.6624 +006.4913 +087.0201 0
L1 04    351 +012.4861 -000.6159 -000.6478 -123.7662 +022.7233 -155.3551 0
L1 05    351 +013.3496 +001.0644 -001.8117 -161.2307 -079.4084 -021.8549 0
L1 06    351 +013.4243 +000.2588 -002.1794 -164.2532 -077.3762 -020.3938 0
L1 07    351 +013.2513 -000.6399 -001.7215 -129.7900 -082.8135 -041.5532 0
L1 08    351 +013.2827 -001.6023 -001.3593 -116.6846 -078.6422 -066.3480 0
L1 01    355 +016.1491 +000.2073 +001.3524 -093.6189 +001.6610 +002.3575 0
L1 02    355 +007.4466 +005.5197 +001.6839 -095.0372 +006.5320 -149.6289 0
L1 03    355 +016.2670 -000.4514 -000.6778 -092.6633 +006.4910 +087.0213 0
L1 04    355 +012.4862 -000.6159 -000.6478 -123.7661 +022.7231 -155.3549 0
L1 05    355 +013.3496 +001.0644 -001.8118 -161.2292 -079.4102 -021.8573 0
L1 06    355 +013.4244 +000.2589 -002.1790 -164.2664 -077.3735 -020.3786 0
L1 07    355 +013.2513 -000.6400 -001.7214 -129.7977 -082.8138 -041.5467 0
L1 08    355 +013.2828 -001.6025 -001.3593 -116.6888 -078.6431 -066.3460 0
L1 01    359 +016.1491 +000.2074 +001.3526 -093.6174 +001.6619 +002.3592 0
L1 02    359 +007.4466 +005.5196 +001.6839 -095.0372 +006.5320 -149.6289 0
L1 03    359 +016.2669 -000.4515 -000.6778 -092.6634 +006.4912 +087.0210 0
L1 04    359 +012.4861 -000.6159 -000.6478 -123.7657 +022.7227 -155.3554 0
L1 05    359 +013.3495 +001.0645 -001.8117 -161.2257 -079.4097 -021.8594 0
L1 06    359 +013.4243 +000.2588 -002.1790 -164.2645 -077.3741 -020.3824 0
L1 07    359 +013.2513 -000.6398 -001.7213 -129.7992 -082.8134 -041.5442 0
L1 08    359 +013.2827 -001.6025 -001.3594 -116.6823 -078.6442 -066.3522 0
L1 01    363 +016.1491 +000.2073 +001.3525 -093.6177 +001.6609 +002.3582 0
L1 02    363 +007.4466 +005.5197 +001.6839 -095.0372 +006.5320 -149.6299 0
L1 03    363 +016.2669 -000.4516 -000.6778 -092.6642 +006.4906 +087.0203 0
L1 04    363 +012.4861 -000.6159 -000.6479 -123.7665 +022.7219 -155.3566 0
L1 05    363 +013.3495 +001.0645 -001.8119 -161.2229 -079.4122 -021.8630 0
L1 06    363 +013.4243 +000.2588 -002.1790 -164.2595 -077.3749 -020.3879 0
L1 07    363 +013.2513 -000.6401 -001.7215 -129.7917 -082.8155 -041.5529 0
L1 08    363 +013.2826 -001.6027 -001.3594 -116.6801 -078.6449 -066.3566 0
L1 01    367 +016.1491 +000.2071 +001.3526 -093.6190 +001.6608 +002.3584 0
L1 02    367 +007.4466 +005.5197 +001.6839 -095.0373 +006.5319 -149.6307 0
L1 03    367 +016.2668 -000.4517 -000.6777 -092.6651 +006.4898 +087.0200 0
L1 04    367 +012.4861 -000.6160 -000.6478 -123.7672 +022.7211 -155.3568 0
L1 05    367 +013.3495 +001.0643 -001.8118 -161.2304 -079.4121 -021.8565 0
L1 06    367 +013.4242 +000.2586 -002.1790 -164.2622 -077.3764 -020.3857 0
L1 07    367 +013.2512 -000.6404 -001.7211 -129.8091 -082.8149 -041.5378 0
L1 08    367 +013.2826 -001.6028 -001.3593 -116.6800 -078.6455 -066.3574 0
L1 01    371 +016.1491 +000.2073 +001.3526 -093.6163 +001.6609 +002.3580 0
L1 02    371 +007.4466 +005.5197 +001.6839 -095.0369 +006.5319 -149.6308 0
L1 03    371 +016.2668 -000.4516 -000.6777 -092.6637 +006.4897 +087.0199 0
L1 04    371 +012.4860 -000.6159 -000.6479 -123.7658 +022.7206 -155.3572 0
L1 05    371 +013.3494 +001.0644 -001.8118 -161.2291 -079.4128 -021.8567 0
L1 06    371 +013.4242 +000.2586 -002.1791 -164.2609 -077.3773 -020.3867 0
L1 07    371 +013.2512 -000.6400 -001.7214 -129.7900 -082.8165 -041.5543 0
L1 08    371 +013.2826 -001.6027 -001.3594 -116.6727 -078.6461 -066.3630 0
L1 01    375 +016.1491 +000.2077 +001.3525 -093.6113 +001.6610 +002.3568 0
L1 02    375 +007.4466 +005.5197 +001.6839 -095.0363 +006.5318 -149.6308 0
L1 03    375 +016.2668 -000.4515 -000.6777 -092.6623 +006.4896 +087.0198 0
L1 04    375 +012.4860 -000.6159 -000.6478 -123.7648 +022.7207 -155.3568 0
L1 05    375 +013.3494 +001.0645 -001.8119 -161.2241 -079.4133 -021.8611 0
L1 06    375 +013.4242 +000.2586 -002.1790 -164.2579 -077.3769 -020.3891 0
L1 07    375 +013.2511 -000.6400 -001.7215 -129.7849 -082.8167 -041.5586 0
L1 08    375 +013.2826 -001.6025 -001.3593 -116.6749 -078.6455 -066.3587 0
L1 01    379 +016.1491 +000.2075 +001.3526 -093.6130 +001.6611 +002.3582 0
L1 02    379 +007.4466 +005.5197 +001.6839 -095.0363 +006.5317 -149.6303 0
L1 03    379 +016.2668 -000.4514 -000.6778 -092.6622 +006.4898 +087.0199 0
L1 04    379 +012.4860 -000.6159 -000.6479 -123.7651 +022.7208 -155.3571 0
L1 05    379 +013.3494 +001.0646 -001.8120 -161.2239 -079.4136 -021.8609 0
L1 06    379 +013.4242 +000.2587 -002.1791 -164.2587 -077.3773 -020.3875 0
L1 07    379 +013.2512 -000.6397 -001.7215 -129.7817 -082.8160 -041.5599 0
L1 08    379 +013.2826 -001.6025 -001.3593 -116.6759 -078.6451 -066.3586 0
L1 01    383 +016.1491 +000.2073 +001.3525 -093.6144 +001.6605 +002.3568 0
L1 02    383 +007.4466 +005.5197 +001.6839 -095.0366 +006.5318 -149.6300 0
L1 03    383 +016.2668 -000.4514 -000.6780 -092.6625 +006.4893 +087.0188 0
L1 04    383 +012.4860 -000.6159 -000.6478 -123.7646 +022.7220 -155.3563 0
L1 05    383 +013.3494 +001.0645 -001.8119 -161.2254 -079.4130 -021.8596 0
L1 06    383 +013.4242 +000.2587 -002.1792 -164.2578 -077.3771 -020.3883 0
L1 07    383 +013.2512 -000.6401 -001.7215 -129.7837 -082.8154 -041.5609 0
L1 08    383 +013.2826 -001.6025 -001.3593 -116.6775 -078.6447 -066.3571 0
L1 01    387 +016.1491 +000.2074 +001.3525 -093.6136 +001.6606 +002.3563 0
L1 02    387 +007.4466 +005.5197 +001.6839 -095.0361 +006.5318 -149.6290 0
L1 03    387 +016.2668 -000.4514 -000.6781 -092.6624 +006.4894 +087.0180 0
L1 04    387 +012.4860 -000.6159 -000.6478 -123.7648 +022.7217 -155.3558 0
L1 05    387 +013.3494 +001.0647 -001.8117 -161.2243 -079.4116 -021.8593 0
L1 06    387 +013.4241 +000.2589 -002.1791 -164.2547 -077.3764 -020.3906 0
L1 07    387 +013.2511 -000.6400 -001.7214 -129.7832 -082.8154 -041.5604 0
L1 08    387 +013.2826 -001.6025 -001.3592 -116.6790 -078.6447 -066.3553 0
L1 01    391 +016.1491 +000.2073 +001.3525 -093.6141 +001.6604 +002.3564 0
L1 02    391 +007.4466 +005.5197 +001.6839 -095.0360 +006.5318 -149.6290 0
L1 03    391 +016.2668 -000.4515 -000.6779 -092.6633 +006.4893 +087.0187 0
L1 04    391 +012.4860 -000.6159 -000.6478 -123.7653 +022.7217 -155.3562 0
L1 05    391 +013.3494 +001.0647 -001.8118 -161.2238 -079.4122 -021.8602 0
L1 06    391 +013.4241 +000.2589 -002.1792 -164.2537 -077.3773 -020.3921 0
L1 07    391 +013.2511 -000.6400 -001.7214 -129.7855 -082.8150 -041.5587 0
L1 08    391 +013.2826 -001.6026 -001.3593 -116.6769 -078.6450 -066.3580 0
L1 01    395 +016.1491 +000.2074 +001.3525 -093.6134 +001.6608 +002.3567 0
L1 02    395 +007.4466 +005.5197 +001.6839 -095.0360 +006.5319 -149.6291 0
L1 03    395 +016.2668 -000.4516 -000.6779 -092.6636 +006.4888 +087.0191 0
L1 04    395 +012.4860 -000.6159 -000.6478 -123.7652 +022.7211 -155.3560 0
L1 05    395 +013.3494 +001.0646 -001.8118 -161.2258 -079.4122 -021.8587 0
L1 06    395 +013.4241 +000.2588 -002.1791 -164.2537 -077.3767 -020.3919 0
L1 07    395 +013.2511 -000.6401 -001.7214 -129.7847 -082.8151 -041.5596 0
L1 08    395 +013.2826 -001.6026 -001.3593 -116.6777 -078.6453 -066.3573 0
L1 01    399 +016.1491 +000.2075 +001.3526 -093.6122 +001.6601 +002.3569 0
L1 02    399 +007.4466 +005.5197 +001.6839 -095.0363 +006.5318 -149.6301 0
L1 03    399 +016.2668 -000.4515 -000.6779 -092.6628 +006.4886 +087.0185 0
L1 04    399 +012.4860 -000.6160 -000.6477 -123.7654 +022.7207 -155.3558 0
L1 05    399 +013.3494 +001.0646 -001.8117 -161.2265 -079.4115 -021.8582 0
L1 06    399 +013.4242 +000.2589 -002.1789 -164.2554 -077.3754 -020.3896 0
L1 07    399 +013.2512 -000.6403 -001.7213 -129.7905 -082.8153 -041.5545 0
L1 08    399 +013.2826 -001.6026 -001.3592 -116.6779 -078.6449 -066.3574 0
L1 01    403 +016.1490 +000.2073 +001.3526 -093.6138 +001.6608 +002.3574 0
L1 02    403 +007.4466 +005.5197 +001.6839 -095.0366 +006.5319 -149.6305 0
L1 03    403 +016.2669 -000.4515 -000.6778 -092.6630 +006.4889 +087.0192 0
L1 04    403 +012.4861 -000.6159 -000.6477 -123.7652 +022.7208 -155.3554 0
L1 05    403 +013.3494 +001.0645 -001.8118 -161.2272 -079.4117 -021.8578 0
L1 06    403 +013.4242 +000.2586 -002.1791 -164.2572 -077.3762 -020.3898 0
L1 07    403 +013.2512 -000.6402 -001.7211 -129.8024 -082.8150 -041.5424 0
L1 08    403 +013.2826 -001.6026 -001.3592 -116.6801 -078.6450 -066.3549 0
L1 01    407 +016.1491 +000.2074 +001.3528 -093.6121 +001.6611 +002.3589 0
L1 02    407 +007.4466 +005.5197 +001.6839 -095.0367 +006.5320 -149.6306 0
L1 03    407 +016.2669 -000.4515 -000.6778 -092.6623 +006.4890 +087.0198 0
L1 04    407 +012.4861 -000.6159 -000.6477 -123.7648 +022.7208 -155.3553 0
L1 05    407 +013.3495 +001.0646 -001.8118 -161.2240 -079.4110 -021.8606 0
L1 06    407 +013.4242 +000.2588 -002.1791 -164.2549 -077.3756 -020.3909 0
L1 07    407 +013.2512 -000.6400 -001.7214 -129.7900 -082.8147 -041.5537 0
L1 08    407 +013.2827 -001.6026 -001.3592 -116.6816 -078.6446 -066.3533 0
L1 01    411 +016.1491 +000.2078 +001.3528 -093.6091 +001.6611 +002.3602 0
L1 02    411 +007.4466 +005.5197 +001.6839 -095.0361 +006.5317 -149.6298 0
L1 03    411 +016.2669 -000.4512 -000.6779 -092.6603 +006.4899 +087.0201 0
L1 04    411 +012.4861 -000.6157 -000.6478 -123.7643 +022.7211 -155.3558 0
L1 05    411 +013.3495 +001.0646 -001.8119 -161.2209 -079.4115 -021.8634 0
L1 06    411 +013.4242 +000.2590 -002.1791 -164.2490 -077.3757 -020.3954 0
L1 07    411 +013.2513 -000.6401 -001.7214 -129.7887 -082.8137 -041.5552 0
L1 08    411 +013.2827 -001.6024 -001.3593 -116.6800 -078.6438 -066.3535 0
L1 01    415 +016.1492 +000.2076 +001.3528 -093.6115 +001.6608 +002.3607 0
L1 02    415 +007.4466 +005.5197 +001.6839 -095.0369 +006.5316 -149.6287 0
L1 03    415 +016.2669 -000.4514 -000.6778 -092.6615 +006.4894 +087.0208 0
L1 04    415 +012.4861 -000.6158 -000.6479 -123.7650 +022.7210 -155.3555 0
L1 05    415 +013.3495 +001.0646 -001.8118 -161.2256 -079.4101 -021.8590 0
L1 06    415 +013.4243 +000.2588 -002.1790 -164.2548 -077.3746 -020.3915 0
L1 07    415 +013.2513 -000.6401 -001.7212 -129.8036 -082.8128 -041.5404 0
L1 08    415 +013.2827 -001.6025 -001.3593 -116.6832 -078.6435 -066.3512 0
L1 01    419 +016.1491 +000.2076 +001.3527 -093.6120 +001.6612 +002.3600 0
L1 02    419 +007.4466 +005.5197 +001.6839 -095.0367 +006.5315 -149.6282 0
L1 03    419 +016.2669 -000.4515 -000.6779 -092.6625 +006.4891 +087.0210 0
L1 04    419 +012.4862 -000.6158 -000.6479 -123.7650 +022.7211 -155.3553 0
L1 05    419 +013.3496 +001.0645 -001.8117 -161.2281 -079.4092 -021.8573 0
L1 06    419 +013.4243 +000.2588 -002.1791 -164.2543 -077.3741 -020.3922 0
L1 07    419 +013.2513 -000.6400 -001.7213 -129.8028 -082.8130 -041.5409 0
L1 08    419 +013.2828 -001.6024 -001.3593 -116.6859 -078.6434 -066.3481 0
L1 01    423 +016.1491 +000.2076 +001.3528 -093.6121 +001.6604 +002.3606 0
L1 02    423 +007.4466 +005.5197 +001.6839 -095.0370 +006.5315 -149.6285 0
L1 03    423 +016.2669 -000.4516 -000.6778 -092.6632 +006.4888 +087.0212 0
L1 04    423 +012.4861 -000.6159 -000.6478 -123.7655 +022.7208 -155.3553 0
L1 05    423 +013.3496 +001.0645 -001.8117 -161.2295 -079.4095 -021.8555 0
L1 06    423 +013.4243 +000.2587 -002.1790 -164.2574 -077.3743 -020.3896 0
L1 07    423 +013.2513 -000.6401 -001.7212 -129.8089 -082.8129 -041.5356 0
L1 08    423 +013.2828 -001.6025 -001.3592 -116.6883 -078.6432 -066.3458 0
L1 01    427 +016.1491 +000.2071 +001.3524 -093.6162 +001.6611 +002.3566 0
L1 02    427 +007.4466 +005.5196 +001.6839 -095.0372 +006.5317 -149.6289 0
L1 03    427 +016.2669 -000.4516 -000.6780 -092.6638 +006.4883 +087.0197 0
L1 04    427 +012.4861 -000.6159 -000.6478 -123.7664 +022.7206 -155.3552 0
L1 05    427 +013.3496 +001.0645 -001.8118 -161.2305 -079.4101 -021.8550 0
L1 06    427 +013.4243 +000.2586 -002.1791 -164.2583 -077.3748 -020.3894 0
L1 07    427 +013.2513 -000.6399 -001.7213 -129.8000 -082.8131 -041.5432 0
L1 08    427 +013.2827 -001.6025 -001.3593 -116.6875 -078.6438 -066.3475 0
L1 01    431 +016.1491 +000.2073 +001.3524 -093.6139 +001.6603 +002.3565 0
L1 02    431 +007.4466 +005.5197 +001.6839 -095.0367 +006.5315 -149.6289 0
L1 03    431 +016.2669 -000.4515 -000.6779 -092.6630 +006.4888 +087.0199 0
L1 04    431 +012.4861 -000.6159 -000.6478 -123.7658 +022.7208 -155.3555 0
L1 05    431 +013.3496 +001.0646 -001.8118 -161.2307 -079.4100 -021.8542 0
L1 06    431 +013.4243 +000.2586 -002.1790 -164.2621 -077.3745 -020.3853 0
L1 07    431 +013.2513 -000.6400 -001.7213 -129.7920 -082.8127 -041.5522 0
L1 08    431 +013.2827 -001.6025 -001.3593 -116.6837 -078.6440 -066.3510 0
L1 01    435 +016.1491 +000.2074 +001.3525 -093.6128 +001.6611 +002.3576 0
L1 02    435 +007.4466 +005.5197 +001.6839 -095.0370 +006.5314 -149.6289 0
L1 03    435 +016.2669 -000.4515 -000.6779 -092.6630 +006.4888 +087.0198 0
L1 04    435 +012.4861 -000.6159 -000.6478 -123.7662 +022.7207 -155.3558 0
L1 05    435 +013.3495 +001.0647 -001.8118 -161.2248 -079.4106 -021.8598 0
L1 06    435 +013.4243 +000.2587 -002.1790 -164.2587 -077.3746 -020.3880 0
L1 07    435 +013.2513 -000.6400 -001.7213 -129.7975 -082.8135 -041.5462 0
L1 08    435 +013.2827 -001.6025 -001.3593 -116.6847 -078.6439 -066.3502 0
L1 01    439 +016.1491 +000.2075 +001.3527 -093.6114 +001.6612 +002.3600 0
L1 02    439 +007.4466 +005.5197 +001.6839 -095.0371 +006.5313 -149.6299 0
L1 03    439 +016.2669 -000.4516 -000.6777 -092.6630 +006.4889 +087.0208 0
L1 04    439 +012.4861 -000.6159 -000.6478 -123.7659 +022.7202 -155.3560 0
L1 05    439 +013.3495 +001.0646 -001.8119 -161.2280 -079.4112 -021.8570 0
L1 06    439 +013.4243 +000.2588 -002.1790 -164.2549 -077.3753 -020.3909 0
L1 07    439 +013.2513 -000.6400 -001.7213 -129.7903 -082.8135 -041.5532 0
L1 08    439 +013.2827 -001.6025 -001.3593 -116.6814 -078.6442 -066.3530 0
L1 01    443 +016.1491 +000.2076 +001.3528 -093.6096 +001.6607 +002.3606 0
L1 02    443 +007.4466 +005.5197 +001.6839 -095.0371 +006.5316 -149.6310 0
L1 03    443 +016.2669 -000.4514 -000.6777 -092.6615 +006.4887 +087.0215 0
L1 04    443 +012.4861 -000.6159 -000.6478 -123.7656 +022.7202 -155.3563 0
L1 05    443 +013.3495 +001.0645 -001.8118 -161.2275 -079.4104 -021.8572 0
L1 06    443 +013.4243 +000.2588 -002.1790 -164.2529 -077.3752 -020.3928 0
L1 07    443 +013.2512 -000.6399 -001.7216 -129.7733 -082.8148 -041.5694 0
L1 08    443 +013.2827 -001.6025 -001.3594 -116.6793 -078.6442 -066.3551 0
L1 01    447 +016.1491 +000.2079 +001.3530 -093.6065 +001.6595 +002.3632 0
L1 02    447 +007.4466 +005.5197 +001.6839 -095.0362 +006.5308 -149.6312 0
L1 03    447 +016.2668 -000.4513 -000.6777 -092.6600 +006.4885 +087.0213 0
L1 04    447 +012.4861 -000.6158 -000.6479 -123.7651 +022.7199 -155.3566 0
L1 05    447 +013.3495 +001.0645 -001.8119 -161.2256 -079.4118 -021.8592 0
L1 06    447 +013.4243 +000.2589 -002.1791 -164.2513 -077.3756 -020.3936 0
L1 07    447 +013.2513 -000.6397 -001.7216 -129.7716 -082.8142 -041.5700 0
L1 08    447 +013.2827 -001.6025 -001.3594 -116.6780 -078.6443 -066.3559 0
L1 01    451 +016.1491 +000.2078 +001.3528 -093.6066 +001.6595 +002.3618 0
L1 02    451 +007.4466 +005.5197 +001.6839 -095.0366 +006.5314 -149.6296 0
L1 03    451 +016.2669 -000.4508 -000.6777 -092.6570 +006.4886 +087.0217 0
L1 04    451 +012.4861 -000.6158 -000.6479 -123.7650 +022.7204 -155.3565 0
L1 05    451 +013.3495 +001.0646 -001.8119 -161.2262 -079.4111 -021.8577 0
L1 06    451 +013.4243 +000.2589 -002.1790 -164.2509 -077.3747 -020.3944 0
L1 07    451 +013.2512 -000.6398 -001.7216 -129.7715 -082.8144 -041.5711 0
L1 08    451 +013.2827 -001.6025 -001.3593 -116.6815 -078.6439 -066.3524 0
L1 01    455 +016.1491 +000.2077 +001.3529 -093.6083 +001.6603 +002.3619 0
L1 02    455 +007.4466 +005.5197 +001.6839 -095.0367 +006.5314 -149.6292 0
L1 03    455 +016.2669 -000.4514 -000.6775 -092.6612 +006.4888 +087.0224 0
L1 04    455 +012.4861 -000.6158 -000.6479 -123.7654 +022.7202 -155.3566 0
L1 05    455 +013.3495 +001.0647 -001.8119 -161.2250 -079.4113 -021.8588 0
L1 06    455 +013.4243 +000.2587 -002.1791 -164.2505 -077.3748 -020.3966 0
L1 07    455 +013.2513 -000.6399 -001.7215 -129.7807 -082.8139 -041.5620 0
L1 08    455 +013.2827 -001.6026 -001.3593 -116.6831 -078.6440 -066.3519 0
L1 01    459 +016.1492 +000.2075 +001.3530 -093.6094 +001.6600 +002.3625 0
L1 02    459 +007.4466 +005.5197 +001.6839 -095.0364 +006.5313 -149.6286 0
L1 03    459 +016.2670 -000.4513 -000.6776 -092.6609 +006.4878 +087.0224 0
L1 04    459 +012.4861 -000.6158 -000.6479 -123.7658 +022.7202 -155.3567 0
L1 05    459 +013.3495 +001.0646 -001.8118 -161.2247 -079.4103 -021.8597 0
L1 06    459 +013.4243 +000.2588 -002.1791 -164.2503 -077.3745 -020.3962 0
L1 07    459 +013.2513 -000.6398 -001.7214 -129.7856 -082.8130 -041.5566 0
L1 08    459 +013.2827 -001.6026 -001.3594 -116.6822 -078.6437 -066.3527 0
L1 01    463 +016.1491 +000.2074 +001.3526 -093.6102 +001.6603 +002.3586 0
L1 02    463 +007.4466 +005.5197 +001.6839 -095.0363 +006.5313 -149.6292 0
L1 03    463 +016.2669 -000.4514 -000.6778 -092.6620 +006.4882 +087.0205 0
L1 04    463 +012.4861 -000.6158 -000.6479 -123.7658 +022.7202 -155.3563 0
L1 05    463 +013.3496 +001.0647 -001.8117 -161.2250 -079.4095 -021.8590 0
L1 06    463 +013.4243 +000.2588 -002.1791 -164.2511 -077.3749 -020.3955 0
L1 07    463 +013.2513 -000.6399 -001.7213 -129.7892 -082.8132 -041.5532 0
L1 08    463 +013.2827 -001.6025 -001.3593 -116.6831 -078.6439 -066.3512 0
L1 01    467 +016.1490 +000.2071 +001.3532 -093.6111 +001.6649 +002.3614 0
L1 02    467 +007.4466 +005.5191 +001.6843 -095.0402 +006.5361 -149.6393 0
L1 03    467 +016.2667 -000.4513 -000.6781 -092.6615 +006.4961 +087.0140 0
L1 04    467 +012.4858 -000.6155 -000.6486 -123.7701 +022.7253 -155.3722 0
L1 05    467 +013.3496 +001.0644 -001.8118 -161.2305 -079.4103 -021.8556 0
L1 06    467 +013.4243 +000.2585 -002.1791 -164.2529 -077.3749 -020.3953 0
L1 07    467 +013.2513 -000.6399 -001.7215 -129.7803 -082.8155 -041.5629 0
L1 08    467 +013.2827 -001.6029 -001.3595 -116.6799 -078.6450 -066.3579 0
