L1 01      3 +016.3324 +000.6598 +001.3666 -097.6609 +001.3626 +002.3463 0
L1 02      3 +007.4448 +005.5199 +001.6833 -095.0465 +006.5253 -149.8176 0
L1 03      3 +016.4989 -000.0139 -000.6605 -091.4237 +002.5508 +087.2590 0
L1 04      3 +015.3953 +004.4622 -002.6548 +090.3643 +042.5369 -171.7670 0
L1 05      3 +016.0918 +001.5608 -006.1485 +106.9081 +088.5438 -070.1035 0
L1 06      3 +016.0519 +000.7476 -006.6617 +165.4194 +077.8073 -014.0040 0
L1 07      3 +016.3324 -000.2466 -006.3983 -157.3707 +080.7472 +036.1922 0
L1 08      3 +016.2639 -001.0506 -005.8389 +013.9754 +088.3779 -165.5540 0
L1 01      7 +016.3324 +000.6597 +001.3665 -097.6613 +001.3613 +002.3456 0
L1 02      7 +007.4448 +005.5199 +001.6832 -095.0469 +006.5251 -149.8188 0
L1 03      7 +016.4989 -000.0140 -000.6605 -091.4242 +002.5504 +087.2588 0
L1 04      7 +015.3953 +004.4623 -002.6548 +090.3650 +042.5373 -171.7667 0
L1 05      7 +016.0918 +001.5612 -006.1484 +106.8923 +088.5436 -070.1209 0
L1 06      7 +016.0518 +000.7477 -006.6620 +165.4156 +077.8048 -014.0083 0
L1 07      7 +016.3322 -000.2468 -006.3987 -157.3692 +080.7446 +036.1940 0
L1 08      7 +016.2639 -001.0505 -005.8388 +013.9464 +088.3777 -165.5841 0
L1 01     11 +016.3323 +000.6596 +001.3659 -097.6634 +001.3611 +002.3397 0
L1 02     11 +007.4448 +005.5199 +001.6833 -095.0470 +006.5256 -149.8182 0
L1 03     11 +016.4989 -000.0139 -000.6605 -091.4240 +002.5503 +087.2588 0
L1 04     11 +015.3953 +004.4625 -002.6547 +090.3666 +042.5359 -171.7683 0
L1 05     11 +016.0917 +001.5614 -006.1486 +106.9033 +088.5430 -070.1110 0
L1 06     11 +016.0519 +000.7480 -006.6620 +165.4136 +077.8052 -014.0131 0
L1 07     11 +016.3322 -000.2468 -006.3990 -157.3700 +080.7416 +036.1933 0
L1 08     11 +016.2639 -001.0505 -005.8389 +013.9681 +088.3777 -165.5628 0
L1 01     15 +016.3324 +000.6599 +001.3666 -097.6606 +001.3627 +002.3464 0
L1 02     15 +007.4448 +005.5199 +001.6833 -095.0465 +006.5251 -149.8181 0
L1 03     15 +016.4990 -000.0139 -000.6605 -091.4231 +002.5510 +087.2601 0
L1 04     15 +015.3953 +004.4624 -002.6547 +090.3640 +042.5361 -171.7686 0
L1 05     15 +016.0918 +001.5608 -006.1486 +106.8767 +088.5440 -070.1348 0
L1 06     15 +016.0519 +000.7478 -006.6618 +165.4203 +077.8071 -014.0055 0
L1 07     15 +016.3322 -000.2470 -006.3989 -157.3704 +080.7421 +036.1934 0
L1 08     15 +016.2639 -001.0506 -005.8389 +013.9597 +088.3770 -165.5701 0
L1 01     19 +016.3324 +000.6598 +001.3664 -097.6623 +001.3626 +002.3448 0
L1 02     19 +007.4448 +005.5199 +001.6833 -095.0467 +006.5252 -149.8174 0
L1 03     19 +016.4990 -000.0140 -000.6606 -091.4247 +002.5508 +087.2590 0
L1 04     19 +015.3953 +004.4624 -002.6547 +090.3644 +042.5359 -171.7685 0
L1 05     19 +016.0918 +001.5609 -006.1487 +106.9020 +088.5438 -070.1100 0
L1 06     19 +016.0521 +000.7483 -006.6617 +165.4171 +077.8078 -014.0111 0
L1 07     19 +016.3321 -000.2465 -006.3990 -157.3793 +080.7428 +036.1827 0
L1 08     19 +016.2639 -001.0508 -005.8390 +013.9483 +088.3778 -165.5805 0
L1 01     23 +016.3323 +000.6590 +001.3656 -097.6665 +001.3603 +002.3389 0
L1 02     23 +007.4448 +005.5199 +001.6833 -095.0464 +006.5251 -149.8168 0
L1 03     23 +016.4990 -000.0138 -000.6605 -091.4228 +002.5503 +087.2594 0
L1 04     23 +015.3953 +004.4628 -002.6547 +090.3671 +042.5353 -171.7695 0
L1 05     23 +016.0918 +001.5614 -006.1488 +106.9106 +088.5405 -070.1046 0
L1 06     23 +016.0520 +000.7482 -006.6618 +165.4121 +077.8072 -014.0170 0
L1 07     23 +016.3323 -000.2464 -006.3989 -157.3714 +080.7431 +036.1891 0
L1 08     23 +016.2641 -001.0503 -005.8389 +013.9887 +088.3767 -165.5432 0
L1 01     27 +016.3323 +000.6599 +001.3663 -097.6611 +001.3610 +002.3429 0
L1 02     27 +007.4448 +005.5199 +001.6832 -095.0464 +006.5248 -149.8169 0
L1 03     27 +016.4990 -000.0136 -000.6605 -091.4207 +002.5511 +087.2597 0
L1 04     27 +015.3953 +004.4628 -002.6546 +090.3678 +042.5353 -171.7692 0
L1 05     27 +016.0916 +001.5619 -006.1492 +106.9851 +088.5385 -070.0339 0
L1 06     27 +016.0522 +000.7482 -006.6617 +165.4095 +077.8081 -014.0193 0
L1 07     27 +016.3323 -000.2463 -006.3990 -157.3822 +080.7434 +036.1774 0
L1 08     27 +016.2640 -001.0503 -005.8390 +014.0336 +088.3768 -165.4991 0
L1 01     31 +016.3324 +000.6591 +001.3664 -097.6644 +001.3597 +002.3449 0
L1 02     31 +007.4448 +005.5199 +001.6832 -095.0461 +006.5247 -149.8174 0
L1 03     31 +016.4990 -000.0137 -000.6605 -091.4224 +002.5506 +087.2595 0
L1 04     31 +015.3954 +004.4624 -002.6548 +090.3656 +042.5362 -171.7679 0
L1 05     31 +016.0917 +001.5616 -006.1491 +106.9716 +088.5398 -070.0440 0
L1 06     31 +016.0522 +000.7480 -006.6617 +165.4153 +077.8085 -014.0124 0
L1 07     31 +016.3321 -000.2465 -006.3991 -157.3817 +080.7428 +036.1797 0
L1 08     31 +016.2641 -001.0502 -005.8390 +013.9896 +088.3765 -165.5428 0
L1 01     35 +016.3324 +000.6598 +001.3665 -097.6603 +001.3614 +002.3458 0
L1 02     35 +007.4448 +005.5200 +001.6833 -095.0460 +006.5248 -149.8185 0
L1 03     35 +016.4990 -000.0139 -000.6605 -091.4233 +002.5505 +087.2595 0
L1 04     35 +015.3954 +004.4625 -002.6547 +090.3652 +042.5362 -171.7690 0
L1 05     35 +016.0919 +001.5616 -006.1486 +106.8969 +088.5413 -070.1186 0
L1 06     35 +016.0520 +000.7478 -006.6620 +165.4166 +077.8057 -014.0097 0
L1 07     35 +016.3323 -000.2465 -006.3988 -157.3712 +080.7442 +036.1899 0
L1 08     35 +016.2640 -001.0503 -005.8391 +014.0047 +088.3774 -165.5275 0
L1 01     39 +016.3323 +000.6596 +001.3660 -097.6620 +001.3601 +002.3401 0
L1 02     39 +007.4448 +005.5200 +001.6832 -095.0456 +006.5248 -149.8188 0
L1 03     39 +016.4990 -000.0136 -000.6605 -091.4209 +002.5508 +087.2595 0
L1 04     39 +015.3952 +004.4632 -002.6546 +090.3722 +042.5349 -171.7692 0
L1 05     39 +016.0919 +001.5617 -006.1484 +106.8292 +088.5398 -070.1880 0
L1 06     39 +016.0521 +000.7481 -006.6617 +165.4146 +077.8070 -014.0144 0
L1 07     39 +016.3322 -000.2461 -006.3992 -157.3944 +080.7432 +036.1651 0
L1 08     39 +016.2641 -001.0500 -005.8389 +014.0749 +088.3759 -165.4605 0
L1 01     43 +016.3323 +000.6593 +001.3662 -097.6647 +001.3590 +002.3431 0
L1 02     43 +007.4448 +005.5199 +001.6832 -095.0464 +006.5248 -149.8182 0
L1 03     43 +016.4990 -000.0138 -000.6605 -091.4226 +002.5505 +087.2597 0
L1 04     43 +015.3954 +004.4623 -002.6546 +090.3647 +042.5368 -171.7688 0
L1 05     43 +016.0918 +001.5617 -006.1489 +106.9322 +088.5402 -070.0834 0
L1 06     43 +016.0520 +000.7477 -006.6621 +165.4171 +077.8056 -014.0087 0
L1 07     43 +016.3325 -000.2465 -006.3986 -157.3676 +080.7459 +036.1934 0
L1 08     43 +016.2640 -001.0502 -005.8390 +014.0327 +088.3774 -165.5000 0
L1 01     47 +016.3324 +000.6594 +001.3669 -097.6629 +001.3596 +002.3494 0
L1 02     47 +007.4448 +005.5199 +001.6833 -095.0463 +006.5250 -149.8164 0
L1 03     47 +016.4990 -000.0138 -000.6604 -091.4229 +002.5505 +087.2611 0
L1 04     47 +015.3954 +004.4623 -002.6549 +090.3642 +042.5372 -171.7671 0
L1 05     47 +016.0920 +001.5609 -006.1484 +106.8255 +088.5428 -070.1861 0
L1 06     47 +016.0521 +000.7475 -006.6619 +165.4087 +077.8077 -014.0147 0
L1 07     47 +016.3324 -000.2464 -006.3987 -157.3668 +080.7446 +036.1938 0
L1 08     47 +016.2640 -001.0501 -005.8389 +013.9969 +088.3768 -165.5355 0
L1 01     51 +016.3323 +000.6592 +001.3662 -097.6662 +001.3598 +002.3436 0
L1 02     51 +007.4448 +005.5199 +001.6832 -095.0467 +006.5250 -149.8167 0
L1 03     51 +016.4990 -000.0141 -000.6605 -091.4254 +002.5507 +087.2600 0
L1 04     51 +015.3954 +004.4624 -002.6547 +090.3646 +042.5362 -171.7686 0
L1 05     51 +016.0920 +001.5613 -006.1484 +106.8008 +088.5414 -070.2119 0
L1 06     51 +016.0522 +000.7477 -006.6618 +165.4095 +077.8077 -014.0159 0
L1 07     51 +016.3326 -000.2471 -006.3985 -157.3596 +080.7457 +036.2064 0
L1 08     51 +016.2641 -001.0505 -005.8389 +013.9638 +088.3771 -165.5664 0
L1 01     55 +016.3323 +000.6594 +001.3664 -097.6655 +001.3600 +002.3444 0
L1 02     55 +007.4448 +005.5199 +001.6832 -095.0468 +006.5249 -149.8171 0
L1 03     55 +016.4990 -000.0139 -000.6605 -091.4245 +002.5501 +087.2599 0
L1 04     55 +015.3954 +004.4625 -002.6547 +090.3645 +042.5362 -171.7689 0
L1 05     55 +016.0919 +001.5611 -006.1487 +106.8896 +088.5416 -070.1224 0
L1 06     55 +016.0519 +000.7476 -006.6624 +165.4167 +077.8035 -014.0076 0
L1 07     55 +016.3326 -000.2472 -006.3986 -157.3526 +080.7449 +036.2129 0
L1 08     55 +016.2640 -001.0504 -005.8391 +013.9705 +088.3776 -165.5598 0
L1 01     59 +016.3323 +000.6590 +001.3661 -097.6688 +001.3590 +002.3412 0
L1 02     59 +007.4448 +005.5199 +001.6832 -095.0471 +006.5249 -149.8181 0
L1 03     59 +016.4990 -000.0139 -000.6605 -091.4242 +002.5500 +087.2596 0
L1 04     59 +015.3954 +004.4623 -002.6546 +090.3639 +042.5363 -171.7695 0
L1 05     59 +016.0919 +001.5612 -006.1488 +106.9117 +088.5422 -070.1009 0
L1 06     59 +016.0521 +000.7477 -006.6621 +165.4181 +077.8053 -014.0070 0
L1 07     59 +016.3324 -000.2471 -006.3989 -157.3640 +080.7433 +036.2010 0
L1 08     59 +016.2641 -001.0502 -005.8390 +013.9812 +088.3767 -165.5500 0
L1 01     63 +016.3323 +000.6591 +001.3664 -097.6675 +001.3587 +002.3452 0
L1 02     63 +007.4448 +005.5199 +001.6832 -095.0470 +006.5249 -149.8182 0
L1 03     63 +016.4990 -000.0139 -000.6605 -091.4242 +002.5498 +087.2598 0
L1 04     63 +015.3954 +004.4623 -002.6546 +090.3637 +042.5364 -171.7691 0
L1 05     63 +016.0917 +001.5609 -006.1491 +106.9800 +088.5422 -070.0305 0
L1 06     63 +016.0522 +000.7479 -006.6617 +165.4130 +077.8070 -014.0127 0
L1 07     63 +016.3324 -000.2471 -006.3987 -157.3571 +080.7445 +036.2081 0
L1 08     63 +016.2640 -001.0503 -005.8390 +013.9568 +088.3771 -165.5741 0
L1 01     67 +016.3324 +000.6594 +001.3664 -097.6661 +001.3599 +002.3449 0
L1 02     67 +007.4448 +005.5199 +001.6833 -095.0467 +006.5250 -149.8182 0
L1 03     67 +016.4990 -000.0139 -000.6606 -091.4241 +002.5501 +087.2587 0
L1 04     67 +015.3954 +004.4624 -002.6548 +090.3648 +042.5373 -171.7678 0
L1 05     67 +016.0919 +001.5611 -006.1486 +106.8591 +088.5422 -070.1534 0
L1 06     67 +016.0522 +000.7477 -006.6617 +165.4176 +077.8072 -014.0074 0
L1 07     67 +016.3325 -000.2467 -006.3984 -157.3648 +080.7467 +036.1987 0
L1 08     67 +016.2640 -001.0505 -005.8389 +013.9471 +088.3771 -165.5830 0
L1 01     71 +016.3324 +000.6598 +001.3667 -097.6624 +001.3608 +002.3482 0
L1 02     71 +007.4448 +005.5200 +001.6832 -095.0457 +006.5245 -149.8173 0
L1 03     71 +016.4990 -000.0137 -000.6605 -091.4213 +002.5506 +087.2598 0
L1 04     71 +015.3953 +004.4627 -002.6548 +090.3675 +042.5363 -171.7673 0
L1 05     71 +016.0919 +001.5612 -006.1486 +106.8276 +088.5424 -070.1860 0
L1 06     71 +016.0523 +000.7482 -006.6613 +165.4055 +077.8090 -014.0222 0
L1 07     71 +016.3325 -000.2462 -006.3985 -157.3632 +080.7466 +036.1962 0
L1 08     71 +016.2640 -001.0504 -005.8390 +013.9897 +088.3776 -165.5419 0
L1 01     75 +016.3324 +000.6596 +001.3671 -097.6641 +001.3599 +002.3499 0
L1 02     75 +007.4448 +005.5200 +001.6833 -095.0457 +006.5246 -149.8168 0
L1 03     75 +016.4990 -000.0138 -000.6605 -091.4223 +002.5505 +087.2603 0
L1 04     75 +015.3954 +004.4626 -002.6547 +090.3663 +042.5358 -171.7678 0
L1 05     75 +016.0918 +001.5611 -006.1489 +106.8932 +088.5410 -070.1191 0
L1 06     75 +016.0521 +000.7483 -006.6619 +165.4080 +077.8064 -014.0197 0
L1 07     75 +016.3324 -000.2460 -006.3987 -157.3766 +080.7465 +036.1828 0
L1 08     75 +016.2640 -001.0504 -005.8391 +014.0014 +088.3776 -165.5302 0
L1 01     79 +016.3324 +000.6593 +001.3669 -097.6662 +001.3601 +002.3497 0
L1 02     79 +007.4448 +005.5200 +001.6832 -095.0460 +006.5247 -149.8175 0
L1 03     79 +016.4990 -000.0138 -000.6605 -091.4224 +002.5511 +087.2608 0
L1 04     79 +015.3955 +004.4624 -002.6547 +090.3642 +042.5360 -171.7687 0
L1 05     79 +016.0919 +001.5612 -006.1487 +106.8353 +088.5424 -070.1776 0
L1 06     79 +016.0522 +000.7482 -006.6617 +165.4100 +077.8079 -014.0177 0
L1 07     79 +016.3326 -000.2465 -006.3985 -157.3595 +080.7466 +036.2020 0
L1 08     79 +016.2640 -001.0506 -005.8389 +013.9637 +088.3763 -165.5665 0
L1 01     83 +016.3323 +000.6596 +001.3662 -097.6659 +001.3600 +002.3440 0
L1 02     83 +007.4448 +005.5199 +001.6833 -095.0459 +006.5249 -149.8176 0
L1 03     83 +016.4990 -000.0137 -000.6606 -091.4213 +002.5505 +087.2591 0
L1 04     83 +015.3954 +004.4627 -002.6547 +090.3675 +042.5357 -171.7682 0
L1 05     83 +016.0919 +001.5611 -006.1486 +106.8359 +088.5420 -070.1772 0
L1 06     83 +016.0521 +000.7486 -006.6619 +165.4191 +077.8061 -014.0131 0
L1 07     83 +016.3325 -000.2464 -006.3987 -157.3685 +080.7457 +036.1923 0
L1 08     83 +016.2640 -001.0504 -005.8389 +013.9924 +088.3766 -165.5391 0
L1 01     87 +016.3323 +000.6599 +001.3661 -097.6640 +001.3602 +002.3426 0
L1 02     87 +007.4448 +005.5200 +001.6833 -095.0457 +006.5249 -149.8174 0
L1 03     87 +016.4990 -000.0135 -000.6605 -091.4197 +002.5507 +087.2601 0
L1 04     87 +015.3954 +004.4628 -002.6545 +090.3674 +042.5345 -171.7711 0
L1 05     87 +016.0919 +001.5614 -006.1486 +106.8127 +088.5405 -070.2022 0
L1 06     87 +016.0521 +000.7486 -006.6619 +165.4039 +077.8060 -014.0283 0
L1 07     87 +016.3325 -000.2460 -006.3987 -157.3812 +080.7467 +036.1770 0
L1 08     87 +016.2641 -001.0502 -005.8388 +014.0296 +088.3747 -165.5043 0
L1 01     91 +016.3324 +000.6596 +001.3667 -097.6659 +001.3600 +002.3473 0
L1 02     91 +007.4448 +005.5200 +001.6832 -095.0458 +006.5248 -149.8169 0
L1 03     91 +016.4990 -000.0137 -000.6605 -091.4217 +002.5505 +087.2605 0
L1 04     91 +015.3955 +004.4624 -002.6546 +090.3640 +042.5358 -171.7697 0
L1 05     91 +016.0918 +001.5616 -006.1488 +106.8718 +088.5402 -070.1427 0
L1 06     91 +016.0520 +000.7488 -006.6619 +165.4080 +077.8058 -014.0233 0
L1 07     91 +016.3323 -000.2460 -006.3991 -157.3740 +080.7441 +036.1850 0
L1 08     91 +016.2641 -001.0501 -005.8389 +013.9971 +088.3757 -165.5363 0
L1 01     95 +016.3324 +000.6598 +001.3663 -097.6653 +001.3608 +002.3444 0
L1 02     95 +007.4447 +005.5200 +001.6833 -095.0453 +006.5248 -149.8170 0
L1 03     95 +016.4990 -000.0137 -000.6605 -091.4215 +002.5505 +087.2599 0
L1 04     95 +015.3954 +004.4625 -002.6546 +090.3654 +042.5360 -171.7696 0
L1 05     95 +016.0919 +001.5613 -006.1488 +106.8665 +088.5406 -070.1471 0
L1 06     95 +016.0521 +000.7483 -006.6618 +165.4084 +077.8079 -014.0198 0
L1 07     95 +016.3322 -000.2462 -006.3993 -157.3900 +080.7432 +036.1712 0
L1 08     95 +016.2641 -001.0503 -005.8389 +013.9705 +088.3760 -165.5624 0
L1 01     99 +016.3324 +000.6599 +001.3661 -097.6644 +001.3611 +002.3424 0
L1 02     99 +007.4447 +005.5200 +001.6833 -095.0451 +006.5247 -149.8173 0
L1 03     99 +016.4990 -000.0137 -000.6606 -091.4211 +002.5512 +087.2593 0
L1 04     99 +015.3954 +004.4627 -002.6546 +090.3675 +042.5358 -171.7693 0
L1 05     99 +016.0917 +001.5616 -006.1489 +106.9146 +088.5402 -070.1014 0
L1 06     99 +016.0522 +000.7479 -006.6617 +165.4104 +077.8076 -014.0167 0
L1 07     99 +016.3323 -000.2466 -006.3991 -157.3775 +080.7433 +036.1849 0
L1 08     99 +016.2641 -001.0503 -005.8389 +014.0071 +088.3759 -165.5261 0
L1 01    103 +016.3324 +000.6597 +001.3663 -097.6655 +001.3607 +002.3450 0
L1 02    103 +007.4448 +005.5199 +001.6833 -095.0462 +006.5248 -149.8182 0
L1 03    103 +016.4990 -000.0138 -000.6605 -091.4222 +002.5507 +087.2599 0
L1 04    103 +015.3953 +004.4626 -002.6548 +090.3672 +042.5366 -171.7673 0
L1 05    103 +016.0918 +001.5614 -006.1488 +106.9133 +088.5412 -070.1010 0
L1 06    103 +016.0521 +000.7478 -006.6616 +165.4131 +077.8074 -014.0128 0
L1 07    103 +016.3324 -000.2459 -006.3989 -157.3776 +080.7441 +036.1814 0
L1 08    103 +016.2640 -001.0504 -005.8389 +013.9682 +088.3768 -165.5633 0
L1 01    107 +016.3324 +000.6594 +001.3664 -097.6672 +001.3598 +002.3456 0
L1 02    107 +007.4448 +005.5199 +001.6832 -095.0462 +006.5249 -149.8184 0
L1 03    107 +016.4990 -000.0138 -000.6605 -091.4222 +002.5503 +087.2595 0
L1 04    107 +015.3954 +004.4625 -002.6549 +090.3667 +042.5365 -171.7670 0
L1 05    107 +016.0920 +001.5616 -006.1484 +106.7768 +088.5409 -070.2380 0
L1 06    107 +016.0521 +000.7482 -006.6618 +165.4020 +077.8070 -014.0256 0
L1 07    107 +016.3324 -000.2460 -006.3990 -157.3753 +080.7443 +036.1832 0
L1 08    107 +016.2641 -001.0502 -005.8389 +013.9969 +088.3767 -165.5355 0
L1 01    111 +016.3321 +000.6589 +001.3655 -097.6702 +001.3619 +002.3364 0
L1 02    111 +007.4448 +005.5198 +001.6834 -095.0467 +006.5266 -149.8197 0
L1 03    111 +016.4989 -000.0132 -000.6610 -091.4168 +002.5552 +087.2545 0
L1 04    111 +015.3948 +004.4640 -002.6554 +090.3842 +042.5296 -171.7583 0
L1 05    111 +016.0918 +001.5619 -006.1490 +106.8994 +088.5393 -070.1183 0
L1 06    111 +016.0522 +000.7486 -006.6619 +165.4004 +077.8062 -014.0309 0
L1 07    111 +016.3324 -000.2461 -006.3992 -157.3863 +080.7438 +036.1729 0
L1 08    111 +016.2642 -001.0497 -005.8390 +014.0738 +088.3757 -165.4622 0
L1 01    115 +016.3323 +000.6591 +001.3658 -097.6704 +001.3592 +002.3393 0
L1 02    115 +007.4447 +005.5200 +001.6833 -095.0450 +006.5251 -149.8153 0
L1 03    115 +016.4991 -000.0133 -000.6607 -091.4184 +002.5516 +087.2591 0
L1 04    115 +015.3954 +004.4631 -002.6546 +090.3698 +042.5343 -171.7698 0
L1 05    115 +016.0918 +001.5618 -006.1492 +106.9165 +088.5401 -070.1009 0
L1 06    115 +016.0522 +000.7486 -006.6621 +165.3999 +077.8050 -014.0313 0
L1 07    115 +016.3324 -000.2466 -006.3990 -157.3740 +080.7451 +036.1875 0
L1 08    115 +016.2642 -001.0497 -005.8391 +014.0559 +088.3760 -165.4800 0
L1 01    119 +016.3324 +000.6598 +001.3659 -097.6669 +001.3610 +002.3413 0
L1 02    119 +007.4448 +005.5200 +001.6833 -095.0453 +006.5245 -149.8162 0
L1 03    119 +016.4991 -000.0135 -000.6606 -091.4210 +002.5512 +087.2598 0
L1 04    119 +015.3954 +004.4628 -002.6546 +090.3668 +042.5362 -171.7705 0
L1 05    119 +016.0920 +001.5612 -006.1487 +106.8130 +088.5416 -070.2003 0
L1 06    119 +016.0523 +000.7481 -006.6616 +165.4055 +077.8082 -014.0220 0
L1 07    119 +016.3324 -000.2464 -006.3990 -157.3736 +080.7452 +036.1878 0
L1 08    119 +016.2642 -001.0503 -005.8389 +013.9795 +088.3750 -165.5529 0
L1 01    123 +016.3324 +000.6595 +001.3657 -097.6679 +001.3597 +002.3392 0
L1 02    123 +007.4447 +005.5200 +001.6833 -095.0447 +006.5248 -149.8174 0
L1 03    123 +016.4991 -000.0134 -000.6605 -091.4198 +002.5504 +087.2594 0
L1 04    123 +015.3955 +004.4628 -002.6546 +090.3674 +042.5361 -171.7705 0
L1 05    123 +016.0919 +001.5615 -006.1488 +106.8610 +088.5397 -070.1549 0
L1 06    123 +016.0522 +000.7485 -006.6619 +165.4054 +077.8065 -014.0253 0
L1 07    123 +016.3322 -000.2465 -006.3994 -157.3862 +080.7411 +036.1755 0
L1 08    123 +016.2642 -001.0501 -005.8389 +013.9994 +088.3753 -165.5344 0
L1 01    127 +016.3324 +000.6594 +001.3660 -097.6664 +001.3594 +002.3410 0
L1 02    127 +007.4447 +005.5201 +001.6833 -095.0444 +006.5251 -149.8181 0
L1 03    127 +016.4991 -000.0134 -000.6605 -091.4194 +002.5505 +087.2599 0
L1 04    127 +015.3954 +004.4629 -002.6546 +090.3681 +042.5354 -171.7703 0
L1 05    127 +016.0919 +001.5617 -006.1487 +106.8189 +088.5410 -070.1981 0
L1 06    127 +016.0521 +000.7482 -006.6620 +165.4082 +077.8054 -014.0207 0
L1 07    127 +016.3323 -000.2465 -006.3991 -157.3689 +080.7422 +036.1925 0
L1 08    127 +016.2642 -001.0500 -005.8390 +014.0296 +088.3751 -165.5048 0
L1 01    131 +016.3324 +000.6597 +001.3662 -097.6624 +001.3613 +002.3428 0
L1 02    131 +007.4447 +005.5200 +001.6833 -095.0449 +006.5251 -149.8177 0
L1 03    131 +016.4991 -000.0137 -000.6605 -091.4209 +002.5507 +087.2600 0
L1 04    131 +015.3954 +004.4628 -002.6545 +090.3675 +042.5356 -171.7703 0
L1 05    131 +016.0920 +001.5615 -006.1485 +106.7720 +088.5425 -070.2447 0
L1 06    131 +016.0520 +000.7483 -006.6621 +165.4058 +077.8038 -014.0234 0
L1 07    131 +016.3323 -000.2464 -006.3991 -157.3737 +080.7437 +036.1879 0
L1 08    131 +016.2641 -001.0502 -005.8390 +014.0112 +088.3761 -165.5217 0
L1 01    135 +016.3324 +000.6594 +001.3664 -097.6616 +001.3592 +002.3464 0
L1 02    135 +007.4447 +005.5200 +001.6833 -095.0452 +006.5248 -149.8161 0
L1 03    135 +016.4991 -000.0135 -000.6604 -091.4204 +002.5510 +087.2609 0
L1 04    135 +015.3955 +004.4627 -002.6546 +090.3661 +042.5355 -171.7700 0
L1 05    135 +016.0921 +001.5614 -006.1485 +106.7806 +088.5422 -070.2337 0
L1 06    135 +016.0522 +000.7486 -006.6620 +165.4032 +077.8047 -014.0263 0
L1 07    135 +016.3324 -000.2469 -006.3990 -157.3758 +080.7443 +036.1884 0
L1 08    135 +016.2642 -001.0501 -005.8389 +013.9981 +088.3748 -165.5347 0
L1 01    139 +016.3325 +000.6598 +001.3672 -097.6557 +001.3605 +002.3538 0
L1 02    139 +007.4448 +005.5200 +001.6833 -095.0458 +006.5245 -149.8152 0
L1 03    139 +016.4991 -000.0136 -000.6604 -091.4211 +002.5515 +087.2615 0
L1 04    139 +015.3956 +004.4625 -002.6546 +090.3633 +042.5358 -171.7695 0
L1 05    139 +016.0921 +001.5612 -006.1487 +106.7990 +088.5414 -070.2138 0
L1 06    139 +016.0522 +000.7482 -006.6618 +165.4063 +077.8077 -014.0208 0
L1 07    139 +016.3323 -000.2469 -006.3991 -157.3739 +080.7438 +036.1903 0
L1 08    139 +016.2642 -001.0503 -005.8388 +013.9651 +088.3747 -165.5667 0
L1 01    143 +016.3323 +000.6597 +001.3664 -097.6581 +001.3603 +002.3436 0
L1 02    143 +007.4448 +005.5200 +001.6833 -095.0455 +006.5250 -149.8164 0
L1 03    143 +016.4991 -000.0135 -000.6606 -091.4207 +002.5513 +087.2598 0
L1 04    143 +015.3954 +004.4628 -002.6546 +090.3683 +042.5349 -171.7690 0
L1 05    143 +016.0919 +001.5610 -006.1489 +106.8730 +088.5410 -070.1394 0
L1 06    143 +016.0522 +000.7482 -006.6618 +165.4166 +077.8071 -014.0124 0
L1 07    143 +016.3323 -000.2469 -006.3990 -157.3757 +080.7447 +036.1881 0
L1 08    143 +016.2640 -001.0503 -005.8391 +014.0028 +088.3765 -165.5297 0
L1 01    147 +016.3323 +000.6598 +001.3661 -097.6567 +001.3614 +002.3412 0
L1 02    147 +007.4447 +005.5201 +001.6833 -095.0444 +006.5251 -149.8182 0
L1 03    147 +016.4991 -000.0135 -000.6605 -091.4204 +002.5515 +087.2600 0
L1 04    147 +015.3953 +004.4628 -002.6546 +090.3698 +042.5351 -171.7686 0
L1 05    147 +016.0919 +001.5613 -006.1486 +106.8299 +088.5413 -070.1844 0
L1 06    147 +016.0522 +000.7482 -006.6616 +165.4102 +077.8083 -014.0188 0
L1 07    147 +016.3322 -000.2466 -006.3993 -157.3874 +080.7424 +036.1737 0
L1 08    147 +016.2640 -001.0503 -005.8390 +014.0217 +088.3766 -165.5116 0
L1 01    151 +016.3323 +000.6595 +001.3662 -097.6595 +001.3603 +002.3423 0
L1 02    151 +007.4447 +005.5200 +001.6833 -095.0449 +006.5250 -149.8186 0
L1 03    151 +016.4991 -000.0136 -000.6605 -091.4210 +002.5516 +087.2596 0
L1 04    151 +015.3954 +004.4627 -002.6545 +090.3678 +042.5349 -171.7694 0
L1 05    151 +016.0919 +001.5613 -006.1487 +106.8509 +088.5421 -070.1635 0
L1 06    151 +016.0522 +000.7482 -006.6616 +165.4126 +077.8076 -014.0150 0
L1 07    151 +016.3323 -000.2468 -006.3989 -157.3762 +080.7430 +036.1869 0
L1 08    151 +016.2640 -001.0503 -005.8391 +014.0145 +088.3773 -165.5180 0
L1 01    155 +016.3323 +000.6597 +001.3662 -097.6591 +001.3609 +002.3429 0
L1 02    155 +007.4447 +005.5200 +001.6833 -095.0450 +006.5251 -149.8175 0
L1 03    155 +016.4991 -000.0135 -000.6605 -091.4208 +002.5517 +087.2600 0
L1 04    155 +015.3954 +004.4628 -002.6545 +090.3675 +042.5346 -171.7698 0
L1 05    155 +016.0919 +001.5615 -006.1486 +106.8320 +088.5418 -070.1827 0
L1 06    155 +016.0521 +000.7482 -006.6618 +165.4087 +077.8063 -014.0184 0
L1 07    155 +016.3323 -000.2465 -006.3991 -157.3740 +080.7429 +036.1869 0
L1 08    155 +016.2640 -001.0504 -005.8390 +014.0060 +088.3762 -165.5256 0
L1 01    159 +016.3323 +000.6593 +001.3663 -097.6628 +001.3606 +002.3451 0
L1 02    159 +007.4448 +005.5200 +001.6833 -095.0456 +006.5252 -149.8167 0
L1 03    159 +016.4991 -000.0138 -000.6604 -091.4235 +002.5517 +087.2615 0
L1 04    159 +015.3955 +004.4626 -002.6544 +090.3618 +042.5355 -171.7725 0
L1 05    159 +016.0921 +001.5612 -006.1486 +106.7909 +088.5436 -070.2203 0
L1 06    159 +016.0522 +000.7483 -006.6616 +165.4033 +077.8090 -014.0240 0
L1 07    159 +016.3326 -000.2472 -006.3984 -157.3570 +080.7470 +036.2090 0
L1 08    159 +016.2641 -001.0503 -005.8390 +013.9859 +088.3755 -165.5449 0
L1 01    163 +016.3322 +000.6594 +001.3660 -097.6636 +001.3605 +002.3419 0
L1 02    163 +007.4448 +005.5200 +001.6833 -095.0451 +006.5250 -149.8164 0
L1 03    163 +016.4991 -000.0137 -000.6605 -091.4223 +002.5517 +087.2605 0
L1 04    163 +015.3954 +004.4628 -002.6545 +090.3675 +042.5347 -171.7708 0
L1 05    163 +016.0920 +001.5619 -006.1487 +106.8589 +088.5416 -070.1576 0
L1 06    163 +016.0523 +000.7483 -006.6615 +165.4027 +077.8090 -014.0262 0
L1 07    163 +016.3326 -000.2470 -006.3985 -157.3576 +080.7472 +036.2076 0
L1 08    163 +016.2641 -001.0502 -005.8390 +014.0131 +088.3759 -165.5188 0
L1 01    167 +016.3322 +000.6592 +001.3658 -097.6652 +001.3592 +002.3396 0
L1 02    167 +007.4447 +005.5200 +001.6833 -095.0448 +006.5252 -149.8165 0
L1 03    167 +016.4991 -000.0136 -000.6606 -091.4217 +002.5513 +087.2594 0
L1 04    167 +015.3954 +004.4628 -002.6545 +090.3680 +042.5338 -171.7695 0
L1 05    167 +016.0919 +001.5616 -006.1489 +106.8828 +088.5412 -070.1323 0
L1 06    167 +016.0522 +000.7485 -006.6620 +165.4079 +077.8057 -014.0221 0
L1 07    167 +016.3323 -000.2464 -006.3989 -157.3697 +080.7438 +036.1921 0
L1 08    167 +016.2641 -001.0501 -005.8390 +014.0209 +088.3759 -165.5124 0
L1 01    171 +016.3323 +000.6595 +001.3663 -097.6636 +001.3602 +002.3451 0
L1 02    171 +007.4448 +005.5200 +001.6833 -095.0454 +006.5252 -149.8168 0
L1 03    171 +016.4990 -000.0137 -000.6605 -091.4227 +002.5515 +087.2603 0
L1 04    171 +015.3955 +004.4624 -002.6546 +090.3642 +042.5352 -171.7689 0
L1 05    171 +016.0920 +001.5613 -006.1485 +106.8299 +088.5426 -070.1831 0
L1 06    171 +016.0521 +000.7481 -006.6620 +165.4168 +077.8065 -014.0110 0
L1 07    171 +016.3322 -000.2471 -006.3990 -157.3678 +080.7425 +036.1980 0
L1 08    171 +016.2641 -001.0503 -005.8388 +013.9794 +088.3753 -165.5519 0
L1 01    175 +016.3323 +000.6594 +001.3661 -097.6647 +001.3595 +002.3432 0
L1 02    175 +007.4448 +005.5200 +001.6833 -095.0453 +006.5252 -149.8171 0
L1 03    175 +016.4991 -000.0137 -000.6604 -091.4220 +002.5510 +087.2603 0
L1 04    175 +015.3954 +004.4627 -002.6546 +090.3664 +042.5353 -171.7694 0
L1 05    175 +016.0920 +001.5613 -006.1485 +106.7989 +088.5417 -070.2148 0
L1 06    175 +016.0521 +000.7481 -006.6617 +165.4124 +077.8083 -014.0152 0
L1 07    175 +016.3323 -000.2468 -006.3989 -157.3793 +080.7442 +036.1848 0
L1 08    175 +016.2641 -001.0502 -005.8388 +013.9931 +088.3750 -165.5392 0
L1 01    179 +016.3322 +000.6594 +001.3661 -097.6657 +001.3594 +002.3429 0
L1 02    179 +007.4448 +005.5200 +001.6833 -095.0455 +006.5251 -149.8177 0
L1 03    179 +016.4990 -000.0137 -000.6604 -091.4222 +002.5510 +087.2604 0
L1 04    179 +015.3954 +004.4626 -002.6546 +090.3663 +042.5355 -171.7690 0
L1 05    179 +016.0919 +001.5613 -006.1485 +106.8224 +088.5413 -070.1911 0
L1 06    179 +016.0522 +000.7476 -006.6617 +165.4144 +077.8078 -014.0098 0
L1 07    179 +016.3321 -000.2468 -006.3994 -157.3746 +080.7404 +036.1892 0
L1 08    179 +016.2641 -001.0503 -005.8388 +013.9861 +088.3749 -165.5455 0
L1 01    183 +016.3323 +000.6594 +001.3659 -097.6684 +001.3590 +002.3415 0
L1 02    183 +007.4448 +005.5200 +001.6833 -095.0462 +006.5252 -149.8171 0
L1 03    183 +016.4990 -000.0137 -000.6605 -091.4230 +002.5506 +087.2598 0
L1 04    183 +015.3954 +004.4625 -002.6547 +090.3664 +042.5356 -171.7678 0
L1 05    183 +016.0918 +001.5614 -006.1487 +106.8696 +088.5404 -070.1432 0
L1 06    183 +016.0523 +000.7479 -006.6615 +165.4128 +077.8093 -014.0124 0
L1 07    183 +016.3324 -000.2469 -006.3990 -157.3680 +080.7425 +036.1975 0
L1 08    183 +016.2640 -001.0505 -005.8389 +013.9556 +088.3763 -165.5748 0
L1 01    187 +016.3323 +000.6594 +001.3660 -097.6693 +001.3592 +002.3422 0
L1 02    187 +007.4448 +005.5200 +001.6833 -095.0461 +006.5248 -149.8163 0
L1 03    187 +016.4991 -000.0137 -000.6605 -091.4234 +002.5508 +087.2598 0
L1 04    187 +015.3955 +004.4624 -002.6546 +090.3643 +042.5362 -171.7693 0
L1 05    187 +016.0920 +001.5611 -006.1489 +106.9271 +088.5406 -070.0839 0
L1 06    187 +016.0523 +000.7480 -006.6616 +165.4117 +077.8090 -014.0142 0
L1 07    187 +016.3324 -000.2473 -006.3990 -157.3642 +080.7425 +036.2035 0
L1 08    187 +016.2640 -001.0505 -005.8392 +013.9591 +088.3772 -165.5708 0
L1 01    191 +016.3323 +000.6593 +001.3663 -097.6693 +001.3591 +002.3442 0
L1 02    191 +007.4448 +005.5200 +001.6833 -095.0455 +006.5246 -149.8158 0
L1 03    191 +016.4991 -000.0138 -000.6605 -091.4237 +002.5510 +087.2604 0
L1 04    191 +015.3955 +004.4624 -002.6545 +090.3635 +042.5355 -171.7697 0
L1 05    191 +016.0920 +001.5612 -006.1486 +106.8450 +088.5413 -070.1667 0
L1 06    191 +016.0521 +000.7476 -006.6620 +165.4160 +077.8071 -014.0078 0
L1 07    191 +016.3323 -000.2475 -006.3994 -157.3597 +080.7407 +036.2081 0
L1 08    191 +016.2641 -001.0506 -005.8392 +013.9475 +088.3767 -165.5819 0
L1 01    195 +016.3323 +000.6594 +001.3665 -097.6669 +001.3599 +002.3477 0
L1 02    195 +007.4448 +005.5200 +001.6833 -095.0459 +006.5246 -149.8164 0
L1 03    195 +016.4991 -000.0138 -000.6604 -091.4240 +002.5515 +087.2612 0
L1 04    195 +015.3956 +004.4622 -002.6546 +090.3621 +042.5363 -171.7697 0
L1 05    195 +016.0920 +001.5607 -006.1489 +106.9166 +088.5428 -070.0933 0
L1 06    195 +016.0522 +000.7476 -006.6616 +165.4093 +077.8093 -014.0142 0
L1 07    195 +016.3323 -000.2472 -006.3990 -157.3603 +080.7426 +036.2061 0
L1 08    195 +016.2641 -001.0506 -005.8389 +013.9111 +088.3761 -165.6180 0
L1 01    199 +016.3323 +000.6595 +001.3664 -097.6656 +001.3591 +002.3468 0
L1 02    199 +007.4448 +005.5200 +001.6833 -095.0453 +006.5248 -149.8176 0
L1 03    199 +016.4991 -000.0137 -000.6603 -091.4223 +002.5515 +087.2616 0
L1 04    199 +015.3955 +004.4624 -002.6545 +090.3637 +042.5364 -171.7700 0
L1 05    199 +016.0921 +001.5608 -006.1487 +106.8662 +088.5444 -070.1440 0
L1 06    199 +016.0522 +000.7480 -006.6616 +165.4064 +077.8086 -014.0198 0
L1 07    199 +016.3323 -000.2471 -006.3989 -157.3723 +080.7443 +036.1941 0
L1 08    199 +016.2641 -001.0505 -005.8389 +013.9231 +088.3762 -165.6076 0
L1 01    203 +016.3322 +000.6595 +001.3659 -097.6662 +001.3581 +002.3403 0
L1 02    203 +007.4447 +005.5201 +001.6833 -095.0443 +006.5244 -149.8175 0
L1 03    203 +016.4991 -000.0135 -000.6604 -091.4205 +002.5515 +087.2601 0
L1 04    203 +015.3954 +004.4629 -002.6544 +090.3685 +042.5343 -171.7710 0
L1 05    203 +016.0919 +001.5610 -006.1490 +106.9433 +088.5420 -070.0691 0
L1 06    203 +016.0522 +000.7483 -006.6618 +165.4026 +077.8074 -014.0269 0
L1 07    203 +016.3324 -000.2466 -006.3990 -157.3876 +080.7448 +036.1750 0
L1 08    203 +016.2641 -001.0503 -005.8390 +014.0149 +088.3763 -165.5179 0
L1 01    207 +016.3323 +000.6594 +001.3661 -097.6669 +001.3573 +002.3422 0
L1 02    207 +007.4447 +005.5200 +001.6833 -095.0447 +006.5244 -149.8173 0
L1 03    207 +016.4991 -000.0135 -000.6604 -091.4204 +002.5516 +087.2604 0
L1 04    207 +015.3955 +004.4628 -002.6544 +090.3674 +042.5344 -171.7707 0
L1 05    207 +016.0919 +001.5618 -006.1487 +106.8516 +088.5406 -070.1647 0
L1 06    207 +016.0520 +000.7482 -006.6622 +165.4151 +077.8046 -014.0139 0
L1 07    207 +016.3323 -000.2468 -006.3991 -157.3837 +080.7436 +036.1797 0
L1 08    207 +016.2641 -001.0501 -005.8390 +014.0043 +088.3760 -165.5293 0
L1 01    211 +016.3323 +000.6595 +001.3663 -097.6661 +001.3576 +002.3442 0
L1 02    211 +007.4447 +005.5200 +001.6833 -095.0447 +006.5246 -149.8166 0
L1 03    211 +016.4991 -000.0136 -000.6604 -091.4214 +002.5513 +087.2604 0
L1 04    211 +015.3955 +004.4626 -002.6545 +090.3653 +042.5355 -171.7701 0
L1 05    211 +016.0920 +001.5617 -006.1488 +106.8703 +088.5402 -070.1456 0
L1 06    211 +016.0521 +000.7481 -006.6621 +165.4165 +077.8054 -014.0115 0
L1 07    211 +016.3323 -000.2467 -006.3991 -157.3758 +080.7432 +036.1863 0
L1 08    211 +016.2641 -001.0502 -005.8390 +013.9862 +088.3765 -165.5461 0
L1 01    215 +016.3323 +000.6598 +001.3662 -097.6645 +001.3586 +002.3442 0
L1 02    215 +007.4448 +005.5200 +001.6833 -095.0455 +006.5246 -149.8168 0
L1 03    215 +016.4991 -000.0137 -000.6604 -091.4219 +002.5516 +087.2605 0
L1 04    215 +015.3955 +004.4625 -002.6545 +090.3653 +042.5358 -171.7703 0
L1 05    215 +016.0920 +001.5613 -006.1485 +106.8212 +088.5413 -070.1930 0
L1 06    215 +016.0521 +000.7479 -006.6619 +165.4196 +077.8067 -014.0074 0
L1 07    215 +016.3322 -000.2465 -006.3991 -157.3795 +080.7429 +036.1823 0
L1 08    215 +016.2641 -001.0503 -005.8389 +013.9819 +088.3759 -165.5496 0
L1 01    219 +016.3323 +000.6595 +001.3666 -097.6653 +001.3579 +002.3488 0
L1 02    219 +007.4448 +005.5200 +001.6832 -095.0456 +006.5244 -149.8176 0
L1 03    219 +016.4991 -000.0137 -000.6603 -091.4223 +002.5515 +087.2615 0
L1 04    219 +015.3955 +004.4624 -002.6547 +090.3649 +042.5363 -171.7681 0
L1 05    219 +016.0921 +001.5610 -006.1486 +106.8231 +088.5422 -070.1887 0
L1 06    219 +016.0521 +000.7474 -006.6620 +165.4199 +077.8073 -014.0037 0
L1 07    219 +016.3322 -000.2464 -006.3990 -157.3795 +080.7440 +036.1825 0
L1 08    219 +016.2641 -001.0504 -005.8389 +013.9615 +088.3757 -165.5688 0
L1 01    223 +016.3323 +000.6594 +001.3663 -097.6670 +001.3575 +002.3462 0
L1 02    223 +007.4448 +005.5200 +001.6832 -095.0455 +006.5244 -149.8177 0
L1 03    223 +016.4991 -000.0136 -000.6604 -091.4214 +002.5514 +087.2605 0
L1 04    223 +015.3955 +004.4625 -002.6546 +090.3660 +042.5355 -171.7688 0
L1 05    223 +016.0920 +001.5612 -006.1485 +106.8256 +088.5409 -070.1870 0
L1 06    223 +016.0522 +000.7477 -006.6617 +165.4146 +077.8077 -014.0106 0
L1 07    223 +016.3323 -000.2463 -006.3991 -157.3760 +080.7441 +036.1854 0
L1 08    223 +016.2641 -001.0503 -005.8390 +013.9790 +088.3765 -165.5522 0
L1 01    227 +016.3323 +000.6597 +001.3663 -097.6659 +001.3592 +002.3445 0
L1 02    227 +007.4448 +005.5200 +001.6833 -095.0451 +006.5245 -149.8168 0
L1 03    227 +016.4991 -000.0136 -000.6605 -091.4215 +002.5513 +087.2600 0
L1 04    227 +015.3954 +004.4626 -002.6546 +090.3670 +042.5352 -171.7686 0
L1 05    227 +016.0919 +001.5612 -006.1490 +106.9250 +088.5404 -070.0888 0
L1 06    227 +016.0520 +000.7479 -006.6621 +165.4100 +077.8050 -014.0159 0
L1 07    227 +016.3323 -000.2464 -006.3991 -157.3833 +080.7438 +036.1790 0
L1 08    227 +016.2641 -001.0504 -005.8388 +013.9737 +088.3757 -165.5574 0
L1 01    231 +016.3323 +000.6597 +001.3663 -097.6670 +001.3595 +002.3441 0
L1 02    231 +007.4448 +005.5200 +001.6833 -095.0455 +006.5248 -149.8161 0
L1 03    231 +016.4991 -000.0137 -000.6606 -091.4218 +002.5510 +087.2590 0
L1 04    231 +015.3954 +004.4626 -002.6546 +090.3674 +042.5355 -171.7682 0
L1 05    231 +016.0904 +001.5625 -006.1509 +107.4745 +088.5319 -069.5420 0
L1 06    231 +016.0511 +000.7485 -006.6633 +165.4154 +077.7951 -014.0121 0
L1 07    231 +016.3313 -000.2448 -006.4005 -157.4299 +080.7345 +036.1250 0
L1 08    231 +016.2634 -001.0500 -005.8400 +014.2154 +088.3835 -165.3151 0
L1 01    235 +016.3322 +000.6599 +001.3660 -097.6660 +001.3587 +002.3430 0
L1 02    235 +007.4447 +005.5200 +001.6833 -095.0448 +006.5248 -149.8168 0
L1 03    235 +016.4991 -000.0135 -000.6603 -091.4200 +002.5512 +087.2607 0
L1 04    235 +015.3954 +004.4628 -002.6545 +090.3687 +042.5354 -171.7693 0
L1 05    235 +016.0919 +001.5617 -006.1486 +106.7880 +088.5404 -070.2282 0
L1 06    235 +016.0519 +000.7480 -006.6621 +165.4135 +077.8041 -014.0147 0
L1 07    235 +016.3322 -000.2462 -006.3989 -157.3911 +080.7462 +036.1690 0
L1 08    235 +016.2642 -001.0498 -005.8385 +014.0530 +088.3733 -165.4834 0
L1 01    239 +016.3322 +000.6596 +001.3660 -097.6683 +001.3581 +002.3429 0
L1 02    239 +007.4447 +005.5200 +001.6833 -095.0451 +006.5249 -149.8172 0
L1 03    239 +016.4991 -000.0135 -000.6605 -091.4207 +002.5512 +087.2594 0
L1 04    239 +015.3954 +004.4626 -002.6546 +090.3673 +042.5355 -171.7689 0
L1 05    239 +016.0920 +001.5613 -006.1483 +106.7926 +088.5420 -070.2193 0
L1 06    239 +016.0521 +000.7482 -006.6618 +165.4146 +077.8063 -014.0130 0
L1 07    239 +016.3322 -000.2463 -006.3993 -157.3926 +080.7413 +036.1682 0
L1 08    239 +016.2640 -001.0500 -005.8390 +014.0400 +088.3765 -165.4935 0
L1 01    243 +016.3322 +000.6594 +001.3661 -097.6701 +001.3565 +002.3428 0
L1 02    243 +007.4447 +005.5200 +001.6833 -095.0452 +006.5246 -149.8175 0
L1 03    243 +016.4991 -000.0135 -000.6606 -091.4201 +002.5510 +087.2592 0
L1 04    243 +015.3955 +004.4627 -002.6546 +090.3680 +042.5351 -171.7686 0
L1 05    243 +016.0918 +001.5612 -006.1490 +106.9652 +088.5404 -070.0471 0
L1 06    243 +016.0522 +000.7483 -006.6617 +165.4087 +077.8074 -014.0199 0
L1 07    243 +016.3323 -000.2461 -006.3990 -157.3755 +080.7444 +036.1833 0
L1 08    243 +016.2641 -001.0499 -005.8392 +014.0542 +088.3773 -165.4803 0
L1 01    247 +016.3322 +000.6595 +001.3662 -097.6704 +001.3573 +002.3434 0
L1 02    247 +007.4447 +005.5200 +001.6833 -095.0450 +006.5246 -149.8168 0
L1 03    247 +016.4991 -000.0134 -000.6605 -091.4200 +002.5513 +087.2602 0
L1 04    247 +015.3954 +004.4627 -002.6545 +090.3678 +042.5342 -171.7689 0
L1 05    247 +016.0918 +001.5616 -006.1488 +106.8363 +088.5405 -070.1797 0
L1 06    247 +016.0523 +000.7482 -006.6615 +165.4065 +077.8084 -014.0208 0
L1 07    247 +016.3323 -000.2468 -006.3989 -157.3797 +080.7453 +036.1844 0
L1 08    247 +016.2640 -001.0502 -005.8390 +014.0117 +088.3762 -165.5213 0
L1 01    251 +016.3323 +000.6595 +001.3668 -097.6702 +001.3582 +002.3493 0
L1 02    251 +007.4448 +005.5200 +001.6833 -095.0454 +006.5247 -149.8165 0
L1 03    251 +016.4990 -000.0136 -000.6605 -091.4209 +002.5512 +087.2603 0
L1 04    251 +015.3955 +004.4624 -002.6546 +090.3656 +042.5357 -171.7677 0
L1 05    251 +016.0920 +001.5611 -006.1485 +106.7863 +088.5426 -070.2256 0
L1 06    251 +016.0521 +000.7479 -006.6617 +165.4202 +077.8077 -014.0055 0
L1 07    251 +016.3323 -000.2465 -006.3989 -157.3759 +080.7449 +036.1871 0
L1 08    251 +016.2640 -001.0504 -005.8389 +013.9691 +088.3760 -165.5615 0
L1 01    255 +016.3322 +000.6593 +001.3662 -097.6728 +001.3581 +002.3438 0
L1 02    255 +007.4448 +005.5200 +001.6833 -095.0458 +006.5251 -149.8165 0
L1 03    255 +016.4990 -000.0138 -000.6606 -091.4231 +002.5508 +087.2591 0
L1 04    255 +015.3954 +004.4626 -002.6545 +090.3664 +042.5349 -171.7692 0
L1 05    255 +016.0920 +001.5613 -006.1485 +106.7885 +088.5434 -070.2250 0
L1 06    255 +016.0520 +000.7479 -006.6620 +165.4149 +077.8055 -014.0107 0
L1 07    255 +016.3324 -000.2467 -006.3986 -157.3598 +080.7458 +036.2037 0
L1 08    255 +016.2640 -001.0505 -005.8389 +013.9455 +088.3759 -165.5849 0
L1 01    259 +016.3323 +000.6595 +001.3662 -097.6724 +001.3589 +002.3437 0
L1 02    259 +007.4448 +005.5200 +001.6833 -095.0458 +006.5250 -149.8170 0
L1 03    259 +016.4991 -000.0139 -000.6606 -091.4235 +002.5515 +087.2593 0
L1 04    259 +015.3953 +004.4627 -002.6545 +090.3671 +042.5351 -171.7683 0
L1 05    259 +016.0919 +001.5609 -006.1485 +106.8171 +088.5430 -070.1930 0
L1 06    259 +016.0520 +000.7477 -006.6619 +165.4163 +077.8066 -014.0092 0
L1 07    259 +016.3322 -000.2467 -006.3989 -157.3733 +080.7445 +036.1905 0
L1 08    259 +016.2640 -001.0507 -005.8390 +013.9300 +088.3766 -165.5991 0
L1 01    263 +016.3323 +000.6593 +001.3663 -097.6733 +001.3573 +002.3442 0
L1 02    263 +007.4448 +005.5200 +001.6833 -095.0457 +006.5248 -149.8176 0
L1 03    263 +016.4991 -000.0137 -000.6606 -091.4228 +002.5510 +087.2591 0
L1 04    263 +015.3954 +004.4626 -002.6546 +090.3670 +042.5351 -171.7676 0
L1 05    263 +016.0918 +001.5608 -006.1487 +106.8887 +088.5422 -070.1213 0
L1 06    263 +016.0520 +000.7477 -006.6621 +165.4161 +077.8060 -014.0091 0
L1 07    263 +016.3323 -000.2471 -006.3989 -157.3749 +080.7448 +036.1916 0
L1 08    263 +016.2640 -001.0505 -005.8390 +013.9682 +088.3761 -165.5621 0
L1 01    267 +016.3323 +000.6598 +001.3670 -097.6680 +001.3592 +002.3515 0
L1 02    267 +007.4447 +005.5200 +001.6833 -095.0446 +006.5244 -149.8180 0
L1 03    267 +016.4990 -000.0137 -000.6605 -091.4214 +002.5512 +087.2600 0
L1 04    267 +015.3954 +004.4626 -002.6547 +090.3676 +042.5354 -171.7670 0
L1 05    267 +016.0919 +001.5610 -006.1484 +106.7871 +088.5426 -070.2253 0
L1 06    267 +016.0520 +000.7478 -006.6618 +165.4096 +077.8072 -014.0160 0
L1 07    267 +016.3323 -000.2473 -006.3987 -157.3733 +080.7459 +036.1927 0
L1 08    267 +016.2640 -001.0502 -005.8388 +013.9992 +088.3756 -165.5334 0
L1 01    271 +016.3323 +000.6594 +001.3660 -097.6738 +001.3589 +002.3416 0
L1 02    271 +007.4448 +005.5200 +001.6833 -095.0456 +006.5253 -149.8179 0
L1 03    271 +016.4991 -000.0138 -000.6606 -091.4224 +002.5514 +087.2596 0
L1 04    271 +015.3954 +004.4627 -002.6545 +090.3672 +042.5348 -171.7692 0
L1 05    271 +016.0920 +001.5608 -006.1485 +106.7965 +088.5432 -070.2139 0
L1 06    271 +016.0521 +000.7483 -006.6619 +165.4041 +077.8070 -014.0236 0
L1 07    271 +016.3325 -000.2472 -006.3984 -157.3619 +080.7474 +036.2030 0
L1 08    271 +016.2641 -001.0503 -005.8389 +013.9742 +088.3754 -165.5579 0
L1 01    275 +016.3323 +000.6595 +001.3661 -097.6725 +001.3587 +002.3438 0
L1 02    275 +007.4448 +005.5200 +001.6833 -095.0459 +006.5250 -149.8170 0
L1 03    275 +016.4991 -000.0138 -000.6605 -091.4226 +002.5516 +087.2600 0
L1 04    275 +015.3954 +004.4627 -002.6546 +090.3677 +042.5352 -171.7681 0
L1 05    275 +016.0920 +001.5608 -006.1486 +106.8466 +088.5430 -070.1645 0
L1 06    275 +016.0521 +000.7483 -006.6617 +165.4067 +077.8078 -014.0212 0
L1 07    275 +016.3324 -000.2466 -006.3987 -157.3729 +080.7460 +036.1900 0
L1 08    275 +016.2641 -001.0503 -005.8388 +013.9613 +088.3749 -165.5704 0
L1 01    279 +016.3323 +000.6600 +001.3663 -097.6692 +001.3600 +002.3455 0
L1 02    279 +007.4448 +005.5200 +001.6833 -095.0447 +006.5249 -149.8151 0
L1 03    279 +016.4991 -000.0135 -000.6602 -091.4188 +002.5525 +087.2626 0
L1 04    279 +015.3954 +004.4630 -002.6545 +090.3694 +042.5345 -171.7694 0
L1 05    279 +016.0920 +001.5611 -006.1485 +106.7820 +088.5417 -070.2307 0
L1 06    279 +016.0520 +000.7488 -006.6618 +165.3997 +077.8069 -014.0331 0
L1 07    279 +016.3325 -000.2465 -006.3985 -157.3736 +080.7468 +036.1878 0
L1 08    279 +016.2642 -001.0501 -005.8386 +013.9786 +088.3735 -165.5558 0
L1 01    283 +016.3323 +000.6598 +001.3665 -097.6711 +001.3608 +002.3471 0
L1 02    283 +007.4448 +005.5200 +001.6833 -095.0454 +006.5250 -149.8160 0
L1 03    283 +016.4991 -000.0137 -000.6603 -091.4224 +002.5517 +087.2626 0
L1 04    283 +015.3955 +004.4625 -002.6545 +090.3654 +042.5354 -171.7697 0
L1 05    283 +016.0920 +001.5611 -006.1485 +106.7800 +088.5432 -070.2325 0
L1 06    283 +016.0523 +000.7483 -006.6614 +165.4053 +077.8113 -014.0229 0
L1 07    283 +016.3325 -000.2468 -006.3987 -157.3681 +080.7459 +036.1958 0
L1 08    283 +016.2642 -001.0506 -005.8385 +013.9214 +088.3731 -165.6080 0
L1 01    287 +016.3323 +000.6595 +001.3661 -097.6732 +001.3592 +002.3439 0
L1 02    287 +007.4447 +005.5200 +001.6833 -095.0452 +006.5253 -149.8176 0
L1 03    287 +016.4991 -000.0137 -000.6605 -091.4225 +002.5521 +087.2603 0
L1 04    287 +015.3955 +004.4626 -002.6545 +090.3668 +042.5347 -171.7690 0
L1 05    287 +016.0919 +001.5614 -006.1486 +106.8383 +088.5425 -070.1758 0
L1 06    287 +016.0523 +000.7480 -006.6615 +165.4060 +077.8090 -014.0205 0
L1 07    287 +016.3325 -000.2467 -006.3987 -157.3719 +080.7463 +036.1920 0
L1 08    287 +016.2642 -001.0504 -005.8386 +013.9474 +088.3739 -165.5834 0
L1 01    291 +016.3322 +000.6593 +001.3660 -097.6734 +001.3593 +002.3438 0
L1 02    291 +007.4448 +005.5200 +001.6833 -095.0464 +006.5252 -149.8188 0
L1 03    291 +016.4991 -000.0138 -000.6604 -091.4235 +002.5518 +087.2608 0
L1 04    291 +015.3954 +004.4625 -002.6546 +090.3662 +042.5356 -171.7684 0
L1 05    291 +016.0920 +001.5608 -006.1484 +106.7982 +088.5433 -070.2129 0
L1 06    291 +016.0523 +000.7479 -006.6616 +165.4038 +077.8086 -014.0210 0
L1 07    291 +016.3323 -000.2471 -006.3987 -157.3717 +080.7441 +036.1946 0
L1 08    291 +016.2641 -001.0504 -005.8387 +013.9327 +088.3751 -165.5978 0
L1 01    295 +016.3323 +000.6595 +001.3667 -097.6698 +001.3608 +002.3504 0
L1 02    295 +007.4448 +005.5200 +001.6833 -095.0463 +006.5252 -149.8179 0
L1 03    295 +016.4991 -000.0138 -000.6604 -091.4231 +002.5523 +087.2615 0
L1 04    295 +015.3955 +004.4624 -002.6545 +090.3640 +042.5353 -171.7696 0
L1 05    295 +016.0919 +001.5615 -006.1486 +106.8126 +088.5422 -070.2015 0
L1 06    295 +016.0523 +000.7480 -006.6616 +165.4055 +077.8095 -014.0195 0
L1 07    295 +016.3324 -000.2471 -006.3987 -157.3719 +080.7453 +036.1945 0
L1 08    295 +016.2642 -001.0507 -005.8387 +013.8973 +088.3742 -165.6309 0
L1 01    299 +016.3323 +000.6595 +001.3667 -097.6676 +001.3609 +002.3497 0
L1 02    299 +007.4448 +005.5200 +001.6833 -095.0455 +006.5251 -149.8164 0
L1 03    299 +016.4991 -000.0138 -000.6604 -091.4230 +002.5525 +087.2616 0
L1 04    299 +015.3955 +004.4624 -002.6545 +090.3637 +042.5357 -171.7697 0
L1 05    299 +016.0920 +001.5614 -006.1485 +106.7955 +088.5408 -070.2179 0
L1 06    299 +016.0524 +000.7480 -006.6615 +165.4075 +077.8104 -014.0185 0
L1 07    299 +016.3324 -000.2467 -006.3987 -157.3717 +080.7455 +036.1919 0
L1 08    299 +016.2641 -001.0504 -005.8388 +013.9550 +088.3748 -165.5751 0
L1 01    303 +016.3322 +000.6593 +001.3660 -097.6681 +001.3587 +002.3431 0
L1 02    303 +007.4448 +005.5200 +001.6833 -095.0449 +006.5246 -149.8147 0
L1 03    303 +016.4991 -000.0137 -000.6605 -091.4227 +002.5524 +087.2608 0
L1 04    303 +015.3955 +004.4627 -002.6545 +090.3667 +042.5342 -171.7705 0
L1 05    303 +016.0921 +001.5614 -006.1486 +106.7626 +088.5410 -070.2510 0
L1 06    303 +016.0522 +000.7481 -006.6618 +165.4112 +077.8085 -014.0161 0
L1 07    303 +016.3323 -000.2467 -006.3990 -157.3822 +080.7450 +036.1815 0
L1 08    303 +016.2642 -001.0502 -005.8390 +013.9880 +088.3751 -165.5440 0
L1 01    307 +016.3321 +000.6593 +001.3661 -097.6680 +001.3582 +002.3430 0
L1 02    307 +007.4448 +005.5200 +001.6833 -095.0448 +006.5252 -149.8153 0
L1 03    307 +016.4991 -000.0136 -000.6604 -091.4220 +002.5521 +087.2607 0
L1 04    307 +015.3954 +004.4628 -002.6546 +090.3683 +042.5345 -171.7686 0
L1 05    307 +016.0918 +001.5617 -006.1489 +106.8988 +088.5413 -070.1169 0
L1 06    307 +016.0522 +000.7483 -006.6617 +165.4081 +077.8079 -014.0198 0
L1 07    307 +016.3322 -000.2466 -006.3992 -157.3818 +080.7432 +036.1806 0
L1 08    307 +016.2641 -001.0502 -005.8389 +013.9867 +088.3756 -165.5458 0
L1 01    311 +016.3321 +000.6596 +001.3662 -097.6670 +001.3572 +002.3437 0
L1 02    311 +007.4448 +005.5200 +001.6833 -095.0454 +006.5249 -149.8171 0
L1 03    311 +016.4990 -000.0136 -000.6605 -091.4214 +002.5517 +087.2594 0
L1 04    311 +015.3953 +004.4628 -002.6546 +090.3695 +042.5353 -171.7667 0
L1 05    311 +016.0916 +001.5613 -006.1492 +107.0063 +088.5405 -070.0075 0
L1 06    311 +016.0520 +000.7479 -006.6619 +165.4101 +077.8069 -014.0158 0
L1 07    311 +016.3323 -000.2468 -006.3989 -157.3771 +080.7439 +036.1862 0
L1 08    311 +016.2639 -001.0503 -005.8390 +013.9574 +088.3772 -165.5747 0
L1 01    315 +016.3320 +000.6598 +001.3663 -097.6673 +001.3562 +002.3441 0
L1 02    315 +007.4447 +005.5200 +001.6833 -095.0450 +006.5247 -149.8190 0
L1 03    315 +016.4990 -000.0136 -000.6605 -091.4196 +002.5512 +087.2591 0
L1 04    315 +015.3952 +004.4629 -002.6546 +090.3723 +042.5350 -171.7656 0
L1 05    315 +016.0916 +001.5615 -006.1489 +106.9148 +088.5399 -070.1002 0
L1 06    315 +016.0520 +000.7480 -006.6616 +165.4137 +077.8079 -014.0140 0
L1 07    315 +016.3320 -000.2469 -006.3990 -157.3857 +080.7428 +036.1779 0
L1 08    315 +016.2638 -001.0502 -005.8389 +014.0002 +088.3771 -165.5331 0
L1 01    319 +016.3320 +000.6596 +001.3661 -097.6720 +001.3552 +002.3422 0
L1 02    319 +007.4448 +005.5200 +001.6833 -095.0462 +006.5251 -149.8193 0
L1 03    319 +016.4990 -000.0137 -000.6606 -091.4216 +002.5510 +087.2584 0
L1 04    319 +015.3953 +004.4628 -002.6545 +090.3701 +042.5345 -171.7666 0
L1 05    319 +016.0917 +001.5615 -006.1487 +106.9035 +088.5402 -070.1107 0
L1 06    319 +016.0519 +000.7481 -006.6617 +165.4092 +077.8060 -014.0181 0
L1 07    319 +016.3321 -000.2471 -006.3989 -157.3828 +080.7434 +036.1823 0
L1 08    319 +016.2638 -001.0503 -005.8391 +013.9986 +088.3779 -165.5333 0
L1 01    323 +016.3320 +000.6599 +001.3664 -097.6715 +001.3562 +002.3453 0
L1 02    323 +007.4448 +005.5200 +001.6833 -095.0454 +006.5254 -149.8183 0
L1 03    323 +016.4990 -000.0137 -000.6605 -091.4213 +002.5516 +087.2588 0
L1 04    323 +015.3953 +004.4627 -002.6546 +090.3697 +042.5345 -171.7659 0
L1 05    323 +016.0916 +001.5613 -006.1488 +106.9155 +088.5416 -070.0978 0
L1 06    323 +016.0519 +000.7482 -006.6617 +165.4055 +077.8062 -014.0221 0
L1 07    323 +016.3322 -000.2461 -006.3986 -157.3856 +080.7459 +036.1752 0
L1 08    323 +016.2638 -001.0503 -005.8389 +013.9735 +088.3774 -165.5584 0
L1 01    327 +016.3320 +000.6597 +001.3663 -097.6753 +001.3557 +002.3449 0
L1 02    327 +007.4448 +005.5200 +001.6833 -095.0456 +006.5256 -149.8177 0
L1 03    327 +016.4990 -000.0137 -000.6605 -091.4214 +002.5521 +087.2594 0
L1 04    327 +015.3953 +004.4627 -002.6546 +090.3690 +042.5342 -171.7666 0
L1 05    327 +016.0916 +001.5613 -006.1487 +106.8996 +088.5406 -070.1134 0
L1 06    327 +016.0518 +000.7480 -006.6619 +165.4079 +077.8057 -014.0184 0
L1 07    327 +016.3321 -000.2467 -006.3986 -157.3824 +080.7452 +036.1814 0
L1 08    327 +016.2638 -001.0502 -005.8389 +013.9977 +088.3773 -165.5348 0
L1 01    331 +016.3319 +000.6596 +001.3662 -097.6769 +001.3558 +002.3440 0
L1 02    331 +007.4448 +005.5200 +001.6833 -095.0458 +006.5254 -149.8166 0
L1 03    331 +016.4990 -000.0137 -000.6605 -091.4220 +002.5525 +087.2588 0
L1 04    331 +015.3953 +004.4626 -002.6545 +090.3679 +042.5344 -171.7665 0
L1 05    331 +016.0916 +001.5611 -006.1488 +106.8954 +088.5404 -070.1165 0
L1 06    331 +016.0519 +000.7480 -006.6619 +165.4058 +077.8050 -014.0205 0
L1 07    331 +016.3320 -000.2473 -006.3988 -157.3797 +080.7436 +036.1865 0
L1 08    331 +016.2639 -001.0502 -005.8389 +013.9995 +088.3770 -165.5320 0
L1 01    335 +016.3319 +000.6595 +001.3664 -097.6783 +001.3552 +002.3456 0
L1 02    335 +007.4448 +005.5200 +001.6833 -095.0452 +006.5251 -149.8164 0
L1 03    335 +016.4989 -000.0135 -000.6606 -091.4212 +002.5520 +087.2584 0
L1 04    335 +015.3953 +004.4626 -002.6547 +090.3693 +042.5348 -171.7647 0
L1 05    335 +016.0916 +001.5612 -006.1489 +106.9714 +088.5409 -070.0411 0
L1 06    335 +016.0519 +000.7480 -006.6618 +165.4096 +077.8055 -014.0165 0
L1 07    335 +016.3321 -000.2472 -006.3988 -157.3763 +080.7435 +036.1894 0
L1 08    335 +016.2638 -001.0501 -005.8391 +014.0111 +088.3784 -165.5212 0
L1 01    339 +016.3320 +000.6597 +001.3665 -097.6790 +001.3556 +002.3466 0
L1 02    339 +007.4448 +005.5200 +001.6833 -095.0458 +006.5251 -149.8174 0
L1 03    339 +016.4989 -000.0137 -000.6605 -091.4225 +002.5512 +087.2590 0
L1 04    339 +015.3953 +004.4622 -002.6546 +090.3659 +042.5352 -171.7657 0
L1 05    339 +016.0917 +001.5609 -006.1486 +106.9070 +088.5420 -070.1030 0
L1 06    339 +016.0517 +000.7478 -006.6619 +165.4139 +077.8046 -014.0103 0
L1 07    339 +016.3319 -000.2471 -006.3989 -157.3808 +080.7427 +036.1851 0
L1 08    339 +016.2637 -001.0504 -005.8391 +013.9514 +088.3788 -165.5786 0
L1 01    343 +016.3320 +000.6600 +001.3670 -097.6773 +001.3556 +002.3500 0
L1 02    343 +007.4448 +005.5200 +001.6833 -095.0457 +006.5251 -149.8185 0
L1 03    343 +016.4989 -000.0137 -000.6605 -091.4214 +002.5517 +087.2591 0
L1 04    343 +015.3952 +004.4626 -002.6545 +090.3682 +042.5340 -171.7655 0
L1 05    343 +016.0917 +001.5611 -006.1484 +106.8507 +088.5417 -070.1614 0
L1 06    343 +016.0516 +000.7478 -006.6620 +165.4068 +077.8041 -014.0177 0
L1 07    343 +016.3318 -000.2468 -006.3989 -157.3732 +080.7418 +036.1901 0
L1 08    343 +016.2636 -001.0504 -005.8390 +013.9701 +088.3788 -165.5608 0
L1 01    347 +016.3320 +000.6597 +001.3668 -097.6800 +001.3539 +002.3489 0
L1 02    347 +007.4447 +005.5200 +001.6833 -095.0455 +006.5253 -149.8189 0
L1 03    347 +016.4989 -000.0137 -000.6606 -091.4215 +002.5510 +087.2577 0
L1 04    347 +015.3952 +004.4626 -002.6546 +090.3695 +042.5349 -171.7640 0
L1 05    347 +016.0916 +001.5611 -006.1486 +106.9448 +088.5417 -070.0671 0
L1 06    347 +016.0517 +000.7478 -006.6617 +165.4104 +077.8056 -014.0151 0
L1 07    347 +016.3318 -000.2467 -006.3989 -157.3818 +080.7418 +036.1819 0
L1 08    347 +016.2636 -001.0503 -005.8391 +013.9763 +088.3798 -165.5549 0
L1 01    351 +016.3318 +000.6590 +001.3666 -097.6838 +001.3542 +002.3463 0
L1 02    351 +007.4448 +005.5198 +001.6834 -095.0470 +006.5265 -149.8214 0
L1 03    351 +016.4988 -000.0130 -000.6612 -091.4172 +002.5570 +087.2531 0
L1 04    351 +015.3948 +004.4634 -002.6555 +090.3831 +042.5316 -171.7531 0
L1 05    351 +016.0915 +001.5613 -006.1489 +107.0036 +088.5409 -070.0098 0
L1 06    351 +016.0516 +000.7482 -006.6620 +165.4071 +077.8033 -014.0202 0
L1 07    351 +016.3320 -000.2463 -006.3986 -157.3787 +080.7439 +036.1825 0
L1 08    351 +016.2636 -001.0502 -005.8391 +014.0124 +088.3790 -165.5199 0
L1 01    355 +016.3319 +000.6599 +001.3670 -097.6805 +001.3552 +002.3493 0
L1 02    355 +007.4447 +005.5200 +001.6833 -095.0447 +006.5250 -149.8167 0
L1 03    355 +016.4989 -000.0135 -000.6606 -091.4201 +002.5528 +087.2582 0
L1 04    355 +015.3953 +004.4625 -002.6545 +090.3682 +042.5351 -171.7654 0
L1 05    355 +016.0916 +001.5610 -006.1487 +106.9198 +088.5409 -070.0919 0
L1 06    355 +016.0517 +000.7480 -006.6616 +165.4100 +077.8059 -014.0164 0
L1 07    355 +016.3319 -000.2465 -006.3990 -157.3750 +080.7434 +036.1872 0
L1 08    355 +016.2637 -001.0504 -005.8389 +013.9971 +088.3777 -165.5337 0
L1 01    359 +016.3319 +000.6595 +001.3663 -097.6846 +001.3529 +002.3437 0
L1 02    359 +007.4447 +005.5200 +001.6833 -095.0450 +006.5248 -149.8170 0
L1 03    359 +016.4990 -000.0136 -000.6606 -091.4214 +002.5518 +087.2577 0
L1 04    359 +015.3952 +004.4628 -002.6546 +090.3709 +042.5340 -171.7652 0
L1 05    359 +016.0915 +001.5619 -006.1488 +106.9221 +088.5386 -070.0939 0
L1 06    359 +016.0517 +000.7483 -006.6619 +165.4126 +077.8042 -014.0161 0
L1 07    359 +016.3318 -000.2466 -006.3995 -157.3806 +080.7402 +036.1820 0
L1 08    359 +016.2637 -001.0502 -005.8391 +014.0403 +088.3780 -165.4920 0
L1 01    363 +016.3319 +000.6597 +001.3665 -097.6837 +001.3532 +002.3454 0
L1 02    363 +007.4447 +005.5200 +001.6833 -095.0450 +006.5247 -149.8171 0
L1 03    363 +016.4990 -000.0137 -000.6606 -091.4215 +002.5520 +087.2581 0
L1 04    363 +015.3953 +004.4624 -002.6546 +090.3686 +042.5349 -171.7654 0
L1 05    363 +016.0917 +001.5612 -006.1484 +106.8362 +088.5428 -070.1763 0
L1 06    363 +016.0517 +000.7482 -006.6619 +165.4082 +077.8044 -014.0186 0
L1 07    363 +016.3318 -000.2466 -006.3992 -157.3871 +080.7429 +036.1760 0
L1 08    363 +016.2638 -001.0502 -005.8389 +013.9962 +088.3773 -165.5357 0
L1 01    367 +016.3319 +000.6598 +001.3665 -097.6820 +001.3536 +002.3472 0
L1 02    367 +007.4447 +005.5201 +001.6833 -095.0450 +006.5248 -149.8178 0
L1 03    367 +016.4989 -000.0136 -000.6605 -091.4207 +002.5515 +087.2585 0
L1 04    367 +015.3952 +004.4626 -002.6547 +090.3703 +042.5356 -171.7645 0
L1 05    367 +016.0917 +001.5615 -006.1482 +106.7962 +088.5426 -070.2190 0
L1 06    367 +016.0518 +000.7481 -006.6615 +165.4044 +077.8059 -014.0225 0
L1 07    367 +016.3321 -000.2464 -006.3985 -157.3705 +080.7440 +036.1909 0
L1 08    367 +016.2638 -001.0502 -005.8388 +013.9903 +088.3776 -165.5426 0
L1 01    371 +016.3319 +000.6599 +001.3665 -097.6818 +001.3530 +002.3459 0
L1 02    371 +007.4447 +005.5200 +001.6833 -095.0450 +006.5246 -149.8176 0
L1 03    371 +016.4989 -000.0136 -000.6606 -091.4205 +002.5512 +087.2580 0
L1 04    371 +015.3952 +004.4626 -002.6546 +090.3704 +042.5351 -171.7650 0
L1 05    371 +016.0915 +001.5614 -006.1487 +106.9267 +088.5410 -070.0881 0
L1 06    371 +016.0518 +000.7482 -006.6615 +165.4054 +077.8063 -014.0227 0
L1 07    371 +016.3320 -000.2466 -006.3987 -157.3695 +080.7428 +036.1916 0
L1 08    371 +016.2637 -001.0503 -005.8390 +013.9963 +088.3783 -165.5363 0
L1 01    375 +016.3318 +000.6593 +001.3662 -097.6855 +001.3513 +002.3437 0
L1 02    375 +007.4447 +005.5200 +001.6833 -095.0454 +006.5250 -149.8177 0
L1 03    375 +016.4989 -000.0137 -000.6606 -091.4215 +002.5510 +087.2580 0
L1 04    375 +015.3952 +004.4626 -002.6546 +090.3705 +042.5348 -171.7647 0
L1 05    375 +016.0915 +001.5615 -006.1488 +106.9341 +088.5412 -070.0804 0
L1 06    375 +016.0517 +000.7483 -006.6617 +165.4060 +077.8045 -014.0217 0
L1 07    375 +016.3321 -000.2468 -006.3986 -157.3721 +080.7437 +036.1914 0
L1 08    375 +016.2636 -001.0503 -005.8391 +013.9948 +088.3794 -165.5376 0
L1 01    379 +016.3319 +000.6593 +001.3667 -097.6856 +001.3502 +002.3482 0
L1 02    379 +007.4448 +005.5200 +001.6833 -095.0457 +006.5251 -149.8179 0
L1 03    379 +016.4989 -000.0137 -000.6606 -091.4215 +002.5508 +087.2579 0
L1 04    379 +015.3952 +004.4624 -002.6547 +090.3695 +042.5350 -171.7637 0
L1 05    379 +016.0913 +001.5616 -006.1488 +106.9120 +088.5389 -070.1021 0
L1 06    379 +016.0517 +000.7479 -006.6618 +165.4045 +077.8044 -014.0206 0
L1 07    379 +016.3319 -000.2466 -006.3988 -157.3763 +080.7429 +036.1863 0
L1 08    379 +016.2636 -001.0503 -005.8390 +013.9884 +088.3791 -165.5429 0
L1 01    383 +016.3318 +000.6595 +001.3665 -097.6850 +001.3515 +002.3466 0
L1 02    383 +007.4447 +005.5200 +001.6833 -095.0451 +006.5249 -149.8177 0
L1 03    383 +016.4989 -000.0138 -000.6606 -091.4223 +002.5509 +087.2576 0
L1 04    383 +015.3952 +004.4625 -002.6547 +090.3700 +042.5354 -171.7632 0
L1 05    383 +016.0914 +001.5617 -006.1487 +106.9068 +088.5391 -070.1075 0
L1 06    383 +016.0517 +000.7478 -006.6616 +165.4172 +077.8061 -014.0086 0
L1 07    383 +016.3320 -000.2466 -006.3985 -157.3681 +080.7448 +036.1941 0
L1 08    383 +016.2636 -001.0504 -005.8389 +013.9743 +088.3786 -165.5565 0
L1 01    387 +016.3318 +000.6595 +001.3662 -097.6866 +001.3523 +002.3441 0
L1 02    387 +007.4448 +005.5200 +001.6833 -095.0454 +006.5251 -149.8169 0
L1 03    387 +016.4989 -000.0138 -000.6607 -091.4231 +002.5510 +087.2571 0
L1 04    387 +015.3952 +004.4625 -002.6547 +090.3700 +042.5359 -171.7637 0
L1 05    387 +016.0915 +001.5616 -006.1486 +106.8960 +088.5402 -070.1180 0
L1 06    387 +016.0518 +000.7474 -006.6618 +165.4175 +077.8064 -014.0046 0
L1 07    387 +016.3320 -000.2473 -006.3985 -157.3649 +080.7442 +036.2018 0
L1 08    387 +016.2637 -001.0505 -005.8388 +013.9461 +088.3783 -165.5843 0
L1 01    391 +016.3318 +000.6595 +001.3660 -097.6867 +001.3526 +002.3432 0
L1 02    391 +007.4447 +005.5200 +001.6833 -095.0451 +006.5250 -149.8174 0
L1 03    391 +016.4988 -000.0137 -000.6606 -091.4218 +002.5513 +087.2574 0
L1 04    391 +015.3952 +004.4625 -002.6547 +090.3703 +042.5360 -171.7639 0
L1 05    391 +016.0914 +001.5616 -006.1486 +106.9453 +088.5410 -070.0698 0
L1 06    391 +016.0518 +000.7477 -006.6617 +165.4167 +077.8056 -014.0090 0
L1 07    391 +016.3321 -000.2466 -006.3983 -157.3717 +080.7457 +036.1918 0
L1 08    391 +016.2638 -001.0502 -005.8386 +013.9555 +088.3772 -165.5764 0
L1 01    395 +016.3318 +000.6595 +001.3658 -097.6879 +001.3518 +002.3411 0
L1 02    395 +007.4448 +005.5200 +001.6833 -095.0454 +006.5249 -149.8179 0
L1 03    395 +016.4989 -000.0137 -000.6606 -091.4219 +002.5517 +087.2572 0
L1 04    395 +015.3951 +004.4627 -002.6546 +090.3714 +042.5354 -171.7641 0
L1 05    395 +016.0914 +001.5614 -006.1488 +106.9966 +088.5408 -070.0178 0
L1 06    395 +016.0517 +000.7479 -006.6616 +165.4107 +077.8060 -014.0156 0
L1 07    395 +016.3320 -000.2466 -006.3986 -157.3716 +080.7440 +036.1909 0
L1 08    395 +016.2637 -001.0504 -005.8387 +013.9550 +088.3774 -165.5767 0
L1 01    399 +016.3318 +000.6597 +001.3663 -097.6872 +001.3520 +002.3447 0
L1 02    399 +007.4447 +005.5200 +001.6833 -095.0454 +006.5249 -149.8180 0
L1 03    399 +016.4988 -000.0137 -000.6606 -091.4224 +002.5511 +087.2572 0
L1 04    399 +015.3951 +004.4625 -002.6547 +090.3707 +042.5360 -171.7625 0
L1 05    399 +016.0914 +001.5610 -006.1489 +106.9808 +088.5405 -070.0309 0
L1 06    399 +016.0515 +000.7478 -006.6619 +165.4233 +077.8039 -014.0022 0
L1 07    399 +016.3318 -000.2466 -006.3988 -157.3741 +080.7420 +036.1884 0
L1 08    399 +016.2636 -001.0503 -005.8387 +013.9410 +088.3780 -165.5904 0
L1 01    403 +016.3318 +000.6592 +001.3658 -097.6906 +001.3504 +002.3404 0
L1 02    403 +007.4447 +005.5200 +001.6833 -095.0449 +006.5251 -149.8176 0
L1 03    403 +016.4988 -000.0136 -000.6606 -091.4214 +002.5511 +087.2569 0
L1 04    403 +015.3951 +004.4627 -002.6547 +090.3725 +042.5357 -171.7629 0
L1 05    403 +016.0914 +001.5614 -006.1487 +106.9486 +088.5402 -070.0649 0
L1 06    403 +016.0516 +000.7477 -006.6619 +165.4155 +077.8030 -014.0093 0
L1 07    403 +016.3316 -000.2467 -006.3993 -157.3778 +080.7398 +036.1853 0
L1 08    403 +016.2636 -001.0503 -005.8388 +013.9854 +088.3784 -165.5471 0
L1 01    407 +016.3318 +000.6594 +001.3660 -097.6911 +001.3504 +002.3404 0
L1 02    407 +007.4447 +005.5200 +001.6833 -095.0452 +006.5251 -149.8181 0
L1 03    407 +016.4988 -000.0137 -000.6607 -091.4219 +002.5508 +087.2560 0
L1 04    407 +015.3950 +004.4626 -002.6547 +090.3725 +042.5355 -171.7622 0
L1 05    407 +016.0913 +001.5610 -006.1487 +106.9835 +088.5406 -070.0280 0
L1 06    407 +016.0514 +000.7479 -006.6621 +165.4196 +077.8018 -014.0066 0
L1 07    407 +016.3315 -000.2463 -006.3994 -157.3945 +080.7390 +036.1669 0
L1 08    407 +016.2636 -001.0502 -005.8389 +013.9788 +088.3790 -165.5538 0
L1 01    411 +016.3318 +000.6597 +001.3660 -097.6885 +001.3507 +002.3412 0
L1 02    411 +007.4447 +005.5201 +001.6833 -095.0448 +006.5250 -149.8181 0
L1 03    411 +016.4988 -000.0135 -000.6606 -091.4200 +002.5508 +087.2569 0
L1 04    411 +015.3950 +004.4629 -002.6545 +090.3735 +042.5349 -171.7632 0
L1 05    411 +016.0912 +001.5614 -006.1490 +107.0257 +088.5395 -069.9884 0
L1 06    411 +016.0512 +000.7482 -006.6627 +165.4216 +077.7993 -014.0069 0
L1 07    411 +016.3316 -000.2461 -006.3991 -157.3801 +080.7406 +036.1792 0
L1 08    411 +016.2635 -001.0501 -005.8390 +014.0265 +088.3797 -165.5078 0
L1 01    415 +016.3318 +000.6598 +001.3660 -097.6883 +001.3512 +002.3409 0
L1 02    415 +007.4447 +005.5201 +001.6833 -095.0447 +006.5249 -149.8180 0
L1 03    415 +016.4988 -000.0136 -000.6606 -091.4202 +002.5509 +087.2565 0
L1 04    415 +015.3950 +004.4629 -002.6546 +090.3742 +042.5346 -171.7627 0
L1 05    415 +016.0914 +001.5611 -006.1487 +106.9700 +088.5417 -070.0427 0
L1 06    415 +016.0515 +000.7481 -006.6616 +165.4073 +077.8047 -014.0204 0
L1 07    415 +016.3316 -000.2462 -006.3992 -157.3889 +080.7402 +036.1709 0
L1 08    415 +016.2635 -001.0501 -005.8390 +014.0305 +088.3806 -165.5031 0
L1 01    419 +016.3318 +000.6600 +001.3661 -097.6878 +001.3521 +002.3420 0
L1 02    419 +007.4447 +005.5200 +001.6833 -095.0449 +006.5252 -149.8179 0
L1 03    419 +016.4988 -000.0135 -000.6607 -091.4200 +002.5511 +087.2560 0
L1 04    419 +015.3950 +004.4628 -002.6547 +090.3743 +042.5352 -171.7614 0
L1 05    419 +016.0914 +001.5612 -006.1486 +106.9156 +088.5412 -070.0976 0
L1 06    419 +016.0515 +000.7475 -006.6617 +165.4137 +077.8048 -014.0120 0
L1 07    419 +016.3316 -000.2462 -006.3992 -157.3856 +080.7393 +036.1744 0
L1 08    419 +016.2635 -001.0502 -005.8388 +013.9907 +088.3790 -165.5425 0
L1 01    423 +016.3318 +000.6597 +001.3660 -097.6900 +001.3514 +002.3416 0
L1 02    423 +007.4447 +005.5200 +001.6833 -095.0453 +006.5249 -149.8180 0
L1 03    423 +016.4988 -000.0137 -000.6607 -091.4216 +002.5510 +087.2558 0
L1 04    423 +015.3950 +004.4626 -002.6548 +090.3729 +042.5363 -171.7605 0
L1 05    423 +016.0914 +001.5610 -006.1487 +106.9744 +088.5420 -070.0375 0
L1 06    423 +016.0514 +000.7475 -006.6620 +165.4186 +077.8026 -014.0056 0
L1 07    423 +016.3317 -000.2462 -006.3990 -157.3843 +080.7401 +036.1761 0
L1 08    423 +016.2635 -001.0505 -005.8388 +013.9364 +088.3798 -165.5943 0
L1 01    427 +016.3318 +000.6600 +001.3663 -097.6883 +001.3521 +002.3444 0
L1 02    427 +007.4447 +005.5200 +001.6833 -095.0452 +006.5251 -149.8179 0
L1 03    427 +016.4988 -000.0137 -000.6606 -091.4217 +002.5511 +087.2561 0
L1 04    427 +015.3950 +004.4625 -002.6549 +090.3731 +042.5366 -171.7596 0
L1 05    427 +016.0914 +001.5611 -006.1484 +106.9145 +088.5420 -070.0972 0
L1 06    427 +016.0514 +000.7479 -006.6617 +165.4196 +077.8044 -014.0064 0
L1 07    427 +016.3317 -000.2467 -006.3988 -157.3760 +080.7413 +036.1859 0
L1 08    427 +016.2635 -001.0505 -005.8387 +013.9449 +088.3791 -165.5857 0
L1 01    431 +016.3319 +000.6602 +001.3668 -097.6874 +001.3529 +002.3482 0
L1 02    431 +007.4447 +005.5200 +001.6833 -095.0450 +006.5252 -149.8180 0
L1 03    431 +016.4988 -000.0137 -000.6606 -091.4216 +002.5514 +087.2565 0
L1 04    431 +015.3950 +004.4625 -002.6548 +090.3720 +042.5364 -171.7601 0
L1 05    431 +016.0913 +001.5612 -006.1484 +106.9070 +088.5432 -070.1061 0
L1 06    431 +016.0513 +000.7481 -006.6619 +165.4227 +077.8029 -014.0038 0
L1 07    431 +016.3317 -000.2469 -006.3987 -157.3797 +080.7419 +036.1836 0
L1 08    431 +016.2634 -001.0504 -005.8388 +013.9573 +088.3796 -165.5738 0
L1 01    435 +016.3319 +000.6591 +001.3666 -097.6956 +001.3503 +002.3459 0
L1 02    435 +007.4447 +005.5200 +001.6833 -095.0455 +006.5253 -149.8185 0
L1 03    435 +016.4988 -000.0139 -000.6605 -091.4244 +002.5507 +087.2567 0
L1 04    435 +015.3951 +004.4623 -002.6547 +090.3692 +042.5359 -171.7610 0
L1 05    435 +016.0913 +001.5614 -006.1485 +106.9128 +088.5422 -070.1004 0
L1 06    435 +016.0514 +000.7477 -006.6618 +165.4248 +077.8046 -013.9988 0
L1 07    435 +016.3316 -000.2467 -006.3992 -157.3832 +080.7390 +036.1802 0
L1 08    435 +016.2633 -001.0505 -005.8392 +013.9484 +088.3815 -165.5818 0
L1 01    439 +016.3319 +000.6596 +001.3663 -097.6926 +001.3509 +002.3429 0
L1 02    439 +007.4447 +005.5200 +001.6833 -095.0449 +006.5252 -149.8176 0
L1 03    439 +016.4988 -000.0136 -000.6606 -091.4208 +002.5513 +087.2562 0
L1 04    439 +015.3950 +004.4625 -002.6547 +090.3721 +042.5358 -171.7612 0
L1 05    439 +016.0910 +001.5611 -006.1492 +107.1115 +088.5410 -069.9015 0
L1 06    439 +016.0513 +000.7478 -006.6619 +165.4150 +077.8033 -014.0095 0
L1 07    439 +016.3316 -000.2469 -006.3992 -157.3859 +080.7387 +036.1780 0
L1 08    439 +016.2633 -001.0504 -005.8391 +013.9693 +088.3811 -165.5622 0
L1 01    443 +016.3319 +000.6594 +001.3661 -097.6945 +001.3505 +002.3414 0
L1 02    443 +007.4447 +005.5200 +001.6833 -095.0453 +006.5251 -149.8170 0
L1 03    443 +016.4988 -000.0137 -000.6607 -091.4217 +002.5508 +087.2554 0
L1 04    443 +015.3950 +004.4624 -002.6548 +090.3722 +042.5359 -171.7604 0
L1 05    443 +016.0911 +001.5615 -006.1490 +107.0686 +088.5424 -069.9464 0
L1 06    443 +016.0512 +000.7480 -006.6622 +165.4253 +077.8011 -014.0010 0
L1 07    443 +016.3316 -000.2465 -006.3990 -157.3821 +080.7401 +036.1790 0
L1 08    443 +016.2634 -001.0504 -005.8390 +013.9447 +088.3808 -165.5866 0
L1 01    447 +016.3319 +000.6593 +001.3660 -097.6962 +001.3511 +002.3407 0
L1 02    447 +007.4447 +005.5200 +001.6833 -095.0455 +006.5251 -149.8177 0
L1 03    447 +016.4988 -000.0139 -000.6607 -091.4243 +002.5506 +087.2553 0
L1 04    447 +015.3950 +004.4625 -002.6548 +090.3726 +042.5363 -171.7600 0
L1 05    447 +016.0911 +001.5606 -006.1492 +107.1843 +088.5440 -069.8255 0
L1 06    447 +016.0514 +000.7480 -006.6617 +165.4244 +077.8046 -014.0024 0
L1 07    447 +016.3315 -000.2469 -006.3993 -157.3789 +080.7386 +036.1852 0
L1 08    447 +016.2633 -001.0508 -005.8392 +013.8998 +088.3825 -165.6295 0
L1 01    451 +016.3319 +000.6599 +001.3667 -097.6924 +001.3511 +002.3460 0
L1 02    451 +007.4447 +005.5200 +001.6833 -095.0452 +006.5251 -149.8180 0
L1 03    451 +016.4988 -000.0136 -000.6606 -091.4218 +002.5510 +087.2558 0
L1 04    451 +015.3950 +004.4626 -002.6548 +090.3731 +042.5359 -171.7605 0
L1 05    451 +016.0910 +001.5612 -006.1491 +107.1110 +088.5421 -069.9025 0
L1 06    451 +016.0513 +000.7479 -006.6617 +165.4203 +077.8048 -014.0058 0
L1 07    451 +016.3316 -000.2465 -006.3990 -157.3837 +080.7409 +036.1785 0
L1 08    451 +016.2633 -001.0505 -005.8391 +013.9429 +088.3815 -165.5879 0
