L1 01      5 +017.7043 +005.3435 +001.4629 -045.9978 +000.7053 +002.6969 0
L1 02      5 +007.4474 +005.5188 +001.6832 -095.0297 +006.4563 -149.5388 0
L1 03      5 +018.3451 +004.9285 -000.5533 -044.5864 +003.3658 +087.2871 0
L1 04      5 +015.5090 +001.8853 -000.0577 -068.4165 +035.1171 -148.6388 0
L1 05      5 +015.7206 +004.1656 -001.6028 +046.7694 -049.4313 +178.4981 0
L1 06      5 +016.3804 +003.6981 -001.7791 +046.3676 -051.9739 +175.8028 0
L1 07      5 +016.9975 +003.1138 -001.1745 +042.3742 -042.5083 -170.3051 0
L1 08      5 +017.6437 +002.3679 -000.9658 +046.1471 -054.2495 -179.0490 0
L1 01      9 +017.7043 +005.3432 +001.4621 -045.9988 +000.7065 +002.6924 0
L1 02      9 +007.4474 +005.5188 +001.6832 -095.0291 +006.4563 -149.5363 0
L1 03      9 +018.3449 +004.9293 -000.5531 -044.5806 +003.3659 +087.2880 0
L1 04      9 +015.5091 +001.8853 -000.0577 -068.4151 +035.1182 -148.6374 0
L1 05      9 +015.7207 +004.1655 -001.6027 +046.7719 -049.4325 +178.4959 0
L1 06      9 +016.3804 +003.6977 -001.7792 +046.3664 -051.9745 +175.8036 0
L1 07      9 +016.9974 +003.1138 -001.1748 +042.3731 -042.5073 -170.3035 0
L1 08      9 +017.6437 +002.3679 -000.9660 +046.1473 -054.2496 -179.0476 0
L1 01     13 +017.7043 +005.3440 +001.4641 -045.9913 +000.6973 +002.7047 0
L1 02     13 +007.4474 +005.5188 +001.6832 -095.0295 +006.4561 -149.5386 0
L1 03     13 +018.3449 +004.9291 -000.5531 -044.5825 +003.3644 +087.2893 0
L1 04     13 +015.5090 +001.8855 -000.0577 -068.4132 +035.1180 -148.6378 0
L1 05     13 +015.7207 +004.1655 -001.6030 +046.7685 -049.4309 +178.4983 0
L1 06     13 +016.3804 +003.6980 -001.7791 +046.3665 -051.9758 +175.8036 0
L1 07     13 +016.9975 +003.1138 -001.1753 +042.3721 -042.5061 -170.3007 0
L1 08     13 +017.6438 +002.3676 -000.9659 +046.1440 -054.2498 -179.0458 0
L1 01     17 +017.7043 +005.3437 +001.4632 -045.9943 +000.7027 +002.6980 0
L1 02     17 +007.4474 +005.5188 +001.6832 -095.0298 +006.4562 -149.5388 0
L1 03     17 +018.3450 +004.9290 -000.5531 -044.5828 +003.3654 +087.2881 0
L1 04     17 +015.5091 +001.8854 -000.0576 -068.4144 +035.1186 -148.6379 0
L1 05     17 +015.7208 +004.1651 -001.6029 +046.7652 -049.4309 +178.4987 0
L1 06     17 +016.3802 +003.6986 -001.7792 +046.3699 -051.9746 +175.8057 0
L1 07     17 +016.9974 +003.1136 -001.1755 +042.3691 -042.5044 -170.2979 0
L1 08     17 +017.6438 +002.3677 -000.9658 +046.1450 -054.2501 -179.0462 0
L1 01     21 +017.7043 +005.3436 +001.4633 -045.9942 +000.7028 +002.6987 0
L1 02     21 +007.4474 +005.5188 +001.6832 -095.0297 +006.4560 -149.5396 0
L1 03     21 +018.3450 +004.9286 -000.5530 -044.5844 +003.3659 +087.2882 0
L1 04     21 +015.5090 +001.8854 -000.0577 -068.4157 +035.1186 -148.6401 0
L1 05     21 +015.7206 +004.1654 -001.6028 +046.7665 -049.4295 +178.4998 0
L1 06     21 +016.3802 +003.6984 -001.7791 +046.3680 -051.9741 +175.8061 0
L1 07     21 +016.9974 +003.1137 -001.1753 +042.3700 -042.5038 -170.2998 0
L1 08     21 +017.6437 +002.3678 -000.9658 +046.1443 -054.2484 -179.0452 0
L1 01     25 +017.7043 +005.3434 +001.4633 -045.9946 +000.7000 +002.6971 0
L1 02     25 +007.4474 +005.5188 +001.6832 -095.0293 +006.4562 -149.5399 0
L1 03     25 +018.3448 +004.9293 -000.5529 -044.5812 +003.3647 +087.2885 0
L1 04     25 +015.5090 +001.8855 -000.0577 -068.4158 +035.1188 -148.6406 0
L1 05     25 +015.7205 +004.1652 -001.6033 +046.7645 -049.4285 +178.5020 0
L1 06     25 +016.3802 +003.6983 -001.7790 +046.3678 -051.9744 +175.8059 0
L1 07     25 +016.9972 +003.1143 -001.1754 +042.3722 -042.5036 -170.2977 0
L1 08     25 +017.6437 +002.3675 -000.9657 +046.1428 -054.2486 -179.0456 0
L1 01     29 +017.7043 +005.3433 +001.4634 -045.9944 +000.6993 +002.6979 0
L1 02     29 +007.4474 +005.5188 +001.6832 -095.0298 +006.4563 -149.5400 0
L1 03     29 +018.3447 +004.9294 -000.5533 -044.5814 +003.3662 +087.2870 0
L1 04     29 +015.5089 +001.8854 -000.0576 -068.4157 +035.1188 -148.6397 0
L1 05     29 +015.7205 +004.1651 -001.6033 +046.7647 -049.4278 +178.5012 0
L1 06     29 +016.3803 +003.6981 -001.7789 +046.3669 -051.9750 +175.8048 0
L1 07     29 +016.9973 +003.1141 -001.1752 +042.3704 -042.5059 -170.2977 0
L1 08     29 +017.6437 +002.3675 -000.9657 +046.1426 -054.2488 -179.0457 0
L1 01     33 +017.7046 +005.3426 +001.4619 -046.0027 +000.7085 +002.6879 0
L1 02     33 +007.4474 +005.5188 +001.6832 -095.0298 +006.4566 -149.5388 0
L1 03     33 +018.3450 +004.9289 -000.5535 -044.5837 +003.3677 +087.2854 0
L1 04     33 +015.5090 +001.8853 -000.0575 -068.4167 +035.1175 -148.6379 0
L1 05     33 +015.7205 +004.1655 -001.6028 +046.7680 -049.4310 +178.4999 0
L1 06     33 +016.3803 +003.6980 -001.7792 +046.3666 -051.9733 +175.8041 0
L1 07     33 +016.9974 +003.1140 -001.1750 +042.3696 -042.5061 -170.2986 0
L1 08     33 +017.6437 +002.3678 -000.9656 +046.1463 -054.2497 -179.0482 0
L1 01     37 +017.7043 +005.3436 +001.4630 -045.9930 +000.7015 +002.6947 0
L1 02     37 +007.4474 +005.5188 +001.6832 -095.0296 +006.4558 -149.5367 0
L1 03     37 +018.3448 +004.9295 -000.5532 -044.5791 +003.3654 +087.2869 0
L1 04     37 +015.5090 +001.8856 -000.0577 -068.4133 +035.1184 -148.6383 0
L1 05     37 +015.7206 +004.1655 -001.6028 +046.7703 -049.4313 +178.4981 0
L1 06     37 +016.3803 +003.6981 -001.7789 +046.3693 -051.9755 +175.8031 0
L1 07     37 +016.9974 +003.1137 -001.1750 +042.3713 -042.5056 -170.3004 0
L1 08     37 +017.6437 +002.3678 -000.9658 +046.1455 -054.2496 -179.0460 0
L1 01     41 +017.7045 +005.3431 +001.4633 -045.9949 +000.6988 +002.6954 0
L1 02     41 +007.4474 +005.5188 +001.6832 -095.0289 +006.4559 -149.5376 0
L1 03     41 +018.3448 +004.9298 -000.5532 -044.5771 +003.3648 +087.2876 0
L1 04     41 +015.5090 +001.8857 -000.0577 -068.4122 +035.1180 -148.6375 0
L1 05     41 +015.7209 +004.1652 -001.6028 +046.7677 -049.4323 +178.4981 0
L1 06     41 +016.3804 +003.6981 -001.7788 +046.3706 -051.9766 +175.8008 0
L1 07     41 +016.9974 +003.1142 -001.1751 +042.3729 -042.5064 -170.2993 0
L1 08     41 +017.6438 +002.3677 -000.9655 +046.1481 -054.2510 -179.0489 0
L1 01     45 +017.7045 +005.3429 +001.4635 -045.9970 +000.6989 +002.6967 0
L1 02     45 +007.4474 +005.5188 +001.6832 -095.0296 +006.4561 -149.5383 0
L1 03     45 +018.3449 +004.9294 -000.5531 -044.5813 +003.3641 +087.2879 0
L1 04     45 +015.5090 +001.8855 -000.0576 -068.4146 +035.1179 -148.6382 0
L1 05     45 +015.7207 +004.1650 -001.6028 +046.7647 -049.4313 +178.4990 0
L1 06     45 +016.3805 +003.6972 -001.7788 +046.3637 -051.9765 +175.8024 0
L1 07     45 +016.9975 +003.1138 -001.1752 +042.3694 -042.5056 -170.2992 0
L1 08     45 +017.6438 +002.3675 -000.9655 +046.1455 -054.2509 -179.0491 0
L1 01     49 +017.7045 +005.3428 +001.4626 -045.9985 +000.7029 +002.6910 0
L1 02     49 +007.4474 +005.5188 +001.6832 -095.0292 +006.4561 -149.5390 0
L1 03     49 +018.3449 +004.9293 -000.5531 -044.5811 +003.3648 +087.2863 0
L1 04     49 +015.5090 +001.8854 -000.0575 -068.4159 +035.1174 -148.6389 0
L1 05     49 +015.7205 +004.1654 -001.6032 +046.7675 -049.4268 +178.4998 0
L1 06     49 +016.3801 +003.6980 -001.7790 +046.3667 -051.9737 +175.8048 0
L1 07     49 +016.9974 +003.1132 -001.1752 +042.3704 -042.5026 -170.3020 0
L1 08     49 +017.6436 +002.3677 -000.9655 +046.1465 -054.2505 -179.0491 0
L1 01     53 +017.7043 +005.3432 +001.4627 -045.9955 +000.7044 +002.6921 0
L1 02     53 +007.4474 +005.5188 +001.6832 -095.0297 +006.4558 -149.5399 0
L1 03     53 +018.3449 +004.9288 -000.5532 -044.5837 +003.3656 +087.2852 0
L1 04     53 +015.5089 +001.8853 -000.0575 -068.4170 +035.1175 -148.6402 0
L1 05     53 +015.7204 +004.1652 -001.6029 +046.7675 -049.4277 +178.4993 0
L1 06     53 +016.3801 +003.6981 -001.7789 +046.3681 -051.9731 +175.8046 0
L1 07     53 +016.9973 +003.1137 -001.1747 +042.3721 -042.5050 -170.3016 0
L1 08     53 +017.6436 +002.3677 -000.9655 +046.1467 -054.2482 -179.0488 0
L1 01     57 +017.7044 +005.3432 +001.4628 -045.9960 +000.7031 +002.6910 0
L1 02     57 +007.4474 +005.5188 +001.6832 -095.0295 +006.4558 -149.5384 0
L1 03     57 +018.3449 +004.9291 -000.5537 -044.5821 +003.3661 +087.2840 0
L1 04     57 +015.5090 +001.8852 -000.0575 -068.4167 +035.1173 -148.6394 0
L1 05     57 +015.7206 +004.1650 -001.6030 +046.7674 -049.4282 +178.4980 0
L1 06     57 +016.3803 +003.6978 -001.7789 +046.3681 -051.9733 +175.8015 0
L1 07     57 +016.9973 +003.1140 -001.1748 +042.3723 -042.5060 -170.2998 0
L1 08     57 +017.6437 +002.3678 -000.9653 +046.1481 -054.2485 -179.0505 0
L1 01     61 +017.7046 +005.3427 +001.4624 -045.9996 +000.7016 +002.6870 0
L1 02     61 +007.4474 +005.5188 +001.6832 -095.0292 +006.4558 -149.5370 0
L1 03     61 +018.3449 +004.9296 -000.5537 -044.5796 +003.3658 +087.2847 0
L1 04     61 +015.5091 +001.8852 -000.0575 -068.4157 +035.1166 -148.6367 0
L1 05     61 +015.7206 +004.1653 -001.6029 +046.7687 -049.4313 +178.4986 0
L1 06     61 +016.3804 +003.6978 -001.7788 +046.3692 -051.9754 +175.8003 0
L1 07     61 +016.9974 +003.1141 -001.1747 +042.3732 -042.5082 -170.3007 0
L1 08     61 +017.6437 +002.3676 -000.9651 +046.1484 -054.2513 -179.0515 0
L1 01     65 +017.7044 +005.3434 +001.4626 -045.9936 +000.7035 +002.6933 0
L1 02     65 +007.4474 +005.5188 +001.6832 -095.0291 +006.4556 -149.5370 0
L1 03     65 +018.3451 +004.9292 -000.5532 -044.5816 +003.3645 +087.2880 0
L1 04     65 +015.5091 +001.8854 -000.0576 -068.4141 +035.1169 -148.6365 0
L1 05     65 +015.7207 +004.1654 -001.6031 +046.7683 -049.4306 +178.4993 0
L1 06     65 +016.3803 +003.6982 -001.7790 +046.3701 -051.9755 +175.8022 0
L1 07     65 +016.9973 +003.1144 -001.1752 +042.3742 -042.5054 -170.2986 0
L1 08     65 +017.6438 +002.3679 -000.9654 +046.1499 -054.2517 -179.0512 0
L1 01     69 +017.7044 +005.3433 +001.4629 -045.9937 +000.7028 +002.6937 0
L1 02     69 +007.4474 +005.5188 +001.6832 -095.0292 +006.4557 -149.5372 0
L1 03     69 +018.3450 +004.9294 -000.5531 -044.5793 +003.3642 +087.2879 0
L1 04     69 +015.5090 +001.8855 -000.0575 -068.4137 +035.1167 -148.6374 0
L1 05     69 +015.7206 +004.1656 -001.6028 +046.7704 -049.4317 +178.4977 0
L1 06     69 +016.3804 +003.6980 -001.7787 +046.3727 -051.9760 +175.7990 0
L1 07     69 +016.9973 +003.1140 -001.1753 +042.3706 -042.5053 -170.2975 0
L1 08     69 +017.6437 +002.3681 -000.9653 +046.1514 -054.2522 -179.0511 0
L1 01     73 +017.7044 +005.3428 +001.4631 -045.9956 +000.7000 +002.6953 0
L1 02     73 +007.4474 +005.5187 +001.6832 -095.0304 +006.4555 -149.5383 0
L1 03     73 +018.3448 +004.9294 -000.5528 -044.5806 +003.3620 +087.2879 0
L1 04     73 +015.5090 +001.8853 -000.0575 -068.4157 +035.1174 -148.6389 0
L1 05     73 +015.7208 +004.1648 -001.6028 +046.7648 -049.4298 +178.4986 0
L1 06     73 +016.3804 +003.6976 -001.7788 +046.3684 -051.9748 +175.8009 0
L1 07     73 +016.9973 +003.1139 -001.1750 +042.3702 -042.5056 -170.2991 0
L1 08     73 +017.6438 +002.3673 -000.9656 +046.1439 -054.2487 -179.0487 0
L1 01     77 +017.7046 +005.3422 +001.4622 -046.0021 +000.7056 +002.6866 0
L1 02     77 +007.4474 +005.5187 +001.6832 -095.0303 +006.4559 -149.5388 0
L1 03     77 +018.3450 +004.9290 -000.5534 -044.5833 +003.3650 +087.2842 0
L1 04     77 +015.5090 +001.8850 -000.0574 -068.4187 +035.1166 -148.6383 0
L1 05     77 +015.7206 +004.1650 -001.6028 +046.7671 -049.4290 +178.4977 0
L1 06     77 +016.3802 +003.6982 -001.7787 +046.3704 -051.9753 +175.8016 0
L1 07     77 +016.9973 +003.1142 -001.1745 +042.3742 -042.5067 -170.3030 0
L1 08     77 +017.6437 +002.3676 -000.9651 +046.1478 -054.2498 -179.0518 0
L1 01     81 +017.7045 +005.3423 +001.4624 -045.9995 +000.7031 +002.6876 0
L1 02     81 +007.4474 +005.5188 +001.6832 -095.0294 +006.4557 -149.5387 0
L1 03     81 +018.3449 +004.9297 -000.5532 -044.5787 +003.3645 +087.2848 0
L1 04     81 +015.5090 +001.8853 -000.0573 -068.4160 +035.1177 -148.6380 0
L1 05     81 +015.7206 +004.1651 -001.6027 +046.7699 -049.4290 +178.4953 0
L1 06     81 +016.3803 +003.6979 -001.7787 +046.3703 -051.9750 +175.8004 0
L1 07     81 +016.9973 +003.1142 -001.1752 +042.3705 -042.5048 -170.2964 0
L1 08     81 +017.6436 +002.3676 -000.9653 +046.1466 -054.2497 -179.0491 0
L1 01     85 +017.7045 +005.3425 +001.4618 -045.9977 +000.7067 +002.6857 0
L1 02     85 +007.4474 +005.5188 +001.6832 -095.0297 +006.4556 -149.5390 0
L1 03     85 +018.3448 +004.9298 -000.5530 -044.5768 +003.3640 +087.2861 0
L1 04     85 +015.5090 +001.8853 -000.0574 -068.4154 +035.1177 -148.6375 0
L1 05     85 +015.7206 +004.1653 -001.6029 +046.7718 -049.4286 +178.4951 0
L1 06     85 +016.3801 +003.6983 -001.7789 +046.3724 -051.9735 +175.8019 0
L1 07     85 +016.9973 +003.1143 -001.1753 +042.3732 -042.5044 -170.2981 0
L1 08     85 +017.6436 +002.3680 -000.9653 +046.1505 -054.2510 -179.0502 0
L1 01     89 +017.7046 +005.3422 +001.4617 -046.0003 +000.7058 +002.6848 0
L1 02     89 +007.4474 +005.5187 +001.6832 -095.0299 +006.4556 -149.5376 0
L1 03     89 +018.3449 +004.9296 -000.5534 -044.5789 +003.3648 +087.2848 0
L1 04     89 +015.5090 +001.8851 -000.0575 -068.4168 +035.1173 -148.6373 0
L1 05     89 +015.7207 +004.1649 -001.6030 +046.7680 -049.4290 +178.4970 0
L1 06     89 +016.3802 +003.6981 -001.7791 +046.3709 -051.9730 +175.8024 0
L1 07     89 +016.9973 +003.1139 -001.1750 +042.3735 -042.5052 -170.3015 0
L1 08     89 +017.6437 +002.3675 -000.9650 +046.1482 -054.2522 -179.0521 0
L1 01     93 +017.7047 +005.3419 +001.4614 -046.0027 +000.7069 +002.6812 0
L1 02     93 +007.4474 +005.5187 +001.6832 -095.0296 +006.4557 -149.5361 0
L1 03     93 +018.3450 +004.9295 -000.5538 -044.5798 +003.3663 +087.2828 0
L1 04     93 +015.5091 +001.8850 -000.0574 -068.4178 +035.1166 -148.6373 0
L1 05     93 +015.7207 +004.1649 -001.6029 +046.7701 -049.4297 +178.4945 0
L1 06     93 +016.3803 +003.6980 -001.7790 +046.3710 -051.9725 +175.8006 0
L1 07     93 +016.9973 +003.1140 -001.1750 +042.3741 -042.5047 -170.3019 0
L1 08     93 +017.6437 +002.3676 -000.9649 +046.1499 -054.2516 -179.0540 0
L1 01     97 +017.7046 +005.3423 +001.4617 -045.9992 +000.7065 +002.6832 0
L1 02     97 +007.4474 +005.5188 +001.6832 -095.0296 +006.4560 -149.5377 0
L1 03     97 +018.3449 +004.9298 -000.5537 -044.5782 +003.3666 +087.2830 0
L1 04     97 +015.5090 +001.8852 -000.0574 -068.4168 +035.1172 -148.6375 0
L1 05     97 +015.7206 +004.1650 -001.6029 +046.7691 -049.4299 +178.4966 0
L1 06     97 +016.3802 +003.6984 -001.7787 +046.3728 -051.9751 +175.8007 0
L1 07     97 +016.9972 +003.1142 -001.1751 +042.3730 -042.5048 -170.2991 0
L1 08     97 +017.6437 +002.3677 -000.9652 +046.1482 -054.2502 -179.0511 0
L1 01    101 +017.7046 +005.3424 +001.4613 -045.9988 +000.7111 +002.6830 0
L1 02    101 +007.4474 +005.5188 +001.6832 -095.0295 +006.4558 -149.5396 0
L1 03    101 +018.3451 +004.9292 -000.5534 -044.5808 +003.3667 +087.2845 0
L1 04    101 +015.5090 +001.8851 -000.0575 -068.4179 +035.1183 -148.6382 0
L1 05    101 +015.7198 +004.1662 -001.6049 +046.7511 -049.4173 +178.5275 0
L1 06    101 +016.3796 +003.6987 -001.7795 +046.3639 -051.9722 +175.8124 0
L1 07    101 +016.9967 +003.1147 -001.1769 +042.3593 -042.4947 -170.2781 0
L1 08    101 +017.6428 +002.3690 -000.9680 +046.1231 -054.2441 -179.0140 0
L1 01    105 +017.7045 +005.3423 +001.4614 -045.9984 +000.7099 +002.6831 0
L1 02    105 +007.4474 +005.5188 +001.6832 -095.0297 +006.4558 -149.5397 0
L1 03    105 +018.3449 +004.9294 -000.5533 -044.5796 +003.3659 +087.2844 0
L1 04    105 +015.5090 +001.8852 -000.0574 -068.4169 +035.1176 -148.6380 0
L1 05    105 +015.7204 +004.1649 -001.6034 +046.7634 -049.4263 +178.5022 0
L1 06    105 +016.3800 +003.6985 -001.7791 +046.3675 -051.9733 +175.8083 0
L1 07    105 +016.9974 +003.1132 -001.1752 +042.3676 -042.5046 -170.3011 0
L1 08    105 +017.6436 +002.3675 -000.9657 +046.1439 -054.2499 -179.0469 0
L1 01    109 +017.7046 +005.3419 +001.4606 -046.0015 +000.7117 +002.6771 0
L1 02    109 +007.4474 +005.5187 +001.6832 -095.0297 +006.4554 -149.5370 0
L1 03    109 +018.3450 +004.9296 -000.5535 -044.5781 +003.3659 +087.2831 0
L1 04    109 +015.5090 +001.8851 -000.0574 -068.4169 +035.1174 -148.6373 0
L1 05    109 +015.7207 +004.1645 -001.6027 +046.7666 -049.4309 +178.4963 0
L1 06    109 +016.3802 +003.6980 -001.7789 +046.3692 -051.9737 +175.8047 0
L1 07    109 +016.9973 +003.1135 -001.1745 +042.3711 -042.5071 -170.3026 0
L1 08    109 +017.6436 +002.3677 -000.9650 +046.1520 -054.2510 -179.0545 0
L1 01    113 +017.7046 +005.3421 +001.4609 -045.9997 +000.7082 +002.6762 0
L1 02    113 +007.4474 +005.5188 +001.6832 -095.0290 +006.4554 -149.5359 0
L1 03    113 +018.3448 +004.9306 -000.5536 -044.5729 +003.3650 +087.2819 0
L1 04    113 +015.5090 +001.8851 -000.0573 -068.4157 +035.1172 -148.6367 0
L1 05    113 +015.7205 +004.1653 -001.6027 +046.7731 -049.4304 +178.4967 0
L1 06    113 +016.3803 +003.6979 -001.7787 +046.3709 -051.9737 +175.8022 0
L1 07    113 +016.9972 +003.1142 -001.1747 +042.3761 -042.5073 -170.3014 0
L1 08    113 +017.6437 +002.3677 -000.9651 +046.1509 -054.2493 -179.0523 0
L1 01    117 +017.7045 +005.3429 +001.4621 -045.9951 +000.7086 +002.6868 0
L1 02    117 +007.4474 +005.5187 +001.6832 -095.0300 +006.4553 -149.5369 0
L1 03    117 +018.3450 +004.9291 -000.5534 -044.5815 +003.3658 +087.2845 0
L1 04    117 +015.5091 +001.8850 -000.0573 -068.4172 +035.1168 -148.6380 0
L1 05    117 +015.7206 +004.1653 -001.6027 +046.7726 -049.4298 +178.4945 0
L1 06    117 +016.3801 +003.6981 -001.7791 +046.3703 -051.9717 +175.8034 0
L1 07    117 +016.9973 +003.1136 -001.1749 +042.3697 -042.5050 -170.3003 0
L1 08    117 +017.6437 +002.3678 -000.9654 +046.1474 -054.2462 -179.0506 0
L1 01    121 +017.7046 +005.3421 +001.4616 -045.9993 +000.7077 +002.6826 0
L1 02    121 +007.4474 +005.5187 +001.6832 -095.0301 +006.4558 -149.5390 0
L1 03    121 +018.3449 +004.9296 -000.5537 -044.5788 +003.3662 +087.2832 0
L1 04    121 +015.5090 +001.8850 -000.0573 -068.4171 +035.1175 -148.6368 0
L1 05    121 +015.7206 +004.1649 -001.6032 +046.7654 -049.4272 +178.4986 0
L1 06    121 +016.3803 +003.6977 -001.7788 +046.3698 -051.9743 +175.8015 0
L1 07    121 +016.9973 +003.1138 -001.1749 +042.3709 -042.5058 -170.3004 0
L1 08    121 +017.6436 +002.3675 -000.9653 +046.1460 -054.2492 -179.0504 0
L1 01    125 +017.7046 +005.3421 +001.4613 -045.9990 +000.7078 +002.6804 0
L1 02    125 +007.4474 +005.5188 +001.6832 -095.0297 +006.4562 -149.5391 0
L1 03    125 +018.3448 +004.9302 -000.5536 -044.5753 +003.3666 +087.2838 0
L1 04    125 +015.5090 +001.8852 -000.0574 -068.4162 +035.1177 -148.6368 0
L1 05    125 +015.7207 +004.1647 -001.6028 +046.7644 -049.4299 +178.4987 0
L1 06    125 +016.3803 +003.6976 -001.7787 +046.3686 -051.9754 +175.8007 0
L1 07    125 +016.9973 +003.1144 -001.1746 +042.3725 -042.5074 -170.2995 0
L1 08    125 +017.6436 +002.3676 -000.9652 +046.1468 -054.2529 -179.0498 0
L1 01    129 +017.7047 +005.3418 +001.4610 -046.0004 +000.7093 +002.6777 0
L1 02    129 +007.4474 +005.5188 +001.6832 -095.0294 +006.4559 -149.5390 0
L1 03    129 +018.3448 +004.9304 -000.5535 -044.5740 +003.3665 +087.2831 0
L1 04    129 +015.5090 +001.8852 -000.0572 -068.4158 +035.1170 -148.6365 0
L1 05    129 +015.7206 +004.1651 -001.6028 +046.7673 -049.4296 +178.4984 0
L1 06    129 +016.3801 +003.6983 -001.7787 +046.3724 -051.9750 +175.8020 0
L1 07    129 +016.9972 +003.1142 -001.1746 +042.3727 -042.5079 -170.2991 0
L1 08    129 +017.6436 +002.3675 -000.9651 +046.1489 -054.2520 -179.0516 0
L1 01    133 +017.7048 +005.3414 +001.4615 -046.0025 +000.7062 +002.6805 0
L1 02    133 +007.4474 +005.5187 +001.6832 -095.0300 +006.4555 -149.5387 0
L1 03    133 +018.3448 +004.9298 -000.5539 -044.5787 +003.3671 +087.2816 0
L1 04    133 +015.5090 +001.8850 -000.0574 -068.4192 +035.1175 -148.6387 0
L1 05    133 +015.7206 +004.1647 -001.6030 +046.7609 -049.4276 +178.5023 0
L1 06    133 +016.3802 +003.6981 -001.7785 +046.3724 -051.9744 +175.7994 0
L1 07    133 +016.9973 +003.1136 -001.1748 +042.3669 -042.5057 -170.2979 0
L1 08    133 +017.6436 +002.3670 -000.9652 +046.1438 -054.2498 -179.0505 0
L1 01    137 +017.7047 +005.3419 +001.4616 -045.9994 +000.7075 +002.6819 0
L1 02    137 +007.4474 +005.5187 +001.6832 -095.0304 +006.4556 -149.5379 0
L1 03    137 +018.3450 +004.9289 -000.5536 -044.5836 +003.3662 +087.2829 0
L1 04    137 +015.5090 +001.8849 -000.0573 -068.4191 +035.1167 -148.6382 0
L1 05    137 +015.7207 +004.1648 -001.6027 +046.7646 -049.4286 +178.4986 0
L1 06    137 +016.3802 +003.6978 -001.7786 +046.3715 -051.9735 +175.7990 0
L1 07    137 +016.9974 +003.1129 -001.1747 +042.3643 -042.5051 -170.3011 0
L1 08    137 +017.6436 +002.3672 -000.9651 +046.1450 -054.2490 -179.0515 0
L1 01    141 +017.7047 +005.3419 +001.4613 -045.9988 +000.7055 +002.6786 0
L1 02    141 +007.4474 +005.5188 +001.6832 -095.0291 +006.4551 -149.5368 0
L1 03    141 +018.3448 +004.9305 -000.5537 -044.5737 +003.3648 +087.2819 0
L1 04    141 +015.5090 +001.8851 -000.0572 -068.4165 +035.1170 -148.6363 0
L1 05    141 +015.7207 +004.1650 -001.6025 +046.7713 -049.4313 +178.4940 0
L1 06    141 +016.3802 +003.6981 -001.7789 +046.3748 -051.9727 +175.7983 0
L1 07    141 +016.9973 +003.1141 -001.1745 +042.3739 -042.5094 -170.3009 0
L1 08    141 +017.6437 +002.3673 -000.9651 +046.1475 -054.2500 -179.0521 0
L1 01    145 +017.7046 +005.3420 +001.4611 -045.9984 +000.7077 +002.6789 0
L1 02    145 +007.4474 +005.5188 +001.6832 -095.0288 +006.4549 -149.5363 0
L1 03    145 +018.3449 +004.9300 -000.5535 -044.5767 +003.3644 +087.2834 0
L1 04    145 +015.5091 +001.8851 -000.0573 -068.4164 +035.1164 -148.6356 0
L1 05    145 +015.7206 +004.1652 -001.6029 +046.7715 -049.4293 +178.4961 0
L1 06    145 +016.3804 +003.6977 -001.7787 +046.3733 -051.9743 +175.7968 0
L1 07    145 +016.9975 +003.1136 -001.1747 +042.3719 -042.5069 -170.3024 0
L1 08    145 +017.6437 +002.3676 -000.9650 +046.1505 -054.2509 -179.0542 0
L1 01    149 +017.7047 +005.3419 +001.4616 -045.9991 +000.7052 +002.6808 0
L1 02    149 +007.4474 +005.5188 +001.6832 -095.0292 +006.4552 -149.5361 0
L1 03    149 +018.3449 +004.9301 -000.5541 -044.5769 +003.3655 +087.2819 0
L1 04    149 +015.5091 +001.8851 -000.0573 -068.4159 +035.1165 -148.6351 0
L1 05    149 +015.7208 +004.1651 -001.6028 +046.7710 -049.4315 +178.4951 0
L1 06    149 +016.3804 +003.6979 -001.7786 +046.3724 -051.9755 +175.7986 0
L1 07    149 +016.9974 +003.1140 -001.1748 +042.3731 -042.5077 -170.3017 0
L1 08    149 +017.6437 +002.3676 -000.9648 +046.1508 -054.2527 -179.0553 0
L1 01    153 +017.7045 +005.3426 +001.4622 -045.9943 +000.7063 +002.6869 0
L1 02    153 +007.4474 +005.5188 +001.6832 -095.0296 +006.4554 -149.5379 0
L1 03    153 +018.3451 +004.9292 -000.5533 -044.5827 +003.3655 +087.2857 0
L1 04    153 +015.5090 +001.8851 -000.0574 -068.4170 +035.1167 -148.6372 0
L1 05    153 +015.7207 +004.1651 -001.6029 +046.7678 -049.4298 +178.4976 0
L1 06    153 +016.3804 +003.6979 -001.7786 +046.3703 -051.9747 +175.7988 0
L1 07    153 +016.9974 +003.1139 -001.1750 +042.3708 -042.5040 -170.3008 0
L1 08    153 +017.6437 +002.3676 -000.9651 +046.1483 -054.2500 -179.0535 0
L1 01    157 +017.7046 +005.3422 +001.4619 -045.9958 +000.7051 +002.6830 0
L1 02    157 +007.4474 +005.5187 +001.6832 -095.0300 +006.4556 -149.5393 0
L1 03    157 +018.3448 +004.9300 -000.5541 -044.5758 +003.3686 +087.2806 0
L1 04    157 +015.5090 +001.8851 -000.0573 -068.4173 +035.1175 -148.6376 0
L1 05    157 +015.7205 +004.1650 -001.6033 +046.7659 -049.4259 +178.5007 0
L1 06    157 +016.3804 +003.6979 -001.7783 +046.3746 -051.9759 +175.7967 0
L1 07    157 +016.9973 +003.1140 -001.1749 +042.3711 -042.5051 -170.2997 0
L1 08    157 +017.6436 +002.3677 -000.9650 +046.1476 -054.2505 -179.0508 0
L1 01    161 +017.7046 +005.3422 +001.4620 -045.9960 +000.7057 +002.6838 0
L1 02    161 +007.4474 +005.5188 +001.6832 -095.0296 +006.4554 -149.5392 0
L1 03    161 +018.3448 +004.9298 -000.5541 -044.5780 +003.3679 +087.2813 0
L1 04    161 +015.5090 +001.8851 -000.0573 -068.4171 +035.1174 -148.6374 0
L1 05    161 +015.7206 +004.1653 -001.6028 +046.7679 -049.4302 +178.4989 0
L1 06    161 +016.3803 +003.6978 -001.7786 +046.3709 -051.9747 +175.7991 0
L1 07    161 +016.9973 +003.1136 -001.1748 +042.3682 -042.5054 -170.2994 0
L1 08    161 +017.6436 +002.3675 -000.9650 +046.1470 -054.2505 -179.0517 0
L1 01    165 +017.7046 +005.3423 +001.4616 -045.9953 +000.7083 +002.6820 0
L1 02    165 +007.4474 +005.5188 +001.6832 -095.0294 +006.4554 -149.5378 0
L1 03    165 +018.3449 +004.9297 -000.5539 -044.5787 +003.3670 +087.2819 0
L1 04    165 +015.5090 +001.8851 -000.0573 -068.4176 +035.1176 -148.6378 0
L1 05    165 +015.7205 +004.1653 -001.6030 +046.7691 -049.4290 +178.4993 0
L1 06    165 +016.3802 +003.6980 -001.7792 +046.3697 -051.9729 +175.8018 0
L1 07    165 +016.9973 +003.1139 -001.1749 +042.3710 -042.5053 -170.2998 0
L1 08    165 +017.6436 +002.3675 -000.9652 +046.1466 -054.2493 -179.0509 0
L1 01    169 +017.7046 +005.3427 +001.4620 -045.9915 +000.7074 +002.6849 0
L1 02    169 +007.4474 +005.5188 +001.6832 -095.0293 +006.4556 -149.5366 0
L1 03    169 +018.3449 +004.9294 -000.5540 -044.5793 +003.3673 +087.2824 0
L1 04    169 +015.5090 +001.8853 -000.0574 -068.4157 +035.1174 -148.6378 0
L1 05    169 +015.7205 +004.1653 -001.6032 +046.7681 -049.4279 +178.4999 0
L1 06    169 +016.3802 +003.6981 -001.7789 +046.3705 -051.9746 +175.8028 0
L1 07    169 +016.9972 +003.1138 -001.1753 +042.3678 -042.5047 -170.2948 0
L1 08    169 +017.6436 +002.3678 -000.9653 +046.1484 -054.2495 -179.0506 0
L1 01    173 +017.7047 +005.3418 +001.4617 -045.9960 +000.7052 +002.6826 0
L1 02    173 +007.4474 +005.5188 +001.6832 -095.0291 +006.4556 -149.5362 0
L1 03    173 +018.3447 +004.9305 -000.5534 -044.5737 +003.3642 +087.2848 0
L1 04    173 +015.5090 +001.8853 -000.0575 -068.4154 +035.1182 -148.6368 0
L1 05    173 +015.7205 +004.1654 -001.6028 +046.7696 -049.4314 +178.4992 0
L1 06    173 +016.3802 +003.6981 -001.7790 +046.3718 -051.9749 +175.8012 0
L1 07    173 +016.9973 +003.1139 -001.1753 +042.3678 -042.5052 -170.2953 0
L1 08    173 +017.6437 +002.3676 -000.9652 +046.1475 -054.2515 -179.0507 0
L1 01    177 +017.7047 +005.3417 +001.4614 -045.9977 +000.7100 +002.6831 0
L1 02    177 +007.4474 +005.5188 +001.6832 -095.0297 +006.4558 -149.5369 0
L1 03    177 +018.3449 +004.9295 -000.5531 -044.5798 +003.3644 +087.2868 0
L1 04    177 +015.5090 +001.8850 -000.0572 -068.4172 +035.1181 -148.6347 0
L1 05    177 +015.7206 +004.1652 -001.6028 +046.7689 -049.4315 +178.4976 0
L1 06    177 +016.3802 +003.6979 -001.7788 +046.3723 -051.9754 +175.7983 0
L1 07    177 +016.9973 +003.1137 -001.1747 +042.3695 -042.5070 -170.3005 0
L1 08    177 +017.6436 +002.3677 -000.9650 +046.1482 -054.2518 -179.0527 0
L1 01    181 +017.7045 +005.3424 +001.4616 -045.9925 +000.7092 +002.6845 0
L1 02    181 +007.4474 +005.5187 +001.6832 -095.0298 +006.4558 -149.5382 0
L1 03    181 +018.3449 +004.9294 -000.5530 -044.5805 +003.3652 +087.2874 0
L1 04    181 +015.5090 +001.8852 -000.0572 -068.4161 +035.1177 -148.6361 0
L1 05    181 +015.7206 +004.1652 -001.6027 +046.7684 -049.4309 +178.4974 0
L1 06    181 +016.3802 +003.6977 -001.7791 +046.3687 -051.9727 +175.8012 0
L1 07    181 +016.9972 +003.1140 -001.1745 +042.3707 -042.5079 -170.3002 0
L1 08    181 +017.6436 +002.3677 -000.9650 +046.1476 -054.2507 -179.0516 0
L1 01    185 +017.7045 +005.3427 +001.4621 -045.9895 +000.7061 +002.6862 0
L1 02    185 +007.4474 +005.5188 +001.6832 -095.0298 +006.4555 -149.5402 0
L1 03    185 +018.3449 +004.9297 -000.5533 -044.5777 +003.3659 +087.2859 0
L1 04    185 +015.5090 +001.8854 -000.0574 -068.4146 +035.1183 -148.6376 0
L1 05    185 +015.7206 +004.1654 -001.6027 +046.7686 -049.4309 +178.4991 0
L1 06    185 +016.3801 +003.6981 -001.7791 +046.3695 -051.9737 +175.8051 0
L1 07    185 +016.9972 +003.1143 -001.1748 +042.3732 -042.5071 -170.2987 0
L1 08    185 +017.6436 +002.3679 -000.9650 +046.1491 -054.2508 -179.0510 0
L1 01    189 +017.7043 +005.3432 +001.4626 -045.9843 +000.7044 +002.6905 0
L1 02    189 +007.4474 +005.5188 +001.6832 -095.0296 +006.4553 -149.5384 0
L1 03    189 +018.3448 +004.9296 -000.5530 -044.5774 +003.3649 +087.2870 0
L1 04    189 +015.5089 +001.8855 -000.0574 -068.4133 +035.1184 -148.6381 0
L1 05    189 +015.7206 +004.1653 -001.6029 +046.7701 -049.4292 +178.4980 0
L1 06    189 +016.3802 +003.6981 -001.7787 +046.3723 -051.9756 +175.8016 0
L1 07    189 +016.9972 +003.1147 -001.1744 +042.3761 -042.5085 -170.2987 0
L1 08    189 +017.6437 +002.3678 -000.9652 +046.1480 -054.2499 -179.0500 0
L1 01    193 +017.7043 +005.3434 +001.4633 -045.9822 +000.7010 +002.6969 0
L1 02    193 +007.4474 +005.5188 +001.6832 -095.0291 +006.4551 -149.5370 0
L1 03    193 +018.3448 +004.9294 -000.5530 -044.5800 +003.3639 +087.2877 0
L1 04    193 +015.5090 +001.8854 -000.0574 -068.4147 +035.1182 -148.6383 0
L1 05    193 +015.7206 +004.1650 -001.6032 +046.7660 -049.4275 +178.4993 0
L1 06    193 +016.3803 +003.6979 -001.7788 +046.3717 -051.9740 +175.7994 0
L1 07    193 +016.9972 +003.1144 -001.1750 +042.3717 -042.5059 -170.2968 0
L1 08    193 +017.6437 +002.3675 -000.9654 +046.1442 -054.2482 -179.0481 0
L1 01    197 +017.7043 +005.3429 +001.4629 -045.9853 +000.7031 +002.6959 0
L1 02    197 +007.4474 +005.5188 +001.6832 -095.0287 +006.4552 -149.5360 0
L1 03    197 +018.3448 +004.9292 -000.5528 -044.5811 +003.3633 +087.2888 0
L1 04    197 +015.5090 +001.8854 -000.0574 -068.4142 +035.1185 -148.6372 0
L1 05    197 +015.7206 +004.1648 -001.6031 +046.7662 -049.4280 +178.4984 0
L1 06    197 +016.3804 +003.6977 -001.7784 +046.3726 -051.9763 +175.7957 0
L1 07    197 +016.9972 +003.1140 -001.1748 +042.3707 -042.5064 -170.2990 0
L1 08    197 +017.6437 +002.3676 -000.9656 +046.1426 -054.2485 -179.0472 0
L1 01    201 +017.7043 +005.3426 +001.4624 -045.9866 +000.7061 +002.6921 0
L1 02    201 +007.4474 +005.5188 +001.6832 -095.0295 +006.4555 -149.5369 0
L1 03    201 +018.3447 +004.9296 -000.5526 -044.5784 +003.3637 +087.2892 0
L1 04    201 +015.5090 +001.8853 -000.0573 -068.4149 +035.1188 -148.6372 0
L1 05    201 +015.7206 +004.1650 -001.6029 +046.7683 -049.4291 +178.4974 0
L1 06    201 +016.3804 +003.6975 -001.7785 +046.3717 -051.9757 +175.7970 0
L1 07    201 +016.9973 +003.1141 -001.1748 +042.3710 -042.5069 -170.2986 0
L1 08    201 +017.6436 +002.3675 -000.9657 +046.1441 -054.2482 -179.0483 0
L1 01    205 +017.7042 +005.3433 +001.4625 -045.9827 +000.7068 +002.6929 0
L1 02    205 +007.4474 +005.5188 +001.6832 -095.0296 +006.4554 -149.5374 0
L1 03    205 +018.3448 +004.9294 -000.5523 -044.5801 +003.3628 +087.2902 0
L1 04    205 +015.5090 +001.8854 -000.0573 -068.4144 +035.1184 -148.6376 0
L1 05    205 +015.7207 +004.1649 -001.6031 +046.7663 -049.4275 +178.4988 0
L1 06    205 +016.3804 +003.6976 -001.7789 +046.3705 -051.9730 +175.7990 0
L1 07    205 +016.9973 +003.1137 -001.1747 +042.3686 -042.5055 -170.2986 0
L1 08    205 +017.6437 +002.3675 -000.9658 +046.1425 -054.2468 -179.0469 0
L1 01    209 +017.7042 +005.3434 +001.4629 -045.9814 +000.7019 +002.6924 0
L1 02    209 +007.4474 +005.5188 +001.6832 -095.0294 +006.4552 -149.5381 0
L1 03    209 +018.3448 +004.9298 -000.5527 -044.5777 +003.3630 +087.2878 0
L1 04    209 +015.5090 +001.8855 -000.0574 -068.4147 +035.1187 -148.6389 0
L1 05    209 +015.7206 +004.1652 -001.6030 +046.7684 -049.4280 +178.4985 0
L1 06    209 +016.3802 +003.6979 -001.7793 +046.3700 -051.9716 +175.8022 0
L1 07    209 +016.9973 +003.1137 -001.1746 +042.3691 -042.5058 -170.2988 0
L1 08    209 +017.6437 +002.3675 -000.9656 +046.1434 -054.2470 -179.0474 0
L1 01    213 +017.7042 +005.3436 +001.4629 -045.9803 +000.7055 +002.6934 0
L1 02    213 +007.4474 +005.5188 +001.6832 -095.0289 +006.4555 -149.5387 0
L1 03    213 +018.3449 +004.9291 -000.5530 -044.5802 +003.3653 +087.2871 0
L1 04    213 +015.5090 +001.8854 -000.0573 -068.4146 +035.1180 -148.6384 0
L1 05    213 +015.7206 +004.1653 -001.6028 +046.7694 -049.4296 +178.4987 0
L1 06    213 +016.3802 +003.6982 -001.7788 +046.3736 -051.9744 +175.7995 0
L1 07    213 +016.9974 +003.1133 -001.1748 +042.3676 -042.5050 -170.2992 0
L1 08    213 +017.6436 +002.3680 -000.9655 +046.1465 -054.2470 -179.0484 0
L1 01    217 +017.7042 +005.3438 +001.4634 -045.9769 +000.7019 +002.6989 0
L1 02    217 +007.4474 +005.5188 +001.6832 -095.0294 +006.4553 -149.5383 0
L1 03    217 +018.3447 +004.9297 -000.5526 -044.5776 +003.3628 +087.2896 0
L1 04    217 +015.5089 +001.8855 -000.0575 -068.4141 +035.1184 -148.6391 0
L1 05    217 +015.7207 +004.1651 -001.6028 +046.7683 -049.4296 +178.4977 0
L1 06    217 +016.3803 +003.6981 -001.7789 +046.3739 -051.9744 +175.7984 0
L1 07    217 +016.9973 +003.1138 -001.1755 +042.3662 -042.5014 -170.2937 0
L1 08    217 +017.6437 +002.3680 -000.9656 +046.1455 -054.2474 -179.0473 0
L1 01    221 +017.7042 +005.3434 +001.4621 -045.9817 +000.7162 +002.6910 0
L1 02    221 +007.4475 +005.5182 +001.6837 -095.0331 +006.4595 -149.5435 0
L1 03    221 +018.3450 +004.9280 -000.5538 -044.5828 +003.3705 +087.2846 0
L1 04    221 +015.5089 +001.8851 -000.0575 -068.4173 +035.1233 -148.6400 0
L1 05    221 +015.7207 +004.1649 -001.6030 +046.7659 -049.4279 +178.4983 0
L1 06    221 +016.3804 +003.6976 -001.7787 +046.3744 -051.9742 +175.7943 0
L1 07    221 +016.9974 +003.1134 -001.1751 +042.3642 -042.5028 -170.2967 0
L1 08    221 +017.6437 +002.3677 -000.9657 +046.1439 -054.2472 -179.0480 0
L1 01    225 +017.7043 +005.3432 +001.4628 -045.9827 +000.7073 +002.6953 0
L1 02    225 +007.4475 +005.5186 +001.6832 -095.0318 +006.4553 -149.5371 0
L1 03    225 +018.3450 +004.9283 -000.5533 -044.5854 +003.3660 +087.2859 0
L1 04    225 +015.5090 +001.8852 -000.0574 -068.4180 +035.1192 -148.6402 0
L1 05    225 +015.7206 +004.1651 -001.6028 +046.7687 -049.4288 +178.4967 0
L1 06    225 +016.3803 +003.6978 -001.7789 +046.3718 -051.9727 +175.7985 0
L1 07    225 +016.9973 +003.1138 -001.1753 +042.3668 -042.5018 -170.2968 0
L1 08    225 +017.6437 +002.3675 -000.9655 +046.1431 -054.2463 -179.0490 0
L1 01    229 +017.7042 +005.3435 +001.4629 -045.9787 +000.7037 +002.6934 0
L1 02    229 +007.4475 +005.5187 +001.6832 -095.0303 +006.4554 -149.5370 0
L1 03    229 +018.3449 +004.9291 -000.5532 -044.5805 +003.3647 +087.2862 0
L1 04    229 +015.5090 +001.8853 -000.0574 -068.4159 +035.1185 -148.6398 0
L1 05    229 +015.7205 +004.1654 -001.6029 +046.7700 -049.4281 +178.4985 0
L1 06    229 +016.3802 +003.6982 -001.7788 +046.3754 -051.9739 +175.7990 0
L1 07    229 +016.9973 +003.1138 -001.1749 +042.3691 -042.5038 -170.2974 0
L1 08    229 +017.6436 +002.3678 -000.9655 +046.1454 -054.2460 -179.0476 0
L1 01    233 +017.7043 +005.3436 +001.4630 -045.9784 +000.7034 +002.6940 0
L1 02    233 +007.4475 +005.5187 +001.6832 -095.0305 +006.4551 -149.5374 0
L1 03    233 +018.3450 +004.9291 -000.5531 -044.5809 +003.3641 +087.2867 0
L1 04    233 +015.5090 +001.8853 -000.0574 -068.4152 +035.1180 -148.6384 0
L1 05    233 +015.7205 +004.1654 -001.6032 +046.7696 -049.4276 +178.4989 0
L1 06    233 +016.3803 +003.6981 -001.7789 +046.3712 -051.9745 +175.8020 0
L1 07    233 +016.9973 +003.1138 -001.1749 +042.3701 -042.5051 -170.2984 0
L1 08    233 +017.6437 +002.3678 -000.9655 +046.1463 -054.2464 -179.0494 0
L1 01    237 +017.7043 +005.3435 +001.4631 -045.9801 +000.7036 +002.6962 0
L1 02    237 +007.4475 +005.5186 +001.6832 -095.0318 +006.4554 -149.5376 0
L1 03    237 +018.3451 +004.9283 -000.5531 -044.5871 +003.3637 +087.2873 0
L1 04    237 +015.5090 +001.8852 -000.0574 -068.4167 +035.1182 -148.6383 0
L1 05    237 +015.7206 +004.1652 -001.6031 +046.7680 -049.4279 +178.4984 0
L1 06    237 +016.3803 +003.6978 -001.7791 +046.3686 -051.9729 +175.8014 0
L1 07    237 +016.9973 +003.1137 -001.1751 +042.3679 -042.5039 -170.2981 0
L1 08    237 +017.6437 +002.3675 -000.9655 +046.1435 -054.2471 -179.0497 0
L1 01    241 +017.7043 +005.3433 +001.4635 -045.9799 +000.6997 +002.6972 0
L1 02    241 +007.4475 +005.5187 +001.6832 -095.0310 +006.4554 -149.5382 0
L1 03    241 +018.3448 +004.9292 -000.5532 -044.5811 +003.3644 +087.2864 0
L1 04    241 +015.5090 +001.8852 -000.0575 -068.4166 +035.1181 -148.6390 0
L1 05    241 +015.7206 +004.1650 -001.6032 +046.7668 -049.4268 +178.4986 0
L1 06    241 +016.3804 +003.6974 -001.7790 +046.3678 -051.9731 +175.8008 0
L1 07    241 +016.9973 +003.1137 -001.1750 +042.3678 -042.5048 -170.2973 0
L1 08    241 +017.6437 +002.3674 -000.9655 +046.1415 -054.2474 -179.0479 0
L1 01    245 +017.7045 +005.3425 +001.4626 -045.9863 +000.7017 +002.6875 0
L1 02    245 +007.4475 +005.5187 +001.6832 -095.0311 +006.4554 -149.5388 0
L1 03    245 +018.3448 +004.9295 -000.5535 -044.5795 +003.3643 +087.2836 0
L1 04    245 +015.5089 +001.8852 -000.0573 -068.4169 +035.1174 -148.6383 0
L1 05    245 +015.7206 +004.1650 -001.6028 +046.7672 -049.4289 +178.4980 0
L1 06    245 +016.3803 +003.6975 -001.7789 +046.3688 -051.9741 +175.8004 0
L1 07    245 +016.9973 +003.1135 -001.1748 +042.3685 -042.5051 -170.2993 0
L1 08    245 +017.6436 +002.3672 -000.9651 +046.1432 -054.2483 -179.0500 0
L1 01    249 +017.7046 +005.3421 +001.4623 -045.9882 +000.7021 +002.6830 0
L1 02    249 +007.4475 +005.5187 +001.6832 -095.0306 +006.4551 -149.5385 0
L1 03    249 +018.3447 +004.9305 -000.5538 -044.5732 +003.3648 +087.2809 0
L1 04    249 +015.5089 +001.8852 -000.0571 -068.4165 +035.1167 -148.6378 0
L1 05    249 +015.7206 +004.1649 -001.6026 +046.7690 -049.4293 +178.4962 0
L1 06    249 +016.3802 +003.6980 -001.7786 +046.3745 -051.9747 +175.7986 0
L1 07    249 +016.9974 +003.1134 -001.1745 +042.3699 -042.5063 -170.3010 0
L1 08    249 +017.6436 +002.3672 -000.9650 +046.1448 -054.2482 -179.0510 0
L1 01    253 +017.7047 +005.3423 +001.4625 -045.9875 +000.7022 +002.6862 0
L1 02    253 +007.4475 +005.5187 +001.6832 -095.0304 +006.4549 -149.5376 0
L1 03    253 +018.3449 +004.9297 -000.5536 -044.5785 +003.3632 +087.2826 0
L1 04    253 +015.5090 +001.8853 -000.0572 -068.4165 +035.1166 -148.6384 0
L1 05    253 +015.7207 +004.1649 -001.6024 +046.7690 -049.4308 +178.4951 0
L1 06    253 +016.3802 +003.6979 -001.7785 +046.3748 -051.9748 +175.7971 0
L1 07    253 +016.9974 +003.1133 -001.1745 +042.3685 -042.5067 -170.3006 0
L1 08    253 +017.6437 +002.3673 -000.9651 +046.1452 -054.2475 -179.0520 0
L1 01    257 +017.7047 +005.3418 +001.4624 -045.9892 +000.7006 +002.6854 0
L1 02    257 +007.4475 +005.5187 +001.6831 -095.0306 +006.4547 -149.5373 0
L1 03    257 +018.3448 +004.9301 -000.5535 -044.5766 +003.3622 +087.2837 0
L1 04    257 +015.5090 +001.8851 -000.0573 -068.4169 +035.1164 -148.6372 0
L1 05    257 +015.7206 +004.1650 -001.6030 +046.7686 -049.4296 +178.4972 0
L1 06    257 +016.3804 +003.6975 -001.7784 +046.3719 -051.9759 +175.7961 0
L1 07    257 +016.9973 +003.1137 -001.1747 +042.3696 -042.5066 -170.3002 0
L1 08    257 +017.6437 +002.3672 -000.9651 +046.1451 -054.2491 -179.0523 0
L1 01    261 +017.7046 +005.3419 +001.4619 -045.9899 +000.7056 +002.6840 0
L1 02    261 +007.4475 +005.5186 +001.6832 -095.0312 +006.4551 -149.5368 0
L1 03    261 +018.3451 +004.9291 -000.5536 -044.5822 +003.3638 +087.2840 0
L1 04    261 +015.5090 +001.8849 -000.0573 -068.4188 +035.1160 -148.6367 0
L1 05    261 +015.7206 +004.1650 -001.6030 +046.7688 -049.4293 +178.4962 0
L1 06    261 +016.3803 +003.6976 -001.7786 +046.3731 -051.9751 +175.7962 0
L1 07    261 +016.9973 +003.1137 -001.1745 +042.3687 -042.5078 -170.2997 0
L1 08    261 +017.6436 +002.3673 -000.9652 +046.1452 -054.2490 -179.0525 0
L1 01    265 +017.7046 +005.3423 +001.4629 -045.9864 +000.7000 +002.6895 0
L1 02    265 +007.4475 +005.5186 +001.6832 -095.0312 +006.4553 -149.5375 0
L1 03    265 +018.3448 +004.9296 -000.5533 -044.5798 +003.3629 +087.2846 0
L1 04    265 +015.5090 +001.8852 -000.0574 -068.4176 +035.1170 -148.6389 0
L1 05    265 +015.7206 +004.1651 -001.6031 +046.7663 -049.4279 +178.4990 0
L1 06    265 +016.3803 +003.6978 -001.7786 +046.3739 -051.9745 +175.7961 0
L1 07    265 +016.9972 +003.1138 -001.1745 +042.3689 -042.5064 -170.2987 0
L1 08    265 +017.6437 +002.3673 -000.9652 +046.1435 -054.2480 -179.0509 0
L1 01    269 +017.7045 +005.3424 +001.4622 -045.9850 +000.7062 +002.6857 0
L1 02    269 +007.4475 +005.5187 +001.6832 -095.0310 +006.4553 -149.5386 0
L1 03    269 +018.3448 +004.9297 -000.5535 -044.5781 +003.3648 +087.2830 0
L1 04    269 +015.5090 +001.8851 -000.0573 -068.4182 +035.1169 -148.6398 0
L1 05    269 +015.7205 +004.1652 -001.6031 +046.7692 -049.4264 +178.4982 0
L1 06    269 +016.3802 +003.6983 -001.7782 +046.3780 -051.9753 +175.7951 0
L1 07    269 +016.9972 +003.1137 -001.1746 +042.3682 -042.5059 -170.2977 0
L1 08    269 +017.6436 +002.3678 -000.9653 +046.1457 -054.2466 -179.0498 0
L1 01    273 +017.7046 +005.3423 +001.4618 -045.9859 +000.7059 +002.6812 0
L1 02    273 +007.4475 +005.5187 +001.6832 -095.0307 +006.4555 -149.5390 0
L1 03    273 +018.3448 +004.9302 -000.5539 -044.5731 +003.3661 +087.2811 0
L1 04    273 +015.5089 +001.8852 -000.0572 -068.4163 +035.1162 -148.6383 0
L1 05    273 +015.7206 +004.1651 -001.6030 +046.7712 -049.4272 +178.4963 0
L1 06    273 +016.3801 +003.6982 -001.7785 +046.3780 -051.9748 +175.7963 0
L1 07    273 +016.9972 +003.1137 -001.1749 +042.3692 -042.5049 -170.2979 0
L1 08    273 +017.6436 +002.3678 -000.9647 +046.1503 -054.2499 -179.0536 0
L1 01    277 +017.7045 +005.3426 +001.4620 -045.9835 +000.7064 +002.6850 0
L1 02    277 +007.4475 +005.5187 +001.6832 -095.0310 +006.4551 -149.5380 0
L1 03    277 +018.3449 +004.9295 -000.5535 -044.5792 +003.3642 +087.2840 0
L1 04    277 +015.5090 +001.8851 -000.0573 -068.4173 +035.1158 -148.6385 0
L1 05    277 +015.7206 +004.1651 -001.6029 +046.7718 -049.4275 +178.4949 0
L1 06    277 +016.3802 +003.6981 -001.7784 +046.3795 -051.9753 +175.7927 0
L1 07    277 +016.9973 +003.1136 -001.1749 +042.3692 -042.5041 -170.2993 0
L1 08    277 +017.6436 +002.3677 -000.9650 +046.1484 -054.2492 -179.0528 0
L1 01    281 +017.7046 +005.3423 +001.4618 -045.9869 +000.7089 +002.6837 0
L1 02    281 +007.4475 +005.5187 +001.6832 -095.0312 +006.4548 -149.5363 0
L1 03    281 +018.3451 +004.9286 -000.5536 -044.5845 +003.3637 +087.2826 0
L1 04    281 +015.5090 +001.8850 -000.0572 -068.4191 +035.1152 -148.6385 0
L1 05    281 +015.7208 +004.1643 -001.6027 +046.7698 -049.4283 +178.4904 0
L1 06    281 +016.3802 +003.6977 -001.7791 +046.3749 -051.9705 +175.7965 0
L1 07    281 +016.9973 +003.1136 -001.1748 +042.3683 -042.5039 -170.3002 0
L1 08    281 +017.6436 +002.3676 -000.9650 +046.1484 -054.2480 -179.0549 0
L1 01    285 +017.7045 +005.3429 +001.4623 -045.9823 +000.7062 +002.6870 0
L1 02    285 +007.4475 +005.5187 +001.6832 -095.0306 +006.4549 -149.5367 0
L1 03    285 +018.3451 +004.9283 -000.5537 -044.5862 +003.3635 +087.2825 0
L1 04    285 +015.5090 +001.8850 -000.0573 -068.4188 +035.1148 -148.6398 0
L1 05    285 +015.7207 +004.1647 -001.6028 +046.7738 -049.4272 +178.4898 0
L1 06    285 +016.3802 +003.6977 -001.7789 +046.3741 -051.9719 +175.7965 0
L1 07    285 +016.9974 +003.1134 -001.1744 +042.3690 -042.5053 -170.3023 0
L1 08    285 +017.6436 +002.3675 -000.9651 +046.1476 -054.2464 -179.0544 0
L1 01    289 +017.7045 +005.3425 +001.4614 -045.9844 +000.7065 +002.6788 0
L1 02    289 +007.4475 +005.5187 +001.6832 -095.0303 +006.4552 -149.5374 0
L1 03    289 +018.3450 +004.9297 -000.5539 -044.5757 +003.3646 +087.2799 0
L1 04    289 +015.5090 +001.8851 -000.0572 -068.4173 +035.1145 -148.6383 0
L1 05    289 +015.7205 +004.1655 -001.6026 +046.7779 -049.4296 +178.4916 0
L1 06    289 +016.3801 +003.6980 -001.7790 +046.3763 -051.9710 +175.7979 0
L1 07    289 +016.9973 +003.1139 -001.1744 +042.3723 -042.5070 -170.3013 0
L1 08    289 +017.6436 +002.3678 -000.9649 +046.1516 -054.2477 -179.0556 0
L1 01    293 +017.7045 +005.3423 +001.4614 -045.9851 +000.7063 +002.6803 0
L1 02    293 +007.4475 +005.5187 +001.6832 -095.0307 +006.4552 -149.5386 0
L1 03    293 +018.3449 +004.9298 -000.5535 -044.5764 +003.3622 +087.2820 0
L1 04    293 +015.5090 +001.8850 -000.0573 -068.4175 +035.1154 -148.6378 0
L1 05    293 +015.7206 +004.1648 -001.6034 +046.7693 -049.4261 +178.4962 0
L1 06    293 +016.3804 +003.6977 -001.7789 +046.3749 -051.9728 +175.7961 0
L1 07    293 +016.9972 +003.1143 -001.1746 +042.3743 -042.5063 -170.3017 0
L1 08    293 +017.6437 +002.3675 -000.9651 +046.1494 -054.2474 -179.0552 0
L1 01    297 +017.7045 +005.3423 +001.4616 -045.9857 +000.7071 +002.6833 0
L1 02    297 +007.4475 +005.5187 +001.6832 -095.0310 +006.4554 -149.5396 0
L1 03    297 +018.3451 +004.9291 -000.5533 -044.5816 +003.3616 +087.2840 0
L1 04    297 +015.5091 +001.8849 -000.0572 -068.4188 +035.1142 -148.6370 0
L1 05    297 +015.7208 +004.1646 -001.6032 +046.7697 -049.4255 +178.4928 0
L1 06    297 +016.3804 +003.6976 -001.7786 +046.3756 -051.9747 +175.7937 0
L1 07    297 +016.9973 +003.1141 -001.1746 +042.3726 -042.5070 -170.3033 0
L1 08    297 +017.6437 +002.3674 -000.9652 +046.1481 -054.2474 -179.0555 0
L1 01    301 +017.7043 +005.3434 +001.4630 -045.9757 +000.6991 +002.6935 0
L1 02    301 +007.4475 +005.5187 +001.6832 -095.0309 +006.4548 -149.5385 0
L1 03    301 +018.3449 +004.9291 -000.5531 -044.5805 +003.3604 +087.2853 0
L1 04    301 +015.5090 +001.8850 -000.0574 -068.4177 +035.1149 -148.6392 0
L1 05    301 +015.7207 +004.1646 -001.6033 +046.7670 -049.4258 +178.4956 0
L1 06    301 +016.3804 +003.6975 -001.7788 +046.3754 -051.9724 +175.7939 0
L1 07    301 +016.9974 +003.1136 -001.1749 +042.3689 -042.5043 -170.3004 0
L1 08    301 +017.6437 +002.3672 -000.9655 +046.1447 -054.2462 -179.0522 0
L1 01    305 +017.7046 +005.3421 +001.4618 -045.9848 +000.7032 +002.6825 0
L1 02    305 +007.4475 +005.5187 +001.6832 -095.0304 +006.4547 -149.5366 0
L1 03    305 +018.3449 +004.9294 -000.5535 -044.5788 +003.3615 +087.2823 0
L1 04    305 +015.5090 +001.8850 -000.0572 -068.4178 +035.1141 -148.6380 0
L1 05    305 +015.7207 +004.1649 -001.6032 +046.7711 -049.4254 +178.4937 0
L1 06    305 +016.3804 +003.6975 -001.7788 +046.3758 -051.9725 +175.7935 0
L1 07    305 +016.9974 +003.1134 -001.1748 +042.3688 -042.5047 -170.3009 0
L1 08    305 +017.6437 +002.3674 -000.9651 +046.1495 -054.2471 -179.0561 0
L1 01    309 +017.7046 +005.3421 +001.4615 -045.9846 +000.7015 +002.6797 0
L1 02    309 +007.4475 +005.5187 +001.6832 -095.0304 +006.4546 -149.5361 0
L1 03    309 +018.3448 +004.9308 -000.5533 -044.5721 +003.3594 +087.2836 0
L1 04    309 +015.5091 +001.8851 -000.0571 -068.4156 +035.1139 -148.6357 0
L1 05    309 +015.7207 +004.1650 -001.6031 +046.7743 -049.4276 +178.4922 0
L1 06    309 +016.3805 +003.6976 -001.7788 +046.3784 -051.9736 +175.7931 0
L1 07    309 +016.9976 +003.1132 -001.1748 +042.3693 -042.5056 -170.3023 0
L1 08    309 +017.6438 +002.3673 -000.9653 +046.1493 -054.2471 -179.0555 0
L1 01    313 +017.7048 +005.3417 +001.4614 -045.9884 +000.7056 +002.6800 0
L1 02    313 +007.4475 +005.5187 +001.6832 -095.0311 +006.4551 -149.5374 0
L1 03    313 +018.3452 +004.9293 -000.5538 -044.5798 +003.3613 +087.2823 0
L1 04    313 +015.5091 +001.8848 -000.0572 -068.4180 +035.1133 -148.6357 0
L1 05    313 +015.7206 +004.1652 -001.6030 +046.7769 -049.4285 +178.4911 0
L1 06    313 +016.3805 +003.6977 -001.7785 +046.3797 -051.9750 +175.7906 0
L1 07    313 +016.9975 +003.1131 -001.1747 +042.3687 -042.5058 -170.3035 0
L1 08    313 +017.6438 +002.3674 -000.9650 +046.1507 -054.2479 -179.0586 0
L1 01    317 +017.7046 +005.3417 +001.4607 -045.9884 +000.7071 +002.6751 0
L1 02    317 +007.4475 +005.5187 +001.6832 -095.0310 +006.4550 -149.5379 0
L1 03    317 +018.3451 +004.9297 -000.5538 -044.5774 +003.3613 +087.2810 0
L1 04    317 +015.5091 +001.8848 -000.0572 -068.4184 +035.1131 -148.6360 0
L1 05    317 +015.7206 +004.1651 -001.6031 +046.7746 -049.4271 +178.4930 0
L1 06    317 +016.3804 +003.6974 -001.7790 +046.3753 -051.9728 +175.7934 0
L1 07    317 +016.9974 +003.1133 -001.1747 +042.3691 -042.5065 -170.3033 0
L1 08    317 +017.6437 +002.3675 -000.9649 +046.1524 -054.2489 -179.0590 0
L1 01    321 +017.7046 +005.3419 +001.4614 -045.9859 +000.7062 +002.6802 0
L1 02    321 +007.4475 +005.5187 +001.6831 -095.0310 +006.4547 -149.5402 0
L1 03    321 +018.3450 +004.9294 -000.5537 -044.5786 +003.3613 +087.2815 0
L1 04    321 +015.5091 +001.8848 -000.0572 -068.4182 +035.1134 -148.6365 0
L1 05    321 +015.7207 +004.1646 -001.6032 +046.7722 -049.4261 +178.4921 0
L1 06    321 +016.3805 +003.6974 -001.7785 +046.3768 -051.9741 +175.7919 0
L1 07    321 +016.9973 +003.1136 -001.1750 +042.3705 -042.5043 -170.3015 0
L1 08    321 +017.6437 +002.3673 -000.9651 +046.1499 -054.2474 -179.0577 0
L1 01    325 +017.7047 +005.3418 +001.4612 -045.9857 +000.7048 +002.6787 0
L1 02    325 +007.4475 +005.5187 +001.6831 -095.0308 +006.4546 -149.5384 0
L1 03    325 +018.3449 +004.9301 -000.5535 -044.5755 +003.3607 +087.2828 0
L1 04    325 +015.5091 +001.8850 -000.0572 -068.4171 +035.1143 -148.6361 0
L1 05    325 +015.7208 +004.1648 -001.6029 +046.7736 -049.4290 +178.4908 0
L1 06    325 +016.3805 +003.6974 -001.7787 +046.3762 -051.9741 +175.7931 0
L1 07    325 +016.9973 +003.1140 -001.1749 +042.3711 -042.5057 -170.3005 0
L1 08    325 +017.6437 +002.3674 -000.9651 +046.1499 -054.2481 -179.0566 0
L1 01    329 +017.7049 +005.3411 +001.4603 -045.9926 +000.7101 +002.6727 0
L1 02    329 +007.4475 +005.5187 +001.6831 -095.0302 +006.4549 -149.5368 0
L1 03    329 +018.3452 +004.9298 -000.5539 -044.5777 +003.3620 +087.2804 0
L1 04    329 +015.5091 +001.8849 -000.0573 -068.4184 +035.1141 -148.6358 0
L1 05    329 +015.7208 +004.1650 -001.6029 +046.7754 -049.4286 +178.4890 0
L1 06    329 +016.3804 +003.6978 -001.7788 +046.3786 -051.9736 +175.7922 0
L1 07    329 +016.9974 +003.1136 -001.1743 +042.3720 -042.5091 -170.3047 0
L1 08    329 +017.6436 +002.3676 -000.9649 +046.1523 -054.2500 -179.0588 0
L1 01    333 +017.7047 +005.3416 +001.4612 -045.9881 +000.7072 +002.6804 0
L1 02    333 +007.4475 +005.5187 +001.6832 -095.0308 +006.4548 -149.5353 0
L1 03    333 +018.3451 +004.9293 -000.5533 -044.5808 +003.3606 +087.2840 0
L1 04    333 +015.5091 +001.8848 -000.0572 -068.4188 +035.1151 -148.6353 0
L1 05    333 +015.7208 +004.1646 -001.6032 +046.7703 -049.4273 +178.4926 0
L1 06    333 +016.3805 +003.6974 -001.7788 +046.3770 -051.9734 +175.7908 0
L1 07    333 +016.9975 +003.1135 -001.1744 +042.3699 -042.5085 -170.3039 0
L1 08    333 +017.6437 +002.3673 -000.9651 +046.1493 -054.2485 -179.0578 0
L1 01    337 +017.7048 +005.3415 +001.4609 -045.9886 +000.7095 +002.6768 0
L1 02    337 +007.4475 +005.5187 +001.6832 -095.0306 +006.4554 -149.5370 0
L1 03    337 +018.3451 +004.9298 -000.5537 -044.5772 +003.3617 +087.2825 0
L1 04    337 +015.5091 +001.8850 -000.0571 -068.4171 +035.1150 -148.6339 0
L1 05    337 +015.7207 +004.1652 -001.6029 +046.7732 -049.4302 +178.4928 0
L1 06    337 +016.3805 +003.6974 -001.7785 +046.3781 -051.9747 +175.7892 0
L1 07    337 +016.9974 +003.1139 -001.1743 +042.3722 -042.5098 -170.3033 0
L1 08    337 +017.6436 +002.3677 -000.9647 +046.1520 -054.2510 -179.0584 0
L1 01    341 +017.7048 +005.3414 +001.4607 -045.9905 +000.7104 +002.6747 0
L1 02    341 +007.4475 +005.5187 +001.6832 -095.0308 +006.4553 -149.5382 0
L1 03    341 +018.3451 +004.9299 -000.5541 -044.5781 +003.3642 +087.2804 0
L1 04    341 +015.5090 +001.8850 -000.0572 -068.4183 +035.1150 -148.6344 0
L1 05    341 +015.7205 +004.1651 -001.6032 +046.7647 -049.4280 +178.5041 0
L1 06    341 +016.3799 +003.6980 -001.7793 +046.3659 -051.9731 +175.8057 0
L1 07    341 +016.9974 +003.1133 -001.1748 +042.3639 -042.5096 -170.2958 0
L1 08    341 +017.6434 +002.3678 -000.9655 +046.1374 -054.2486 -179.0402 0
L1 01    345 +017.7048 +005.3416 +001.4606 -045.9895 +000.7111 +002.6730 0
L1 02    345 +007.4475 +005.5187 +001.6832 -095.0308 +006.4555 -149.5390 0
L1 03    345 +018.3451 +004.9301 -000.5541 -044.5770 +003.3648 +087.2799 0
L1 04    345 +015.5090 +001.8850 -000.0572 -068.4188 +035.1154 -148.6342 0
L1 05    345 +015.7206 +004.1656 -001.6029 +046.7711 -049.4297 +178.4977 0
L1 06    345 +016.3803 +003.6984 -001.7783 +046.3787 -051.9761 +175.7939 0
L1 07    345 +016.9975 +003.1131 -001.1744 +042.3653 -042.5091 -170.2996 0
L1 08    345 +017.6435 +002.3680 -000.9650 +046.1478 -054.2509 -179.0526 0
L1 01    349 +017.7048 +005.3417 +001.4610 -045.9901 +000.7102 +002.6772 0
L1 02    349 +007.4475 +005.5187 +001.6832 -095.0313 +006.4556 -149.5385 0
L1 03    349 +018.3452 +004.9295 -000.5538 -044.5809 +003.3635 +087.2816 0
L1 04    349 +015.5090 +001.8850 -000.0572 -068.4205 +035.1161 -148.6347 0
L1 05    349 +015.7206 +004.1654 -001.6029 +046.7706 -049.4297 +178.4951 0
L1 06    349 +016.3804 +003.6979 -001.7787 +046.3760 -051.9753 +175.7921 0
L1 07    349 +016.9975 +003.1134 -001.1743 +042.3672 -042.5092 -170.3022 0
L1 08    349 +017.6436 +002.3677 -000.9650 +046.1463 -054.2490 -179.0558 0
L1 01    353 +017.7047 +005.3420 +001.4612 -045.9860 +000.7079 +002.6809 0
L1 02    353 +007.4475 +005.5187 +001.6832 -095.0309 +006.4553 -149.5379 0
L1 03    353 +018.3451 +004.9295 -000.5536 -044.5811 +003.3621 +087.2841 0
L1 04    353 +015.5090 +001.8850 -000.0573 -068.4190 +035.1168 -148.6343 0
L1 05    353 +015.7207 +004.1656 -001.6028 +046.7722 -049.4311 +178.4933 0
L1 06    353 +016.3804 +003.6982 -001.7786 +046.3803 -051.9749 +175.7901 0
L1 07    353 +016.9975 +003.1131 -001.1743 +042.3650 -042.5092 -170.3018 0
L1 08    353 +017.6436 +002.3678 -000.9651 +046.1473 -054.2487 -179.0558 0
L1 01    357 +017.7048 +005.3421 +001.4612 -045.9841 +000.7075 +002.6816 0
L1 02    357 +007.4475 +005.5187 +001.6832 -095.0298 +006.4545 -149.5359 0
L1 03    357 +018.3451 +004.9296 -000.5535 -044.5798 +003.3612 +087.2847 0
L1 04    357 +015.5090 +001.8853 -000.0574 -068.4170 +035.1163 -148.6340 0
L1 05    357 +015.7207 +004.1657 -001.6027 +046.7757 -049.4318 +178.4910 0
L1 06    357 +016.3804 +003.6984 -001.7787 +046.3799 -051.9762 +175.7923 0
L1 07    357 +016.9975 +003.1136 -001.1741 +042.3691 -042.5109 -170.3036 0
L1 08    357 +017.6436 +002.3680 -000.9651 +046.1497 -054.2499 -179.0562 0
L1 01    361 +017.7048 +005.3421 +001.4614 -045.9845 +000.7065 +002.6822 0
L1 02    361 +007.4475 +005.5187 +001.6832 -095.0299 +006.4549 -149.5365 0
L1 03    361 +018.3451 +004.9299 -000.5531 -044.5783 +003.3595 +087.2868 0
L1 04    361 +015.5090 +001.8853 -000.0572 -068.4168 +035.1161 -148.6327 0
L1 05    361 +015.7208 +004.1656 -001.6027 +046.7749 -049.4317 +178.4902 0
L1 06    361 +016.3806 +003.6980 -001.7784 +046.3789 -051.9781 +175.7897 0
L1 07    361 +016.9974 +003.1140 -001.1740 +042.3713 -042.5124 -170.3039 0
L1 08    361 +017.6437 +002.3681 -000.9650 +046.1511 -054.2510 -179.0573 0
L1 01    365 +017.7047 +005.3425 +001.4619 -045.9826 +000.7074 +002.6847 0
L1 02    365 +007.4475 +005.5187 +001.6832 -095.0306 +006.4551 -149.5375 0
L1 03    365 +018.3454 +004.9290 -000.5535 -044.5845 +003.3612 +087.2849 0
L1 04    365 +015.5091 +001.8850 -000.0573 -068.4193 +035.1152 -148.6347 0
L1 05    365 +015.7207 +004.1658 -001.6027 +046.7743 -049.4316 +178.4921 0
L1 06    365 +016.3804 +003.6984 -001.7785 +046.3814 -051.9766 +175.7899 0
L1 07    365 +016.9974 +003.1140 -001.1747 +042.3682 -042.5078 -170.3009 0
L1 08    365 +017.6436 +002.3680 -000.9650 +046.1509 -054.2492 -179.0586 0
L1 01    369 +017.7046 +005.3420 +001.4634 -045.9820 +000.6951 +002.6936 0
L1 02    369 +007.4475 +005.5187 +001.6832 -095.0309 +006.4551 -149.5385 0
L1 03    369 +018.3450 +004.9294 -000.5533 -044.5834 +003.3586 +087.2861 0
L1 04    369 +015.5090 +001.8852 -000.0574 -068.4189 +035.1157 -148.6350 0
L1 05    369 +015.7208 +004.1654 -001.6026 +046.7727 -049.4323 +178.4906 0
L1 06    369 +016.3804 +003.6982 -001.7781 +046.3805 -051.9782 +175.7877 0
L1 07    369 +016.9975 +003.1139 -001.1746 +042.3666 -042.5079 -170.3014 0
L1 08    369 +017.6438 +002.3668 -000.9651 +046.1399 -054.2488 -179.0545 0
L1 01    373 +017.7046 +005.3424 +001.4617 -045.9811 +000.7059 +002.6842 0
L1 02    373 +007.4475 +005.5187 +001.6832 -095.0301 +006.4548 -149.5379 0
L1 03    373 +018.3451 +004.9296 -000.5535 -044.5799 +003.3604 +087.2850 0
L1 04    373 +015.5090 +001.8853 -000.0573 -068.4171 +035.1158 -148.6342 0
L1 05    373 +015.7208 +004.1655 -001.6026 +046.7751 -049.4323 +178.4901 0
L1 06    373 +016.3804 +003.6983 -001.7786 +046.3820 -051.9768 +175.7889 0
L1 07    373 +016.9974 +003.1140 -001.1748 +042.3695 -042.5082 -170.3018 0
L1 08    373 +017.6437 +002.3681 -000.9649 +046.1517 -054.2504 -179.0587 0
L1 01    377 +017.7047 +005.3422 +001.4620 -045.9820 +000.7026 +002.6850 0
L1 02    377 +007.4475 +005.5187 +001.6832 -095.0303 +006.4548 -149.5374 0
L1 03    377 +018.3451 +004.9297 -000.5533 -044.5799 +003.3600 +087.2854 0
L1 04    377 +015.5090 +001.8852 -000.0574 -068.4181 +035.1152 -148.6347 0
L1 05    377 +015.7209 +004.1654 -001.6027 +046.7737 -049.4318 +178.4902 0
L1 06    377 +016.3805 +003.6982 -001.7784 +046.3804 -051.9775 +175.7892 0
L1 07    377 +016.9976 +003.1134 -001.1747 +042.3652 -042.5079 -170.3015 0
L1 08    377 +017.6437 +002.3676 -000.9650 +046.1477 -054.2500 -179.0566 0
L1 01    381 +017.7045 +005.3428 +001.4629 -045.9768 +000.7031 +002.6936 0
L1 02    381 +007.4475 +005.5186 +001.6832 -095.0315 +006.4548 -149.5370 0
L1 03    381 +018.3452 +004.9283 -000.5529 -044.5868 +003.3582 +087.2872 0
L1 04    381 +015.5090 +001.8851 -000.0574 -068.4192 +035.1149 -148.6363 0
L1 05    381 +015.7208 +004.1653 -001.6030 +046.7733 -049.4291 +178.4902 0
L1 06    381 +016.3805 +003.6980 -001.7782 +046.3810 -051.9764 +175.7867 0
L1 07    381 +016.9974 +003.1136 -001.1746 +042.3666 -042.5076 -170.3013 0
L1 08    381 +017.6437 +002.3676 -000.9653 +046.1451 -054.2477 -179.0548 0
L1 01    385 +017.7047 +005.3423 +001.4625 -045.9803 +000.7029 +002.6883 0
L1 02    385 +007.4475 +005.5187 +001.6832 -095.0308 +006.4549 -149.5366 0
L1 03    385 +018.3451 +004.9293 -000.5536 -044.5827 +003.3597 +087.2839 0
L1 04    385 +015.5090 +001.8851 -000.0573 -068.4187 +035.1148 -148.6356 0
L1 05    385 +015.7208 +004.1654 -001.6029 +046.7750 -049.4293 +178.4897 0
L1 06    385 +016.3805 +003.6978 -001.7784 +046.3806 -051.9753 +175.7866 0
L1 07    385 +016.9974 +003.1138 -001.1745 +042.3686 -042.5083 -170.3015 0
L1 08    385 +017.6437 +002.3676 -000.9651 +046.1478 -054.2476 -179.0578 0
L1 01    389 +017.7047 +005.3423 +001.4618 -045.9801 +000.7051 +002.6847 0
L1 02    389 +007.4475 +005.5187 +001.6832 -095.0308 +006.4547 -149.5374 0
L1 03    389 +018.3451 +004.9296 -000.5534 -044.5804 +003.3590 +087.2841 0
L1 04    389 +015.5090 +001.8852 -000.0573 -068.4183 +035.1144 -148.6354 0
L1 05    389 +015.7208 +004.1652 -001.6027 +046.7754 -049.4302 +178.4878 0
L1 06    389 +016.3805 +003.6980 -001.7785 +046.3812 -051.9757 +175.7877 0
L1 07    389 +016.9974 +003.1140 -001.1744 +042.3690 -042.5088 -170.3017 0
L1 08    389 +017.6436 +002.3676 -000.9651 +046.1480 -054.2473 -179.0577 0
L1 01    393 +017.7046 +005.3428 +001.4626 -045.9748 +000.7008 +002.6904 0
L1 02    393 +007.4475 +005.5187 +001.6832 -095.0303 +006.4547 -149.5376 0
L1 03    393 +018.3450 +004.9298 -000.5532 -044.5788 +003.3583 +087.2864 0
L1 04    393 +015.5090 +001.8854 -000.0573 -068.4155 +035.1143 -148.6355 0
L1 05    393 +015.7207 +004.1656 -001.6029 +046.7743 -049.4300 +178.4915 0
L1 06    393 +016.3805 +003.6979 -001.7787 +046.3797 -051.9758 +175.7894 0
L1 07    393 +016.9974 +003.1144 -001.1741 +042.3736 -042.5101 -170.3040 0
L1 08    393 +017.6437 +002.3679 -000.9651 +046.1493 -054.2481 -179.0569 0
L1 01    397 +017.7046 +005.3427 +001.4623 -045.9764 +000.7066 +002.6906 0
L1 02    397 +007.4475 +005.5187 +001.6832 -095.0309 +006.4547 -149.5379 0
L1 03    397 +018.3453 +004.9289 -000.5528 -044.5843 +003.3579 +087.2880 0
L1 04    397 +015.5091 +001.8852 -000.0573 -068.4182 +035.1147 -148.6352 0
L1 05    397 +015.7207 +004.1654 -001.6029 +046.7731 -049.4296 +178.4914 0
L1 06    397 +016.3805 +003.6977 -001.7789 +046.3776 -051.9744 +175.7897 0
L1 07    397 +016.9976 +003.1136 -001.1746 +042.3681 -042.5079 -170.3027 0
L1 08    397 +017.6438 +002.3676 -000.9653 +046.1479 -054.2478 -179.0577 0
L1 01    401 +017.7046 +005.3428 +001.4626 -045.9752 +000.7022 +002.6901 0
L1 02    401 +007.4475 +005.5187 +001.6832 -095.0307 +006.4546 -149.5374 0
L1 03    401 +018.3451 +004.9291 -000.5532 -044.5817 +003.3589 +087.2857 0
L1 04    401 +015.5090 +001.8852 -000.0573 -068.4175 +035.1143 -148.6362 0
L1 05    401 +015.7208 +004.1654 -001.6027 +046.7748 -049.4302 +178.4898 0
L1 06    401 +016.3804 +003.6980 -001.7786 +046.3816 -051.9745 +175.7888 0
L1 07    401 +016.9975 +003.1135 -001.1746 +042.3686 -042.5065 -170.3027 0
L1 08    401 +017.6437 +002.3676 -000.9651 +046.1476 -054.2473 -179.0570 0
L1 01    405 +017.7047 +005.3417 +001.4614 -045.9834 +000.7054 +002.6812 0
L1 02    405 +007.4475 +005.5187 +001.6832 -095.0307 +006.4545 -149.5375 0
L1 03    405 +018.3451 +004.9293 -000.5535 -044.5816 +003.3587 +087.2830 0
L1 04    405 +015.5090 +001.8849 -000.0573 -068.4202 +035.1146 -148.6359 0
L1 05    405 +015.7208 +004.1653 -001.6025 +046.7755 -049.4308 +178.4888 0
L1 06    405 +016.3804 +003.6980 -001.7783 +046.3820 -051.9755 +175.7862 0
L1 07    405 +016.9974 +003.1136 -001.1750 +042.3666 -042.5056 -170.3007 0
L1 08    405 +017.6436 +002.3677 -000.9647 +046.1498 -054.2488 -179.0596 0
L1 01    409 +017.7046 +005.3425 +001.4620 -045.9778 +000.7026 +002.6837 0
L1 02    409 +007.4475 +005.5187 +001.6832 -095.0304 +006.4543 -149.5377 0
L1 03    409 +018.3452 +004.9295 -000.5533 -044.5803 +003.3582 +087.2842 0
L1 04    409 +015.5090 +001.8852 -000.0572 -068.4177 +035.1142 -148.6355 0
L1 05    409 +015.7208 +004.1651 -001.6026 +046.7757 -049.4306 +178.4878 0
L1 06    409 +016.3803 +003.6984 -001.7785 +046.3839 -051.9750 +175.7880 0
L1 07    409 +016.9974 +003.1136 -001.1748 +042.3675 -042.5063 -170.3000 0
L1 08    409 +017.6437 +002.3678 -000.9649 +046.1506 -054.2477 -179.0587 0
L1 01    413 +017.7044 +005.3432 +001.4626 -045.9715 +000.7019 +002.6903 0
L1 02    413 +007.4475 +005.5187 +001.6831 -095.0304 +006.4539 -149.5370 0
L1 03    413 +018.3451 +004.9293 -000.5531 -044.5815 +003.3575 +087.2859 0
L1 04    413 +015.5091 +001.8851 -000.0572 -068.4174 +035.1141 -148.6350 0
L1 05    413 +015.7208 +004.1653 -001.6030 +046.7749 -049.4285 +178.4898 0
L1 06    413 +016.3805 +003.6981 -001.7785 +046.3827 -051.9753 +175.7870 0
L1 07    413 +016.9974 +003.1138 -001.1747 +042.3688 -042.5063 -170.3023 0
L1 08    413 +017.6437 +002.3678 -000.9651 +046.1494 -054.2473 -179.0575 0
L1 01    417 +017.7046 +005.3425 +001.4626 -045.9758 +000.7020 +002.6896 0
L1 02    417 +007.4475 +005.5186 +001.6831 -095.0311 +006.4540 -149.5357 0
L1 03    417 +018.3451 +004.9291 -000.5533 -044.5823 +003.3586 +087.2850 0
L1 04    417 +015.5090 +001.8851 -000.0572 -068.4179 +035.1139 -148.6356 0
L1 05    417 +015.7209 +004.1649 -001.6030 +046.7730 -049.4281 +178.4890 0
L1 06    417 +016.3804 +003.6981 -001.7787 +046.3805 -051.9747 +175.7897 0
L1 07    417 +016.9973 +003.1139 -001.1747 +042.3699 -042.5055 -170.3030 0
L1 08    417 +017.6437 +002.3675 -000.9650 +046.1487 -054.2479 -179.0589 0
L1 01    421 +017.7047 +005.3421 +001.4621 -045.9785 +000.7016 +002.6836 0
L1 02    421 +007.4475 +005.5187 +001.6831 -095.0303 +006.4539 -149.5359 0
L1 03    421 +018.3450 +004.9301 -000.5535 -044.5767 +003.3591 +087.2823 0
L1 04    421 +015.5090 +001.8851 -000.0572 -068.4185 +035.1138 -148.6362 0
L1 05    421 +015.7207 +004.1652 -001.6029 +046.7745 -049.4286 +178.4909 0
L1 06    421 +016.3804 +003.6981 -001.7789 +046.3803 -051.9725 +175.7917 0
L1 07    421 +016.9973 +003.1140 -001.1746 +042.3704 -042.5061 -170.3026 0
L1 08    421 +017.6437 +002.3676 -000.9648 +046.1504 -054.2484 -179.0594 0
L1 01    425 +017.7045 +005.3426 +001.4625 -045.9743 +000.7021 +002.6887 0
L1 02    425 +007.4475 +005.5187 +001.6831 -095.0306 +006.4541 -149.5375 0
L1 03    425 +018.3449 +004.9297 -000.5531 -044.5788 +003.3588 +087.2850 0
L1 04    425 +015.5090 +001.8851 -000.0573 -068.4179 +035.1145 -148.6364 0
L1 05    425 +015.7208 +004.1652 -001.6031 +046.7740 -049.4275 +178.4910 0
L1 06    425 +016.3805 +003.6978 -001.7786 +046.3797 -051.9745 +175.7887 0
L1 07    425 +016.9974 +003.1136 -001.1747 +042.3679 -042.5059 -170.3025 0
L1 08    425 +017.6437 +002.3676 -000.9650 +046.1488 -054.2469 -179.0581 0
L1 01    429 +017.7044 +005.3430 +001.4624 -045.9701 +000.7019 +002.6883 0
L1 02    429 +007.4475 +005.5187 +001.6831 -095.0305 +006.4541 -149.5383 0
L1 03    429 +018.3450 +004.9294 -000.5532 -044.5806 +003.3590 +087.2851 0
L1 04    429 +015.5090 +001.8852 -000.0575 -068.4191 +035.1156 -148.6400 0
L1 05    429 +015.7208 +004.1652 -001.6030 +046.7728 -049.4274 +178.4918 0
L1 06    429 +016.3804 +003.6978 -001.7791 +046.3781 -051.9725 +175.7923 0
L1 07    429 +016.9973 +003.1140 -001.1748 +042.3685 -042.5051 -170.3001 0
L1 08    429 +017.6437 +002.3677 -000.9653 +046.1470 -054.2453 -179.0545 0
L1 01    433 +017.7043 +005.3434 +001.4639 -045.9661 +000.6962 +002.6984 0
L1 02    433 +007.4475 +005.5187 +001.6832 -095.0305 +006.4544 -149.5386 0
L1 03    433 +018.3450 +004.9290 -000.5529 -044.5836 +003.3577 +087.2861 0
L1 04    433 +015.5089 +001.8853 -000.0574 -068.4181 +035.1157 -148.6403 0
L1 05    433 +015.7207 +004.1652 -001.6029 +046.7714 -049.4278 +178.4935 0
L1 06    433 +016.3803 +003.6982 -001.7790 +046.3780 -051.9720 +175.7940 0
L1 07    433 +016.9974 +003.1133 -001.1746 +042.3661 -042.5053 -170.3007 0
L1 08    433 +017.6437 +002.3674 -000.9655 +046.1430 -054.2439 -179.0529 0
L1 01    437 +017.7042 +005.3440 +001.4640 -045.9610 +000.6960 +002.7007 0
L1 02    437 +007.4475 +005.5187 +001.6831 -095.0305 +006.4542 -149.5381 0
L1 03    437 +018.3449 +004.9289 -000.5528 -044.5822 +003.3575 +087.2874 0
L1 04    437 +015.5089 +001.8853 -000.0575 -068.4173 +035.1151 -148.6406 0
L1 05    437 +015.7207 +004.1651 -001.6030 +046.7728 -049.4271 +178.4921 0
L1 06    437 +016.3803 +003.6981 -001.7789 +046.3806 -051.9720 +175.7915 0
L1 07    437 +016.9974 +003.1133 -001.1748 +042.3648 -042.5040 -170.2990 0
L1 08    437 +017.6437 +002.3675 -000.9656 +046.1433 -054.2426 -179.0512 0
L1 01    441 +017.7042 +005.3442 +001.4641 -045.9583 +000.6961 +002.7014 0
L1 02    441 +007.4475 +005.5187 +001.6831 -095.0305 +006.4538 -149.5379 0
L1 03    441 +018.3449 +004.9293 -000.5529 -044.5786 +003.3576 +087.2882 0
L1 04    441 +015.5090 +001.8855 -000.0574 -068.4148 +035.1147 -148.6389 0
L1 05    441 +015.7207 +004.1655 -001.6029 +046.7776 -049.4280 +178.4901 0
L1 06    441 +016.3804 +003.6983 -001.7788 +046.3830 -051.9730 +175.7908 0
L1 07    441 +016.9974 +003.1140 -001.1748 +042.3698 -042.5051 -170.2993 0
L1 08    441 +017.6437 +002.3679 -000.9657 +046.1469 -054.2425 -179.0519 0
L1 01    445 +017.7044 +005.3435 +001.4633 -045.9653 +000.6994 +002.6955 0
L1 02    445 +007.4475 +005.5187 +001.6831 -095.0311 +006.4542 -149.5374 0
L1 03    445 +018.3450 +004.9289 -000.5533 -044.5824 +003.3584 +087.2860 0
L1 04    445 +015.5090 +001.8853 -000.0573 -068.4168 +035.1145 -148.6375 0
L1 05    445 +015.7207 +004.1654 -001.6031 +046.7750 -049.4280 +178.4921 0
L1 06    445 +016.3805 +003.6981 -001.7787 +046.3819 -051.9742 +175.7890 0
L1 07    445 +016.9975 +003.1136 -001.1750 +042.3648 -042.5050 -170.2981 0
L1 08    445 +017.6437 +002.3678 -000.9654 +046.1463 -054.2449 -179.0536 0
L1 01    449 +017.7043 +005.3438 +001.4637 -045.9629 +000.6977 +002.6987 0
L1 02    449 +007.4475 +005.5187 +001.6831 -095.0308 +006.4541 -149.5370 0
L1 03    449 +018.3451 +004.9284 -000.5528 -044.5857 +003.3567 +087.2877 0
L1 04    449 +015.5090 +001.8853 -000.0574 -068.4168 +035.1151 -148.6385 0
L1 05    449 +015.7207 +004.1651 -001.6030 +046.7732 -049.4276 +178.4916 0
L1 06    449 +016.3804 +003.6980 -001.7788 +046.3806 -051.9730 +175.7895 0
L1 07    449 +016.9974 +003.1136 -001.1750 +042.3656 -042.5040 -170.2985 0
L1 08    449 +017.6437 +002.3677 -000.9655 +046.1446 -054.2445 -179.0525 0
L1 01    453 +017.7043 +005.3436 +001.4640 -045.9621 +000.6955 +002.6992 0
L1 02    453 +007.4475 +005.5187 +001.6831 -095.0306 +006.4541 -149.5372 0
L1 03    453 +018.3449 +004.9294 -000.5530 -044.5795 +003.3571 +087.2863 0
L1 04    453 +015.5090 +001.8854 -000.0574 -068.4158 +035.1149 -148.6391 0
L1 05    453 +015.7207 +004.1654 -001.6031 +046.7744 -049.4259 +178.4929 0
L1 06    453 +016.3803 +003.6983 -001.7788 +046.3828 -051.9720 +175.7896 0
L1 07    453 +016.9974 +003.1137 -001.1748 +042.3672 -042.5050 -170.2986 0
L1 08    453 +017.6437 +002.3676 -000.9654 +046.1457 -054.2442 -179.0532 0
L1 01    457 +017.7042 +005.3442 +001.4643 -045.9586 +000.6969 +002.7030 0
L1 02    457 +007.4475 +005.5187 +001.6831 -095.0309 +006.4539 -149.5376 0
L1 03    457 +018.3449 +004.9286 -000.5528 -044.5840 +003.3574 +087.2876 0
L1 04    457 +015.5089 +001.8854 -000.0576 -068.4177 +035.1146 -148.6435 0
L1 05    457 +015.7207 +004.1652 -001.6031 +046.7717 -049.4263 +178.4937 0
L1 06    457 +016.3804 +003.6977 -001.7791 +046.3767 -051.9700 +175.7924 0
L1 07    457 +016.9973 +003.1138 -001.1745 +042.3689 -042.5048 -170.3011 0
L1 08    457 +017.6437 +002.3677 -000.9656 +046.1437 -054.2407 -179.0520 0
L1 01    461 +017.7043 +005.3433 +001.4629 -045.9587 +000.7028 +002.6994 0
L1 02    461 +007.4475 +005.5182 +001.6835 -095.0342 +006.4579 -149.5448 0
L1 03    461 +018.3449 +004.9293 -000.5535 -044.5833 +003.3613 +087.2862 0
L1 04    461 +015.5089 +001.8853 -000.0575 -068.4176 +035.1201 -148.6421 0
L1 05    461 +015.7207 +004.1654 -001.6028 +046.7773 -049.4286 +178.4896 0
L1 06    461 +016.3804 +003.6976 -001.7792 +046.3791 -051.9705 +175.7902 0
L1 07    461 +016.9974 +003.1144 -001.1744 +042.3740 -042.5058 -170.3031 0
L1 08    461 +017.6437 +002.3679 -000.9653 +046.1474 -054.2437 -179.0538 0
L1 01    465 +017.7043 +005.3435 +001.4632 -045.9610 +000.7007 +002.6989 0
L1 02    465 +007.4475 +005.5187 +001.6831 -095.0308 +006.4539 -149.5385 0
L1 03    465 +018.3451 +004.9289 -000.5531 -044.5841 +003.3586 +087.2879 0
L1 04    465 +015.5090 +001.8853 -000.0575 -068.4176 +035.1161 -148.6394 0
L1 05    465 +015.7206 +004.1658 -001.6031 +046.7762 -049.4285 +178.4926 0
L1 06    465 +016.3804 +003.6977 -001.7792 +046.3790 -051.9702 +175.7897 0
L1 07    465 +016.9974 +003.1141 -001.1746 +042.3705 -042.5067 -170.3007 0
L1 08    465 +017.6437 +002.3678 -000.9653 +046.1466 -054.2451 -179.0542 0
L1 01    469 +017.7044 +005.3434 +001.4635 -045.9627 +000.6967 +002.6978 0
L1 02    469 +007.4475 +005.5187 +001.6831 -095.0304 +006.4534 -149.5378 0
L1 03    469 +018.3449 +004.9296 -000.5529 -044.5800 +003.3569 +087.2878 0
L1 04    469 +015.5090 +001.8854 -000.0574 -068.4161 +035.1157 -148.6382 0
L1 05    469 +015.7208 +004.1653 -001.6029 +046.7738 -049.4294 +178.4919 0
L1 06    469 +016.3806 +003.6975 -001.7790 +046.3774 -051.9724 +175.7903 0
L1 07    469 +016.9975 +003.1137 -001.1746 +042.3678 -042.5069 -170.2987 0
L1 08    469 +017.6438 +002.3674 -000.9655 +046.1436 -054.2458 -179.0526 0
L1 01    473 +017.7044 +005.3433 +001.4629 -045.9646 +000.7014 +002.6923 0
L1 02    473 +007.4475 +005.5187 +001.6831 -095.0303 +006.4535 -149.5370 0
L1 03    473 +018.3451 +004.9290 -000.5531 -044.5813 +003.3585 +087.2855 0
L1 04    473 +015.5090 +001.8852 -000.0572 -068.4169 +035.1144 -148.6376 0
L1 05    473 +015.7206 +004.1654 -001.6032 +046.7749 -049.4264 +178.4920 0
L1 06    473 +016.3804 +003.6978 -001.7788 +046.3821 -051.9717 +175.7883 0
L1 07    473 +016.9974 +003.1139 -001.1742 +042.3713 -042.5084 -170.3027 0
L1 08    473 +017.6437 +002.3678 -000.9652 +046.1487 -054.2440 -179.0558 0
L1 01    477 +017.7044 +005.3430 +001.4628 -045.9669 +000.7018 +002.6909 0
L1 02    477 +007.4475 +005.5187 +001.6831 -095.0303 +006.4537 -149.5369 0
L1 03    477 +018.3450 +004.9290 -000.5531 -044.5813 +003.3585 +087.2854 0
L1 04    477 +015.5090 +001.8852 -000.0572 -068.4173 +035.1144 -148.6377 0
L1 05    477 +015.7206 +004.1651 -001.6031 +046.7752 -049.4257 +178.4901 0
L1 06    477 +016.3804 +003.6976 -001.7786 +046.3814 -051.9731 +175.7873 0
L1 07    477 +016.9973 +003.1139 -001.1744 +042.3711 -042.5069 -170.3022 0
L1 08    477 +017.6436 +002.3677 -000.9651 +046.1485 -054.2440 -179.0566 0
L1 01    481 +017.7045 +005.3426 +001.4625 -045.9695 +000.7009 +002.6861 0
L1 02    481 +007.4475 +005.5187 +001.6831 -095.0303 +006.4535 -149.5364 0
L1 03    481 +018.3449 +004.9298 -000.5533 -044.5766 +003.3588 +087.2841 0
L1 04    481 +015.5090 +001.8852 -000.0572 -068.4172 +035.1148 -148.6377 0
L1 05    481 +015.7206 +004.1655 -001.6031 +046.7758 -049.4273 +178.4932 0
L1 06    481 +016.3803 +003.6978 -001.7791 +046.3810 -051.9703 +175.7894 0
L1 07    481 +016.9973 +003.1144 -001.1743 +042.3736 -042.5077 -170.3021 0
L1 08    481 +017.6436 +002.3677 -000.9651 +046.1473 -054.2451 -179.0543 0
L1 01    485 +017.7045 +005.3426 +001.4630 -045.9686 +000.6995 +002.6905 0
L1 02    485 +007.4475 +005.5187 +001.6831 -095.0311 +006.4538 -149.5377 0
L1 03    485 +018.3449 +004.9293 -000.5532 -044.5803 +003.3587 +087.2848 0
L1 04    485 +015.5090 +001.8852 -000.0572 -068.4172 +035.1151 -148.6381 0
L1 05    485 +015.7207 +004.1650 -001.6030 +046.7735 -049.4285 +178.4917 0
L1 06    485 +016.3803 +003.6978 -001.7789 +046.3815 -051.9709 +175.7882 0
L1 07    485 +016.9973 +003.1141 -001.1744 +042.3701 -042.5076 -170.2996 0
L1 08    485 +017.6436 +002.3677 -000.9652 +046.1462 -054.2450 -179.0541 0
L1 01    489 +017.7046 +005.3420 +001.4611 -045.9733 +000.7070 +002.6788 0
L1 02    489 +007.4475 +005.5187 +001.6831 -095.0307 +006.4541 -149.5386 0
L1 03    489 +018.3449 +004.9298 -000.5536 -044.5773 +003.3605 +087.2820 0
L1 04    489 +015.5090 +001.8850 -000.0572 -068.4180 +035.1155 -148.6364 0
L1 05    489 +015.7206 +004.1653 -001.6030 +046.7744 -049.4287 +178.4929 0
L1 06    489 +016.3803 +003.6980 -001.7790 +046.3806 -051.9714 +175.7916 0
L1 07    489 +016.9974 +003.1136 -001.1746 +042.3673 -042.5071 -170.2996 0
L1 08    489 +017.6436 +002.3678 -000.9651 +046.1479 -054.2470 -179.0547 0
L1 01    493 +017.7046 +005.3420 +001.4619 -045.9731 +000.7047 +002.6817 0
L1 02    493 +007.4475 +005.5187 +001.6831 -095.0309 +006.4542 -149.5386 0
L1 03    493 +018.3449 +004.9296 -000.5536 -044.5789 +003.3602 +087.2821 0
L1 04    493 +015.5090 +001.8850 -000.0571 -068.4184 +035.1150 -148.6369 0
L1 05    493 +015.7206 +004.1653 -001.6029 +046.7747 -049.4278 +178.4929 0
L1 06    493 +016.3804 +003.6976 -001.7787 +046.3802 -051.9727 +175.7889 0
L1 07    493 +016.9973 +003.1139 -001.1740 +042.3704 -042.5094 -170.3017 0
L1 08    493 +017.6436 +002.3675 -000.9650 +046.1468 -054.2457 -179.0556 0
L1 01    497 +017.7046 +005.3425 +001.4621 -045.9712 +000.7056 +002.6832 0
L1 02    497 +007.4475 +005.5187 +001.6831 -095.0310 +006.4541 -149.5381 0
L1 03    497 +018.3450 +004.9293 -000.5535 -044.5800 +003.3605 +087.2827 0
L1 04    497 +015.5090 +001.8850 -000.0571 -068.4187 +035.1148 -148.6373 0
L1 05    497 +015.7206 +004.1652 -001.6029 +046.7738 -049.4282 +178.4928 0
L1 06    497 +016.3803 +003.6978 -001.7788 +046.3823 -051.9718 +175.7887 0
L1 07    497 +016.9972 +003.1138 -001.1745 +042.3684 -042.5081 -170.2990 0
L1 08    497 +017.6435 +002.3677 -000.9651 +046.1466 -054.2449 -179.0549 0
L1 01    501 +017.7045 +005.3431 +001.4627 -045.9652 +000.7037 +002.6905 0
L1 02    501 +007.4475 +005.5187 +001.6831 -095.0307 +006.4542 -149.5375 0
L1 03    501 +018.3450 +004.9290 -000.5533 -044.5815 +003.3601 +087.2855 0
L1 04    501 +015.5090 +001.8852 -000.0574 -068.4176 +035.1151 -148.6384 0
L1 05    501 +015.7206 +004.1654 -001.6032 +046.7752 -049.4269 +178.4920 0
L1 06    501 +016.3803 +003.6982 -001.7787 +046.3825 -051.9733 +175.7895 0
L1 07    501 +016.9973 +003.1137 -001.1746 +042.3684 -042.5068 -170.2994 0
L1 08    501 +017.6436 +002.3679 -000.9653 +046.1459 -054.2448 -179.0531 0
L1 01    505 +017.7046 +005.3426 +001.4618 -045.9692 +000.7083 +002.6835 0
L1 02    505 +007.4475 +005.5187 +001.6831 -095.0307 +006.4542 -149.5372 0
L1 03    505 +018.3452 +004.9292 -000.5535 -044.5810 +003.3600 +087.2835 0
L1 04    505 +015.5091 +001.8850 -000.0573 -068.4184 +035.1150 -148.6374 0
L1 05    505 +015.7206 +004.1654 -001.6031 +046.7734 -049.4282 +178.4950 0
L1 06    505 +016.3803 +003.6984 -001.7787 +046.3844 -051.9738 +175.7887 0
L1 07    505 +016.9973 +003.1141 -001.1746 +042.3709 -042.5069 -170.3004 0
L1 08    505 +017.6436 +002.3679 -000.9651 +046.1479 -054.2469 -179.0552 0
L1 01    509 +017.7046 +005.3431 +001.4618 -045.9666 +000.7094 +002.6836 0
L1 02    509 +007.4475 +005.5187 +001.6831 -095.0303 +006.4542 -149.5372 0
L1 03    509 +018.3452 +004.9291 -000.5537 -044.5806 +003.3616 +087.2833 0
L1 04    509 +015.5091 +001.8851 -000.0573 -068.4179 +035.1148 -148.6375 0
L1 05    509 +015.7206 +004.1657 -001.6030 +046.7761 -049.4294 +178.4934 0
L1 06    509 +016.3803 +003.6983 -001.7786 +046.3847 -051.9741 +175.7882 0
L1 07    509 +016.9972 +003.1145 -001.1743 +042.3731 -042.5090 -170.2998 0
L1 08    509 +017.6435 +002.3682 -000.9648 +046.1516 -054.2483 -179.0564 0
L1 01    513 +017.7047 +005.3422 +001.4618 -045.9716 +000.7069 +002.6822 0
L1 02    513 +007.4475 +005.5187 +001.6831 -095.0306 +006.4545 -149.5374 0
L1 03    513 +018.3451 +004.9293 -000.5539 -044.5809 +003.3616 +087.2821 0
L1 04    513 +015.5090 +001.8850 -000.0572 -068.4180 +035.1152 -148.6359 0
L1 05    513 +015.7206 +004.1654 -001.6029 +046.7738 -049.4302 +178.4942 0
L1 06    513 +016.3803 +003.6981 -001.7784 +046.3839 -051.9757 +175.7878 0
L1 07    513 +016.9973 +003.1142 -001.1749 +042.3689 -042.5080 -170.2970 0
L1 08    513 +017.6436 +002.3676 -000.9648 +046.1481 -054.2489 -179.0569 0
L1 01    517 +017.7046 +005.3427 +001.4621 -045.9675 +000.7058 +002.6841 0
L1 02    517 +007.4475 +005.5187 +001.6831 -095.0307 +006.4545 -149.5379 0
L1 03    517 +018.3451 +004.9295 -000.5538 -044.5787 +003.3617 +087.2828 0
L1 04    517 +015.5090 +001.8852 -000.0572 -068.4166 +035.1150 -148.6361 0
L1 05    517 +015.7207 +004.1654 -001.6026 +046.7767 -049.4316 +178.4910 0
L1 06    517 +016.3804 +003.6982 -001.7786 +046.3837 -051.9747 +175.7896 0
L1 07    517 +016.9973 +003.1142 -001.1750 +042.3688 -042.5073 -170.2963 0
L1 08    517 +017.6436 +002.3679 -000.9648 +046.1499 -054.2484 -179.0568 0
L1 01    521 +017.7046 +005.3426 +001.4621 -045.9682 +000.7055 +002.6845 0
L1 02    521 +007.4475 +005.5187 +001.6832 -095.0310 +006.4549 -149.5389 0
L1 03    521 +018.3450 +004.9295 -000.5539 -044.5792 +003.3615 +087.2815 0
L1 04    521 +015.5090 +001.8851 -000.0573 -068.4177 +035.1154 -148.6371 0
L1 05    521 +015.7208 +004.1652 -001.6027 +046.7745 -049.4298 +178.4908 0
L1 06    521 +016.3804 +003.6980 -001.7787 +046.3807 -051.9748 +175.7915 0
L1 07    521 +016.9973 +003.1138 -001.1749 +042.3656 -042.5062 -170.2972 0
L1 08    521 +017.6436 +002.3676 -000.9650 +046.1470 -054.2472 -179.0558 0
L1 01    525 +017.7045 +005.3429 +001.4624 -045.9660 +000.7056 +002.6861 0
L1 02    525 +007.4475 +005.5187 +001.6831 -095.0312 +006.4546 -149.5386 0
L1 03    525 +018.3450 +004.9291 -000.5540 -044.5813 +003.3626 +087.2814 0
L1 04    525 +015.5090 +001.8851 -000.0572 -068.4184 +035.1151 -148.6379 0
L1 05    525 +015.7207 +004.1650 -001.6028 +046.7734 -049.4277 +178.4919 0
L1 06    525 +016.3803 +003.6981 -001.7788 +046.3803 -051.9729 +175.7925 0
L1 07    525 +016.9973 +003.1134 -001.1752 +042.3644 -042.5032 -170.2984 0
L1 08    525 +017.6435 +002.3678 -000.9652 +046.1461 -054.2444 -179.0542 0
L1 01    529 +017.7045 +005.3424 +001.4624 -045.9673 +000.7022 +002.6849 0
L1 02    529 +007.4475 +005.5187 +001.6831 -095.0303 +006.4547 -149.5389 0
L1 03    529 +018.3448 +004.9302 -000.5535 -044.5751 +003.3604 +087.2835 0
L1 04    529 +015.5089 +001.8854 -000.0574 -068.4169 +035.1164 -148.6382 0
L1 05    529 +015.7207 +004.1653 -001.6027 +046.7743 -049.4294 +178.4924 0
L1 06    529 +016.3804 +003.6979 -001.7789 +046.3799 -051.9730 +175.7917 0
L1 07    529 +016.9973 +003.1139 -001.1745 +042.3682 -042.5076 -170.2998 0
L1 08    529 +017.6436 +002.3676 -000.9651 +046.1446 -054.2456 -179.0533 0
L1 01    533 +017.7046 +005.3423 +001.4621 -045.9688 +000.7051 +002.6845 0
L1 02    533 +007.4475 +005.5187 +001.6831 -095.0309 +006.4546 -149.5380 0
L1 03    533 +018.3449 +004.9298 -000.5535 -044.5776 +003.3608 +087.2844 0
L1 04    533 +015.5090 +001.8851 -000.0573 -068.4169 +035.1159 -148.6360 0
L1 05    533 +015.7207 +004.1654 -001.6030 +046.7745 -049.4297 +178.4937 0
L1 06    533 +016.3804 +003.6979 -001.7788 +046.3794 -051.9748 +175.7919 0
L1 07    533 +016.9972 +003.1142 -001.1747 +042.3681 -042.5087 -170.2977 0
L1 08    533 +017.6436 +002.3677 -000.9651 +046.1469 -054.2471 -179.0551 0
L1 01    537 +017.7047 +005.3419 +001.4621 -045.9711 +000.7057 +002.6849 0
L1 02    537 +007.4475 +005.5187 +001.6831 -095.0308 +006.4548 -149.5375 0
L1 03    537 +018.3451 +004.9295 -000.5534 -044.5800 +003.3603 +087.2857 0
L1 04    537 +015.5091 +001.8852 -000.0571 -068.4161 +035.1160 -148.6335 0
L1 05    537 +015.7207 +004.1655 -001.6030 +046.7750 -049.4306 +178.4925 0
L1 06    537 +016.3805 +003.6975 -001.7789 +046.3775 -051.9748 +175.7906 0
L1 07    537 +016.9976 +003.1132 -001.1739 +042.3656 -042.5117 -170.3020 0
L1 08    537 +017.6437 +002.3677 -000.9649 +046.1480 -054.2496 -179.0573 0
L1 01    541 +017.7046 +005.3424 +001.4625 -045.9676 +000.7017 +002.6871 0
L1 02    541 +007.4475 +005.5187 +001.6831 -095.0306 +006.4546 -149.5375 0
L1 03    541 +018.3450 +004.9295 -000.5537 -044.5801 +003.3597 +087.2837 0
L1 04    541 +015.5090 +001.8852 -000.0573 -068.4168 +035.1156 -148.6358 0
L1 05    541 +015.7207 +004.1654 -001.6029 +046.7744 -049.4304 +178.4924 0
L1 06    541 +016.3805 +003.6976 -001.7783 +046.3802 -051.9769 +175.7881 0
L1 07    541 +016.9975 +003.1138 -001.1740 +042.3665 -042.5109 -170.2998 0
L1 08    541 +017.6437 +002.3678 -000.9649 +046.1478 -054.2491 -179.0563 0
L1 01    545 +017.7046 +005.3423 +001.4618 -045.9690 +000.7060 +002.6831 0
L1 02    545 +007.4475 +005.5186 +001.6832 -095.0314 +006.4549 -149.5380 0
L1 03    545 +018.3451 +004.9293 -000.5536 -044.5817 +003.3600 +087.2836 0
L1 04    545 +015.5090 +001.8849 -000.0572 -068.4190 +035.1156 -148.6355 0
L1 05    545 +015.7207 +004.1656 -001.6027 +046.7760 -049.4311 +178.4912 0
L1 06    545 +016.3805 +003.6975 -001.7786 +046.3796 -051.9751 +175.7886 0
L1 07    545 +016.9974 +003.1137 -001.1744 +042.3658 -042.5086 -170.2992 0
L1 08    545 +017.6436 +002.3676 -000.9649 +046.1464 -054.2484 -179.0568 0
L1 01    549 +017.7044 +005.3428 +001.4619 -045.9641 +000.7074 +002.6852 0
L1 02    549 +007.4475 +005.5187 +001.6831 -095.0312 +006.4546 -149.5384 0
L1 03    549 +018.3450 +004.9296 -000.5532 -044.5787 +003.3594 +087.2854 0
L1 04    549 +015.5090 +001.8851 -000.0572 -068.4173 +035.1156 -148.6357 0
L1 05    549 +015.7206 +004.1655 -001.6028 +046.7778 -049.4303 +178.4902 0
L1 06    549 +016.3804 +003.6981 -001.7785 +046.3843 -051.9753 +175.7875 0
L1 07    549 +016.9972 +003.1147 -001.1746 +042.3732 -042.5076 -170.2977 0
L1 08    549 +017.6436 +002.3679 -000.9651 +046.1484 -054.2464 -179.0557 0
L1 01    553 +017.7046 +005.3420 +001.4614 -045.9691 +000.7084 +002.6796 0
L1 02    553 +007.4475 +005.5187 +001.6831 -095.0308 +006.4548 -149.5384 0
L1 03    553 +018.3449 +004.9299 -000.5535 -044.5768 +003.3607 +087.2837 0
L1 04    553 +015.5090 +001.8851 -000.0571 -068.4168 +035.1154 -148.6349 0
L1 05    553 +015.7206 +004.1655 -001.6028 +046.7768 -049.4306 +178.4912 0
L1 06    553 +016.3803 +003.6979 -001.7785 +046.3837 -051.9752 +175.7872 0
L1 07    553 +016.9972 +003.1145 -001.1745 +042.3700 -042.5085 -170.2959 0
L1 08    553 +017.6435 +002.3678 -000.9650 +046.1471 -054.2473 -179.0548 0
L1 01    557 +017.7046 +005.3422 +001.4613 -045.9682 +000.7096 +002.6801 0
L1 02    557 +007.4475 +005.5187 +001.6831 -095.0308 +006.4550 -149.5383 0
L1 03    557 +018.3450 +004.9296 -000.5537 -044.5779 +003.3605 +087.2827 0
L1 04    557 +015.5090 +001.8851 -000.0572 -068.4175 +035.1155 -148.6357 0
L1 05    557 +015.7207 +004.1650 -001.6028 +046.7756 -049.4298 +178.4899 0
L1 06    557 +016.3803 +003.6982 -001.7785 +046.3863 -051.9754 +175.7859 0
L1 07    557 +016.9972 +003.1147 -001.1748 +042.3716 -042.5064 -170.2970 0
L1 08    557 +017.6435 +002.3678 -000.9650 +046.1476 -054.2470 -179.0554 0
L1 01    561 +017.7047 +005.3422 +001.4611 -045.9686 +000.7127 +002.6806 0
L1 02    561 +007.4474 +005.5187 +001.6831 -095.0304 +006.4548 -149.5382 0
L1 03    561 +018.3452 +004.9292 -000.5534 -044.5799 +003.3603 +087.2843 0
L1 04    561 +015.5091 +001.8850 -000.0572 -068.4178 +035.1159 -148.6352 0
L1 05    561 +015.7208 +004.1649 -001.6029 +046.7749 -049.4302 +178.4897 0
L1 06    561 +016.3803 +003.6985 -001.7789 +046.3862 -051.9748 +175.7892 0
L1 07    561 +016.9973 +003.1142 -001.1750 +042.3693 -042.5061 -170.2977 0
L1 08    561 +017.6435 +002.3681 -000.9652 +046.1485 -054.2471 -179.0553 0
L1 01    565 +017.7048 +005.3412 +001.4598 -045.9748 +000.7150 +002.6730 0
L1 02    565 +007.4475 +005.5187 +001.6831 -095.0310 +006.4548 -149.5383 0
L1 03    565 +018.3452 +004.9293 -000.5535 -044.5803 +003.3596 +087.2830 0
L1 04    565 +015.5091 +001.8849 -000.0571 -068.4182 +035.1150 -148.6339 0
L1 05    565 +015.7208 +004.1649 -001.6030 +046.7747 -049.4301 +178.4893 0
L1 06    565 +016.3803 +003.6985 -001.7790 +046.3837 -051.9744 +175.7906 0
L1 07    565 +016.9975 +003.1138 -001.1748 +042.3673 -042.5081 -170.2987 0
L1 08    565 +017.6436 +002.3676 -000.9650 +046.1472 -054.2495 -179.0577 0
