L1 01      5 +014.1284 -001.0528 +001.3055 +081.3391 +001.7146 +001.0394 0
L1 02      5 +007.4470 +005.5194 +001.6835 -095.0394 +006.5320 -149.6226 0
L1 03      5 +014.0755 -000.3627 -000.7254 +084.8397 +007.1992 +085.4734 0
L1 04      5 +017.1389 -000.4939 -001.7195 -173.4948 +056.9034 -043.3024 0
L1 05      5 +015.8617 -001.8600 -001.6264 +174.6043 -011.4556 -177.3167 0
L1 06      5 +015.8067 -001.0500 -002.0397 +173.0381 -003.6780 -179.9756 0
L1 07      5 +015.7344 -000.0836 -001.5284 +177.1360 -000.1796 -166.9466 0
L1 08      5 +015.7969 +000.7315 -001.2293 +175.9845 -004.2734 -179.9390 0
L1 01      9 +014.1285 -001.0528 +001.3054 +081.3392 +001.7143 +001.0399 0
L1 02      9 +007.4470 +005.5194 +001.6835 -095.0391 +006.5317 -149.6243 0
L1 03      9 +014.0755 -000.3626 -000.7253 +084.8400 +007.1995 +085.4724 0
L1 04      9 +017.1390 -000.4940 -001.7195 -173.4949 +056.9035 -043.3021 0
L1 05      9 +015.8618 -001.8602 -001.6262 +174.6029 -011.4544 -177.3148 0
L1 06      9 +015.8068 -001.0499 -002.0397 +173.0390 -003.6777 -179.9765 0
L1 07      9 +015.7345 -000.0836 -001.5281 +177.1361 -000.1779 -166.9476 0
L1 08      9 +015.7969 +000.7316 -001.2290 +175.9852 -004.2716 -179.9397 0
L1 01     13 +014.1284 -001.0528 +001.3055 +081.3365 +001.7136 +001.0370 0
L1 02     13 +007.4470 +005.5194 +001.6835 -095.0407 +006.5316 -149.6252 0
L1 03     13 +014.0756 -000.3629 -000.7252 +084.8356 +007.2000 +085.4699 0
L1 04     13 +017.1390 -000.4943 -001.7194 -173.4992 +056.9046 -043.3017 0
L1 05     13 +015.8617 -001.8610 -001.6265 +174.5977 -011.4558 -177.3163 0
L1 06     13 +015.8068 -001.0502 -002.0397 +173.0358 -003.6771 -179.9758 0
L1 07     13 +015.7345 -000.0837 -001.5283 +177.1344 -000.1787 -166.9480 0
L1 08     13 +015.7970 +000.7312 -001.2292 +175.9826 -004.2733 -179.9398 0
L1 01     17 +014.1284 -001.0529 +001.3057 +081.3349 +001.7138 +001.0354 0
L1 02     17 +007.4470 +005.5194 +001.6835 -095.0400 +006.5312 -149.6230 0
L1 03     17 +014.0756 -000.3629 -000.7251 +084.8357 +007.2010 +085.4689 0
L1 04     17 +017.1390 -000.4945 -001.7193 -173.4988 +056.9059 -043.3000 0
L1 05     17 +015.8618 -001.8606 -001.6262 +174.5999 -011.4536 -177.3157 0
L1 06     17 +015.8069 -001.0502 -002.0395 +173.0365 -003.6755 -179.9757 0
L1 07     17 +015.7346 -000.0837 -001.5281 +177.1342 -000.1773 -166.9475 0
L1 08     17 +015.7970 +000.7312 -001.2292 +175.9827 -004.2733 -179.9396 0
L1 01     21 +014.1284 -001.0529 +001.3058 +081.3344 +001.7134 +001.0343 0
L1 02     21 +007.4470 +005.5194 +001.6835 -095.0398 +006.5307 -149.6202 0
L1 03     21 +014.0756 -000.3628 -000.7251 +084.8362 +007.2017 +085.4684 0
L1 04     21 +017.1391 -000.4947 -001.7193 -173.4984 +056.9066 -043.2993 0
L1 05     21 +015.8619 -001.8607 -001.6260 +174.5998 -011.4517 -177.3154 0
L1 06     21 +015.8069 -001.0501 -002.0396 +173.0372 -003.6763 -179.9756 0
L1 07     21 +015.7347 -000.0839 -001.5282 +177.1332 -000.1770 -166.9478 0
L1 08     21 +015.7971 +000.7313 -001.2291 +175.9832 -004.2724 -179.9392 0
L1 01     25 +014.1284 -001.0530 +001.3057 +081.3335 +001.7130 +001.0347 0
L1 02     25 +007.4470 +005.5194 +001.6835 -095.0396 +006.5307 -149.6195 0
L1 03     25 +014.0757 -000.3629 -000.7251 +084.8351 +007.2023 +085.4683 0
L1 04     25 +017.1391 -000.4946 -001.7193 -173.4987 +056.9059 -043.2997 0
L1 05     25 +015.8619 -001.8605 -001.6261 +174.6012 -011.4519 -177.3155 0
L1 06     25 +015.8069 -001.0504 -002.0395 +173.0352 -003.6752 -179.9755 0
L1 07     25 +015.7347 -000.0839 -001.5280 +177.1332 -000.1756 -166.9467 0
L1 08     25 +015.7971 +000.7313 -001.2292 +175.9829 -004.2726 -179.9389 0
L1 01     29 +014.1284 -001.0529 +001.3057 +081.3353 +001.7135 +001.0357 0
L1 02     29 +007.4470 +005.5194 +001.6835 -095.0389 +006.5307 -149.6206 0
L1 03     29 +014.0756 -000.3627 -000.7251 +084.8378 +007.2029 +085.4688 0
L1 04     29 +017.1391 -000.4940 -001.7191 -173.4934 +056.9073 -043.2997 0
L1 05     29 +015.8619 -001.8602 -001.6261 +174.6041 -011.4519 -177.3161 0
L1 06     29 +015.8069 -001.0500 -002.0395 +173.0379 -003.6753 -179.9768 0
L1 07     29 +015.7346 -000.0840 -001.5280 +177.1330 -000.1756 -166.9463 0
L1 08     29 +015.7971 +000.7314 -001.2290 +175.9848 -004.2705 -179.9390 0
L1 01     33 +014.1284 -001.0528 +001.3057 +081.3358 +001.7135 +001.0364 0
L1 02     33 +007.4469 +005.5195 +001.6835 -095.0384 +006.5307 -149.6230 0
L1 03     33 +014.0756 -000.3626 -000.7252 +084.8388 +007.2031 +085.4695 0
L1 04     33 +017.1391 -000.4935 -001.7194 -173.4898 +056.9052 -043.3010 0
L1 05     33 +015.8620 -001.8599 -001.6260 +174.6076 -011.4508 -177.3156 0
L1 06     33 +015.8069 -001.0496 -002.0396 +173.0411 -003.6753 -179.9767 0
L1 07     33 +015.7347 -000.0833 -001.5277 +177.1394 -000.1729 -166.9475 0
L1 08     33 +015.7970 +000.7315 -001.2290 +175.9858 -004.2703 -179.9397 0
L1 01     37 +014.1284 -001.0530 +001.3058 +081.3330 +001.7129 +001.0354 0
L1 02     37 +007.4470 +005.5194 +001.6835 -095.0406 +006.5305 -149.6261 0
L1 03     37 +014.0757 -000.3627 -000.7251 +084.8374 +007.2037 +085.4689 0
L1 04     37 +017.1391 -000.4942 -001.7193 -173.4949 +056.9063 -043.2998 0
L1 05     37 +015.8619 -001.8606 -001.6260 +174.6016 -011.4509 -177.3139 0
L1 06     37 +015.8070 -001.0500 -002.0394 +173.0381 -003.6744 -179.9759 0
L1 07     37 +015.7347 -000.0833 -001.5279 +177.1367 -000.1749 -166.9465 0
L1 08     37 +015.7971 +000.7314 -001.2291 +175.9848 -004.2715 -179.9384 0
L1 01     41 +014.1284 -001.0530 +001.3058 +081.3325 +001.7144 +001.0358 0
L1 02     41 +007.4470 +005.5194 +001.6835 -095.0401 +006.5308 -149.6242 0
L1 03     41 +014.0756 -000.3628 -000.7250 +084.8370 +007.2058 +085.4693 0
L1 04     41 +017.1390 -000.4945 -001.7192 -173.4931 +056.9051 -043.2963 0
L1 05     41 +015.8618 -001.8609 -001.6261 +174.6000 -011.4525 -177.3131 0
L1 06     41 +015.8069 -001.0503 -002.0393 +173.0369 -003.6752 -179.9741 0
L1 07     41 +015.7347 -000.0838 -001.5278 +177.1346 -000.1757 -166.9452 0
L1 08     41 +015.7970 +000.7313 -001.2291 +175.9848 -004.2727 -179.9370 0
L1 01     45 +014.1284 -001.0531 +001.3059 +081.3316 +001.7151 +001.0363 0
L1 02     45 +007.4470 +005.5194 +001.6835 -095.0398 +006.5301 -149.6212 0
L1 03     45 +014.0756 -000.3631 -000.7250 +084.8353 +007.2080 +085.4690 0
L1 04     45 +017.1390 -000.4945 -001.7192 -173.4919 +056.9046 -043.2944 0
L1 05     45 +015.8618 -001.8609 -001.6261 +174.5996 -011.4528 -177.3120 0
L1 06     45 +015.8069 -001.0503 -002.0395 +173.0373 -003.6764 -179.9735 0
L1 07     45 +015.7347 -000.0840 -001.5282 +177.1346 -000.1783 -166.9450 0
L1 08     45 +015.7970 +000.7312 -001.2290 +175.9840 -004.2729 -179.9360 0
L1 01     49 +014.1284 -001.0530 +001.3060 +081.3325 +001.7150 +001.0351 0
L1 02     49 +007.4470 +005.5194 +001.6835 -095.0388 +006.5298 -149.6175 0
L1 03     49 +014.0756 -000.3630 -000.7251 +084.8368 +007.2088 +085.4686 0
L1 04     49 +017.1391 -000.4945 -001.7190 -173.4913 +056.9063 -043.2947 0
L1 05     49 +015.8619 -001.8607 -001.6261 +174.6019 -011.4523 -177.3126 0
L1 06     49 +015.8070 -001.0498 -002.0395 +173.0411 -003.6753 -179.9736 0
L1 07     49 +015.7347 -000.0842 -001.5280 +177.1339 -000.1763 -166.9437 0
L1 08     49 +015.7971 +000.7312 -001.2291 +175.9845 -004.2723 -179.9360 0
L1 01     53 +014.1284 -001.0531 +001.3059 +081.3312 +001.7145 +001.0345 0
L1 02     53 +007.4470 +005.5194 +001.6835 -095.0391 +006.5296 -149.6187 0
L1 03     53 +014.0757 -000.3629 -000.7250 +084.8370 +007.2083 +085.4672 0
L1 04     53 +017.1391 -000.4944 -001.7189 -173.4905 +056.9074 -043.2946 0
L1 05     53 +015.8620 -001.8607 -001.6259 +174.6026 -011.4509 -177.3118 0
L1 06     53 +015.8070 -001.0498 -002.0394 +173.0421 -003.6749 -179.9748 0
L1 07     53 +015.7347 -000.0839 -001.5280 +177.1355 -000.1764 -166.9450 0
L1 08     53 +015.7971 +000.7314 -001.2291 +175.9863 -004.2724 -179.9358 0
L1 01     57 +014.1284 -001.0529 +001.3059 +081.3332 +001.7153 +001.0346 0
L1 02     57 +007.4470 +005.5194 +001.6835 -095.0393 +006.5299 -149.6219 0
L1 03     57 +014.0756 -000.3629 -000.7251 +084.8379 +007.2091 +085.4680 0
L1 04     57 +017.1391 -000.4942 -001.7190 -173.4890 +056.9067 -043.2974 0
L1 05     57 +015.8620 -001.8602 -001.6260 +174.6075 -011.4501 -177.3138 0
L1 06     57 +015.8070 -001.0498 -002.0394 +173.0423 -003.6745 -179.9760 0
L1 07     57 +015.7347 -000.0839 -001.5278 +177.1374 -000.1747 -166.9451 0
L1 08     57 +015.7971 +000.7314 -001.2291 +175.9875 -004.2722 -179.9371 0
L1 01     61 +014.1284 -001.0530 +001.3060 +081.3319 +001.7150 +001.0350 0
L1 02     61 +007.4470 +005.5194 +001.6835 -095.0402 +006.5304 -149.6240 0
L1 03     61 +014.0756 -000.3629 -000.7252 +084.8376 +007.2097 +085.4688 0
L1 04     61 +017.1392 -000.4942 -001.7191 -173.4893 +056.9061 -043.2962 0
L1 05     61 +015.8621 -001.8604 -001.6259 +174.6054 -011.4498 -177.3131 0
L1 06     61 +015.8070 -001.0502 -002.0395 +173.0386 -003.6755 -179.9741 0
L1 07     61 +015.7347 -000.0835 -001.5279 +177.1396 -000.1752 -166.9438 0
L1 08     61 +015.7971 +000.7314 -001.2291 +175.9866 -004.2719 -179.9364 0
L1 01     65 +014.1284 -001.0531 +001.3060 +081.3305 +001.7150 +001.0350 0
L1 02     65 +007.4470 +005.5194 +001.6835 -095.0397 +006.5297 -149.6225 0
L1 03     65 +014.0757 -000.3629 -000.7251 +084.8368 +007.2102 +085.4678 0
L1 04     65 +017.1392 -000.4943 -001.7190 -173.4905 +056.9068 -043.2959 0
L1 05     65 +015.8620 -001.8608 -001.6258 +174.6016 -011.4495 -177.3107 0
L1 06     65 +015.8071 -001.0500 -002.0393 +173.0392 -003.6736 -179.9734 0
L1 07     65 +015.7348 -000.0838 -001.5278 +177.1372 -000.1744 -166.9445 0
L1 08     65 +015.7971 +000.7311 -001.2290 +175.9848 -004.2713 -179.9356 0
L1 01     69 +014.1284 -001.0531 +001.3060 +081.3297 +001.7153 +001.0345 0
L1 02     69 +007.4470 +005.5194 +001.6835 -095.0396 +006.5294 -149.6205 0
L1 03     69 +014.0757 -000.3630 -000.7250 +084.8362 +007.2108 +085.4670 0
L1 04     69 +017.1392 -000.4945 -001.7189 -173.4909 +056.9080 -043.2942 0
L1 05     69 +015.8621 -001.8608 -001.6258 +174.6018 -011.4487 -177.3108 0
L1 06     69 +015.8070 -001.0502 -002.0394 +173.0380 -003.6743 -179.9733 0
L1 07     69 +015.7347 -000.0840 -001.5280 +177.1363 -000.1762 -166.9440 0
L1 08     69 +015.7971 +000.7308 -001.2291 +175.9834 -004.2717 -179.9354 0
L1 01     73 +014.1285 -001.0530 +001.3060 +081.3302 +001.7164 +001.0358 0
L1 02     73 +007.4470 +005.5193 +001.6835 -095.0401 +006.5292 -149.6199 0
L1 03     73 +014.0757 -000.3633 -000.7251 +084.8349 +007.2133 +085.4684 0
L1 04     73 +017.1392 -000.4946 -001.7188 -173.4903 +056.9069 -043.2935 0
L1 05     73 +015.8620 -001.8608 -001.6259 +174.6021 -011.4496 -177.3115 0
L1 06     73 +015.8070 -001.0504 -002.0393 +173.0372 -003.6740 -179.9727 0
L1 07     73 +015.7347 -000.0843 -001.5279 +177.1348 -000.1758 -166.9436 0
L1 08     73 +015.7971 +000.7308 -001.2290 +175.9834 -004.2713 -179.9357 0
L1 01     77 +014.1284 -001.0531 +001.3061 +081.3291 +001.7167 +001.0361 0
L1 02     77 +007.4470 +005.5194 +001.6834 -095.0399 +006.5291 -149.6212 0
L1 03     77 +014.0756 -000.3631 -000.7250 +084.8364 +007.2144 +085.4687 0
L1 04     77 +017.1391 -000.4946 -001.7188 -173.4899 +056.9062 -043.2933 0
L1 05     77 +015.8620 -001.8611 -001.6257 +174.6006 -011.4502 -177.3095 0
L1 06     77 +015.8070 -001.0504 -002.0390 +173.0383 -003.6731 -179.9716 0
L1 07     77 +015.7347 -000.0842 -001.5280 +177.1359 -000.1768 -166.9415 0
L1 08     77 +015.7971 +000.7310 -001.2290 +175.9851 -004.2727 -179.9343 0
L1 01     81 +014.1285 -001.0530 +001.3059 +081.3327 +001.7182 +001.0404 0
L1 02     81 +007.4470 +005.5194 +001.6835 -095.0393 +006.5293 -149.6215 0
L1 03     81 +014.0756 -000.3630 -000.7249 +084.8393 +007.2154 +085.4702 0
L1 04     81 +017.1391 -000.4943 -001.7188 -173.4839 +056.9062 -043.2936 0
L1 05     81 +015.8619 -001.8609 -001.6254 +174.6031 -011.4488 -177.3089 0
L1 06     81 +015.8069 -001.0504 -002.0392 +173.0395 -003.6745 -179.9701 0
L1 07     81 +015.7346 -000.0835 -001.5276 +177.1449 -000.1757 -166.9404 0
L1 08     81 +015.7970 +000.7311 -001.2288 +175.9882 -004.2712 -179.9329 0
L1 01     85 +014.1284 -001.0531 +001.3061 +081.3296 +001.7191 +001.0373 0
L1 02     85 +007.4470 +005.5194 +001.6835 -095.0397 +006.5290 -149.6212 0
L1 03     85 +014.0756 -000.3632 -000.7249 +084.8374 +007.2175 +085.4697 0
L1 04     85 +017.1390 -000.4945 -001.7189 -173.4850 +056.9038 -043.2910 0
L1 05     85 +015.8619 -001.8608 -001.6257 +174.6045 -011.4510 -177.3074 0
L1 06     85 +015.8070 -001.0504 -002.0392 +173.0399 -003.6754 -179.9697 0
L1 07     85 +015.7345 -000.0840 -001.5278 +177.1414 -000.1791 -166.9389 0
L1 08     85 +015.7969 +000.7310 -001.2290 +175.9874 -004.2748 -179.9320 0
L1 01     89 +014.1279 -001.0539 +001.3070 +081.3254 +001.7106 +001.0342 0
L1 02     89 +007.4471 +005.5187 +001.6840 -095.0420 +006.5317 -149.6232 0
L1 03     89 +014.0753 -000.3627 -000.7257 +084.8408 +007.2105 +085.4761 0
L1 04     89 +017.1388 -000.4943 -001.7194 -173.4951 +056.8993 -043.3039 0
L1 05     89 +015.8619 -001.8609 -001.6256 +174.6031 -011.4501 -177.3074 0
L1 06     89 +015.8070 -001.0507 -002.0391 +173.0382 -003.6744 -179.9689 0
L1 07     89 +015.7346 -000.0840 -001.5282 +177.1416 -000.1815 -166.9382 0
L1 08     89 +015.7969 +000.7310 -001.2291 +175.9868 -004.2742 -179.9316 0
L1 01     93 +014.1283 -001.0533 +001.3067 +081.3266 +001.7150 +001.0324 0
L1 02     93 +007.4470 +005.5193 +001.6835 -095.0406 +006.5292 -149.6185 0
L1 03     93 +014.0757 -000.3635 -000.7248 +084.8347 +007.2162 +085.4675 0
L1 04     93 +017.1391 -000.4950 -001.7189 -173.4929 +056.9050 -043.2941 0
L1 05     93 +015.8620 -001.8612 -001.6255 +174.6017 -011.4488 -177.3079 0
L1 06     93 +015.8070 -001.0511 -002.0390 +173.0364 -003.6734 -179.9693 0
L1 07     93 +015.7347 -000.0841 -001.5281 +177.1400 -000.1790 -166.9389 0
L1 08     93 +015.7970 +000.7308 -001.2291 +175.9851 -004.2741 -179.9324 0
L1 01     97 +014.1284 -001.0531 +001.3064 +081.3294 +001.7151 +001.0341 0
L1 02     97 +007.4470 +005.5193 +001.6835 -095.0403 +006.5289 -149.6198 0
L1 03     97 +014.0757 -000.3632 -000.7247 +084.8378 +007.2161 +085.4663 0
L1 04     97 +017.1392 -000.4945 -001.7188 -173.4871 +056.9061 -043.2938 0
L1 05     97 +015.8621 -001.8608 -001.6253 +174.6057 -011.4471 -177.3080 0
L1 06     97 +015.8071 -001.0504 -002.0388 +173.0411 -003.6724 -179.9704 0
L1 07     97 +015.7347 -000.0844 -001.5281 +177.1404 -000.1789 -166.9410 0
L1 08     97 +015.7970 +000.7311 -001.2289 +175.9888 -004.2722 -179.9338 0
L1 01    101 +014.1285 -001.0531 +001.3062 +081.3296 +001.7165 +001.0370 0
L1 02    101 +007.4470 +005.5193 +001.6835 -095.0409 +006.5291 -149.6228 0
L1 03    101 +014.0757 -000.3633 -000.7247 +084.8380 +007.2175 +085.4671 0
L1 04    101 +017.1392 -000.4946 -001.7186 -173.4861 +056.9060 -043.2929 0
L1 05    101 +015.8621 -001.8608 -001.6255 +174.6064 -011.4483 -177.3078 0
L1 06    101 +015.8071 -001.0504 -002.0386 +173.0409 -003.6707 -179.9702 0
L1 07    101 +015.7348 -000.0846 -001.5278 +177.1402 -000.1772 -166.9413 0
L1 08    101 +015.7970 +000.7310 -001.2287 +175.9879 -004.2704 -179.9337 0
L1 01    105 +014.1284 -001.0531 +001.3063 +081.3303 +001.7177 +001.0388 0
L1 02    105 +007.4470 +005.5193 +001.6835 -095.0406 +006.5285 -149.6216 0
L1 03    105 +014.0756 -000.3632 -000.7247 +084.8404 +007.2205 +085.4692 0
L1 04    105 +017.1392 -000.4948 -001.7187 -173.4842 +056.9042 -043.2906 0
L1 05    105 +015.8621 -001.8605 -001.6256 +174.6085 -011.4498 -177.3070 0
L1 06    105 +015.8070 -001.0505 -002.0388 +173.0412 -003.6729 -179.9701 0
L1 07    105 +015.7347 -000.0844 -001.5276 +177.1424 -000.1772 -166.9404 0
L1 08    105 +015.7969 +000.7310 -001.2287 +175.9888 -004.2715 -179.9323 0
L1 01    109 +014.1284 -001.0531 +001.3063 +081.3310 +001.7174 +001.0378 0
L1 02    109 +007.4471 +005.5193 +001.6835 -095.0397 +006.5278 -149.6178 0
L1 03    109 +014.0756 -000.3632 -000.7246 +084.8416 +007.2203 +085.4677 0
L1 04    109 +017.1391 -000.4946 -001.7186 -173.4811 +056.9047 -043.2902 0
L1 05    109 +015.8621 -001.8605 -001.6255 +174.6092 -011.4485 -177.3059 0
L1 06    109 +015.8070 -001.0504 -002.0392 +173.0436 -003.6751 -179.9694 0
L1 07    109 +015.7347 -000.0842 -001.5278 +177.1469 -000.1787 -166.9380 0
L1 08    109 +015.7969 +000.7311 -001.2288 +175.9926 -004.2728 -179.9316 0
L1 01    113 +014.1284 -001.0532 +001.3065 +081.3300 +001.7161 +001.0353 0
L1 02    113 +007.4470 +005.5193 +001.6835 -095.0390 +006.5282 -149.6156 0
L1 03    113 +014.0757 -000.3632 -000.7246 +084.8412 +007.2205 +085.4657 0
L1 04    113 +017.1392 -000.4946 -001.7186 -173.4812 +056.9055 -043.2896 0
L1 05    113 +015.8621 -001.8606 -001.6253 +174.6095 -011.4471 -177.3059 0
L1 06    113 +015.8070 -001.0505 -002.0393 +173.0451 -003.6754 -179.9701 0
L1 07    113 +015.7346 -000.0838 -001.5280 +177.1500 -000.1803 -166.9398 0
L1 08    113 +015.7969 +000.7312 -001.2288 +175.9931 -004.2725 -179.9320 0
L1 01    117 +014.1284 -001.0534 +001.3064 +081.3279 +001.7160 +001.0362 0
L1 02    117 +007.4471 +005.5193 +001.6835 -095.0409 +006.5285 -149.6184 0
L1 03    117 +014.0757 -000.3634 -000.7246 +084.8395 +007.2209 +085.4659 0
L1 04    117 +017.1392 -000.4949 -001.7187 -173.4832 +056.9051 -043.2895 0
L1 05    117 +015.8622 -001.8609 -001.6254 +174.6073 -011.4479 -177.3076 0
L1 06    117 +015.8070 -001.0510 -002.0391 +173.0404 -003.6742 -179.9684 0
L1 07    117 +015.7347 -000.0844 -001.5280 +177.1443 -000.1801 -166.9397 0
L1 08    117 +015.7969 +000.7310 -001.2287 +175.9895 -004.2714 -179.9316 0
L1 01    121 +014.1284 -001.0533 +001.3064 +081.3286 +001.7146 +001.0364 0
L1 02    121 +007.4471 +005.5193 +001.6835 -095.0405 +006.5283 -149.6198 0
L1 03    121 +014.0757 -000.3631 -000.7246 +084.8412 +007.2202 +085.4660 0
L1 04    121 +017.1392 -000.4946 -001.7186 -173.4828 +056.9059 -043.2914 0
L1 05    121 +015.8622 -001.8603 -001.6256 +174.6123 -011.4478 -177.3090 0
L1 06    121 +015.8071 -001.0505 -002.0390 +173.0439 -003.6735 -179.9685 0
L1 07    121 +015.7347 -000.0838 -001.5275 +177.1491 -000.1763 -166.9405 0
L1 08    121 +015.7969 +000.7312 -001.2286 +175.9920 -004.2707 -179.9322 0
L1 01    125 +014.1284 -001.0533 +001.3064 +081.3277 +001.7142 +001.0356 0
L1 02    125 +007.4470 +005.5193 +001.6835 -095.0405 +006.5282 -149.6208 0
L1 03    125 +014.0757 -000.3633 -000.7246 +084.8394 +007.2202 +085.4650 0
L1 04    125 +017.1392 -000.4946 -001.7187 -173.4849 +056.9062 -043.2932 0
L1 05    125 +015.8623 -001.8603 -001.6255 +174.6114 -011.4465 -177.3099 0
L1 06    125 +015.8072 -001.0502 -002.0388 +173.0451 -003.6717 -179.9703 0
L1 07    125 +015.7347 -000.0839 -001.5276 +177.1479 -000.1767 -166.9419 0
L1 08    125 +015.7970 +000.7312 -001.2287 +175.9916 -004.2712 -179.9337 0
L1 01    129 +014.1285 -001.0533 +001.3064 +081.3280 +001.7147 +001.0365 0
L1 02    129 +007.4470 +005.5193 +001.6835 -095.0401 +006.5278 -149.6211 0
L1 03    129 +014.0757 -000.3634 -000.7246 +084.8394 +007.2211 +085.4655 0
L1 04    129 +017.1393 -000.4944 -001.7186 -173.4831 +056.9056 -043.2930 0
L1 05    129 +015.8623 -001.8605 -001.6256 +174.6107 -011.4475 -177.3078 0
L1 06    129 +015.8072 -001.0506 -002.0391 +173.0432 -003.6738 -179.9694 0
L1 07    129 +015.7347 -000.0838 -001.5275 +177.1489 -000.1761 -166.9409 0
L1 08    129 +015.7970 +000.7311 -001.2288 +175.9918 -004.2716 -179.9336 0
L1 01    133 +014.1285 -001.0531 +001.3066 +081.3280 +001.7164 +001.0361 0
L1 02    133 +007.4470 +005.5193 +001.6835 -095.0400 +006.5278 -149.6195 0
L1 03    133 +014.0757 -000.3635 -000.7246 +084.8387 +007.2240 +085.4659 0
L1 04    133 +017.1393 -000.4945 -001.7185 -173.4809 +056.9053 -043.2904 0
L1 05    133 +015.8622 -001.8609 -001.6256 +174.6089 -011.4475 -177.3079 0
L1 06    133 +015.8071 -001.0507 -002.0391 +173.0424 -003.6739 -179.9679 0
L1 07    133 +015.7347 -000.0840 -001.5276 +177.1490 -000.1770 -166.9403 0
L1 08    133 +015.7970 +000.7310 -001.2288 +175.9910 -004.2724 -179.9323 0
L1 01    137 +014.1284 -001.0532 +001.3064 +081.3271 +001.7163 +001.0375 0
L1 02    137 +007.4470 +005.5193 +001.6835 -095.0387 +006.5278 -149.6160 0
L1 03    137 +014.0757 -000.3634 -000.7245 +084.8398 +007.2245 +085.4660 0
L1 04    137 +017.1392 -000.4945 -001.7185 -173.4798 +056.9056 -043.2895 0
L1 05    137 +015.8621 -001.8610 -001.6254 +174.6079 -011.4461 -177.3067 0
L1 06    137 +015.8070 -001.0506 -002.0391 +173.0427 -003.6741 -179.9684 0
L1 07    137 +015.7347 -000.0840 -001.5274 +177.1497 -000.1767 -166.9401 0
L1 08    137 +015.7969 +000.7310 -001.2285 +175.9912 -004.2704 -179.9317 0
L1 01    141 +014.1284 -001.0532 +001.3065 +081.3263 +001.7151 +001.0363 0
L1 02    141 +007.4470 +005.5193 +001.6835 -095.0395 +006.5277 -149.6147 0
L1 03    141 +014.0757 -000.3634 -000.7245 +084.8382 +007.2242 +085.4647 0
L1 04    141 +017.1393 -000.4946 -001.7184 -173.4813 +056.9066 -043.2897 0
L1 05    141 +015.8622 -001.8609 -001.6251 +174.6077 -011.4442 -177.3073 0
L1 06    141 +015.8071 -001.0507 -002.0388 +173.0422 -003.6720 -179.9686 0
L1 07    141 +015.7348 -000.0842 -001.5274 +177.1484 -000.1761 -166.9400 0
L1 08    141 +015.7970 +000.7310 -001.2285 +175.9906 -004.2700 -179.9328 0
L1 01    145 +014.1285 -001.0532 +001.3064 +081.3254 +001.7140 +001.0362 0
L1 02    145 +007.4471 +005.5193 +001.6835 -095.0403 +006.5280 -149.6180 0
L1 03    145 +014.0758 -000.3634 -000.7245 +084.8374 +007.2234 +085.4634 0
L1 04    145 +017.1394 -000.4946 -001.7181 -173.4862 +056.9096 -043.2935 0
L1 05    145 +015.8623 -001.8610 -001.6251 +174.6068 -011.4436 -177.3075 0
L1 06    145 +015.8072 -001.0507 -002.0386 +173.0411 -003.6690 -179.9693 0
L1 07    145 +015.7348 -000.0841 -001.5273 +177.1474 -000.1746 -166.9410 0
L1 08    145 +015.7971 +000.7311 -001.2285 +175.9899 -004.2696 -179.9337 0
L1 01    149 +014.1285 -001.0532 +001.3063 +081.3255 +001.7144 +001.0379 0
L1 02    149 +007.4470 +005.5193 +001.6835 -095.0402 +006.5279 -149.6213 0
L1 03    149 +014.0757 -000.3634 -000.7245 +084.8381 +007.2240 +085.4646 0
L1 04    149 +017.1393 -000.4945 -001.7184 -173.4842 +056.9066 -043.2939 0
L1 05    149 +015.8622 -001.8612 -001.6253 +174.6062 -011.4446 -177.3072 0
L1 06    149 +015.8072 -001.0505 -002.0386 +173.0427 -003.6704 -179.9700 0
L1 07    149 +015.7347 -000.0840 -001.5279 +177.1486 -000.1776 -166.9413 0
L1 08    149 +015.7970 +000.7311 -001.2283 +175.9911 -004.2689 -179.9337 0
L1 01    153 +014.1284 -001.0531 +001.3065 +081.3257 +001.7154 +001.0378 0
L1 02    153 +007.4470 +005.5193 +001.6835 -095.0397 +006.5276 -149.6210 0
L1 03    153 +014.0757 -000.3633 -000.7244 +084.8398 +007.2256 +085.4650 0
L1 04    153 +017.1392 -000.4943 -001.7186 -173.4794 +056.9038 -043.2912 0
L1 05    153 +015.8621 -001.8607 -001.6256 +174.6106 -011.4490 -177.3048 0
L1 06    153 +015.8071 -001.0501 -002.0391 +173.0469 -003.6745 -179.9692 0
L1 07    153 +015.7347 -000.0838 -001.5273 +177.1506 -000.1759 -166.9397 0
L1 08    153 +015.7969 +000.7313 -001.2286 +175.9943 -004.2722 -179.9315 0
L1 01    157 +014.1284 -001.0533 +001.3066 +081.3242 +001.7163 +001.0386 0
L1 02    157 +007.4470 +005.5193 +001.6835 -095.0396 +006.5276 -149.6189 0
L1 03    157 +014.0756 -000.3633 -000.7244 +084.8393 +007.2290 +085.4664 0
L1 04    157 +017.1392 -000.4946 -001.7184 -173.4778 +056.9032 -043.2874 0
L1 05    157 +015.8621 -001.8607 -001.6253 +174.6100 -011.4478 -177.3032 0
L1 06    157 +015.8070 -001.0504 -002.0388 +173.0447 -003.6733 -179.9671 0
L1 07    157 +015.7346 -000.0838 -001.5276 +177.1507 -000.1793 -166.9372 0
L1 08    157 +015.7969 +000.7311 -001.2286 +175.9924 -004.2732 -179.9296 0
L1 01    161 +014.1284 -001.0532 +001.3066 +081.3237 +001.7173 +001.0399 0
L1 02    161 +007.4470 +005.5193 +001.6835 -095.0399 +006.5276 -149.6178 0
L1 03    161 +014.0756 -000.3635 -000.7245 +084.8378 +007.2300 +085.4676 0
L1 04    161 +017.1391 -000.4947 -001.7184 -173.4779 +056.9032 -043.2862 0
L1 05    161 +015.8622 -001.8608 -001.6249 +174.6084 -011.4459 -177.3035 0
L1 06    161 +015.8069 -001.0509 -002.0388 +173.0415 -003.6734 -179.9662 0
L1 07    161 +015.7346 -000.0840 -001.5275 +177.1505 -000.1787 -166.9372 0
L1 08    161 +015.7969 +000.7308 -001.2286 +175.9904 -004.2727 -179.9293 0
L1 01    165 +014.1283 -001.0535 +001.3065 +081.3211 +001.7168 +001.0420 0
L1 02    165 +007.4471 +005.5193 +001.6835 -095.0403 +006.5280 -149.6178 0
L1 03    165 +014.0755 -000.3634 -000.7244 +084.8391 +007.2296 +085.4681 0
L1 04    165 +017.1390 -000.4950 -001.7184 -173.4805 +056.9030 -043.2871 0
L1 05    165 +015.8621 -001.8608 -001.6250 +174.6091 -011.4454 -177.3023 0
L1 06    165 +015.8069 -001.0506 -002.0386 +173.0432 -003.6727 -179.9656 0
L1 07    165 +015.7345 -000.0839 -001.5275 +177.1510 -000.1794 -166.9361 0
L1 08    165 +015.7968 +000.7308 -001.2285 +175.9902 -004.2721 -179.9284 0
L1 01    169 +014.1283 -001.0533 +001.3066 +081.3232 +001.7190 +001.0432 0
L1 02    169 +007.4470 +005.5193 +001.6835 -095.0397 +006.5276 -149.6188 0
L1 03    169 +014.0755 -000.3634 -000.7244 +084.8404 +007.2316 +085.4693 0
L1 04    169 +017.1389 -000.4947 -001.7185 -173.4766 +056.9009 -043.2862 0
L1 05    169 +015.8620 -001.8609 -001.6251 +174.6101 -011.4472 -177.3023 0
L1 06    169 +015.8068 -001.0503 -002.0386 +173.0460 -003.6735 -179.9660 0
L1 07    169 +015.7344 -000.0840 -001.5276 +177.1516 -000.1807 -166.9359 0
L1 08    169 +015.7967 +000.7309 -001.2285 +175.9921 -004.2732 -179.9281 0
L1 01    173 +014.1283 -001.0534 +001.3067 +081.3225 +001.7191 +001.0427 0
L1 02    173 +007.4470 +005.5193 +001.6835 -095.0397 +006.5274 -149.6187 0
L1 03    173 +014.0755 -000.3635 -000.7244 +084.8406 +007.2327 +085.4697 0
L1 04    173 +017.1388 -000.4945 -001.7188 -173.4726 +056.8981 -043.2844 0
L1 05    173 +015.8620 -001.8607 -001.6251 +174.6128 -011.4485 -177.3020 0
L1 06    173 +015.8067 -001.0500 -002.0390 +173.0503 -003.6783 -179.9657 0
L1 07    173 +015.7344 -000.0839 -001.5279 +177.1530 -000.1836 -166.9350 0
L1 08    173 +015.7966 +000.7310 -001.2289 +175.9943 -004.2778 -179.9263 0
L1 01    177 +014.1283 -001.0533 +001.3067 +081.3224 +001.7192 +001.0423 0
L1 02    177 +007.4470 +005.5193 +001.6835 -095.0395 +006.5273 -149.6187 0
L1 03    177 +014.0755 -000.3635 -000.7244 +084.8401 +007.2333 +085.4693 0
L1 04    177 +017.1390 -000.4947 -001.7188 -173.4745 +056.8983 -043.2847 0
L1 05    177 +015.8620 -001.8607 -001.6253 +174.6117 -011.4497 -177.3004 0
L1 06    177 +015.8067 -001.0509 -002.0391 +173.0434 -003.6783 -179.9639 0
L1 07    177 +015.7344 -000.0842 -001.5283 +177.1502 -000.1860 -166.9345 0
L1 08    177 +015.7967 +000.7309 -001.2288 +175.9933 -004.2766 -179.9274 0
L1 01    181 +014.1283 -001.0533 +001.3068 +081.3221 +001.7194 +001.0423 0
L1 02    181 +007.4470 +005.5193 +001.6835 -095.0397 +006.5274 -149.6193 0
L1 03    181 +014.0755 -000.3636 -000.7244 +084.8398 +007.2338 +085.4688 0
L1 04    181 +017.1389 -000.4946 -001.7186 -173.4733 +056.9000 -043.2839 0
L1 05    181 +015.8620 -001.8612 -001.6251 +174.6092 -011.4480 -177.3011 0
L1 06    181 +015.8067 -001.0508 -002.0389 +173.0444 -003.6769 -179.9645 0
L1 07    181 +015.7344 -000.0841 -001.5278 +177.1517 -000.1834 -166.9354 0
L1 08    181 +015.7967 +000.7308 -001.2287 +175.9926 -004.2755 -179.9275 0
L1 01    185 +014.1283 -001.0534 +001.3068 +081.3210 +001.7190 +001.0430 0
L1 02    185 +007.4470 +005.5193 +001.6835 -095.0404 +006.5273 -149.6199 0
L1 03    185 +014.0755 -000.3637 -000.7243 +084.8385 +007.2355 +085.4692 0
L1 04    185 +017.1389 -000.4950 -001.7186 -173.4755 +056.8993 -043.2831 0
L1 05    185 +015.8618 -001.8619 -001.6256 +174.6044 -011.4523 -177.2996 0
L1 06    185 +015.8067 -001.0507 -002.0389 +173.0442 -003.6772 -179.9637 0
L1 07    185 +015.7344 -000.0843 -001.5276 +177.1500 -000.1818 -166.9338 0
L1 08    185 +015.7966 +000.7307 -001.2286 +175.9913 -004.2750 -179.9264 0
L1 01    189 +014.1283 -001.0534 +001.3069 +081.3200 +001.7197 +001.0422 0
L1 02    189 +007.4470 +005.5193 +001.6835 -095.0401 +006.5272 -149.6192 0
L1 03    189 +014.0755 -000.3638 -000.7243 +084.8377 +007.2362 +085.4690 0
L1 04    189 +017.1389 -000.4949 -001.7184 -173.4744 +056.8997 -043.2822 0
L1 05    189 +015.8619 -001.8612 -001.6249 +174.6084 -011.4480 -177.2986 0
L1 06    189 +015.8067 -001.0509 -002.0388 +173.0432 -003.6773 -179.9626 0
L1 07    189 +015.7344 -000.0845 -001.5276 +177.1490 -000.1830 -166.9331 0
L1 08    189 +015.7966 +000.7307 -001.2288 +175.9919 -004.2779 -179.9256 0
L1 01    193 +014.1283 -001.0532 +001.3069 +081.3206 +001.7198 +001.0422 0
L1 02    193 +007.4470 +005.5193 +001.6835 -095.0398 +006.5268 -149.6174 0
L1 03    193 +014.0755 -000.3638 -000.7243 +084.8379 +007.2366 +085.4686 0
L1 04    193 +017.1389 -000.4948 -001.7183 -173.4743 +056.9006 -043.2830 0
L1 05    193 +015.8619 -001.8612 -001.6251 +174.6092 -011.4487 -177.3010 0
L1 06    193 +015.8067 -001.0511 -002.0388 +173.0421 -003.6769 -179.9622 0
L1 07    193 +015.7344 -000.0845 -001.5272 +177.1491 -000.1806 -166.9329 0
L1 08    193 +015.7966 +000.7307 -001.2288 +175.9923 -004.2775 -179.9261 0
L1 01    197 +014.1283 -001.0532 +001.3069 +081.3208 +001.7189 +001.0415 0
L1 02    197 +007.4470 +005.5193 +001.6835 -095.0392 +006.5266 -149.6169 0
L1 03    197 +014.0755 -000.3636 -000.7243 +084.8388 +007.2363 +085.4676 0
L1 04    197 +017.1390 -000.4947 -001.7182 -173.4734 +056.9021 -043.2834 0
L1 05    197 +015.8620 -001.8607 -001.6249 +174.6115 -011.4468 -177.2997 0
L1 06    197 +015.8068 -001.0509 -002.0389 +173.0438 -003.6762 -179.9632 0
L1 07    197 +015.7345 -000.0843 -001.5273 +177.1504 -000.1799 -166.9339 0
L1 08    197 +015.7967 +000.7308 -001.2287 +175.9932 -004.2756 -179.9267 0
L1 01    201 +014.1283 -001.0533 +001.3069 +081.3193 +001.7165 +001.0410 0
L1 02    201 +007.4470 +005.5193 +001.6835 -095.0396 +006.5265 -149.6178 0
L1 03    201 +014.0756 -000.3634 -000.7243 +084.8397 +007.2358 +085.4669 0
L1 04    201 +017.1390 -000.4946 -001.7183 -173.4736 +056.9024 -043.2851 0
L1 05    201 +015.8621 -001.8605 -001.6247 +174.6123 -011.4444 -177.3009 0
L1 06    201 +015.8069 -001.0510 -002.0385 +173.0435 -003.6736 -179.9634 0
L1 07    201 +015.7345 -000.0843 -001.5273 +177.1508 -000.1793 -166.9340 0
L1 08    201 +015.7967 +000.7309 -001.2286 +175.9937 -004.2742 -179.9269 0
L1 01    205 +014.1283 -001.0533 +001.3068 +081.3190 +001.7163 +001.0416 0
L1 02    205 +007.4470 +005.5193 +001.6835 -095.0397 +006.5266 -149.6200 0
L1 03    205 +014.0756 -000.3634 -000.7242 +084.8395 +007.2360 +085.4669 0
L1 04    205 +017.1390 -000.4945 -001.7183 -173.4733 +056.9020 -043.2848 0
L1 05    205 +015.8621 -001.8606 -001.6251 +174.6122 -011.4466 -177.3016 0
L1 06    205 +015.8068 -001.0509 -002.0385 +173.0438 -003.6731 -179.9633 0
L1 07    205 +015.7345 -000.0841 -001.5272 +177.1526 -000.1787 -166.9350 0
L1 08    205 +015.7967 +000.7308 -001.2286 +175.9929 -004.2746 -179.9268 0
L1 01    209 +014.1283 -001.0532 +001.3068 +081.3186 +001.7156 +001.0411 0
L1 02    209 +007.4470 +005.5193 +001.6835 -095.0400 +006.5269 -149.6206 0
L1 03    209 +014.0756 -000.3634 -000.7243 +084.8392 +007.2364 +085.4670 0
L1 04    209 +017.1391 -000.4947 -001.7182 -173.4747 +056.9023 -043.2847 0
L1 05    209 +015.8618 -001.8601 -001.6263 +174.6140 -011.4548 -177.3096 0
L1 06    209 +015.8064 -001.0492 -002.0409 +173.0510 -003.6879 -179.9734 0
L1 07    209 +015.7341 -000.0834 -001.5287 +177.1555 -000.1904 -166.9433 0
L1 08    209 +015.7963 +000.7319 -001.2299 +175.9980 -004.2870 -179.9369 0
L1 01    213 +014.1283 -001.0534 +001.3069 +081.3153 +001.7115 +001.0364 0
L1 02    213 +007.4470 +005.5193 +001.6835 -095.0398 +006.5265 -149.6176 0
L1 03    213 +014.0757 -000.3634 -000.7243 +084.8365 +007.2353 +085.4632 0
L1 04    213 +017.1392 -000.4948 -001.7181 -173.4789 +056.9067 -043.2866 0
L1 05    213 +015.8622 -001.8606 -001.6252 +174.6098 -011.4441 -177.3040 0
L1 06    213 +015.8072 -001.0501 -002.0392 +173.0457 -003.6754 -179.9679 0
L1 07    213 +015.7346 -000.0843 -001.5275 +177.1497 -000.1787 -166.9373 0
L1 08    213 +015.7969 +000.7311 -001.2286 +175.9923 -004.2727 -179.9303 0
L1 01    217 +014.1284 -001.0535 +001.3068 +081.3142 +001.7067 +001.0337 0
L1 02    217 +007.4471 +005.5192 +001.6835 -095.0397 +006.5266 -149.6138 0
L1 03    217 +014.0758 -000.3635 -000.7243 +084.8336 +007.2323 +085.4590 0
L1 04    217 +017.1394 -000.4950 -001.7179 -173.4860 +056.9109 -043.2908 0
L1 05    217 +015.8625 -001.8604 -001.6254 +174.6117 -011.4434 -177.3063 0
L1 06    217 +015.8073 -001.0505 -002.0386 +173.0434 -003.6689 -179.9691 0
L1 07    217 +015.7349 -000.0843 -001.5275 +177.1487 -000.1760 -166.9410 0
L1 08    217 +015.7972 +000.7312 -001.2285 +175.9919 -004.2703 -179.9326 0
L1 01    221 +014.1284 -001.0533 +001.3066 +081.3155 +001.7065 +001.0357 0
L1 02    221 +007.4471 +005.5193 +001.6835 -095.0392 +006.5263 -149.6140 0
L1 03    221 +014.0759 -000.3631 -000.7244 +084.8371 +007.2317 +085.4600 0
L1 04    221 +017.1395 -000.4945 -001.7180 -173.4840 +056.9101 -043.2937 0
L1 05    221 +015.8626 -001.8604 -001.6254 +174.6118 -011.4417 -177.3084 0
L1 06    221 +015.8073 -001.0505 -002.0386 +173.0433 -003.6680 -179.9712 0
L1 07    221 +015.7349 -000.0837 -001.5275 +177.1523 -000.1750 -166.9414 0
L1 08    221 +015.7972 +000.7311 -001.2282 +175.9911 -004.2666 -179.9341 0
L1 01    225 +014.1284 -001.0530 +001.3067 +081.3165 +001.7091 +001.0360 0
L1 02    225 +007.4470 +005.5193 +001.6835 -095.0392 +006.5265 -149.6175 0
L1 03    225 +014.0759 -000.3635 -000.7243 +084.8341 +007.2347 +085.4606 0
L1 04    225 +017.1394 -000.4945 -001.7179 -173.4825 +056.9095 -043.2924 0
L1 05    225 +015.8625 -001.8605 -001.6255 +174.6114 -011.4431 -177.3085 0
L1 06    225 +015.8074 -001.0505 -002.0383 +173.0428 -003.6670 -179.9717 0
L1 07    225 +015.7349 -000.0840 -001.5274 +177.1512 -000.1760 -166.9409 0
L1 08    225 +015.7971 +000.7312 -001.2284 +175.9926 -004.2695 -179.9346 0
L1 01    229 +014.1284 -001.0532 +001.3067 +081.3147 +001.7099 +001.0388 0
L1 02    229 +007.4470 +005.5193 +001.6835 -095.0405 +006.5269 -149.6202 0
L1 03    229 +014.0758 -000.3635 -000.7243 +084.8344 +007.2366 +085.4626 0
L1 04    229 +017.1394 -000.4945 -001.7180 -173.4805 +056.9078 -043.2898 0
L1 05    229 +015.8623 -001.8612 -001.6252 +174.6067 -011.4436 -177.3054 0
L1 06    229 +015.8072 -001.0504 -002.0384 +173.0436 -003.6686 -179.9701 0
L1 07    229 +015.7348 -000.0843 -001.5274 +177.1492 -000.1775 -166.9380 0
L1 08    229 +015.7971 +000.7310 -001.2283 +175.9908 -004.2702 -179.9323 0
L1 01    233 +014.1284 -001.0532 +001.3067 +081.3148 +001.7097 +001.0398 0
L1 02    233 +007.4470 +005.5193 +001.6835 -095.0400 +006.5263 -149.6198 0
L1 03    233 +014.0757 -000.3632 -000.7244 +084.8372 +007.2370 +085.4648 0
L1 04    233 +017.1393 -000.4943 -001.7181 -173.4783 +056.9061 -043.2891 0
L1 05    233 +015.8622 -001.8614 -001.6252 +174.6064 -011.4445 -177.3040 0
L1 06    233 +015.8072 -001.0506 -002.0387 +173.0436 -003.6721 -179.9673 0
L1 07    233 +015.7348 -000.0843 -001.5275 +177.1502 -000.1783 -166.9382 0
L1 08    233 +015.7970 +000.7311 -001.2285 +175.9922 -004.2728 -179.9306 0
L1 01    237 +014.1284 -001.0532 +001.3067 +081.3138 +001.7076 +001.0379 0
L1 02    237 +007.4470 +005.5193 +001.6835 -095.0397 +006.5263 -149.6163 0
L1 03    237 +014.0758 -000.3633 -000.7243 +084.8351 +007.2366 +085.4618 0
L1 04    237 +017.1393 -000.4943 -001.7181 -173.4791 +056.9067 -043.2898 0
L1 05    237 +015.8623 -001.8608 -001.6250 +174.6086 -011.4404 -177.3055 0
L1 06    237 +015.8072 -001.0502 -002.0386 +173.0443 -003.6710 -179.9695 0
L1 07    237 +015.7348 -000.0845 -001.5268 +177.1488 -000.1738 -166.9392 0
L1 08    237 +015.7970 +000.7310 -001.2285 +175.9911 -004.2714 -179.9313 0
L1 01    241 +014.1284 -001.0532 +001.3066 +081.3129 +001.7064 +001.0366 0
L1 02    241 +007.4471 +005.5192 +001.6835 -095.0404 +006.5262 -149.6138 0
L1 03    241 +014.0758 -000.3634 -000.7244 +084.8334 +007.2364 +085.4610 0
L1 04    241 +017.1395 -000.4945 -001.7182 -173.4833 +056.9081 -043.2921 0
L1 05    241 +015.8624 -001.8608 -001.6249 +174.6082 -011.4375 -177.3065 0
L1 06    241 +015.8073 -001.0506 -002.0387 +173.0414 -003.6693 -179.9698 0
L1 07    241 +015.7349 -000.0843 -001.5274 +177.1490 -000.1756 -166.9405 0
L1 08    241 +015.7972 +000.7309 -001.2283 +175.9885 -004.2674 -179.9348 0
L1 01    245 +014.1284 -001.0532 +001.3066 +081.3126 +001.7045 +001.0362 0
L1 02    245 +007.4471 +005.5193 +001.6835 -095.0397 +006.5266 -149.6138 0
L1 03    245 +014.0759 -000.3633 -000.7244 +084.8337 +007.2355 +085.4604 0
L1 04    245 +017.1395 -000.4943 -001.7183 -173.4836 +056.9089 -043.2937 0
L1 05    245 +015.8625 -001.8607 -001.6248 +174.6093 -011.4369 -177.3072 0
L1 06    245 +015.8074 -001.0504 -002.0387 +173.0427 -003.6682 -179.9707 0
L1 07    245 +015.7350 -000.0840 -001.5273 +177.1510 -000.1739 -166.9410 0
L1 08    245 +015.7972 +000.7311 -001.2282 +175.9908 -004.2675 -179.9347 0
L1 01    249 +014.1284 -001.0532 +001.3067 +081.3125 +001.7046 +001.0360 0
L1 02    249 +007.4471 +005.5193 +001.6835 -095.0398 +006.5269 -149.6164 0
L1 03    249 +014.0758 -000.3632 -000.7245 +084.8345 +007.2362 +085.4611 0
L1 04    249 +017.1394 -000.4943 -001.7183 -173.4829 +056.9084 -043.2936 0
L1 05    249 +015.8624 -001.8605 -001.6251 +174.6109 -011.4392 -177.3070 0
L1 06    249 +015.8073 -001.0503 -002.0386 +173.0436 -003.6685 -179.9709 0
L1 07    249 +015.7349 -000.0839 -001.5271 +177.1523 -000.1732 -166.9398 0
L1 08    249 +015.7971 +000.7311 -001.2283 +175.9907 -004.2686 -179.9336 0
L1 01    253 +014.1284 -001.0530 +001.3067 +081.3133 +001.7064 +001.0378 0
L1 02    253 +007.4470 +005.5193 +001.6835 -095.0401 +006.5267 -149.6197 0
L1 03    253 +014.0758 -000.3633 -000.7244 +084.8346 +007.2389 +085.4625 0
L1 04    253 +017.1393 -000.4943 -001.7181 -173.4809 +056.9077 -043.2927 0
L1 05    253 +015.8623 -001.8606 -001.6252 +174.6110 -011.4413 -177.3063 0
L1 06    253 +015.8073 -001.0502 -002.0384 +173.0450 -003.6683 -179.9697 0
L1 07    253 +015.7348 -000.0840 -001.5273 +177.1526 -000.1755 -166.9403 0
L1 08    253 +015.7970 +000.7310 -001.2283 +175.9911 -004.2696 -179.9335 0
L1 01    257 +014.1283 -001.0532 +001.3068 +081.3112 +001.7062 +001.0377 0
L1 02    257 +007.4471 +005.5193 +001.6835 -095.0403 +006.5265 -149.6187 0
L1 03    257 +014.0757 -000.3634 -000.7244 +084.8335 +007.2402 +085.4628 0
L1 04    257 +017.1392 -000.4945 -001.7181 -173.4811 +056.9067 -043.2902 0
L1 05    257 +015.8623 -001.8606 -001.6250 +174.6102 -011.4411 -177.3051 0
L1 06    257 +015.8072 -001.0504 -002.0386 +173.0433 -003.6707 -179.9684 0
L1 07    257 +015.7347 -000.0838 -001.5273 +177.1533 -000.1765 -166.9389 0
L1 08    257 +015.7970 +000.7310 -001.2284 +175.9912 -004.2718 -179.9312 0
L1 01    261 +014.1284 -001.0533 +001.3068 +081.3095 +001.7060 +001.0380 0
L1 02    261 +007.4471 +005.5192 +001.6835 -095.0407 +006.5262 -149.6159 0
L1 03    261 +014.0758 -000.3636 -000.7243 +084.8317 +007.2409 +085.4624 0
L1 04    261 +017.1393 -000.4946 -001.7183 -173.4819 +056.9055 -043.2900 0
L1 05    261 +015.8623 -001.8610 -001.6251 +174.6076 -011.4421 -177.3041 0
L1 06    261 +015.8072 -001.0506 -002.0386 +173.0411 -003.6708 -179.9679 0
L1 07    261 +015.7348 -000.0844 -001.5271 +177.1496 -000.1763 -166.9376 0
L1 08    261 +015.7970 +000.7308 -001.2285 +175.9890 -004.2724 -179.9311 0
L1 01    265 +014.1284 -001.0532 +001.3068 +081.3093 +001.7050 +001.0371 0
L1 02    265 +007.4471 +005.5192 +001.6835 -095.0401 +006.5262 -149.6141 0
L1 03    265 +014.0758 -000.3635 -000.7242 +084.8318 +007.2409 +085.4613 0
L1 04    265 +017.1393 -000.4946 -001.7182 -173.4821 +056.9068 -043.2899 0
L1 05    265 +015.8623 -001.8610 -001.6251 +174.6073 -011.4417 -177.3036 0
L1 06    265 +015.8072 -001.0506 -002.0387 +173.0417 -003.6713 -179.9686 0
L1 07    265 +015.7348 -000.0844 -001.5269 +177.1494 -000.1758 -166.9379 0
L1 08    265 +015.7970 +000.7310 -001.2285 +175.9901 -004.2730 -179.9313 0
L1 01    269 +014.1283 -001.0533 +001.3070 +081.3090 +001.7040 +001.0363 0
L1 02    269 +007.4471 +005.5193 +001.6835 -095.0393 +006.5263 -149.6150 0
L1 03    269 +014.0758 -000.3634 -000.7243 +084.8326 +007.2415 +085.4619 0
L1 04    269 +017.1392 -000.4945 -001.7182 -173.4808 +056.9072 -043.2901 0
L1 05    269 +015.8622 -001.8607 -001.6253 +174.6095 -011.4430 -177.3041 0
L1 06    269 +015.8071 -001.0505 -002.0387 +173.0430 -003.6721 -179.9679 0
L1 07    269 +015.7348 -000.0840 -001.5273 +177.1526 -000.1784 -166.9374 0
L1 08    269 +015.7970 +000.7313 -001.2287 +175.9930 -004.2749 -179.9309 0
L1 01    273 +014.1283 -001.0532 +001.3067 +081.3089 +001.7030 +001.0386 0
L1 02    273 +007.4471 +005.5193 +001.6835 -095.0399 +006.5267 -149.6169 0
L1 03    273 +014.0757 -000.3633 -000.7243 +084.8329 +007.2413 +085.4626 0
L1 04    273 +017.1392 -000.4944 -001.7180 -173.4811 +056.9076 -043.2908 0
L1 05    273 +015.8622 -001.8609 -001.6252 +174.6076 -011.4419 -177.3047 0
L1 06    273 +015.8071 -001.0505 -002.0387 +173.0426 -003.6720 -179.9675 0
L1 07    273 +015.7347 -000.0838 -001.5274 +177.1530 -000.1789 -166.9392 0
L1 08    273 +015.7969 +000.7312 -001.2286 +175.9918 -004.2740 -179.9312 0
L1 01    277 +014.1283 -001.0533 +001.3067 +081.3065 +001.7001 +001.0380 0
L1 02    277 +007.4471 +005.5192 +001.6835 -095.0409 +006.5269 -149.6188 0
L1 03    277 +014.0758 -000.3634 -000.7243 +084.8313 +007.2407 +085.4621 0
L1 04    277 +017.1393 -000.4945 -001.7181 -173.4835 +056.9081 -043.2921 0
L1 05    277 +015.8623 -001.8610 -001.6251 +174.6066 -011.4410 -177.3054 0
L1 06    277 +015.8072 -001.0507 -002.0389 +173.0401 -003.6719 -179.9686 0
L1 07    277 +015.7348 -000.0840 -001.5273 +177.1508 -000.1769 -166.9400 0
L1 08    277 +015.7970 +000.7309 -001.2285 +175.9885 -004.2717 -179.9327 0
L1 01    281 +014.1284 -001.0534 +001.3067 +081.3060 +001.6982 +001.0364 0
L1 02    281 +007.4471 +005.5192 +001.6835 -095.0402 +006.5266 -149.6166 0
L1 03    281 +014.0759 -000.3633 -000.7243 +084.8311 +007.2396 +085.4599 0
L1 04    281 +017.1394 -000.4945 -001.7180 -173.4864 +056.9101 -043.2941 0
L1 05    281 +015.8623 -001.8609 -001.6255 +174.6069 -011.4421 -177.3064 0
L1 06    281 +015.8073 -001.0506 -002.0387 +173.0403 -003.6701 -179.9691 0
L1 07    281 +015.7348 -000.0843 -001.5271 +177.1484 -000.1744 -166.9413 0
L1 08    281 +015.7971 +000.7311 -001.2284 +175.9898 -004.2701 -179.9335 0
L1 01    285 +014.1283 -001.0533 +001.3067 +081.3071 +001.6978 +001.0354 0
L1 02    285 +007.4471 +005.5193 +001.6835 -095.0389 +006.5263 -149.6127 0
L1 03    285 +014.0758 -000.3631 -000.7244 +084.8325 +007.2401 +085.4599 0
L1 04    285 +017.1394 -000.4940 -001.7179 -173.4826 +056.9113 -043.2945 0
L1 05    285 +015.8624 -001.8604 -001.6253 +174.6111 -011.4402 -177.3083 0
L1 06    285 +015.8073 -001.0500 -002.0385 +173.0444 -003.6687 -179.9716 0
L1 07    285 +015.7349 -000.0842 -001.5271 +177.1502 -000.1742 -166.9403 0
L1 08    285 +015.7971 +000.7314 -001.2284 +175.9922 -004.2701 -179.9338 0
L1 01    289 +014.1283 -001.0532 +001.3067 +081.3073 +001.6978 +001.0355 0
L1 02    289 +007.4471 +005.5193 +001.6835 -095.0393 +006.5262 -149.6131 0
L1 03    289 +014.0759 -000.3631 -000.7244 +084.8323 +007.2408 +085.4599 0
L1 04    289 +017.1394 -000.4940 -001.7181 -173.4820 +056.9106 -043.2941 0
L1 05    289 +015.8624 -001.8605 -001.6252 +174.6102 -011.4395 -177.3082 0
L1 06    289 +015.8073 -001.0502 -002.0385 +173.0430 -003.6688 -179.9716 0
L1 07    289 +015.7349 -000.0841 -001.5272 +177.1512 -000.1750 -166.9424 0
L1 08    289 +015.7971 +000.7313 -001.2285 +175.9918 -004.2709 -179.9342 0
L1 01    293 +014.1284 -001.0532 +001.3067 +081.3063 +001.6976 +001.0363 0
L1 02    293 +007.4471 +005.5193 +001.6835 -095.0402 +006.5265 -149.6159 0
L1 03    293 +014.0758 -000.3633 -000.7243 +084.8306 +007.2416 +085.4597 0
L1 04    293 +017.1394 -000.4942 -001.7181 -173.4838 +056.9102 -043.2944 0
L1 05    293 +015.8624 -001.8605 -001.6252 +174.6101 -011.4397 -177.3078 0
L1 06    293 +015.8073 -001.0501 -002.0385 +173.0426 -003.6683 -179.9725 0
L1 07    293 +015.7349 -000.0842 -001.5270 +177.1506 -000.1736 -166.9422 0
L1 08    293 +015.7971 +000.7311 -001.2284 +175.9893 -004.2701 -179.9341 0
L1 01    297 +014.1284 -001.0533 +001.3066 +081.3053 +001.6975 +001.0382 0
L1 02    297 +007.4471 +005.5192 +001.6835 -095.0403 +006.5268 -149.6167 0
L1 03    297 +014.0758 -000.3633 -000.7245 +084.8307 +007.2426 +085.4633 0
L1 04    297 +017.1394 -000.4943 -001.7182 -173.4845 +056.9089 -043.2942 0
L1 05    297 +015.8623 -001.8608 -001.6252 +174.6075 -011.4402 -177.3064 0
L1 06    297 +015.8072 -001.0504 -002.0387 +173.0407 -003.6697 -179.9714 0
L1 07    297 +015.7349 -000.0845 -001.5272 +177.1488 -000.1750 -166.9412 0
L1 08    297 +015.7971 +000.7308 -001.2282 +175.9867 -004.2691 -179.9345 0
L1 01    301 +014.1284 -001.0532 +001.3066 +081.3056 +001.6977 +001.0383 0
L1 02    301 +007.4470 +005.5193 +001.6835 -095.0393 +006.5263 -149.6158 0
L1 03    301 +014.0758 -000.3633 -000.7244 +084.8312 +007.2436 +085.4619 0
L1 04    301 +017.1394 -000.4942 -001.7180 -173.4839 +056.9092 -043.2948 0
L1 05    301 +015.8622 -001.8609 -001.6253 +174.6075 -011.4407 -177.3059 0
L1 06    301 +015.8072 -001.0505 -002.0385 +173.0407 -003.6689 -179.9708 0
L1 07    301 +015.7348 -000.0840 -001.5271 +177.1522 -000.1748 -166.9416 0
L1 08    301 +015.7970 +000.7311 -001.2283 +175.9896 -004.2703 -179.9344 0
L1 01    305 +014.1283 -001.0531 +001.3067 +081.3061 +001.6967 +001.0377 0
L1 02    305 +007.4471 +005.5193 +001.6836 -095.0393 +006.5263 -149.6146 0
L1 03    305 +014.0758 -000.3631 -000.7244 +084.8327 +007.2435 +085.4617 0
L1 04    305 +017.1394 -000.4941 -001.7181 -173.4827 +056.9092 -043.2949 0
L1 05    305 +015.8623 -001.8605 -001.6255 +174.6097 -011.4425 -177.3065 0
L1 06    305 +015.8073 -001.0502 -002.0385 +173.0429 -003.6693 -179.9700 0
L1 07    305 +015.7348 -000.0839 -001.5271 +177.1542 -000.1755 -166.9417 0
L1 08    305 +015.7970 +000.7313 -001.2283 +175.9917 -004.2704 -179.9348 0
L1 01    309 +014.1284 -001.0530 +001.3066 +081.3060 +001.6967 +001.0392 0
L1 02    309 +007.4471 +005.5193 +001.6836 -095.0396 +006.5265 -149.6161 0
L1 03    309 +014.0758 -000.3632 -000.7244 +084.8319 +007.2443 +085.4622 0
L1 04    309 +017.1393 -000.4942 -001.7181 -173.4827 +056.9087 -043.2942 0
L1 05    309 +015.8623 -001.8607 -001.6252 +174.6077 -011.4400 -177.3068 0
L1 06    309 +015.8072 -001.0500 -002.0388 +173.0433 -003.6703 -179.9712 0
L1 07    309 +015.7348 -000.0842 -001.5270 +177.1519 -000.1753 -166.9414 0
L1 08    309 +015.7970 +000.7311 -001.2282 +175.9901 -004.2700 -179.9344 0
L1 01    313 +014.1283 -001.0531 +001.3067 +081.3038 +001.6965 +001.0379 0
L1 02    313 +007.4471 +005.5192 +001.6835 -095.0406 +006.5264 -149.6187 0
L1 03    313 +014.0758 -000.3634 -000.7244 +084.8281 +007.2457 +085.4624 0
L1 04    313 +017.1393 -000.4945 -001.7182 -173.4833 +056.9087 -043.2911 0
L1 05    313 +015.8622 -001.8611 -001.6252 +174.6045 -011.4399 -177.3065 0
L1 06    313 +015.8071 -001.0503 -002.0390 +173.0407 -003.6721 -179.9708 0
L1 07    313 +015.7348 -000.0845 -001.5275 +177.1497 -000.1782 -166.9404 0
L1 08    313 +015.7970 +000.7309 -001.2284 +175.9878 -004.2715 -179.9341 0
L1 01    317 +014.1283 -001.0531 +001.3067 +081.3031 +001.6939 +001.0365 0
L1 02    317 +007.4470 +005.5193 +001.6835 -095.0394 +006.5265 -149.6159 0
L1 03    317 +014.0758 -000.3633 -000.7244 +084.8294 +007.2445 +085.4601 0
L1 04    317 +017.1393 -000.4944 -001.7182 -173.4842 +056.9100 -043.2936 0
L1 05    317 +015.8623 -001.8604 -001.6252 +174.6094 -011.4383 -177.3072 0
L1 06    317 +015.8073 -001.0501 -002.0385 +173.0424 -003.6683 -179.9714 0
L1 07    317 +015.7349 -000.0842 -001.5273 +177.1511 -000.1758 -166.9406 0
L1 08    317 +015.7971 +000.7310 -001.2283 +175.9885 -004.2700 -179.9347 0
L1 01    321 +014.1284 -001.0529 +001.3067 +081.3055 +001.6926 +001.0349 0
L1 02    321 +007.4470 +005.5193 +001.6835 -095.0379 +006.5264 -149.6119 0
L1 03    321 +014.0759 -000.3631 -000.7244 +084.8312 +007.2438 +085.4587 0
L1 04    321 +017.1395 -000.4939 -001.7181 -173.4836 +056.9118 -043.2975 0
L1 05    321 +015.8624 -001.8604 -001.6251 +174.6109 -011.4366 -177.3086 0
L1 06    321 +015.8074 -001.0500 -002.0387 +173.0440 -003.6687 -179.9730 0
L1 07    321 +015.7350 -000.0836 -001.5268 +177.1571 -000.1707 -166.9449 0
L1 08    321 +015.7971 +000.7313 -001.2284 +175.9911 -004.2697 -179.9364 0
L1 01    325 +014.1284 -001.0531 +001.3067 +081.3032 +001.6912 +001.0352 0
L1 02    325 +007.4470 +005.5193 +001.6836 -095.0389 +006.5267 -149.6125 0
L1 03    325 +014.0759 -000.3631 -000.7245 +084.8305 +007.2444 +085.4586 0
L1 04    325 +017.1396 -000.4940 -001.7180 -173.4848 +056.9129 -043.2968 0
L1 05    325 +015.8625 -001.8602 -001.6252 +174.6114 -011.4368 -177.3082 0
L1 06    325 +015.8074 -001.0499 -002.0384 +173.0436 -003.6669 -179.9738 0
L1 07    325 +015.7350 -000.0840 -001.5271 +177.1526 -000.1732 -166.9422 0
L1 08    325 +015.7972 +000.7315 -001.2282 +175.9910 -004.2680 -179.9361 0
L1 01    329 +014.1281 -001.0533 +001.3070 +081.3017 +001.6866 +001.0353 0
L1 02    329 +007.4471 +005.5186 +001.6841 -095.0433 +006.5319 -149.6227 0
L1 03    329 +014.0754 -000.3630 -000.7255 +084.8313 +007.2387 +085.4681 0
L1 04    329 +017.1390 -000.4938 -001.7195 -173.4976 +056.9015 -043.3131 0
L1 05    329 +015.8624 -001.8607 -001.6251 +174.6087 -011.4367 -177.3076 0
L1 06    329 +015.8074 -001.0501 -002.0385 +173.0420 -003.6676 -179.9725 0
L1 07    329 +015.7349 -000.0840 -001.5275 +177.1535 -000.1774 -166.9410 0
L1 08    329 +015.7972 +000.7313 -001.2283 +175.9903 -004.2690 -179.9359 0
L1 01    333 +014.1283 -001.0533 +001.3068 +081.2999 +001.6911 +001.0363 0
L1 02    333 +007.4471 +005.5192 +001.6836 -095.0404 +006.5272 -149.6187 0
L1 03    333 +014.0758 -000.3634 -000.7243 +084.8280 +007.2463 +085.4605 0
L1 04    333 +017.1393 -000.4943 -001.7182 -173.4878 +056.9099 -043.2973 0
L1 05    333 +015.8624 -001.8607 -001.6250 +174.6081 -011.4371 -177.3079 0
L1 06    333 +015.8073 -001.0502 -002.0385 +173.0417 -003.6681 -179.9703 0
L1 07    333 +015.7350 -000.0840 -001.5271 +177.1525 -000.1752 -166.9417 0
L1 08    333 +015.7971 +000.7312 -001.2285 +175.9895 -004.2713 -179.9344 0
L1 01    337 +014.1283 -001.0532 +001.3067 +081.3001 +001.6918 +001.0373 0
L1 02    337 +007.4471 +005.5192 +001.6836 -095.0403 +006.5269 -149.6188 0
L1 03    337 +014.0758 -000.3631 -000.7246 +084.8297 +007.2478 +085.4616 0
L1 04    337 +017.1393 -000.4945 -001.7184 -173.4860 +056.9089 -043.2951 0
L1 05    337 +015.8622 -001.8607 -001.6252 +174.6077 -011.4377 -177.3076 0
L1 06    337 +015.8073 -001.0502 -002.0387 +173.0416 -003.6692 -179.9704 0
L1 07    337 +015.7349 -000.0841 -001.5273 +177.1525 -000.1759 -166.9405 0
L1 08    337 +015.7971 +000.7311 -001.2285 +175.9888 -004.2714 -179.9347 0
L1 01    341 +014.1283 -001.0532 +001.3068 +081.2996 +001.6912 +001.0350 0
L1 02    341 +007.4471 +005.5192 +001.6836 -095.0400 +006.5269 -149.6154 0
L1 03    341 +014.0759 -000.3632 -000.7244 +084.8287 +007.2476 +085.4589 0
L1 04    341 +017.1394 -000.4942 -001.7181 -173.4847 +056.9114 -043.2956 0
L1 05    341 +015.8623 -001.8605 -001.6253 +174.6091 -011.4379 -177.3076 0
L1 06    341 +015.8073 -001.0502 -002.0387 +173.0422 -003.6688 -179.9713 0
L1 07    341 +015.7349 -000.0840 -001.5277 +177.1534 -000.1781 -166.9414 0
L1 08    341 +015.7971 +000.7314 -001.2285 +175.9906 -004.2711 -179.9343 0
L1 01    345 +014.1283 -001.0533 +001.3067 +081.2992 +001.6902 +001.0344 0
L1 02    345 +007.4471 +005.5192 +001.6836 -095.0400 +006.5267 -149.6125 0
L1 03    345 +014.0760 -000.3631 -000.7245 +084.8286 +007.2474 +085.4580 0
L1 04    345 +017.1395 -000.4942 -001.7181 -173.4849 +056.9125 -043.2957 0
L1 05    345 +015.8625 -001.8603 -001.6251 +174.6104 -011.4364 -177.3080 0
L1 06    345 +015.8073 -001.0503 -002.0387 +173.0410 -003.6676 -179.9726 0
L1 07    345 +015.7350 -000.0839 -001.5274 +177.1534 -000.1749 -166.9425 0
L1 08    345 +015.7972 +000.7313 -001.2285 +175.9898 -004.2697 -179.9350 0
L1 01    349 +014.1283 -001.0532 +001.3067 +081.2996 +001.6894 +001.0335 0
L1 02    349 +007.4471 +005.5193 +001.6836 -095.0389 +006.5266 -149.6125 0
L1 03    349 +014.0760 -000.3629 -000.7245 +084.8301 +007.2474 +085.4573 0
L1 04    349 +017.1396 -000.4940 -001.7180 -173.4836 +056.9135 -043.2962 0
L1 05    349 +015.8625 -001.8599 -001.6254 +174.6131 -011.4368 -177.3083 0
L1 06    349 +015.8074 -001.0499 -002.0387 +173.0441 -003.6678 -179.9729 0
L1 07    349 +015.7350 -000.0840 -001.5273 +177.1539 -000.1744 -166.9436 0
L1 08    349 +015.7972 +000.7316 -001.2285 +175.9924 -004.2697 -179.9360 0
L1 01    353 +014.1283 -001.0531 +001.3067 +081.2993 +001.6896 +001.0345 0
L1 02    353 +007.4471 +005.5193 +001.6836 -095.0397 +006.5272 -149.6145 0
L1 03    353 +014.0759 -000.3631 -000.7245 +084.8292 +007.2483 +085.4583 0
L1 04    353 +017.1395 -000.4940 -001.7180 -173.4827 +056.9133 -043.2954 0
L1 05    353 +015.8625 -001.8602 -001.6251 +174.6116 -011.4356 -177.3087 0
L1 06    353 +015.8074 -001.0501 -002.0385 +173.0423 -003.6667 -179.9719 0
L1 07    353 +015.7350 -000.0842 -001.5273 +177.1530 -000.1742 -166.9437 0
L1 08    353 +015.7972 +000.7314 -001.2284 +175.9909 -004.2688 -179.9359 0
L1 01    357 +014.1283 -001.0533 +001.3068 +081.2966 +001.6897 +001.0338 0
L1 02    357 +007.4471 +005.5192 +001.6836 -095.0409 +006.5272 -149.6173 0
L1 03    357 +014.0759 -000.3632 -000.7245 +084.8273 +007.2497 +085.4583 0
L1 04    357 +017.1396 -000.4943 -001.7181 -173.4845 +056.9122 -043.2932 0
L1 05    357 +015.8625 -001.8605 -001.6251 +174.6104 -011.4357 -177.3094 0
L1 06    357 +015.8074 -001.0505 -002.0385 +173.0393 -003.6663 -179.9719 0
L1 07    357 +015.7350 -000.0843 -001.5272 +177.1515 -000.1736 -166.9427 0
L1 08    357 +015.7972 +000.7310 -001.2285 +175.9878 -004.2697 -179.9354 0
L1 01    361 +014.1283 -001.0532 +001.3067 +081.2967 +001.6894 +001.0343 0
L1 02    361 +007.4471 +005.5192 +001.6836 -095.0410 +006.5273 -149.6166 0
L1 03    361 +014.0759 -000.3632 -000.7246 +084.8275 +007.2503 +085.4588 0
L1 04    361 +017.1395 -000.4943 -001.7182 -173.4849 +056.9116 -043.2941 0
L1 05    361 +015.8624 -001.8606 -001.6252 +174.6089 -011.4364 -177.3084 0
L1 06    361 +015.8074 -001.0502 -002.0385 +173.0405 -003.6662 -179.9720 0
L1 07    361 +015.7349 -000.0843 -001.5274 +177.1514 -000.1748 -166.9426 0
L1 08    361 +015.7972 +000.7311 -001.2285 +175.9886 -004.2704 -179.9355 0
L1 01    365 +014.1284 -001.0531 +001.3067 +081.2974 +001.6895 +001.0351 0
L1 02    365 +007.4471 +005.5192 +001.6836 -095.0404 +006.5269 -149.6148 0
L1 03    365 +014.0759 -000.3631 -000.7245 +084.8281 +007.2510 +085.4580 0
L1 04    365 +017.1395 -000.4943 -001.7181 -173.4839 +056.9125 -043.2938 0
L1 05    365 +015.8624 -001.8606 -001.6249 +174.6083 -011.4339 -177.3072 0
L1 06    365 +015.8073 -001.0502 -002.0387 +173.0410 -003.6679 -179.9710 0
L1 07    365 +015.7349 -000.0844 -001.5272 +177.1514 -000.1734 -166.9422 0
L1 08    365 +015.7972 +000.7312 -001.2282 +175.9892 -004.2679 -179.9357 0
L1 01    369 +014.1284 -001.0532 +001.3066 +081.2969 +001.6894 +001.0360 0
L1 02    369 +007.4471 +005.5192 +001.6836 -095.0401 +006.5268 -149.6143 0
L1 03    369 +014.0759 -000.3631 -000.7245 +084.8283 +007.2515 +085.4581 0
L1 04    369 +017.1396 -000.4942 -001.7180 -173.4837 +056.9131 -043.2942 0
L1 05    369 +015.8624 -001.8604 -001.6251 +174.6099 -011.4349 -177.3071 0
L1 06    369 +015.8074 -001.0501 -002.0387 +173.0420 -003.6670 -179.9716 0
L1 07    369 +015.7350 -000.0842 -001.5270 +177.1533 -000.1722 -166.9427 0
L1 08    369 +015.7972 +000.7312 -001.2282 +175.9888 -004.2672 -179.9349 0
L1 01    373 +014.1284 -001.0531 +001.3065 +081.2976 +001.6891 +001.0357 0
L1 02    373 +007.4471 +005.5192 +001.6836 -095.0401 +006.5269 -149.6148 0
L1 03    373 +014.0759 -000.3630 -000.7244 +084.8285 +007.2513 +085.4573 0
L1 04    373 +017.1396 -000.4941 -001.7179 -173.4831 +056.9137 -043.2948 0
L1 05    373 +015.8625 -001.8605 -001.6250 +174.6097 -011.4336 -177.3079 0
L1 06    373 +015.8075 -001.0499 -002.0385 +173.0438 -003.6657 -179.9716 0
L1 07    373 +015.7350 -000.0836 -001.5273 +177.1574 -000.1742 -166.9436 0
L1 08    373 +015.7972 +000.7313 -001.2281 +175.9899 -004.2670 -179.9358 0
L1 01    377 +014.1284 -001.0531 +001.3066 +081.2968 +001.6877 +001.0349 0
L1 02    377 +007.4471 +005.5192 +001.6836 -095.0401 +006.5272 -149.6150 0
L1 03    377 +014.0759 -000.3630 -000.7245 +084.8288 +007.2515 +085.4577 0
L1 04    377 +017.1396 -000.4940 -001.7180 -173.4827 +056.9134 -043.2960 0
L1 05    377 +015.8624 -001.8603 -001.6252 +174.6112 -011.4349 -177.3084 0
L1 06    377 +015.8075 -001.0502 -002.0386 +173.0417 -003.6661 -179.9717 0
L1 07    377 +015.7349 -000.0838 -001.5274 +177.1573 -000.1743 -166.9428 0
L1 08    377 +015.7972 +000.7315 -001.2283 +175.9916 -004.2679 -179.9359 0
L1 01    381 +014.1284 -001.0532 +001.3065 +081.2952 +001.6870 +001.0351 0
L1 02    381 +007.4471 +005.5192 +001.6836 -095.0401 +006.5271 -149.6153 0
L1 03    381 +014.0760 -000.3630 -000.7245 +084.8278 +007.2521 +085.4572 0
L1 04    381 +017.1396 -000.4941 -001.7180 -173.4836 +056.9134 -043.2959 0
L1 05    381 +015.8625 -001.8604 -001.6253 +174.6104 -011.4345 -177.3089 0
L1 06    381 +015.8074 -001.0501 -002.0387 +173.0421 -003.6666 -179.9708 0
L1 07    381 +015.7350 -000.0839 -001.5273 +177.1563 -000.1744 -166.9435 0
L1 08    381 +015.7972 +000.7315 -001.2282 +175.9911 -004.2676 -179.9355 0
L1 01    385 +014.1284 -001.0533 +001.3065 +081.2934 +001.6867 +001.0357 0
L1 02    385 +007.4471 +005.5192 +001.6836 -095.0410 +006.5274 -149.6157 0
L1 03    385 +014.0760 -000.3631 -000.7245 +084.8268 +007.2526 +085.4572 0
L1 04    385 +017.1396 -000.4945 -001.7180 -173.4867 +056.9138 -043.2952 0
L1 05    385 +015.8625 -001.8605 -001.6253 +174.6091 -011.4343 -177.3087 0
L1 06    385 +015.8074 -001.0503 -002.0388 +173.0409 -003.6678 -179.9709 0
L1 07    385 +015.7351 -000.0842 -001.5273 +177.1538 -000.1737 -166.9438 0
L1 08    385 +015.7972 +000.7313 -001.2281 +175.9890 -004.2665 -179.9351 0
L1 01    389 +014.1284 -001.0533 +001.3066 +081.2922 +001.6872 +001.0343 0
L1 02    389 +007.4471 +005.5192 +001.6836 -095.0408 +006.5270 -149.6150 0
L1 03    389 +014.0760 -000.3632 -000.7245 +084.8253 +007.2536 +085.4568 0
L1 04    389 +017.1396 -000.4946 -001.7179 -173.4882 +056.9144 -043.2955 0
L1 05    389 +015.8626 -001.8602 -001.6251 +174.6100 -011.4337 -177.3089 0
L1 06    389 +015.8074 -001.0504 -002.0387 +173.0395 -003.6669 -179.9714 0
L1 07    389 +015.7351 -000.0840 -001.5271 +177.1539 -000.1723 -166.9438 0
L1 08    389 +015.7972 +000.7311 -001.2283 +175.9874 -004.2673 -179.9353 0
L1 01    393 +014.1284 -001.0533 +001.3066 +081.2925 +001.6867 +001.0337 0
L1 02    393 +007.4471 +005.5192 +001.6836 -095.0400 +006.5269 -149.6138 0
L1 03    393 +014.0760 -000.3631 -000.7244 +084.8261 +007.2538 +085.4559 0
L1 04    393 +017.1396 -000.4944 -001.7178 -173.4856 +056.9151 -043.2952 0
L1 05    393 +015.8626 -001.8602 -001.6250 +174.6115 -011.4329 -177.3083 0
L1 06    393 +015.8074 -001.0502 -002.0386 +173.0420 -003.6659 -179.9709 0
L1 07    393 +015.7350 -000.0842 -001.5273 +177.1540 -000.1740 -166.9435 0
L1 08    393 +015.7972 +000.7313 -001.2282 +175.9898 -004.2674 -179.9352 0
L1 01    397 +014.1284 -001.0533 +001.3067 +081.2922 +001.6868 +001.0333 0
L1 02    397 +007.4471 +005.5192 +001.6836 -095.0401 +006.5269 -149.6139 0
L1 03    397 +014.0760 -000.3632 -000.7244 +084.8250 +007.2547 +085.4555 0
L1 04    397 +017.1397 -000.4944 -001.7180 -173.4856 +056.9143 -043.2944 0
L1 05    397 +015.8626 -001.8603 -001.6252 +174.6112 -011.4340 -177.3079 0
L1 06    397 +015.8075 -001.0501 -002.0387 +173.0424 -003.6665 -179.9707 0
L1 07    397 +015.7350 -000.0840 -001.5274 +177.1549 -000.1750 -166.9441 0
L1 08    397 +015.7973 +000.7312 -001.2283 +175.9886 -004.2680 -179.9352 0
L1 01    401 +014.1284 -001.0532 +001.3067 +081.2926 +001.6870 +001.0339 0
L1 02    401 +007.4471 +005.5192 +001.6836 -095.0397 +006.5270 -149.6145 0
L1 03    401 +014.0760 -000.3631 -000.7244 +084.8263 +007.2553 +085.4561 0
L1 04    401 +017.1396 -000.4942 -001.7180 -173.4841 +056.9144 -043.2953 0
L1 05    401 +015.8626 -001.8604 -001.6252 +174.6109 -011.4333 -177.3085 0
L1 06    401 +015.8075 -001.0498 -002.0386 +173.0443 -003.6662 -179.9715 0
L1 07    401 +015.7350 -000.0841 -001.5274 +177.1555 -000.1747 -166.9428 0
L1 08    401 +015.7972 +000.7313 -001.2283 +175.9895 -004.2683 -179.9355 0
L1 01    405 +014.1284 -001.0531 +001.3066 +081.2931 +001.6870 +001.0345 0
L1 02    405 +007.4471 +005.5193 +001.6836 -095.0395 +006.5267 -149.6148 0
L1 03    405 +014.0759 -000.3630 -000.7244 +084.8272 +007.2558 +085.4566 0
L1 04    405 +017.1396 -000.4941 -001.7180 -173.4824 +056.9136 -043.2950 0
L1 05    405 +015.8625 -001.8604 -001.6254 +174.6104 -011.4354 -177.3075 0
L1 06    405 +015.8075 -001.0497 -002.0387 +173.0446 -003.6670 -179.9719 0
L1 07    405 +015.7350 -000.0838 -001.5274 +177.1575 -000.1749 -166.9424 0
L1 08    405 +015.7972 +000.7314 -001.2283 +175.9905 -004.2682 -179.9350 0
L1 01    409 +014.1283 -001.0533 +001.3068 +081.2904 +001.6864 +001.0327 0
L1 02    409 +007.4471 +005.5192 +001.6836 -095.0401 +006.5267 -149.6146 0
L1 03    409 +014.0760 -000.3632 -000.7243 +084.8243 +007.2566 +085.4547 0
L1 04    409 +017.1396 -000.4945 -001.7180 -173.4850 +056.9141 -043.2940 0
L1 05    409 +015.8625 -001.8610 -001.6254 +174.6062 -011.4356 -177.3072 0
L1 06    409 +015.8075 -001.0500 -002.0385 +173.0431 -003.6660 -179.9719 0
L1 07    409 +015.7351 -000.0836 -001.5272 +177.1578 -000.1743 -166.9422 0
L1 08    409 +015.7972 +000.7314 -001.2284 +175.9900 -004.2696 -179.9343 0
L1 01    413 +014.1283 -001.0534 +001.3068 +081.2880 +001.6848 +001.0323 0
L1 02    413 +007.4471 +005.5192 +001.6836 -095.0405 +006.5268 -149.6146 0
L1 03    413 +014.0760 -000.3633 -000.7244 +084.8225 +007.2569 +085.4546 0
L1 04    413 +017.1397 -000.4947 -001.7180 -173.4879 +056.9149 -043.2939 0
L1 05    413 +015.8625 -001.8608 -001.6254 +174.6071 -011.4342 -177.3067 0
L1 06    413 +015.8075 -001.0506 -002.0387 +173.0390 -003.6675 -179.9707 0
L1 07    413 +015.7351 -000.0841 -001.5272 +177.1541 -000.1735 -166.9429 0
L1 08    413 +015.7973 +000.7312 -001.2285 +175.9877 -004.2698 -179.9353 0
L1 01    417 +014.1283 -001.0533 +001.3068 +081.2894 +001.6851 +001.0317 0
L1 02    417 +007.4471 +005.5192 +001.6836 -095.0400 +006.5265 -149.6147 0
L1 03    417 +014.0760 -000.3632 -000.7244 +084.8245 +007.2574 +085.4551 0
L1 04    417 +017.1397 -000.4942 -001.7179 -173.4848 +056.9157 -043.2955 0
L1 05    417 +015.8626 -001.8603 -001.6253 +174.6100 -011.4332 -177.3081 0
L1 06    417 +015.8076 -001.0499 -002.0388 +173.0440 -003.6661 -179.9736 0
L1 07    417 +015.7351 -000.0839 -001.5271 +177.1559 -000.1730 -166.9431 0
L1 08    417 +015.7973 +000.7314 -001.2286 +175.9898 -004.2702 -179.9358 0
L1 01    421 +014.1283 -001.0532 +001.3068 +081.2903 +001.6850 +001.0329 0
L1 02    421 +007.4471 +005.5192 +001.6836 -095.0403 +006.5265 -149.6154 0
L1 03    421 +014.0760 -000.3630 -000.7244 +084.8264 +007.2580 +085.4558 0
L1 04    421 +017.1396 -000.4942 -001.7180 -173.4834 +056.9141 -043.2948 0
L1 05    421 +015.8625 -001.8605 -001.6254 +174.6093 -011.4345 -177.3071 0
L1 06    421 +015.8075 -001.0498 -002.0390 +173.0451 -003.6681 -179.9720 0
L1 07    421 +015.7350 -000.0836 -001.5275 +177.1580 -000.1753 -166.9442 0
L1 08    421 +015.7972 +000.7314 -001.2284 +175.9902 -004.2693 -179.9348 0
L1 01    425 +014.1283 -001.0532 +001.3067 +081.2902 +001.6856 +001.0342 0
L1 02    425 +007.4471 +005.5192 +001.6836 -095.0401 +006.5266 -149.6150 0
L1 03    425 +014.0759 -000.3629 -000.7245 +084.8272 +007.2592 +085.4565 0
L1 04    425 +017.1396 -000.4940 -001.7180 -173.4821 +056.9142 -043.2952 0
L1 05    425 +015.8625 -001.8604 -001.6252 +174.6104 -011.4334 -177.3063 0
L1 06    425 +015.8075 -001.0501 -002.0386 +173.0429 -003.6652 -179.9709 0
L1 07    425 +015.7350 -000.0837 -001.5273 +177.1579 -000.1746 -166.9426 0
L1 08    425 +015.7972 +000.7313 -001.2284 +175.9902 -004.2686 -179.9342 0
L1 01    429 +014.1283 -001.0532 +001.3068 +081.2892 +001.6857 +001.0329 0
L1 02    429 +007.4471 +005.5193 +001.6836 -095.0399 +006.5265 -149.6148 0
L1 03    429 +014.0760 -000.3631 -000.7244 +084.8249 +007.2597 +085.4555 0
L1 04    429 +017.1396 -000.4943 -001.7180 -173.4840 +056.9140 -043.2944 0
L1 05    429 +015.8626 -001.8604 -001.6249 +174.6104 -011.4311 -177.3060 0
L1 06    429 +015.8075 -001.0500 -002.0389 +173.0432 -003.6674 -179.9713 0
L1 07    429 +015.7350 -000.0839 -001.5273 +177.1565 -000.1745 -166.9426 0
L1 08    429 +015.7972 +000.7314 -001.2284 +175.9905 -004.2695 -179.9349 0
L1 01    433 +014.1283 -001.0531 +001.3067 +081.2899 +001.6854 +001.0334 0
L1 02    433 +007.4471 +005.5193 +001.6836 -095.0386 +006.5267 -149.6136 0
L1 03    433 +014.0760 -000.3631 -000.7245 +084.8258 +007.2600 +085.4555 0
L1 04    433 +017.1396 -000.4941 -001.7180 -173.4826 +056.9143 -043.2950 0
L1 05    433 +015.8625 -001.8603 -001.6252 +174.6108 -011.4330 -177.3076 0
L1 06    433 +015.8075 -001.0501 -002.0388 +173.0425 -003.6672 -179.9716 0
L1 07    433 +015.7350 -000.0839 -001.5275 +177.1568 -000.1748 -166.9428 0
L1 08    433 +015.7972 +000.7315 -001.2284 +175.9916 -004.2691 -179.9350 0
L1 01    437 +014.1283 -001.0533 +001.3067 +081.2881 +001.6849 +001.0334 0
L1 02    437 +007.4471 +005.5192 +001.6835 -095.0400 +006.5263 -149.6143 0
L1 03    437 +014.0760 -000.3631 -000.7245 +084.8249 +007.2604 +085.4550 0
L1 04    437 +017.1397 -000.4943 -001.7180 -173.4842 +056.9147 -043.2951 0
L1 05    437 +015.8625 -001.8608 -001.6252 +174.6077 -011.4320 -177.3076 0
L1 06    437 +015.8076 -001.0501 -002.0385 +173.0419 -003.6646 -179.9724 0
L1 07    437 +015.7350 -000.0838 -001.5273 +177.1573 -000.1734 -166.9441 0
L1 08    437 +015.7972 +000.7314 -001.2283 +175.9904 -004.2681 -179.9351 0
L1 01    441 +014.1283 -001.0533 +001.3067 +081.2867 +001.6841 +001.0324 0
L1 02    441 +007.4471 +005.5192 +001.6835 -095.0402 +006.5263 -149.6147 0
L1 03    441 +014.0760 -000.3632 -000.7245 +084.8238 +007.2609 +085.4550 0
L1 04    441 +017.1397 -000.4943 -001.7180 -173.4849 +056.9149 -043.2947 0
L1 05    441 +015.8626 -001.8607 -001.6252 +174.6077 -011.4320 -177.3069 0
L1 06    441 +015.8076 -001.0503 -002.0384 +173.0404 -003.6643 -179.9718 0
L1 07    441 +015.7351 -000.0840 -001.5272 +177.1561 -000.1725 -166.9431 0
L1 08    441 +015.7973 +000.7313 -001.2284 +175.9895 -004.2688 -179.9347 0
L1 01    445 +014.1283 -001.0532 +001.3068 +081.2879 +001.6842 +001.0319 0
L1 02    445 +007.4471 +005.5192 +001.6836 -095.0401 +006.5266 -149.6146 0
L1 03    445 +014.0760 -000.3631 -000.7245 +084.8244 +007.2612 +085.4544 0
L1 04    445 +017.1397 -000.4942 -001.7179 -173.4837 +056.9158 -043.2952 0
L1 05    445 +015.8626 -001.8607 -001.6252 +174.6088 -011.4309 -177.3074 0
L1 06    445 +015.8076 -001.0503 -002.0385 +173.0413 -003.6642 -179.9725 0
L1 07    445 +015.7351 -000.0839 -001.5274 +177.1570 -000.1741 -166.9430 0
L1 08    445 +015.7972 +000.7313 -001.2284 +175.9900 -004.2689 -179.9354 0
L1 01    449 +014.1283 -001.0531 +001.3067 +081.2884 +001.6843 +001.0327 0
L1 02    449 +007.4471 +005.5192 +001.6836 -095.0397 +006.5266 -149.6150 0
L1 03    449 +014.0760 -000.3630 -000.7245 +084.8260 +007.2619 +085.4551 0
L1 04    449 +017.1397 -000.4941 -001.7179 -173.4825 +056.9157 -043.2954 0
L1 05    449 +015.8623 -001.8592 -001.6262 +174.6187 -011.4369 -177.3177 0
L1 06    449 +015.8073 -001.0491 -002.0394 +173.0498 -003.6740 -179.9836 0
L1 07    449 +015.7347 -000.0826 -001.5283 +177.1692 -000.1855 -166.9558 0
L1 08    449 +015.7969 +000.7324 -001.2291 +175.9982 -004.2784 -179.9453 0
L1 01    453 +014.1284 -001.0533 +001.3067 +081.2872 +001.6843 +001.0337 0
L1 02    453 +007.4471 +005.5192 +001.6836 -095.0406 +006.5268 -149.6153 0
L1 03    453 +014.0760 -000.3631 -000.7246 +084.8251 +007.2624 +085.4557 0
L1 04    453 +017.1397 -000.4941 -001.7180 -173.4834 +056.9148 -043.2956 0
L1 05    453 +015.8626 -001.8600 -001.6253 +174.6137 -011.4330 -177.3090 0
L1 06    453 +015.8075 -001.0495 -002.0392 +173.0467 -003.6690 -179.9737 0
L1 07    453 +015.7351 -000.0837 -001.5273 +177.1585 -000.1742 -166.9438 0
L1 08    453 +015.7972 +000.7315 -001.2284 +175.9909 -004.2686 -179.9364 0
L1 01    457 +014.1283 -001.0532 +001.3067 +081.2878 +001.6846 +001.0334 0
L1 02    457 +007.4471 +005.5192 +001.6836 -095.0406 +006.5267 -149.6151 0
L1 03    457 +014.0760 -000.3631 -000.7245 +084.8263 +007.2633 +085.4557 0
L1 04    457 +017.1397 -000.4941 -001.7180 -173.4808 +056.9149 -043.2947 0
L1 05    457 +015.8627 -001.8599 -001.6251 +174.6152 -011.4311 -177.3076 0
L1 06    457 +015.8075 -001.0498 -002.0388 +173.0456 -003.6661 -179.9715 0
L1 07    457 +015.7351 -000.0835 -001.5271 +177.1629 -000.1719 -166.9421 0
L1 08    457 +015.7972 +000.7318 -001.2283 +175.9944 -004.2680 -179.9353 0
L1 01    461 +014.1283 -001.0532 +001.3067 +081.2875 +001.6844 +001.0325 0
L1 02    461 +007.4471 +005.5192 +001.6836 -095.0404 +006.5267 -149.6147 0
L1 03    461 +014.0760 -000.3632 -000.7244 +084.8256 +007.2640 +085.4542 0
L1 04    461 +017.1396 -000.4942 -001.7181 -173.4815 +056.9149 -043.2946 0
L1 05    461 +015.8627 -001.8602 -001.6251 +174.6136 -011.4315 -177.3068 0
L1 06    461 +015.8076 -001.0498 -002.0387 +173.0464 -003.6659 -179.9729 0
L1 07    461 +015.7351 -000.0841 -001.5269 +177.1578 -000.1710 -166.9428 0
L1 08    461 +015.7972 +000.7317 -001.2284 +175.9941 -004.2692 -179.9350 0
L1 01    465 +014.1283 -001.0533 +001.3067 +081.2870 +001.6840 +001.0323 0
L1 02    465 +007.4471 +005.5192 +001.6835 -095.0403 +006.5265 -149.6151 0
L1 03    465 +014.0760 -000.3633 -000.7244 +084.8251 +007.2644 +085.4541 0
L1 04    465 +017.1397 -000.4942 -001.7179 -173.4820 +056.9163 -043.2953 0
L1 05    465 +015.8627 -001.8604 -001.6249 +174.6125 -011.4298 -177.3083 0
L1 06    465 +015.8076 -001.0499 -002.0386 +173.0463 -003.6652 -179.9714 0
L1 07    465 +015.7351 -000.0837 -001.5271 +177.1616 -000.1726 -166.9445 0
L1 08    465 +015.7972 +000.7318 -001.2284 +175.9945 -004.2690 -179.9352 0
L1 01    469 +014.1284 -001.0534 +001.3067 +081.2864 +001.6841 +001.0329 0
L1 02    469 +007.4471 +005.5192 +001.6836 -095.0403 +006.5264 -149.6147 0
L1 03    469 +014.0760 -000.3633 -000.7244 +084.8252 +007.2653 +085.4538 0
L1 04    469 +017.1397 -000.4943 -001.7180 -173.4822 +056.9151 -043.2953 0
L1 05    469 +015.8627 -001.8608 -001.6251 +174.6104 -011.4312 -177.3061 0
L1 06    469 +015.8076 -001.0500 -002.0387 +173.0456 -003.6661 -179.9708 0
L1 07    469 +015.7351 -000.0838 -001.5271 +177.1611 -000.1728 -166.9426 0
L1 08    469 +015.7972 +000.7318 -001.2285 +175.9948 -004.2692 -179.9352 0
L1 01    473 +014.1284 -001.0533 +001.3067 +081.2869 +001.6838 +001.0332 0
L1 02    473 +007.4471 +005.5192 +001.6836 -095.0401 +006.5264 -149.6146 0
L1 03    473 +014.0761 -000.3633 -000.7244 +084.8256 +007.2659 +085.4538 0
L1 04    473 +017.1397 -000.4942 -001.7181 -173.4828 +056.9147 -043.2969 0
L1 05    473 +015.8627 -001.8604 -001.6251 +174.6133 -011.4304 -177.3065 0
L1 06    473 +015.8076 -001.0500 -002.0389 +173.0464 -003.6673 -179.9716 0
L1 07    473 +015.7351 -000.0839 -001.5271 +177.1608 -000.1727 -166.9421 0
L1 08    473 +015.7972 +000.7317 -001.2284 +175.9946 -004.2686 -179.9351 0
L1 01    477 +014.1284 -001.0533 +001.3068 +081.2869 +001.6830 +001.0322 0
L1 02    477 +007.4471 +005.5192 +001.6836 -095.0402 +006.5266 -149.6143 0
L1 03    477 +014.0761 -000.3632 -000.7245 +084.8264 +007.2656 +085.4534 0
L1 04    477 +017.1397 -000.4941 -001.7180 -173.4816 +056.9156 -043.2963 0
L1 05    477 +015.8627 -001.8608 -001.6254 +174.6114 -011.4316 -177.3071 0
L1 06    477 +015.8076 -001.0501 -002.0387 +173.0463 -003.6657 -179.9718 0
L1 07    477 +015.7351 -000.0838 -001.5268 +177.1624 -000.1699 -166.9419 0
L1 08    477 +015.7972 +000.7319 -001.2284 +175.9959 -004.2680 -179.9357 0
L1 01    481 +014.1284 -001.0533 +001.3068 +081.2865 +001.6831 +001.0322 0
L1 02    481 +007.4471 +005.5193 +001.6836 -095.0395 +006.5263 -149.6144 0
L1 03    481 +014.0761 -000.3633 -000.7245 +084.8262 +007.2665 +085.4533 0
L1 04    481 +017.1398 -000.4939 -001.7179 -173.4801 +056.9164 -043.2968 0
L1 05    481 +015.8627 -001.8606 -001.6255 +174.6131 -011.4323 -177.3078 0
L1 06    481 +015.8077 -001.0499 -002.0388 +173.0477 -003.6659 -179.9723 0
L1 07    481 +015.7352 -000.0838 -001.5271 +177.1624 -000.1719 -166.9425 0
L1 08    481 +015.7973 +000.7318 -001.2284 +175.9959 -004.2686 -179.9358 0
L1 01    485 +014.1284 -001.0532 +001.3068 +081.2875 +001.6842 +001.0326 0
L1 02    485 +007.4471 +005.5193 +001.6836 -095.0391 +006.5261 -149.6148 0
L1 03    485 +014.0761 -000.3633 -000.7244 +084.8265 +007.2682 +085.4536 0
L1 04    485 +017.1397 -000.4939 -001.7176 -173.4764 +056.9167 -043.2939 0
L1 05    485 +015.8627 -001.8605 -001.6255 +174.6148 -011.4328 -177.3071 0
L1 06    485 +015.8077 -001.0497 -002.0384 +173.0500 -003.6636 -179.9708 0
L1 07    485 +015.7351 -000.0838 -001.5270 +177.1637 -000.1721 -166.9434 0
L1 08    485 +015.7972 +000.7317 -001.2284 +175.9961 -004.2692 -179.9356 0
L1 01    489 +014.1284 -001.0533 +001.3067 +081.2868 +001.6836 +001.0336 0
L1 02    489 +007.4470 +005.5193 +001.6836 -095.0392 +006.5264 -149.6146 0
L1 03    489 +014.0760 -000.3632 -000.7244 +084.8279 +007.2686 +085.4538 0
L1 04    489 +017.1397 -000.4938 -001.7179 -173.4767 +056.9156 -043.2955 0
L1 05    489 +015.8627 -001.8601 -001.6250 +174.6175 -011.4300 -177.3067 0
L1 06    489 +015.8076 -001.0497 -002.0385 +173.0503 -003.6650 -179.9700 0
L1 07    489 +015.7351 -000.0838 -001.5270 +177.1642 -000.1726 -166.9436 0
L1 08    489 +015.7972 +000.7319 -001.2284 +175.9982 -004.2693 -179.9340 0
L1 01    493 +014.1284 -001.0533 +001.3067 +081.2862 +001.6835 +001.0336 0
L1 02    493 +007.4471 +005.5193 +001.6836 -095.0398 +006.5263 -149.6152 0
L1 03    493 +014.0760 -000.3632 -000.7246 +084.8271 +007.2689 +085.4550 0
L1 04    493 +017.1397 -000.4941 -001.7180 -173.4796 +056.9155 -043.2959 0
L1 05    493 +015.8628 -001.8605 -001.6248 +174.6145 -011.4277 -177.3061 0
L1 06    493 +015.8076 -001.0497 -002.0388 +173.0492 -003.6669 -179.9707 0
L1 07    493 +015.7351 -000.0835 -001.5272 +177.1658 -000.1735 -166.9428 0
L1 08    493 +015.7972 +000.7317 -001.2284 +175.9960 -004.2687 -179.9350 0
L1 01    497 +014.1284 -001.0534 +001.3067 +081.2850 +001.6827 +001.0329 0
L1 02    497 +007.4471 +005.5192 +001.6836 -095.0401 +006.5265 -149.6143 0
L1 03    497 +014.0761 -000.3633 -000.7245 +084.8263 +007.2690 +085.4536 0
L1 04    497 +017.1398 -000.4942 -001.7178 -173.4807 +056.9170 -043.2962 0
L1 05    497 +015.8627 -001.8606 -001.6250 +174.6133 -011.4281 -177.3057 0
L1 06    497 +015.8077 -001.0501 -002.0385 +173.0467 -003.6639 -179.9723 0
L1 07    497 +015.7351 -000.0838 -001.5272 +177.1637 -000.1726 -166.9426 0
L1 08    497 +015.7972 +000.7317 -001.2282 +175.9957 -004.2675 -179.9357 0
L1 01    501 +014.1284 -001.0534 +001.3066 +081.2852 +001.6814 +001.0328 0
L1 02    501 +007.4471 +005.5192 +001.6836 -095.0401 +006.5263 -149.6141 0
L1 03    501 +014.0761 -000.3631 -000.7245 +084.8275 +007.2687 +085.4529 0
L1 04    501 +017.1398 -000.4941 -001.7178 -173.4804 +056.9178 -043.2972 0
L1 05    501 +015.8629 -001.8601 -001.6248 +174.6165 -011.4269 -177.3060 0
L1 06    501 +015.8078 -001.0497 -002.0384 +173.0493 -003.6628 -179.9725 0
L1 07    501 +015.7352 -000.0836 -001.5270 +177.1650 -000.1709 -166.9440 0
L1 08    501 +015.7972 +000.7318 -001.2282 +175.9962 -004.2663 -179.9355 0
L1 01    505 +014.1284 -001.0535 +001.3067 +081.2833 +001.6808 +001.0312 0
L1 02    505 +007.4471 +005.5192 +001.6836 -095.0406 +006.5264 -149.6148 0
L1 03    505 +014.0761 -000.3632 -000.7245 +084.8264 +007.2689 +085.4523 0
L1 04    505 +017.1398 -000.4942 -001.7177 -173.4819 +056.9186 -043.2967 0
L1 05    505 +015.8629 -001.8602 -001.6251 +174.6162 -011.4281 -177.3065 0
L1 06    505 +015.8078 -001.0497 -002.0387 +173.0488 -003.6638 -179.9725 0
L1 07    505 +015.7352 -000.0835 -001.5272 +177.1645 -000.1723 -166.9436 0
L1 08    505 +015.7973 +000.7317 -001.2284 +175.9952 -004.2677 -179.9355 0
L1 01    509 +014.1284 -001.0534 +001.3066 +081.2844 +001.6814 +001.0335 0
L1 02    509 +007.4471 +005.5192 +001.6836 -095.0403 +006.5263 -149.6158 0
L1 03    509 +014.0761 -000.3631 -000.7245 +084.8270 +007.2695 +085.4527 0
L1 04    509 +017.1398 -000.4939 -001.7177 -173.4796 +056.9183 -043.2973 0
L1 05    509 +015.8629 -001.8599 -001.6250 +174.6175 -011.4278 -177.3064 0
L1 06    509 +015.8078 -001.0496 -002.0388 +173.0494 -003.6649 -179.9718 0
L1 07    509 +015.7352 -000.0834 -001.5272 +177.1667 -000.1724 -166.9438 0
L1 08    509 +015.7972 +000.7318 -001.2283 +175.9962 -004.2662 -179.9352 0
L1 01    513 +014.1284 -001.0533 +001.3065 +081.2850 +001.6821 +001.0342 0
L1 02    513 +007.4471 +005.5192 +001.6836 -095.0400 +006.5265 -149.6147 0
L1 03    513 +014.0761 -000.3632 -000.7245 +084.8269 +007.2709 +085.4531 0
L1 04    513 +017.1398 -000.4937 -001.7179 -173.4787 +056.9170 -043.2983 0
L1 05    513 +015.8629 -001.8600 -001.6250 +174.6174 -011.4277 -177.3073 0
L1 06    513 +015.8077 -001.0499 -002.0389 +173.0482 -003.6653 -179.9717 0
L1 07    513 +015.7351 -000.0833 -001.5272 +177.1676 -000.1718 -166.9453 0
L1 08    513 +015.7972 +000.7318 -001.2282 +175.9966 -004.2662 -179.9357 0
L1 01    517 +014.1285 -001.0533 +001.3066 +081.2846 +001.6823 +001.0335 0
L1 02    517 +007.4471 +005.5193 +001.6836 -095.0396 +006.5265 -149.6138 0
L1 03    517 +014.0761 -000.3633 -000.7246 +084.8260 +007.2718 +085.4529 0
L1 04    517 +017.1398 -000.4939 -001.7178 -173.4786 +056.9177 -043.2970 0
L1 05    517 +015.8629 -001.8605 -001.6250 +174.6148 -011.4269 -177.3077 0
L1 06    517 +015.8077 -001.0500 -002.0388 +173.0473 -003.6644 -179.9718 0
L1 07    517 +015.7351 -000.0836 -001.5272 +177.1658 -000.1718 -166.9455 0
L1 08    517 +015.7972 +000.7316 -001.2282 +175.9953 -004.2653 -179.9358 0
L1 01    521 +014.1284 -001.0533 +001.3066 +081.2839 +001.6812 +001.0324 0
L1 02    521 +007.4471 +005.5193 +001.6836 -095.0392 +006.5264 -149.6129 0
L1 03    521 +014.0761 -000.3633 -000.7246 +084.8256 +007.2718 +085.4526 0
L1 04    521 +017.1399 -000.4939 -001.7178 -173.4798 +056.9186 -043.2977 0
L1 05    521 +015.8630 -001.8603 -001.6247 +174.6158 -011.4247 -177.3072 0
L1 06    521 +015.8077 -001.0501 -002.0388 +173.0468 -003.6637 -179.9709 0
L1 07    521 +015.7352 -000.0838 -001.5271 +177.1646 -000.1708 -166.9450 0
L1 08    521 +015.7973 +000.7316 -001.2283 +175.9953 -004.2659 -179.9362 0
L1 01    525 +014.1284 -001.0532 +001.3065 +081.2838 +001.6806 +001.0327 0
L1 02    525 +007.4471 +005.5192 +001.6836 -095.0398 +006.5267 -149.6143 0
L1 03    525 +014.0761 -000.3632 -000.7246 +084.8256 +007.2716 +085.4518 0
L1 04    525 +017.1399 -000.4938 -001.7178 -173.4809 +056.9184 -043.2994 0
L1 05    525 +015.8629 -001.8604 -001.6247 +174.6151 -011.4244 -177.3069 0
L1 06    525 +015.8078 -001.0501 -002.0387 +173.0466 -003.6630 -179.9727 0
L1 07    525 +015.7352 -000.0838 -001.5270 +177.1656 -000.1700 -166.9444 0
L1 08    525 +015.7973 +000.7319 -001.2281 +175.9967 -004.2648 -179.9372 0
L1 01    529 +014.1284 -001.0533 +001.3068 +081.2813 +001.6816 +001.0291 0
L1 02    529 +007.4471 +005.5192 +001.6836 -095.0400 +006.5266 -149.6156 0
L1 03    529 +014.0762 -000.3634 -000.7245 +084.8231 +007.2728 +085.4508 0
L1 04    529 +017.1399 -000.4940 -001.7177 -173.4815 +056.9193 -043.2977 0
L1 05    529 +015.8629 -001.8604 -001.6249 +174.6152 -011.4252 -177.3075 0
L1 06    529 +015.8078 -001.0501 -002.0385 +173.0460 -003.6612 -179.9736 0
L1 07    529 +015.7353 -000.0839 -001.5270 +177.1641 -000.1702 -166.9446 0
L1 08    529 +015.7973 +000.7316 -001.2282 +175.9948 -004.2654 -179.9372 0
