L1 01      5 +015.2812 +002.9057 +001.3638 +175.8502 +001.7521 +001.1757 0
L1 02      5 +007.4452 +005.5202 +001.6841 -095.0489 +006.5634 -149.8044 0
L1 03      5 +014.6288 +002.7783 -000.6867 -179.7686 +004.1994 +086.3049 0
L1 04      5 +018.0627 +006.9006 -001.0832 +062.0125 +014.1606 -140.1110 0
L1 05      5 +016.1255 +005.7354 -005.3084 +090.6402 +039.0474 -000.9530 0
L1 06      5 +015.3503 +005.8346 -005.7536 +088.7731 +027.1265 -003.7760 0
L1 07      5 +014.3566 +005.3041 -005.8679 +097.2722 +046.3096 +017.2683 0
L1 08      5 +013.5310 +005.1403 -005.3454 +092.4185 +047.4250 -006.5695 0
L1 01      9 +015.2812 +002.9057 +001.3636 +175.8500 +001.7516 +001.1790 0
L1 02      9 +007.4452 +005.5203 +001.6841 -095.0484 +006.5640 -149.8036 0
L1 03      9 +014.6289 +002.7781 -000.6867 -179.7702 +004.1997 +086.3065 0
L1 04      9 +018.0629 +006.9006 -001.0831 +062.0118 +014.1598 -140.1118 0
L1 05      9 +016.1252 +005.7360 -005.3085 +090.6448 +039.0450 -000.9499 0
L1 06      9 +015.3503 +005.8344 -005.7539 +088.7731 +027.1269 -003.7741 0
L1 07      9 +014.3566 +005.3043 -005.8680 +097.2744 +046.3099 +017.2688 0
L1 08      9 +013.5310 +005.1404 -005.3455 +092.4196 +047.4251 -006.5690 0
L1 01     13 +015.2813 +002.9058 +001.3635 +175.8510 +001.7507 +001.1797 0
L1 02     13 +007.4452 +005.5202 +001.6841 -095.0484 +006.5639 -149.8029 0
L1 03     13 +014.6290 +002.7780 -000.6868 -179.7708 +004.1992 +086.3066 0
L1 04     13 +018.0629 +006.9009 -001.0827 +062.0130 +014.1585 -140.1135 0
L1 05     13 +016.1254 +005.7358 -005.3084 +090.6432 +039.0466 -000.9514 0
L1 06     13 +015.3503 +005.8345 -005.7539 +088.7734 +027.1284 -003.7755 0
L1 07     13 +014.3565 +005.3041 -005.8682 +097.2754 +046.3118 +017.2715 0
L1 08     13 +013.5309 +005.1405 -005.3458 +092.4221 +047.4253 -006.5667 0
L1 01     17 +015.2813 +002.9058 +001.3635 +175.8510 +001.7514 +001.1794 0
L1 02     17 +007.4452 +005.5203 +001.6841 -095.0481 +006.5634 -149.8026 0
L1 03     17 +014.6289 +002.7782 -000.6867 -179.7690 +004.1996 +086.3059 0
L1 04     17 +018.0629 +006.9012 -001.0827 +062.0151 +014.1582 -140.1132 0
L1 05     17 +016.1256 +005.7354 -005.3084 +090.6407 +039.0456 -000.9518 0
L1 06     17 +015.3503 +005.8345 -005.7539 +088.7727 +027.1273 -003.7750 0
L1 07     17 +014.3567 +005.3040 -005.8679 +097.2716 +046.3118 +017.2673 0
L1 08     17 +013.5310 +005.1407 -005.3455 +092.4210 +047.4246 -006.5691 0
L1 01     21 +015.2813 +002.9058 +001.3635 +175.8510 +001.7507 +001.1795 0
L1 02     21 +007.4452 +005.5202 +001.6841 -095.0485 +006.5636 -149.8037 0
L1 03     21 +014.6289 +002.7781 -000.6867 -179.7698 +004.1997 +086.3063 0
L1 04     21 +018.0627 +006.9012 -001.0829 +062.0155 +014.1590 -140.1125 0
L1 05     21 +016.1253 +005.7359 -005.3087 +090.6445 +039.0472 -000.9506 0
L1 06     21 +015.3503 +005.8343 -005.7540 +088.7720 +027.1280 -003.7739 0
L1 07     21 +014.3567 +005.3042 -005.8676 +097.2711 +046.3119 +017.2657 0
L1 08     21 +013.5309 +005.1405 -005.3457 +092.4221 +047.4254 -006.5669 0
L1 01     25 +015.2813 +002.9057 +001.3635 +175.8509 +001.7509 +001.1787 0
L1 02     25 +007.4452 +005.5203 +001.6841 -095.0484 +006.5634 -149.8056 0
L1 03     25 +014.6289 +002.7783 -000.6867 -179.7687 +004.1997 +086.3064 0
L1 04     25 +018.0627 +006.9011 -001.0828 +062.0153 +014.1592 -140.1131 0
L1 05     25 +016.1251 +005.7361 -005.3088 +090.6466 +039.0468 -000.9492 0
L1 06     25 +015.3503 +005.8341 -005.7541 +088.7714 +027.1293 -003.7724 0
L1 07     25 +014.3565 +005.3044 -005.8679 +097.2735 +046.3106 +017.2682 0
L1 08     25 +013.5308 +005.1405 -005.3457 +092.4225 +047.4252 -006.5663 0
L1 01     29 +015.2813 +002.9056 +001.3638 +175.8493 +001.7534 +001.1778 0
L1 02     29 +007.4452 +005.5202 +001.6841 -095.0491 +006.5635 -149.8047 0
L1 03     29 +014.6289 +002.7783 -000.6866 -179.7688 +004.2005 +086.3062 0
L1 04     29 +018.0627 +006.9009 -001.0832 +062.0142 +014.1609 -140.1119 0
L1 05     29 +016.1250 +005.7364 -005.3087 +090.6479 +039.0443 -000.9479 0
L1 06     29 +015.3503 +005.8339 -005.7541 +088.7704 +027.1301 -003.7740 0
L1 07     29 +014.3565 +005.3044 -005.8678 +097.2730 +046.3093 +017.2679 0
L1 08     29 +013.5309 +005.1404 -005.3455 +092.4202 +047.4247 -006.5684 0
L1 01     33 +015.2813 +002.9057 +001.3637 +175.8501 +001.7536 +001.1779 0
L1 02     33 +007.4452 +005.5202 +001.6841 -095.0484 +006.5631 -149.8035 0
L1 03     33 +014.6289 +002.7784 -000.6866 -179.7677 +004.2009 +086.3059 0
L1 04     33 +018.0629 +006.9006 -001.0830 +062.0126 +014.1611 -140.1132 0
L1 05     33 +016.1251 +005.7363 -005.3087 +090.6473 +039.0457 -000.9495 0
L1 06     33 +015.3503 +005.8343 -005.7539 +088.7719 +027.1282 -003.7753 0
L1 07     33 +014.3566 +005.3044 -005.8676 +097.2698 +046.3087 +017.2637 0
L1 08     33 +013.5310 +005.1405 -005.3454 +092.4200 +047.4242 -006.5696 0
L1 01     37 +015.2813 +002.9057 +001.3637 +175.8499 +001.7534 +001.1780 0
L1 02     37 +007.4452 +005.5203 +001.6841 -095.0480 +006.5630 -149.8014 0
L1 03     37 +014.6289 +002.7783 -000.6866 -179.7685 +004.2014 +086.3062 0
L1 04     37 +018.0629 +006.9005 -001.0831 +062.0110 +014.1606 -140.1127 0
L1 05     37 +016.1255 +005.7357 -005.3085 +090.6419 +039.0471 -000.9523 0
L1 06     37 +015.3504 +005.8344 -005.7538 +088.7715 +027.1277 -003.7763 0
L1 07     37 +014.3568 +005.3041 -005.8677 +097.2688 +046.3110 +017.2646 0
L1 08     37 +013.5310 +005.1405 -005.3456 +092.4201 +047.4249 -006.5691 0
L1 01     41 +015.2813 +002.9058 +001.3637 +175.8510 +001.7535 +001.1779 0
L1 02     41 +007.4452 +005.5203 +001.6841 -095.0480 +006.5631 -149.8021 0
L1 03     41 +014.6289 +002.7784 -000.6865 -179.7673 +004.2023 +086.3057 0
L1 04     41 +018.0630 +006.9006 -001.0828 +062.0117 +014.1598 -140.1145 0
L1 05     41 +016.1252 +005.7360 -005.3088 +090.6453 +039.0464 -000.9496 0
L1 06     41 +015.3502 +005.8345 -005.7541 +088.7732 +027.1273 -003.7742 0
L1 07     41 +014.3567 +005.3043 -005.8678 +097.2709 +046.3103 +017.2652 0
L1 08     41 +013.5310 +005.1404 -005.3455 +092.4192 +047.4243 -006.5695 0
L1 01     45 +015.2813 +002.9060 +001.3635 +175.8520 +001.7524 +001.1792 0
L1 02     45 +007.4452 +005.5203 +001.6841 -095.0484 +006.5633 -149.8034 0
L1 03     45 +014.6289 +002.7783 -000.6866 -179.7682 +004.2012 +086.3061 0
L1 04     45 +018.0627 +006.9012 -001.0827 +062.0148 +014.1590 -140.1142 0
L1 05     45 +016.1251 +005.7361 -005.3090 +090.6471 +039.0468 -000.9475 0
L1 06     45 +015.3504 +005.8343 -005.7537 +088.7713 +027.1273 -003.7760 0
L1 07     45 +014.3567 +005.3043 -005.8677 +097.2707 +046.3102 +017.2647 0
L1 08     45 +013.5310 +005.1405 -005.3455 +092.4197 +047.4243 -006.5696 0
L1 01     49 +015.2813 +002.9058 +001.3637 +175.8507 +001.7530 +001.1785 0
L1 02     49 +007.4452 +005.5203 +001.6841 -095.0480 +006.5628 -149.8058 0
L1 03     49 +014.6289 +002.7784 -000.6866 -179.7674 +004.2010 +086.3063 0
L1 04     49 +018.0627 +006.9011 -001.0831 +062.0152 +014.1613 -140.1124 0
L1 05     49 +016.1251 +005.7359 -005.3091 +090.6475 +039.0485 -000.9465 0
L1 06     49 +015.3504 +005.8340 -005.7537 +088.7705 +027.1281 -003.7751 0
L1 07     49 +014.3567 +005.3046 -005.8672 +097.2692 +046.3090 +017.2612 0
L1 08     49 +013.5309 +005.1405 -005.3455 +092.4206 +047.4244 -006.5687 0
L1 01     53 +015.2812 +002.9057 +001.3637 +175.8499 +001.7523 +001.1776 0
L1 02     53 +007.4452 +005.5202 +001.6841 -095.0492 +006.5634 -149.8054 0
L1 03     53 +014.6289 +002.7783 -000.6866 -179.7685 +004.2009 +086.3062 0
L1 04     53 +018.0629 +006.9003 -001.0834 +062.0103 +014.1631 -140.1120 0
L1 05     53 +016.1253 +005.7352 -005.3090 +090.6434 +039.0490 -000.9476 0
L1 06     53 +015.3506 +005.8334 -005.7537 +088.7671 +027.1294 -003.7755 0
L1 07     53 +014.3568 +005.3043 -005.8672 +097.2680 +046.3095 +017.2620 0
L1 08     53 +013.5309 +005.1402 -005.3455 +092.4197 +047.4255 -006.5675 0
L1 01     57 +015.2812 +002.9058 +001.3636 +175.8510 +001.7514 +001.1779 0
L1 02     57 +007.4452 +005.5202 +001.6841 -095.0492 +006.5637 -149.8031 0
L1 03     57 +014.6289 +002.7782 -000.6866 -179.7693 +004.2012 +086.3063 0
L1 04     57 +018.0629 +006.9005 -001.0829 +062.0116 +014.1605 -140.1145 0
L1 05     57 +016.1253 +005.7354 -005.3088 +090.6435 +039.0479 -000.9493 0
L1 06     57 +015.3506 +005.8336 -005.7537 +088.7675 +027.1292 -003.7767 0
L1 07     57 +014.3566 +005.3044 -005.8676 +097.2722 +046.3100 +017.2656 0
L1 08     57 +013.5310 +005.1402 -005.3456 +092.4192 +047.4260 -006.5678 0
L1 01     61 +015.2813 +002.9058 +001.3634 +175.8506 +001.7510 +001.1791 0
L1 02     61 +007.4453 +005.5202 +001.6841 -095.0491 +006.5633 -149.8018 0
L1 03     61 +014.6290 +002.7780 -000.6867 -179.7704 +004.2010 +086.3070 0
L1 04     61 +018.0629 +006.9007 -001.0830 +062.0118 +014.1607 -140.1139 0
L1 05     61 +016.1254 +005.7356 -005.3088 +090.6434 +039.0479 -000.9495 0
L1 06     61 +015.3504 +005.8341 -005.7538 +088.7704 +027.1297 -003.7764 0
L1 07     61 +014.3567 +005.3044 -005.8677 +097.2706 +046.3115 +017.2639 0
L1 08     61 +013.5311 +005.1401 -005.3457 +092.4175 +047.4266 -006.5691 0
L1 01     65 +015.2813 +002.9057 +001.3636 +175.8505 +001.7524 +001.1784 0
L1 02     65 +007.4453 +005.5202 +001.6841 -095.0488 +006.5632 -149.8023 0
L1 03     65 +014.6290 +002.7782 -000.6865 -179.7698 +004.2024 +086.3070 0
L1 04     65 +018.0629 +006.9007 -001.0832 +062.0114 +014.1603 -140.1131 0
L1 05     65 +016.1254 +005.7354 -005.3087 +090.6418 +039.0478 -000.9504 0
L1 06     65 +015.3503 +005.8342 -005.7541 +088.7712 +027.1290 -003.7746 0
L1 07     65 +014.3567 +005.3045 -005.8676 +097.2703 +046.3101 +017.2626 0
L1 08     65 +013.5311 +005.1403 -005.3456 +092.4180 +047.4259 -006.5695 0
L1 01     69 +015.2813 +002.9058 +001.3637 +175.8511 +001.7531 +001.1782 0
L1 02     69 +007.4452 +005.5202 +001.6841 -095.0485 +006.5633 -149.8037 0
L1 03     69 +014.6289 +002.7784 -000.6866 -179.7681 +004.2021 +086.3064 0
L1 04     69 +018.0629 +006.9007 -001.0829 +062.0120 +014.1596 -140.1137 0
L1 05     69 +016.1253 +005.7359 -005.3085 +090.6447 +039.0464 -000.9508 0
L1 06     69 +015.3504 +005.8346 -005.7535 +088.7719 +027.1265 -003.7783 0
L1 07     69 +014.3568 +005.3043 -005.8677 +097.2708 +046.3091 +017.2640 0
L1 08     69 +013.5310 +005.1404 -005.3456 +092.4208 +047.4246 -006.5682 0
L1 01     73 +015.2813 +002.9057 +001.3638 +175.8505 +001.7536 +001.1782 0
L1 02     73 +007.4452 +005.5202 +001.6841 -095.0485 +006.5633 -149.8045 0
L1 03     73 +014.6289 +002.7783 -000.6866 -179.7683 +004.2017 +086.3065 0
L1 04     73 +018.0629 +006.9006 -001.0830 +062.0122 +014.1604 -140.1130 0
L1 05     73 +016.1254 +005.7356 -005.3083 +090.6416 +039.0474 -000.9531 0
L1 06     73 +015.3503 +005.8344 -005.7538 +088.7722 +027.1271 -003.7752 0
L1 07     73 +014.3568 +005.3042 -005.8675 +097.2693 +046.3101 +017.2631 0
L1 08     73 +013.5309 +005.1405 -005.3456 +092.4215 +047.4251 -006.5683 0
L1 01     77 +015.2813 +002.9058 +001.3637 +175.8514 +001.7535 +001.1780 0
L1 02     77 +007.4452 +005.5203 +001.6841 -095.0481 +006.5630 -149.8050 0
L1 03     77 +014.6289 +002.7786 -000.6866 -179.7662 +004.2018 +086.3065 0
L1 04     77 +018.0628 +006.9008 -001.0831 +062.0139 +014.1617 -140.1134 0
L1 05     77 +016.1254 +005.7358 -005.3082 +090.6430 +039.0454 -000.9532 0
L1 06     77 +015.3504 +005.8341 -005.7539 +088.7722 +027.1284 -003.7752 0
L1 07     77 +014.3567 +005.3042 -005.8675 +097.2696 +046.3102 +017.2636 0
L1 08     77 +013.5309 +005.1405 -005.3455 +092.4218 +047.4248 -006.5681 0
L1 01     81 +015.2813 +002.9058 +001.3636 +175.8519 +001.7526 +001.1790 0
L1 02     81 +007.4452 +005.5202 +001.6841 -095.0485 +006.5634 -149.8045 0
L1 03     81 +014.6289 +002.7784 -000.6866 -179.7677 +004.2019 +086.3064 0
L1 04     81 +018.0628 +006.9010 -001.0830 +062.0148 +014.1605 -140.1139 0
L1 05     81 +016.1252 +005.7361 -005.3085 +090.6458 +039.0456 -000.9516 0
L1 06     81 +015.3503 +005.8342 -005.7541 +088.7724 +027.1280 -003.7731 0
L1 07     81 +014.3566 +005.3046 -005.8675 +097.2717 +046.3094 +017.2635 0
L1 08     81 +013.5308 +005.1407 -005.3456 +092.4237 +047.4244 -006.5669 0
L1 01     85 +015.2813 +002.9059 +001.3635 +175.8522 +001.7522 +001.1794 0
L1 02     85 +007.4452 +005.5203 +001.6841 -095.0481 +006.5633 -149.8038 0
L1 03     85 +014.6289 +002.7783 -000.6865 -179.7684 +004.2029 +086.3067 0
L1 04     85 +018.0629 +006.9008 -001.0829 +062.0141 +014.1599 -140.1141 0
L1 05     85 +016.1252 +005.7363 -005.3084 +090.6469 +039.0472 -000.9526 0
L1 06     85 +015.3504 +005.8342 -005.7539 +088.7728 +027.1291 -003.7745 0
L1 07     85 +014.3567 +005.3046 -005.8674 +097.2717 +046.3097 +017.2627 0
L1 08     85 +013.5309 +005.1405 -005.3456 +092.4225 +047.4248 -006.5674 0
L1 01     89 +015.2813 +002.9058 +001.3636 +175.8514 +001.7528 +001.1788 0
L1 02     89 +007.4452 +005.5203 +001.6841 -095.0483 +006.5632 -149.8032 0
L1 03     89 +014.6289 +002.7783 -000.6866 -179.7686 +004.2022 +086.3069 0
L1 04     89 +018.0629 +006.9006 -001.0828 +062.0122 +014.1598 -140.1151 0
L1 05     89 +016.1252 +005.7360 -005.3087 +090.6463 +039.0469 -000.9498 0
L1 06     89 +015.3503 +005.8343 -005.7539 +088.7726 +027.1281 -003.7749 0
L1 07     89 +014.3568 +005.3043 -005.8676 +097.2714 +046.3097 +017.2645 0
L1 08     89 +013.5310 +005.1405 -005.3455 +092.4204 +047.4248 -006.5690 0
L1 01     93 +015.2813 +002.9056 +001.3635 +175.8496 +001.7520 +001.1792 0
L1 02     93 +007.4452 +005.5202 +001.6841 -095.0491 +006.5635 -149.8026 0
L1 03     93 +014.6290 +002.7780 -000.6867 -179.7720 +004.2021 +086.3083 0
L1 04     93 +018.0629 +006.9006 -001.0828 +062.0110 +014.1586 -140.1142 0
L1 05     93 +016.1252 +005.7359 -005.3088 +090.6453 +039.0475 -000.9501 0
L1 06     93 +015.3503 +005.8341 -005.7540 +088.7717 +027.1302 -003.7754 0
L1 07     93 +014.3568 +005.3042 -005.8678 +097.2693 +046.3113 +017.2635 0
L1 08     93 +013.5310 +005.1404 -005.3456 +092.4204 +047.4261 -006.5683 0
L1 01     97 +015.2813 +002.9057 +001.3637 +175.8502 +001.7541 +001.1787 0
L1 02     97 +007.4453 +005.5202 +001.6841 -095.0493 +006.5635 -149.8029 0
L1 03     97 +014.6290 +002.7782 -000.6866 -179.7696 +004.2034 +086.3067 0
L1 04     97 +018.0630 +006.9006 -001.0828 +062.0112 +014.1588 -140.1149 0
L1 05     97 +016.1253 +005.7357 -005.3089 +090.6438 +039.0475 -000.9497 0
L1 06     97 +015.3503 +005.8342 -005.7539 +088.7719 +027.1291 -003.7768 0
L1 07     97 +014.3568 +005.3041 -005.8677 +097.2689 +046.3115 +017.2620 0
L1 08     97 +013.5311 +005.1404 -005.3455 +092.4186 +047.4252 -006.5707 0
L1 01    101 +015.2813 +002.9057 +001.3636 +175.8497 +001.7528 +001.1790 0
L1 02    101 +007.4452 +005.5202 +001.6841 -095.0491 +006.5634 -149.8032 0
L1 03    101 +014.6290 +002.7781 -000.6866 -179.7711 +004.2029 +086.3070 0
L1 04    101 +018.0630 +006.9004 -001.0829 +062.0093 +014.1595 -140.1140 0
L1 05    101 +016.1255 +005.7355 -005.3087 +090.6419 +039.0491 -000.9512 0
L1 06    101 +015.3504 +005.8341 -005.7540 +088.7719 +027.1298 -003.7754 0
L1 07    101 +014.3570 +005.3037 -005.8676 +097.2660 +046.3124 +017.2625 0
L1 08    101 +013.5311 +005.1403 -005.3456 +092.4183 +047.4263 -006.5691 0
L1 01    105 +015.2813 +002.9058 +001.3637 +175.8515 +001.7533 +001.1796 0
L1 02    105 +007.4453 +005.5202 +001.6841 -095.0491 +006.5635 -149.8037 0
L1 03    105 +014.6290 +002.7782 -000.6866 -179.7693 +004.2031 +086.3074 0
L1 04    105 +018.0627 +006.9013 -001.0829 +062.0155 +014.1595 -140.1138 0
L1 05    105 +016.1252 +005.7360 -005.3090 +090.6466 +039.0473 -000.9477 0
L1 06    105 +015.3505 +005.8341 -005.7538 +088.7712 +027.1285 -003.7768 0
L1 07    105 +014.3567 +005.3043 -005.8677 +097.2710 +046.3116 +017.2634 0
L1 08    105 +013.5310 +005.1406 -005.3455 +092.4208 +047.4251 -006.5690 0
L1 01    109 +015.2813 +002.9058 +001.3635 +175.8517 +001.7528 +001.1798 0
L1 02    109 +007.4453 +005.5202 +001.6841 -095.0492 +006.5634 -149.8045 0
L1 03    109 +014.6289 +002.7783 -000.6867 -179.7684 +004.2024 +086.3074 0
L1 04    109 +018.0627 +006.9013 -001.0828 +062.0157 +014.1604 -140.1149 0
L1 05    109 +016.1251 +005.7359 -005.3090 +090.6479 +039.0481 -000.9471 0
L1 06    109 +015.3505 +005.8340 -005.7539 +088.7709 +027.1284 -003.7761 0
L1 07    109 +014.3566 +005.3043 -005.8679 +097.2710 +046.3111 +017.2655 0
L1 08    109 +013.5310 +005.1404 -005.3456 +092.4206 +047.4252 -006.5684 0
L1 01    113 +015.2813 +002.9059 +001.3636 +175.8519 +001.7535 +001.1792 0
L1 02    113 +007.4452 +005.5202 +001.6841 -095.0486 +006.5632 -149.8043 0
L1 03    113 +014.6289 +002.7784 -000.6867 -179.7678 +004.2021 +086.3070 0
L1 04    113 +018.0628 +006.9011 -001.0830 +062.0152 +014.1613 -140.1146 0
L1 05    113 +016.1252 +005.7360 -005.3088 +090.6484 +039.0469 -000.9475 0
L1 06    113 +015.3505 +005.8341 -005.7538 +088.7710 +027.1289 -003.7761 0
L1 07    113 +014.3568 +005.3040 -005.8677 +097.2678 +046.3116 +017.2632 0
L1 08    113 +013.5309 +005.1405 -005.3456 +092.4216 +047.4245 -006.5681 0
L1 01    117 +015.2813 +002.9056 +001.3638 +175.8498 +001.7546 +001.1789 0
L1 02    117 +007.4453 +005.5202 +001.6841 -095.0494 +006.5633 -149.8042 0
L1 03    117 +014.6289 +002.7782 -000.6866 -179.7692 +004.2032 +086.3070 0
L1 04    117 +018.0629 +006.9006 -001.0828 +062.0120 +014.1601 -140.1155 0
L1 05    117 +016.1253 +005.7359 -005.3084 +090.6440 +039.0466 -000.9521 0
L1 06    117 +015.3506 +005.8340 -005.7536 +088.7687 +027.1291 -003.7787 0
L1 07    117 +014.3568 +005.3042 -005.8675 +097.2682 +046.3120 +017.2628 0
L1 08    117 +013.5310 +005.1403 -005.3455 +092.4195 +047.4253 -006.5691 0
L1 01    121 +015.2813 +002.9058 +001.3636 +175.8511 +001.7536 +001.1791 0
L1 02    121 +007.4453 +005.5202 +001.6841 -095.0493 +006.5634 -149.8040 0
L1 03    121 +014.6289 +002.7782 -000.6866 -179.7693 +004.2033 +086.3070 0
L1 04    121 +018.0629 +006.9008 -001.0829 +062.0127 +014.1601 -140.1156 0
L1 05    121 +016.1253 +005.7355 -005.3087 +090.6453 +039.0474 -000.9508 0
L1 06    121 +015.3514 +005.8323 -005.7536 +088.7633 +027.1314 -003.7808 0
L1 07    121 +014.3569 +005.3043 -005.8674 +097.2710 +046.3106 +017.2641 0
L1 08    121 +013.5310 +005.1403 -005.3456 +092.4193 +047.4253 -006.5689 0
L1 01    125 +015.2813 +002.9058 +001.3637 +175.8514 +001.7537 +001.1790 0
L1 02    125 +007.4453 +005.5202 +001.6841 -095.0493 +006.5635 -149.8037 0
L1 03    125 +014.6289 +002.7783 -000.6866 -179.7691 +004.2031 +086.3072 0
L1 04    125 +018.0629 +006.9008 -001.0828 +062.0128 +014.1595 -140.1146 0
L1 05    125 +016.1250 +005.7360 -005.3090 +090.6491 +039.0467 -000.9465 0
L1 06    125 +015.3498 +005.8344 -005.7550 +088.7776 +027.1291 -003.7669 0
L1 07    125 +014.3560 +005.3047 -005.8686 +097.2807 +046.3116 +017.2765 0
L1 08    125 +013.5306 +005.1406 -005.3462 +092.4275 +047.4256 -006.5611 0
L1 01    129 +015.2813 +002.9058 +001.3636 +175.8517 +001.7533 +001.1792 0
L1 02    129 +007.4453 +005.5202 +001.6841 -095.0492 +006.5636 -149.8038 0
L1 03    129 +014.6289 +002.7783 -000.6866 -179.7688 +004.2032 +086.3073 0
L1 04    129 +018.0629 +006.9010 -001.0829 +062.0142 +014.1596 -140.1149 0
L1 05    129 +016.1254 +005.7356 -005.3089 +090.6442 +039.0473 -000.9501 0
L1 06    129 +015.3502 +005.8338 -005.7549 +088.7729 +027.1311 -003.7699 0
L1 07    129 +014.3566 +005.3043 -005.8680 +097.2712 +046.3102 +017.2665 0
L1 08    129 +013.5309 +005.1403 -005.3460 +092.4231 +047.4262 -006.5644 0
L1 01    133 +015.2812 +002.9059 +001.3633 +175.8530 +001.7513 +001.1799 0
L1 02    133 +007.4453 +005.5202 +001.6841 -095.0494 +006.5637 -149.8039 0
L1 03    133 +014.6289 +002.7783 -000.6867 -179.7692 +004.2021 +086.3072 0
L1 04    133 +018.0630 +006.9009 -001.0824 +062.0129 +014.1577 -140.1170 0
L1 05    133 +016.1254 +005.7356 -005.3087 +090.6434 +039.0463 -000.9495 0
L1 06    133 +015.3503 +005.8338 -005.7546 +088.7728 +027.1293 -003.7706 0
L1 07    133 +014.3564 +005.3043 -005.8683 +097.2773 +046.3116 +017.2725 0
L1 08    133 +013.5309 +005.1402 -005.3459 +092.4217 +047.4261 -006.5648 0
L1 01    137 +015.2812 +002.9058 +001.3635 +175.8522 +001.7522 +001.1796 0
L1 02    137 +007.4453 +005.5202 +001.6841 -095.0492 +006.5638 -149.8041 0
L1 03    137 +014.6289 +002.7782 -000.6867 -179.7692 +004.2027 +086.3072 0
L1 04    137 +018.0630 +006.9007 -001.0827 +062.0120 +014.1584 -140.1155 0
L1 05    137 +016.1253 +005.7357 -005.3088 +090.6445 +039.0479 -000.9488 0
L1 06    137 +015.3501 +005.8340 -005.7545 +088.7733 +027.1290 -003.7708 0
L1 07    137 +014.3566 +005.3039 -005.8683 +097.2729 +046.3131 +017.2703 0
L1 08    137 +013.5309 +005.1404 -005.3458 +092.4226 +047.4256 -006.5657 0
L1 01    141 +015.2812 +002.9058 +001.3636 +175.8519 +001.7528 +001.1790 0
L1 02    141 +007.4453 +005.5202 +001.6841 -095.0495 +006.5638 -149.8036 0
L1 03    141 +014.6290 +002.7783 -000.6866 -179.7695 +004.2035 +086.3072 0
L1 04    141 +018.0630 +006.9004 -001.0828 +062.0104 +014.1593 -140.1159 0
L1 05    141 +016.1253 +005.7356 -005.3087 +090.6437 +039.0484 -000.9499 0
L1 06    141 +015.3502 +005.8340 -005.7544 +088.7736 +027.1294 -003.7719 0
L1 07    141 +014.3566 +005.3040 -005.8680 +097.2708 +046.3122 +017.2673 0
L1 08    141 +013.5309 +005.1402 -005.3459 +092.4210 +047.4267 -006.5660 0
L1 01    145 +015.2812 +002.9059 +001.3636 +175.8522 +001.7528 +001.1793 0
L1 02    145 +007.4453 +005.5202 +001.6841 -095.0493 +006.5635 -149.8039 0
L1 03    145 +014.6289 +002.7783 -000.6866 -179.7688 +004.2036 +086.3076 0
L1 04    145 +018.0629 +006.9008 -001.0829 +062.0134 +014.1594 -140.1147 0
L1 05    145 +016.1253 +005.7359 -005.3087 +090.6461 +039.0479 -000.9493 0
L1 06    145 +015.3503 +005.8341 -005.7543 +088.7728 +027.1298 -003.7733 0
L1 07    145 +014.3567 +005.3041 -005.8680 +097.2715 +046.3129 +017.2665 0
L1 08    145 +013.5308 +005.1403 -005.3461 +092.4238 +047.4264 -006.5637 0
L1 01    149 +015.2812 +002.9060 +001.3635 +175.8536 +001.7522 +001.1802 0
L1 02    149 +007.4452 +005.5202 +001.6841 -095.0490 +006.5636 -149.8036 0
L1 03    149 +014.6289 +002.7783 -000.6867 -179.7689 +004.2028 +086.3077 0
L1 04    149 +018.0630 +006.9010 -001.0828 +062.0141 +014.1588 -140.1155 0
L1 05    149 +016.1252 +005.7360 -005.3091 +090.6478 +039.0483 -000.9476 0
L1 06    149 +015.3501 +005.8344 -005.7545 +088.7754 +027.1295 -003.7718 0
L1 07    149 +014.3566 +005.3044 -005.8680 +097.2730 +046.3125 +017.2661 0
L1 08    149 +013.5309 +005.1404 -005.3460 +092.4236 +047.4263 -006.5646 0
L1 01    153 +015.2813 +002.9058 +001.3637 +175.8514 +001.7548 +001.1785 0
L1 02    153 +007.4452 +005.5202 +001.6841 -095.0487 +006.5633 -149.8037 0
L1 03    153 +014.6290 +002.7785 -000.6865 -179.7665 +004.2049 +086.3072 0
L1 04    153 +018.0630 +006.9008 -001.0830 +062.0131 +014.1601 -140.1142 0
L1 05    153 +016.1252 +005.7360 -005.3088 +090.6467 +039.0470 -000.9507 0
L1 06    153 +015.3501 +005.8346 -005.7541 +088.7753 +027.1279 -003.7746 0
L1 07    153 +014.3567 +005.3047 -005.8676 +097.2703 +046.3110 +017.2610 0
L1 08    153 +013.5309 +005.1404 -005.3458 +092.4217 +047.4245 -006.5675 0
L1 01    157 +015.2813 +002.9057 +001.3637 +175.8503 +001.7549 +001.1790 0
L1 02    157 +007.4453 +005.5202 +001.6841 -095.0493 +006.5633 -149.8040 0
L1 03    157 +014.6290 +002.7782 -000.6867 -179.7692 +004.2037 +086.3077 0
L1 04    157 +018.0629 +006.9010 -001.0830 +062.0133 +014.1606 -140.1132 0
L1 05    157 +016.1251 +005.7362 -005.3089 +090.6481 +039.0477 -000.9493 0
L1 06    157 +015.3503 +005.8341 -005.7543 +088.7721 +027.1304 -003.7741 0
L1 07    157 +014.3566 +005.3046 -005.8676 +097.2699 +046.3118 +017.2613 0
L1 08    157 +013.5309 +005.1404 -005.3458 +092.4223 +047.4251 -006.5668 0
L1 01    161 +015.2813 +002.9057 +001.3638 +175.8506 +001.7549 +001.1781 0
L1 02    161 +007.4453 +005.5202 +001.6841 -095.0494 +006.5636 -149.8036 0
L1 03    161 +014.6290 +002.7783 -000.6866 -179.7691 +004.2046 +086.3074 0
L1 04    161 +018.0630 +006.9005 -001.0830 +062.0112 +014.1614 -140.1141 0
L1 05    161 +016.1252 +005.7359 -005.3090 +090.6473 +039.0489 -000.9485 0
L1 06    161 +015.3505 +005.8339 -005.7539 +088.7703 +027.1311 -003.7776 0
L1 07    161 +014.3567 +005.3043 -005.8675 +097.2695 +046.3111 +017.2625 0
L1 08    161 +013.5310 +005.1403 -005.3458 +092.4206 +047.4257 -006.5670 0
L1 01    165 +015.2813 +002.9058 +001.3638 +175.8512 +001.7555 +001.1787 0
L1 02    165 +007.4453 +005.5202 +001.6841 -095.0492 +006.5636 -149.8036 0
L1 03    165 +014.6290 +002.7781 -000.6865 -179.7696 +004.2047 +086.3078 0
L1 04    165 +018.0628 +006.9008 -001.0830 +062.0130 +014.1604 -140.1147 0
L1 05    165 +016.1252 +005.7358 -005.3090 +090.6468 +039.0485 -000.9482 0
L1 06    165 +015.3504 +005.8341 -005.7540 +088.7714 +027.1292 -003.7765 0
L1 07    165 +014.3568 +005.3043 -005.8676 +097.2689 +046.3123 +017.2617 0
L1 08    165 +013.5309 +005.1403 -005.3458 +092.4211 +047.4256 -006.5668 0
L1 01    169 +015.2813 +002.9057 +001.3638 +175.8506 +001.7554 +001.1780 0
L1 02    169 +007.4452 +005.5202 +001.6841 -095.0489 +006.5632 -149.8033 0
L1 03    169 +014.6290 +002.7783 -000.6864 -179.7680 +004.2056 +086.3076 0
L1 04    169 +018.0629 +006.9007 -001.0831 +062.0124 +014.1618 -140.1143 0
L1 05    169 +016.1252 +005.7356 -005.3090 +090.6461 +039.0479 -000.9483 0
L1 06    169 +015.3502 +005.8344 -005.7542 +088.7750 +027.1286 -003.7740 0
L1 07    169 +014.3566 +005.3043 -005.8680 +097.2740 +046.3117 +017.2672 0
L1 08    169 +013.5309 +005.1402 -005.3459 +092.4217 +047.4257 -006.5661 0
L1 01    173 +015.2813 +002.9057 +001.3638 +175.8503 +001.7553 +001.1780 0
L1 02    173 +007.4452 +005.5202 +001.6841 -095.0487 +006.5632 -149.8036 0
L1 03    173 +014.6290 +002.7784 -000.6865 -179.7674 +004.2049 +086.3076 0
L1 04    173 +018.0628 +006.9009 -001.0833 +062.0136 +014.1621 -140.1131 0
L1 05    173 +016.1253 +005.7353 -005.3092 +090.6447 +039.0489 -000.9474 0
L1 06    173 +015.3504 +005.8340 -005.7543 +088.7725 +027.1295 -003.7733 0
L1 07    173 +014.3566 +005.3043 -005.8682 +097.2737 +046.3112 +017.2681 0
L1 08    173 +013.5309 +005.1403 -005.3458 +092.4219 +047.4256 -006.5663 0
L1 01    177 +015.2813 +002.9059 +001.3637 +175.8522 +001.7543 +001.1788 0
L1 02    177 +007.4452 +005.5202 +001.6841 -095.0488 +006.5634 -149.8038 0
L1 03    177 +014.6290 +002.7783 -000.6865 -179.7685 +004.2049 +086.3076 0
L1 04    177 +018.0627 +006.9016 -001.0828 +062.0182 +014.1585 -140.1141 0
L1 05    177 +016.1251 +005.7359 -005.3094 +090.6490 +039.0478 -000.9456 0
L1 06    177 +015.3502 +005.8346 -005.7543 +088.7757 +027.1276 -003.7726 0
L1 07    177 +014.3566 +005.3043 -005.8681 +097.2730 +046.3116 +017.2670 0
L1 08    177 +013.5309 +005.1404 -005.3459 +092.4230 +047.4253 -006.5657 0
L1 01    181 +015.2813 +002.9059 +001.3636 +175.8521 +001.7536 +001.1790 0
L1 02    181 +007.4452 +005.5202 +001.6841 -095.0489 +006.5633 -149.8034 0
L1 03    181 +014.6290 +002.7782 -000.6866 -179.7696 +004.2046 +086.3072 0
L1 04    181 +018.0629 +006.9009 -001.0829 +062.0126 +014.1599 -140.1154 0
L1 05    181 +016.1255 +005.7351 -005.3093 +090.6437 +039.0506 -000.9471 0
L1 06    181 +015.3503 +005.8342 -005.7544 +088.7735 +027.1295 -003.7726 0
L1 07    181 +014.3566 +005.3043 -005.8678 +097.2703 +046.3113 +017.2643 0
L1 08    181 +013.5310 +005.1403 -005.3459 +092.4214 +047.4257 -006.5662 0
L1 01    185 +015.2813 +002.9058 +001.3636 +175.8515 +001.7543 +001.1790 0
L1 02    185 +007.4452 +005.5202 +001.6841 -095.0492 +006.5633 -149.8033 0
L1 03    185 +014.6290 +002.7782 -000.6865 -179.7699 +004.2059 +086.3074 0
L1 04    185 +018.0631 +006.9003 -001.0829 +062.0081 +014.1600 -140.1154 0
L1 05    185 +016.1253 +005.7352 -005.3092 +090.6433 +039.0494 -000.9477 0
L1 06    185 +015.3503 +005.8339 -005.7544 +088.7722 +027.1300 -003.7727 0
L1 07    185 +014.3567 +005.3044 -005.8677 +097.2707 +046.3110 +017.2642 0
L1 08    185 +013.5310 +005.1402 -005.3458 +092.4200 +047.4265 -006.5671 0
L1 01    189 +015.2813 +002.9056 +001.3636 +175.8505 +001.7536 +001.1793 0
L1 02    189 +007.4453 +005.5202 +001.6841 -095.0492 +006.5633 -149.8036 0
L1 03    189 +014.6290 +002.7781 -000.6867 -179.7708 +004.2038 +086.3076 0
L1 04    189 +018.0631 +006.9002 -001.0826 +062.0086 +014.1595 -140.1163 0
L1 05    189 +016.1253 +005.7353 -005.3089 +090.6431 +039.0493 -000.9479 0
L1 06    189 +015.3505 +005.8337 -005.7540 +088.7695 +027.1311 -003.7755 0
L1 07    189 +014.3566 +005.3042 -005.8681 +097.2743 +046.3113 +017.2689 0
L1 08    189 +013.5310 +005.1401 -005.3459 +092.4204 +047.4268 -006.5659 0
L1 01    193 +015.2813 +002.9058 +001.3635 +175.8519 +001.7527 +001.1790 0
L1 02    193 +007.4453 +005.5202 +001.6841 -095.0496 +006.5636 -149.8041 0
L1 03    193 +014.6290 +002.7781 -000.6867 -179.7704 +004.2039 +086.3080 0
L1 04    193 +018.0631 +006.9003 -001.0829 +062.0095 +014.1602 -140.1150 0
L1 05    193 +016.1253 +005.7353 -005.3090 +090.6429 +039.0490 -000.9478 0
L1 06    193 +015.3502 +005.8338 -005.7546 +088.7733 +027.1312 -003.7710 0
L1 07    193 +014.3565 +005.3047 -005.8679 +097.2746 +046.3105 +017.2665 0
L1 08    193 +013.5309 +005.1401 -005.3459 +092.4214 +047.4273 -006.5652 0
L1 01    197 +015.2813 +002.9058 +001.3636 +175.8519 +001.7538 +001.1785 0
L1 02    197 +007.4453 +005.5202 +001.6841 -095.0492 +006.5635 -149.8037 0
L1 03    197 +014.6290 +002.7781 -000.6867 -179.7697 +004.2044 +086.3081 0
L1 04    197 +018.0630 +006.9007 -001.0830 +062.0129 +014.1605 -140.1144 0
L1 05    197 +016.1251 +005.7357 -005.3091 +090.6462 +039.0479 -000.9471 0
L1 06    197 +015.3504 +005.8338 -005.7542 +088.7713 +027.1310 -003.7740 0
L1 07    197 +014.3567 +005.3043 -005.8678 +097.2715 +046.3115 +017.2641 0
L1 08    197 +013.5309 +005.1403 -005.3460 +092.4229 +047.4265 -006.5649 0
L1 01    201 +015.2813 +002.9059 +001.3636 +175.8530 +001.7538 +001.1788 0
L1 02    201 +007.4452 +005.5203 +001.6841 -095.0480 +006.5635 -149.8033 0
L1 03    201 +014.6290 +002.7783 -000.6867 -179.7689 +004.2046 +086.3078 0
L1 04    201 +018.0629 +006.9012 -001.0824 +062.0150 +014.1577 -140.1161 0
L1 05    201 +016.1252 +005.7362 -005.3085 +090.6460 +039.0444 -000.9511 0
L1 06    201 +015.3506 +005.8337 -005.7541 +088.7706 +027.1308 -003.7757 0
L1 07    201 +014.3566 +005.3045 -005.8678 +097.2731 +046.3101 +017.2645 0
L1 08    201 +013.5309 +005.1405 -005.3460 +092.4240 +047.4255 -006.5649 0
L1 01    205 +015.2813 +002.9059 +001.3635 +175.8523 +001.7533 +001.1793 0
L1 02    205 +007.4452 +005.5202 +001.6841 -095.0485 +006.5631 -149.8031 0
L1 03    205 +014.6290 +002.7783 -000.6867 -179.7685 +004.2045 +086.3075 0
L1 04    205 +018.0628 +006.9011 -001.0828 +062.0151 +014.1610 -140.1158 0
L1 05    205 +016.1250 +005.7364 -005.3087 +090.6499 +039.0481 -000.9494 0
L1 06    205 +015.3505 +005.8338 -005.7542 +088.7715 +027.1303 -003.7754 0
L1 07    205 +014.3566 +005.3047 -005.8678 +097.2743 +046.3103 +017.2648 0
L1 08    205 +013.5309 +005.1403 -005.3458 +092.4223 +047.4252 -006.5658 0
L1 01    209 +015.2813 +002.9055 +001.3635 +175.8497 +001.7538 +001.1800 0
L1 02    209 +007.4452 +005.5202 +001.6841 -095.0489 +006.5633 -149.8038 0
L1 03    209 +014.6290 +002.7781 -000.6867 -179.7706 +004.2051 +086.3078 0
L1 04    209 +018.0630 +006.9007 -001.0826 +062.0113 +014.1596 -140.1160 0
L1 05    209 +016.1253 +005.7359 -005.3084 +090.6450 +039.0475 -000.9519 0
L1 06    209 +015.3505 +005.8338 -005.7542 +088.7701 +027.1310 -003.7754 0
L1 07    209 +014.3568 +005.3042 -005.8678 +097.2697 +046.3117 +017.2649 0
L1 08    209 +013.5309 +005.1404 -005.3459 +092.4226 +047.4259 -006.5656 0
L1 01    213 +015.2813 +002.9057 +001.3637 +175.8504 +001.7550 +001.1785 0
L1 02    213 +007.4452 +005.5202 +001.6841 -095.0490 +006.5636 -149.8042 0
L1 03    213 +014.6290 +002.7782 -000.6865 -179.7699 +004.2059 +086.3075 0
L1 04    213 +018.0629 +006.9008 -001.0830 +062.0124 +014.1607 -140.1147 0
L1 05    213 +016.1253 +005.7357 -005.3084 +090.6433 +039.0469 -000.9516 0
L1 06    213 +015.3505 +005.8339 -005.7539 +088.7693 +027.1287 -003.7759 0
L1 07    213 +014.3566 +005.3044 -005.8679 +097.2733 +046.3115 +017.2664 0
L1 08    213 +013.5309 +005.1404 -005.3458 +092.4221 +047.4258 -006.5661 0
L1 01    217 +015.2813 +002.9057 +001.3636 +175.8512 +001.7537 +001.1794 0
L1 02    217 +007.4452 +005.5202 +001.6841 -095.0492 +006.5636 -149.8040 0
L1 03    217 +014.6290 +002.7782 -000.6866 -179.7699 +004.2050 +086.3077 0
L1 04    217 +018.0629 +006.9007 -001.0829 +062.0116 +014.1600 -140.1154 0
L1 05    217 +016.1253 +005.7359 -005.3086 +090.6456 +039.0467 -000.9492 0
L1 06    217 +015.3504 +005.8341 -005.7541 +088.7701 +027.1294 -003.7757 0
L1 07    217 +014.3567 +005.3040 -005.8679 +097.2702 +046.3118 +017.2660 0
L1 08    217 +013.5309 +005.1403 -005.3459 +092.4225 +047.4262 -006.5653 0
L1 01    221 +015.2813 +002.9057 +001.3637 +175.8513 +001.7547 +001.1791 0
L1 02    221 +007.4452 +005.5202 +001.6841 -095.0487 +006.5635 -149.8037 0
L1 03    221 +014.6290 +002.7784 -000.6865 -179.7681 +004.2061 +086.3076 0
L1 04    221 +018.0629 +006.9009 -001.0833 +062.0139 +014.1611 -140.1133 0
L1 05    221 +016.1252 +005.7361 -005.3088 +090.6483 +039.0469 -000.9488 0
L1 06    221 +015.3501 +005.8348 -005.7540 +088.7764 +027.1285 -003.7745 0
L1 07    221 +014.3566 +005.3044 -005.8678 +097.2707 +046.3115 +017.2638 0
L1 08    221 +013.5309 +005.1405 -005.3458 +092.4234 +047.4250 -006.5666 0
L1 01    225 +015.2812 +002.9061 +001.3633 +175.8549 +001.7516 +001.1806 0
L1 02    225 +007.4452 +005.5202 +001.6841 -095.0484 +006.5636 -149.8031 0
L1 03    225 +014.6289 +002.7784 -000.6868 -179.7684 +004.2039 +086.3073 0
L1 04    225 +018.0628 +006.9014 -001.0829 +062.0169 +014.1594 -140.1150 0
L1 05    225 +016.1248 +005.7370 -005.3090 +090.6541 +039.0459 -000.9468 0
L1 06    225 +015.3504 +005.8348 -005.7537 +088.7746 +027.1273 -003.7765 0
L1 07    225 +014.3566 +005.3045 -005.8679 +097.2739 +046.3095 +017.2667 0
L1 08    225 +013.5309 +005.1405 -005.3460 +092.4242 +047.4254 -006.5646 0
L1 01    229 +015.2813 +002.9060 +001.3632 +175.8549 +001.7506 +001.1811 0
L1 02    229 +007.4452 +005.5202 +001.6841 -095.0487 +006.5636 -149.8036 0
L1 03    229 +014.6290 +002.7781 -000.6868 -179.7702 +004.2037 +086.3081 0
L1 04    229 +018.0628 +006.9013 -001.0827 +062.0162 +014.1583 -140.1156 0
L1 05    229 +016.1253 +005.7361 -005.3088 +090.6486 +039.0470 -000.9494 0
L1 06    229 +015.3505 +005.8344 -005.7538 +088.7732 +027.1290 -003.7761 0
L1 07    229 +014.3566 +005.3044 -005.8680 +097.2740 +046.3102 +017.2677 0
L1 08    229 +013.5309 +005.1405 -005.3460 +092.4240 +047.4260 -006.5648 0
L1 01    233 +015.2813 +002.9058 +001.3635 +175.8524 +001.7532 +001.1800 0
L1 02    233 +007.4452 +005.5202 +001.6841 -095.0484 +006.5634 -149.8033 0
L1 03    233 +014.6290 +002.7782 -000.6867 -179.7697 +004.2053 +086.3078 0
L1 04    233 +018.0629 +006.9009 -001.0829 +062.0131 +014.1594 -140.1150 0
L1 05    233 +016.1257 +005.7348 -005.3090 +090.6413 +039.0499 -000.9496 0
L1 06    233 +015.3507 +005.8337 -005.7541 +088.7698 +027.1305 -003.7749 0
L1 07    233 +014.3566 +005.3044 -005.8680 +097.2732 +046.3107 +017.2669 0
L1 08    233 +013.5310 +005.1403 -005.3458 +092.4213 +047.4262 -006.5667 0
L1 01    237 +015.2813 +002.9058 +001.3635 +175.8514 +001.7535 +001.1803 0
L1 02    237 +007.4452 +005.5202 +001.6841 -095.0488 +006.5631 -149.8038 0
L1 03    237 +014.6290 +002.7783 -000.6867 -179.7695 +004.2051 +086.3078 0
L1 04    237 +018.0630 +006.9006 -001.0832 +062.0115 +014.1615 -140.1138 0
L1 05    237 +016.1254 +005.7356 -005.3087 +090.6454 +039.0494 -000.9498 0
L1 06    237 +015.3503 +005.8344 -005.7542 +088.7730 +027.1290 -003.7740 0
L1 07    237 +014.3568 +005.3042 -005.8678 +097.2701 +046.3116 +017.2649 0
L1 08    237 +013.5310 +005.1404 -005.3458 +092.4214 +047.4258 -006.5670 0
L1 01    241 +015.2813 +002.9059 +001.3636 +175.8517 +001.7539 +001.1799 0
L1 02    241 +007.4452 +005.5202 +001.6841 -095.0493 +006.5633 -149.8043 0
L1 03    241 +014.6290 +002.7783 -000.6868 -179.7705 +004.2048 +086.3082 0
L1 04    241 +018.0629 +006.9008 -001.0829 +062.0120 +014.1600 -140.1142 0
L1 05    241 +016.1253 +005.7355 -005.3093 +090.6468 +039.0500 -000.9458 0
L1 06    241 +015.3503 +005.8342 -005.7546 +088.7751 +027.1313 -003.7715 0
L1 07    241 +014.3565 +005.3045 -005.8680 +097.2740 +046.3122 +017.2672 0
L1 08    241 +013.5308 +005.1405 -005.3459 +092.4237 +047.4264 -006.5653 0
L1 01    245 +015.2812 +002.9059 +001.3636 +175.8539 +001.7529 +001.1787 0
L1 02    245 +007.4452 +005.5202 +001.6841 -095.0481 +006.5635 -149.8040 0
L1 03    245 +014.6289 +002.7784 -000.6869 -179.7684 +004.2028 +086.3065 0
L1 04    245 +018.0627 +006.9011 -001.0834 +062.0167 +014.1606 -140.1103 0
L1 05    245 +016.1252 +005.7359 -005.3089 +090.6481 +039.0483 -000.9493 0
L1 06    245 +015.3504 +005.8343 -005.7540 +088.7738 +027.1284 -003.7746 0
L1 07    245 +014.3565 +005.3047 -005.8679 +097.2755 +046.3101 +017.2665 0
L1 08    245 +013.5308 +005.1406 -005.3460 +092.4259 +047.4254 -006.5641 0
L1 01    249 +015.2812 +002.9060 +001.3633 +175.8544 +001.7513 +001.1802 0
L1 02    249 +007.4452 +005.5203 +001.6841 -095.0481 +006.5635 -149.8040 0
L1 03    249 +014.6290 +002.7782 -000.6868 -179.7700 +004.2037 +086.3089 0
L1 04    249 +018.0627 +006.9012 -001.0831 +062.0161 +014.1599 -140.1138 0
L1 05    249 +016.1252 +005.7361 -005.3089 +090.6490 +039.0493 -000.9494 0
L1 06    249 +015.3504 +005.8340 -005.7544 +088.7725 +027.1306 -003.7730 0
L1 07    249 +014.3566 +005.3045 -005.8679 +097.2743 +046.3124 +017.2662 0
L1 08    249 +013.5308 +005.1404 -005.3462 +092.4251 +047.4267 -006.5631 0
L1 01    253 +015.2813 +002.9058 +001.3633 +175.8533 +001.7516 +001.1805 0
L1 02    253 +007.4452 +005.5203 +001.6841 -095.0480 +006.5635 -149.8038 0
L1 03    253 +014.6290 +002.7782 -000.6868 -179.7709 +004.2043 +086.3085 0
L1 04    253 +018.0630 +006.9007 -001.0829 +062.0129 +014.1596 -140.1151 0
L1 05    253 +016.1253 +005.7355 -005.3092 +090.6460 +039.0498 -000.9466 0
L1 06    253 +015.3504 +005.8340 -005.7543 +088.7713 +027.1301 -003.7737 0
L1 07    253 +014.3567 +005.3045 -005.8676 +097.2713 +046.3119 +017.2635 0
L1 08    253 +013.5309 +005.1403 -005.3460 +092.4229 +047.4266 -006.5647 0
L1 01    257 +015.2813 +002.9058 +001.3636 +175.8522 +001.7542 +001.1789 0
L1 02    257 +007.4452 +005.5203 +001.6841 -095.0480 +006.5634 -149.8030 0
L1 03    257 +014.6290 +002.7782 -000.6865 -179.7705 +004.2067 +086.3085 0
L1 04    257 +018.0629 +006.9007 -001.0833 +062.0118 +014.1615 -140.1136 0
L1 05    257 +016.1254 +005.7350 -005.3092 +090.6428 +039.0495 -000.9481 0
L1 06    257 +015.3504 +005.8340 -005.7542 +088.7711 +027.1292 -003.7750 0
L1 07    257 +014.3567 +005.3046 -005.8675 +097.2696 +046.3109 +017.2614 0
L1 08    257 +013.5309 +005.1404 -005.3460 +092.4229 +047.4263 -006.5656 0
L1 01    261 +015.2813 +002.9060 +001.3635 +175.8547 +001.7530 +001.1804 0
L1 02    261 +007.4452 +005.5203 +001.6841 -095.0476 +006.5631 -149.8029 0
L1 03    261 +014.6290 +002.7782 -000.6867 -179.7696 +004.2056 +086.3086 0
L1 04    261 +018.0628 +006.9013 -001.0832 +062.0173 +014.1602 -140.1128 0
L1 05    261 +016.1251 +005.7364 -005.3089 +090.6514 +039.0474 -000.9484 0
L1 06    261 +015.3503 +005.8343 -005.7544 +088.7738 +027.1304 -003.7738 0
L1 07    261 +014.3567 +005.3047 -005.8678 +097.2735 +046.3108 +017.2641 0
L1 08    261 +013.5308 +005.1405 -005.3461 +092.4259 +047.4262 -006.5632 0
L1 01    265 +015.2812 +002.9060 +001.3633 +175.8548 +001.7519 +001.1809 0
L1 02    265 +007.4452 +005.5203 +001.6841 -095.0481 +006.5634 -149.8036 0
L1 03    265 +014.6290 +002.7781 -000.6867 -179.7703 +004.2049 +086.3083 0
L1 04    265 +018.0629 +006.9009 -001.0828 +062.0148 +014.1589 -140.1149 0
L1 05    265 +016.1253 +005.7360 -005.3086 +090.6471 +039.0477 -000.9494 0
L1 06    265 +015.3502 +005.8345 -005.7545 +088.7759 +027.1300 -003.7719 0
L1 07    265 +014.3566 +005.3045 -005.8678 +097.2735 +046.3113 +017.2656 0
L1 08    265 +013.5309 +005.1404 -005.3461 +092.4243 +047.4263 -006.5637 0
L1 01    269 +015.2812 +002.9059 +001.3635 +175.8534 +001.7535 +001.1800 0
L1 02    269 +007.4452 +005.5203 +001.6841 -095.0480 +006.5634 -149.8043 0
L1 03    269 +014.6290 +002.7781 -000.6867 -179.7705 +004.2051 +086.3083 0
L1 04    269 +018.0630 +006.9008 -001.0829 +062.0132 +014.1604 -140.1154 0
L1 05    269 +016.1253 +005.7359 -005.3084 +090.6437 +039.0480 -000.9520 0
L1 06    269 +015.3504 +005.8343 -005.7541 +088.7723 +027.1303 -003.7745 0
L1 07    269 +014.3567 +005.3043 -005.8677 +097.2715 +046.3121 +017.2640 0
L1 08    269 +013.5309 +005.1402 -005.3459 +092.4222 +047.4263 -006.5649 0
L1 01    273 +015.2812 +002.9060 +001.3635 +175.8553 +001.7535 +001.1795 0
L1 02    273 +007.4452 +005.5203 +001.6841 -095.0477 +006.5633 -149.8041 0
L1 03    273 +014.6289 +002.7783 -000.6866 -179.7690 +004.2058 +086.3080 0
L1 04    273 +018.0628 +006.9012 -001.0827 +062.0157 +014.1589 -140.1160 0
L1 05    273 +016.1254 +005.7357 -005.3084 +090.6449 +039.0475 -000.9519 0
L1 06    273 +015.3505 +005.8337 -005.7543 +088.7717 +027.1316 -003.7737 0
L1 07    273 +014.3565 +005.3044 -005.8679 +097.2736 +046.3109 +017.2661 0
L1 08    273 +013.5309 +005.1403 -005.3460 +092.4234 +047.4260 -006.5642 0
L1 01    277 +015.2812 +002.9059 +001.3634 +175.8541 +001.7529 +001.1805 0
L1 02    277 +007.4452 +005.5203 +001.6841 -095.0477 +006.5632 -149.8027 0
L1 03    277 +014.6290 +002.7783 -000.6867 -179.7693 +004.2056 +086.3086 0
L1 04    277 +018.0629 +006.9012 -001.0827 +062.0156 +014.1594 -140.1160 0
L1 05    277 +016.1253 +005.7358 -005.3089 +090.6469 +039.0499 -000.9499 0
L1 06    277 +015.3502 +005.8341 -005.7547 +088.7754 +027.1319 -003.7707 0
L1 07    277 +014.3565 +005.3046 -005.8681 +097.2760 +046.3126 +017.2681 0
L1 08    277 +013.5309 +005.1403 -005.3461 +092.4244 +047.4267 -006.5635 0
L1 01    281 +015.2813 +002.9058 +001.3635 +175.8527 +001.7543 +001.1795 0
L1 02    281 +007.4452 +005.5203 +001.6841 -095.0480 +006.5629 -149.8020 0
L1 03    281 +014.6290 +002.7782 -000.6867 -179.7697 +004.2061 +086.3079 0
L1 04    281 +018.0629 +006.9008 -001.0828 +062.0126 +014.1600 -140.1167 0
L1 05    281 +016.1254 +005.7354 -005.3089 +090.6445 +039.0493 -000.9504 0
L1 06    281 +015.3504 +005.8339 -005.7545 +088.7734 +027.1301 -003.7715 0
L1 07    281 +014.3566 +005.3046 -005.8680 +097.2750 +046.3114 +017.2667 0
L1 08    281 +013.5310 +005.1402 -005.3459 +092.4215 +047.4262 -006.5659 0
L1 01    285 +015.2813 +002.9057 +001.3636 +175.8512 +001.7547 +001.1788 0
L1 02    285 +007.4452 +005.5202 +001.6841 -095.0489 +006.5633 -149.8029 0
L1 03    285 +014.6290 +002.7782 -000.6867 -179.7700 +004.2061 +086.3080 0
L1 04    285 +018.0630 +006.9005 -001.0830 +062.0101 +014.1608 -140.1157 0
L1 05    285 +016.1255 +005.7347 -005.3093 +090.6403 +039.0500 -000.9474 0
L1 06    285 +015.3505 +005.8335 -005.7542 +088.7691 +027.1312 -003.7737 0
L1 07    285 +014.3569 +005.3038 -005.8679 +097.2681 +046.3128 +017.2650 0
L1 08    285 +013.5310 +005.1401 -005.3458 +092.4195 +047.4266 -006.5669 0
L1 01    289 +015.2812 +002.9058 +001.3636 +175.8524 +001.7541 +001.1798 0
L1 02    289 +007.4452 +005.5203 +001.6841 -095.0481 +006.5637 -149.8042 0
L1 03    289 +014.6290 +002.7782 -000.6867 -179.7702 +004.2058 +086.3080 0
L1 04    289 +018.0629 +006.9009 -001.0827 +062.0131 +014.1585 -140.1164 0
L1 05    289 +016.1250 +005.7364 -005.3091 +090.6517 +039.0480 -000.9460 0
L1 06    289 +015.3505 +005.8340 -005.7538 +088.7705 +027.1297 -003.7760 0
L1 07    289 +014.3568 +005.3037 -005.8680 +097.2688 +046.3134 +017.2667 0
L1 08    289 +013.5309 +005.1404 -005.3459 +092.4220 +047.4256 -006.5659 0
L1 01    293 +015.2812 +002.9059 +001.3635 +175.8535 +001.7530 +001.1798 0
L1 02    293 +007.4452 +005.5203 +001.6841 -095.0478 +006.5638 -149.8048 0
L1 03    293 +014.6290 +002.7783 -000.6866 -179.7697 +004.2061 +086.3079 0
L1 04    293 +018.0628 +006.9012 -001.0827 +062.0155 +014.1588 -140.1157 0
L1 05    293 +016.1251 +005.7358 -005.3091 +090.6492 +039.0480 -000.9460 0
L1 06    293 +015.3503 +005.8344 -005.7542 +088.7741 +027.1301 -003.7738 0
L1 07    293 +014.3566 +005.3042 -005.8682 +097.2740 +046.3122 +017.2687 0
L1 08    293 +013.5308 +005.1404 -005.3460 +092.4250 +047.4261 -006.5625 0
L1 01    297 +015.2812 +002.9058 +001.3632 +175.8525 +001.7506 +001.1800 0
L1 02    297 +007.4452 +005.5203 +001.6841 -095.0482 +006.5638 -149.8048 0
L1 03    297 +014.6289 +002.7782 -000.6868 -179.7711 +004.2043 +086.3080 0
L1 04    297 +018.0630 +006.9005 -001.0827 +062.0111 +014.1595 -140.1169 0
L1 05    297 +016.1252 +005.7353 -005.3093 +090.6467 +039.0485 -000.9453 0
L1 06    297 +015.3505 +005.8339 -005.7541 +088.7717 +027.1318 -003.7742 0
L1 07    297 +014.3565 +005.3042 -005.8683 +097.2752 +046.3132 +017.2709 0
L1 08    297 +013.5309 +005.1401 -005.3461 +092.4223 +047.4276 -006.5621 0
L1 01    301 +015.2812 +002.9058 +001.3633 +175.8527 +001.7523 +001.1807 0
L1 02    301 +007.4452 +005.5202 +001.6841 -095.0485 +006.5636 -149.8045 0
L1 03    301 +014.6290 +002.7781 -000.6867 -179.7714 +004.2056 +086.3085 0
L1 04    301 +018.0630 +006.9006 -001.0828 +062.0113 +014.1592 -140.1161 0
L1 05    301 +016.1253 +005.7356 -005.3086 +090.6444 +039.0487 -000.9503 0
L1 06    301 +015.3503 +005.8340 -005.7542 +088.7730 +027.1309 -003.7733 0
L1 07    301 +014.3564 +005.3041 -005.8684 +097.2756 +046.3142 +017.2709 0
L1 08    301 +013.5309 +005.1401 -005.3460 +092.4219 +047.4273 -006.5641 0
L1 01    305 +015.2813 +002.9056 +001.3633 +175.8515 +001.7531 +001.1804 0
L1 02    305 +007.4452 +005.5202 +001.6841 -095.0485 +006.5634 -149.8041 0
L1 03    305 +014.6290 +002.7780 -000.6866 -179.7714 +004.2066 +086.3088 0
L1 04    305 +018.0631 +006.9004 -001.0827 +062.0097 +014.1588 -140.1163 0
L1 05    305 +016.1253 +005.7356 -005.3089 +090.6451 +039.0497 -000.9486 0
L1 06    305 +015.3503 +005.8341 -005.7541 +088.7716 +027.1309 -003.7753 0
L1 07    305 +014.3566 +005.3041 -005.8681 +097.2725 +046.3133 +017.2672 0
L1 08    305 +013.5309 +005.1402 -005.3459 +092.4216 +047.4268 -006.5656 0
L1 01    309 +015.2813 +002.9057 +001.3636 +175.8517 +001.7543 +001.1795 0
L1 02    309 +007.4452 +005.5203 +001.6841 -095.0482 +006.5632 -149.8041 0
L1 03    309 +014.6290 +002.7783 -000.6867 -179.7695 +004.2063 +086.3086 0
L1 04    309 +018.0629 +006.9008 -001.0834 +062.0132 +014.1621 -140.1134 0
L1 05    309 +016.1253 +005.7361 -005.3086 +090.6466 +039.0476 -000.9504 0
L1 06    309 +015.3503 +005.8340 -005.7543 +088.7722 +027.1307 -003.7732 0
L1 07    309 +014.3566 +005.3043 -005.8681 +097.2739 +046.3127 +017.2678 0
L1 08    309 +013.5308 +005.1404 -005.3460 +092.4237 +047.4263 -006.5647 0
L1 01    313 +015.2813 +002.9057 +001.3634 +175.8529 +001.7531 +001.1816 0
L1 02    313 +007.4452 +005.5202 +001.6841 -095.0484 +006.5636 -149.8046 0
L1 03    313 +014.6290 +002.7781 -000.6867 -179.7707 +004.2055 +086.3088 0
L1 04    313 +018.0629 +006.9011 -001.0826 +062.0142 +014.1588 -140.1154 0
L1 05    313 +016.1251 +005.7356 -005.3094 +090.6481 +039.0492 -000.9454 0
L1 06    313 +015.3502 +005.8342 -005.7543 +088.7741 +027.1305 -003.7726 0
L1 07    313 +014.3566 +005.3039 -005.8683 +097.2730 +046.3145 +017.2699 0
L1 08    313 +013.5308 +005.1405 -005.3460 +092.4247 +047.4265 -006.5637 0
L1 01    317 +015.2813 +002.9058 +001.3634 +175.8539 +001.7532 +001.1808 0
L1 02    317 +007.4452 +005.5203 +001.6841 -095.0480 +006.5636 -149.8046 0
L1 03    317 +014.6289 +002.7783 -000.6867 -179.7691 +004.2060 +086.3084 0
L1 04    317 +018.0628 +006.9013 -001.0826 +062.0164 +014.1583 -140.1164 0
L1 05    317 +016.1254 +005.7356 -005.3087 +090.6450 +039.0484 -000.9501 0
L1 06    317 +015.3502 +005.8342 -005.7546 +088.7755 +027.1303 -003.7706 0
L1 07    317 +014.3566 +005.3041 -005.8682 +097.2744 +046.3131 +017.2689 0
L1 08    317 +013.5308 +005.1404 -005.3460 +092.4248 +047.4259 -006.5640 0
L1 01    321 +015.2813 +002.9057 +001.3634 +175.8530 +001.7533 +001.1805 0
L1 02    321 +007.4452 +005.5203 +001.6841 -095.0481 +006.5634 -149.8044 0
L1 03    321 +014.6289 +002.7783 -000.6868 -179.7690 +004.2056 +086.3085 0
L1 04    321 +018.0630 +006.9010 -001.0827 +062.0139 +014.1594 -140.1161 0
L1 05    321 +016.1255 +005.7357 -005.3086 +090.6449 +039.0469 -000.9507 0
L1 06    321 +015.3502 +005.8345 -005.7542 +088.7760 +027.1298 -003.7732 0
L1 07    321 +014.3567 +005.3039 -005.8682 +097.2730 +046.3131 +017.2689 0
L1 08    321 +013.5310 +005.1402 -005.3460 +092.4227 +047.4262 -006.5650 0
L1 01    325 +015.2813 +002.9058 +001.3635 +175.8533 +001.7540 +001.1795 0
L1 02    325 +007.4452 +005.5203 +001.6841 -095.0478 +006.5631 -149.8037 0
L1 03    325 +014.6290 +002.7784 -000.6867 -179.7687 +004.2064 +086.3085 0
L1 04    325 +018.0629 +006.9009 -001.0831 +062.0144 +014.1605 -140.1149 0
L1 05    325 +016.1252 +005.7361 -005.3087 +090.6476 +039.0482 -000.9505 0
L1 06    325 +015.3504 +005.8340 -005.7541 +088.7733 +027.1305 -003.7741 0
L1 07    325 +014.3569 +005.3037 -005.8680 +097.2704 +046.3126 +017.2675 0
L1 08    325 +013.5310 +005.1400 -005.3461 +092.4220 +047.4267 -006.5647 0
L1 01    329 +015.2813 +002.9055 +001.3637 +175.8503 +001.7561 +001.1794 0
L1 02    329 +007.4452 +005.5203 +001.6841 -095.0476 +006.5629 -149.8033 0
L1 03    329 +014.6290 +002.7783 -000.6866 -179.7694 +004.2077 +086.3087 0
L1 04    329 +018.0631 +006.9003 -001.0832 +062.0100 +014.1622 -140.1150 0
L1 05    329 +016.1253 +005.7360 -005.3081 +090.6433 +039.0478 -000.9552 0
L1 06    329 +015.3508 +005.8337 -005.7538 +088.7684 +027.1302 -003.7766 0
L1 07    329 +014.3569 +005.3038 -005.8678 +097.2684 +046.3132 +017.2633 0
L1 08    329 +013.5310 +005.1401 -005.3460 +092.4213 +047.4265 -006.5656 0
L1 01    333 +015.2813 +002.9057 +001.3636 +175.8519 +001.7548 +001.1802 0
L1 02    333 +007.4452 +005.5202 +001.6841 -095.0483 +006.5632 -149.8035 0
L1 03    333 +014.6290 +002.7782 -000.6866 -179.7704 +004.2078 +086.3095 0
L1 04    333 +018.0631 +006.9003 -001.0831 +062.0094 +014.1604 -140.1147 0
L1 05    333 +016.1252 +005.7361 -005.3085 +090.6451 +039.0489 -000.9524 0
L1 06    333 +015.3506 +005.8341 -005.7538 +088.7705 +027.1307 -003.7768 0
L1 07    333 +014.3568 +005.3040 -005.8679 +097.2704 +046.3133 +017.2645 0
L1 08    333 +013.5309 +005.1402 -005.3460 +092.4217 +047.4271 -006.5657 0
L1 01    337 +015.2813 +002.9058 +001.3635 +175.8529 +001.7543 +001.1804 0
L1 02    337 +007.4452 +005.5203 +001.6841 -095.0480 +006.5631 -149.8042 0
L1 03    337 +014.6290 +002.7782 -000.6867 -179.7701 +004.2067 +086.3096 0
L1 04    337 +018.0631 +006.9005 -001.0830 +062.0110 +014.1609 -140.1156 0
L1 05    337 +016.1252 +005.7359 -005.3089 +090.6465 +039.0491 -000.9489 0
L1 06    337 +015.3503 +005.8342 -005.7546 +088.7739 +027.1317 -003.7723 0
L1 07    337 +014.3567 +005.3040 -005.8681 +097.2721 +046.3136 +017.2673 0
L1 08    337 +013.5310 +005.1401 -005.3460 +092.4213 +047.4273 -006.5652 0
L1 01    341 +015.2812 +002.9058 +001.3634 +175.8533 +001.7534 +001.1808 0
L1 02    341 +007.4452 +005.5203 +001.6841 -095.0477 +006.5632 -149.8048 0
L1 03    341 +014.6290 +002.7782 -000.6868 -179.7701 +004.2058 +086.3088 0
L1 04    341 +018.0630 +006.9008 -001.0829 +062.0128 +014.1613 -140.1159 0
L1 05    341 +016.1257 +005.7353 -005.3084 +090.6413 +039.0485 -000.9518 0
L1 06    341 +015.3504 +005.8340 -005.7543 +088.7722 +027.1304 -003.7738 0
L1 07    341 +014.3566 +005.3041 -005.8680 +097.2729 +046.3118 +017.2680 0
L1 08    341 +013.5310 +005.1402 -005.3459 +092.4219 +047.4268 -006.5650 0
L1 01    345 +015.2813 +002.9060 +001.3634 +175.8555 +001.7534 +001.1812 0
L1 02    345 +007.4451 +005.5203 +001.6841 -095.0469 +006.5631 -149.8053 0
L1 03    345 +014.6290 +002.7783 -000.6868 -179.7691 +004.2060 +086.3091 0
L1 04    345 +018.0628 +006.9016 -001.0828 +062.0178 +014.1589 -140.1166 0
L1 05    345 +016.1257 +005.7352 -005.3084 +090.6428 +039.0479 -000.9507 0
L1 06    345 +015.3504 +005.8341 -005.7542 +088.7724 +027.1308 -003.7747 0
L1 07    345 +014.3565 +005.3042 -005.8682 +097.2747 +046.3125 +017.2688 0
L1 08    345 +013.5309 +005.1405 -005.3459 +092.4247 +047.4255 -006.5647 0
L1 01    349 +015.2812 +002.9060 +001.3634 +175.8558 +001.7534 +001.1808 0
L1 02    349 +007.4452 +005.5203 +001.6841 -095.0475 +006.5631 -149.8042 0
L1 03    349 +014.6290 +002.7783 -000.6868 -179.7691 +004.2064 +086.3091 0
L1 04    349 +018.0629 +006.9013 -001.0827 +062.0161 +014.1588 -140.1175 0
L1 05    349 +016.1256 +005.7350 -005.3091 +090.6434 +039.0498 -000.9477 0
L1 06    349 +015.3504 +005.8340 -005.7543 +088.7725 +027.1309 -003.7742 0
L1 07    349 +014.3566 +005.3041 -005.8683 +097.2745 +046.3132 +017.2686 0
L1 08    349 +013.5309 +005.1404 -005.3460 +092.4245 +047.4258 -006.5647 0
L1 01    353 +015.2812 +002.9060 +001.3635 +175.8546 +001.7544 +001.1802 0
L1 02    353 +007.4452 +005.5203 +001.6841 -095.0475 +006.5629 -149.8035 0
L1 03    353 +014.6290 +002.7783 -000.6867 -179.7697 +004.2074 +086.3094 0
L1 04    353 +018.0630 +006.9011 -001.0827 +062.0140 +014.1594 -140.1180 0
L1 05    353 +016.1254 +005.7358 -005.3089 +090.6463 +039.0490 -000.9492 0
L1 06    353 +015.3505 +005.8338 -005.7544 +088.7703 +027.1316 -003.7755 0
L1 07    353 +014.3567 +005.3043 -005.8681 +097.2720 +046.3128 +017.2653 0
L1 08    353 +013.5311 +005.1400 -005.3460 +092.4209 +047.4275 -006.5657 0
L1 01    357 +015.2813 +002.9057 +001.3636 +175.8524 +001.7547 +001.1797 0
L1 02    357 +007.4452 +005.5203 +001.6841 -095.0477 +006.5628 -149.8033 0
L1 03    357 +014.6290 +002.7782 -000.6866 -179.7698 +004.2074 +086.3095 0
L1 04    357 +018.0630 +006.9008 -001.0833 +062.0129 +014.1620 -140.1147 0
L1 05    357 +016.1251 +005.7356 -005.3094 +090.6507 +039.0496 -000.9434 0
L1 06    357 +015.3505 +005.8340 -005.7540 +088.7710 +027.1299 -003.7770 0
L1 07    357 +014.3568 +005.3042 -005.8678 +097.2698 +046.3135 +017.2629 0
L1 08    357 +013.5311 +005.1401 -005.3460 +092.4213 +047.4275 -006.5656 0
L1 01    361 +015.2813 +002.9057 +001.3636 +175.8528 +001.7546 +001.1800 0
L1 02    361 +007.4452 +005.5203 +001.6841 -095.0476 +006.5630 -149.8030 0
L1 03    361 +014.6290 +002.7782 -000.6867 -179.7694 +004.2076 +086.3093 0
L1 04    361 +018.0630 +006.9007 -001.0833 +062.0130 +014.1623 -140.1147 0
L1 05    361 +016.1256 +005.7352 -005.3091 +090.6444 +039.0510 -000.9486 0
L1 06    361 +015.3505 +005.8337 -005.7543 +088.7695 +027.1317 -003.7746 0
L1 07    361 +014.3567 +005.3041 -005.8681 +097.2693 +046.3134 +017.2638 0
L1 08    361 +013.5311 +005.1400 -005.3461 +092.4211 +047.4277 -006.5657 0
L1 01    365 +015.2812 +002.9060 +001.3634 +175.8546 +001.7536 +001.1806 0
L1 02    365 +007.4452 +005.5203 +001.6841 -095.0475 +006.5629 -149.8039 0
L1 03    365 +014.6290 +002.7783 -000.6868 -179.7690 +004.2070 +086.3095 0
L1 04    365 +018.0628 +006.9011 -001.0831 +062.0159 +014.1609 -140.1150 0
L1 05    365 +016.1252 +005.7355 -005.3089 +090.6465 +039.0486 -000.9471 0
L1 06    365 +015.3502 +005.8339 -005.7541 +088.7723 +027.1295 -003.7726 0
L1 07    365 +014.3567 +005.3044 -005.8679 +097.2757 +046.3110 +017.2676 0
L1 08    365 +013.5310 +005.1402 -005.3459 +092.4232 +047.4265 -006.5646 0
L1 01    369 +015.2813 +002.9057 +001.3635 +175.8525 +001.7541 +001.1799 0
L1 02    369 +007.4452 +005.5202 +001.6841 -095.0493 +006.5634 -149.8054 0
L1 03    369 +014.6290 +002.7781 -000.6866 -179.7710 +004.2080 +086.3091 0
L1 04    369 +018.0629 +006.9008 -001.0830 +062.0123 +014.1609 -140.1159 0
L1 05    369 +016.1254 +005.7347 -005.3091 +090.6414 +039.0512 -000.9471 0
L1 06    369 +015.3510 +005.8328 -005.7535 +088.7624 +027.1311 -003.7798 0
L1 07    369 +014.3567 +005.3039 -005.8682 +097.2701 +046.3137 +017.2670 0
L1 08    369 +013.5312 +005.1396 -005.3459 +092.4180 +047.4280 -006.5659 0
L1 01    373 +015.2813 +002.9056 +001.3637 +175.8513 +001.7564 +001.1792 0
L1 02    373 +007.4452 +005.5202 +001.6841 -095.0490 +006.5633 -149.8054 0
L1 03    373 +014.6290 +002.7782 -000.6865 -179.7701 +004.2090 +086.3089 0
L1 04    373 +018.0630 +006.9005 -001.0829 +062.0101 +014.1607 -140.1163 0
L1 05    373 +016.1254 +005.7352 -005.3088 +090.6430 +039.0496 -000.9492 0
L1 06    373 +015.3508 +005.8332 -005.7535 +088.7638 +027.1320 -003.7806 0
L1 07    373 +014.3571 +005.3037 -005.8673 +097.2631 +046.3119 +017.2596 0
L1 08    373 +013.5313 +005.1397 -005.3456 +092.4154 +047.4268 -006.5700 0
L1 01    377 +015.2813 +002.9057 +001.3636 +175.8522 +001.7559 +001.1795 0
L1 02    377 +007.4452 +005.5203 +001.6841 -095.0480 +006.5626 -149.8040 0
L1 03    377 +014.6290 +002.7783 -000.6866 -179.7684 +004.2093 +086.3092 0
L1 04    377 +018.0629 +006.9008 -001.0830 +062.0127 +014.1615 -140.1164 0
L1 05    377 +016.1254 +005.7356 -005.3087 +090.6442 +039.0479 -000.9501 0
L1 06    377 +015.3507 +005.8339 -005.7536 +088.7693 +027.1285 -003.7786 0
L1 07    377 +014.3567 +005.3039 -005.8679 +097.2694 +046.3125 +017.2639 0
L1 08    377 +013.5311 +005.1400 -005.3458 +092.4198 +047.4265 -006.5681 0
L1 01    381 +015.2813 +002.9061 +001.3636 +175.8555 +001.7552 +001.1797 0
L1 02    381 +007.4452 +005.5203 +001.6841 -095.0477 +006.5630 -149.8021 0
L1 03    381 +014.6290 +002.7784 -000.6866 -179.7684 +004.2090 +086.3093 0
L1 04    381 +018.0630 +006.9009 -001.0827 +062.0129 +014.1593 -140.1174 0
L1 05    381 +016.1255 +005.7358 -005.3085 +090.6441 +039.0474 -000.9538 0
L1 06    381 +015.3508 +005.8337 -005.7537 +088.7688 +027.1290 -003.7791 0
L1 07    381 +014.3567 +005.3044 -005.8678 +097.2718 +046.3115 +017.2643 0
L1 08    381 +013.5312 +005.1400 -005.3459 +092.4197 +047.4270 -006.5676 0
L1 01    385 +015.2813 +002.9057 +001.3636 +175.8520 +001.7560 +001.1798 0
L1 02    385 +007.4452 +005.5203 +001.6841 -095.0480 +006.5627 -149.8032 0
L1 03    385 +014.6290 +002.7783 -000.6866 -179.7687 +004.2093 +086.3094 0
L1 04    385 +018.0631 +006.9006 -001.0827 +062.0113 +014.1602 -140.1176 0
L1 05    385 +016.1256 +005.7354 -005.3085 +090.6421 +039.0480 -000.9531 0
L1 06    385 +015.3508 +005.8336 -005.7539 +088.7694 +027.1305 -003.7781 0
L1 07    385 +014.3568 +005.3043 -005.8678 +097.2698 +046.3127 +017.2618 0
L1 08    385 +013.5312 +005.1400 -005.3459 +092.4199 +047.4267 -006.5675 0
L1 01    389 +015.2813 +002.9057 +001.3636 +175.8520 +001.7557 +001.1802 0
L1 02    389 +007.4452 +005.5202 +001.6841 -095.0484 +006.5629 -149.8048 0
L1 03    389 +014.6290 +002.7784 -000.6866 -179.7690 +004.2088 +086.3094 0
L1 04    389 +018.0631 +006.9005 -001.0829 +062.0106 +014.1612 -140.1169 0
L1 05    389 +016.1257 +005.7352 -005.3084 +090.6410 +039.0479 -000.9535 0
L1 06    389 +015.3507 +005.8338 -005.7538 +088.7709 +027.1314 -003.7781 0
L1 07    389 +014.3569 +005.3041 -005.8676 +097.2668 +046.3130 +017.2605 0
L1 08    389 +013.5311 +005.1399 -005.3458 +092.4191 +047.4270 -006.5673 0
L1 01    393 +015.2813 +002.9057 +001.3639 +175.8522 +001.7576 +001.1795 0
L1 02    393 +007.4452 +005.5203 +001.6841 -095.0479 +006.5623 -149.8055 0
L1 03    393 +014.6290 +002.7783 -000.6866 -179.7685 +004.2094 +086.3095 0
L1 04    393 +018.0630 +006.9007 -001.0830 +062.0121 +014.1610 -140.1161 0
L1 05    393 +016.1257 +005.7352 -005.3085 +090.6427 +039.0483 -000.9532 0
L1 06    393 +015.3506 +005.8334 -005.7540 +088.7696 +027.1310 -003.7762 0
L1 07    393 +014.3568 +005.3040 -005.8678 +097.2689 +046.3123 +017.2624 0
L1 08    393 +013.5311 +005.1399 -005.3458 +092.4199 +047.4264 -006.5673 0
L1 01    397 +015.2813 +002.9056 +001.3640 +175.8515 +001.7586 +001.1794 0
L1 02    397 +007.4452 +005.5203 +001.6841 -095.0482 +006.5626 -149.8049 0
L1 03    397 +014.6290 +002.7782 -000.6865 -179.7691 +004.2100 +086.3096 0
L1 04    397 +018.0630 +006.9007 -001.0832 +062.0122 +014.1622 -140.1154 0
L1 05    397 +016.1256 +005.7354 -005.3084 +090.6429 +039.0481 -000.9536 0
L1 06    397 +015.3505 +005.8339 -005.7537 +088.7708 +027.1302 -003.7782 0
L1 07    397 +014.3569 +005.3039 -005.8677 +097.2666 +046.3126 +017.2611 0
L1 08    397 +013.5311 +005.1400 -005.3457 +092.4195 +047.4262 -006.5682 0
L1 01    401 +015.2813 +002.9057 +001.3641 +175.8522 +001.7585 +001.1791 0
L1 02    401 +007.4452 +005.5203 +001.6841 -095.0480 +006.5628 -149.8044 0
L1 03    401 +014.6291 +002.7783 -000.6864 -179.7690 +004.2107 +086.3101 0
L1 04    401 +018.0630 +006.9005 -001.0834 +062.0112 +014.1623 -140.1141 0
L1 05    401 +016.1256 +005.7353 -005.3086 +090.6424 +039.0481 -000.9518 0
L1 06    401 +015.3503 +005.8342 -005.7539 +088.7735 +027.1305 -003.7771 0
L1 07    401 +014.3570 +005.3034 -005.8681 +097.2657 +046.3138 +017.2642 0
L1 08    401 +013.5311 +005.1400 -005.3458 +092.4199 +047.4267 -006.5679 0
L1 01    405 +015.2813 +002.9056 +001.3639 +175.8518 +001.7578 +001.1792 0
L1 02    405 +007.4452 +005.5203 +001.6841 -095.0478 +006.5626 -149.8038 0
L1 03    405 +014.6291 +002.7782 -000.6865 -179.7697 +004.2105 +086.3100 0
L1 04    405 +018.0630 +006.9005 -001.0830 +062.0105 +014.1608 -140.1162 0
L1 05    405 +016.1255 +005.7354 -005.3085 +090.6432 +039.0491 -000.9533 0
L1 06    405 +015.3505 +005.8337 -005.7542 +088.7721 +027.1316 -003.7757 0
L1 07    405 +014.3571 +005.3033 -005.8678 +097.2628 +046.3125 +017.2618 0
L1 08    405 +013.5311 +005.1400 -005.3458 +092.4202 +047.4270 -006.5678 0
L1 01    409 +015.2813 +002.9057 +001.3639 +175.8518 +001.7582 +001.1785 0
L1 02    409 +007.4452 +005.5203 +001.6841 -095.0479 +006.5627 -149.8033 0
L1 03    409 +014.6291 +002.7783 -000.6866 -179.7690 +004.2104 +086.3099 0
L1 04    409 +018.0631 +006.9004 -001.0829 +062.0100 +014.1609 -140.1168 0
L1 05    409 +016.1256 +005.7350 -005.3086 +090.6404 +039.0481 -000.9531 0
L1 06    409 +015.3507 +005.8335 -005.7539 +088.7696 +027.1307 -003.7776 0
L1 07    409 +014.3569 +005.3036 -005.8682 +097.2674 +046.3132 +017.2657 0
L1 08    409 +013.5312 +005.1399 -005.3458 +092.4189 +047.4267 -006.5681 0
L1 01    413 +015.2813 +002.9056 +001.3637 +175.8518 +001.7568 +001.1792 0
L1 02    413 +007.4452 +005.5202 +001.6841 -095.0480 +006.5628 -149.8038 0
L1 03    413 +014.6290 +002.7782 -000.6866 -179.7699 +004.2099 +086.3099 0
L1 04    413 +018.0631 +006.9004 -001.0832 +062.0104 +014.1612 -140.1150 0
L1 05    413 +016.1256 +005.7352 -005.3084 +090.6413 +039.0486 -000.9540 0
L1 06    413 +015.3507 +005.8336 -005.7538 +088.7694 +027.1300 -003.7784 0
L1 07    413 +014.3567 +005.3039 -005.8683 +097.2713 +046.3127 +017.2677 0
L1 08    413 +013.5312 +005.1398 -005.3458 +092.4184 +047.4272 -006.5676 0
L1 01    417 +015.2813 +002.9055 +001.3637 +175.8512 +001.7565 +001.1802 0
L1 02    417 +007.4452 +005.5202 +001.6841 -095.0484 +006.5628 -149.8050 0
L1 03    417 +014.6290 +002.7781 -000.6867 -179.7707 +004.2091 +086.3099 0
L1 04    417 +018.0631 +006.9001 -001.0829 +062.0080 +014.1614 -140.1170 0
L1 05    417 +016.1254 +005.7353 -005.3088 +090.6439 +039.0501 -000.9503 0
L1 06    417 +015.3508 +005.8332 -005.7537 +088.7664 +027.1311 -003.7781 0
L1 07    417 +014.3568 +005.3039 -005.8678 +097.2685 +046.3130 +017.2640 0
L1 08    417 +013.5312 +005.1397 -005.3458 +092.4180 +047.4273 -006.5671 0
L1 01    421 +015.2813 +002.9055 +001.3636 +175.8505 +001.7566 +001.1807 0
L1 02    421 +007.4452 +005.5202 +001.6841 -095.0482 +006.5628 -149.8051 0
L1 03    421 +014.6290 +002.7781 -000.6867 -179.7708 +004.2090 +086.3101 0
L1 04    421 +018.0632 +006.9002 -001.0828 +062.0086 +014.1608 -140.1171 0
L1 05    421 +016.1254 +005.7355 -005.3084 +090.6436 +039.0489 -000.9516 0
L1 06    421 +015.3509 +005.8333 -005.7535 +088.7663 +027.1313 -003.7797 0
L1 07    421 +014.3567 +005.3039 -005.8679 +097.2697 +046.3137 +017.2643 0
L1 08    421 +013.5312 +005.1399 -005.3456 +092.4180 +047.4269 -006.5687 0
L1 01    425 +015.2813 +002.9057 +001.3636 +175.8525 +001.7562 +001.1804 0
L1 02    425 +007.4452 +005.5202 +001.6841 -095.0482 +006.5629 -149.8038 0
L1 03    425 +014.6290 +002.7781 -000.6867 -179.7707 +004.2091 +086.3101 0
L1 04    425 +018.0631 +006.9004 -001.0828 +062.0095 +014.1607 -140.1168 0
L1 05    425 +016.1255 +005.7354 -005.3086 +090.6425 +039.0489 -000.9516 0
L1 06    425 +015.3507 +005.8336 -005.7538 +088.7682 +027.1312 -003.7776 0
L1 07    425 +014.3568 +005.3040 -005.8680 +097.2695 +046.3140 +017.2642 0
L1 08    425 +013.5312 +005.1398 -005.3457 +092.4179 +047.4272 -006.5684 0
L1 01    429 +015.2812 +002.9061 +001.3633 +175.8574 +001.7537 +001.1829 0
L1 02    429 +007.4452 +005.5203 +001.6841 -095.0475 +006.5630 -149.8031 0
L1 03    429 +014.6290 +002.7782 -000.6868 -179.7697 +004.2089 +086.3101 0
L1 04    429 +018.0630 +006.9010 -001.0827 +062.0141 +014.1596 -140.1184 0
L1 05    429 +016.1254 +005.7355 -005.3090 +090.6455 +039.0486 -000.9486 0
L1 06    429 +015.3507 +005.8340 -005.7537 +088.7707 +027.1302 -003.7799 0
L1 07    429 +014.3567 +005.3042 -005.8681 +097.2731 +046.3127 +017.2661 0
L1 08    429 +013.5312 +005.1400 -005.3459 +092.4207 +047.4270 -006.5665 0
L1 01    433 +015.2813 +002.9059 +001.3637 +175.8549 +001.7566 +001.1803 0
L1 02    433 +007.4452 +005.5203 +001.6841 -095.0475 +006.5628 -149.8034 0
L1 03    433 +014.6290 +002.7783 -000.6867 -179.7693 +004.2093 +086.3096 0
L1 04    433 +018.0631 +006.9007 -001.0828 +062.0121 +014.1610 -140.1179 0
L1 05    433 +016.1254 +005.7354 -005.3091 +090.6459 +039.0502 -000.9490 0
L1 06    433 +015.3507 +005.8341 -005.7536 +088.7714 +027.1299 -003.7790 0
L1 07    433 +014.3569 +005.3039 -005.8680 +097.2701 +046.3120 +017.2657 0
L1 08    433 +013.5311 +005.1400 -005.3460 +092.4211 +047.4270 -006.5658 0
L1 01    437 +015.2812 +002.9060 +001.3635 +175.8557 +001.7555 +001.1805 0
L1 02    437 +007.4452 +005.5203 +001.6841 -095.0477 +006.5631 -149.8046 0
L1 03    437 +014.6290 +002.7784 -000.6867 -179.7684 +004.2089 +086.3094 0
L1 04    437 +018.0630 +006.9009 -001.0829 +062.0143 +014.1602 -140.1179 0
L1 05    437 +016.1254 +005.7354 -005.3088 +090.6444 +039.0502 -000.9507 0
L1 06    437 +015.3508 +005.8337 -005.7538 +088.7699 +027.1296 -003.7779 0
L1 07    437 +014.3567 +005.3040 -005.8682 +097.2727 +046.3119 +017.2679 0
L1 08    437 +013.5312 +005.1399 -005.3459 +092.4204 +047.4267 -006.5661 0
L1 01    441 +015.2813 +002.9057 +001.3637 +175.8522 +001.7570 +001.1802 0
L1 02    441 +007.4452 +005.5203 +001.6841 -095.0485 +006.5631 -149.8060 0
L1 03    441 +014.6290 +002.7781 -000.6866 -179.7706 +004.2100 +086.3101 0
L1 04    441 +018.0630 +006.9006 -001.0828 +062.0111 +014.1598 -140.1171 0
L1 05    441 +016.1257 +005.7348 -005.3084 +090.6383 +039.0498 -000.9540 0
L1 06    441 +015.3508 +005.8336 -005.7537 +088.7680 +027.1303 -003.7784 0
L1 07    441 +014.3570 +005.3035 -005.8678 +097.2664 +046.3139 +017.2631 0
L1 08    441 +013.5312 +005.1399 -005.3458 +092.4189 +047.4274 -006.5675 0
L1 01    445 +015.2813 +002.9055 +001.3639 +175.8508 +001.7580 +001.1799 0
L1 02    445 +007.4452 +005.5202 +001.6841 -095.0485 +006.5627 -149.8061 0
L1 03    445 +014.6290 +002.7782 -000.6866 -179.7704 +004.2101 +086.3101 0
L1 04    445 +018.0632 +006.9000 -001.0829 +062.0072 +014.1605 -140.1163 0
L1 05    445 +016.1256 +005.7352 -005.3083 +090.6399 +039.0483 -000.9543 0
L1 06    445 +015.3507 +005.8335 -005.7539 +088.7684 +027.1310 -003.7774 0
L1 07    445 +014.3568 +005.3039 -005.8676 +097.2672 +046.3129 +017.2623 0
L1 08    445 +013.5311 +005.1399 -005.3458 +092.4191 +047.4273 -006.5675 0
L1 01    449 +015.2813 +002.9057 +001.3635 +175.8523 +001.7564 +001.1807 0
L1 02    449 +007.4452 +005.5203 +001.6841 -095.0480 +006.5629 -149.8039 0
L1 03    449 +014.6291 +002.7781 -000.6867 -179.7707 +004.2100 +086.3099 0
L1 04    449 +018.0632 +006.9004 -001.0824 +062.0090 +014.1585 -140.1191 0
L1 05    449 +016.1255 +005.7355 -005.3086 +090.6436 +039.0492 -000.9520 0
L1 06    449 +015.3508 +005.8335 -005.7537 +088.7669 +027.1297 -003.7778 0
L1 07    449 +014.3570 +005.3039 -005.8677 +097.2663 +046.3130 +017.2615 0
L1 08    449 +013.5312 +005.1399 -005.3457 +092.4180 +047.4270 -006.5689 0
L1 01    453 +015.2813 +002.9058 +001.3637 +175.8538 +001.7580 +001.1807 0
L1 02    453 +007.4452 +005.5203 +001.6841 -095.0466 +006.5625 -149.8024 0
L1 03    453 +014.6291 +002.7783 -000.6866 -179.7683 +004.2111 +086.3101 0
L1 04    453 +018.0631 +006.9007 -001.0830 +062.0115 +014.1603 -140.1170 0
L1 05    453 +016.1255 +005.7360 -005.3084 +090.6448 +039.0473 -000.9540 0
L1 06    453 +015.3509 +005.8338 -005.7535 +088.7688 +027.1285 -003.7803 0
L1 07    453 +014.3570 +005.3044 -005.8675 +097.2671 +046.3113 +017.2572 0
L1 08    453 +013.5312 +005.1400 -005.3458 +092.4194 +047.4266 -006.5687 0
L1 01    457 +015.2813 +002.9058 +001.3638 +175.8544 +001.7574 +001.1799 0
L1 02    457 +007.4452 +005.5203 +001.6841 -095.0468 +006.5629 -149.8028 0
L1 03    457 +014.6291 +002.7783 -000.6866 -179.7688 +004.2113 +086.3104 0
L1 04    457 +018.0630 +006.9010 -001.0832 +062.0140 +014.1605 -140.1155 0
L1 05    457 +016.1253 +005.7358 -005.3090 +090.6473 +039.0496 -000.9499 0
L1 06    457 +015.3507 +005.8340 -005.7540 +088.7723 +027.1297 -003.7771 0
L1 07    457 +014.3567 +005.3045 -005.8680 +097.2729 +046.3107 +017.2643 0
L1 08    457 +013.5312 +005.1401 -005.3461 +092.4211 +047.4272 -006.5671 0
L1 01    461 +015.2813 +002.9058 +001.3637 +175.8536 +001.7568 +001.1797 0
L1 02    461 +007.4452 +005.5203 +001.6841 -095.0473 +006.5629 -149.8042 0
L1 03    461 +014.6290 +002.7783 -000.6865 -179.7689 +004.2116 +086.3098 0
L1 04    461 +018.0629 +006.9009 -001.0829 +062.0139 +014.1603 -140.1165 0
L1 05    461 +016.1253 +005.7360 -005.3087 +090.6479 +039.0469 -000.9509 0
L1 06    461 +015.3508 +005.8334 -005.7542 +088.7701 +027.1310 -003.7753 0
L1 07    461 +014.3569 +005.3040 -005.8679 +097.2700 +046.3124 +017.2637 0
L1 08    461 +013.5312 +005.1400 -005.3459 +092.4207 +047.4267 -006.5669 0
L1 01    465 +015.2813 +002.9056 +001.3637 +175.8520 +001.7569 +001.1796 0
L1 02    465 +007.4452 +005.5203 +001.6841 -095.0478 +006.5632 -149.8055 0
L1 03    465 +014.6291 +002.7780 -000.6866 -179.7731 +004.2107 +086.3099 0
L1 04    465 +018.0631 +006.9004 -001.0831 +062.0091 +014.1608 -140.1156 0
L1 05    465 +016.1256 +005.7354 -005.3082 +090.6397 +039.0491 -000.9557 0
L1 06    465 +015.3510 +005.8333 -005.7537 +088.7665 +027.1308 -003.7789 0
L1 07    465 +014.3569 +005.3037 -005.8679 +097.2672 +046.3130 +017.2638 0
L1 08    465 +013.5311 +005.1399 -005.3458 +092.4190 +047.4273 -006.5674 0
