L1 01      3 +012.9958 -003.8654 +001.2850 -007.1520 +001.0822 +001.7534 0
L1 02      3 +007.4471 +005.5188 +001.6828 -095.0350 +006.4667 -149.5767 0
L1 03      3 +013.6918 -003.7697 -000.7326 -003.0054 +006.4436 +086.1529 0
L1 04      3 +012.7588 -007.5837 +001.1307 -062.0995 -031.0987 -149.7648 0
L1 05      3 +012.1797 -007.4932 -002.6199 -088.1164 -041.8611 -003.4857 0
L1 06      3 +012.9374 -007.5522 -003.0050 -091.4991 -041.8967 -003.2582 0
L1 07      3 +013.9118 -007.8029 -002.9895 -088.6618 -032.8177 +012.6938 0
L1 08      3 +014.8094 -007.5758 -002.3257 -090.0609 -038.9082 +003.0142 0
L1 01      7 +012.9958 -003.8655 +001.2850 -007.1525 +001.0820 +001.7537 0
L1 02      7 +007.4472 +005.5187 +001.6828 -095.0358 +006.4666 -149.5775 0
L1 03      7 +013.6918 -003.7698 -000.7326 -003.0064 +006.4440 +086.1528 0
L1 04      7 +012.7588 -007.5837 +001.1306 -062.1006 -031.0973 -149.7653 0
L1 05      7 +012.1797 -007.4933 -002.6199 -088.1161 -041.8616 -003.4867 0
L1 06      7 +012.9373 -007.5524 -003.0052 -091.4998 -041.8971 -003.2595 0
L1 07      7 +013.9117 -007.8032 -002.9891 -088.6642 -032.8193 +012.6954 0
L1 08      7 +014.8093 -007.5761 -002.3257 -090.0625 -038.9084 +003.0144 0
L1 01     11 +012.9959 -003.8653 +001.2849 -007.1512 +001.0832 +001.7535 0
L1 02     11 +007.4471 +005.5188 +001.6827 -095.0346 +006.4662 -149.5779 0
L1 03     11 +013.6918 -003.7697 -000.7326 -003.0049 +006.4446 +086.1527 0
L1 04     11 +012.7588 -007.5836 +001.1306 -062.0990 -031.0973 -149.7656 0
L1 05     11 +012.1797 -007.4932 -002.6198 -088.1153 -041.8608 -003.4858 0
L1 06     11 +012.9373 -007.5522 -003.0051 -091.4983 -041.8977 -003.2601 0
L1 07     11 +013.9119 -007.8030 -002.9891 -088.6615 -032.8190 +012.6951 0
L1 08     11 +014.8093 -007.5758 -002.3256 -090.0610 -038.9081 +003.0144 0
L1 01     15 +012.9958 -003.8654 +001.2850 -007.1522 +001.0829 +001.7531 0
L1 02     15 +007.4471 +005.5187 +001.6827 -095.0355 +006.4662 -149.5786 0
L1 03     15 +013.6918 -003.7698 -000.7326 -003.0061 +006.4452 +086.1524 0
L1 04     15 +012.7587 -007.5838 +001.1306 -062.1008 -031.0966 -149.7665 0
L1 05     15 +012.1797 -007.4934 -002.6197 -088.1166 -041.8617 -003.4861 0
L1 06     15 +012.9375 -007.5520 -003.0051 -091.4974 -041.8969 -003.2589 0
L1 07     15 +013.9118 -007.8031 -002.9893 -088.6622 -032.8182 +012.6941 0
L1 08     15 +014.8092 -007.5762 -002.3256 -090.0628 -038.9087 +003.0140 0
L1 01     19 +012.9958 -003.8655 +001.2850 -007.1530 +001.0830 +001.7533 0
L1 02     19 +007.4471 +005.5187 +001.6827 -095.0360 +006.4664 -149.5801 0
L1 03     19 +013.6917 -003.7699 -000.7326 -003.0074 +006.4460 +086.1525 0
L1 04     19 +012.7587 -007.5840 +001.1304 -062.1004 -031.0943 -149.7690 0
L1 05     19 +012.1796 -007.4934 -002.6198 -088.1153 -041.8615 -003.4881 0
L1 06     19 +012.9373 -007.5522 -003.0050 -091.4988 -041.8970 -003.2596 0
L1 07     19 +013.9119 -007.8028 -002.9892 -088.6602 -032.8178 +012.6943 0
L1 08     19 +014.8092 -007.5763 -002.3256 -090.0628 -038.9090 +003.0135 0
L1 01     23 +012.9958 -003.8653 +001.2850 -007.1509 +001.0840 +001.7534 0
L1 02     23 +007.4471 +005.5188 +001.6827 -095.0349 +006.4662 -149.5800 0
L1 03     23 +013.6917 -003.7697 -000.7327 -003.0048 +006.4478 +086.1531 0
L1 04     23 +012.7588 -007.5836 +001.1304 -062.0967 -031.0949 -149.7686 0
L1 05     23 +012.1796 -007.4931 -002.6200 -088.1116 -041.8606 -003.4900 0
L1 06     23 +012.9374 -007.5520 -003.0050 -091.4964 -041.8961 -003.2602 0
L1 07     23 +013.9119 -007.8026 -002.9893 -088.6583 -032.8170 +012.6935 0
L1 08     23 +014.8093 -007.5757 -002.3258 -090.0578 -038.9076 +003.0119 0
L1 01     27 +012.9958 -003.8653 +001.2850 -007.1520 +001.0840 +001.7534 0
L1 02     27 +007.4471 +005.5188 +001.6827 -095.0353 +006.4663 -149.5803 0
L1 03     27 +013.6917 -003.7697 -000.7327 -003.0058 +006.4481 +086.1528 0
L1 04     27 +012.7587 -007.5837 +001.1305 -062.1002 -031.0947 -149.7664 0
L1 05     27 +012.1797 -007.4931 -002.6200 -088.1131 -041.8597 -003.4894 0
L1 06     27 +012.9372 -007.5523 -003.0051 -091.4982 -041.8968 -003.2615 0
L1 07     27 +013.9118 -007.8029 -002.9895 -088.6607 -032.8166 +012.6928 0
L1 08     27 +014.8093 -007.5759 -002.3257 -090.0607 -038.9081 +003.0128 0
L1 01     31 +012.9958 -003.8652 +001.2851 -007.1510 +001.0827 +001.7530 0
L1 02     31 +007.4471 +005.5188 +001.6827 -095.0347 +006.4665 -149.5789 0
L1 03     31 +013.6917 -003.7697 -000.7327 -003.0063 +006.4479 +086.1525 0
L1 04     31 +012.7588 -007.5837 +001.1304 -062.1000 -031.0947 -149.7663 0
L1 05     31 +012.1796 -007.4932 -002.6199 -088.1151 -041.8604 -003.4876 0
L1 06     31 +012.9374 -007.5520 -003.0051 -091.4972 -041.8962 -003.2602 0
L1 07     31 +013.9119 -007.8026 -002.9895 -088.6590 -032.8160 +012.6939 0
L1 08     31 +014.8093 -007.5758 -002.3257 -090.0603 -038.9080 +003.0145 0
L1 01     35 +012.9958 -003.8653 +001.2850 -007.1517 +001.0827 +001.7529 0
L1 02     35 +007.4471 +005.5187 +001.6827 -095.0357 +006.4666 -149.5790 0
L1 03     35 +013.6918 -003.7698 -000.7327 -003.0070 +006.4473 +086.1523 0
L1 04     35 +012.7587 -007.5837 +001.1304 -062.1010 -031.0947 -149.7663 0
L1 05     35 +012.1797 -007.4932 -002.6199 -088.1140 -041.8610 -003.4883 0
L1 06     35 +012.9372 -007.5525 -003.0052 -091.5014 -041.8959 -003.2593 0
L1 07     35 +013.9118 -007.8028 -002.9894 -088.6601 -032.8174 +012.6939 0
L1 08     35 +014.8093 -007.5759 -002.3257 -090.0598 -038.9087 +003.0140 0
L1 01     39 +012.9958 -003.8654 +001.2850 -007.1523 +001.0825 +001.7531 0
L1 02     39 +007.4471 +005.5188 +001.6827 -095.0354 +006.4665 -149.5789 0
L1 03     39 +013.6917 -003.7699 -000.7326 -003.0081 +006.4469 +086.1518 0
L1 04     39 +012.7587 -007.5838 +001.1305 -062.1028 -031.0951 -149.7658 0
L1 05     39 +012.1797 -007.4933 -002.6197 -088.1150 -041.8620 -003.4869 0
L1 06     39 +012.9372 -007.5526 -003.0049 -091.5044 -041.8976 -003.2559 0
L1 07     39 +013.9120 -007.8028 -002.9891 -088.6623 -032.8175 +012.6971 0
L1 08     39 +014.8094 -007.5759 -002.3255 -090.0613 -038.9090 +003.0155 0
L1 01     43 +012.9958 -003.8653 +001.2850 -007.1523 +001.0832 +001.7529 0
L1 02     43 +007.4471 +005.5188 +001.6827 -095.0352 +006.4667 -149.5789 0
L1 03     43 +013.6918 -003.7696 -000.7327 -003.0059 +006.4486 +086.1520 0
L1 04     43 +012.7587 -007.5837 +001.1305 -062.1023 -031.0952 -149.7651 0
L1 05     43 +012.1797 -007.4932 -002.6200 -088.1127 -041.8610 -003.4895 0
L1 06     43 +012.9375 -007.5519 -003.0050 -091.4987 -041.8968 -003.2586 0
L1 07     43 +013.9119 -007.8028 -002.9891 -088.6641 -032.8175 +012.6974 0
L1 08     43 +014.8093 -007.5759 -002.3257 -090.0610 -038.9084 +003.0139 0
L1 01     47 +012.9958 -003.8654 +001.2849 -007.1527 +001.0843 +001.7537 0
L1 02     47 +007.4471 +005.5188 +001.6827 -095.0350 +006.4668 -149.5785 0
L1 03     47 +013.6918 -003.7696 -000.7327 -003.0060 +006.4492 +086.1526 0
L1 04     47 +012.7587 -007.5837 +001.1305 -062.1024 -031.0946 -149.7661 0
L1 05     47 +012.1796 -007.4932 -002.6202 -088.1115 -041.8599 -003.4911 0
L1 06     47 +012.9375 -007.5518 -003.0050 -091.4981 -041.8963 -003.2575 0
L1 07     47 +013.9117 -007.8030 -002.9893 -088.6632 -032.8180 +012.6939 0
L1 08     47 +014.8093 -007.5758 -002.3257 -090.0595 -038.9080 +003.0130 0
L1 01     51 +012.9958 -003.8653 +001.2849 -007.1521 +001.0843 +001.7539 0
L1 02     51 +007.4471 +005.5188 +001.6827 -095.0351 +006.4665 -149.5786 0
L1 03     51 +013.6917 -003.7696 -000.7327 -003.0067 +006.4492 +086.1526 0
L1 04     51 +012.7587 -007.5838 +001.1304 -062.1022 -031.0933 -149.7671 0
L1 05     51 +012.1795 -007.4932 -002.6201 -088.1132 -041.8602 -003.4906 0
L1 06     51 +012.9372 -007.5523 -003.0051 -091.5002 -041.8969 -003.2590 0
L1 07     51 +013.9118 -007.8027 -002.9891 -088.6618 -032.8168 +012.6961 0
L1 08     51 +014.8093 -007.5757 -002.3258 -090.0580 -038.9076 +003.0120 0
L1 01     55 +012.9958 -003.8653 +001.2849 -007.1523 +001.0853 +001.7540 0
L1 02     55 +007.4471 +005.5188 +001.6827 -095.0351 +006.4664 -149.5787 0
L1 03     55 +013.6917 -003.7696 -000.7327 -003.0061 +006.4500 +086.1524 0
L1 04     55 +012.7588 -007.5835 +001.1304 -062.1010 -031.0933 -149.7664 0
L1 05     55 +012.1798 -007.4929 -002.6199 -088.1116 -041.8593 -003.4888 0
L1 06     55 +012.9373 -007.5520 -003.0051 -091.4985 -041.8956 -003.2596 0
L1 07     55 +013.9118 -007.8027 -002.9894 -088.6605 -032.8155 +012.6935 0
L1 08     55 +014.8093 -007.5758 -002.3257 -090.0594 -038.9080 +003.0126 0
L1 01     59 +012.9958 -003.8654 +001.2849 -007.1530 +001.0847 +001.7539 0
L1 02     59 +007.4471 +005.5188 +001.6827 -095.0355 +006.4664 -149.5796 0
L1 03     59 +013.6917 -003.7696 -000.7327 -003.0068 +006.4501 +086.1526 0
L1 04     59 +012.7588 -007.5837 +001.1304 -062.1021 -031.0929 -149.7661 0
L1 05     59 +012.1797 -007.4931 -002.6199 -088.1140 -041.8592 -003.4883 0
L1 06     59 +012.9373 -007.5521 -003.0050 -091.4999 -041.8963 -003.2589 0
L1 07     59 +013.9118 -007.8028 -002.9895 -088.6620 -032.8161 +012.6931 0
L1 08     59 +014.8093 -007.5758 -002.3256 -090.0594 -038.9079 +003.0133 0
L1 01     63 +012.9958 -003.8655 +001.2849 -007.1542 +001.0848 +001.7533 0
L1 02     63 +007.4472 +005.5187 +001.6827 -095.0367 +006.4666 -149.5802 0
L1 03     63 +013.6917 -003.7698 -000.7327 -003.0090 +006.4507 +086.1515 0
L1 04     63 +012.7586 -007.5840 +001.1305 -062.1067 -031.0933 -149.7641 0
L1 05     63 +012.1795 -007.4935 -002.6199 -088.1152 -041.8605 -003.4901 0
L1 06     63 +012.9372 -007.5524 -003.0052 -091.5018 -041.8954 -003.2599 0
L1 07     63 +013.9118 -007.8029 -002.9894 -088.6635 -032.8173 +012.6942 0
L1 08     63 +014.8092 -007.5760 -002.3259 -090.0606 -038.9088 +003.0109 0
L1 01     67 +012.9959 -003.8652 +001.2850 -007.1524 +001.0837 +001.7536 0
L1 02     67 +007.4471 +005.5188 +001.6827 -095.0349 +006.4664 -149.5796 0
L1 03     67 +013.6917 -003.7696 -000.7327 -003.0072 +006.4506 +086.1522 0
L1 04     67 +012.7587 -007.5836 +001.1305 -062.1037 -031.0931 -149.7647 0
L1 05     67 +012.1796 -007.4933 -002.6199 -088.1137 -041.8605 -003.4893 0
L1 06     67 +012.9371 -007.5523 -003.0051 -091.5023 -041.8964 -003.2583 0
L1 07     67 +013.9119 -007.8027 -002.9892 -088.6634 -032.8168 +012.6964 0
L1 08     67 +014.8094 -007.5756 -002.3256 -090.0587 -038.9073 +003.0144 0
L1 01     71 +012.9958 -003.8652 +001.2850 -007.1524 +001.0834 +001.7537 0
L1 02     71 +007.4471 +005.5188 +001.6827 -095.0350 +006.4661 -149.5797 0
L1 03     71 +013.6918 -003.7696 -000.7326 -003.0081 +006.4501 +086.1522 0
L1 04     71 +012.7588 -007.5835 +001.1304 -062.1031 -031.0914 -149.7645 0
L1 05     71 +012.1797 -007.4931 -002.6199 -088.1133 -041.8605 -003.4887 0
L1 06     71 +012.9372 -007.5521 -003.0051 -091.5016 -041.8964 -003.2578 0
L1 07     71 +013.9118 -007.8029 -002.9891 -088.6648 -032.8166 +012.6974 0
L1 08     71 +014.8094 -007.5757 -002.3257 -090.0589 -038.9080 +003.0136 0
L1 01     75 +012.9958 -003.8653 +001.2850 -007.1541 +001.0837 +001.7537 0
L1 02     75 +007.4472 +005.5187 +001.6827 -095.0362 +006.4665 -149.5797 0
L1 03     75 +013.6918 -003.7698 -000.7326 -003.0104 +006.4502 +086.1518 0
L1 04     75 +012.7588 -007.5837 +001.1305 -062.1062 -031.0920 -149.7636 0
L1 05     75 +012.1796 -007.4933 -002.6198 -088.1161 -041.8609 -003.4868 0
L1 06     75 +012.9370 -007.5524 -003.0053 -091.5037 -041.8962 -003.2599 0
L1 07     75 +013.9118 -007.8028 -002.9890 -088.6660 -032.8177 +012.6980 0
L1 08     75 +014.8093 -007.5760 -002.3257 -090.0620 -038.9085 +003.0138 0
L1 01     79 +012.9958 -003.8654 +001.2850 -007.1546 +001.0845 +001.7539 0
L1 02     79 +007.4472 +005.5187 +001.6827 -095.0364 +006.4667 -149.5793 0
L1 03     79 +013.6917 -003.7698 -000.7326 -003.0097 +006.4512 +086.1523 0
L1 04     79 +012.7588 -007.5837 +001.1306 -062.1059 -031.0924 -149.7636 0
L1 05     79 +012.1797 -007.4931 -002.6198 -088.1145 -041.8611 -003.4876 0
L1 06     79 +012.9372 -007.5523 -003.0050 -091.5036 -041.8964 -003.2578 0
L1 07     79 +013.9119 -007.8027 -002.9893 -088.6640 -032.8173 +012.6959 0
L1 08     79 +014.8092 -007.5760 -002.3257 -090.0613 -038.9085 +003.0127 0
L1 01     83 +012.9958 -003.8653 +001.2849 -007.1541 +001.0848 +001.7540 0
L1 02     83 +007.4472 +005.5187 +001.6827 -095.0360 +006.4664 -149.5795 0
L1 03     83 +013.6917 -003.7696 -000.7326 -003.0086 +006.4516 +086.1522 0
L1 04     83 +012.7587 -007.5837 +001.1305 -062.1060 -031.0920 -149.7636 0
L1 05     83 +012.1796 -007.4931 -002.6198 -088.1140 -041.8608 -003.4878 0
L1 06     83 +012.9372 -007.5522 -003.0049 -091.5043 -041.8958 -003.2559 0
L1 07     83 +013.9117 -007.8029 -002.9895 -088.6638 -032.8168 +012.6934 0
L1 08     83 +014.8093 -007.5758 -002.3257 -090.0598 -038.9083 +003.0129 0
L1 01     87 +012.9958 -003.8653 +001.2850 -007.1543 +001.0844 +001.7537 0
L1 02     87 +007.4472 +005.5187 +001.6827 -095.0361 +006.4663 -149.5798 0
L1 03     87 +013.6917 -003.7697 -000.7327 -003.0097 +006.4521 +086.1519 0
L1 04     87 +012.7587 -007.5838 +001.1305 -062.1070 -031.0911 -149.7639 0
L1 05     87 +012.1795 -007.4932 -002.6199 -088.1145 -041.8610 -003.4890 0
L1 06     87 +012.9371 -007.5523 -003.0050 -091.5036 -041.8962 -003.2574 0
L1 07     87 +013.9116 -007.8030 -002.9894 -088.6638 -032.8172 +012.6928 0
L1 08     87 +014.8093 -007.5759 -002.3258 -090.0604 -038.9081 +003.0129 0
L1 01     91 +012.9958 -003.8654 +001.2849 -007.1542 +001.0852 +001.7539 0
L1 02     91 +007.4471 +005.5187 +001.6827 -095.0359 +006.4666 -149.5796 0
L1 03     91 +013.6917 -003.7697 -000.7327 -003.0092 +006.4529 +086.1522 0
L1 04     91 +012.7587 -007.5837 +001.1306 -062.1060 -031.0921 -149.7641 0
L1 05     91 +012.1796 -007.4931 -002.6199 -088.1134 -041.8607 -003.4887 0
L1 06     91 +012.9371 -007.5523 -003.0049 -091.5036 -041.8973 -003.2573 0
L1 07     91 +013.9117 -007.8029 -002.9895 -088.6634 -032.8156 +012.6932 0
L1 08     91 +014.8093 -007.5758 -002.3258 -090.0587 -038.9080 +003.0120 0
L1 01     95 +012.9958 -003.8653 +001.2849 -007.1535 +001.0858 +001.7538 0
L1 02     95 +007.4471 +005.5187 +001.6827 -095.0356 +006.4665 -149.5795 0
L1 03     95 +013.6917 -003.7695 -000.7327 -003.0068 +006.4538 +086.1527 0
L1 04     95 +012.7588 -007.5835 +001.1306 -062.1051 -031.0918 -149.7641 0
L1 05     95 +012.1799 -007.4928 -002.6195 -088.1118 -041.8617 -003.4864 0
L1 06     95 +012.9372 -007.5520 -003.0051 -091.5007 -041.8963 -003.2589 0
L1 07     95 +013.9118 -007.8027 -002.9894 -088.6618 -032.8161 +012.6938 0
L1 08     95 +014.8093 -007.5756 -002.3258 -090.0576 -038.9080 +003.0115 0
L1 01     99 +012.9958 -003.8653 +001.2850 -007.1542 +001.0846 +001.7534 0
L1 02     99 +007.4472 +005.5187 +001.6827 -095.0358 +006.4665 -149.5793 0
L1 03     99 +013.6917 -003.7697 -000.7326 -003.0104 +006.4530 +086.1520 0
L1 04     99 +012.7587 -007.5838 +001.1304 -062.1077 -031.0898 -149.7643 0
L1 05     99 +012.1797 -007.4931 -002.6198 -088.1123 -041.8617 -003.4895 0
L1 06     99 +012.9370 -007.5524 -003.0049 -091.5039 -041.8988 -003.2579 0
L1 07     99 +013.9115 -007.8029 -002.9899 -088.6628 -032.8147 +012.6904 0
L1 08     99 +014.8093 -007.5758 -002.3257 -090.0592 -038.9084 +003.0128 0
L1 01    103 +012.9958 -003.8654 +001.2850 -007.1545 +001.0846 +001.7537 0
L1 02    103 +007.4471 +005.5187 +001.6827 -095.0356 +006.4664 -149.5794 0
L1 03    103 +013.6917 -003.7698 -000.7326 -003.0111 +006.4536 +086.1521 0
L1 04    103 +012.7587 -007.5837 +001.1304 -062.1073 -031.0891 -149.7646 0
L1 05    103 +012.1795 -007.4932 -002.6198 -088.1143 -041.8608 -003.4888 0
L1 06    103 +012.9372 -007.5523 -003.0048 -091.5039 -041.8987 -003.2561 0
L1 07    103 +013.9116 -007.8027 -002.9898 -088.6624 -032.8136 +012.6920 0
L1 08    103 +014.8093 -007.5757 -002.3256 -090.0587 -038.9088 +003.0131 0
L1 01    107 +012.9958 -003.8653 +001.2850 -007.1535 +001.0850 +001.7537 0
L1 02    107 +007.4471 +005.5188 +001.6827 -095.0351 +006.4663 -149.5793 0
L1 03    107 +013.6917 -003.7697 -000.7326 -003.0095 +006.4540 +086.1519 0
L1 04    107 +012.7587 -007.5837 +001.1304 -062.1068 -031.0888 -149.7644 0
L1 05    107 +012.1795 -007.4931 -002.6200 -088.1124 -041.8606 -003.4908 0
L1 06    107 +012.9373 -007.5520 -003.0049 -091.5023 -041.8962 -003.2566 0
L1 07    107 +013.9118 -007.8026 -002.9894 -088.6620 -032.8148 +012.6933 0
L1 08    107 +014.8093 -007.5756 -002.3257 -090.0576 -038.9078 +003.0129 0
L1 01    111 +012.9958 -003.8653 +001.2850 -007.1544 +001.0848 +001.7538 0
L1 02    111 +007.4471 +005.5187 +001.6827 -095.0354 +006.4666 -149.5800 0
L1 03    111 +013.6917 -003.7697 -000.7326 -003.0106 +006.4542 +086.1516 0
L1 04    111 +012.7587 -007.5838 +001.1304 -062.1089 -031.0887 -149.7633 0
L1 05    111 +012.1795 -007.4931 -002.6199 -088.1126 -041.8603 -003.4904 0
L1 06    111 +012.9371 -007.5522 -003.0050 -091.5040 -041.8970 -003.2579 0
L1 07    111 +013.9117 -007.8027 -002.9895 -088.6629 -032.8145 +012.6929 0
L1 08    111 +014.8092 -007.5758 -002.3257 -090.0599 -038.9086 +003.0126 0
L1 01    115 +012.9952 -003.8657 +001.2860 -007.1567 +001.0749 +001.7644 0
L1 02    115 +007.4472 +005.5181 +001.6832 -095.0403 +006.4727 -149.5891 0
L1 03    115 +013.6915 -003.7693 -000.7330 -003.0076 +006.4561 +086.1620 0
L1 04    115 +012.7581 -007.5840 +001.1311 -062.1204 -031.0916 -149.7477 0
L1 05    115 +012.1796 -007.4930 -002.6198 -088.1125 -041.8608 -003.4889 0
L1 06    115 +012.9371 -007.5522 -003.0052 -091.5033 -041.8958 -003.2583 0
L1 07    115 +013.9119 -007.8024 -002.9896 -088.6621 -032.8129 +012.6936 0
L1 08    115 +014.8092 -007.5758 -002.3258 -090.0592 -038.9082 +003.0117 0
L1 01    119 +012.9958 -003.8653 +001.2851 -007.1549 +001.0847 +001.7546 0
L1 02    119 +007.4471 +005.5188 +001.6827 -095.0351 +006.4666 -149.5794 0
L1 03    119 +013.6917 -003.7696 -000.7329 -003.0108 +006.4565 +086.1528 0
L1 04    119 +012.7586 -007.5840 +001.1306 -062.1116 -031.0898 -149.7622 0
L1 05    119 +012.1795 -007.4931 -002.6199 -088.1130 -041.8604 -003.4897 0
L1 06    119 +012.9371 -007.5522 -003.0050 -091.5037 -041.8970 -003.2574 0
L1 07    119 +013.9118 -007.8028 -002.9896 -088.6642 -032.8139 +012.6938 0
L1 08    119 +014.8091 -007.5761 -002.3256 -090.0626 -038.9084 +003.0138 0
L1 01    123 +012.9958 -003.8652 +001.2850 -007.1542 +001.0862 +001.7537 0
L1 02    123 +007.4471 +005.5189 +001.6827 -095.0337 +006.4662 -149.5788 0
L1 03    123 +013.6917 -003.7697 -000.7328 -003.0109 +006.4564 +086.1522 0
L1 04    123 +012.7587 -007.5837 +001.1304 -062.1090 -031.0893 -149.7633 0
L1 05    123 +012.1797 -007.4929 -002.6199 -088.1115 -041.8600 -003.4898 0
L1 06    123 +012.9371 -007.5523 -003.0051 -091.5039 -041.8973 -003.2582 0
L1 07    123 +013.9118 -007.8028 -002.9893 -088.6652 -032.8157 +012.6957 0
L1 08    123 +014.8092 -007.5759 -002.3258 -090.0603 -038.9081 +003.0123 0
L1 01    127 +012.9958 -003.8652 +001.2849 -007.1540 +001.0870 +001.7541 0
L1 02    127 +007.4471 +005.5189 +001.6827 -095.0335 +006.4662 -149.5779 0
L1 03    127 +013.6917 -003.7695 -000.7328 -003.0094 +006.4567 +086.1521 0
L1 04    127 +012.7587 -007.5836 +001.1306 -062.1083 -031.0904 -149.7625 0
L1 05    127 +012.1797 -007.4929 -002.6199 -088.1111 -041.8600 -003.4899 0
L1 06    127 +012.9373 -007.5519 -003.0050 -091.5016 -041.8970 -003.2576 0
L1 07    127 +013.9118 -007.8026 -002.9890 -088.6655 -032.8159 +012.6969 0
L1 08    127 +014.8092 -007.5758 -002.3257 -090.0601 -038.9079 +003.0126 0
L1 01    131 +012.9958 -003.8653 +001.2850 -007.1557 +001.0859 +001.7537 0
L1 02    131 +007.4471 +005.5188 +001.6827 -095.0351 +006.4666 -149.5791 0
L1 03    131 +013.6917 -003.7697 -000.7328 -003.0120 +006.4570 +086.1515 0
L1 04    131 +012.7587 -007.5837 +001.1305 -062.1108 -031.0889 -149.7626 0
L1 05    131 +012.1797 -007.4930 -002.6197 -088.1126 -041.8602 -003.4884 0
L1 06    131 +012.9370 -007.5524 -003.0051 -091.5050 -041.8974 -003.2582 0
L1 07    131 +013.9119 -007.8027 -002.9890 -088.6659 -032.8168 +012.6975 0
L1 08    131 +014.8091 -007.5760 -002.3258 -090.0610 -038.9084 +003.0120 0
L1 01    135 +012.9958 -003.8653 +001.2851 -007.1549 +001.0851 +001.7536 0
L1 02    135 +007.4471 +005.5188 +001.6827 -095.0341 +006.4662 -149.5796 0
L1 03    135 +013.6917 -003.7697 -000.7327 -003.0118 +006.4570 +086.1517 0
L1 04    135 +012.7587 -007.5837 +001.1304 -062.1107 -031.0878 -149.7632 0
L1 05    135 +012.1795 -007.4932 -002.6194 -088.1157 -041.8613 -003.4871 0
L1 06    135 +012.9370 -007.5524 -003.0049 -091.5068 -041.8970 -003.2564 0
L1 07    135 +013.9115 -007.8030 -002.9890 -088.6687 -032.8172 +012.6975 0
L1 08    135 +014.8092 -007.5758 -002.3257 -090.0601 -038.9083 +003.0130 0
L1 01    139 +012.9958 -003.8654 +001.2851 -007.1564 +001.0850 +001.7540 0
L1 02    139 +007.4471 +005.5188 +001.6827 -095.0345 +006.4665 -149.5804 0
L1 03    139 +013.6917 -003.7698 -000.7327 -003.0129 +006.4570 +086.1517 0
L1 04    139 +012.7586 -007.5838 +001.1304 -062.1117 -031.0877 -149.7627 0
L1 05    139 +012.1795 -007.4932 -002.6197 -088.1164 -041.8603 -003.4874 0
L1 06    139 +012.9370 -007.5523 -003.0050 -091.5058 -041.8974 -003.2575 0
L1 07    139 +013.9116 -007.8027 -002.9893 -088.6666 -032.8160 +012.6949 0
L1 08    139 +014.8092 -007.5758 -002.3258 -090.0600 -038.9080 +003.0126 0
L1 01    143 +012.9958 -003.8653 +001.2850 -007.1560 +001.0862 +001.7539 0
L1 02    143 +007.4471 +005.5188 +001.6827 -095.0344 +006.4664 -149.5803 0
L1 03    143 +013.6917 -003.7696 -000.7327 -003.0119 +006.4574 +086.1521 0
L1 04    143 +012.7587 -007.5836 +001.1305 -062.1116 -031.0881 -149.7623 0
L1 05    143 +012.1795 -007.4930 -002.6200 -088.1128 -041.8597 -003.4911 0
L1 06    143 +012.9373 -007.5518 -003.0052 -091.5024 -041.8960 -003.2587 0
L1 07    143 +013.9117 -007.8025 -002.9896 -088.6651 -032.8134 +012.6939 0
L1 08    143 +014.8092 -007.5758 -002.3258 -090.0598 -038.9081 +003.0114 0
L1 01    147 +012.9958 -003.8652 +001.2850 -007.1552 +001.0855 +001.7537 0
L1 02    147 +007.4471 +005.5188 +001.6827 -095.0343 +006.4662 -149.5797 0
L1 03    147 +013.6917 -003.7696 -000.7327 -003.0126 +006.4575 +086.1516 0
L1 04    147 +012.7586 -007.5837 +001.1304 -062.1118 -031.0870 -149.7627 0
L1 05    147 +012.1796 -007.4929 -002.6197 -088.1127 -041.8605 -003.4891 0
L1 06    147 +012.9372 -007.5520 -003.0051 -091.5039 -041.8964 -003.2577 0
L1 07    147 +013.9116 -007.8028 -002.9893 -088.6668 -032.8148 +012.6956 0
L1 08    147 +014.8092 -007.5758 -002.3256 -090.0598 -038.9086 +003.0129 0
L1 01    151 +012.9958 -003.8653 +001.2850 -007.1566 +001.0851 +001.7540 0
L1 02    151 +007.4471 +005.5188 +001.6827 -095.0350 +006.4665 -149.5783 0
L1 03    151 +013.6917 -003.7698 -000.7327 -003.0139 +006.4574 +086.1517 0
L1 04    151 +012.7586 -007.5839 +001.1303 -062.1133 -031.0871 -149.7629 0
L1 05    151 +012.1795 -007.4931 -002.6199 -088.1134 -041.8602 -003.4901 0
L1 06    151 +012.9370 -007.5523 -003.0050 -091.5072 -041.8965 -003.2566 0
L1 07    151 +013.9116 -007.8029 -002.9894 -088.6672 -032.8154 +012.6950 0
L1 08    151 +014.8092 -007.5760 -002.3258 -090.0611 -038.9088 +003.0124 0
L1 01    155 +012.9958 -003.8652 +001.2850 -007.1559 +001.0851 +001.7538 0
L1 02    155 +007.4471 +005.5188 +001.6827 -095.0347 +006.4663 -149.5782 0
L1 03    155 +013.6917 -003.7697 -000.7328 -003.0135 +006.4579 +086.1517 0
L1 04    155 +012.7586 -007.5837 +001.1303 -062.1129 -031.0868 -149.7622 0
L1 05    155 +012.1797 -007.4929 -002.6200 -088.1105 -041.8597 -003.4911 0
L1 06    155 +012.9371 -007.5521 -003.0051 -091.5062 -041.8959 -003.2559 0
L1 07    155 +013.9118 -007.8026 -002.9893 -088.6662 -032.8146 +012.6968 0
L1 08    155 +014.8093 -007.5757 -002.3257 -090.0593 -038.9086 +003.0131 0
L1 01    159 +012.9958 -003.8653 +001.2850 -007.1572 +001.0856 +001.7541 0
L1 02    159 +007.4471 +005.5188 +001.6827 -095.0350 +006.4668 -149.5794 0
L1 03    159 +013.6917 -003.7697 -000.7328 -003.0138 +006.4589 +086.1511 0
L1 04    159 +012.7586 -007.5838 +001.1305 -062.1150 -031.0875 -149.7617 0
L1 05    159 +012.1796 -007.4931 -002.6199 -088.1134 -041.8605 -003.4900 0
L1 06    159 +012.9371 -007.5520 -003.0051 -091.5057 -041.8961 -003.2569 0
L1 07    159 +013.9117 -007.8028 -002.9891 -088.6691 -032.8149 +012.6975 0
L1 08    159 +014.8092 -007.5758 -002.3255 -090.0618 -038.9092 +003.0141 0
L1 01    163 +012.9958 -003.8653 +001.2850 -007.1565 +001.0859 +001.7541 0
L1 02    163 +007.4470 +005.5189 +001.6827 -095.0338 +006.4664 -149.5800 0
L1 03    163 +013.6917 -003.7696 -000.7328 -003.0124 +006.4596 +086.1517 0
L1 04    163 +012.7586 -007.5837 +001.1304 -062.1127 -031.0868 -149.7619 0
L1 05    163 +012.1795 -007.4931 -002.6200 -088.1124 -041.8598 -003.4914 0
L1 06    163 +012.9370 -007.5522 -003.0049 -091.5082 -041.8972 -003.2548 0
L1 07    163 +013.9117 -007.8026 -002.9891 -088.6666 -032.8150 +012.6968 0
L1 08    163 +014.8093 -007.5755 -002.3255 -090.0594 -038.9083 +003.0144 0
L1 01    167 +012.9958 -003.8653 +001.2851 -007.1567 +001.0852 +001.7541 0
L1 02    167 +007.4470 +005.5189 +001.6827 -095.0342 +006.4666 -149.5808 0
L1 03    167 +013.6916 -003.7698 -000.7327 -003.0143 +006.4591 +086.1516 0
L1 04    167 +012.7586 -007.5837 +001.1303 -062.1137 -031.0851 -149.7627 0
L1 05    167 +012.1795 -007.4931 -002.6199 -088.1129 -041.8601 -003.4902 0
L1 06    167 +012.9370 -007.5524 -003.0048 -091.5094 -041.8976 -003.2540 0
L1 07    167 +013.9117 -007.8027 -002.9892 -088.6670 -032.8149 +012.6964 0
L1 08    167 +014.8093 -007.5757 -002.3256 -090.0594 -038.9085 +003.0139 0
L1 01    171 +012.9958 -003.8654 +001.2850 -007.1582 +001.0861 +001.7539 0
L1 02    171 +007.4471 +005.5188 +001.6827 -095.0350 +006.4665 -149.5789 0
L1 03    171 +013.6917 -003.7698 -000.7328 -003.0152 +006.4603 +086.1511 0
L1 04    171 +012.7585 -007.5840 +001.1304 -062.1175 -031.0857 -149.7603 0
L1 05    171 +012.1794 -007.4933 -002.6198 -088.1149 -041.8608 -003.4901 0
L1 06    171 +012.9368 -007.5526 -003.0049 -091.5112 -041.8979 -003.2548 0
L1 07    171 +013.9116 -007.8032 -002.9893 -088.6706 -032.8151 +012.6962 0
L1 08    171 +014.8091 -007.5762 -002.3256 -090.0626 -038.9099 +003.0125 0
L1 01    175 +012.9958 -003.8654 +001.2849 -007.1578 +001.0867 +001.7543 0
L1 02    175 +007.4471 +005.5188 +001.6827 -095.0338 +006.4661 -149.5770 0
L1 03    175 +013.6917 -003.7696 -000.7329 -003.0124 +006.4613 +086.1509 0
L1 04    175 +012.7587 -007.5837 +001.1304 -062.1143 -031.0869 -149.7606 0
L1 05    175 +012.1795 -007.4931 -002.6197 -088.1139 -041.8608 -003.4890 0
L1 06    175 +012.9369 -007.5523 -003.0050 -091.5092 -041.8960 -003.2551 0
L1 07    175 +013.9116 -007.8029 -002.9892 -088.6701 -032.8143 +012.6970 0
L1 08    175 +014.8092 -007.5759 -002.3258 -090.0612 -038.9082 +003.0124 0
L1 01    179 +012.9958 -003.8653 +001.2850 -007.1570 +001.0860 +001.7539 0
L1 02    179 +007.4471 +005.5188 +001.6827 -095.0339 +006.4661 -149.5772 0
L1 03    179 +013.6917 -003.7696 -000.7328 -003.0134 +006.4603 +086.1515 0
L1 04    179 +012.7586 -007.5837 +001.1303 -062.1140 -031.0857 -149.7616 0
L1 05    179 +012.1796 -007.4930 -002.6199 -088.1125 -041.8598 -003.4901 0
L1 06    179 +012.9370 -007.5522 -003.0051 -091.5077 -041.8959 -003.2564 0
L1 07    179 +013.9116 -007.8029 -002.9893 -088.6688 -032.8145 +012.6956 0
L1 08    179 +014.8093 -007.5755 -002.3257 -090.0581 -038.9079 +003.0127 0
L1 01    183 +012.9958 -003.8653 +001.2850 -007.1575 +001.0857 +001.7538 0
L1 02    183 +007.4471 +005.5188 +001.6827 -095.0339 +006.4660 -149.5772 0
L1 03    183 +013.6917 -003.7696 -000.7326 -003.0139 +006.4594 +086.1515 0
L1 04    183 +012.7586 -007.5837 +001.1304 -062.1153 -031.0858 -149.7607 0
L1 05    183 +012.1797 -007.4929 -002.6197 -088.1118 -041.8606 -003.4887 0
L1 06    183 +012.9370 -007.5523 -003.0049 -091.5095 -041.8974 -003.2549 0
L1 07    183 +013.9117 -007.8028 -002.9891 -088.6690 -032.8149 +012.6974 0
L1 08    183 +014.8091 -007.5759 -002.3257 -090.0614 -038.9087 +003.0132 0
L1 01    187 +012.9958 -003.8653 +001.2850 -007.1577 +001.0855 +001.7538 0
L1 02    187 +007.4471 +005.5188 +001.6827 -095.0345 +006.4665 -149.5809 0
L1 03    187 +013.6917 -003.7697 -000.7326 -003.0154 +006.4600 +086.1516 0
L1 04    187 +012.7585 -007.5839 +001.1303 -062.1179 -031.0838 -149.7604 0
L1 05    187 +012.1795 -007.4931 -002.6199 -088.1134 -041.8606 -003.4899 0
L1 06    187 +012.9370 -007.5523 -003.0051 -091.5095 -041.8968 -003.2553 0
L1 07    187 +013.9117 -007.8027 -002.9894 -088.6681 -032.8132 +012.6962 0
L1 08    187 +014.8090 -007.5760 -002.3257 -090.0615 -038.9090 +003.0125 0
L1 01    191 +012.9958 -003.8653 +001.2849 -007.1585 +001.0878 +001.7547 0
L1 02    191 +007.4470 +005.5188 +001.6827 -095.0340 +006.4664 -149.5830 0
L1 03    191 +013.6917 -003.7696 -000.7327 -003.0144 +006.4617 +086.1521 0
L1 04    191 +012.7585 -007.5839 +001.1305 -062.1189 -031.0851 -149.7592 0
L1 05    191 +012.1795 -007.4930 -002.6197 -088.1141 -041.8606 -003.4894 0
L1 06    191 +012.9368 -007.5524 -003.0051 -091.5114 -041.8968 -003.2557 0
L1 07    191 +013.9117 -007.8025 -002.9896 -088.6664 -032.8129 +012.6944 0
L1 08    191 +014.8091 -007.5759 -002.3257 -090.0624 -038.9084 +003.0126 0
L1 01    195 +012.9959 -003.8652 +001.2849 -007.1572 +001.0880 +001.7547 0
L1 02    195 +007.4470 +005.5188 +001.6827 -095.0341 +006.4665 -149.5816 0
L1 03    195 +013.6917 -003.7695 -000.7328 -003.0134 +006.4628 +086.1518 0
L1 04    195 +012.7586 -007.5837 +001.1304 -062.1168 -031.0841 -149.7602 0
L1 05    195 +012.1794 -007.4930 -002.6198 -088.1129 -041.8602 -003.4905 0
L1 06    195 +012.9370 -007.5520 -003.0050 -091.5080 -041.8957 -003.2551 0
L1 07    195 +013.9116 -007.8026 -002.9894 -088.6674 -032.8134 +012.6953 0
L1 08    195 +014.8092 -007.5756 -002.3257 -090.0586 -038.9077 +003.0118 0
L1 01    199 +012.9958 -003.8653 +001.2848 -007.1583 +001.0884 +001.7547 0
L1 02    199 +007.4471 +005.5188 +001.6827 -095.0340 +006.4663 -149.5783 0
L1 03    199 +013.6917 -003.7696 -000.7328 -003.0145 +006.4636 +086.1515 0
L1 04    199 +012.7586 -007.5837 +001.1305 -062.1168 -031.0854 -149.7597 0
L1 05    199 +012.1795 -007.4930 -002.6198 -088.1138 -041.8596 -003.4895 0
L1 06    199 +012.9370 -007.5520 -003.0050 -091.5073 -041.8961 -003.2559 0
L1 07    199 +013.9115 -007.8026 -002.9896 -088.6671 -032.8128 +012.6937 0
L1 08    199 +014.8091 -007.5758 -002.3258 -090.0600 -038.9084 +003.0104 0
L1 01    203 +012.9958 -003.8653 +001.2849 -007.1575 +001.0873 +001.7545 0
L1 02    203 +007.4471 +005.5188 +001.6827 -095.0339 +006.4661 -149.5744 0
L1 03    203 +013.6917 -003.7695 -000.7328 -003.0134 +006.4624 +086.1518 0
L1 04    203 +012.7586 -007.5836 +001.1304 -062.1156 -031.0846 -149.7606 0
L1 05    203 +012.1796 -007.4929 -002.6198 -088.1126 -041.8604 -003.4892 0
L1 06    203 +012.9371 -007.5519 -003.0052 -091.5062 -041.8946 -003.2559 0
L1 07    203 +013.9117 -007.8023 -002.9896 -088.6650 -032.8133 +012.6946 0
L1 08    203 +014.8092 -007.5758 -002.3257 -090.0602 -038.9078 +003.0133 0
L1 01    207 +012.9958 -003.8653 +001.2849 -007.1582 +001.0869 +001.7545 0
L1 02    207 +007.4471 +005.5188 +001.6827 -095.0346 +006.4663 -149.5756 0
L1 03    207 +013.6917 -003.7698 -000.7328 -003.0166 +006.4630 +086.1515 0
L1 04    207 +012.7585 -007.5839 +001.1304 -062.1190 -031.0842 -149.7588 0
L1 05    207 +012.1795 -007.4931 -002.6198 -088.1126 -041.8605 -003.4908 0
L1 06    207 +012.9369 -007.5523 -003.0050 -091.5127 -041.8958 -003.2523 0
L1 07    207 +013.9116 -007.8026 -002.9899 -088.6664 -032.8120 +012.6925 0
L1 08    207 +014.8091 -007.5760 -002.3257 -090.0614 -038.9091 +003.0123 0
L1 01    211 +012.9958 -003.8654 +001.2849 -007.1586 +001.0879 +001.7553 0
L1 02    211 +007.4471 +005.5188 +001.6827 -095.0347 +006.4666 -149.5786 0
L1 03    211 +013.6917 -003.7696 -000.7328 -003.0151 +006.4640 +086.1520 0
L1 04    211 +012.7585 -007.5839 +001.1305 -062.1195 -031.0846 -149.7592 0
L1 05    211 +012.1795 -007.4930 -002.6198 -088.1117 -041.8598 -003.4917 0
L1 06    211 +012.9369 -007.5524 -003.0049 -091.5135 -041.8959 -003.2523 0
L1 07    211 +013.9114 -007.8028 -002.9899 -088.6680 -032.8117 +012.6923 0
L1 08    211 +014.8090 -007.5760 -002.3259 -090.0610 -038.9081 +003.0112 0
L1 01    215 +012.9958 -003.8654 +001.2850 -007.1584 +001.0887 +001.7553 0
L1 02    215 +007.4471 +005.5188 +001.6827 -095.0354 +006.4667 -149.5825 0
L1 03    215 +013.6916 -003.7697 -000.7328 -003.0154 +006.4649 +086.1519 0
L1 04    215 +012.7585 -007.5839 +001.1305 -062.1197 -031.0827 -149.7597 0
L1 05    215 +012.1794 -007.4931 -002.6196 -088.1124 -041.8605 -003.4914 0
L1 06    215 +012.9367 -007.5525 -003.0050 -091.5125 -041.8957 -003.2547 0
L1 07    215 +013.9113 -007.8030 -002.9894 -088.6711 -032.8120 +012.6945 0
L1 08    215 +014.8090 -007.5760 -002.3257 -090.0608 -038.9078 +003.0114 0
L1 01    219 +012.9958 -003.8653 +001.2851 -007.1572 +001.0887 +001.7547 0
L1 02    219 +007.4471 +005.5188 +001.6827 -095.0349 +006.4667 -149.5825 0
L1 03    219 +013.6916 -003.7696 -000.7327 -003.0145 +006.4655 +086.1519 0
L1 04    219 +012.7585 -007.5839 +001.1304 -062.1178 -031.0804 -149.7617 0
L1 05    219 +012.1794 -007.4929 -002.6197 -088.1095 -041.8599 -003.4925 0
L1 06    219 +012.9368 -007.5522 -003.0050 -091.5086 -041.8956 -003.2560 0
L1 07    219 +013.9116 -007.8024 -002.9895 -088.6640 -032.8113 +012.6932 0
L1 08    219 +014.8091 -007.5754 -002.3257 -090.0560 -038.9076 +003.0103 0
L1 01    223 +012.9957 -003.8654 +001.2850 -007.1585 +001.0897 +001.7546 0
L1 02    223 +007.4471 +005.5188 +001.6827 -095.0355 +006.4668 -149.5825 0
L1 03    223 +013.6915 -003.7696 -000.7327 -003.0149 +006.4664 +086.1517 0
L1 04    223 +012.7585 -007.5838 +001.1305 -062.1178 -031.0814 -149.7609 0
L1 05    223 +012.1793 -007.4929 -002.6199 -088.1078 -041.8589 -003.4953 0
L1 06    223 +012.9369 -007.5520 -003.0049 -091.5056 -041.8964 -003.2582 0
L1 07    223 +013.9114 -007.8025 -002.9893 -088.6660 -032.8119 +012.6931 0
L1 08    223 +014.8090 -007.5756 -002.3257 -090.0568 -038.9081 +003.0098 0
L1 01    227 +012.9957 -003.8654 +001.2851 -007.1586 +001.0889 +001.7546 0
L1 02    227 +007.4471 +005.5188 +001.6827 -095.0344 +006.4666 -149.5812 0
L1 03    227 +013.6915 -003.7696 -000.7327 -003.0155 +006.4667 +086.1516 0
L1 04    227 +012.7585 -007.5839 +001.1304 -062.1187 -031.0807 -149.7610 0
L1 05    227 +012.1794 -007.4930 -002.6197 -088.1112 -041.8601 -003.4922 0
L1 06    227 +012.9370 -007.5520 -003.0050 -091.5057 -041.8954 -003.2573 0
L1 07    227 +013.9113 -007.8029 -002.9895 -088.6684 -032.8113 +012.6925 0
L1 08    227 +014.8090 -007.5758 -002.3257 -090.0577 -038.9082 +003.0103 0
L1 01    231 +012.9957 -003.8653 +001.2851 -007.1579 +001.0880 +001.7544 0
L1 02    231 +007.4471 +005.5188 +001.6827 -095.0343 +006.4664 -149.5800 0
L1 03    231 +013.6916 -003.7696 -000.7327 -003.0154 +006.4661 +086.1514 0
L1 04    231 +012.7586 -007.5838 +001.1304 -062.1183 -031.0803 -149.7606 0
L1 05    231 +012.1794 -007.4929 -002.6197 -088.1109 -041.8601 -003.4914 0
L1 06    231 +012.9369 -007.5520 -003.0054 -091.5056 -041.8935 -003.2585 0
L1 07    231 +013.9114 -007.8026 -002.9895 -088.6680 -032.8118 +012.6943 0
L1 08    231 +014.8091 -007.5756 -002.3257 -090.0571 -038.9079 +003.0113 0
L1 01    235 +012.9958 -003.8653 +001.2851 -007.1585 +001.0875 +001.7545 0
L1 02    235 +007.4471 +005.5188 +001.6827 -095.0352 +006.4666 -149.5791 0
L1 03    235 +013.6916 -003.7697 -000.7327 -003.0160 +006.4659 +086.1513 0
L1 04    235 +012.7586 -007.5838 +001.1303 -062.1189 -031.0805 -149.7605 0
L1 05    235 +012.1797 -007.4917 -002.6207 -088.1066 -041.8497 -003.4905 0
L1 06    235 +012.9369 -007.5513 -003.0062 -091.5022 -041.8861 -003.2614 0
L1 07    235 +013.9115 -007.8023 -002.9898 -088.6687 -032.8061 +012.6947 0
L1 08    235 +014.8091 -007.5750 -002.3262 -090.0568 -038.9012 +003.0138 0
L1 01    239 +012.9958 -003.8653 +001.2850 -007.1580 +001.0882 +001.7546 0
L1 02    239 +007.4471 +005.5188 +001.6827 -095.0340 +006.4667 -149.5781 0
L1 03    239 +013.6916 -003.7695 -000.7327 -003.0150 +006.4659 +086.1510 0
L1 04    239 +012.7587 -007.5836 +001.1303 -062.1184 -031.0813 -149.7599 0
L1 05    239 +012.1794 -007.4929 -002.6198 -088.1096 -041.8596 -003.4919 0
L1 06    239 +012.9368 -007.5521 -003.0053 -091.5111 -041.8943 -003.2541 0
L1 07    239 +013.9117 -007.8023 -002.9893 -088.6689 -032.8102 +012.6979 0
L1 08    239 +014.8091 -007.5756 -002.3257 -090.0586 -038.9076 +003.0133 0
L1 01    243 +012.9958 -003.8653 +001.2849 -007.1586 +001.0887 +001.7546 0
L1 02    243 +007.4471 +005.5188 +001.6827 -095.0344 +006.4667 -149.5776 0
L1 03    243 +013.6917 -003.7695 -000.7328 -003.0149 +006.4668 +086.1511 0
L1 04    243 +012.7586 -007.5837 +001.1305 -062.1204 -031.0819 -149.7585 0
L1 05    243 +012.1794 -007.4929 -002.6198 -088.1098 -041.8604 -003.4926 0
L1 06    243 +012.9369 -007.5522 -003.0050 -091.5130 -041.8967 -003.2532 0
L1 07    243 +013.9117 -007.8026 -002.9892 -088.6702 -032.8118 +012.6979 0
L1 08    243 +014.8090 -007.5758 -002.3258 -090.0596 -038.9086 +003.0116 0
L1 01    247 +012.9958 -003.8653 +001.2849 -007.1590 +001.0891 +001.7545 0
L1 02    247 +007.4471 +005.5188 +001.6827 -095.0345 +006.4669 -149.5780 0
L1 03    247 +013.6916 -003.7696 -000.7328 -003.0155 +006.4672 +086.1509 0
L1 04    247 +012.7586 -007.5837 +001.1304 -062.1211 -031.0810 -149.7584 0
L1 05    247 +012.1793 -007.4931 -002.6197 -088.1113 -041.8614 -003.4923 0
L1 06    247 +012.9370 -007.5520 -003.0051 -091.5099 -041.8961 -003.2544 0
L1 07    247 +013.9114 -007.8031 -002.9890 -088.6732 -032.8130 +012.6978 0
L1 08    247 +014.8091 -007.5757 -002.3257 -090.0590 -038.9091 +003.0116 0
L1 01    251 +012.9958 -003.8653 +001.2849 -007.1584 +001.0888 +001.7546 0
L1 02    251 +007.4471 +005.5188 +001.6827 -095.0348 +006.4667 -149.5786 0
L1 03    251 +013.6916 -003.7695 -000.7328 -003.0152 +006.4677 +086.1511 0
L1 04    251 +012.7586 -007.5836 +001.1304 -062.1199 -031.0794 -149.7591 0
L1 05    251 +012.1795 -007.4929 -002.6196 -088.1099 -041.8612 -003.4918 0
L1 06    251 +012.9370 -007.5519 -003.0051 -091.5089 -041.8963 -003.2543 0
L1 07    251 +013.9113 -007.8029 -002.9897 -088.6714 -032.8120 +012.6935 0
L1 08    251 +014.8091 -007.5756 -002.3258 -090.0575 -038.9086 +003.0109 0
L1 01    255 +012.9958 -003.8653 +001.2850 -007.1586 +001.0880 +001.7548 0
L1 02    255 +007.4471 +005.5188 +001.6827 -095.0348 +006.4665 -149.5804 0
L1 03    255 +013.6916 -003.7696 -000.7328 -003.0167 +006.4682 +086.1510 0
L1 04    255 +012.7586 -007.5838 +001.1303 -062.1216 -031.0787 -149.7589 0
L1 05    255 +012.1793 -007.4931 -002.6198 -088.1113 -041.8602 -003.4926 0
L1 06    255 +012.9368 -007.5521 -003.0053 -091.5084 -041.8955 -003.2574 0
L1 07    255 +013.9112 -007.8030 -002.9901 -088.6705 -032.8112 +012.6900 0
L1 08    255 +014.8090 -007.5758 -002.3259 -090.0589 -038.9083 +003.0107 0
L1 01    259 +012.9958 -003.8653 +001.2849 -007.1587 +001.0894 +001.7546 0
L1 02    259 +007.4471 +005.5188 +001.6827 -095.0345 +006.4668 -149.5813 0
L1 03    259 +013.6916 -003.7695 -000.7328 -003.0151 +006.4689 +086.1518 0
L1 04    259 +012.7586 -007.5836 +001.1304 -062.1204 -031.0799 -149.7587 0
L1 05    259 +012.1792 -007.4931 -002.6199 -088.1109 -041.8594 -003.4936 0
L1 06    259 +012.9367 -007.5523 -003.0051 -091.5100 -041.8964 -003.2561 0
L1 07    259 +013.9114 -007.8029 -002.9898 -088.6720 -032.8090 +012.6935 0
L1 08    259 +014.8090 -007.5758 -002.3259 -090.0583 -038.9081 +003.0101 0
L1 01    263 +012.9958 -003.8652 +001.2849 -007.1587 +001.0889 +001.7546 0
L1 02    263 +007.4471 +005.5188 +001.6827 -095.0352 +006.4664 -149.5805 0
L1 03    263 +013.6916 -003.7696 -000.7328 -003.0169 +006.4688 +086.1513 0
L1 04    263 +012.7586 -007.5838 +001.1304 -062.1218 -031.0800 -149.7584 0
L1 05    263 +012.1792 -007.4931 -002.6199 -088.1092 -041.8601 -003.4947 0
L1 06    263 +012.9367 -007.5524 -003.0051 -091.5108 -041.8963 -003.2556 0
L1 07    263 +013.9113 -007.8029 -002.9899 -088.6699 -032.8098 +012.6912 0
L1 08    263 +014.8090 -007.5758 -002.3258 -090.0585 -038.9089 +003.0105 0
L1 01    267 +012.9958 -003.8653 +001.2849 -007.1591 +001.0889 +001.7548 0
L1 02    267 +007.4471 +005.5188 +001.6827 -095.0343 +006.4662 -149.5784 0
L1 03    267 +013.6916 -003.7695 -000.7328 -003.0162 +006.4689 +086.1516 0
L1 04    267 +012.7586 -007.5837 +001.1304 -062.1215 -031.0799 -149.7580 0
L1 05    267 +012.1793 -007.4931 -002.6199 -088.1105 -041.8599 -003.4932 0
L1 06    267 +012.9368 -007.5521 -003.0051 -091.5111 -041.8960 -003.2547 0
L1 07    267 +013.9114 -007.8029 -002.9894 -088.6716 -032.8112 +012.6949 0
L1 08    267 +014.8090 -007.5758 -002.3257 -090.0593 -038.9086 +003.0116 0
L1 01    271 +012.9958 -003.8653 +001.2850 -007.1595 +001.0883 +001.7549 0
L1 02    271 +007.4471 +005.5188 +001.6827 -095.0340 +006.4660 -149.5776 0
L1 03    271 +013.6917 -003.7696 -000.7328 -003.0167 +006.4686 +086.1516 0
L1 04    271 +012.7586 -007.5837 +001.1304 -062.1226 -031.0796 -149.7575 0
L1 05    271 +012.1793 -007.4932 -002.6199 -088.1115 -041.8602 -003.4927 0
L1 06    271 +012.9369 -007.5523 -003.0050 -091.5138 -041.8964 -003.2523 0
L1 07    271 +013.9117 -007.8024 -002.9893 -088.6721 -032.8126 +012.6980 0
L1 08    271 +014.8091 -007.5758 -002.3258 -090.0594 -038.9092 +003.0118 0
L1 01    275 +012.9958 -003.8653 +001.2849 -007.1604 +001.0885 +001.7551 0
L1 02    275 +007.4471 +005.5188 +001.6827 -095.0343 +006.4661 -149.5783 0
L1 03    275 +013.6917 -003.7696 -000.7328 -003.0178 +006.4692 +086.1512 0
L1 04    275 +012.7586 -007.5838 +001.1304 -062.1255 -031.0793 -149.7554 0
L1 05    275 +012.1793 -007.4932 -002.6198 -088.1125 -041.8605 -003.4926 0
L1 06    275 +012.9369 -007.5524 -003.0049 -091.5158 -041.8972 -003.2511 0
L1 07    275 +013.9118 -007.8024 -002.9895 -088.6706 -032.8110 +012.6972 0
L1 08    275 +014.8090 -007.5759 -002.3257 -090.0613 -038.9093 +003.0125 0
L1 01    279 +012.9958 -003.8653 +001.2850 -007.1609 +001.0881 +001.7551 0
L1 02    279 +007.4471 +005.5188 +001.6827 -095.0341 +006.4659 -149.5790 0
L1 03    279 +013.6918 -003.7695 -000.7328 -003.0172 +006.4689 +086.1516 0
L1 04    279 +012.7585 -007.5838 +001.1305 -062.1265 -031.0788 -149.7554 0
L1 05    279 +012.1794 -007.4930 -002.6197 -088.1127 -041.8608 -003.4912 0
L1 06    279 +012.9370 -007.5522 -003.0048 -091.5154 -041.8974 -003.2503 0
L1 07    279 +013.9116 -007.8027 -002.9894 -088.6723 -032.8120 +012.6972 0
L1 08    279 +014.8091 -007.5758 -002.3257 -090.0610 -038.9087 +003.0129 0
L1 01    283 +012.9957 -003.8653 +001.2851 -007.1608 +001.0872 +001.7550 0
L1 02    283 +007.4471 +005.5188 +001.6827 -095.0347 +006.4661 -149.5798 0
L1 03    283 +013.6917 -003.7696 -000.7328 -003.0182 +006.4693 +086.1511 0
L1 04    283 +012.7586 -007.5838 +001.1303 -062.1259 -031.0775 -149.7563 0
L1 05    283 +012.1793 -007.4932 -002.6197 -088.1140 -041.8606 -003.4902 0
L1 06    283 +012.9370 -007.5521 -003.0050 -091.5147 -041.8963 -003.2516 0
L1 07    283 +013.9115 -007.8029 -002.9894 -088.6729 -032.8118 +012.6966 0
L1 08    283 +014.8091 -007.5759 -002.3255 -090.0621 -038.9089 +003.0142 0
L1 01    287 +012.9958 -003.8653 +001.2849 -007.1603 +001.0895 +001.7554 0
L1 02    287 +007.4471 +005.5188 +001.6827 -095.0342 +006.4663 -149.5812 0
L1 03    287 +013.6917 -003.7694 -000.7328 -003.0161 +006.4708 +086.1517 0
L1 04    287 +012.7586 -007.5836 +001.1304 -062.1235 -031.0791 -149.7570 0
L1 05    287 +012.1794 -007.4928 -002.6199 -088.1103 -041.8596 -003.4922 0
L1 06    287 +012.9370 -007.5520 -003.0050 -091.5130 -041.8962 -003.2529 0
L1 07    287 +013.9114 -007.8029 -002.9894 -088.6729 -032.8119 +012.6958 0
L1 08    287 +014.8090 -007.5758 -002.3256 -090.0608 -038.9085 +003.0127 0
L1 01    291 +012.9958 -003.8653 +001.2850 -007.1605 +001.0894 +001.7550 0
L1 02    291 +007.4471 +005.5188 +001.6827 -095.0348 +006.4661 -149.5797 0
L1 03    291 +013.6917 -003.7695 -000.7328 -003.0177 +006.4713 +086.1514 0
L1 04    291 +012.7586 -007.5837 +001.1304 -062.1243 -031.0787 -149.7568 0
L1 05    291 +012.1794 -007.4929 -002.6200 -088.1090 -041.8592 -003.4943 0
L1 06    291 +012.9368 -007.5522 -003.0050 -091.5129 -041.8967 -003.2545 0
L1 07    291 +013.9115 -007.8027 -002.9893 -088.6714 -032.8114 +012.6964 0
L1 08    291 +014.8089 -007.5760 -002.3257 -090.0610 -038.9087 +003.0112 0
L1 01    295 +012.9958 -003.8652 +001.2850 -007.1593 +001.0890 +001.7552 0
L1 02    295 +007.4471 +005.5188 +001.6827 -095.0343 +006.4658 -149.5793 0
L1 03    295 +013.6917 -003.7694 -000.7327 -003.0164 +006.4710 +086.1515 0
L1 04    295 +012.7587 -007.5835 +001.1304 -062.1222 -031.0781 -149.7573 0
L1 05    295 +012.1795 -007.4928 -002.6199 -088.1086 -041.8583 -003.4932 0
L1 06    295 +012.9369 -007.5519 -003.0051 -091.5091 -041.8952 -003.2559 0
L1 07    295 +013.9113 -007.8027 -002.9896 -088.6716 -032.8093 +012.6957 0
L1 08    295 +014.8090 -007.5757 -002.3257 -090.0593 -038.9081 +003.0123 0
L1 01    299 +012.9958 -003.8652 +001.2850 -007.1599 +001.0894 +001.7551 0
L1 02    299 +007.4471 +005.5188 +001.6827 -095.0347 +006.4659 -149.5798 0
L1 03    299 +013.6917 -003.7695 -000.7327 -003.0176 +006.4713 +086.1512 0
L1 04    299 +012.7586 -007.5837 +001.1305 -062.1246 -031.0777 -149.7560 0
L1 05    299 +012.1793 -007.4930 -002.6198 -088.1109 -041.8589 -003.4935 0
L1 06    299 +012.9368 -007.5520 -003.0051 -091.5127 -041.8948 -003.2542 0
L1 07    299 +013.9116 -007.8024 -002.9894 -088.6713 -032.8099 +012.6973 0
L1 08    299 +014.8090 -007.5757 -002.3257 -090.0596 -038.9082 +003.0118 0
L1 01    303 +012.9958 -003.8651 +001.2851 -007.1592 +001.0888 +001.7553 0
L1 02    303 +007.4470 +005.5189 +001.6827 -095.0337 +006.4660 -149.5790 0
L1 03    303 +013.6917 -003.7694 -000.7328 -003.0173 +006.4718 +086.1515 0
L1 04    303 +012.7586 -007.5836 +001.1304 -062.1244 -031.0771 -149.7563 0
L1 05    303 +012.1794 -007.4929 -002.6198 -088.1099 -041.8587 -003.4926 0
L1 06    303 +012.9369 -007.5519 -003.0052 -091.5122 -041.8944 -003.2543 0
L1 07    303 +013.9115 -007.8024 -002.9894 -088.6709 -032.8095 +012.6971 0
L1 08    303 +014.8091 -007.5755 -002.3259 -090.0578 -038.9068 +003.0119 0
L1 01    307 +012.9958 -003.8653 +001.2851 -007.1613 +001.0884 +001.7553 0
L1 02    307 +007.4471 +005.5188 +001.6827 -095.0347 +006.4661 -149.5794 0
L1 03    307 +013.6917 -003.7696 -000.7327 -003.0196 +006.4713 +086.1514 0
L1 04    307 +012.7585 -007.5840 +001.1304 -062.1293 -031.0762 -149.7557 0
L1 05    307 +012.1792 -007.4932 -002.6199 -088.1117 -041.8594 -003.4934 0
L1 06    307 +012.9367 -007.5523 -003.0052 -091.5156 -041.8952 -003.2535 0
L1 07    307 +013.9115 -007.8027 -002.9894 -088.6734 -032.8107 +012.6974 0
L1 08    307 +014.8088 -007.5761 -002.3258 -090.0619 -038.9084 +003.0116 0
L1 01    311 +012.9958 -003.8652 +001.2851 -007.1601 +001.0879 +001.7551 0
L1 02    311 +007.4471 +005.5188 +001.6827 -095.0347 +006.4660 -149.5796 0
L1 03    311 +013.6916 -003.7696 -000.7327 -003.0194 +006.4714 +086.1508 0
L1 04    311 +012.7585 -007.5837 +001.1304 -062.1270 -031.0757 -149.7557 0
L1 05    311 +012.1793 -007.4929 -002.6199 -088.1094 -041.8592 -003.4940 0
L1 06    311 +012.9368 -007.5521 -003.0049 -091.5158 -041.8957 -003.2514 0
L1 07    311 +013.9117 -007.8024 -002.9894 -088.6713 -032.8097 +012.6980 0
L1 08    311 +014.8090 -007.5759 -002.3257 -090.0607 -038.9082 +003.0128 0
L1 01    315 +012.9958 -003.8653 +001.2852 -007.1608 +001.0879 +001.7551 0
L1 02    315 +007.4471 +005.5188 +001.6827 -095.0349 +006.4660 -149.5793 0
L1 03    315 +013.6916 -003.7697 -000.7327 -003.0203 +006.4721 +086.1506 0
L1 04    315 +012.7585 -007.5838 +001.1304 -062.1276 -031.0761 -149.7555 0
L1 05    315 +012.1793 -007.4930 -002.6198 -088.1118 -041.8596 -003.4919 0
L1 06    315 +012.9370 -007.5520 -003.0049 -091.5141 -041.8960 -003.2519 0
L1 07    315 +013.9115 -007.8027 -002.9895 -088.6727 -032.8105 +012.6966 0
L1 08    315 +014.8089 -007.5760 -002.3257 -090.0614 -038.9089 +003.0122 0
L1 01    319 +012.9957 -003.8653 +001.2851 -007.1609 +001.0891 +001.7551 0
L1 02    319 +007.4471 +005.5188 +001.6827 -095.0340 +006.4658 -149.5783 0
L1 03    319 +013.6916 -003.7696 -000.7328 -003.0188 +006.4729 +086.1513 0
L1 04    319 +012.7586 -007.5836 +001.1304 -062.1256 -031.0759 -149.7560 0
L1 05    319 +012.1793 -007.4929 -002.6199 -088.1094 -041.8593 -003.4935 0
L1 06    319 +012.9368 -007.5521 -003.0049 -091.5138 -041.8960 -003.2519 0
L1 07    319 +013.9115 -007.8025 -002.9895 -088.6704 -032.8103 +012.6949 0
L1 08    319 +014.8090 -007.5757 -002.3257 -090.0588 -038.9084 +003.0115 0
L1 01    323 +012.9957 -003.8652 +001.2851 -007.1606 +001.0888 +001.7553 0
L1 02    323 +007.4471 +005.5188 +001.6827 -095.0344 +006.4655 -149.5785 0
L1 03    323 +013.6916 -003.7695 -000.7328 -003.0188 +006.4735 +086.1511 0
L1 04    323 +012.7586 -007.5837 +001.1304 -062.1258 -031.0754 -149.7566 0
L1 05    323 +012.1793 -007.4928 -002.6199 -088.1084 -041.8592 -003.4942 0
L1 06    323 +012.9367 -007.5522 -003.0048 -091.5145 -041.8964 -003.2525 0
L1 07    323 +013.9116 -007.8025 -002.9893 -088.6715 -032.8094 +012.6969 0
L1 08    323 +014.8090 -007.5757 -002.3257 -090.0580 -038.9087 +003.0113 0
L1 01    327 +012.9957 -003.8652 +001.2851 -007.1611 +001.0896 +001.7556 0
L1 02    327 +007.4471 +005.5188 +001.6827 -095.0341 +006.4658 -149.5788 0
L1 03    327 +013.6916 -003.7695 -000.7327 -003.0184 +006.4743 +086.1508 0
L1 04    327 +012.7586 -007.5836 +001.1306 -062.1264 -031.0773 -149.7558 0
L1 05    327 +012.1792 -007.4929 -002.6197 -088.1111 -041.8585 -003.4928 0
L1 06    327 +012.9368 -007.5520 -003.0049 -091.5141 -041.8955 -003.2524 0
L1 07    327 +013.9115 -007.8025 -002.9892 -088.6719 -032.8099 +012.6972 0
L1 08    327 +014.8090 -007.5756 -002.3257 -090.0584 -038.9088 +003.0109 0
L1 01    331 +012.9957 -003.8653 +001.2853 -007.1615 +001.0875 +001.7551 0
L1 02    331 +007.4471 +005.5188 +001.6827 -095.0349 +006.4658 -149.5795 0
L1 03    331 +013.6916 -003.7696 -000.7326 -003.0210 +006.4735 +086.1504 0
L1 04    331 +012.7586 -007.5837 +001.1304 -062.1271 -031.0747 -149.7569 0
L1 05    331 +012.1793 -007.4929 -002.6198 -088.1093 -041.8590 -003.4941 0
L1 06    331 +012.9368 -007.5521 -003.0049 -091.5165 -041.8954 -003.2514 0
L1 07    331 +013.9113 -007.8029 -002.9890 -088.6747 -032.8112 +012.6979 0
L1 08    331 +014.8090 -007.5756 -002.3257 -090.0580 -038.9086 +003.0115 0
L1 01    335 +012.9957 -003.8653 +001.2851 -007.1624 +001.0890 +001.7556 0
L1 02    335 +007.4471 +005.5188 +001.6827 -095.0348 +006.4658 -149.5791 0
L1 03    335 +013.6916 -003.7695 -000.7327 -003.0199 +006.4745 +086.1509 0
L1 04    335 +012.7585 -007.5837 +001.1305 -062.1289 -031.0759 -149.7556 0
L1 05    335 +012.1795 -007.4927 -002.6197 -088.1102 -041.8593 -003.4921 0
L1 06    335 +012.9366 -007.5522 -003.0052 -091.5157 -041.8954 -003.2547 0
L1 07    335 +013.9115 -007.8026 -002.9892 -088.6727 -032.8095 +012.6971 0
L1 08    335 +014.8089 -007.5758 -002.3258 -090.0598 -038.9081 +003.0105 0
L1 01    339 +012.9958 -003.8652 +001.2850 -007.1621 +001.0891 +001.7556 0
L1 02    339 +007.4471 +005.5188 +001.6827 -095.0343 +006.4655 -149.5786 0
L1 03    339 +013.6917 -003.7694 -000.7328 -003.0193 +006.4746 +086.1513 0
L1 04    339 +012.7585 -007.5837 +001.1305 -062.1297 -031.0757 -149.7542 0
L1 05    339 +012.1795 -007.4926 -002.6199 -088.1092 -041.8590 -003.4931 0
L1 06    339 +012.9368 -007.5521 -003.0051 -091.5158 -041.8948 -003.2520 0
L1 07    339 +013.9115 -007.8027 -002.9891 -088.6765 -032.8100 +012.7001 0
L1 08    339 +014.8090 -007.5756 -002.3258 -090.0590 -038.9075 +003.0108 0
L1 01    343 +012.9958 -003.8652 +001.2850 -007.1627 +001.0890 +001.7556 0
L1 02    343 +007.4471 +005.5188 +001.6827 -095.0345 +006.4655 -149.5784 0
L1 03    343 +013.6917 -003.7696 -000.7328 -003.0211 +006.4745 +086.1509 0
L1 04    343 +012.7585 -007.5837 +001.1304 -062.1304 -031.0752 -149.7545 0
L1 05    343 +012.1795 -007.4927 -002.6198 -088.1105 -041.8594 -003.4921 0
L1 06    343 +012.9369 -007.5520 -003.0050 -091.5163 -041.8955 -003.2508 0
L1 07    343 +013.9112 -007.8031 -002.9895 -088.6770 -032.8106 +012.6964 0
L1 08    343 +014.8089 -007.5759 -002.3259 -090.0612 -038.9080 +003.0113 0
L1 01    347 +012.9958 -003.8653 +001.2850 -007.1648 +001.0889 +001.7562 0
L1 02    347 +007.4471 +005.5188 +001.6827 -095.0346 +006.4657 -149.5786 0
L1 03    347 +013.6917 -003.7696 -000.7328 -003.0218 +006.4746 +086.1511 0
L1 04    347 +012.7584 -007.5838 +001.1304 -062.1318 -031.0751 -149.7537 0
L1 05    347 +012.1793 -007.4929 -002.6198 -088.1127 -041.8599 -003.4924 0
L1 06    347 +012.9369 -007.5520 -003.0049 -091.5176 -041.8965 -003.2507 0
L1 07    347 +013.9113 -007.8030 -002.9894 -088.6780 -032.8104 +012.6971 0
L1 08    347 +014.8089 -007.5761 -002.3257 -090.0641 -038.9087 +003.0130 0
L1 01    351 +012.9958 -003.8653 +001.2851 -007.1649 +001.0877 +001.7550 0
L1 02    351 +007.4471 +005.5188 +001.6827 -095.0349 +006.4657 -149.5792 0
L1 03    351 +013.6917 -003.7697 -000.7328 -003.0257 +006.4742 +086.1509 0
L1 04    351 +012.7583 -007.5840 +001.1303 -062.1353 -031.0740 -149.7540 0
L1 05    351 +012.1791 -007.4931 -002.6200 -088.1147 -041.8590 -003.4943 0
L1 06    351 +012.9368 -007.5523 -003.0048 -091.5214 -041.8972 -003.2495 0
L1 07    351 +013.9113 -007.8029 -002.9893 -088.6779 -032.8112 +012.6979 0
L1 08    351 +014.8088 -007.5762 -002.3255 -090.0659 -038.9098 +003.0144 0
L1 01    355 +012.9955 -003.8655 +001.2856 -007.1662 +001.0816 +001.7613 0
L1 02    355 +007.4471 +005.5184 +001.6830 -095.0374 +006.4691 -149.5841 0
L1 03    355 +013.6916 -003.7694 -000.7329 -003.0217 +006.4754 +086.1592 0
L1 04    355 +012.7579 -007.5838 +001.1312 -062.1421 -031.0782 -149.7398 0
L1 05    355 +012.1792 -007.4930 -002.6196 -088.1149 -041.8611 -003.4915 0
L1 06    355 +012.9368 -007.5522 -003.0048 -091.5223 -041.8968 -003.2480 0
L1 07    355 +013.9114 -007.8026 -002.9894 -088.6763 -032.8108 +012.6980 0
L1 08    355 +014.8089 -007.5759 -002.3257 -090.0635 -038.9089 +003.0133 0
L1 01    359 +012.9958 -003.8651 +001.2849 -007.1643 +001.0896 +001.7560 0
L1 02    359 +007.4471 +005.5187 +001.6828 -095.0349 +006.4661 -149.5779 0
L1 03    359 +013.6918 -003.7693 -000.7330 -003.0216 +006.4769 +086.1519 0
L1 04    359 +012.7585 -007.5833 +001.1307 -062.1330 -031.0772 -149.7498 0
L1 05    359 +012.1793 -007.4927 -002.6198 -088.1143 -041.8593 -003.4916 0
L1 06    359 +012.9368 -007.5519 -003.0050 -091.5202 -041.8950 -003.2497 0
L1 07    359 +013.9113 -007.8026 -002.9894 -088.6771 -032.8104 +012.6975 0
L1 08    359 +014.8089 -007.5758 -002.3258 -090.0634 -038.9082 +003.0123 0
L1 01    363 +012.9959 -003.8650 +001.2850 -007.1640 +001.0888 +001.7556 0
L1 02    363 +007.4471 +005.5188 +001.6828 -095.0345 +006.4660 -149.5779 0
L1 03    363 +013.6918 -003.7694 -000.7328 -003.0232 +006.4756 +086.1508 0
L1 04    363 +012.7585 -007.5833 +001.1305 -062.1327 -031.0747 -149.7522 0
L1 05    363 +012.1792 -007.4928 -002.6197 -088.1150 -041.8600 -003.4912 0
L1 06    363 +012.9368 -007.5519 -003.0049 -091.5203 -041.8959 -003.2497 0
L1 07    363 +013.9114 -007.8025 -002.9891 -088.6789 -032.8108 +012.7012 0
L1 08    363 +014.8089 -007.5757 -002.3257 -090.0629 -038.9085 +003.0126 0
L1 01    367 +012.9959 -003.8650 +001.2850 -007.1651 +001.0890 +001.7555 0
L1 02    367 +007.4471 +005.5188 +001.6828 -095.0340 +006.4663 -149.5786 0
L1 03    367 +013.6918 -003.7695 -000.7327 -003.0248 +006.4755 +086.1509 0
L1 04    367 +012.7584 -007.5835 +001.1304 -062.1346 -031.0743 -149.7524 0
L1 05    367 +012.1792 -007.4929 -002.6197 -088.1161 -041.8604 -003.4910 0
L1 06    367 +012.9367 -007.5521 -003.0049 -091.5228 -041.8952 -003.2489 0
L1 07    367 +013.9114 -007.8024 -002.9895 -088.6761 -032.8092 +012.6976 0
L1 08    367 +014.8089 -007.5758 -002.3257 -090.0643 -038.9086 +003.0129 0
L1 01    371 +012.9959 -003.8652 +001.2850 -007.1670 +001.0882 +001.7557 0
L1 02    371 +007.4471 +005.5188 +001.6828 -095.0348 +006.4662 -149.5789 0
L1 03    371 +013.6918 -003.7697 -000.7327 -003.0282 +006.4753 +086.1506 0
L1 04    371 +012.7584 -007.5836 +001.1304 -062.1363 -031.0733 -149.7525 0
L1 05    371 +012.1792 -007.4928 -002.6197 -088.1164 -041.8604 -003.4914 0
L1 06    371 +012.9366 -007.5523 -003.0048 -091.5271 -041.8964 -003.2480 0
L1 07    371 +013.9110 -007.8033 -002.9894 -088.6828 -032.8103 +012.6983 0
L1 08    371 +014.8088 -007.5761 -002.3258 -090.0669 -038.9083 +003.0126 0
L1 01    375 +012.9959 -003.8651 +001.2851 -007.1671 +001.0874 +001.7547 0
L1 02    375 +007.4471 +005.5188 +001.6828 -095.0347 +006.4660 -149.5787 0
L1 03    375 +013.6918 -003.7697 -000.7327 -003.0292 +006.4757 +086.1499 0
L1 04    375 +012.7583 -007.5838 +001.1303 -062.1390 -031.0714 -149.7517 0
L1 05    375 +012.1791 -007.4929 -002.6200 -088.1153 -041.8597 -003.4948 0
L1 06    375 +012.9365 -007.5523 -003.0050 -091.5256 -041.8953 -003.2502 0
L1 07    375 +013.9111 -007.8030 -002.9894 -088.6817 -032.8115 +012.6981 0
L1 08    375 +014.8087 -007.5761 -002.3258 -090.0666 -038.9089 +003.0122 0
L1 01    379 +012.9959 -003.8652 +001.2850 -007.1688 +001.0884 +001.7553 0
L1 02    379 +007.4471 +005.5188 +001.6828 -095.0345 +006.4661 -149.5780 0
L1 03    379 +013.6919 -003.7695 -000.7328 -003.0275 +006.4767 +086.1506 0
L1 04    379 +012.7583 -007.5836 +001.1304 -062.1381 -031.0740 -149.7521 0
L1 05    379 +012.1791 -007.4929 -002.6199 -088.1168 -041.8601 -003.4927 0
L1 06    379 +012.9366 -007.5522 -003.0049 -091.5265 -041.8970 -003.2475 0
L1 07    379 +013.9112 -007.8028 -002.9893 -088.6815 -032.8113 +012.6974 0
L1 08    379 +014.8086 -007.5762 -002.3258 -090.0679 -038.9095 +003.0120 0
L1 01    383 +012.9959 -003.8651 +001.2850 -007.1679 +001.0883 +001.7554 0
L1 02    383 +007.4471 +005.5188 +001.6827 -095.0336 +006.4656 -149.5779 0
L1 03    383 +013.6919 -003.7694 -000.7327 -003.0267 +006.4756 +086.1507 0
L1 04    383 +012.7583 -007.5834 +001.1303 -062.1367 -031.0740 -149.7523 0
L1 05    383 +012.1791 -007.4929 -002.6200 -088.1179 -041.8594 -003.4920 0
L1 06    383 +012.9368 -007.5517 -003.0050 -091.5233 -041.8946 -003.2480 0
L1 07    383 +013.9112 -007.8026 -002.9896 -088.6799 -032.8103 +012.6969 0
L1 08    383 +014.8088 -007.5758 -002.3257 -090.0665 -038.9087 +003.0134 0
L1 01    387 +012.9959 -003.8651 +001.2849 -007.1685 +001.0886 +001.7558 0
L1 02    387 +007.4471 +005.5188 +001.6827 -095.0347 +006.4658 -149.5779 0
L1 03    387 +013.6919 -003.7694 -000.7327 -003.0277 +006.4759 +086.1506 0
L1 04    387 +012.7584 -007.5834 +001.1303 -062.1375 -031.0738 -149.7518 0
L1 05    387 +012.1791 -007.4928 -002.6200 -088.1180 -041.8589 -003.4926 0
L1 06    387 +012.9367 -007.5520 -003.0050 -091.5276 -041.8946 -003.2470 0
L1 07    387 +013.9113 -007.8026 -002.9894 -088.6813 -032.8093 +012.6997 0
L1 08    387 +014.8088 -007.5759 -002.3256 -090.0685 -038.9087 +003.0149 0
L1 01    391 +012.9959 -003.8652 +001.2849 -007.1695 +001.0894 +001.7562 0
L1 02    391 +007.4471 +005.5188 +001.6828 -095.0348 +006.4660 -149.5778 0
L1 03    391 +013.6919 -003.7694 -000.7327 -003.0276 +006.4764 +086.1507 0
L1 04    391 +012.7584 -007.5833 +001.1304 -062.1382 -031.0742 -149.7513 0
L1 05    391 +012.1791 -007.4928 -002.6199 -088.1188 -041.8589 -003.4916 0
L1 06    391 +012.9365 -007.5522 -003.0051 -091.5283 -041.8944 -003.2482 0
L1 07    391 +013.9113 -007.8026 -002.9891 -088.6826 -032.8105 +012.7010 0
L1 08    391 +014.8088 -007.5759 -002.3256 -090.0686 -038.9086 +003.0144 0
L1 01    395 +012.9959 -003.8652 +001.2849 -007.1706 +001.0892 +001.7562 0
L1 02    395 +007.4471 +005.5187 +001.6828 -095.0354 +006.4661 -149.5795 0
L1 03    395 +013.6919 -003.7695 -000.7327 -003.0305 +006.4772 +086.1503 0
L1 04    395 +012.7583 -007.5835 +001.1303 -062.1408 -031.0723 -149.7515 0
L1 05    395 +012.1790 -007.4929 -002.6199 -088.1209 -041.8598 -003.4919 0
L1 06    395 +012.9366 -007.5520 -003.0051 -091.5279 -041.8953 -003.2492 0
L1 07    395 +013.9111 -007.8029 -002.9893 -088.6839 -032.8116 +012.6984 0
L1 08    395 +014.8086 -007.5762 -002.3258 -090.0700 -038.9086 +003.0126 0
L1 01    399 +012.9959 -003.8651 +001.2850 -007.1710 +001.0883 +001.7558 0
L1 02    399 +007.4471 +005.5187 +001.6827 -095.0355 +006.4663 -149.5798 0
L1 03    399 +013.6919 -003.7695 -000.7327 -003.0307 +006.4773 +086.1502 0
L1 04    399 +012.7582 -007.5836 +001.1303 -062.1428 -031.0718 -149.7517 0
L1 05    399 +012.1789 -007.4928 -002.6200 -088.1207 -041.8594 -003.4934 0
L1 06    399 +012.9365 -007.5520 -003.0050 -091.5294 -041.8961 -003.2483 0
L1 07    399 +013.9110 -007.8029 -002.9894 -088.6847 -032.8112 +012.6978 0
L1 08    399 +014.8085 -007.5763 -002.3258 -090.0723 -038.9091 +003.0128 0
L1 01    403 +012.9960 -003.8651 +001.2851 -007.1722 +001.0872 +001.7555 0
L1 02    403 +007.4471 +005.5188 +001.6828 -095.0349 +006.4661 -149.5787 0
L1 03    403 +013.6919 -003.7695 -000.7327 -003.0323 +006.4770 +086.1497 0
L1 04    403 +012.7581 -007.5835 +001.1302 -062.1429 -031.0715 -149.7515 0
L1 05    403 +012.1789 -007.4928 -002.6201 -088.1205 -041.8594 -003.4935 0
L1 06    403 +012.9363 -007.5522 -003.0050 -091.5336 -041.8962 -003.2469 0
L1 07    403 +013.9111 -007.8028 -002.9891 -088.6867 -032.8109 +012.7014 0
L1 08    403 +014.8086 -007.5761 -002.3257 -090.0728 -038.9088 +003.0150 0
L1 01    407 +012.9960 -003.8651 +001.2850 -007.1743 +001.0873 +001.7554 0
L1 02    407 +007.4471 +005.5188 +001.6828 -095.0347 +006.4662 -149.5782 0
L1 03    407 +013.6920 -003.7695 -000.7328 -003.0348 +006.4772 +086.1499 0
L1 04    407 +012.7580 -007.5835 +001.1303 -062.1463 -031.0724 -149.7499 0
L1 05    407 +012.1789 -007.4928 -002.6200 -088.1243 -041.8596 -003.4920 0
L1 06    407 +012.9364 -007.5521 -003.0049 -091.5348 -041.8968 -003.2460 0
L1 07    407 +013.9110 -007.8028 -002.9892 -088.6873 -032.8122 +012.7000 0
L1 08    407 +014.8085 -007.5762 -002.3257 -090.0752 -038.9089 +003.0150 0
L1 01    411 +012.9961 -003.8650 +001.2849 -007.1761 +001.0885 +001.7555 0
L1 02    411 +007.4471 +005.5187 +001.6828 -095.0353 +006.4664 -149.5769 0
L1 03    411 +013.6921 -003.7694 -000.7329 -003.0360 +006.4779 +086.1501 0
L1 04    411 +012.7580 -007.5834 +001.1303 -062.1478 -031.0729 -149.7490 0
L1 05    411 +012.1788 -007.4927 -002.6200 -088.1266 -041.8595 -003.4915 0
L1 06    411 +012.9363 -007.5520 -003.0050 -091.5365 -041.8964 -003.2459 0
L1 07    411 +013.9110 -007.8027 -002.9894 -088.6883 -032.8112 +012.6997 0
L1 08    411 +014.8084 -007.5763 -002.3257 -090.0779 -038.9097 +003.0148 0
L1 01    415 +012.9961 -003.8650 +001.2850 -007.1780 +001.0869 +001.7557 0
L1 02    415 +007.4471 +005.5188 +001.6828 -095.0344 +006.4660 -149.5765 0
L1 03    415 +013.6921 -003.7695 -000.7328 -003.0391 +006.4766 +086.1503 0
L1 04    415 +012.7579 -007.5834 +001.1302 -062.1497 -031.0713 -149.7502 0
L1 05    415 +012.1790 -007.4924 -002.6198 -088.1275 -041.8597 -003.4888 0
L1 06    415 +012.9363 -007.5520 -003.0051 -091.5374 -041.8959 -003.2467 0
L1 07    415 +013.9109 -007.8027 -002.9893 -088.6914 -032.8110 +012.7006 0
L1 08    415 +014.8084 -007.5761 -002.3256 -090.0790 -038.9094 +003.0163 0
L1 01    419 +012.9961 -003.8650 +001.2849 -007.1784 +001.0888 +001.7561 0
L1 02    419 +007.4471 +005.5188 +001.6827 -095.0343 +006.4661 -149.5777 0
L1 03    419 +013.6921 -003.7694 -000.7329 -003.0377 +006.4788 +086.1509 0
L1 04    419 +012.7579 -007.5831 +001.1304 -062.1492 -031.0733 -149.7495 0
L1 05    419 +012.1789 -007.4923 -002.6199 -088.1283 -041.8594 -003.4895 0
L1 06    419 +012.9361 -007.5521 -003.0051 -091.5402 -041.8960 -003.2463 0
L1 07    419 +013.9109 -007.8027 -002.9892 -088.6924 -032.8107 +012.7017 0
L1 08    419 +014.8083 -007.5761 -002.3258 -090.0788 -038.9080 +003.0136 0
L1 01    423 +012.9961 -003.8651 +001.2850 -007.1799 +001.0883 +001.7559 0
L1 02    423 +007.4471 +005.5188 +001.6828 -095.0343 +006.4664 -149.5790 0
L1 03    423 +013.6921 -003.7695 -000.7328 -003.0398 +006.4783 +086.1502 0
L1 04    423 +012.7578 -007.5833 +001.1303 -062.1507 -031.0719 -149.7505 0
L1 05    423 +012.1787 -007.4924 -002.6200 -088.1286 -041.8591 -003.4912 0
L1 06    423 +012.9361 -007.5521 -003.0050 -091.5415 -041.8965 -003.2458 0
L1 07    423 +013.9109 -007.8025 -002.9893 -088.6910 -032.8112 +012.7003 0
L1 08    423 +014.8083 -007.5762 -002.3257 -090.0798 -038.9088 +003.0144 0
L1 01    427 +012.9961 -003.8649 +001.2850 -007.1788 +001.0880 +001.7557 0
L1 02    427 +007.4471 +005.5188 +001.6828 -095.0344 +006.4662 -149.5798 0
L1 03    427 +013.6921 -003.7695 -000.7328 -003.0399 +006.4791 +086.1500 0
L1 04    427 +012.7578 -007.5833 +001.1303 -062.1501 -031.0706 -149.7511 0
L1 05    427 +012.1787 -007.4924 -002.6199 -088.1286 -041.8594 -003.4915 0
L1 06    427 +012.9361 -007.5519 -003.0050 -091.5398 -041.8961 -003.2465 0
L1 07    427 +013.9108 -007.8027 -002.9891 -088.6928 -032.8121 +012.7004 0
L1 08    427 +014.8083 -007.5761 -002.3256 -090.0786 -038.9088 +003.0147 0
L1 01    431 +012.9961 -003.8650 +001.2850 -007.1796 +001.0877 +001.7558 0
L1 02    431 +007.4471 +005.5188 +001.6827 -095.0344 +006.4660 -149.5792 0
L1 03    431 +013.6921 -003.7695 -000.7328 -003.0409 +006.4786 +086.1497 0
L1 04    431 +012.7578 -007.5833 +001.1302 -062.1506 -031.0697 -149.7510 0
L1 05    431 +012.1786 -007.4925 -002.6201 -088.1276 -041.8593 -003.4935 0
L1 06    431 +012.9360 -007.5523 -003.0050 -091.5413 -041.8967 -003.2479 0
L1 07    431 +013.9105 -007.8032 -002.9894 -088.6940 -032.8117 +012.6979 0
L1 08    431 +014.8083 -007.5763 -002.3256 -090.0802 -038.9097 +003.0151 0
L1 01    435 +012.9961 -003.8650 +001.2851 -007.1797 +001.0870 +001.7552 0
L1 02    435 +007.4471 +005.5188 +001.6827 -095.0342 +006.4660 -149.5784 0
L1 03    435 +013.6921 -003.7696 -000.7328 -003.0417 +006.4790 +086.1499 0
L1 04    435 +012.7578 -007.5833 +001.1302 -062.1511 -031.0694 -149.7508 0
L1 05    435 +012.1787 -007.4923 -002.6199 -088.1282 -041.8589 -003.4918 0
L1 06    435 +012.9360 -007.5522 -003.0052 -091.5409 -041.8958 -003.2485 0
L1 07    435 +013.9107 -007.8026 -002.9897 -088.6896 -032.8097 +012.6969 0
L1 08    435 +014.8083 -007.5761 -002.3257 -090.0789 -038.9091 +003.0148 0
L1 01    439 +012.9961 -003.8651 +001.2850 -007.1814 +001.0877 +001.7556 0
L1 02    439 +007.4471 +005.5188 +001.6827 -095.0344 +006.4662 -149.5784 0
L1 03    439 +013.6921 -003.7696 -000.7329 -003.0431 +006.4796 +086.1499 0
L1 04    439 +012.7577 -007.5834 +001.1301 -062.1538 -031.0698 -149.7500 0
L1 05    439 +012.1787 -007.4924 -002.6198 -088.1312 -041.8597 -003.4899 0
L1 06    439 +012.9360 -007.5521 -003.0052 -091.5413 -041.8955 -003.2473 0
L1 07    439 +013.9106 -007.8028 -002.9896 -088.6933 -032.8097 +012.6980 0
L1 08    439 +014.8082 -007.5762 -002.3257 -090.0803 -038.9091 +003.0147 0
L1 01    443 +012.9962 -003.8648 +001.2849 -007.1799 +001.0881 +001.7548 0
L1 02    443 +007.4471 +005.5188 +001.6828 -095.0342 +006.4662 -149.5779 0
L1 03    443 +013.6921 -003.7694 -000.7328 -003.0414 +006.4793 +086.1496 0
L1 04    443 +012.7578 -007.5829 +001.1302 -062.1514 -031.0710 -149.7493 0
L1 05    443 +012.1787 -007.4924 -002.6197 -088.1313 -041.8605 -003.4900 0
L1 06    443 +012.9363 -007.5516 -003.0050 -091.5410 -041.8947 -003.2439 0
L1 07    443 +013.9108 -007.8024 -002.9894 -088.6915 -032.8106 +012.6984 0
L1 08    443 +014.8083 -007.5760 -002.3257 -090.0795 -038.9094 +003.0150 0
L1 01    447 +012.9962 -003.8649 +001.2851 -007.1806 +001.0867 +001.7551 0
L1 02    447 +007.4471 +005.5188 +001.6828 -095.0348 +006.4660 -149.5776 0
L1 03    447 +013.6922 -003.7695 -000.7327 -003.0426 +006.4782 +086.1494 0
L1 04    447 +012.7578 -007.5831 +001.1302 -062.1535 -031.0702 -149.7486 0
L1 05    447 +012.1788 -007.4922 -002.6199 -088.1297 -041.8601 -003.4906 0
L1 06    447 +012.9362 -007.5519 -003.0051 -091.5433 -041.8961 -003.2448 0
L1 07    447 +013.9108 -007.8026 -002.9893 -088.6937 -032.8117 +012.6997 0
L1 08    447 +014.8083 -007.5759 -002.3258 -090.0795 -038.9089 +003.0152 0
L1 01    451 +012.9962 -003.8649 +001.2849 -007.1807 +001.0871 +001.7551 0
L1 02    451 +007.4471 +005.5188 +001.6828 -095.0344 +006.4663 -149.5779 0
L1 03    451 +013.6922 -003.7695 -000.7328 -003.0430 +006.4788 +086.1498 0
L1 04    451 +012.7578 -007.5831 +001.1301 -062.1529 -031.0691 -149.7495 0
L1 05    451 +012.1787 -007.4922 -002.6198 -088.1302 -041.8600 -003.4899 0
L1 06    451 +012.9363 -007.5516 -003.0052 -091.5415 -041.8942 -003.2453 0
L1 07    451 +013.9111 -007.8022 -002.9891 -088.6914 -032.8119 +012.7012 0
L1 08    451 +014.8084 -007.5759 -002.3256 -090.0796 -038.9097 +003.0163 0
L1 01    455 +012.9962 -003.8651 +001.2849 -007.1833 +001.0882 +001.7556 0
L1 02    455 +007.4471 +005.5188 +001.6828 -095.0348 +006.4667 -149.5782 0
L1 03    455 +013.6922 -003.7695 -000.7328 -003.0436 +006.4798 +086.1494 0
L1 04    455 +012.7577 -007.5832 +001.1303 -062.1554 -031.0705 -149.7487 0
L1 05    455 +012.1787 -007.4923 -002.6199 -088.1307 -041.8604 -003.4908 0
L1 06    455 +012.9362 -007.5518 -003.0049 -091.5446 -041.8963 -003.2431 0
L1 07    455 +013.9106 -007.8030 -002.9896 -088.6958 -032.8098 +012.6980 0
L1 08    455 +014.8082 -007.5764 -002.3258 -090.0830 -038.9097 +003.0147 0
L1 01    459 +012.9962 -003.8650 +001.2850 -007.1822 +001.0875 +001.7555 0
L1 02    459 +007.4471 +005.5188 +001.6828 -095.0344 +006.4665 -149.5782 0
L1 03    459 +013.6922 -003.7695 -000.7328 -003.0436 +006.4803 +086.1495 0
L1 04    459 +012.7577 -007.5832 +001.1303 -062.1552 -031.0701 -149.7486 0
L1 05    459 +012.1787 -007.4923 -002.6199 -088.1310 -041.8602 -003.4902 0
L1 06    459 +012.9361 -007.5520 -003.0050 -091.5451 -041.8959 -003.2448 0
L1 07    459 +013.9104 -007.8032 -002.9894 -088.6977 -032.8121 +012.6989 0
L1 08    459 +014.8082 -007.5763 -002.3257 -090.0830 -038.9093 +003.0159 0
L1 01    463 +012.9961 -003.8649 +001.2852 -007.1825 +001.0853 +001.7552 0
L1 02    463 +007.4471 +005.5188 +001.6828 -095.0348 +006.4664 -149.5777 0
L1 03    463 +013.6922 -003.7696 -000.7328 -003.0462 +006.4797 +086.1491 0
L1 04    463 +012.7576 -007.5834 +001.1302 -062.1578 -031.0685 -149.7491 0
L1 05    463 +012.1786 -007.4924 -002.6199 -088.1326 -041.8596 -003.4898 0
L1 06    463 +012.9360 -007.5521 -003.0050 -091.5468 -041.8971 -003.2444 0
L1 07    463 +013.9105 -007.8031 -002.9889 -088.7001 -032.8129 +012.7030 0
L1 08    463 +014.8082 -007.5764 -002.3255 -090.0837 -038.9099 +003.0171 0
L1 01    467 +012.9962 -003.8650 +001.2850 -007.1834 +001.0879 +001.7562 0
L1 02    467 +007.4471 +005.5188 +001.6828 -095.0345 +006.4664 -149.5780 0
L1 03    467 +013.6922 -003.7693 -000.7328 -003.0435 +006.4807 +086.1505 0
L1 04    467 +012.7577 -007.5831 +001.1303 -062.1548 -031.0701 -149.7495 0
L1 05    467 +012.1787 -007.4923 -002.6198 -088.1332 -041.8597 -003.4890 0
L1 06    467 +012.9360 -007.5519 -003.0050 -091.5457 -041.8963 -003.2443 0
L1 07    467 +013.9104 -007.8030 -002.9896 -088.6969 -032.8104 +012.6977 0
L1 08    467 +014.8082 -007.5762 -002.3257 -090.0830 -038.9090 +003.0158 0
L1 01    471 +012.9962 -003.8650 +001.2850 -007.1838 +001.0873 +001.7558 0
L1 02    471 +007.4471 +005.5188 +001.6828 -095.0345 +006.4662 -149.5782 0
L1 03    471 +013.6922 -003.7695 -000.7328 -003.0460 +006.4807 +086.1502 0
L1 04    471 +012.7577 -007.5832 +001.1302 -062.1568 -031.0687 -149.7490 0
L1 05    471 +012.1786 -007.4923 -002.6198 -088.1330 -041.8592 -003.4900 0
L1 06    471 +012.9360 -007.5519 -003.0053 -091.5440 -041.8953 -003.2474 0
L1 07    471 +013.9103 -007.8030 -002.9897 -088.6966 -032.8106 +012.6959 0
L1 08    471 +014.8082 -007.5761 -002.3256 -090.0829 -038.9094 +003.0163 0
L1 01    475 +012.9962 -003.8649 +001.2850 -007.1839 +001.0874 +001.7559 0
L1 02    475 +007.4471 +005.5188 +001.6828 -095.0344 +006.4660 -149.5784 0
L1 03    475 +013.6922 -003.7695 -000.7328 -003.0463 +006.4810 +086.1502 0
L1 04    475 +012.7577 -007.5830 +001.1302 -062.1570 -031.0685 -149.7482 0
L1 05    475 +012.1787 -007.4915 -002.6205 -088.1305 -041.8491 -003.4901 0
L1 06    475 +012.9359 -007.5504 -003.0074 -091.5363 -041.8794 -003.2537 0
L1 07    475 +013.9107 -007.8022 -002.9898 -088.6954 -032.8067 +012.6984 0
L1 08    475 +014.8082 -007.5752 -002.3266 -090.0821 -038.9023 +003.0161 0
L1 01    479 +012.9962 -003.8649 +001.2850 -007.1848 +001.0876 +001.7562 0
L1 02    479 +007.4471 +005.5188 +001.6828 -095.0347 +006.4664 -149.5784 0
L1 03    479 +013.6923 -003.7694 -000.7328 -003.0465 +006.4811 +086.1501 0
L1 04    479 +012.7577 -007.5830 +001.1303 -062.1578 -031.0689 -149.7475 0
L1 05    479 +012.1784 -007.4923 -002.6203 -088.1349 -041.8575 -003.4922 0
L1 06    479 +012.9362 -007.5515 -003.0053 -091.5465 -041.8932 -003.2433 0
L1 07    479 +013.9105 -007.8027 -002.9895 -088.6983 -032.8097 +012.6997 0
L1 08    479 +014.8082 -007.5761 -002.3258 -090.0846 -038.9077 +003.0168 0
L1 01    483 +012.9962 -003.8650 +001.2849 -007.1870 +001.0874 +001.7560 0
L1 02    483 +007.4471 +005.5188 +001.6828 -095.0351 +006.4663 -149.5788 0
L1 03    483 +013.6923 -003.7695 -000.7328 -003.0500 +006.4808 +086.1498 0
L1 04    483 +012.7575 -007.5831 +001.1302 -062.1604 -031.0685 -149.7472 0
L1 05    483 +012.1784 -007.4924 -002.6201 -088.1378 -041.8592 -003.4898 0
L1 06    483 +012.9361 -007.5517 -003.0049 -091.5504 -041.8958 -003.2417 0
L1 07    483 +013.9106 -007.8025 -002.9899 -088.6961 -032.8092 +012.6969 0
L1 08    483 +014.8081 -007.5763 -002.3257 -090.0865 -038.9096 +003.0161 0
