L1 01      4 +015.9599 +000.1215 +001.3515 -097.5429 +001.7173 +002.3235 0
L1 02      4 +007.4453 +005.5201 +001.6840 -095.0419 +006.5334 -149.7580 0
L1 03      4 +016.0948 -000.5550 -000.6733 -092.0172 +002.6606 +087.1653 0
L1 04      4 +011.6214 +001.6098 +000.1312 +175.2934 -007.4267 -138.4069 0
L1 05      4 +012.4841 +001.0516 -004.0504 +177.7508 +009.6386 -000.8510 0
L1 06      4 +012.3607 +000.2385 -004.2516 +175.8034 +001.2499 -002.6436 0
L1 07      4 +012.3360 -000.7086 -004.2255 -176.0671 +007.3233 +012.2766 0
L1 08      4 +012.3387 -001.5900 -003.6494 -179.5830 +006.6207 -003.6411 0
L1 01      8 +015.9600 +000.1215 +001.3518 -097.5479 +001.7131 +002.3270 0
L1 02      8 +007.4453 +005.5202 +001.6840 -095.0417 +006.5330 -149.7608 0
L1 03      8 +016.0948 -000.5549 -000.6732 -092.0168 +002.6592 +087.1656 0
L1 04      8 +011.6214 +001.6097 +000.1311 +175.2937 -007.4271 -138.4052 0
L1 05      8 +012.4840 +001.0514 -004.0505 +177.7513 +009.6372 -000.8493 0
L1 06      8 +012.3606 +000.2384 -004.2515 +175.8042 +001.2495 -002.6413 0
L1 07      8 +012.3359 -000.7091 -004.2256 -176.0679 +007.3225 +012.2785 0
L1 08      8 +012.3387 -001.5902 -003.6493 -179.5821 +006.6204 -003.6383 0
L1 01     12 +015.9599 +000.1215 +001.3514 -097.5514 +001.7122 +002.3188 0
L1 02     12 +007.4453 +005.5202 +001.6840 -095.0416 +006.5342 -149.7595 0
L1 03     12 +016.0948 -000.5551 -000.6734 -092.0167 +002.6590 +087.1638 0
L1 04     12 +011.6213 +001.6097 +000.1312 +175.2956 -007.4250 -138.4035 0
L1 05     12 +012.4839 +001.0513 -004.0505 +177.7539 +009.6370 -000.8485 0
L1 06     12 +012.3606 +000.2384 -004.2515 +175.8059 +001.2490 -002.6405 0
L1 07     12 +012.3359 -000.7091 -004.2254 -176.0660 +007.3225 +012.2796 0
L1 08     12 +012.3386 -001.5903 -003.6493 -179.5800 +006.6189 -003.6378 0
L1 01     16 +015.9596 +000.1207 +001.3513 -097.5530 +001.7167 +002.3145 0
L1 02     16 +007.4453 +005.5196 +001.6846 -095.0435 +006.5370 -149.7611 0
L1 03     16 +016.0945 -000.5547 -000.6741 -092.0098 +002.6685 +087.1546 0
L1 04     16 +011.6211 +001.6095 +000.1309 +175.2980 -007.4346 -138.4104 0
L1 05     16 +012.4838 +001.0510 -004.0505 +177.7543 +009.6361 -000.8464 0
L1 06     16 +012.3605 +000.2380 -004.2516 +175.8059 +001.2481 -002.6398 0
L1 07     16 +012.3359 -000.7091 -004.2255 -176.0635 +007.3205 +012.2801 0
L1 08     16 +012.3386 -001.5905 -003.6493 -179.5794 +006.6186 -003.6371 0
L1 01     20 +015.9597 +000.1209 +001.3516 -097.5516 +001.7075 +002.3195 0
L1 02     20 +007.4453 +005.5201 +001.6841 -095.0429 +006.5347 -149.7591 0
L1 03     20 +016.0946 -000.5549 -000.6734 -092.0105 +002.6568 +087.1622 0
L1 04     20 +011.6211 +001.6094 +000.1311 +175.2980 -007.4309 -138.4037 0
L1 05     20 +012.4837 +001.0508 -004.0507 +177.7546 +009.6351 -000.8454 0
L1 06     20 +012.3603 +000.2380 -004.2517 +175.8077 +001.2472 -002.6385 0
L1 07     20 +012.3358 -000.7092 -004.2256 -176.0619 +007.3193 +012.2812 0
L1 08     20 +012.3386 -001.5906 -003.6493 -179.5782 +006.6179 -003.6362 0
L1 01     24 +015.9597 +000.1210 +001.3519 -097.5504 +001.7063 +002.3222 0
L1 02     24 +007.4453 +005.5201 +001.6841 -095.0427 +006.5347 -149.7605 0
L1 03     24 +016.0946 -000.5550 -000.6732 -092.0108 +002.6561 +087.1638 0
L1 04     24 +011.6211 +001.6094 +000.1312 +175.2988 -007.4313 -138.4029 0
L1 05     24 +012.4837 +001.0508 -004.0506 +177.7559 +009.6353 -000.8453 0
L1 06     24 +012.3603 +000.2378 -004.2517 +175.8085 +001.2465 -002.6383 0
L1 07     24 +012.3357 -000.7092 -004.2257 -176.0608 +007.3184 +012.2805 0
L1 08     24 +012.3385 -001.5907 -003.6493 -179.5777 +006.6175 -003.6357 0
L1 01     28 +015.9596 +000.1211 +001.3516 -097.5519 +001.7051 +002.3188 0
L1 02     28 +007.4452 +005.5201 +001.6841 -095.0421 +006.5348 -149.7609 0
L1 03     28 +016.0946 -000.5549 -000.6734 -092.0083 +002.6549 +087.1618 0
L1 04     28 +011.6210 +001.6093 +000.1312 +175.3001 -007.4316 -138.4025 0
L1 05     28 +012.4836 +001.0508 -004.0507 +177.7578 +009.6342 -000.8450 0
L1 06     28 +012.3601 +000.2377 -004.2519 +175.8087 +001.2451 -002.6379 0
L1 07     28 +012.3357 -000.7095 -004.2255 -176.0606 +007.3192 +012.2817 0
L1 08     28 +012.3385 -001.5907 -003.6493 -179.5756 +006.6165 -003.6358 0
L1 01     32 +015.9596 +000.1212 +001.3515 -097.5518 +001.7043 +002.3181 0
L1 02     32 +007.4453 +005.5201 +001.6841 -095.0425 +006.5348 -149.7598 0
L1 03     32 +016.0946 -000.5550 -000.6733 -092.0073 +002.6547 +087.1628 0
L1 04     32 +011.6210 +001.6092 +000.1312 +175.3018 -007.4306 -138.4020 0
L1 05     32 +012.4836 +001.0508 -004.0506 +177.7592 +009.6353 -000.8455 0
L1 06     32 +012.3602 +000.2378 -004.2517 +175.8109 +001.2469 -002.6383 0
L1 07     32 +012.3357 -000.7096 -004.2256 -176.0598 +007.3187 +012.2820 0
L1 08     32 +012.3385 -001.5908 -003.6493 -179.5745 +006.6173 -003.6355 0
L1 01     36 +015.9596 +000.1213 +001.3517 -097.5512 +001.7037 +002.3194 0
L1 02     36 +007.4453 +005.5201 +001.6841 -095.0417 +006.5348 -149.7571 0
L1 03     36 +016.0947 -000.5549 -000.6733 -092.0058 +002.6537 +087.1635 0
L1 04     36 +011.6210 +001.6092 +000.1311 +175.3033 -007.4294 -138.4014 0
L1 05     36 +012.4835 +001.0506 -004.0508 +177.7599 +009.6343 -000.8446 0
L1 06     36 +012.3602 +000.2377 -004.2518 +175.8117 +001.2464 -002.6374 0
L1 07     36 +012.3357 -000.7096 -004.2257 -176.0571 +007.3198 +012.2833 0
L1 08     36 +012.3386 -001.5910 -003.6494 -179.5742 +006.6176 -003.6345 0
L1 01     40 +015.9596 +000.1215 +001.3519 -097.5488 +001.7042 +002.3218 0
L1 02     40 +007.4453 +005.5201 +001.6841 -095.0419 +006.5346 -149.7576 0
L1 03     40 +016.0947 -000.5548 -000.6733 -092.0055 +002.6522 +087.1640 0
L1 04     40 +011.6210 +001.6091 +000.1310 +175.3038 -007.4297 -138.4008 0
L1 05     40 +012.4835 +001.0505 -004.0508 +177.7603 +009.6349 -000.8445 0
L1 06     40 +012.3602 +000.2375 -004.2518 +175.8117 +001.2474 -002.6366 0
L1 07     40 +012.3359 -000.7098 -004.2253 -176.0567 +007.3226 +012.2835 0
L1 08     40 +012.3386 -001.5910 -003.6493 -179.5733 +006.6180 -003.6343 0
L1 01     44 +015.9596 +000.1214 +001.3518 -097.5467 +001.7052 +002.3205 0
L1 02     44 +007.4453 +005.5201 +001.6841 -095.0425 +006.5348 -149.7585 0
L1 03     44 +016.0947 -000.5550 -000.6732 -092.0079 +002.6520 +087.1650 0
L1 04     44 +011.6209 +001.6091 +000.1310 +175.3048 -007.4282 -138.4007 0
L1 05     44 +012.4835 +001.0506 -004.0507 +177.7622 +009.6359 -000.8435 0
L1 06     44 +012.3604 +000.2375 -004.2516 +175.8131 +001.2492 -002.6368 0
L1 07     44 +012.3359 -000.7099 -004.2255 -176.0572 +007.3215 +012.2830 0
L1 08     44 +012.3387 -001.5909 -003.6493 -179.5722 +006.6186 -003.6346 0
L1 01     48 +015.9595 +000.1213 +001.3514 -097.5426 +001.7041 +002.3161 0
L1 02     48 +007.4453 +005.5201 +001.6841 -095.0419 +006.5348 -149.7588 0
L1 03     48 +016.0947 -000.5546 -000.6733 -092.0044 +002.6516 +087.1643 0
L1 04     48 +011.6209 +001.6091 +000.1310 +175.3068 -007.4267 -138.4013 0
L1 05     48 +012.4836 +001.0506 -004.0509 +177.7630 +009.6349 -000.8446 0
L1 06     48 +012.3604 +000.2376 -004.2517 +175.8148 +001.2486 -002.6378 0
L1 07     48 +012.3359 -000.7098 -004.2255 -176.0553 +007.3214 +012.2826 0
L1 08     48 +012.3387 -001.5909 -003.6494 -179.5704 +006.6175 -003.6353 0
L1 01     52 +015.9595 +000.1212 +001.3513 -097.5395 +001.7047 +002.3164 0
L1 02     52 +007.4453 +005.5201 +001.6841 -095.0421 +006.5346 -149.7580 0
L1 03     52 +016.0947 -000.5548 -000.6733 -092.0058 +002.6516 +087.1650 0
L1 04     52 +011.6209 +001.6091 +000.1310 +175.3071 -007.4257 -138.4017 0
L1 05     52 +012.4837 +001.0505 -004.0508 +177.7639 +009.6364 -000.8448 0
L1 06     52 +012.3604 +000.2376 -004.2519 +175.8154 +001.2481 -002.6380 0
L1 07     52 +012.3359 -000.7099 -004.2257 -176.0554 +007.3204 +012.2825 0
L1 08     52 +012.3388 -001.5909 -003.6495 -179.5696 +006.6187 -003.6361 0
L1 01     56 +015.9595 +000.1215 +001.3516 -097.5329 +001.7067 +002.3220 0
L1 02     56 +007.4453 +005.5201 +001.6841 -095.0414 +006.5343 -149.7552 0
L1 03     56 +016.0948 -000.5547 -000.6732 -092.0045 +002.6514 +087.1667 0
L1 04     56 +011.6209 +001.6090 +000.1310 +175.3074 -007.4255 -138.4020 0
L1 05     56 +012.4837 +001.0504 -004.0508 +177.7634 +009.6372 -000.8446 0
L1 06     56 +012.3604 +000.2375 -004.2519 +175.8157 +001.2489 -002.6384 0
L1 07     56 +012.3360 -000.7098 -004.2257 -176.0535 +007.3218 +012.2825 0
L1 08     56 +012.3390 -001.5909 -003.6495 -179.5688 +006.6203 -003.6362 0
L1 01     60 +015.9595 +000.1216 +001.3515 -097.5311 +001.7076 +002.3179 0
L1 02     60 +007.4453 +005.5201 +001.6841 -095.0416 +006.5341 -149.7576 0
L1 03     60 +016.0948 -000.5549 -000.6731 -092.0042 +002.6518 +087.1666 0
L1 04     60 +011.6209 +001.6090 +000.1310 +175.3084 -007.4262 -138.4013 0
L1 05     60 +012.4837 +001.0505 -004.0508 +177.7650 +009.6372 -000.8457 0
L1 06     60 +012.3604 +000.2374 -004.2518 +175.8157 +001.2486 -002.6386 0
L1 07     60 +012.3360 -000.7098 -004.2257 -176.0523 +007.3213 +012.2830 0
L1 08     60 +012.3389 -001.5911 -003.6495 -179.5688 +006.6193 -003.6359 0
L1 01     64 +015.9595 +000.1215 +001.3518 -097.5301 +001.7055 +002.3215 0
L1 02     64 +007.4453 +005.5201 +001.6841 -095.0420 +006.5344 -149.7600 0
L1 03     64 +016.0948 -000.5548 -000.6731 -092.0028 +002.6507 +087.1660 0
L1 04     64 +011.6208 +001.6088 +000.1311 +175.3087 -007.4266 -138.4004 0
L1 05     64 +012.4836 +001.0504 -004.0507 +177.7657 +009.6370 -000.8444 0
L1 06     64 +012.3604 +000.2372 -004.2517 +175.8164 +001.2488 -002.6370 0
L1 07     64 +012.3360 -000.7099 -004.2257 -176.0507 +007.3207 +012.2829 0
L1 08     64 +012.3389 -001.5913 -003.6493 -179.5685 +006.6195 -003.6345 0
L1 01     68 +015.9595 +000.1217 +001.3519 -097.5283 +001.7054 +002.3231 0
L1 02     68 +007.4453 +005.5201 +001.6841 -095.0423 +006.5344 -149.7608 0
L1 03     68 +016.0947 -000.5548 -000.6731 -092.0033 +002.6495 +087.1658 0
L1 04     68 +011.6208 +001.6088 +000.1311 +175.3090 -007.4266 -138.3997 0
L1 05     68 +012.4836 +001.0503 -004.0506 +177.7663 +009.6371 -000.8439 0
L1 06     68 +012.3604 +000.2372 -004.2516 +175.8167 +001.2490 -002.6369 0
L1 07     68 +012.3359 -000.7100 -004.2256 -176.0517 +007.3204 +012.2836 0
L1 08     68 +012.3388 -001.5912 -003.6493 -179.5679 +006.6188 -003.6343 0
L1 01     72 +015.9595 +000.1216 +001.3518 -097.5300 +001.7059 +002.3220 0
L1 02     72 +007.4453 +005.5202 +001.6841 -095.0416 +006.5346 -149.7590 0
L1 03     72 +016.0947 -000.5548 -000.6731 -092.0047 +002.6488 +087.1659 0
L1 04     72 +011.6208 +001.6089 +000.1310 +175.3094 -007.4260 -138.4000 0
L1 05     72 +012.4836 +001.0503 -004.0507 +177.7661 +009.6365 -000.8437 0
L1 06     72 +012.3603 +000.2373 -004.2516 +175.8174 +001.2490 -002.6366 0
L1 07     72 +012.3359 -000.7101 -004.2256 -176.0518 +007.3206 +012.2837 0
L1 08     72 +012.3388 -001.5912 -003.6493 -179.5678 +006.6185 -003.6344 0
L1 01     76 +015.9595 +000.1217 +001.3517 -097.5313 +001.7071 +002.3217 0
L1 02     76 +007.4453 +005.5201 +001.6841 -095.0421 +006.5344 -149.7580 0
L1 03     76 +016.0947 -000.5547 -000.6732 -092.0047 +002.6501 +087.1655 0
L1 04     76 +011.6208 +001.6090 +000.1310 +175.3094 -007.4259 -138.4005 0
L1 05     76 +012.4835 +001.0505 -004.0508 +177.7666 +009.6356 -000.8457 0
L1 06     76 +012.3603 +000.2374 -004.2518 +175.8175 +001.2483 -002.6379 0
L1 07     76 +012.3359 -000.7099 -004.2256 -176.0512 +007.3207 +012.2826 0
L1 08     76 +012.3388 -001.5911 -003.6494 -179.5679 +006.6184 -003.6356 0
L1 01     80 +015.9595 +000.1215 +001.3517 -097.5334 +001.7073 +002.3211 0
L1 02     80 +007.4453 +005.5201 +001.6841 -095.0419 +006.5348 -149.7590 0
L1 03     80 +016.0947 -000.5548 -000.6732 -092.0065 +002.6499 +087.1652 0
L1 04     80 +011.6208 +001.6089 +000.1311 +175.3088 -007.4256 -138.4015 0
L1 05     80 +012.4835 +001.0505 -004.0507 +177.7661 +009.6361 -000.8454 0
L1 06     80 +012.3602 +000.2374 -004.2518 +175.8166 +001.2473 -002.6378 0
L1 07     80 +012.3358 -000.7097 -004.2259 -176.0515 +007.3188 +012.2816 0
L1 08     80 +012.3387 -001.5911 -003.6494 -179.5685 +006.6180 -003.6354 0
L1 01     84 +015.9594 +000.1218 +001.3519 -097.5296 +001.7091 +002.3238 0
L1 02     84 +007.4452 +005.5202 +001.6841 -095.0416 +006.5346 -149.7618 0
L1 03     84 +016.0946 -000.5547 -000.6732 -092.0055 +002.6499 +087.1654 0
L1 04     84 +011.6208 +001.6089 +000.1310 +175.3088 -007.4267 -138.4007 0
L1 05     84 +012.4835 +001.0504 -004.0507 +177.7647 +009.6362 -000.8452 0
L1 06     84 +012.3601 +000.2375 -004.2518 +175.8179 +001.2467 -002.6378 0
L1 07     84 +012.3358 -000.7096 -004.2257 -176.0506 +007.3194 +012.2821 0
L1 08     84 +012.3387 -001.5911 -003.6493 -179.5685 +006.6180 -003.6353 0
L1 01     88 +015.9595 +000.1221 +001.3521 -097.5268 +001.7102 +002.3245 0
L1 02     88 +007.4452 +005.5202 +001.6841 -095.0420 +006.5352 -149.7630 0
L1 03     88 +016.0946 -000.5550 -000.6732 -092.0069 +002.6496 +087.1649 0
L1 04     88 +011.6207 +001.6090 +000.1311 +175.3095 -007.4272 -138.4000 0
L1 05     88 +012.4834 +001.0505 -004.0505 +177.7652 +009.6363 -000.8457 0
L1 06     88 +012.3602 +000.2375 -004.2516 +175.8173 +001.2475 -002.6380 0
L1 07     88 +012.3357 -000.7097 -004.2257 -176.0509 +007.3190 +012.2820 0
L1 08     88 +012.3387 -001.5911 -003.6493 -179.5686 +006.6180 -003.6353 0
L1 01     92 +015.9594 +000.1218 +001.3518 -097.5284 +001.7090 +002.3215 0
L1 02     92 +007.4452 +005.5201 +001.6841 -095.0422 +006.5351 -149.7626 0
L1 03     92 +016.0946 -000.5549 -000.6732 -092.0056 +002.6494 +087.1641 0
L1 04     92 +011.6207 +001.6089 +000.1311 +175.3095 -007.4271 -138.4004 0
L1 05     92 +012.4834 +001.0504 -004.0505 +177.7658 +009.6360 -000.8451 0
L1 06     92 +012.3601 +000.2375 -004.2517 +175.8176 +001.2466 -002.6378 0
L1 07     92 +012.3357 -000.7098 -004.2256 -176.0511 +007.3190 +012.2827 0
L1 08     92 +012.3386 -001.5911 -003.6493 -179.5678 +006.6171 -003.6352 0
L1 01     96 +015.9593 +000.1217 +001.3516 -097.5317 +001.7101 +002.3203 0
L1 02     96 +007.4452 +005.5201 +001.6841 -095.0420 +006.5353 -149.7604 0
L1 03     96 +016.0946 -000.5550 -000.6732 -092.0061 +002.6492 +087.1636 0
L1 04     96 +011.6207 +001.6089 +000.1311 +175.3092 -007.4274 -138.4004 0
L1 05     96 +012.4833 +001.0504 -004.0506 +177.7659 +009.6352 -000.8445 0
L1 06     96 +012.3600 +000.2374 -004.2517 +175.8167 +001.2464 -002.6376 0
L1 07     96 +012.3356 -000.7099 -004.2256 -176.0517 +007.3188 +012.2824 0
L1 08     96 +012.3386 -001.5912 -003.6494 -179.5687 +006.6164 -003.6351 0
L1 01    100 +015.9593 +000.1217 +001.3519 -097.5342 +001.7099 +002.3240 0
L1 02    100 +007.4453 +005.5201 +001.6841 -095.0426 +006.5353 -149.7601 0
L1 03    100 +016.0946 -000.5548 -000.6732 -092.0044 +002.6496 +087.1640 0
L1 04    100 +011.6207 +001.6089 +000.1311 +175.3089 -007.4282 -138.4005 0
L1 05    100 +012.4832 +001.0503 -004.0507 +177.7654 +009.6340 -000.8445 0
L1 06    100 +012.3600 +000.2373 -004.2517 +175.8162 +001.2459 -002.6374 0
L1 07    100 +012.3356 -000.7101 -004.2255 -176.0528 +007.3192 +012.2827 0
L1 08    100 +012.3386 -001.5912 -003.6493 -179.5686 +006.6167 -003.6350 0
L1 01    104 +015.9593 +000.1216 +001.3519 -097.5389 +001.7091 +002.3254 0
L1 02    104 +007.4453 +005.5201 +001.6841 -095.0430 +006.5351 -149.7603 0
L1 03    104 +016.0945 -000.5548 -000.6732 -092.0052 +002.6488 +087.1642 0
L1 04    104 +011.6207 +001.6088 +000.1310 +175.3082 -007.4284 -138.4005 0
L1 05    104 +012.4832 +001.0503 -004.0508 +177.7649 +009.6337 -000.8443 0
L1 06    104 +012.3600 +000.2373 -004.2519 +175.8165 +001.2451 -002.6372 0
L1 07    104 +012.3356 -000.7100 -004.2256 -176.0526 +007.3184 +012.2828 0
L1 08    104 +012.3385 -001.5912 -003.6494 -179.5690 +006.6162 -003.6345 0
L1 01    108 +015.9592 +000.1215 +001.3513 -097.5439 +001.7091 +002.3182 0
L1 02    108 +007.4453 +005.5201 +001.6841 -095.0423 +006.5352 -149.7597 0
L1 03    108 +016.0945 -000.5548 -000.6736 -092.0055 +002.6482 +087.1611 0
L1 04    108 +011.6207 +001.6089 +000.1311 +175.3088 -007.4267 -138.4004 0
L1 05    108 +012.4832 +001.0503 -004.0508 +177.7656 +009.6334 -000.8444 0
L1 06    108 +012.3600 +000.2373 -004.2518 +175.8165 +001.2451 -002.6372 0
L1 07    108 +012.3356 -000.7099 -004.2257 -176.0520 +007.3173 +012.2824 0
L1 08    108 +012.3385 -001.5912 -003.6494 -179.5683 +006.6153 -003.6348 0
L1 01    112 +015.9592 +000.1213 +001.3511 -097.5476 +001.7077 +002.3173 0
L1 02    112 +007.4453 +005.5201 +001.6841 -095.0415 +006.5356 -149.7581 0
L1 03    112 +016.0946 -000.5547 -000.6735 -092.0048 +002.6483 +087.1618 0
L1 04    112 +011.6207 +001.6089 +000.1311 +175.3091 -007.4256 -138.4008 0
L1 05    112 +012.4833 +001.0503 -004.0508 +177.7657 +009.6343 -000.8442 0
L1 06    112 +012.3600 +000.2374 -004.2518 +175.8166 +001.2453 -002.6381 0
L1 07    112 +012.3356 -000.7099 -004.2258 -176.0514 +007.3174 +012.2824 0
L1 08    112 +012.3385 -001.5911 -003.6495 -179.5678 +006.6152 -003.6353 0
L1 01    116 +015.9592 +000.1212 +001.3512 -097.5489 +001.7081 +002.3188 0
L1 02    116 +007.4453 +005.5201 +001.6841 -095.0423 +006.5354 -149.7595 0
L1 03    116 +016.0946 -000.5548 -000.6735 -092.0049 +002.6480 +087.1615 0
L1 04    116 +011.6207 +001.6088 +000.1311 +175.3085 -007.4261 -138.4006 0
L1 05    116 +012.4832 +001.0506 -004.0507 +177.7675 +009.6340 -000.8449 0
L1 06    116 +012.3599 +000.2374 -004.2520 +175.8165 +001.2438 -002.6372 0
L1 07    116 +012.3355 -000.7100 -004.2258 -176.0521 +007.3170 +012.2835 0
L1 08    116 +012.3385 -001.5911 -003.6494 -179.5681 +006.6151 -003.6353 0
L1 01    120 +015.9592 +000.1214 +001.3516 -097.5466 +001.7083 +002.3232 0
L1 02    120 +007.4453 +005.5201 +001.6841 -095.0424 +006.5351 -149.7614 0
L1 03    120 +016.0945 -000.5549 -000.6734 -092.0044 +002.6476 +087.1616 0
L1 04    120 +011.6207 +001.6088 +000.1311 +175.3081 -007.4283 -138.3997 0
L1 05    120 +012.4832 +001.0502 -004.0507 +177.7653 +009.6338 -000.8436 0
L1 06    120 +012.3599 +000.2372 -004.2519 +175.8160 +001.2440 -002.6365 0
L1 07    120 +012.3355 -000.7099 -004.2258 -176.0515 +007.3165 +012.2838 0
L1 08    120 +012.3384 -001.5914 -003.6494 -179.5696 +006.6145 -003.6341 0
L1 01    124 +015.9592 +000.1213 +001.3516 -097.5460 +001.7077 +002.3224 0
L1 02    124 +007.4453 +005.5201 +001.6841 -095.0422 +006.5352 -149.7622 0
L1 03    124 +016.0945 -000.5549 -000.6734 -092.0026 +002.6477 +087.1612 0
L1 04    124 +011.6206 +001.6088 +000.1311 +175.3092 -007.4290 -138.3995 0
L1 05    124 +012.4831 +001.0503 -004.0507 +177.7657 +009.6332 -000.8440 0
L1 06    124 +012.3598 +000.2372 -004.2517 +175.8167 +001.2445 -002.6360 0
L1 07    124 +012.3354 -000.7099 -004.2258 -176.0504 +007.3151 +012.2822 0
L1 08    124 +012.3384 -001.5913 -003.6493 -179.5683 +006.6139 -003.6339 0
L1 01    128 +015.9592 +000.1215 +001.3514 -097.5447 +001.7081 +002.3214 0
L1 02    128 +007.4453 +005.5201 +001.6841 -095.0425 +006.5350 -149.7616 0
L1 03    128 +016.0945 -000.5549 -000.6734 -092.0014 +002.6484 +087.1618 0
L1 04    128 +011.6206 +001.6088 +000.1311 +175.3098 -007.4279 -138.3996 0
L1 05    128 +012.4831 +001.0503 -004.0507 +177.7661 +009.6331 -000.8441 0
L1 06    128 +012.3598 +000.2372 -004.2518 +175.8171 +001.2439 -002.6365 0
L1 07    128 +012.3354 -000.7099 -004.2257 -176.0504 +007.3164 +012.2832 0
L1 08    128 +012.3384 -001.5912 -003.6494 -179.5680 +006.6139 -003.6345 0
L1 01    132 +015.9591 +000.1215 +001.3514 -097.5456 +001.7089 +002.3208 0
L1 02    132 +007.4453 +005.5201 +001.6841 -095.0421 +006.5353 -149.7597 0
L1 03    132 +016.0945 -000.5549 -000.6733 -092.0015 +002.6487 +087.1619 0
L1 04    132 +011.6206 +001.6088 +000.1311 +175.3098 -007.4268 -138.4001 0
L1 05    132 +012.4832 +001.0503 -004.0507 +177.7657 +009.6334 -000.8452 0
L1 06    132 +012.3599 +000.2373 -004.2517 +175.8170 +001.2452 -002.6367 0
L1 07    132 +012.3354 -000.7101 -004.2258 -176.0518 +007.3157 +012.2835 0
L1 08    132 +012.3385 -001.5912 -003.6494 -179.5677 +006.6144 -003.6351 0
L1 01    136 +015.9591 +000.1215 +001.3512 -097.5451 +001.7089 +002.3198 0
L1 02    136 +007.4453 +005.5201 +001.6841 -095.0422 +006.5349 -149.7593 0
L1 03    136 +016.0946 -000.5549 -000.6733 -092.0006 +002.6489 +087.1620 0
L1 04    136 +011.6206 +001.6089 +000.1311 +175.3101 -007.4268 -138.3998 0
L1 05    136 +012.4812 +001.0527 -004.0540 +177.7760 +009.6002 -000.8544 0
L1 06    136 +012.3581 +000.2398 -004.2551 +175.8299 +001.2126 -002.6481 0
L1 07    136 +012.3341 -000.7077 -004.2286 -176.0426 +007.2898 +012.2630 0
L1 08    136 +012.3373 -001.5888 -003.6525 -179.5606 +006.5913 -003.6525 0
L1 01    140 +015.9592 +000.1217 +001.3518 -097.5439 +001.7085 +002.3242 0
L1 02    140 +007.4453 +005.5201 +001.6841 -095.0421 +006.5349 -149.7604 0
L1 03    140 +016.0946 -000.5548 -000.6733 -092.0004 +002.6488 +087.1619 0
L1 04    140 +011.6206 +001.6088 +000.1311 +175.3096 -007.4271 -138.3994 0
L1 05    140 +012.4831 +001.0501 -004.0508 +177.7651 +009.6320 -000.8439 0
L1 06    140 +012.3598 +000.2373 -004.2519 +175.8169 +001.2434 -002.6362 0
L1 07    140 +012.3354 -000.7100 -004.2258 -176.0505 +007.3159 +012.2844 0
L1 08    140 +012.3384 -001.5914 -003.6493 -179.5685 +006.6146 -003.6335 0
L1 01    144 +015.9591 +000.1217 +001.3517 -097.5451 +001.7086 +002.3231 0
L1 02    144 +007.4452 +005.5201 +001.6841 -095.0420 +006.5352 -149.7616 0
L1 03    144 +016.0945 -000.5549 -000.6734 -092.0015 +002.6487 +087.1608 0
L1 04    144 +011.6206 +001.6088 +000.1311 +175.3101 -007.4269 -138.3991 0
L1 05    144 +012.4831 +001.0502 -004.0505 +177.7659 +009.6334 -000.8442 0
L1 06    144 +012.3598 +000.2372 -004.2517 +175.8171 +001.2439 -002.6361 0
L1 07    144 +012.3353 -000.7101 -004.2258 -176.0500 +007.3150 +012.2843 0
L1 08    144 +012.3384 -001.5912 -003.6493 -179.5673 +006.6137 -003.6338 0
L1 01    148 +015.9591 +000.1216 +001.3516 -097.5475 +001.7086 +002.3235 0
L1 02    148 +007.4453 +005.5201 +001.6841 -095.0423 +006.5350 -149.7609 0
L1 03    148 +016.0945 -000.5549 -000.6733 -092.0022 +002.6489 +087.1614 0
L1 04    148 +011.6206 +001.6088 +000.1311 +175.3098 -007.4265 -138.3988 0
L1 05    148 +012.4831 +001.0505 -004.0507 +177.7684 +009.6329 -000.8448 0
L1 06    148 +012.3598 +000.2372 -004.2519 +175.8165 +001.2430 -002.6363 0
L1 07    148 +012.3353 -000.7101 -004.2258 -176.0510 +007.3154 +012.2841 0
L1 08    148 +012.3384 -001.5913 -003.6494 -179.5679 +006.6137 -003.6337 0
L1 01    152 +015.9591 +000.1217 +001.3516 -097.5476 +001.7086 +002.3235 0
L1 02    152 +007.4453 +005.5201 +001.6841 -095.0419 +006.5347 -149.7592 0
L1 03    152 +016.0945 -000.5549 -000.6734 -092.0025 +002.6496 +087.1610 0
L1 04    152 +011.6206 +001.6089 +000.1311 +175.3097 -007.4258 -138.3990 0
L1 05    152 +012.4831 +001.0506 -004.0508 +177.7689 +009.6325 -000.8445 0
L1 06    152 +012.3598 +000.2373 -004.2519 +175.8177 +001.2435 -002.6355 0
L1 07    152 +012.3355 -000.7101 -004.2257 -176.0517 +007.3162 +012.2837 0
L1 08    152 +012.3384 -001.5912 -003.6494 -179.5674 +006.6137 -003.6343 0
L1 01    156 +015.9591 +000.1216 +001.3515 -097.5476 +001.7077 +002.3235 0
L1 02    156 +007.4452 +005.5201 +001.6841 -095.0417 +006.5347 -149.7590 0
L1 03    156 +016.0945 -000.5549 -000.6735 -092.0027 +002.6497 +087.1602 0
L1 04    156 +011.6206 +001.6088 +000.1311 +175.3097 -007.4256 -138.3990 0
L1 05    156 +012.4831 +001.0503 -004.0508 +177.7671 +009.6327 -000.8428 0
L1 06    156 +012.3598 +000.2371 -004.2519 +175.8161 +001.2433 -002.6359 0
L1 07    156 +012.3354 -000.7100 -004.2257 -176.0500 +007.3159 +012.2845 0
L1 08    156 +012.3384 -001.5914 -003.6494 -179.5682 +006.6143 -003.6336 0
L1 01    160 +015.9591 +000.1215 +001.3513 -097.5478 +001.7075 +002.3214 0
L1 02    160 +007.4452 +005.5201 +001.6841 -095.0420 +006.5346 -149.7605 0
L1 03    160 +016.0945 -000.5551 -000.6734 -092.0032 +002.6491 +087.1606 0
L1 04    160 +011.6206 +001.6088 +000.1312 +175.3097 -007.4246 -138.3989 0
L1 05    160 +012.4831 +001.0502 -004.0508 +177.7664 +009.6329 -000.8427 0
L1 06    160 +012.3598 +000.2373 -004.2518 +175.8172 +001.2438 -002.6367 0
L1 07    160 +012.3354 -000.7101 -004.2257 -176.0505 +007.3162 +012.2846 0
L1 08    160 +012.3384 -001.5913 -003.6494 -179.5678 +006.6139 -003.6335 0
L1 01    164 +015.9590 +000.1214 +001.3514 -097.5468 +001.7069 +002.3220 0
L1 02    164 +007.4453 +005.5201 +001.6840 -095.0424 +006.5348 -149.7625 0
L1 03    164 +016.0945 -000.5550 -000.6733 -092.0024 +002.6478 +087.1610 0
L1 04    164 +011.6206 +001.6087 +000.1312 +175.3094 -007.4254 -138.3987 0
L1 05    164 +012.4831 +001.0502 -004.0508 +177.7664 +009.6320 -000.8423 0
L1 06    164 +012.3598 +000.2373 -004.2518 +175.8177 +001.2438 -002.6363 0
L1 07    164 +012.3354 -000.7102 -004.2257 -176.0505 +007.3152 +012.2847 0
L1 08    164 +012.3384 -001.5914 -003.6493 -179.5678 +006.6138 -003.6331 0
L1 01    168 +015.9591 +000.1217 +001.3515 -097.5432 +001.7061 +002.3232 0
L1 02    168 +007.4452 +005.5202 +001.6841 -095.0418 +006.5347 -149.7609 0
L1 03    168 +016.0945 -000.5547 -000.6734 -091.9990 +002.6471 +087.1604 0
L1 04    168 +011.6206 +001.6088 +000.1311 +175.3103 -007.4261 -138.3983 0
L1 05    168 +012.4831 +001.0502 -004.0507 +177.7668 +009.6327 -000.8431 0
L1 06    168 +012.3599 +000.2372 -004.2518 +175.8173 +001.2439 -002.6357 0
L1 07    168 +012.3354 -000.7101 -004.2258 -176.0494 +007.3151 +012.2845 0
L1 08    168 +012.3384 -001.5913 -003.6493 -179.5670 +006.6136 -003.6332 0
L1 01    172 +015.9590 +000.1218 +001.3514 -097.5433 +001.7067 +002.3226 0
L1 02    172 +007.4453 +005.5201 +001.6841 -095.0421 +006.5347 -149.7598 0
L1 03    172 +016.0945 -000.5550 -000.6733 -092.0011 +002.6472 +087.1611 0
L1 04    172 +011.6206 +001.6088 +000.1311 +175.3102 -007.4252 -138.3981 0
L1 05    172 +012.4831 +001.0501 -004.0508 +177.7660 +009.6321 -000.8427 0
L1 06    172 +012.3598 +000.2371 -004.2519 +175.8164 +001.2433 -002.6353 0
L1 07    172 +012.3354 -000.7103 -004.2257 -176.0511 +007.3152 +012.2847 0
L1 08    172 +012.3384 -001.5914 -003.6493 -179.5677 +006.6138 -003.6332 0
L1 01    176 +015.9590 +000.1218 +001.3516 -097.5423 +001.7068 +002.3245 0
L1 02    176 +007.4452 +005.5202 +001.6841 -095.0416 +006.5344 -149.7595 0
L1 03    176 +016.0945 -000.5549 -000.6733 -092.0006 +002.6471 +087.1622 0
L1 04    176 +011.6206 +001.6088 +000.1311 +175.3106 -007.4243 -138.3979 0
L1 05    176 +012.4831 +001.0502 -004.0509 +177.7673 +009.6327 -000.8426 0
L1 06    176 +012.3599 +000.2371 -004.2518 +175.8171 +001.2441 -002.6353 0
L1 07    176 +012.3355 -000.7102 -004.2257 -176.0503 +007.3163 +012.2845 0
L1 08    176 +012.3384 -001.5914 -003.6494 -179.5670 +006.6141 -003.6332 0
L1 01    180 +015.9591 +000.1221 +001.3517 -097.5401 +001.7076 +002.3257 0
L1 02    180 +007.4453 +005.5201 +001.6841 -095.0421 +006.5346 -149.7594 0
L1 03    180 +016.0945 -000.5549 -000.6733 -092.0007 +002.6470 +087.1618 0
L1 04    180 +011.6206 +001.6089 +000.1311 +175.3109 -007.4240 -138.3975 0
L1 05    180 +012.4831 +001.0503 -004.0509 +177.7685 +009.6324 -000.8428 0
L1 06    180 +012.3599 +000.2371 -004.2517 +175.8171 +001.2451 -002.6355 0
L1 07    180 +012.3355 -000.7102 -004.2257 -176.0497 +007.3163 +012.2852 0
L1 08    180 +012.3385 -001.5913 -003.6493 -179.5666 +006.6147 -003.6333 0
L1 01    184 +015.9591 +000.1218 +001.3518 -097.5407 +001.7067 +002.3265 0
L1 02    184 +007.4453 +005.5201 +001.6840 -095.0421 +006.5344 -149.7601 0
L1 03    184 +016.0945 -000.5547 -000.6733 -092.0009 +002.6473 +087.1620 0
L1 04    184 +011.6206 +001.6088 +000.1311 +175.3102 -007.4246 -138.3975 0
L1 05    184 +012.4832 +001.0502 -004.0507 +177.7675 +009.6334 -000.8423 0
L1 06    184 +012.3599 +000.2370 -004.2517 +175.8170 +001.2450 -002.6351 0
L1 07    184 +012.3355 -000.7102 -004.2255 -176.0486 +007.3174 +012.2860 0
L1 08    184 +012.3384 -001.5914 -003.6493 -179.5671 +006.6142 -003.6325 0
L1 01    188 +015.9591 +000.1218 +001.3518 -097.5400 +001.7085 +002.3264 0
L1 02    188 +007.4453 +005.5201 +001.6840 -095.0429 +006.5346 -149.7608 0
L1 03    188 +016.0945 -000.5550 -000.6732 -092.0033 +002.6483 +087.1620 0
L1 04    188 +011.6206 +001.6088 +000.1310 +175.3096 -007.4255 -138.3977 0
L1 05    188 +012.4832 +001.0500 -004.0507 +177.7665 +009.6335 -000.8417 0
L1 06    188 +012.3599 +000.2369 -004.2518 +175.8160 +001.2446 -002.6345 0
L1 07    188 +012.3355 -000.7103 -004.2256 -176.0502 +007.3166 +012.2858 0
L1 08    188 +012.3384 -001.5915 -003.6493 -179.5681 +006.6138 -003.6324 0
L1 01    192 +015.9591 +000.1215 +001.3518 -097.5394 +001.7083 +002.3264 0
L1 02    192 +007.4453 +005.5201 +001.6840 -095.0427 +006.5348 -149.7613 0
L1 03    192 +016.0945 -000.5550 -000.6732 -092.0036 +002.6483 +087.1621 0
L1 04    192 +011.6206 +001.6087 +000.1311 +175.3091 -007.4252 -138.3975 0
L1 05    192 +012.4832 +001.0500 -004.0506 +177.7666 +009.6338 -000.8414 0
L1 06    192 +012.3598 +000.2368 -004.2517 +175.8150 +001.2453 -002.6337 0
L1 07    192 +012.3354 -000.7106 -004.2255 -176.0518 +007.3168 +012.2869 0
L1 08    192 +012.3384 -001.5916 -003.6492 -179.5682 +006.6145 -003.6314 0
L1 01    196 +015.9591 +000.1215 +001.3517 -097.5369 +001.7088 +002.3242 0
L1 02    196 +007.4453 +005.5201 +001.6841 -095.0427 +006.5349 -149.7612 0
L1 03    196 +016.0945 -000.5552 -000.6731 -092.0038 +002.6493 +087.1621 0
L1 04    196 +011.6206 +001.6087 +000.1311 +175.3095 -007.4250 -138.3976 0
L1 05    196 +012.4831 +001.0500 -004.0507 +177.7671 +009.6334 -000.8415 0
L1 06    196 +012.3598 +000.2368 -004.2518 +175.8152 +001.2444 -002.6338 0
L1 07    196 +012.3354 -000.7105 -004.2257 -176.0512 +007.3155 +012.2864 0
L1 08    196 +012.3384 -001.5915 -003.6492 -179.5678 +006.6148 -003.6319 0
L1 01    200 +015.9590 +000.1218 +001.3515 -097.5290 +001.7122 +002.3199 0
L1 02    200 +007.4453 +005.5201 +001.6841 -095.0428 +006.5351 -149.7611 0
L1 03    200 +016.0945 -000.5553 -000.6732 -092.0035 +002.6494 +087.1617 0
L1 04    200 +011.6206 +001.6087 +000.1311 +175.3102 -007.4252 -138.3975 0
L1 05    200 +012.4831 +001.0500 -004.0507 +177.7671 +009.6332 -000.8415 0
L1 06    200 +012.3598 +000.2369 -004.2517 +175.8163 +001.2447 -002.6336 0
L1 07    200 +012.3354 -000.7103 -004.2257 -176.0497 +007.3155 +012.2859 0
L1 08    200 +012.3384 -001.5916 -003.6492 -179.5679 +006.6145 -003.6323 0
L1 01    204 +015.9590 +000.1215 +001.3518 -097.5307 +001.7119 +002.3250 0
L1 02    204 +007.4453 +005.5200 +001.6841 -095.0434 +006.5349 -149.7604 0
L1 03    204 +016.0945 -000.5552 -000.6732 -092.0031 +002.6498 +087.1622 0
L1 04    204 +011.6206 +001.6086 +000.1311 +175.3097 -007.4254 -138.3979 0
L1 05    204 +012.4832 +001.0499 -004.0506 +177.7662 +009.6338 -000.8419 0
L1 06    204 +012.3599 +000.2370 -004.2515 +175.8165 +001.2473 -002.6345 0
L1 07    204 +012.3354 -000.7105 -004.2257 -176.0508 +007.3158 +012.2862 0
L1 08    204 +012.3385 -001.5916 -003.6493 -179.5683 +006.6146 -003.6322 0
L1 01    208 +015.9590 +000.1214 +001.3517 -097.5284 +001.7118 +002.3207 0
L1 02    208 +007.4453 +005.5201 +001.6841 -095.0429 +006.5349 -149.7592 0
L1 03    208 +016.0945 -000.5551 -000.6734 -092.0021 +002.6494 +087.1609 0
L1 04    208 +011.6206 +001.6087 +000.1311 +175.3105 -007.4250 -138.3979 0
L1 05    208 +012.4832 +001.0500 -004.0507 +177.7674 +009.6339 -000.8424 0
L1 06    208 +012.3599 +000.2367 -004.2517 +175.8157 +001.2456 -002.6343 0
L1 07    208 +012.3355 -000.7103 -004.2257 -176.0493 +007.3157 +012.2864 0
L1 08    208 +012.3385 -001.5915 -003.6493 -179.5674 +006.6145 -003.6325 0
L1 01    212 +015.9591 +000.1215 +001.3517 -097.5241 +001.7144 +002.3218 0
L1 02    212 +007.4453 +005.5201 +001.6841 -095.0423 +006.5348 -149.7593 0
L1 03    212 +016.0945 -000.5550 -000.6733 -092.0018 +002.6501 +087.1614 0
L1 04    212 +011.6206 +001.6087 +000.1311 +175.3107 -007.4249 -138.3978 0
L1 05    212 +012.4832 +001.0500 -004.0507 +177.7670 +009.6341 -000.8414 0
L1 06    212 +012.3599 +000.2367 -004.2517 +175.8150 +001.2460 -002.6345 0
L1 07    212 +012.3355 -000.7103 -004.2256 -176.0486 +007.3168 +012.2868 0
L1 08    212 +012.3385 -001.5916 -003.6493 -179.5675 +006.6147 -003.6324 0
L1 01    216 +015.9591 +000.1214 +001.3518 -097.5215 +001.7185 +002.3234 0
L1 02    216 +007.4453 +005.5201 +001.6841 -095.0429 +006.5349 -149.7609 0
L1 03    216 +016.0945 -000.5552 -000.6733 -092.0045 +002.6510 +087.1618 0
L1 04    216 +011.6206 +001.6086 +000.1311 +175.3098 -007.4246 -138.3977 0
L1 05    216 +012.4832 +001.0499 -004.0507 +177.7660 +009.6339 -000.8416 0
L1 06    216 +012.3599 +000.2368 -004.2516 +175.8153 +001.2464 -002.6342 0
L1 07    216 +012.3356 -000.7105 -004.2255 -176.0503 +007.3177 +012.2872 0
L1 08    216 +012.3385 -001.5916 -003.6493 -179.5680 +006.6149 -003.6320 0
L1 01    220 +015.9591 +000.1216 +001.3518 -097.5094 +001.7214 +002.3202 0
L1 02    220 +007.4453 +005.5201 +001.6841 -095.0431 +006.5349 -149.7614 0
L1 03    220 +016.0945 -000.5552 -000.6733 -092.0035 +002.6523 +087.1614 0
L1 04    220 +011.6206 +001.6087 +000.1311 +175.3101 -007.4249 -138.3981 0
L1 05    220 +012.4832 +001.0499 -004.0507 +177.7656 +009.6340 -000.8417 0
L1 06    220 +012.3599 +000.2367 -004.2517 +175.8149 +001.2458 -002.6335 0
L1 07    220 +012.3355 -000.7104 -004.2256 -176.0498 +007.3170 +012.2869 0
L1 08    220 +012.3385 -001.5916 -003.6493 -179.5678 +006.6148 -003.6323 0
L1 01    224 +015.9591 +000.1217 +001.3516 -097.4945 +001.7275 +002.3195 0
L1 02    224 +007.4453 +005.5201 +001.6840 -095.0434 +006.5350 -149.7608 0
L1 03    224 +016.0945 -000.5552 -000.6732 -092.0029 +002.6540 +087.1614 0
L1 04    224 +011.6206 +001.6087 +000.1311 +175.3104 -007.4262 -138.3981 0
L1 05    224 +012.4832 +001.0499 -004.0507 +177.7658 +009.6336 -000.8417 0
L1 06    224 +012.3599 +000.2367 -004.2517 +175.8149 +001.2459 -002.6338 0
L1 07    224 +012.3354 -000.7103 -004.2257 -176.0497 +007.3162 +012.2855 0
L1 08    224 +012.3385 -001.5915 -003.6493 -179.5677 +006.6145 -003.6327 0
L1 01    228 +015.9591 +000.1217 +001.3516 -097.4914 +001.7287 +002.3171 0
L1 02    228 +007.4453 +005.5201 +001.6840 -095.0426 +006.5349 -149.7605 0
L1 03    228 +016.0945 -000.5553 -000.6733 -092.0028 +002.6555 +087.1604 0
L1 04    228 +011.6206 +001.6086 +000.1312 +175.3102 -007.4278 -138.3980 0
L1 05    228 +012.4831 +001.0499 -004.0507 +177.7667 +009.6329 -000.8416 0
L1 06    228 +012.3598 +000.2367 -004.2516 +175.8145 +001.2450 -002.6341 0
L1 07    228 +012.3354 -000.7103 -004.2256 -176.0492 +007.3160 +012.2861 0
L1 08    228 +012.3384 -001.5916 -003.6493 -179.5678 +006.6136 -003.6320 0
L1 01    232 +015.9591 +000.1214 +001.3512 -097.4913 +001.7274 +002.3096 0
L1 02    232 +007.4453 +005.5201 +001.6841 -095.0423 +006.5350 -149.7601 0
L1 03    232 +016.0945 -000.5552 -000.6734 -092.0009 +002.6562 +087.1577 0
L1 04    232 +011.6205 +001.6086 +000.1312 +175.3109 -007.4289 -138.3976 0
L1 05    232 +012.4830 +001.0499 -004.0507 +177.7673 +009.6318 -000.8411 0
L1 06    232 +012.3597 +000.2367 -004.2517 +175.8156 +001.2440 -002.6339 0
L1 07    232 +012.3353 -000.7105 -004.2256 -176.0500 +007.3151 +012.2866 0
L1 08    232 +012.3383 -001.5916 -003.6493 -179.5676 +006.6119 -003.6318 0
L1 01    236 +015.9591 +000.1216 +001.3515 -097.4895 +001.7273 +002.3147 0
L1 02    236 +007.4453 +005.5201 +001.6841 -095.0430 +006.5350 -149.7607 0
L1 03    236 +016.0944 -000.5552 -000.6735 -092.0009 +002.6555 +087.1571 0
L1 04    236 +011.6205 +001.6086 +000.1312 +175.3105 -007.4294 -138.3972 0
L1 05    236 +012.4829 +001.0498 -004.0507 +177.7665 +009.6312 -000.8413 0
L1 06    236 +012.3597 +000.2368 -004.2516 +175.8164 +001.2438 -002.6337 0
L1 07    236 +012.3353 -000.7106 -004.2254 -176.0498 +007.3153 +012.2873 0
L1 08    236 +012.3382 -001.5917 -003.6492 -179.5678 +006.6120 -003.6313 0
L1 01    240 +015.9590 +000.1216 +001.3514 -097.4906 +001.7277 +002.3128 0
L1 02    240 +007.4453 +005.5201 +001.6841 -095.0432 +006.5349 -149.7608 0
L1 03    240 +016.0944 -000.5551 -000.6734 -092.0010 +002.6571 +087.1578 0
L1 04    240 +011.6205 +001.6086 +000.1313 +175.3107 -007.4288 -138.3974 0
L1 05    240 +012.4829 +001.0499 -004.0506 +177.7667 +009.6308 -000.8417 0
L1 06    240 +012.3596 +000.2368 -004.2515 +175.8163 +001.2438 -002.6328 0
L1 07    240 +012.3352 -000.7108 -004.2255 -176.0510 +007.3144 +012.2874 0
L1 08    240 +012.3382 -001.5917 -003.6491 -179.5677 +006.6119 -003.6313 0
L1 01    244 +015.9590 +000.1216 +001.3515 -097.4862 +001.7290 +002.3138 0
L1 02    244 +007.4453 +005.5201 +001.6841 -095.0429 +006.5349 -149.7609 0
L1 03    244 +016.0944 -000.5552 -000.6734 -092.0014 +002.6578 +087.1569 0
L1 04    244 +011.6205 +001.6086 +000.1312 +175.3109 -007.4299 -138.3970 0
L1 05    244 +012.4828 +001.0498 -004.0506 +177.7667 +009.6310 -000.8414 0
L1 06    244 +012.3595 +000.2366 -004.2518 +175.8153 +001.2413 -002.6320 0
L1 07    244 +012.3352 -000.7105 -004.2255 -176.0493 +007.3143 +012.2875 0
L1 08    244 +012.3382 -001.5917 -003.6491 -179.5677 +006.6117 -003.6314 0
L1 01    248 +015.9591 +000.1217 +001.3516 -097.4726 +001.7311 +002.3157 0
L1 02    248 +007.4453 +005.5201 +001.6841 -095.0427 +006.5348 -149.7617 0
L1 03    248 +016.0944 -000.5551 -000.6735 -092.0008 +002.6584 +087.1564 0
L1 04    248 +011.6205 +001.6086 +000.1312 +175.3115 -007.4303 -138.3971 0
L1 05    248 +012.4828 +001.0499 -004.0506 +177.7681 +009.6308 -000.8408 0
L1 06    248 +012.3596 +000.2367 -004.2517 +175.8155 +001.2420 -002.6332 0
L1 07    248 +012.3352 -000.7105 -004.2254 -176.0486 +007.3145 +012.2874 0
L1 08    248 +012.3382 -001.5917 -003.6491 -179.5671 +006.6115 -003.6316 0
L1 01    252 +015.9591 +000.1217 +001.3517 -097.4652 +001.7349 +002.3160 0
L1 02    252 +007.4453 +005.5201 +001.6841 -095.0430 +006.5346 -149.7617 0
L1 03    252 +016.0944 -000.5551 -000.6734 -092.0010 +002.6579 +087.1570 0
L1 04    252 +011.6205 +001.6086 +000.1312 +175.3109 -007.4308 -138.3971 0
L1 05    252 +012.4829 +001.0499 -004.0505 +177.7674 +009.6315 -000.8411 0
L1 06    252 +012.3596 +000.2368 -004.2516 +175.8163 +001.2418 -002.6335 0
L1 07    252 +012.3352 -000.7105 -004.2254 -176.0490 +007.3146 +012.2868 0
L1 08    252 +012.3382 -001.5917 -003.6491 -179.5677 +006.6118 -003.6314 0
L1 01    256 +015.9590 +000.1213 +001.3517 -097.4628 +001.7449 +002.3119 0
L1 02    256 +007.4453 +005.5197 +001.6844 -095.0463 +006.5387 -149.7664 0
L1 03    256 +016.0941 -000.5549 -000.6741 -092.0004 +002.6641 +087.1498 0
L1 04    256 +011.6202 +001.6086 +000.1308 +175.3127 -007.4414 -138.4063 0
L1 05    256 +012.4828 +001.0499 -004.0506 +177.7680 +009.6310 -000.8413 0
L1 06    256 +012.3595 +000.2367 -004.2517 +175.8158 +001.2419 -002.6332 0
L1 07    256 +012.3352 -000.7107 -004.2254 -176.0505 +007.3144 +012.2870 0
L1 08    256 +012.3382 -001.5917 -003.6491 -179.5671 +006.6115 -003.6318 0
L1 01    260 +015.9591 +000.1214 +001.3517 -097.4520 +001.7393 +002.3123 0
L1 02    260 +007.4453 +005.5201 +001.6841 -095.0434 +006.5349 -149.7624 0
L1 03    260 +016.0943 -000.5549 -000.6735 -091.9988 +002.6588 +087.1565 0
L1 04    260 +011.6204 +001.6085 +000.1312 +175.3107 -007.4312 -138.3978 0
L1 05    260 +012.4828 +001.0499 -004.0505 +177.7684 +009.6317 -000.8416 0
L1 06    260 +012.3596 +000.2368 -004.2515 +175.8162 +001.2430 -002.6330 0
L1 07    260 +012.3351 -000.7105 -004.2256 -176.0490 +007.3135 +012.2867 0
L1 08    260 +012.3382 -001.5917 -003.6491 -179.5671 +006.6117 -003.6316 0
L1 01    264 +015.9591 +000.1216 +001.3516 -097.4377 +001.7399 +002.3143 0
L1 02    264 +007.4453 +005.5201 +001.6840 -095.0428 +006.5343 -149.7613 0
L1 03    264 +016.0943 -000.5549 -000.6734 -091.9974 +002.6586 +087.1567 0
L1 04    264 +011.6204 +001.6085 +000.1312 +175.3117 -007.4325 -138.3974 0
L1 05    264 +012.4828 +001.0498 -004.0505 +177.7679 +009.6313 -000.8413 0
L1 06    264 +012.3595 +000.2366 -004.2517 +175.8162 +001.2416 -002.6323 0
L1 07    264 +012.3351 -000.7105 -004.2256 -176.0479 +007.3129 +012.2873 0
L1 08    264 +012.3382 -001.5917 -003.6491 -179.5667 +006.6113 -003.6315 0
L1 01    268 +015.9591 +000.1217 +001.3515 -097.4335 +001.7410 +002.3107 0
L1 02    268 +007.4453 +005.5201 +001.6840 -095.0429 +006.5340 -149.7608 0
L1 03    268 +016.0944 -000.5548 -000.6732 -091.9969 +002.6595 +087.1575 0
L1 04    268 +011.6204 +001.6086 +000.1312 +175.3127 -007.4312 -138.3968 0
L1 05    268 +012.4828 +001.0498 -004.0506 +177.7685 +009.6304 -000.8408 0
L1 06    268 +012.3595 +000.2367 -004.2516 +175.8168 +001.2420 -002.6322 0
L1 07    268 +012.3352 -000.7105 -004.2255 -176.0479 +007.3136 +012.2872 0
L1 08    268 +012.3382 -001.5917 -003.6491 -179.5660 +006.6115 -003.6313 0
L1 01    272 +015.9591 +000.1219 +001.3514 -097.4325 +001.7425 +002.3097 0
L1 02    272 +007.4453 +005.5201 +001.6840 -095.0426 +006.5337 -149.7599 0
L1 03    272 +016.0943 -000.5549 -000.6732 -091.9973 +002.6605 +087.1578 0
L1 04    272 +011.6204 +001.6085 +000.1312 +175.3130 -007.4309 -138.3966 0
L1 05    272 +012.4828 +001.0498 -004.0506 +177.7691 +009.6309 -000.8402 0
L1 06    272 +012.3595 +000.2367 -004.2515 +175.8174 +001.2431 -002.6328 0
L1 07    272 +012.3352 -000.7105 -004.2255 -176.0475 +007.3135 +012.2872 0
L1 08    272 +012.3382 -001.5917 -003.6490 -179.5659 +006.6115 -003.6313 0
L1 01    276 +015.9591 +000.1218 +001.3514 -097.4352 +001.7415 +002.3114 0
L1 02    276 +007.4453 +005.5201 +001.6840 -095.0430 +006.5341 -149.7596 0
L1 03    276 +016.0943 -000.5551 -000.6732 -091.9993 +002.6607 +087.1579 0
L1 04    276 +011.6204 +001.6085 +000.1313 +175.3127 -007.4298 -138.3966 0
L1 05    276 +012.4828 +001.0497 -004.0504 +177.7690 +009.6316 -000.8395 0
L1 06    276 +012.3596 +000.2367 -004.2514 +175.8176 +001.2437 -002.6323 0
L1 07    276 +012.3352 -000.7107 -004.2254 -176.0479 +007.3139 +012.2882 0
L1 08    276 +012.3382 -001.5919 -003.6490 -179.5663 +006.6118 -003.6308 0
L1 01    280 +015.9591 +000.1219 +001.3514 -097.4335 +001.7417 +002.3090 0
L1 02    280 +007.4453 +005.5201 +001.6840 -095.0427 +006.5340 -149.7604 0
L1 03    280 +016.0943 -000.5553 -000.6734 -091.9994 +002.6598 +087.1562 0
L1 04    280 +011.6204 +001.6085 +000.1313 +175.3140 -007.4301 -138.3958 0
L1 05    280 +012.4827 +001.0495 -004.0505 +177.7688 +009.6308 -000.8393 0
L1 06    280 +012.3595 +000.2368 -004.2516 +175.8195 +001.2422 -002.6326 0
L1 07    280 +012.3351 -000.7107 -004.2254 -176.0473 +007.3132 +012.2883 0
L1 08    280 +012.3382 -001.5919 -003.6491 -179.5659 +006.6107 -003.6307 0
L1 01    284 +015.9591 +000.1220 +001.3516 -097.4288 +001.7429 +002.3101 0
L1 02    284 +007.4453 +005.5201 +001.6841 -095.0433 +006.5342 -149.7609 0
L1 03    284 +016.0943 -000.5553 -000.6732 -091.9995 +002.6589 +087.1570 0
L1 04    284 +011.6203 +001.6085 +000.1313 +175.3152 -007.4301 -138.3957 0
L1 05    284 +012.4827 +001.0494 -004.0504 +177.7693 +009.6315 -000.8389 0
L1 06    284 +012.3595 +000.2367 -004.2515 +175.8200 +001.2429 -002.6318 0
L1 07    284 +012.3351 -000.7107 -004.2255 -176.0461 +007.3124 +012.2882 0
L1 08    284 +012.3382 -001.5919 -003.6490 -179.5650 +006.6107 -003.6304 0
L1 01    288 +015.9591 +000.1217 +001.3514 -097.4240 +001.7451 +002.3081 0
L1 02    288 +007.4453 +005.5200 +001.6841 -095.0436 +006.5342 -149.7607 0
L1 03    288 +016.0943 -000.5552 -000.6732 -091.9988 +002.6591 +087.1573 0
L1 04    288 +011.6203 +001.6084 +000.1314 +175.3162 -007.4294 -138.3963 0
L1 05    288 +012.4828 +001.0494 -004.0504 +177.7701 +009.6316 -000.8392 0
L1 06    288 +012.3595 +000.2367 -004.2515 +175.8207 +001.2426 -002.6322 0
L1 07    288 +012.3351 -000.7108 -004.2255 -176.0455 +007.3130 +012.2885 0
L1 08    288 +012.3382 -001.5919 -003.6490 -179.5641 +006.6109 -003.6303 0
L1 01    292 +015.9591 +000.1220 +001.3514 -097.4131 +001.7462 +002.3081 0
L1 02    292 +007.4453 +005.5201 +001.6840 -095.0434 +006.5339 -149.7601 0
L1 03    292 +016.0944 -000.5552 -000.6732 -091.9964 +002.6594 +087.1573 0
L1 04    292 +011.6203 +001.6083 +000.1313 +175.3178 -007.4299 -138.3962 0
L1 05    292 +012.4827 +001.0494 -004.0505 +177.7714 +009.6311 -000.8392 0
L1 06    292 +012.3596 +000.2366 -004.2514 +175.8216 +001.2437 -002.6327 0
L1 07    292 +012.3351 -000.7109 -004.2256 -176.0445 +007.3130 +012.2878 0
L1 08    292 +012.3383 -001.5919 -003.6490 -179.5612 +006.6114 -003.6305 0
L1 01    296 +015.9591 +000.1222 +001.3514 -097.4039 +001.7487 +002.3082 0
L1 02    296 +007.4453 +005.5201 +001.6841 -095.0423 +006.5339 -149.7594 0
L1 03    296 +016.0944 -000.5550 -000.6731 -091.9919 +002.6616 +087.1588 0
L1 04    296 +011.6202 +001.6082 +000.1313 +175.3195 -007.4297 -138.3962 0
L1 05    296 +012.4827 +001.0494 -004.0505 +177.7743 +009.6323 -000.8395 0
L1 06    296 +012.3595 +000.2366 -004.2516 +175.8243 +001.2425 -002.6322 0
L1 07    296 +012.3352 -000.7108 -004.2255 -176.0413 +007.3137 +012.2873 0
L1 08    296 +012.3384 -001.5920 -003.6490 -179.5590 +006.6118 -003.6310 0
L1 01    300 +015.9591 +000.1224 +001.3515 -097.4003 +001.7494 +002.3081 0
L1 02    300 +007.4453 +005.5201 +001.6840 -095.0429 +006.5337 -149.7592 0
L1 03    300 +016.0944 -000.5551 -000.6732 -091.9906 +002.6614 +087.1578 0
L1 04    300 +011.6201 +001.6080 +000.1313 +175.3219 -007.4303 -138.3958 0
L1 05    300 +012.4827 +001.0494 -004.0504 +177.7777 +009.6327 -000.8399 0
L1 06    300 +012.3595 +000.2363 -004.2515 +175.8251 +001.2432 -002.6321 0
L1 07    300 +012.3352 -000.7113 -004.2255 -176.0412 +007.3142 +012.2886 0
L1 08    300 +012.3384 -001.5923 -003.6490 -179.5577 +006.6121 -003.6300 0
L1 01    304 +015.9591 +000.1223 +001.3517 -097.3967 +001.7492 +002.3100 0
L1 02    304 +007.4453 +005.5201 +001.6841 -095.0426 +006.5337 -149.7585 0
L1 03    304 +016.0944 -000.5551 -000.6732 -091.9871 +002.6606 +087.1573 0
L1 04    304 +011.6200 +001.6076 +000.1313 +175.3243 -007.4309 -138.3948 0
L1 05    304 +012.4826 +001.0491 -004.0505 +177.7799 +009.6321 -000.8387 0
L1 06    304 +012.3594 +000.2358 -004.2516 +175.8272 +001.2424 -002.6303 0
L1 07    304 +012.3351 -000.7114 -004.2256 -176.0364 +007.3127 +012.2892 0
L1 08    304 +012.3385 -001.5925 -003.6490 -179.5534 +006.6117 -003.6285 0
L1 01    308 +015.9590 +000.1224 +001.3516 -097.3932 +001.7496 +002.3065 0
L1 02    308 +007.4453 +005.5201 +001.6841 -095.0428 +006.5336 -149.7592 0
L1 03    308 +016.0944 -000.5551 -000.6733 -091.9836 +002.6616 +087.1565 0
L1 04    308 +011.6198 +001.6075 +000.1313 +175.3304 -007.4305 -138.3951 0
L1 05    308 +012.4824 +001.0490 -004.0505 +177.7862 +009.6323 -000.8387 0
L1 06    308 +012.3594 +000.2356 -004.2515 +175.8323 +001.2433 -002.6300 0
L1 07    308 +012.3352 -000.7116 -004.2255 -176.0318 +007.3128 +012.2892 0
L1 08    308 +012.3385 -001.5927 -003.6490 -179.5502 +006.6112 -003.6296 0
L1 01    312 +015.9589 +000.1224 +001.3517 -097.3896 +001.7506 +002.3077 0
L1 02    312 +007.4453 +005.5201 +001.6840 -095.0429 +006.5335 -149.7598 0
L1 03    312 +016.0944 -000.5551 -000.6733 -091.9787 +002.6620 +087.1564 0
L1 04    312 +011.6196 +001.6073 +000.1313 +175.3353 -007.4310 -138.3948 0
L1 05    312 +012.4823 +001.0488 -004.0504 +177.7888 +009.6335 -000.8378 0
L1 06    312 +012.3592 +000.2357 -004.2517 +175.8391 +001.2404 -002.6307 0
L1 07    312 +012.3351 -000.7116 -004.2256 -176.0258 +007.3121 +012.2882 0
L1 08    312 +012.3386 -001.5929 -003.6489 -179.5454 +006.6113 -003.6291 0
L1 01    316 +015.9588 +000.1223 +001.3514 -097.3891 +001.7479 +002.3042 0
L1 02    316 +007.4453 +005.5201 +001.6840 -095.0431 +006.5336 -149.7598 0
L1 03    316 +016.0943 -000.5549 -000.6734 -091.9726 +002.6614 +087.1539 0
L1 04    316 +011.6194 +001.6071 +000.1314 +175.3406 -007.4302 -138.3949 0
L1 05    316 +012.4821 +001.0486 -004.0504 +177.7957 +009.6318 -000.8369 0
L1 06    316 +012.3592 +000.2352 -004.2516 +175.8411 +001.2414 -002.6307 0
L1 07    316 +012.3352 -000.7122 -004.2255 -176.0228 +007.3120 +012.2908 0
L1 08    316 +012.3386 -001.5931 -003.6489 -179.5406 +006.6104 -003.6292 0
L1 01    320 +015.9587 +000.1225 +001.3514 -097.3858 +001.7480 +002.3037 0
L1 02    320 +007.4453 +005.5201 +001.6841 -095.0432 +006.5336 -149.7601 0
L1 03    320 +016.0943 -000.5547 -000.6733 -091.9683 +002.6622 +087.1564 0
L1 04    320 +011.6193 +001.6067 +000.1313 +175.3442 -007.4306 -138.3946 0
L1 05    320 +012.4820 +001.0482 -004.0506 +177.7985 +009.6316 -000.8374 0
L1 06    320 +012.3591 +000.2351 -004.2516 +175.8462 +001.2410 -002.6310 0
L1 07    320 +012.3352 -000.7120 -004.2253 -176.0168 +007.3140 +012.2894 0
L1 08    320 +012.3387 -001.5932 -003.6488 -179.5348 +006.6119 -003.6291 0
L1 01    324 +015.9586 +000.1224 +001.3517 -097.3843 +001.7477 +002.3067 0
L1 02    324 +007.4453 +005.5200 +001.6840 -095.0436 +006.5336 -149.7605 0
L1 03    324 +016.0943 -000.5547 -000.6733 -091.9666 +002.6611 +087.1567 0
L1 04    324 +011.6191 +001.6063 +000.1313 +175.3471 -007.4314 -138.3946 0
L1 05    324 +012.4818 +001.0483 -004.0505 +177.8038 +009.6319 -000.8387 0
L1 06    324 +012.3591 +000.2347 -004.2516 +175.8480 +001.2415 -002.6296 0
L1 07    324 +012.3352 -000.7125 -004.2254 -176.0151 +007.3129 +012.2901 0
L1 08    324 +012.3388 -001.5937 -003.6489 -179.5335 +006.6114 -003.6274 0
L1 01    328 +015.9586 +000.1225 +001.3514 -097.3802 +001.7489 +002.3025 0
L1 02    328 +007.4453 +005.5201 +001.6841 -095.0430 +006.5337 -149.7588 0
L1 03    328 +016.0944 -000.5547 -000.6733 -091.9610 +002.6609 +087.1558 0
L1 04    328 +011.6189 +001.6060 +000.1313 +175.3530 -007.4304 -138.3946 0
L1 05    328 +012.4817 +001.0479 -004.0507 +177.8067 +009.6311 -000.8373 0
L1 06    328 +012.3590 +000.2349 -004.2516 +175.8579 +001.2417 -002.6314 0
L1 07    328 +012.3352 -000.7126 -004.2255 -176.0083 +007.3119 +012.2900 0
L1 08    328 +012.3389 -001.5938 -003.6490 -179.5276 +006.6101 -003.6284 0
L1 01    332 +015.9585 +000.1227 +001.3518 -097.3732 +001.7510 +002.3068 0
L1 02    332 +007.4454 +005.5200 +001.6840 -095.0438 +006.5336 -149.7586 0
L1 03    332 +016.0943 -000.5546 -000.6731 -091.9552 +002.6615 +087.1583 0
L1 04    332 +011.6187 +001.6059 +000.1313 +175.3597 -007.4308 -138.3936 0
L1 05    332 +012.4816 +001.0475 -004.0504 +177.8122 +009.6333 -000.8362 0
L1 06    332 +012.3589 +000.2347 -004.2515 +175.8641 +001.2427 -002.6302 0
L1 07    332 +012.3352 -000.7130 -004.2255 -176.0036 +007.3126 +012.2909 0
L1 08    332 +012.3390 -001.5942 -003.6489 -179.5226 +006.6113 -003.6275 0
L1 01    336 +015.9583 +000.1229 +001.3516 -097.3683 +001.7491 +002.3034 0
L1 02    336 +007.4453 +005.5200 +001.6841 -095.0433 +006.5335 -149.7584 0
L1 03    336 +016.0943 -000.5544 -000.6733 -091.9476 +002.6617 +087.1549 0
L1 04    336 +011.6185 +001.6056 +000.1313 +175.3661 -007.4296 -138.3943 0
L1 05    336 +012.4814 +001.0475 -004.0505 +177.8201 +009.6321 -000.8375 0
L1 06    336 +012.3588 +000.2340 -004.2515 +175.8661 +001.2421 -002.6305 0
L1 07    336 +012.3352 -000.7134 -004.2254 -175.9985 +007.3135 +012.2921 0
L1 08    336 +012.3391 -001.5942 -003.6490 -179.5150 +006.6098 -003.6287 0
L1 01    340 +015.9583 +000.1230 +001.3517 -097.3619 +001.7497 +002.3055 0
L1 02    340 +007.4453 +005.5201 +001.6841 -095.0427 +006.5335 -149.7583 0
L1 03    340 +016.0943 -000.5542 -000.6732 -091.9403 +002.6613 +087.1567 0
L1 04    340 +011.6182 +001.6052 +000.1313 +175.3706 -007.4306 -138.3938 0
L1 05    340 +012.4812 +001.0471 -004.0507 +177.8245 +009.6311 -000.8373 0
L1 06    340 +012.3588 +000.2339 -004.2514 +175.8746 +001.2433 -002.6298 0
L1 07    340 +012.3353 -000.7138 -004.2254 -175.9918 +007.3140 +012.2919 0
L1 08    340 +012.3392 -001.5945 -003.6489 -179.5091 +006.6116 -003.6278 0
L1 01    344 +015.9582 +000.1232 +001.3517 -097.3546 +001.7500 +002.3029 0
L1 02    344 +007.4453 +005.5201 +001.6841 -095.0425 +006.5333 -149.7585 0
L1 03    344 +016.0943 -000.5540 -000.6732 -091.9316 +002.6616 +087.1561 0
L1 04    344 +011.6180 +001.6049 +000.1312 +175.3792 -007.4307 -138.3934 0
L1 05    344 +012.4811 +001.0468 -004.0506 +177.8326 +009.6327 -000.8372 0
L1 06    344 +012.3587 +000.2336 -004.2516 +175.8813 +001.2407 -002.6300 0
L1 07    344 +012.3353 -000.7140 -004.2252 -175.9839 +007.3151 +012.2924 0
L1 08    344 +012.3394 -001.5948 -003.6489 -179.5013 +006.6116 -003.6284 0
L1 01    348 +015.9580 +000.1231 +001.3517 -097.3538 +001.7486 +002.3032 0
L1 02    348 +007.4453 +005.5201 +001.6841 -095.0429 +006.5334 -149.7594 0
L1 03    348 +016.0943 -000.5540 -000.6731 -091.9269 +002.6601 +087.1580 0
L1 04    348 +011.6177 +001.6042 +000.1312 +175.3839 -007.4318 -138.3937 0
L1 05    348 +012.4809 +001.0464 -004.0504 +177.8387 +009.6342 -000.8364 0
L1 06    348 +012.3586 +000.2331 -004.2515 +175.8889 +001.2427 -002.6283 0
L1 07    348 +012.3353 -000.7143 -004.2254 -175.9771 +007.3132 +012.2920 0
L1 08    348 +012.3395 -001.5954 -003.6489 -179.4960 +006.6109 -003.6264 0
L1 01    352 +015.9579 +000.1235 +001.3517 -097.3475 +001.7504 +002.3028 0
L1 02    352 +007.4453 +005.5201 +001.6841 -095.0426 +006.5334 -149.7595 0
L1 03    352 +016.0943 -000.5539 -000.6731 -091.9209 +002.6605 +087.1572 0
L1 04    352 +011.6174 +001.6039 +000.1312 +175.3927 -007.4311 -138.3923 0
L1 05    352 +012.4807 +001.0460 -004.0506 +177.8455 +009.6317 -000.8353 0
L1 06    352 +012.3585 +000.2327 -004.2513 +175.8959 +001.2439 -002.6300 0
L1 07    352 +012.3354 -000.7145 -004.2254 -175.9683 +007.3136 +012.2916 0
L1 08    352 +012.3396 -001.5956 -003.6489 -179.4875 +006.6107 -003.6278 0
L1 01    356 +015.9578 +000.1235 +001.3516 -097.3453 +001.7495 +002.3005 0
L1 02    356 +007.4453 +005.5201 +001.6841 -095.0426 +006.5334 -149.7591 0
L1 03    356 +016.0943 -000.5539 -000.6732 -091.9136 +002.6594 +087.1556 0
L1 04    356 +011.6172 +001.6036 +000.1312 +175.4001 -007.4305 -138.3927 0
L1 05    356 +012.4805 +001.0460 -004.0504 +177.8540 +009.6343 -000.8377 0
L1 06    356 +012.3583 +000.2327 -004.2518 +175.9039 +001.2390 -002.6305 0
L1 07    356 +012.3354 -000.7151 -004.2252 -175.9632 +007.3143 +012.2915 0
L1 08    356 +012.3397 -001.5960 -003.6489 -179.4808 +006.6106 -003.6267 0
L1 01    360 +015.9577 +000.1237 +001.3518 -097.3395 +001.7500 +002.3034 0
L1 02    360 +007.4453 +005.5201 +001.6841 -095.0430 +006.5332 -149.7580 0
L1 03    360 +016.0943 -000.5537 -000.6731 -091.9063 +002.6580 +087.1579 0
L1 04    360 +011.6170 +001.6031 +000.1311 +175.4041 -007.4321 -138.3927 0
L1 05    360 +012.4802 +001.0452 -004.0507 +177.8564 +009.6325 -000.8345 0
L1 06    360 +012.3582 +000.2322 -004.2516 +175.9077 +001.2413 -002.6282 0
L1 07    360 +012.3354 -000.7152 -004.2252 -175.9565 +007.3147 +012.2922 0
L1 08    360 +012.3398 -001.5963 -003.6488 -179.4761 +006.6113 -003.6258 0
L1 01    364 +015.9576 +000.1240 +001.3517 -097.3344 +001.7509 +002.3015 0
L1 02    364 +007.4453 +005.5201 +001.6841 -095.0429 +006.5330 -149.7568 0
L1 03    364 +016.0943 -000.5536 -000.6732 -091.9032 +002.6576 +087.1562 0
L1 04    364 +011.6168 +001.6030 +000.1312 +175.4105 -007.4305 -138.3924 0
L1 05    364 +012.4802 +001.0453 -004.0504 +177.8623 +009.6348 -000.8355 0
L1 06    364 +012.3582 +000.2320 -004.2516 +175.9135 +001.2416 -002.6285 0
L1 07    364 +012.3354 -000.7156 -004.2252 -175.9526 +007.3148 +012.2936 0
L1 08    364 +012.3399 -001.5963 -003.6488 -179.4695 +006.6113 -003.6273 0
L1 01    368 +015.9576 +000.1237 +001.3516 -097.3359 +001.7512 +002.3005 0
L1 02    368 +007.4453 +005.5201 +001.6841 -095.0432 +006.5332 -149.7579 0
L1 03    368 +016.0943 -000.5536 -000.6731 -091.8999 +002.6564 +087.1574 0
L1 04    368 +011.6167 +001.6028 +000.1312 +175.4120 -007.4304 -138.3928 0
L1 05    368 +012.4801 +001.0453 -004.0505 +177.8664 +009.6335 -000.8368 0
L1 06    368 +012.3582 +000.2320 -004.2515 +175.9177 +001.2417 -002.6293 0
L1 07    368 +012.3354 -000.7158 -004.2253 -175.9502 +007.3140 +012.2932 0
L1 08    368 +012.3400 -001.5965 -003.6488 -179.4683 +006.6114 -003.6273 0
L1 01    372 +015.9575 +000.1237 +001.3515 -097.3339 +001.7526 +002.2988 0
L1 02    372 +007.4453 +005.5200 +001.6840 -095.0437 +006.5333 -149.7595 0
L1 03    372 +016.0943 -000.5536 -000.6733 -091.8998 +002.6560 +087.1554 0
L1 04    372 +011.6165 +001.6024 +000.1313 +175.4148 -007.4301 -138.3929 0
L1 05    372 +012.4800 +001.0449 -004.0505 +177.8678 +009.6334 -000.8348 0
L1 06    372 +012.3581 +000.2317 -004.2514 +175.9185 +001.2424 -002.6287 0
L1 07    372 +012.3353 -000.7159 -004.2255 -175.9476 +007.3119 +012.2933 0
L1 08    372 +012.3400 -001.5967 -003.6489 -179.4660 +006.6103 -003.6266 0
L1 01    376 +015.9574 +000.1238 +001.3511 -097.3268 +001.7533 +002.2957 0
L1 02    376 +007.4453 +005.5201 +001.6841 -095.0430 +006.5332 -149.7596 0
L1 03    376 +016.0943 -000.5532 -000.6733 -091.8908 +002.6564 +087.1552 0
L1 04    376 +011.6163 +001.6021 +000.1312 +175.4225 -007.4319 -138.3924 0
L1 05    376 +012.4782 +001.0467 -004.0534 +177.8835 +009.6031 -000.8461 0
L1 06    376 +012.3566 +000.2336 -004.2541 +175.9363 +001.2140 -002.6405 0
L1 07    376 +012.3341 -000.7134 -004.2280 -175.9260 +007.2852 +012.2700 0
L1 08    376 +012.3391 -001.5948 -003.6515 -179.4510 +006.5895 -003.6447 0
L1 01    380 +015.9574 +000.1240 +001.3516 -097.3170 +001.7539 +002.3005 0
L1 02    380 +007.4453 +005.5201 +001.6841 -095.0430 +006.5330 -149.7585 0
L1 03    380 +016.0943 -000.5530 -000.6733 -091.8833 +002.6541 +087.1565 0
L1 04    380 +011.6160 +001.6018 +000.1312 +175.4306 -007.4310 -138.3921 0
L1 05    380 +012.4794 +001.0445 -004.0508 +177.8828 +009.6317 -000.8350 0
L1 06    380 +012.3578 +000.2311 -004.2517 +175.9333 +001.2406 -002.6287 0
L1 07    380 +012.3354 -000.7160 -004.2253 -175.9290 +007.3142 +012.2926 0
L1 08    380 +012.3403 -001.5972 -003.6488 -179.4507 +006.6116 -003.6268 0
L1 01    384 +015.9572 +000.1239 +001.3511 -097.3193 +001.7551 +002.2923 0
L1 02    384 +007.4453 +005.5200 +001.6841 -095.0436 +006.5334 -149.7581 0
L1 03    384 +016.0943 -000.5532 -000.6731 -091.8820 +002.6546 +087.1568 0
L1 04    384 +011.6158 +001.6014 +000.1313 +175.4355 -007.4279 -138.3926 0
L1 05    384 +012.4793 +001.0443 -004.0506 +177.8884 +009.6330 -000.8354 0
L1 06    384 +012.3579 +000.2309 -004.2515 +175.9383 +001.2416 -002.6287 0
L1 07    384 +012.3354 -000.7164 -004.2254 -175.9262 +007.3129 +012.2929 0
L1 08    384 +012.3403 -001.5975 -003.6488 -179.4463 +006.6105 -003.6262 0
L1 01    388 +015.9572 +000.1243 +001.3513 -097.3096 +001.7563 +002.2985 0
L1 02    388 +007.4453 +005.5201 +001.6841 -095.0429 +006.5332 -149.7584 0
L1 03    388 +016.0943 -000.5530 -000.6730 -091.8735 +002.6554 +087.1596 0
L1 04    388 +011.6157 +001.6013 +000.1312 +175.4413 -007.4300 -138.3917 0
L1 05    388 +012.4793 +001.0440 -004.0507 +177.8918 +009.6330 -000.8355 0
L1 06    388 +012.3579 +000.2309 -004.2515 +175.9447 +001.2423 -002.6297 0
L1 07    388 +012.3355 -000.7168 -004.2253 -175.9227 +007.3148 +012.2928 0
L1 08    388 +012.3405 -001.5977 -003.6488 -179.4417 +006.6116 -003.6263 0
L1 01    392 +015.9571 +000.1243 +001.3515 -097.3039 +001.7565 +002.2987 0
L1 02    392 +007.4453 +005.5201 +001.6841 -095.0428 +006.5331 -149.7588 0
L1 03    392 +016.0943 -000.5528 -000.6729 -091.8661 +002.6549 +087.1589 0
L1 04    392 +011.6155 +001.6009 +000.1313 +175.4471 -007.4293 -138.3925 0
L1 05    392 +012.4791 +001.0440 -004.0507 +177.9003 +009.6327 -000.8345 0
L1 06    392 +012.3578 +000.2307 -004.2514 +175.9504 +001.2421 -002.6289 0
L1 07    392 +012.3354 -000.7168 -004.2254 -175.9152 +007.3131 +012.2927 0
L1 08    392 +012.3405 -001.5979 -003.6488 -179.4352 +006.6112 -003.6262 0
L1 01    396 +015.9570 +000.1243 +001.3515 -097.2992 +001.7583 +002.2962 0
L1 02    396 +007.4453 +005.5201 +001.6841 -095.0429 +006.5330 -149.7580 0
L1 03    396 +016.0943 -000.5529 -000.6730 -091.8653 +002.6533 +087.1575 0
L1 04    396 +011.6152 +001.6004 +000.1313 +175.4505 -007.4296 -138.3922 0
L1 05    396 +012.4790 +001.0435 -004.0506 +177.9030 +009.6337 -000.8342 0
L1 06    396 +012.3577 +000.2303 -004.2516 +175.9543 +001.2406 -002.6284 0
L1 07    396 +012.3355 -000.7175 -004.2254 -175.9129 +007.3135 +012.2932 0
L1 08    396 +012.3406 -001.5983 -003.6488 -179.4309 +006.6109 -003.6260 0
L1 01    400 +015.9569 +000.1245 +001.3511 -097.2915 +001.7576 +002.2912 0
L1 02    400 +007.4453 +005.5201 +001.6841 -095.0423 +006.5330 -149.7567 0
L1 03    400 +016.0943 -000.5527 -000.6731 -091.8572 +002.6526 +087.1559 0
L1 04    400 +011.6150 +001.6004 +000.1313 +175.4594 -007.4288 -138.3922 0
L1 05    400 +012.4789 +001.0433 -004.0505 +177.9094 +009.6349 -000.8353 0
L1 06    400 +012.3576 +000.2302 -004.2514 +175.9626 +001.2420 -002.6301 0
L1 07    400 +012.3355 -000.7175 -004.2255 -175.9046 +007.3123 +012.2925 0
L1 08    400 +012.3407 -001.5984 -003.6488 -179.4229 +006.6108 -003.6273 0
L1 01    404 +015.9568 +000.1246 +001.3514 -097.2881 +001.7577 +002.2952 0
L1 02    404 +007.4453 +005.5201 +001.6841 -095.0423 +006.5326 -149.7566 0
L1 03    404 +016.0943 -000.5525 -000.6732 -091.8519 +002.6513 +087.1568 0
L1 04    404 +011.6148 +001.5999 +000.1312 +175.4629 -007.4303 -138.3920 0
L1 05    404 +012.4786 +001.0430 -004.0508 +177.9137 +009.6321 -000.8350 0
L1 06    404 +012.3574 +000.2298 -004.2516 +175.9667 +001.2396 -002.6280 0
L1 07    404 +012.3355 -000.7177 -004.2253 -175.8976 +007.3146 +012.2952 0
L1 08    404 +012.3408 -001.5988 -003.6488 -179.4193 +006.6112 -003.6254 0
L1 01    408 +015.9567 +000.1246 +001.3515 -097.2856 +001.7571 +002.2953 0
L1 02    408 +007.4453 +005.5201 +001.6840 -095.0422 +006.5326 -149.7575 0
L1 03    408 +016.0943 -000.5524 -000.6732 -091.8469 +002.6510 +087.1565 0
L1 04    408 +011.6146 +001.5997 +000.1312 +175.4691 -007.4316 -138.3918 0
L1 05    408 +012.4785 +001.0426 -004.0505 +177.9194 +009.6354 -000.8341 0
L1 06    408 +012.3574 +000.2296 -004.2516 +175.9729 +001.2398 -002.6281 0
L1 07    408 +012.3355 -000.7179 -004.2252 -175.8918 +007.3141 +012.2942 0
L1 08    408 +012.3409 -001.5990 -003.6488 -179.4133 +006.6094 -003.6252 0
L1 01    412 +015.9566 +000.1247 +001.3516 -097.2832 +001.7574 +002.2950 0
L1 02    412 +007.4453 +005.5201 +001.6840 -095.0427 +006.5327 -149.7588 0
L1 03    412 +016.0943 -000.5522 -000.6731 -091.8409 +002.6499 +087.1574 0
L1 04    412 +011.6144 +001.5993 +000.1313 +175.4732 -007.4309 -138.3913 0
L1 05    412 +012.4782 +001.0427 -004.0507 +177.9262 +009.6321 -000.8347 0
L1 06    412 +012.3572 +000.2291 -004.2516 +175.9760 +001.2393 -002.6281 0
L1 07    412 +012.3355 -000.7181 -004.2252 -175.8876 +007.3148 +012.2934 0
L1 08    412 +012.3409 -001.5992 -003.6487 -179.4087 +006.6106 -003.6255 0
L1 01    416 +015.9565 +000.1251 +001.3517 -097.2793 +001.7585 +002.2955 0
L1 02    416 +007.4453 +005.5201 +001.6841 -095.0424 +006.5329 -149.7592 0
L1 03    416 +016.0943 -000.5522 -000.6731 -091.8369 +002.6499 +087.1562 0
L1 04    416 +011.6143 +001.5992 +000.1313 +175.4770 -007.4306 -138.3910 0
L1 05    416 +012.4782 +001.0424 -004.0504 +177.9292 +009.6355 -000.8349 0
L1 06    416 +012.3571 +000.2290 -004.2515 +175.9805 +001.2401 -002.6283 0
L1 07    416 +012.3354 -000.7184 -004.2252 -175.8840 +007.3136 +012.2943 0
L1 08    416 +012.3410 -001.5994 -003.6486 -179.4052 +006.6102 -003.6257 0
L1 01    420 +015.9564 +000.1252 +001.3516 -097.2780 +001.7585 +002.2943 0
L1 02    420 +007.4453 +005.5201 +001.6841 -095.0422 +006.5326 -149.7591 0
L1 03    420 +016.0943 -000.5518 -000.6732 -091.8307 +002.6499 +087.1560 0
L1 04    420 +011.6142 +001.5991 +000.1313 +175.4803 -007.4305 -138.3914 0
L1 05    420 +012.4781 +001.0426 -004.0507 +177.9329 +009.6324 -000.8358 0
L1 06    420 +012.3571 +000.2292 -004.2515 +175.9876 +001.2399 -002.6288 0
L1 07    420 +012.3355 -000.7184 -004.2252 -175.8799 +007.3143 +012.2928 0
L1 08    420 +012.3411 -001.5994 -003.6487 -179.4016 +006.6102 -003.6257 0
L1 01    424 +015.9564 +000.1253 +001.3514 -097.2771 +001.7594 +002.2926 0
L1 02    424 +007.4453 +005.5201 +001.6840 -095.0423 +006.5325 -149.7580 0
L1 03    424 +016.0943 -000.5520 -000.6732 -091.8320 +002.6488 +087.1559 0
L1 04    424 +011.6141 +001.5990 +000.1312 +175.4817 -007.4298 -138.3915 0
L1 05    424 +012.4780 +001.0425 -004.0507 +177.9347 +009.6331 -000.8345 0
L1 06    424 +012.3571 +000.2289 -004.2516 +175.9853 +001.2389 -002.6299 0
L1 07    424 +012.3355 -000.7183 -004.2252 -175.8781 +007.3139 +012.2920 0
L1 08    424 +012.3411 -001.5994 -003.6488 -179.3994 +006.6095 -003.6269 0
L1 01    428 +015.9563 +000.1253 +001.3514 -097.2759 +001.7606 +002.2917 0
L1 02    428 +007.4453 +005.5201 +001.6841 -095.0422 +006.5327 -149.7576 0
L1 03    428 +016.0943 -000.5519 -000.6732 -091.8302 +002.6494 +087.1563 0
L1 04    428 +011.6141 +001.5990 +000.1312 +175.4837 -007.4300 -138.3919 0
L1 05    428 +012.4780 +001.0425 -004.0506 +177.9365 +009.6334 -000.8356 0
L1 06    428 +012.3571 +000.2290 -004.2516 +175.9884 +001.2393 -002.6293 0
L1 07    428 +012.3355 -000.7183 -004.2253 -175.8768 +007.3140 +012.2916 0
L1 08    428 +012.3411 -001.5995 -003.6488 -179.3988 +006.6099 -003.6270 0
L1 01    432 +015.9562 +000.1251 +001.3513 -097.2758 +001.7603 +002.2909 0
L1 02    432 +007.4453 +005.5201 +001.6841 -095.0421 +006.5329 -149.7583 0
L1 03    432 +016.0943 -000.5518 -000.6732 -091.8283 +002.6491 +087.1555 0
L1 04    432 +011.6140 +001.5988 +000.1312 +175.4861 -007.4301 -138.3917 0
L1 05    432 +012.4779 +001.0423 -004.0506 +177.9382 +009.6329 -000.8355 0
L1 06    432 +012.3570 +000.2288 -004.2515 +175.9900 +001.2401 -002.6286 0
L1 07    432 +012.3355 -000.7184 -004.2253 -175.8745 +007.3128 +012.2931 0
L1 08    432 +012.3412 -001.5996 -003.6487 -179.3961 +006.6101 -003.6266 0
L1 01    436 +015.9561 +000.1252 +001.3513 -097.2762 +001.7602 +002.2908 0
L1 02    436 +007.4453 +005.5201 +001.6841 -095.0421 +006.5330 -149.7585 0
L1 03    436 +016.0943 -000.5518 -000.6733 -091.8269 +002.6483 +087.1555 0
L1 04    436 +011.6139 +001.5986 +000.1313 +175.4871 -007.4293 -138.3922 0
L1 05    436 +012.4779 +001.0420 -004.0506 +177.9388 +009.6333 -000.8348 0
L1 06    436 +012.3570 +000.2287 -004.2516 +175.9910 +001.2400 -002.6291 0
L1 07    436 +012.3354 -000.7189 -004.2254 -175.8746 +007.3128 +012.2942 0
L1 08    436 +012.3412 -001.5997 -003.6488 -179.3949 +006.6098 -003.6267 0
L1 01    440 +015.9561 +000.1254 +001.3516 -097.2778 +001.7600 +002.2922 0
L1 02    440 +007.4453 +005.5201 +001.6840 -095.0426 +006.5328 -149.7581 0
L1 03    440 +016.0943 -000.5518 -000.6731 -091.8256 +002.6486 +087.1576 0
L1 04    440 +011.6138 +001.5985 +000.1313 +175.4890 -007.4293 -138.3918 0
L1 05    440 +012.4779 +001.0421 -004.0505 +177.9420 +009.6352 -000.8352 0
L1 06    440 +012.3570 +000.2287 -004.2515 +175.9942 +001.2408 -002.6291 0
L1 07    440 +012.3355 -000.7187 -004.2253 -175.8714 +007.3133 +012.2929 0
L1 08    440 +012.3412 -001.5999 -003.6487 -179.3937 +006.6106 -003.6263 0
L1 01    444 +015.9561 +000.1254 +001.3517 -097.2851 +001.7582 +002.2954 0
L1 02    444 +007.4453 +005.5200 +001.6841 -095.0431 +006.5328 -149.7572 0
L1 03    444 +016.0942 -000.5519 -000.6730 -091.8250 +002.6481 +087.1580 0
L1 04    444 +011.6138 +001.5984 +000.1312 +175.4892 -007.4298 -138.3918 0
L1 05    444 +012.4778 +001.0418 -004.0506 +177.9419 +009.6341 -000.8340 0
L1 06    444 +012.3570 +000.2285 -004.2515 +175.9942 +001.2415 -002.6282 0
L1 07    444 +012.3355 -000.7188 -004.2253 -175.8699 +007.3133 +012.2933 0
L1 08    444 +012.3413 -001.6001 -003.6486 -179.3932 +006.6107 -003.6254 0
L1 01    448 +015.9560 +000.1252 +001.3515 -097.2927 +001.7560 +002.2913 0
L1 02    448 +007.4453 +005.5201 +001.6840 -095.0423 +006.5326 -149.7573 0
L1 03    448 +016.0942 -000.5520 -000.6731 -091.8251 +002.6479 +087.1569 0
L1 04    448 +011.6137 +001.5983 +000.1312 +175.4900 -007.4298 -138.3915 0
L1 05    448 +012.4778 +001.0418 -004.0506 +177.9432 +009.6342 -000.8343 0
L1 06    448 +012.3570 +000.2285 -004.2516 +175.9957 +001.2404 -002.6281 0
L1 07    448 +012.3355 -000.7192 -004.2253 -175.8712 +007.3137 +012.2938 0
L1 08    448 +012.3413 -001.6001 -003.6488 -179.3917 +006.6100 -003.6255 0
L1 01    452 +015.9559 +000.1248 +001.3513 -097.2950 +001.7542 +002.2912 0
L1 02    452 +007.4453 +005.5201 +001.6841 -095.0431 +006.5327 -149.7575 0
L1 03    452 +016.0943 -000.5520 -000.6731 -091.8240 +002.6479 +087.1567 0
L1 04    452 +011.6137 +001.5982 +000.1312 +175.4911 -007.4299 -138.3916 0
L1 05    452 +012.4778 +001.0417 -004.0504 +177.9440 +009.6352 -000.8343 0
L1 06    452 +012.3569 +000.2283 -004.2517 +175.9964 +001.2396 -002.6273 0
L1 07    452 +012.3356 -000.7190 -004.2251 -175.8688 +007.3148 +012.2942 0
L1 08    452 +012.3413 -001.6002 -003.6488 -179.3905 +006.6094 -003.6248 0
L1 01    456 +015.9560 +000.1256 +001.3515 -097.2883 +001.7567 +002.2930 0
L1 02    456 +007.4453 +005.5201 +001.6841 -095.0427 +006.5325 -149.7577 0
L1 03    456 +016.0943 -000.5520 -000.6732 -091.8227 +002.6486 +087.1560 0
L1 04    456 +011.6136 +001.5982 +000.1312 +175.4932 -007.4295 -138.3909 0
L1 05    456 +012.4777 +001.0417 -004.0505 +177.9463 +009.6340 -000.8344 0
L1 06    456 +012.3570 +000.2282 -004.2516 +175.9977 +001.2403 -002.6282 0
L1 07    456 +012.3356 -000.7191 -004.2253 -175.8672 +007.3138 +012.2933 0
L1 08    456 +012.3413 -001.6001 -003.6488 -179.3884 +006.6097 -003.6262 0
L1 01    460 +015.9560 +000.1253 +001.3514 -097.2905 +001.7566 +002.2925 0
L1 02    460 +007.4453 +005.5201 +001.6840 -095.0428 +006.5323 -149.7578 0
L1 03    460 +016.0943 -000.5519 -000.6731 -091.8206 +002.6492 +087.1569 0
L1 04    460 +011.6136 +001.5981 +000.1312 +175.4953 -007.4286 -138.3914 0
L1 05    460 +012.4777 +001.0417 -004.0506 +177.9483 +009.6348 -000.8347 0
L1 06    460 +012.3570 +000.2283 -004.2516 +175.9990 +001.2411 -002.6280 0
L1 07    460 +012.3356 -000.7192 -004.2253 -175.8664 +007.3143 +012.2934 0
L1 08    460 +012.3414 -001.6002 -003.6488 -179.3871 +006.6105 -003.6256 0
L1 01    464 +015.9560 +000.1252 +001.3515 -097.2884 +001.7567 +002.2937 0
L1 02    464 +007.4453 +005.5201 +001.6840 -095.0425 +006.5322 -149.7576 0
L1 03    464 +016.0943 -000.5517 -000.6731 -091.8171 +002.6487 +087.1576 0
L1 04    464 +011.6136 +001.5980 +000.1312 +175.4968 -007.4282 -138.3921 0
L1 05    464 +012.4777 +001.0418 -004.0506 +177.9512 +009.6345 -000.8358 0
L1 06    464 +012.3570 +000.2282 -004.2515 +176.0013 +001.2418 -002.6287 0
L1 07    464 +012.3357 -000.7192 -004.2252 -175.8636 +007.3175 +012.2928 0
L1 08    464 +012.3415 -001.6003 -003.6488 -179.3852 +006.6112 -003.6261 0
L1 01    468 +015.9560 +000.1258 +001.3517 -097.2801 +001.7594 +002.2969 0
L1 02    468 +007.4453 +005.5201 +001.6840 -095.0422 +006.5321 -149.7574 0
L1 03    468 +016.0944 -000.5514 -000.6729 -091.8114 +002.6488 +087.1607 0
L1 04    468 +011.6135 +001.5981 +000.1312 +175.5005 -007.4273 -138.3915 0
L1 05    468 +012.4778 +001.0418 -004.0505 +177.9543 +009.6378 -000.8363 0
L1 06    468 +012.3571 +000.2283 -004.2514 +176.0054 +001.2439 -002.6299 0
L1 07    468 +012.3358 -000.7191 -004.2251 -175.8597 +007.3179 +012.2924 0
L1 08    468 +012.3416 -001.6002 -003.6487 -179.3810 +006.6138 -003.6271 0
L1 01    472 +015.9560 +000.1259 +001.3516 -097.2796 +001.7591 +002.2953 0
L1 02    472 +007.4453 +005.5201 +001.6841 -095.0422 +006.5321 -149.7572 0
L1 03    472 +016.0944 -000.5515 -000.6729 -091.8129 +002.6481 +087.1596 0
L1 04    472 +011.6135 +001.5980 +000.1312 +175.5012 -007.4267 -138.3913 0
L1 05    472 +012.4778 +001.0416 -004.0505 +177.9535 +009.6367 -000.8361 0
L1 06    472 +012.3571 +000.2280 -004.2515 +176.0041 +001.2426 -002.6288 0
L1 07    472 +012.3359 -000.7192 -004.2251 -175.8596 +007.3176 +012.2924 0
L1 08    472 +012.3416 -001.6003 -003.6487 -179.3805 +006.6123 -003.6266 0
L1 01    476 +015.9559 +000.1257 +001.3515 -097.2821 +001.7564 +002.2942 0
L1 02    476 +007.4453 +005.5201 +001.6840 -095.0419 +006.5321 -149.7572 0
L1 03    476 +016.0944 -000.5513 -000.6730 -091.8116 +002.6467 +087.1586 0
L1 04    476 +011.6134 +001.5978 +000.1312 +175.5011 -007.4269 -138.3913 0
L1 05    476 +012.4777 +001.0417 -004.0506 +177.9563 +009.6360 -000.8354 0
L1 06    476 +012.3571 +000.2279 -004.2515 +176.0051 +001.2423 -002.6284 0
L1 07    476 +012.3358 -000.7193 -004.2251 -175.8591 +007.3170 +012.2927 0
L1 08    476 +012.3416 -001.6004 -003.6487 -179.3806 +006.6114 -003.6253 0
L1 01    480 +015.9559 +000.1256 +001.3511 -097.2843 +001.7553 +002.2892 0
L1 02    480 +007.4453 +005.5201 +001.6840 -095.0417 +006.5318 -149.7569 0
L1 03    480 +016.0944 -000.5514 -000.6731 -091.8118 +002.6462 +087.1568 0
L1 04    480 +011.6134 +001.5978 +000.1312 +175.5019 -007.4263 -138.3911 0
L1 05    480 +012.4777 +001.0417 -004.0506 +177.9571 +009.6350 -000.8353 0
L1 06    480 +012.3570 +000.2280 -004.2517 +176.0075 +001.2400 -002.6283 0
L1 07    480 +012.3358 -000.7194 -004.2252 -175.8584 +007.3155 +012.2930 0
L1 08    480 +012.3417 -001.6004 -003.6488 -179.3790 +006.6104 -003.6262 0
L1 01    484 +015.9559 +000.1256 +001.3517 -097.2842 +001.7558 +002.2946 0
L1 02    484 +007.4453 +005.5201 +001.6840 -095.0418 +006.5320 -149.7572 0
L1 03    484 +016.0944 -000.5514 -000.6730 -091.8121 +002.6456 +087.1585 0
L1 04    484 +011.6134 +001.5977 +000.1312 +175.5016 -007.4265 -138.3908 0
L1 05    484 +012.4777 +001.0413 -004.0505 +177.9550 +009.6368 -000.8345 0
L1 06    484 +012.3571 +000.2280 -004.2515 +176.0074 +001.2431 -002.6278 0
L1 07    484 +012.3358 -000.7194 -004.2252 -175.8581 +007.3164 +012.2936 0
L1 08    484 +012.3417 -001.6005 -003.6487 -179.3794 +006.6116 -003.6256 0
L1 01    488 +015.9559 +000.1256 +001.3515 -097.2838 +001.7562 +002.2932 0
L1 02    488 +007.4453 +005.5201 +001.6840 -095.0418 +006.5320 -149.7573 0
L1 03    488 +016.0944 -000.5516 -000.6730 -091.8128 +002.6457 +087.1587 0
L1 04    488 +011.6134 +001.5977 +000.1312 +175.5022 -007.4258 -138.3909 0
L1 05    488 +012.4777 +001.0413 -004.0506 +177.9550 +009.6361 -000.8344 0
L1 06    488 +012.3570 +000.2279 -004.2515 +176.0075 +001.2429 -002.6286 0
L1 07    488 +012.3357 -000.7196 -004.2254 -175.8585 +007.3147 +012.2933 0
L1 08    488 +012.3417 -001.6005 -003.6487 -179.3793 +006.6114 -003.6256 0
L1 01    492 +015.9558 +000.1256 +001.3515 -097.2834 +001.7560 +002.2938 0
L1 02    492 +007.4453 +005.5201 +001.6840 -095.0420 +006.5320 -149.7572 0
L1 03    492 +016.0944 -000.5515 -000.6729 -091.8118 +002.6460 +087.1595 0
L1 04    492 +011.6133 +001.5977 +000.1312 +175.5033 -007.4252 -138.3913 0
L1 05    492 +012.4777 +001.0415 -004.0504 +177.9569 +009.6373 -000.8352 0
L1 06    492 +012.3570 +000.2281 -004.2515 +176.0090 +001.2422 -002.6288 0
L1 07    492 +012.3357 -000.7197 -004.2253 -175.8586 +007.3151 +012.2939 0
L1 08    492 +012.3417 -001.6005 -003.6487 -179.3785 +006.6120 -003.6258 0
L1 01    496 +015.9555 +000.1250 +001.3518 -097.2858 +001.7618 +002.2930 0
L1 02    496 +007.4453 +005.5196 +001.6846 -095.0452 +006.5386 -149.7648 0
L1 03    496 +016.0941 -000.5513 -000.6735 -091.8082 +002.6545 +087.1522 0
L1 04    496 +011.6131 +001.5976 +000.1309 +175.5055 -007.4347 -138.4010 0
L1 05    496 +012.4776 +001.0415 -004.0505 +177.9574 +009.6364 -000.8354 0
L1 06    496 +012.3570 +000.2280 -004.2516 +176.0087 +001.2417 -002.6284 0
L1 07    496 +012.3358 -000.7196 -004.2252 -175.8578 +007.3164 +012.2933 0
L1 08    496 +012.3417 -001.6005 -003.6487 -179.3782 +006.6120 -003.6255 0
L1 01    500 +015.9557 +000.1252 +001.3516 -097.2853 +001.7591 +002.2932 0
L1 02    500 +007.4453 +005.5201 +001.6841 -095.0419 +006.5323 -149.7572 0
L1 03    500 +016.0943 -000.5515 -000.6731 -091.8090 +002.6456 +087.1579 0
L1 04    500 +011.6132 +001.5976 +000.1312 +175.5047 -007.4258 -138.3915 0
L1 05    500 +012.4776 +001.0414 -004.0506 +177.9576 +009.6361 -000.8356 0
L1 06    500 +012.3570 +000.2280 -004.2515 +176.0098 +001.2428 -002.6293 0
L1 07    500 +012.3358 -000.7195 -004.2253 -175.8560 +007.3155 +012.2924 0
L1 08    500 +012.3417 -001.6005 -003.6487 -179.3771 +006.6119 -003.6261 0
L1 01    504 +015.9557 +000.1252 +001.3515 -097.2861 +001.7585 +002.2923 0
L1 02    504 +007.4453 +005.5200 +001.6841 -095.0427 +006.5325 -149.7566 0
L1 03    504 +016.0943 -000.5516 -000.6730 -091.8106 +002.6457 +087.1581 0
L1 04    504 +011.6132 +001.5975 +000.1312 +175.5049 -007.4258 -138.3916 0
L1 05    504 +012.4776 +001.0412 -004.0506 +177.9582 +009.6363 -000.8342 0
L1 06    504 +012.3570 +000.2278 -004.2515 +176.0093 +001.2422 -002.6284 0
L1 07    504 +012.3357 -000.7196 -004.2253 -175.8558 +007.3156 +012.2935 0
L1 08    504 +012.3417 -001.6007 -003.6488 -179.3771 +006.6109 -003.6256 0
L1 01    508 +015.9557 +000.1256 +001.3516 -097.2844 +001.7590 +002.2933 0
L1 02    508 +007.4453 +005.5201 +001.6841 -095.0426 +006.5323 -149.7572 0
L1 03    508 +016.0943 -000.5517 -000.6730 -091.8100 +002.6455 +087.1582 0
L1 04    508 +011.6132 +001.5975 +000.1312 +175.5061 -007.4256 -138.3915 0
L1 05    508 +012.4776 +001.0413 -004.0506 +177.9586 +009.6360 -000.8351 0
L1 06    508 +012.3570 +000.2276 -004.2515 +176.0087 +001.2426 -002.6281 0
L1 07    508 +012.3357 -000.7196 -004.2253 -175.8551 +007.3158 +012.2929 0
L1 08    508 +012.3417 -001.6007 -003.6488 -179.3766 +006.6112 -003.6259 0
L1 01    512 +015.9557 +000.1254 +001.3514 -097.2867 +001.7589 +002.2919 0
L1 02    512 +007.4453 +005.5201 +001.6841 -095.0424 +006.5324 -149.7572 0
L1 03    512 +016.0943 -000.5518 -000.6731 -091.8105 +002.6450 +087.1576 0
L1 04    512 +011.6132 +001.5975 +000.1312 +175.5062 -007.4255 -138.3917 0
L1 05    512 +012.4775 +001.0412 -004.0507 +177.9591 +009.6351 -000.8356 0
L1 06    512 +012.3570 +000.2277 -004.2515 +176.0101 +001.2425 -002.6287 0
L1 07    512 +012.3358 -000.7196 -004.2252 -175.8544 +007.3158 +012.2936 0
L1 08    512 +012.3417 -001.6007 -003.6488 -179.3764 +006.6111 -003.6259 0
L1 01    516 +015.9557 +000.1256 +001.3519 -097.2841 +001.7599 +002.2961 0
L1 02    516 +007.4453 +005.5201 +001.6840 -095.0418 +006.5322 -149.7572 0
L1 03    516 +016.0943 -000.5517 -000.6730 -091.8089 +002.6450 +087.1585 0
L1 04    516 +011.6132 +001.5975 +000.1312 +175.5068 -007.4261 -138.3917 0
L1 05    516 +012.4775 +001.0411 -004.0507 +177.9589 +009.6353 -000.8352 0
L1 06    516 +012.3569 +000.2278 -004.2515 +176.0113 +001.2423 -002.6287 0
L1 07    516 +012.3357 -000.7197 -004.2253 -175.8537 +007.3155 +012.2934 0
L1 08    516 +012.3417 -001.6008 -003.6487 -179.3761 +006.6117 -003.6259 0
