L1 01      5 +017.0965 +000.4410 +001.3726 -099.3758 +001.6893 +002.2104 0
L1 02      5 +007.4449 +005.5204 +001.6834 -095.0495 +006.5701 -149.8318 0
L1 03      5 +017.2042 -000.2307 -000.6571 -094.2827 +003.2761 +087.1406 0
L1 04      5 +013.4090 +003.5274 -001.2395 +147.2703 +015.2223 -139.8413 0
L1 05      5 +014.4660 +001.4879 -005.3509 +175.2710 +039.9025 -001.0670 0
L1 06      5 +014.3029 +000.7256 -005.8011 +173.4429 +027.6387 -003.7471 0
L1 07      5 +014.7285 -000.2992 -005.9148 -177.7464 +046.6081 +017.3174 0
L1 08      5 +014.7726 -001.1067 -005.3924 +177.7561 +048.2377 -005.6997 0
L1 01      9 +017.0972 +000.4392 +001.3729 -099.4323 +001.6648 +002.2375 0
L1 02      9 +007.4449 +005.5204 +001.6835 -095.0497 +006.5707 -149.8282 0
L1 03      9 +017.2050 -000.2339 -000.6565 -094.3469 +003.2476 +087.1639 0
L1 04      9 +013.4141 +003.5280 -001.2420 +147.2073 +015.2571 -139.8284 0
L1 05      9 +014.4705 +001.4862 -005.3516 +175.2296 +039.9308 -001.0384 0
L1 06      9 +014.3067 +000.7233 -005.8010 +173.3907 +027.6721 -003.7167 0
L1 07      9 +014.7311 -000.3020 -005.9148 -177.7805 +046.6313 +017.3597 0
L1 08      9 +014.7741 -001.1097 -005.3921 +177.7267 +048.2630 -005.6586 0
L1 01     13 +017.0982 +000.4370 +001.3731 -099.5187 +001.6411 +002.2634 0
L1 02     13 +007.4450 +005.5203 +001.6835 -095.0507 +006.5705 -149.8296 0
L1 03     13 +017.2058 -000.2371 -000.6558 -094.4412 +003.2233 +087.1907 0
L1 04     13 +013.4215 +003.5311 -001.2449 +147.1138 +015.2927 -139.8187 0
L1 05     13 +014.4761 +001.4840 -005.3537 +175.1538 +039.9514 -000.9948 0
L1 06     13 +014.3113 +000.7227 -005.8024 +173.3083 +027.7012 -003.6914 0
L1 07     13 +014.7342 -000.3050 -005.9152 -177.8562 +046.6569 +017.4027 0
L1 08     13 +014.7757 -001.1109 -005.3922 +177.6580 +048.2931 -005.6313 0
L1 01     17 +017.0992 +000.4346 +001.3735 -099.6213 +001.6189 +002.2747 0
L1 02     17 +007.4449 +005.5203 +001.6835 -095.0498 +006.5709 -149.8318 0
L1 03     17 +017.2054 -000.2404 -000.6553 -094.5575 +003.2010 +087.2003 0
L1 04     17 +013.4292 +003.5351 -001.2464 +146.9984 +015.3108 -139.8037 0
L1 05     17 +014.4798 +001.4851 -005.3546 +175.0584 +039.9587 -000.9681 0
L1 06     17 +014.3138 +000.7229 -005.8029 +173.2006 +027.7070 -003.6683 0
L1 07     17 +014.7347 -000.3043 -005.9148 -177.9425 +046.6654 +017.4313 0
L1 08     17 +014.7744 -001.1118 -005.3919 +177.5762 +048.3037 -005.5923 0
L1 01     21 +017.0999 +000.4325 +001.3736 -099.7189 +001.6175 +002.2643 0
L1 02     21 +007.4449 +005.5204 +001.6835 -095.0500 +006.5701 -149.8350 0
L1 03     21 +017.2046 -000.2422 -000.6556 -094.6641 +003.2025 +087.1878 0
L1 04     21 +013.4352 +003.5401 -001.2455 +146.8908 +015.2989 -139.8007 0
L1 05     21 +014.4811 +001.4874 -005.3539 +174.9466 +039.9480 -000.9706 0
L1 06     21 +014.3137 +000.7254 -005.8024 +173.0867 +027.6958 -003.6700 0
L1 07     21 +014.7327 -000.3020 -005.9149 -178.0482 +046.6499 +017.4301 0
L1 08     21 +014.7709 -001.1097 -005.3918 +177.4699 +048.2871 -005.6001 0
L1 01     25 +017.0999 +000.4305 +001.3733 -099.7960 +001.6514 +002.2490 0
L1 02     25 +007.4449 +005.5199 +001.6839 -095.0525 +006.5751 -149.8410 0
L1 03     25 +017.2034 -000.2428 -000.6576 -094.7406 +003.2402 +087.1615 0
L1 04     25 +013.4383 +003.5457 -001.2456 +146.8219 +015.2557 -139.8098 0
L1 05     25 +014.4823 +001.4924 -005.3528 +174.8547 +039.9378 -001.0025 0
L1 06     25 +014.3137 +000.7311 -005.8015 +173.0047 +027.6866 -003.6966 0
L1 07     25 +014.7310 -000.2979 -005.9147 -178.1500 +046.6432 +017.3971 0
L1 08     25 +014.7680 -001.1044 -005.3919 +177.3660 +048.2768 -005.6536 0
L1 01     29 +017.1005 +000.4302 +001.3733 -099.8271 +001.6493 +002.2514 0
L1 02     29 +007.4448 +005.5204 +001.6835 -095.0491 +006.5705 -149.8319 0
L1 03     29 +017.2039 -000.2430 -000.6563 -094.7732 +003.2440 +087.1775 0
L1 04     29 +013.4417 +003.5473 -001.2429 +146.7756 +015.2739 -139.8341 0
L1 05     29 +014.4837 +001.4965 -005.3530 +174.8105 +039.9384 -001.0238 0
L1 06     29 +014.3146 +000.7352 -005.8020 +172.9588 +027.6850 -003.7178 0
L1 07     29 +014.7312 -000.2936 -005.9152 -178.2009 +046.6458 +017.3714 0
L1 08     29 +014.7679 -001.1003 -005.3924 +177.2996 +048.2808 -005.7055 0
L1 01     33 +017.1007 +000.4301 +001.3734 -099.8324 +001.6417 +002.2629 0
L1 02     33 +007.4449 +005.5204 +001.6835 -095.0488 +006.5702 -149.8286 0
L1 03     33 +017.2043 -000.2438 -000.6560 -094.7840 +003.2337 +087.1891 0
L1 04     33 +013.4426 +003.5468 -001.2438 +146.7685 +015.2861 -139.8291 0
L1 05     33 +014.4850 +001.4949 -005.3536 +174.8092 +039.9486 -001.0102 0
L1 06     33 +014.3159 +000.7334 -005.8022 +172.9587 +027.6969 -003.7017 0
L1 07     33 +014.7324 -000.2956 -005.9154 -178.1995 +046.6525 +017.3909 0
L1 08     33 +014.7688 -001.1020 -005.3923 +177.3004 +048.2917 -005.6992 0
L1 01     37 +017.1010 +000.4294 +001.3736 -099.8376 +001.6133 +002.2787 0
L1 02     37 +007.4449 +005.5204 +001.6835 -095.0491 +006.5701 -149.8280 0
L1 03     37 +017.2046 -000.2459 -000.6556 -094.7842 +003.1982 +087.1997 0
L1 04     37 +013.4430 +003.5449 -001.2466 +146.7780 +015.3125 -139.8022 0
L1 05     37 +014.4862 +001.4897 -005.3543 +174.8379 +039.9620 -000.9612 0
L1 06     37 +014.3170 +000.7286 -005.8028 +172.9769 +027.7105 -003.6616 0
L1 07     37 +014.7336 -000.2999 -005.9151 -178.1560 +046.6622 +017.4450 0
L1 08     37 +014.7701 -001.1072 -005.3916 +177.3500 +048.3069 -005.6391 0
L1 01     41 +017.1010 +000.4291 +001.3736 -099.8316 +001.5858 +002.2909 0
L1 02     41 +007.4448 +005.5204 +001.6835 -095.0486 +006.5703 -149.8292 0
L1 03     41 +017.2049 -000.2469 -000.6553 -094.7753 +003.1648 +087.2094 0
L1 04     41 +013.4430 +003.5427 -001.2491 +146.7913 +015.3372 -139.7770 0
L1 05     41 +014.4869 +001.4848 -005.3557 +174.8691 +039.9705 -000.9212 0
L1 06     41 +014.3177 +000.7247 -005.8038 +173.0015 +027.7189 -003.6310 0
L1 07     41 +014.7348 -000.3045 -005.9148 -178.1109 +046.6713 +017.4929 0
L1 08     41 +014.7711 -001.1122 -005.3912 +177.4156 +048.3165 -005.5744 0
L1 01     45 +017.1009 +000.4295 +001.3737 -099.8167 +001.5870 +002.2923 0
L1 02     45 +007.4448 +005.5205 +001.6835 -095.0482 +006.5700 -149.8304 0
L1 03     45 +017.2051 -000.2465 -000.6551 -094.7579 +003.1675 +087.2124 0
L1 04     45 +013.4419 +003.5422 -001.2488 +146.8089 +015.3377 -139.7810 0
L1 05     45 +014.4865 +001.4855 -005.3554 +174.8893 +039.9748 -000.9230 0
L1 06     45 +014.3175 +000.7241 -005.8040 +173.0164 +027.7173 -003.6321 0
L1 07     45 +014.7351 -000.3056 -005.9150 -178.1042 +046.6732 +017.4897 0
L1 08     45 +014.7712 -001.1125 -005.3912 +177.4472 +048.3118 -005.5700 0
L1 01     49 +017.1006 +000.4304 +001.3739 -099.7915 +001.6064 +002.2879 0
L1 02     49 +007.4448 +005.5204 +001.6835 -095.0490 +006.5701 -149.8302 0
L1 03     49 +017.2051 -000.2450 -000.6550 -094.7304 +003.1914 +087.2091 0
L1 04     49 +013.4401 +003.5422 -001.2473 +146.8305 +015.3221 -139.7999 0
L1 05     49 +014.4856 +001.4870 -005.3546 +174.8930 +039.9703 -000.9521 0
L1 06     49 +014.3171 +000.7262 -005.8030 +173.0311 +027.7157 -003.6576 0
L1 07     49 +014.7350 -000.3026 -005.9150 -178.1014 +046.6708 +017.4526 0
L1 08     49 +014.7709 -001.1105 -005.3912 +177.4463 +048.3020 -005.6142 0
L1 01     53 +017.1003 +000.4309 +001.3739 -099.7690 +001.6138 +002.2845 0
L1 02     53 +007.4448 +005.5204 +001.6835 -095.0482 +006.5699 -149.8285 0
L1 03     53 +017.2051 -000.2432 -000.6555 -094.6994 +003.2020 +087.2031 0
L1 04     53 +013.4383 +003.5417 -001.2463 +146.8570 +015.3140 -139.8100 0
L1 05     53 +014.4848 +001.4885 -005.3543 +174.9128 +039.9686 -000.9695 0
L1 06     53 +014.3167 +000.7271 -005.8028 +173.0519 +027.7126 -003.6727 0
L1 07     53 +014.7347 -000.3016 -005.9151 -178.0873 +046.6673 +017.4367 0
L1 08     53 +014.7710 -001.1087 -005.3912 +177.4458 +048.2948 -005.6655 0
L1 01     57 +017.1003 +000.4310 +001.3736 -099.7639 +001.5946 +002.2937 0
L1 02     57 +007.4448 +005.5204 +001.6835 -095.0478 +006.5698 -149.8266 0
L1 03     57 +017.2054 -000.2447 -000.6548 -094.6963 +003.1779 +087.2147 0
L1 04     57 +013.4382 +003.5402 -001.2480 +146.8667 +015.3332 -139.7922 0
L1 05     57 +014.4849 +001.4863 -005.3551 +174.9411 +039.9728 -000.9374 0
L1 06     57 +014.3171 +000.7245 -005.8031 +173.0697 +027.7222 -003.6441 0
L1 07     57 +014.7355 -000.3038 -005.9146 -178.0556 +046.6771 +017.4662 0
L1 08     57 +014.7716 -001.1113 -005.3908 +177.4853 +048.3014 -005.6258 0
L1 01     61 +017.1004 +000.4308 +001.3739 -099.7608 +001.5645 +002.3077 0
L1 02     61 +007.4448 +005.5204 +001.6835 -095.0485 +006.5697 -149.8288 0
L1 03     61 +017.2056 -000.2463 -000.6544 -094.6915 +003.1375 +087.2267 0
L1 04     61 +013.4381 +003.5372 -001.2514 +146.8791 +015.3658 -139.7583 0
L1 05     61 +014.4858 +001.4798 -005.3568 +174.9793 +039.9858 -000.8855 0
L1 06     61 +014.3181 +000.7177 -005.8041 +173.0978 +027.7350 -003.5984 0
L1 07     61 +014.7366 -000.3111 -005.9149 -178.0038 +046.6833 +017.5332 0
L1 08     61 +014.7727 -001.1193 -005.3899 +177.5612 +048.3120 -005.5421 0
L1 01     65 +017.1000 +000.4310 +001.3737 -099.7364 +001.5536 +002.3011 0
L1 02     65 +007.4448 +005.5204 +001.6835 -095.0489 +006.5694 -149.8323 0
L1 03     65 +017.2051 -000.2461 -000.6550 -094.6631 +003.1305 +087.2116 0
L1 04     65 +013.4355 +003.5361 -001.2508 +146.9107 +015.3538 -139.7477 0
L1 05     65 +014.4832 +001.4784 -005.3562 +175.0158 +039.9749 -000.8757 0
L1 06     65 +014.3158 +000.7157 -005.8037 +173.1287 +027.7210 -003.5872 0
L1 07     65 +014.7348 -000.3123 -005.9152 -177.9756 +046.6688 +017.5356 0
L1 08     65 +014.7691 -001.1216 -005.3887 +177.6479 +048.2618 -005.4969 0
L1 01     69 +017.0989 +000.4328 +001.3740 -099.6488 +001.5652 +002.3054 0
L1 02     69 +007.4448 +005.5204 +001.6836 -095.0491 +006.5697 -149.8301 0
L1 03     69 +017.2052 -000.2444 -000.6546 -094.5616 +003.1411 +087.2181 0
L1 04     69 +013.4289 +003.5321 -001.2504 +147.0142 +015.3533 -139.7612 0
L1 05     69 +014.4814 +001.4770 -005.3559 +175.1049 +039.9824 -000.8901 0
L1 06     69 +014.3153 +000.7135 -005.8035 +173.2180 +027.7287 -003.5978 0
L1 07     69 +014.7362 -000.3134 -005.9144 -177.8928 +046.6859 +017.5195 0
L1 08     69 +014.7696 -001.1219 -005.3879 +177.7255 +048.2354 -005.5426 0
L1 01     73 +017.0981 +000.4339 +001.3739 -099.5968 +001.5677 +002.3087 0
L1 02     73 +007.4449 +005.5204 +001.6835 -095.0489 +006.5692 -149.8282 0
L1 03     73 +017.2055 -000.2422 -000.6545 -094.5010 +003.1412 +087.2224 0
L1 04     73 +013.4254 +003.5293 -001.2506 +147.0719 +015.3578 -139.7636 0
L1 05     73 +014.4800 +001.4754 -005.3564 +175.1602 +039.9848 -000.8921 0
L1 06     73 +014.3148 +000.7134 -005.8039 +173.2866 +027.7305 -003.6041 0
L1 07     73 +014.7369 -000.3142 -005.9152 -177.8358 +046.6850 +017.5168 0
L1 08     73 +014.7705 -001.1232 -005.3878 +177.8014 +048.2212 -005.5456 0
L1 01     77 +017.0980 +000.4343 +001.3735 -099.5916 +001.5556 +002.3039 0
L1 02     77 +007.4448 +005.5204 +001.6835 -095.0465 +006.5682 -149.8231 0
L1 03     77 +017.2052 -000.2426 -000.6542 -094.4968 +003.1284 +087.2192 0
L1 04     77 +013.4250 +003.5287 -001.2512 +147.0745 +015.3585 -139.7482 0
L1 05     77 +014.4791 +001.4738 -005.3565 +175.1791 +039.9806 -000.8714 0
L1 06     77 +014.3138 +000.7119 -005.8040 +173.2918 +027.7235 -003.5926 0
L1 07     77 +014.7362 -000.3151 -005.9149 -177.8130 +046.6799 +017.5323 0
L1 08     77 +014.7678 -001.1245 -005.3864 +177.8213 +048.1794 -005.5413 0
L1 01     81 +017.0979 +000.4347 +001.3733 -099.5898 +001.5490 +002.2992 0
L1 02     81 +007.4449 +005.5204 +001.6835 -095.0476 +006.5685 -149.8247 0
L1 03     81 +017.2050 -000.2430 -000.6544 -094.4981 +003.1189 +087.2141 0
L1 04     81 +013.4247 +003.5281 -001.2514 +147.0774 +015.3598 -139.7389 0
L1 05     81 +014.4785 +001.4728 -005.3564 +175.1856 +039.9790 -000.8614 0
L1 06     81 +014.3130 +000.7104 -005.8037 +173.2983 +027.7198 -003.5817 0
L1 07     81 +014.7355 -000.3160 -005.9142 -177.8047 +046.6788 +017.5410 0
L1 08     81 +014.7659 -001.1268 -005.3852 +177.8442 +048.1581 -005.5218 0
L1 01     85 +017.0978 +000.4344 +001.3735 -099.5932 +001.5452 +002.2999 0
L1 02     85 +007.4448 +005.5204 +001.6836 -095.0479 +006.5685 -149.8261 0
L1 03     85 +017.2049 -000.2432 -000.6545 -094.4995 +003.1153 +087.2113 0
L1 04     85 +013.4245 +003.5278 -001.2514 +147.0771 +015.3585 -139.7349 0
L1 05     85 +014.4781 +001.4721 -005.3561 +175.1847 +039.9766 -000.8585 0
L1 06     85 +014.3128 +000.7096 -005.8035 +173.2991 +027.7193 -003.5749 0
L1 07     85 +014.7350 -000.3177 -005.9140 -177.8037 +046.6768 +017.5518 0
L1 08     85 +014.7645 -001.1266 -005.3846 +177.8459 +048.1348 -005.5303 0
L1 01     89 +017.0978 +000.4341 +001.3738 -099.5937 +001.5445 +002.3019 0
L1 02     89 +007.4448 +005.5204 +001.6835 -095.0480 +006.5682 -149.8283 0
L1 03     89 +017.2048 -000.2433 -000.6544 -094.5000 +003.1149 +087.2117 0
L1 04     89 +013.4246 +003.5278 -001.2515 +147.0770 +015.3586 -139.7333 0
L1 05     89 +014.4780 +001.4717 -005.3564 +175.1844 +039.9740 -000.8569 0
L1 06     89 +014.3127 +000.7092 -005.8033 +173.2975 +027.7203 -003.5733 0
L1 07     89 +014.7350 -000.3184 -005.9139 -177.8060 +046.6763 +017.5535 0
L1 08     89 +014.7639 -001.1268 -005.3840 +177.8474 +048.1242 -005.5351 0
L1 01     93 +017.0978 +000.4341 +001.3738 -099.5950 +001.5434 +002.3015 0
L1 02     93 +007.4448 +005.5204 +001.6835 -095.0484 +006.5684 -149.8289 0
L1 03     93 +017.2048 -000.2435 -000.6543 -094.5018 +003.1143 +087.2123 0
L1 04     93 +013.4246 +003.5276 -001.2513 +147.0755 +015.3593 -139.7336 0
L1 05     93 +014.4780 +001.4722 -005.3563 +175.1863 +039.9744 -000.8566 0
L1 06     93 +014.3128 +000.7089 -005.8031 +173.2963 +027.7221 -003.5724 0
L1 07     93 +014.7350 -000.3179 -005.9137 -177.8045 +046.6761 +017.5537 0
L1 08     93 +014.7634 -001.1271 -005.3837 +177.8454 +048.1152 -005.5388 0
L1 01     97 +017.0978 +000.4343 +001.3741 -099.5938 +001.5422 +002.3028 0
L1 02     97 +007.4448 +005.5204 +001.6835 -095.0483 +006.5680 -149.8288 0
L1 03     97 +017.2047 -000.2436 -000.6542 -094.5011 +003.1127 +087.2123 0
L1 04     97 +013.4246 +003.5275 -001.2514 +147.0758 +015.3596 -139.7308 0
L1 05     97 +014.4779 +001.4719 -005.3560 +175.1880 +039.9757 -000.8533 0
L1 06     97 +014.3126 +000.7090 -005.8032 +173.2991 +027.7207 -003.5701 0
L1 07     97 +014.7349 -000.3181 -005.9136 -177.8050 +046.6750 +017.5535 0
L1 08     97 +014.7628 -001.1274 -005.3834 +177.8504 +048.1041 -005.5385 0
L1 01    101 +017.0977 +000.4340 +001.3735 -099.5981 +001.5320 +002.2956 0
L1 02    101 +007.4448 +005.5204 +001.6835 -095.0476 +006.5682 -149.8275 0
L1 03    101 +017.2046 -000.2435 -000.6544 -094.4978 +003.1047 +087.2069 0
L1 04    101 +013.4244 +003.5273 -001.2517 +147.0797 +015.3596 -139.7224 0
L1 05    101 +014.4776 +001.4715 -005.3564 +175.1937 +039.9708 -000.8465 0
L1 06    101 +014.3123 +000.7087 -005.8033 +173.3041 +027.7170 -003.5651 0
L1 07    101 +014.7342 -000.3186 -005.9136 -177.7984 +046.6681 +017.5611 0
L1 08    101 +014.7619 -001.1275 -005.3831 +177.8653 +048.0908 -005.5342 0
L1 01    105 +017.0978 +000.4343 +001.3734 -099.5992 +001.5304 +002.2949 0
L1 02    105 +007.4448 +005.5204 +001.6835 -095.0478 +006.5680 -149.8232 0
L1 03    105 +017.2046 -000.2438 -000.6543 -094.5001 +003.1004 +087.2070 0
L1 04    105 +013.4242 +003.5271 -001.2518 +147.0816 +015.3598 -139.7173 0
L1 05    105 +014.4771 +001.4706 -005.3565 +175.1991 +039.9672 -000.8382 0
L1 06    105 +014.3117 +000.7076 -005.8033 +173.3089 +027.7145 -003.5542 0
L1 07    105 +014.7340 -000.3191 -005.9136 -177.7919 +046.6649 +017.5682 0
L1 08    105 +014.7611 -001.1290 -005.3827 +177.8712 +048.0827 -005.5250 0
L1 01    109 +017.0978 +000.4343 +001.3732 -099.6033 +001.5309 +002.2921 0
L1 02    109 +007.4449 +005.5204 +001.6836 -095.0478 +006.5676 -149.8224 0
L1 03    109 +017.2045 -000.2443 -000.6546 -094.5027 +003.0991 +087.2036 0
L1 04    109 +013.4242 +003.5272 -001.2518 +147.0814 +015.3585 -139.7154 0
L1 05    109 +014.4770 +001.4701 -005.3566 +175.2004 +039.9659 -000.8344 0
L1 06    109 +014.3116 +000.7074 -005.8037 +173.3076 +027.7110 -003.5540 0
L1 07    109 +014.7338 -000.3200 -005.9138 -177.7924 +046.6627 +017.5716 0
L1 08    109 +014.7608 -001.1291 -005.3827 +177.8742 +048.0749 -005.5264 0
L1 01    113 +017.0978 +000.4341 +001.3734 -099.6103 +001.5325 +002.2951 0
L1 02    113 +007.4449 +005.5204 +001.6835 -095.0480 +006.5676 -149.8244 0
L1 03    113 +017.2044 -000.2444 -000.6545 -094.5035 +003.0969 +087.2033 0
L1 04    113 +013.4243 +003.5270 -001.2517 +147.0805 +015.3565 -139.7129 0
L1 05    113 +014.4767 +001.4701 -005.3566 +175.2016 +039.9647 -000.8327 0
L1 06    113 +014.3115 +000.7068 -005.8032 +173.3045 +027.7136 -003.5519 0
L1 07    113 +014.7335 -000.3201 -005.9138 -177.7924 +046.6604 +017.5717 0
L1 08    113 +014.7605 -001.1293 -005.3821 +177.8768 +048.0723 -005.5256 0
L1 01    117 +017.0978 +000.4342 +001.3731 -099.6176 +001.5549 +002.2912 0
L1 02    117 +007.4448 +005.5204 +001.6835 -095.0478 +006.5675 -149.8276 0
L1 03    117 +017.2043 -000.2444 -000.6545 -094.5023 +003.0952 +087.2011 0
L1 04    117 +013.4242 +003.5270 -001.2518 +147.0843 +015.3548 -139.7072 0
L1 05    117 +014.4766 +001.4701 -005.3565 +175.2043 +039.9634 -000.8312 0
L1 06    117 +014.3111 +000.7069 -005.8032 +173.3081 +027.7111 -003.5509 0
L1 07    117 +014.7333 -000.3206 -005.9134 -177.7915 +046.6587 +017.5758 0
L1 08    117 +014.7600 -001.1295 -005.3819 +177.8832 +048.0656 -005.5240 0
L1 01    121 +017.0978 +000.4343 +001.3732 -099.6172 +001.5777 +002.2914 0
L1 02    121 +007.4449 +005.5204 +001.6835 -095.0483 +006.5675 -149.8270 0
L1 03    121 +017.2043 -000.2444 -000.6546 -094.5028 +003.0948 +087.1998 0
L1 04    121 +013.4242 +003.5269 -001.2518 +147.0829 +015.3553 -139.7085 0
L1 05    121 +014.4766 +001.4700 -005.3562 +175.2043 +039.9648 -000.8304 0
L1 06    121 +014.3113 +000.7066 -005.8031 +173.3068 +027.7117 -003.5507 0
L1 07    121 +014.7333 -000.3203 -005.9133 -177.7910 +046.6579 +017.5740 0
L1 08    121 +014.7598 -001.1294 -005.3820 +177.8846 +048.0619 -005.5268 0
L1 01    125 +017.0978 +000.4343 +001.3734 -099.6137 +001.5902 +002.2996 0
L1 02    125 +007.4449 +005.5204 +001.6835 -095.0482 +006.5669 -149.8249 0
L1 03    125 +017.2044 -000.2441 -000.6544 -094.5014 +003.0971 +087.2040 0
L1 04    125 +013.4244 +003.5270 -001.2518 +147.0800 +015.3546 -139.7114 0
L1 05    125 +014.4770 +001.4700 -005.3561 +175.2028 +039.9681 -000.8313 0
L1 06    125 +014.3115 +000.7072 -005.8033 +173.3070 +027.7122 -003.5524 0
L1 07    125 +014.7337 -000.3201 -005.9133 -177.7923 +046.6617 +017.5727 0
L1 08    125 +014.7601 -001.1291 -005.3818 +177.8805 +048.0657 -005.5337 0
L1 01    129 +017.0978 +000.4344 +001.3741 -099.6098 +001.5803 +002.3003 0
L1 02    129 +007.4449 +005.5204 +001.6835 -095.0482 +006.5668 -149.8224 0
L1 03    129 +017.2044 -000.2443 -000.6542 -094.5029 +003.0970 +087.2061 0
L1 04    129 +013.4245 +003.5270 -001.2516 +147.0801 +015.3554 -139.7120 0
L1 05    129 +014.4770 +001.4699 -005.3562 +175.2001 +039.9682 -000.8320 0
L1 06    129 +014.3116 +000.7071 -005.8032 +173.3054 +027.7142 -003.5535 0
L1 07    129 +014.7336 -000.3202 -005.9136 -177.7967 +046.6596 +017.5705 0
L1 08    129 +014.7602 -001.1292 -005.3817 +177.8792 +048.0655 -005.5374 0
L1 01    133 +017.0977 +000.4341 +001.3735 -099.6092 +001.5607 +002.2915 0
L1 02    133 +007.4449 +005.5204 +001.6835 -095.0480 +006.5670 -149.8234 0
L1 03    133 +017.2043 -000.2443 -000.6542 -094.5021 +003.0918 +087.2028 0
L1 04    133 +013.4243 +003.5268 -001.2518 +147.0857 +015.3542 -139.7032 0
L1 05    133 +014.4767 +001.4696 -005.3560 +175.2033 +039.9673 -000.8289 0
L1 06    133 +014.3114 +000.7067 -005.8030 +173.3087 +027.7124 -003.5484 0
L1 07    133 +014.7333 -000.3208 -005.9133 -177.7899 +046.6571 +017.5780 0
L1 08    133 +014.7596 -001.1299 -005.3814 +177.8898 +048.0595 -005.5285 0
L1 01    137 +017.0976 +000.4343 +001.3737 -099.6060 +001.5475 +002.2917 0
L1 02    137 +007.4449 +005.5204 +001.6836 -095.0478 +006.5672 -149.8246 0
L1 03    137 +017.2041 -000.2444 -000.6543 -094.5002 +003.0859 +087.1990 0
L1 04    137 +013.4240 +003.5266 -001.2519 +147.0894 +015.3530 -139.6966 0
L1 05    137 +014.4763 +001.4690 -005.3557 +175.2085 +039.9647 -000.8230 0
L1 06    137 +014.3105 +000.7061 -005.8031 +173.3145 +027.7055 -003.5417 0
L1 07    137 +014.7324 -000.3215 -005.9134 -177.7837 +046.6496 +017.5840 0
L1 08    137 +014.7587 -001.1309 -005.3812 +177.9018 +048.0505 -005.5176 0
L1 01    141 +017.0977 +000.4343 +001.3738 -099.6091 +001.5458 +002.2925 0
L1 02    141 +007.4449 +005.5204 +001.6836 -095.0485 +006.5669 -149.8260 0
L1 03    141 +017.2042 -000.2446 -000.6543 -094.5028 +003.0888 +087.1990 0
L1 04    141 +013.4241 +003.5266 -001.2519 +147.0872 +015.3531 -139.7000 0
L1 05    141 +014.4763 +001.4689 -005.3560 +175.2082 +039.9634 -000.8219 0
L1 06    141 +014.3108 +000.7062 -005.8029 +173.3116 +027.7088 -003.5432 0
L1 07    141 +014.7328 -000.3218 -005.9131 -177.7880 +046.6530 +017.5834 0
L1 08    141 +014.7588 -001.1307 -005.3813 +177.8993 +048.0495 -005.5227 0
L1 01    145 +017.0977 +000.4341 +001.3737 -099.6105 +001.5472 +002.2920 0
L1 02    145 +007.4449 +005.5204 +001.6835 -095.0482 +006.5669 -149.8249 0
L1 03    145 +017.2043 -000.2443 -000.6544 -094.5018 +003.0921 +087.2002 0
L1 04    145 +013.4243 +003.5268 -001.2518 +147.0855 +015.3539 -139.7056 0
L1 05    145 +014.4749 +001.4722 -005.3588 +175.2091 +039.9434 -000.8372 0
L1 06    145 +014.3093 +000.7091 -005.8060 +173.3119 +027.6871 -003.5577 0
L1 07    145 +014.7315 -000.3189 -005.9162 -177.8010 +046.6348 +017.5572 0
L1 08    145 +014.7578 -001.1269 -005.3845 +177.8850 +048.0273 -005.5610 0
L1 01    149 +017.0977 +000.4343 +001.3735 -099.6103 +001.5476 +002.2910 0
L1 02    149 +007.4449 +005.5204 +001.6835 -095.0484 +006.5665 -149.8228 0
L1 03    149 +017.2043 -000.2443 -000.6544 -094.5018 +003.0933 +087.2017 0
L1 04    149 +013.4243 +003.5270 -001.2517 +147.0867 +015.3555 -139.7067 0
L1 05    149 +014.4767 +001.4692 -005.3562 +175.2029 +039.9646 -000.8276 0
L1 06    149 +014.3114 +000.7067 -005.8029 +173.3090 +027.7118 -003.5485 0
L1 07    149 +014.7331 -000.3205 -005.9137 -177.7956 +046.6531 +017.5700 0
L1 08    149 +014.7593 -001.1296 -005.3813 +177.8948 +048.0515 -005.5397 0
L1 01    153 +017.0977 +000.4343 +001.3735 -099.6112 +001.5453 +002.2912 0
L1 02    153 +007.4449 +005.5204 +001.6836 -095.0477 +006.5667 -149.8221 0
L1 03    153 +017.2043 -000.2446 -000.6543 -094.5033 +003.0912 +087.2013 0
L1 04    153 +013.4242 +003.5268 -001.2517 +147.0876 +015.3567 -139.7041 0
L1 05    153 +014.4764 +001.4693 -005.3560 +175.2069 +039.9642 -000.8250 0
L1 06    153 +014.3112 +000.7061 -005.8025 +173.3102 +027.7135 -003.5452 0
L1 07    153 +014.7330 -000.3211 -005.9132 -177.7899 +046.6534 +017.5778 0
L1 08    153 +014.7590 -001.1303 -005.3808 +177.9022 +048.0503 -005.5326 0
L1 01    157 +017.0976 +000.4342 +001.3734 -099.6125 +001.5428 +002.2899 0
L1 02    157 +007.4449 +005.5204 +001.6836 -095.0481 +006.5667 -149.8233 0
L1 03    157 +017.2042 -000.2447 -000.6543 -094.5028 +003.0892 +087.1997 0
L1 04    157 +013.4241 +003.5266 -001.2517 +147.0888 +015.3566 -139.7021 0
L1 05    157 +014.4763 +001.4691 -005.3561 +175.2092 +039.9625 -000.8236 0
L1 06    157 +014.3108 +000.7060 -005.8029 +173.3114 +027.7094 -003.5436 0
L1 07    157 +014.7328 -000.3218 -005.9131 -177.7874 +046.6517 +017.5834 0
L1 08    157 +014.7588 -001.1305 -005.3809 +177.9063 +048.0465 -005.5314 0
L1 01    161 +017.0977 +000.4340 +001.3735 -099.6137 +001.5435 +002.2914 0
L1 02    161 +007.4449 +005.5204 +001.6836 -095.0475 +006.5666 -149.8240 0
L1 03    161 +017.2043 -000.2445 -000.6540 -094.5016 +003.0903 +087.2027 0
L1 04    161 +013.4242 +003.5266 -001.2517 +147.0872 +015.3569 -139.7039 0
L1 05    161 +014.4765 +001.4693 -005.3561 +175.2085 +039.9642 -000.8246 0
L1 06    161 +014.3111 +000.7064 -005.8028 +173.3116 +027.7113 -003.5461 0
L1 07    161 +014.7331 -000.3212 -005.9129 -177.7873 +046.6541 +017.5805 0
L1 08    161 +014.7589 -001.1301 -005.3808 +177.9052 +048.0476 -005.5364 0
L1 01    165 +017.0977 +000.4339 +001.3739 -099.6150 +001.5457 +002.2949 0
L1 02    165 +007.4449 +005.5204 +001.6835 -095.0478 +006.5663 -149.8242 0
L1 03    165 +017.2043 -000.2443 -000.6539 -094.5023 +003.0923 +087.2041 0
L1 04    165 +013.4243 +003.5267 -001.2517 +147.0848 +015.3580 -139.7076 0
L1 05    165 +014.4768 +001.4694 -005.3557 +175.2053 +039.9681 -000.8273 0
L1 06    165 +014.3114 +000.7067 -005.8026 +173.3095 +027.7152 -003.5501 0
L1 07    165 +014.7333 -000.3212 -005.9128 -177.7935 +046.6570 +017.5770 0
L1 08    165 +014.7590 -001.1300 -005.3809 +177.9006 +048.0486 -005.5423 0
L1 01    169 +017.0977 +000.4341 +001.3737 -099.6142 +001.5453 +002.2932 0
L1 02    169 +007.4449 +005.5204 +001.6836 -095.0477 +006.5662 -149.8222 0
L1 03    169 +017.2044 -000.2443 -000.6540 -094.5021 +003.0930 +087.2036 0
L1 04    169 +013.4242 +003.5267 -001.2516 +147.0857 +015.3589 -139.7083 0
L1 05    169 +014.4769 +001.4693 -005.3558 +175.2044 +039.9686 -000.8281 0
L1 06    169 +014.3114 +000.7068 -005.8028 +173.3099 +027.7134 -003.5503 0
L1 07    169 +014.7332 -000.3211 -005.9131 -177.7928 +046.6555 +017.5756 0
L1 08    169 +014.7591 -001.1298 -005.3808 +177.9031 +048.0486 -005.5456 0
L1 01    173 +017.0977 +000.4338 +001.3737 -099.6143 +001.5432 +002.2936 0
L1 02    173 +007.4449 +005.5204 +001.6835 -095.0473 +006.5660 -149.8208 0
L1 03    173 +017.2044 -000.2443 -000.6540 -094.5009 +003.0919 +087.2036 0
L1 04    173 +013.4242 +003.5266 -001.2517 +147.0857 +015.3586 -139.7070 0
L1 05    173 +014.4768 +001.4696 -005.3559 +175.2080 +039.9672 -000.8271 0
L1 06    173 +014.3114 +000.7067 -005.8028 +173.3119 +027.7134 -003.5484 0
L1 07    173 +014.7333 -000.3212 -005.9129 -177.7912 +046.6560 +017.5770 0
L1 08    173 +014.7591 -001.1301 -005.3807 +177.9072 +048.0481 -005.5425 0
L1 01    177 +017.0977 +000.4336 +001.3739 -099.6155 +001.5438 +002.2955 0
L1 02    177 +007.4449 +005.5204 +001.6836 -095.0477 +006.5660 -149.8209 0
L1 03    177 +017.2044 -000.2443 -000.6538 -094.5011 +003.0920 +087.2048 0
L1 04    177 +013.4242 +003.5266 -001.2518 +147.0849 +015.3583 -139.7070 0
L1 05    177 +014.4768 +001.4695 -005.3559 +175.2070 +039.9677 -000.8264 0
L1 06    177 +014.3115 +000.7069 -005.8026 +173.3111 +027.7143 -003.5500 0
L1 07    177 +014.7334 -000.3211 -005.9127 -177.7913 +046.6573 +017.5763 0
L1 08    177 +014.7591 -001.1300 -005.3806 +177.9071 +048.0488 -005.5444 0
L1 01    181 +017.0978 +000.4338 +001.3738 -099.6147 +001.5440 +002.2947 0
L1 02    181 +007.4449 +005.5204 +001.6836 -095.0476 +006.5659 -149.8228 0
L1 03    181 +017.2044 -000.2443 -000.6538 -094.5011 +003.0924 +087.2049 0
L1 04    181 +013.4243 +003.5267 -001.2517 +147.0851 +015.3586 -139.7077 0
L1 05    181 +014.4769 +001.4695 -005.3558 +175.2067 +039.9683 -000.8268 0
L1 06    181 +014.3116 +000.7068 -005.8025 +173.3104 +027.7153 -003.5497 0
L1 07    181 +014.7334 -000.3209 -005.9127 -177.7919 +046.6572 +017.5749 0
L1 08    181 +014.7591 -001.1300 -005.3805 +177.9072 +048.0483 -005.5471 0
L1 01    185 +017.0977 +000.4339 +001.3738 -099.6135 +001.5427 +002.2942 0
L1 02    185 +007.4449 +005.5204 +001.6836 -095.0476 +006.5657 -149.8230 0
L1 03    185 +017.2044 -000.2441 -000.6537 -094.4993 +003.0913 +087.2052 0
L1 04    185 +013.4242 +003.5267 -001.2517 +147.0860 +015.3586 -139.7079 0
L1 05    185 +014.4769 +001.4695 -005.3556 +175.2072 +039.9689 -000.8275 0
L1 06    185 +014.3115 +000.7069 -005.8025 +173.3125 +027.7153 -003.5489 0
L1 07    185 +014.7334 -000.3203 -005.9127 -177.7898 +046.6565 +017.5738 0
L1 08    185 +014.7590 -001.1298 -005.3806 +177.9121 +048.0448 -005.5493 0
L1 01    189 +017.0978 +000.4338 +001.3742 -099.6148 +001.5443 +002.2979 0
L1 02    189 +007.4449 +005.5204 +001.6836 -095.0482 +006.5656 -149.8228 0
L1 03    189 +017.2044 -000.2443 -000.6537 -094.5009 +003.0914 +087.2061 0
L1 04    189 +013.4243 +003.5266 -001.2516 +147.0845 +015.3594 -139.7082 0
L1 05    189 +014.4771 +001.4695 -005.3554 +175.2065 +039.9712 -000.8274 0
L1 06    189 +014.3116 +000.7068 -005.8024 +173.3112 +027.7167 -003.5486 0
L1 07    189 +014.7336 -000.3209 -005.9124 -177.7915 +046.6593 +017.5754 0
L1 08    189 +014.7591 -001.1301 -005.3805 +177.9115 +048.0475 -005.5466 0
L1 01    193 +017.0977 +000.4341 +001.3738 -099.6145 +001.5451 +002.2948 0
L1 02    193 +007.4449 +005.5204 +001.6836 -095.0480 +006.5655 -149.8218 0
L1 03    193 +017.2045 -000.2444 -000.6537 -094.5022 +003.0930 +087.2056 0
L1 04    193 +013.4244 +003.5267 -001.2515 +147.0846 +015.3604 -139.7096 0
L1 05    193 +014.4771 +001.4699 -005.3555 +175.2079 +039.9708 -000.8289 0
L1 06    193 +014.3117 +000.7067 -005.8025 +173.3107 +027.7159 -003.5485 0
L1 07    193 +014.7336 -000.3211 -005.9127 -177.7950 +046.6576 +017.5726 0
L1 08    193 +014.7591 -001.1301 -005.3806 +177.9088 +048.0469 -005.5530 0
L1 01    197 +017.0977 +000.4342 +001.3735 -099.6148 +001.5446 +002.2926 0
L1 02    197 +007.4449 +005.5204 +001.6836 -095.0473 +006.5653 -149.8205 0
L1 03    197 +017.2045 -000.2445 -000.6537 -094.5021 +003.0933 +087.2058 0
L1 04    197 +013.4243 +003.5267 -001.2514 +147.0856 +015.3618 -139.7103 0
L1 05    197 +014.4772 +001.4699 -005.3554 +175.2085 +039.9715 -000.8289 0
L1 06    197 +014.3118 +000.7068 -005.8025 +173.3112 +027.7160 -003.5493 0
L1 07    197 +014.7334 -000.3209 -005.9131 -177.7947 +046.6541 +017.5721 0
L1 08    197 +014.7591 -001.1301 -005.3806 +177.9100 +048.0464 -005.5537 0
L1 01    201 +017.0977 +000.4344 +001.3738 -099.6148 +001.5438 +002.2941 0
L1 02    201 +007.4449 +005.5204 +001.6835 -095.0473 +006.5649 -149.8199 0
L1 03    201 +017.2045 -000.2445 -000.6536 -094.5019 +003.0922 +087.2062 0
L1 04    201 +013.4243 +003.5267 -001.2515 +147.0863 +015.3617 -139.7080 0
L1 05    201 +014.4771 +001.4697 -005.3557 +175.2093 +039.9689 -000.8278 0
L1 06    201 +014.3117 +000.7066 -005.8025 +173.3105 +027.7158 -003.5481 0
L1 07    201 +014.7336 -000.3213 -005.9127 -177.7941 +046.6561 +017.5741 0
L1 08    201 +014.7591 -001.1302 -005.3804 +177.9136 +048.0464 -005.5513 0
L1 01    205 +017.0977 +000.4338 +001.3736 -099.6209 +001.5427 +002.2930 0
L1 02    205 +007.4449 +005.5204 +001.6835 -095.0472 +006.5650 -149.8192 0
L1 03    205 +017.2045 -000.2444 -000.6536 -094.5014 +003.0916 +087.2060 0
L1 04    205 +013.4244 +003.5266 -001.2515 +147.0850 +015.3622 -139.7090 0
L1 05    205 +014.4772 +001.4694 -005.3556 +175.2092 +039.9696 -000.8255 0
L1 06    205 +014.3118 +000.7063 -005.8024 +173.3107 +027.7163 -003.5468 0
L1 07    205 +014.7335 -000.3210 -005.9129 -177.7912 +046.6547 +017.5750 0
L1 08    205 +014.7591 -001.1302 -005.3804 +177.9155 +048.0461 -005.5527 0
L1 01    209 +017.0977 +000.4344 +001.3737 -099.6179 +001.5443 +002.2938 0
L1 02    209 +007.4449 +005.5204 +001.6836 -095.0469 +006.5648 -149.8187 0
L1 03    209 +017.2046 -000.2445 -000.6536 -094.5012 +003.0923 +087.2063 0
L1 04    209 +013.4244 +003.5267 -001.2515 +147.0856 +015.3621 -139.7095 0
L1 05    209 +014.4772 +001.4695 -005.3558 +175.2089 +039.9688 -000.8266 0
L1 06    209 +014.3118 +000.7065 -005.8025 +173.3110 +027.7161 -003.5484 0
L1 07    209 +014.7338 -000.3210 -005.9126 -177.7928 +046.6567 +017.5737 0
L1 08    209 +014.7592 -001.1302 -005.3804 +177.9128 +048.0472 -005.5570 0
L1 01    213 +017.0978 +000.4345 +001.3740 -099.6194 +001.5441 +002.2959 0
L1 02    213 +007.4449 +005.5204 +001.6836 -095.0471 +006.5649 -149.8198 0
L1 03    213 +017.2046 -000.2445 -000.6536 -094.5014 +003.0923 +087.2069 0
L1 04    213 +013.4244 +003.5266 -001.2514 +147.0846 +015.3625 -139.7103 0
L1 05    213 +014.4773 +001.4695 -005.3555 +175.2080 +039.9705 -000.8270 0
L1 06    213 +014.3119 +000.7067 -005.8023 +173.3107 +027.7176 -003.5495 0
L1 07    213 +014.7338 -000.3210 -005.9123 -177.7935 +046.6591 +017.5734 0
L1 08    213 +014.7593 -001.1301 -005.3803 +177.9141 +048.0471 -005.5579 0
L1 01    217 +017.0978 +000.4343 +001.3739 -099.6231 +001.5439 +002.2949 0
L1 02    217 +007.4449 +005.5204 +001.6836 -095.0471 +006.5650 -149.8230 0
L1 03    217 +017.2046 -000.2446 -000.6536 -094.5025 +003.0925 +087.2065 0
L1 04    217 +013.4245 +003.5266 -001.2513 +147.0842 +015.3626 -139.7104 0
L1 05    217 +014.4773 +001.4695 -005.3555 +175.2073 +039.9707 -000.8274 0
L1 06    217 +014.3119 +000.7067 -005.8023 +173.3106 +027.7168 -003.5497 0
L1 07    217 +014.7338 -000.3208 -005.9126 -177.7942 +046.6573 +017.5724 0
L1 08    217 +014.7592 -001.1302 -005.3803 +177.9140 +048.0458 -005.5586 0
L1 01    221 +017.0979 +000.4342 +001.3742 -099.6267 +001.5452 +002.2984 0
L1 02    221 +007.4449 +005.5204 +001.6836 -095.0469 +006.5647 -149.8200 0
L1 03    221 +017.2047 -000.2446 -000.6534 -094.5023 +003.0929 +087.2079 0
L1 04    221 +013.4245 +003.5266 -001.2513 +147.0841 +015.3631 -139.7109 0
L1 05    221 +014.4776 +001.4694 -005.3551 +175.2059 +039.9734 -000.8285 0
L1 06    221 +014.3121 +000.7069 -005.8021 +173.3116 +027.7196 -003.5501 0
L1 07    221 +014.7338 -000.3212 -005.9126 -177.7965 +046.6580 +017.5727 0
L1 08    221 +014.7593 -001.1303 -005.3802 +177.9145 +048.0475 -005.5597 0
L1 01    225 +017.0979 +000.4349 +001.3740 -099.6257 +001.5452 +002.2967 0
L1 02    225 +007.4449 +005.5204 +001.6836 -095.0471 +006.5648 -149.8178 0
L1 03    225 +017.2047 -000.2446 -000.6535 -094.5017 +003.0923 +087.2076 0
L1 04    225 +013.4244 +003.5267 -001.2514 +147.0858 +015.3638 -139.7102 0
L1 05    225 +014.4775 +001.4694 -005.3554 +175.2076 +039.9720 -000.8271 0
L1 06    225 +014.3121 +000.7065 -005.8023 +173.3109 +027.7176 -003.5491 0
L1 07    225 +014.7340 -000.3213 -005.9122 -177.7959 +046.6602 +017.5727 0
L1 08    225 +014.7593 -001.1303 -005.3802 +177.9167 +048.0469 -005.5593 0
L1 01    229 +017.0979 +000.4343 +001.3740 -099.6347 +001.5432 +002.2960 0
L1 02    229 +007.4449 +005.5204 +001.6836 -095.0468 +006.5645 -149.8159 0
L1 03    229 +017.2046 -000.2445 -000.6534 -094.5014 +003.0905 +087.2077 0
L1 04    229 +013.4245 +003.5265 -001.2514 +147.0853 +015.3647 -139.7087 0
L1 05    229 +014.4774 +001.4690 -005.3555 +175.2092 +039.9716 -000.8235 0
L1 06    229 +014.3119 +000.7059 -005.8025 +173.3106 +027.7163 -003.5459 0
L1 07    229 +014.7340 -000.3216 -005.9122 -177.7943 +046.6595 +017.5758 0
L1 08    229 +014.7592 -001.1307 -005.3803 +177.9212 +048.0441 -005.5551 0
L1 01    233 +017.0979 +000.4345 +001.3741 -099.6345 +001.5424 +002.2982 0
L1 02    233 +007.4449 +005.5204 +001.6836 -095.0463 +006.5644 -149.8161 0
L1 03    233 +017.2047 -000.2442 -000.6535 -094.4988 +003.0903 +087.2071 0
L1 04    233 +013.4245 +003.5266 -001.2514 +147.0858 +015.3650 -139.7094 0
L1 05    233 +014.4773 +001.4695 -005.3558 +175.2101 +039.9700 -000.8254 0
L1 06    233 +014.3122 +000.7063 -005.8024 +173.3119 +027.7173 -003.5474 0
L1 07    233 +014.7340 -000.3211 -005.9124 -177.7930 +046.6579 +017.5734 0
L1 08    233 +014.7593 -001.1304 -005.3802 +177.9209 +048.0459 -005.5593 0
L1 01    237 +017.0979 +000.4341 +001.3743 -099.6410 +001.5450 +002.3014 0
L1 02    237 +007.4449 +005.5204 +001.6836 -095.0472 +006.5644 -149.8164 0
L1 03    237 +017.2047 -000.2443 -000.6534 -094.5007 +003.0917 +087.2094 0
L1 04    237 +013.4246 +003.5265 -001.2513 +147.0828 +015.3651 -139.7125 0
L1 05    237 +014.4776 +001.4696 -005.3555 +175.2076 +039.9729 -000.8276 0
L1 06    237 +014.3123 +000.7066 -005.8023 +173.3100 +027.7195 -003.5499 0
L1 07    237 +014.7342 -000.3214 -005.9124 -177.7958 +046.6598 +017.5734 0
L1 08    237 +014.7595 -001.1302 -005.3801 +177.9183 +048.0488 -005.5631 0
L1 01    241 +017.0980 +000.4344 +001.3745 -099.6412 +001.5437 +002.3018 0
L1 02    241 +007.4449 +005.5204 +001.6836 -095.0476 +006.5643 -149.8183 0
L1 03    241 +017.2047 -000.2445 -000.6534 -094.5013 +003.0919 +087.2090 0
L1 04    241 +013.4246 +003.5265 -001.2514 +147.0838 +015.3644 -139.7109 0
L1 05    241 +014.4777 +001.4692 -005.3553 +175.2059 +039.9746 -000.8269 0
L1 06    241 +014.3124 +000.7062 -005.8022 +173.3089 +027.7208 -003.5487 0
L1 07    241 +014.7341 -000.3211 -005.9125 -177.7961 +046.6593 +017.5718 0
L1 08    241 +014.7595 -001.1303 -005.3801 +177.9178 +048.0482 -005.5643 0
L1 01    245 +017.0979 +000.4343 +001.3746 -099.6442 +001.5412 +002.3011 0
L1 02    245 +007.4449 +005.5204 +001.6836 -095.0476 +006.5648 -149.8190 0
L1 03    245 +017.2047 -000.2445 -000.6533 -094.5009 +003.0897 +087.2085 0
L1 04    245 +013.4245 +003.5265 -001.2513 +147.0856 +015.3647 -139.7085 0
L1 05    245 +014.4776 +001.4686 -005.3551 +175.2079 +039.9740 -000.8238 0
L1 06    245 +014.3122 +000.7058 -005.8021 +173.3103 +027.7192 -003.5454 0
L1 07    245 +014.7340 -000.3217 -005.9123 -177.7933 +046.6581 +017.5767 0
L1 08    245 +014.7593 -001.1304 -005.3800 +177.9234 +048.0460 -005.5606 0
L1 01    249 +017.0979 +000.4340 +001.3742 -099.6510 +001.5391 +002.2962 0
L1 02    249 +007.4449 +005.5203 +001.6836 -095.0477 +006.5644 -149.8185 0
L1 03    249 +017.2046 -000.2446 -000.6535 -094.5028 +003.0880 +087.2050 0
L1 04    249 +013.4244 +003.5263 -001.2514 +147.0855 +015.3644 -139.7067 0
L1 05    249 +014.4774 +001.4687 -005.3552 +175.2108 +039.9714 -000.8212 0
L1 06    249 +014.3119 +000.7060 -005.8022 +173.3141 +027.7168 -003.5422 0
L1 07    249 +014.7337 -000.3217 -005.9125 -177.7935 +046.6553 +017.5766 0
L1 08    249 +014.7590 -001.1310 -005.3801 +177.9247 +048.0428 -005.5576 0
L1 01    253 +017.0980 +000.4342 +001.3742 -099.6518 +001.5400 +002.2974 0
L1 02    253 +007.4449 +005.5203 +001.6836 -095.0476 +006.5646 -149.8170 0
L1 03    253 +017.2046 -000.2447 -000.6534 -094.5024 +003.0882 +087.2064 0
L1 04    253 +013.4244 +003.5264 -001.2515 +147.0866 +015.3641 -139.7056 0
L1 05    253 +014.4774 +001.4688 -005.3552 +175.2111 +039.9715 -000.8212 0
L1 06    253 +014.3118 +000.7060 -005.8024 +173.3140 +027.7156 -003.5427 0
L1 07    253 +014.7336 -000.3215 -005.9126 -177.7939 +046.6543 +017.5746 0
L1 08    253 +014.7590 -001.1310 -005.3799 +177.9250 +048.0438 -005.5586 0
L1 01    257 +017.0980 +000.4341 +001.3744 -099.6537 +001.5386 +002.2992 0
L1 02    257 +007.4450 +005.5203 +001.6836 -095.0475 +006.5646 -149.8161 0
L1 03    257 +017.2046 -000.2446 -000.6533 -094.5014 +003.0873 +087.2063 0
L1 04    257 +013.4244 +003.5263 -001.2515 +147.0853 +015.3634 -139.7057 0
L1 05    257 +014.4772 +001.4692 -005.3554 +175.2128 +039.9703 -000.8211 0
L1 06    257 +014.3119 +000.7061 -005.8022 +173.3138 +027.7169 -003.5426 0
L1 07    257 +014.7336 -000.3214 -005.9124 -177.7928 +046.6547 +017.5752 0
L1 08    257 +014.7590 -001.1311 -005.3798 +177.9256 +048.0439 -005.5586 0
L1 01    261 +017.0980 +000.4339 +001.3746 -099.6563 +001.5377 +002.3012 0
L1 02    261 +007.4449 +005.5204 +001.6836 -095.0470 +006.5642 -149.8171 0
L1 03    261 +017.2046 -000.2445 -000.6533 -094.5011 +003.0869 +087.2066 0
L1 04    261 +013.4244 +003.5262 -001.2514 +147.0845 +015.3636 -139.7049 0
L1 05    261 +014.4772 +001.4690 -005.3554 +175.2120 +039.9696 -000.8203 0
L1 06    261 +014.3118 +000.7058 -005.8022 +173.3119 +027.7167 -003.5425 0
L1 07    261 +014.7336 -000.3213 -005.9121 -177.7907 +046.6567 +017.5770 0
L1 08    261 +014.7589 -001.1310 -005.3798 +177.9261 +048.0434 -005.5588 0
L1 01    265 +017.0978 +000.4340 +001.3745 -099.6557 +001.5440 +002.2987 0
L1 02    265 +007.4449 +005.5200 +001.6839 -095.0500 +006.5686 -149.8250 0
L1 03    265 +017.2042 -000.2442 -000.6540 -094.4995 +003.0956 +087.1984 0
L1 04    265 +013.4235 +003.5271 -001.2532 +147.0941 +015.3416 -139.6975 0
L1 05    265 +014.4771 +001.4690 -005.3553 +175.2137 +039.9692 -000.8206 0
L1 06    265 +014.3118 +000.7057 -005.8021 +173.3119 +027.7169 -003.5419 0
L1 07    265 +014.7335 -000.3220 -005.9122 -177.7949 +046.6547 +017.5759 0
L1 08    265 +014.7589 -001.1310 -005.3798 +177.9265 +048.0415 -005.5606 0
L1 01    269 +017.0978 +000.4340 +001.3742 -099.6571 +001.5395 +002.2970 0
L1 02    269 +007.4449 +005.5203 +001.6836 -095.0474 +006.5648 -149.8202 0
L1 03    269 +017.2044 -000.2443 -000.6535 -094.4994 +003.0874 +087.2039 0
L1 04    269 +013.4244 +003.5263 -001.2515 +147.0868 +015.3636 -139.7039 0
L1 05    269 +014.4771 +001.4688 -005.3553 +175.2128 +039.9686 -000.8206 0
L1 06    269 +014.3117 +000.7059 -005.8022 +173.3136 +027.7165 -003.5420 0
L1 07    269 +014.7336 -000.3218 -005.9120 -177.7935 +046.6559 +017.5761 0
L1 08    269 +014.7589 -001.1309 -005.3798 +177.9294 +048.0414 -005.5614 0
L1 01    273 +017.0979 +000.4342 +001.3743 -099.6573 +001.5399 +002.2984 0
L1 02    273 +007.4449 +005.5203 +001.6836 -095.0477 +006.5643 -149.8192 0
L1 03    273 +017.2045 -000.2448 -000.6530 -094.5023 +003.0881 +087.2086 0
L1 04    273 +013.4244 +003.5263 -001.2515 +147.0860 +015.3644 -139.7045 0
L1 05    273 +014.4771 +001.4686 -005.3554 +175.2113 +039.9685 -000.8201 0
L1 06    273 +014.3120 +000.7055 -005.8018 +173.3118 +027.7194 -003.5417 0
L1 07    273 +014.7337 -000.3222 -005.9119 -177.7950 +046.6568 +017.5774 0
L1 08    273 +014.7589 -001.1310 -005.3797 +177.9284 +048.0436 -005.5610 0
L1 01    277 +017.0979 +000.4342 +001.3746 -099.6582 +001.5392 +002.3002 0
L1 02    277 +007.4449 +005.5203 +001.6836 -095.0476 +006.5645 -149.8181 0
L1 03    277 +017.2045 -000.2446 -000.6533 -094.5014 +003.0873 +087.2064 0
L1 04    277 +013.4244 +003.5263 -001.2513 +147.0853 +015.3648 -139.7058 0
L1 05    277 +014.4771 +001.4688 -005.3555 +175.2125 +039.9682 -000.8200 0
L1 06    277 +014.3118 +000.7064 -005.8021 +173.3147 +027.7174 -003.5445 0
L1 07    277 +014.7336 -000.3219 -005.9123 -177.7966 +046.6541 +017.5743 0
L1 08    277 +014.7589 -001.1309 -005.3798 +177.9283 +048.0436 -005.5629 0
L1 01    281 +017.0979 +000.4342 +001.3742 -099.6590 +001.5386 +002.2983 0
L1 02    281 +007.4449 +005.5203 +001.6836 -095.0478 +006.5647 -149.8175 0
L1 03    281 +017.2045 -000.2446 -000.6533 -094.5016 +003.0872 +087.2061 0
L1 04    281 +013.4244 +003.5263 -001.2513 +147.0854 +015.3651 -139.7059 0
L1 05    281 +014.4772 +001.4690 -005.3555 +175.2126 +039.9682 -000.8210 0
L1 06    281 +014.3118 +000.7061 -005.8021 +173.3142 +027.7176 -003.5438 0
L1 07    281 +014.7335 -000.3218 -005.9124 -177.7952 +046.6530 +017.5753 0
L1 08    281 +014.7590 -001.1309 -005.3798 +177.9289 +048.0433 -005.5633 0
L1 01    285 +017.0979 +000.4349 +001.3741 -099.6561 +001.5389 +002.2977 0
L1 02    285 +007.4449 +005.5204 +001.6836 -095.0473 +006.5642 -149.8165 0
L1 03    285 +017.2045 -000.2446 -000.6532 -094.5007 +003.0878 +087.2070 0
L1 04    285 +013.4244 +003.5265 -001.2514 +147.0865 +015.3647 -139.7055 0
L1 05    285 +014.4772 +001.4689 -005.3555 +175.2116 +039.9686 -000.8219 0
L1 06    285 +014.3118 +000.7062 -005.8021 +173.3137 +027.7173 -003.5445 0
L1 07    285 +014.7335 -000.3215 -005.9124 -177.7957 +046.6530 +017.5730 0
L1 08    285 +014.7590 -001.1309 -005.3797 +177.9284 +048.0439 -005.5654 0
L1 01    289 +017.0979 +000.4344 +001.3745 -099.6582 +001.5387 +002.2993 0
L1 02    289 +007.4449 +005.5204 +001.6836 -095.0472 +006.5645 -149.8163 0
L1 03    289 +017.2045 -000.2448 -000.6532 -094.5021 +003.0866 +087.2066 0
L1 04    289 +013.4244 +003.5263 -001.2513 +147.0856 +015.3650 -139.7051 0
L1 05    289 +014.4771 +001.4687 -005.3555 +175.2126 +039.9683 -000.8197 0
L1 06    289 +014.3118 +000.7058 -005.8020 +173.3129 +027.7180 -003.5429 0
L1 07    289 +014.7335 -000.3213 -005.9122 -177.7925 +046.6534 +017.5744 0
L1 08    289 +014.7589 -001.1310 -005.3798 +177.9311 +048.0420 -005.5621 0
L1 01    293 +017.0979 +000.4341 +001.3745 -099.6602 +001.5382 +002.2988 0
L1 02    293 +007.4449 +005.5203 +001.6836 -095.0475 +006.5646 -149.8176 0
L1 03    293 +017.2045 -000.2450 -000.6533 -094.5038 +003.0855 +087.2053 0
L1 04    293 +013.4244 +003.5261 -001.2514 +147.0853 +015.3637 -139.7034 0
L1 05    293 +014.4771 +001.4685 -005.3552 +175.2120 +039.9692 -000.8181 0
L1 06    293 +014.3118 +000.7054 -005.8019 +173.3121 +027.7180 -003.5400 0
L1 07    293 +014.7335 -000.3216 -005.9120 -177.7935 +046.6538 +017.5755 0
L1 08    293 +014.7588 -001.1313 -005.3796 +177.9314 +048.0423 -005.5606 0
L1 01    297 +017.0979 +000.4342 +001.3745 -099.6583 +001.5383 +002.3001 0
L1 02    297 +007.4449 +005.5204 +001.6836 -095.0470 +006.5644 -149.8182 0
L1 03    297 +017.2045 -000.2447 -000.6532 -094.5015 +003.0859 +087.2063 0
L1 04    297 +013.4243 +003.5262 -001.2515 +147.0866 +015.3635 -139.7028 0
L1 05    297 +014.4771 +001.4690 -005.3552 +175.2161 +039.9690 -000.8182 0
L1 06    297 +014.3117 +000.7057 -005.8020 +173.3129 +027.7164 -003.5418 0
L1 07    297 +014.7335 -000.3219 -005.9120 -177.7954 +046.6540 +017.5750 0
L1 08    297 +014.7588 -001.1311 -005.3796 +177.9318 +048.0422 -005.5630 0
L1 01    301 +017.0979 +000.4343 +001.3743 -099.6580 +001.5383 +002.2983 0
L1 02    301 +007.4449 +005.5204 +001.6836 -095.0471 +006.5642 -149.8178 0
L1 03    301 +017.2045 -000.2446 -000.6532 -094.5011 +003.0864 +087.2060 0
L1 04    301 +013.4243 +003.5263 -001.2514 +147.0869 +015.3642 -139.7044 0
L1 05    301 +014.4771 +001.4690 -005.3552 +175.2166 +039.9693 -000.8186 0
L1 06    301 +014.3118 +000.7058 -005.8019 +173.3124 +027.7176 -003.5431 0
L1 07    301 +014.7333 -000.3224 -005.9123 -177.7976 +046.6519 +017.5757 0
L1 08    301 +014.7588 -001.1310 -005.3797 +177.9310 +048.0421 -005.5660 0
L1 01    305 +017.0979 +000.4342 +001.3743 -099.6578 +001.5384 +002.2981 0
L1 02    305 +007.4449 +005.5203 +001.6836 -095.0477 +006.5642 -149.8173 0
L1 03    305 +017.2045 -000.2446 -000.6531 -094.5015 +003.0864 +087.2065 0
L1 04    305 +013.4243 +003.5263 -001.2514 +147.0863 +015.3641 -139.7045 0
L1 05    305 +014.4771 +001.4687 -005.3552 +175.2140 +039.9695 -000.8185 0
L1 06    305 +014.3118 +000.7060 -005.8019 +173.3137 +027.7174 -003.5435 0
L1 07    305 +014.7334 -000.3221 -005.9123 -177.7971 +046.6516 +017.5749 0
L1 08    305 +014.7588 -001.1312 -005.3797 +177.9318 +048.0413 -005.5644 0
L1 01    309 +017.0979 +000.4343 +001.3743 -099.6564 +001.5384 +002.2980 0
L1 02    309 +007.4449 +005.5204 +001.6836 -095.0472 +006.5642 -149.8170 0
L1 03    309 +017.2045 -000.2446 -000.6532 -094.5004 +003.0863 +087.2061 0
L1 04    309 +013.4243 +003.5263 -001.2514 +147.0868 +015.3636 -139.7040 0
L1 05    309 +014.4772 +001.4687 -005.3549 +175.2135 +039.9712 -000.8194 0
L1 06    309 +014.3117 +000.7060 -005.8018 +173.3145 +027.7174 -003.5435 0
L1 07    309 +014.7333 -000.3220 -005.9123 -177.7962 +046.6510 +017.5750 0
L1 08    309 +014.7587 -001.1310 -005.3798 +177.9329 +048.0410 -005.5659 0
L1 01    313 +017.0979 +000.4343 +001.3743 -099.6566 +001.5379 +002.2976 0
L1 02    313 +007.4449 +005.5204 +001.6836 -095.0473 +006.5642 -149.8170 0
L1 03    313 +017.2045 -000.2448 -000.6532 -094.5022 +003.0857 +087.2058 0
L1 04    313 +013.4243 +003.5262 -001.2514 +147.0864 +015.3635 -139.7026 0
L1 05    313 +014.4770 +001.4688 -005.3551 +175.2147 +039.9686 -000.8190 0
L1 06    313 +014.3117 +000.7060 -005.8017 +173.3149 +027.7177 -003.5430 0
L1 07    313 +014.7334 -000.3222 -005.9121 -177.7953 +046.6520 +017.5764 0
L1 08    313 +014.7587 -001.1312 -005.3797 +177.9339 +048.0407 -005.5640 0
L1 01    317 +017.0979 +000.4340 +001.3745 -099.6584 +001.5372 +002.2989 0
L1 02    317 +007.4449 +005.5203 +001.6836 -095.0476 +006.5641 -149.8175 0
L1 03    317 +017.2044 -000.2448 -000.6533 -094.5028 +003.0843 +087.2045 0
L1 04    317 +013.4243 +003.5260 -001.2515 +147.0856 +015.3625 -139.7006 0
L1 05    317 +014.4771 +001.4684 -005.3550 +175.2136 +039.9695 -000.8171 0
L1 06    317 +014.3116 +000.7052 -005.8020 +173.3133 +027.7164 -003.5383 0
L1 07    317 +014.7331 -000.3219 -005.9123 -177.7923 +046.6490 +017.5770 0
L1 08    317 +014.7586 -001.1314 -005.3797 +177.9345 +048.0399 -005.5624 0
L1 01    321 +017.0979 +000.4339 +001.3744 -099.6585 +001.5359 +002.2970 0
L1 02    321 +007.4449 +005.5203 +001.6836 -095.0474 +006.5642 -149.8176 0
L1 03    321 +017.2045 -000.2446 -000.6534 -094.5007 +003.0833 +087.2022 0
L1 04    321 +013.4242 +003.5261 -001.2515 +147.0871 +015.3626 -139.7006 0
L1 05    321 +014.4769 +001.4684 -005.3552 +175.2153 +039.9674 -000.8162 0
L1 06    321 +014.3113 +000.7053 -005.8021 +173.3164 +027.7131 -003.5369 0
L1 07    321 +014.7331 -000.3218 -005.9122 -177.7924 +046.6485 +017.5760 0
L1 08    321 +014.7585 -001.1311 -005.3799 +177.9370 +048.0376 -005.5636 0
L1 01    325 +017.0979 +000.4339 +001.3745 -099.6581 +001.5358 +002.2979 0
L1 02    325 +007.4449 +005.5204 +001.6836 -095.0474 +006.5643 -149.8174 0
L1 03    325 +017.2044 -000.2446 -000.6533 -094.5001 +003.0833 +087.2036 0
L1 04    325 +013.4242 +003.5261 -001.2515 +147.0872 +015.3625 -139.7002 0
L1 05    325 +014.4768 +001.4683 -005.3554 +175.2159 +039.9654 -000.8149 0
L1 06    325 +014.3112 +000.7055 -005.8022 +173.3162 +027.7121 -003.5384 0
L1 07    325 +014.7330 -000.3221 -005.9123 -177.7942 +046.6483 +017.5763 0
L1 08    325 +014.7585 -001.1313 -005.3797 +177.9370 +048.0386 -005.5632 0
L1 01    329 +017.0979 +000.4341 +001.3743 -099.6582 +001.5372 +002.2971 0
L1 02    329 +007.4450 +005.5203 +001.6836 -095.0476 +006.5642 -149.8167 0
L1 03    329 +017.2044 -000.2449 -000.6533 -094.5031 +003.0850 +087.2040 0
L1 04    329 +013.4243 +003.5261 -001.2514 +147.0858 +015.3632 -139.7021 0
L1 05    329 +014.4769 +001.4684 -005.3556 +175.2152 +039.9655 -000.8149 0
L1 06    329 +014.3115 +000.7057 -005.8021 +173.3140 +027.7135 -003.5407 0
L1 07    329 +014.7333 -000.3221 -005.9121 -177.7986 +046.6514 +017.5736 0
L1 08    329 +014.7586 -001.1312 -005.3797 +177.9344 +048.0395 -005.5655 0
L1 01    333 +017.0979 +000.4343 +001.3744 -099.6555 +001.5383 +002.2976 0
L1 02    333 +007.4449 +005.5203 +001.6836 -095.0471 +006.5641 -149.8160 0
L1 03    333 +017.2045 -000.2447 -000.6534 -094.5015 +003.0864 +087.2037 0
L1 04    333 +013.4243 +003.5264 -001.2512 +147.0871 +015.3645 -139.7054 0
L1 05    333 +014.4769 +001.4686 -005.3555 +175.2154 +039.9662 -000.8163 0
L1 06    333 +014.3116 +000.7058 -005.8022 +173.3136 +027.7133 -003.5428 0
L1 07    333 +014.7333 -000.3217 -005.9123 -177.7985 +046.6506 +017.5706 0
L1 08    333 +014.7588 -001.1310 -005.3798 +177.9320 +048.0405 -005.5701 0
L1 01    337 +017.0979 +000.4344 +001.3744 -099.6553 +001.5378 +002.2973 0
L1 02    337 +007.4449 +005.5203 +001.6836 -095.0474 +006.5641 -149.8175 0
L1 03    337 +017.2045 -000.2448 -000.6535 -094.5024 +003.0860 +087.2034 0
L1 04    337 +013.4243 +003.5263 -001.2514 +147.0868 +015.3631 -139.7032 0
L1 05    337 +014.4769 +001.4686 -005.3556 +175.2156 +039.9655 -000.8163 0
L1 06    337 +014.3116 +000.7059 -005.8020 +173.3140 +027.7152 -003.5428 0
L1 07    337 +014.7332 -000.3216 -005.9124 -177.7960 +046.6494 +017.5726 0
L1 08    337 +014.7586 -001.1312 -005.3798 +177.9334 +048.0395 -005.5679 0
L1 01    341 +017.0979 +000.4339 +001.3743 -099.6576 +001.5375 +002.2963 0
L1 02    341 +007.4449 +005.5203 +001.6836 -095.0475 +006.5642 -149.8181 0
L1 03    341 +017.2044 -000.2450 -000.6532 -094.5038 +003.0846 +087.2040 0
L1 04    341 +013.4242 +003.5261 -001.2514 +147.0866 +015.3633 -139.7012 0
L1 05    341 +014.4768 +001.4687 -005.3553 +175.2176 +039.9667 -000.8154 0
L1 06    341 +014.3115 +000.7055 -005.8019 +173.3147 +027.7150 -003.5395 0
L1 07    341 +014.7332 -000.3219 -005.9122 -177.7953 +046.6496 +017.5742 0
L1 08    341 +014.7585 -001.1316 -005.3797 +177.9362 +048.0385 -005.5629 0
L1 01    345 +017.0979 +000.4340 +001.3744 -099.6566 +001.5373 +002.2974 0
L1 02    345 +007.4449 +005.5204 +001.6836 -095.0469 +006.5641 -149.8177 0
L1 03    345 +017.2045 -000.2447 -000.6533 -094.5016 +003.0846 +087.2038 0
L1 04    345 +013.4243 +003.5262 -001.2514 +147.0871 +015.3628 -139.7013 0
L1 05    345 +014.4769 +001.4687 -005.3553 +175.2176 +039.9666 -000.8153 0
L1 06    345 +014.3115 +000.7055 -005.8019 +173.3139 +027.7147 -003.5398 0
L1 07    345 +014.7332 -000.3221 -005.9121 -177.7953 +046.6499 +017.5756 0
L1 08    345 +014.7586 -001.1313 -005.3796 +177.9366 +048.0397 -005.5656 0
L1 01    349 +017.0979 +000.4342 +001.3747 -099.6548 +001.5384 +002.2998 0
L1 02    349 +007.4449 +005.5203 +001.6836 -095.0473 +006.5641 -149.8168 0
L1 03    349 +017.2045 -000.2447 -000.6533 -094.5014 +003.0855 +087.2049 0
L1 04    349 +013.4243 +003.5262 -001.2515 +147.0862 +015.3628 -139.7020 0
L1 05    349 +014.4770 +001.4686 -005.3553 +175.2154 +039.9677 -000.8162 0
L1 06    349 +014.3115 +000.7058 -005.8021 +173.3146 +027.7140 -003.5414 0
L1 07    349 +014.7333 -000.3223 -005.9121 -177.7986 +046.6505 +017.5735 0
L1 08    349 +014.7587 -001.1313 -005.3796 +177.9352 +048.0407 -005.5669 0
L1 01    353 +017.0979 +000.4343 +001.3747 -099.6545 +001.5388 +002.2996 0
L1 02    353 +007.4449 +005.5203 +001.6836 -095.0472 +006.5640 -149.8158 0
L1 03    353 +017.2044 -000.2449 -000.6532 -094.5026 +003.0851 +087.2053 0
L1 04    353 +013.4243 +003.5261 -001.2514 +147.0856 +015.3630 -139.7016 0
L1 05    353 +014.4769 +001.4687 -005.3553 +175.2154 +039.9674 -000.8165 0
L1 06    353 +014.3115 +000.7055 -005.8021 +173.3137 +027.7141 -003.5398 0
L1 07    353 +014.7332 -000.3221 -005.9122 -177.7972 +046.6498 +017.5744 0
L1 08    353 +014.7586 -001.1315 -005.3796 +177.9353 +048.0404 -005.5655 0
L1 01    357 +017.0979 +000.4345 +001.3747 -099.6523 +001.5376 +002.2992 0
L1 02    357 +007.4449 +005.5204 +001.6836 -095.0464 +006.5639 -149.8160 0
L1 03    357 +017.2044 -000.2447 -000.6532 -094.5001 +003.0846 +087.2049 0
L1 04    357 +013.4243 +003.5262 -001.2514 +147.0873 +015.3631 -139.7010 0
L1 05    357 +014.4768 +001.4686 -005.3554 +175.2170 +039.9664 -000.8148 0
L1 06    357 +014.3114 +000.7055 -005.8021 +173.3161 +027.7125 -003.5388 0
L1 07    357 +014.7331 -000.3222 -005.9123 -177.7969 +046.6478 +017.5740 0
L1 08    357 +014.7585 -001.1315 -005.3796 +177.9370 +048.0397 -005.5654 0
L1 01    361 +017.0979 +000.4342 +001.3745 -099.6548 +001.5369 +002.2982 0
L1 02    361 +007.4449 +005.5204 +001.6836 -095.0472 +006.5639 -149.8165 0
L1 03    361 +017.2044 -000.2447 -000.6533 -094.5016 +003.0841 +087.2037 0
L1 04    361 +013.4242 +003.5261 -001.2514 +147.0867 +015.3628 -139.7007 0
L1 05    361 +014.4768 +001.4684 -005.3551 +175.2154 +039.9674 -000.8148 0
L1 06    361 +014.3113 +000.7052 -005.8022 +173.3145 +027.7123 -003.5380 0
L1 07    361 +014.7332 -000.3221 -005.9121 -177.7959 +046.6489 +017.5749 0
L1 08    361 +014.7585 -001.1315 -005.3796 +177.9377 +048.0395 -005.5651 0
L1 01    365 +017.0980 +000.4342 +001.3746 -099.6551 +001.5379 +002.2990 0
L1 02    365 +007.4449 +005.5204 +001.6836 -095.0469 +006.5639 -149.8172 0
L1 03    365 +017.2044 -000.2446 -000.6532 -094.5016 +003.0849 +087.2054 0
L1 04    365 +013.4243 +003.5261 -001.2514 +147.0854 +015.3628 -139.7018 0
L1 05    365 +014.4770 +001.4683 -005.3550 +175.2158 +039.9701 -000.8142 0
L1 06    365 +014.3116 +000.7055 -005.8018 +173.3143 +027.7153 -003.5389 0
L1 07    365 +014.7332 -000.3223 -005.9120 -177.7988 +046.6503 +017.5746 0
L1 08    365 +014.7586 -001.1314 -005.3795 +177.9366 +048.0409 -005.5660 0
L1 01    369 +017.0979 +000.4345 +001.3747 -099.6527 +001.5384 +002.2991 0
L1 02    369 +007.4449 +005.5204 +001.6836 -095.0472 +006.5639 -149.8172 0
L1 03    369 +017.2045 -000.2447 -000.6532 -094.5015 +003.0854 +087.2047 0
L1 04    369 +013.4243 +003.5262 -001.2514 +147.0864 +015.3626 -139.7019 0
L1 05    369 +014.4771 +001.4689 -005.3549 +175.2150 +039.9699 -000.8189 0
L1 06    369 +014.3116 +000.7052 -005.8019 +173.3121 +027.7153 -003.5394 0
L1 07    369 +014.7331 -000.3225 -005.9124 -177.7999 +046.6479 +017.5738 0
L1 08    369 +014.7586 -001.1314 -005.3796 +177.9362 +048.0402 -005.5672 0
L1 01    373 +017.0979 +000.4342 +001.3746 -099.6542 +001.5377 +002.2997 0
L1 02    373 +007.4449 +005.5204 +001.6836 -095.0466 +006.5639 -149.8169 0
L1 03    373 +017.2045 -000.2446 -000.6530 -094.5010 +003.0854 +087.2058 0
L1 04    373 +013.4243 +003.5261 -001.2514 +147.0860 +015.3628 -139.7020 0
L1 05    373 +014.4771 +001.4685 -005.3549 +175.2144 +039.9707 -000.8168 0
L1 06    373 +014.3116 +000.7052 -005.8019 +173.3131 +027.7155 -003.5390 0
L1 07    373 +014.7332 -000.3220 -005.9123 -177.7991 +046.6489 +017.5721 0
L1 08    373 +014.7587 -001.1314 -005.3795 +177.9372 +048.0412 -005.5671 0
L1 01    378 +017.0979 +000.4343 +001.3747 -099.6537 +001.5378 +002.3001 0
L1 02    378 +007.4449 +005.5204 +001.6836 -095.0470 +006.5638 -149.8166 0
L1 03    378 +017.2044 -000.2447 -000.6532 -094.5015 +003.0850 +087.2052 0
L1 04    378 +013.4243 +003.5262 -001.2514 +147.0865 +015.3628 -139.7013 0
L1 05    378 +014.4770 +001.4684 -005.3551 +175.2147 +039.9684 -000.8154 0
L1 06    378 +014.3116 +000.7054 -005.8019 +173.3141 +027.7154 -003.5388 0
L1 07    378 +014.7333 -000.3220 -005.9119 -177.8002 +046.6505 +017.5708 0
L1 08    378 +014.7587 -001.1313 -005.3795 +177.9368 +048.0413 -005.5679 0
L1 01    382 +017.0979 +000.4344 +001.3745 -099.6522 +001.5372 +002.2987 0
L1 02    382 +007.4449 +005.5204 +001.6836 -095.0469 +006.5639 -149.8162 0
L1 03    382 +017.2044 -000.2446 -000.6532 -094.5003 +003.0851 +087.2049 0
L1 04    382 +013.4243 +003.5262 -001.2515 +147.0872 +015.3629 -139.7008 0
L1 05    382 +014.4770 +001.4685 -005.3551 +175.2153 +039.9677 -000.8159 0
L1 06    382 +014.3115 +000.7057 -005.8019 +173.3162 +027.7144 -003.5398 0
L1 07    382 +014.7335 -000.3218 -005.9116 -177.7982 +046.6521 +017.5711 0
L1 08    382 +014.7586 -001.1314 -005.3794 +177.9388 +048.0412 -005.5671 0
L1 01    386 +017.0979 +000.4340 +001.3744 -099.6559 +001.5366 +002.2973 0
L1 02    386 +007.4449 +005.5204 +001.6836 -095.0471 +006.5640 -149.8165 0
L1 03    386 +017.2044 -000.2449 -000.6531 -094.5027 +003.0846 +087.2048 0
L1 04    386 +013.4243 +003.5261 -001.2514 +147.0865 +015.3631 -139.7001 0
L1 05    386 +014.4761 +001.4691 -005.3562 +175.2175 +039.9564 -000.8173 0
L1 06    386 +014.3106 +000.7058 -005.8031 +173.3175 +027.7013 -003.5403 0
L1 07    386 +014.7321 -000.3212 -005.9135 -177.8012 +046.6343 +017.5656 0
L1 08    386 +014.7580 -001.1304 -005.3805 +177.9398 +048.0319 -005.5717 0
L1 01    390 +017.0979 +000.4341 +001.3742 -099.6548 +001.5365 +002.2962 0
L1 02    390 +007.4449 +005.5204 +001.6836 -095.0471 +006.5639 -149.8163 0
L1 03    390 +017.2044 -000.2447 -000.6531 -094.5018 +003.0842 +087.2043 0
L1 04    390 +013.4242 +003.5261 -001.2514 +147.0867 +015.3630 -139.7000 0
L1 05    390 +014.4770 +001.4687 -005.3549 +175.2168 +039.9688 -000.8166 0
L1 06    390 +014.3113 +000.7058 -005.8020 +173.3189 +027.7120 -003.5380 0
L1 07    390 +014.7332 -000.3217 -005.9118 -177.7986 +046.6492 +017.5707 0
L1 08    390 +014.7585 -001.1313 -005.3796 +177.9414 +048.0392 -005.5660 0
L1 01    394 +017.0979 +000.4343 +001.3741 -099.6534 +001.5363 +002.2945 0
L1 02    394 +007.4449 +005.5204 +001.6836 -095.0470 +006.5639 -149.8165 0
L1 03    394 +017.2045 -000.2447 -000.6533 -094.5018 +003.0844 +087.2025 0
L1 04    394 +013.4243 +003.5261 -001.2513 +147.0870 +015.3632 -139.7011 0
L1 05    394 +014.4769 +001.4688 -005.3551 +175.2170 +039.9675 -000.8168 0
L1 06    394 +014.3115 +000.7053 -005.8018 +173.3143 +027.7144 -003.5389 0
L1 07    394 +014.7331 -000.3221 -005.9123 -177.7996 +046.6445 +017.5720 0
L1 08    394 +014.7586 -001.1314 -005.3795 +177.9394 +048.0396 -005.5678 0
L1 01    398 +017.0979 +000.4342 +001.3742 -099.6539 +001.5364 +002.2959 0
L1 02    398 +007.4449 +005.5203 +001.6836 -095.0473 +006.5639 -149.8167 0
L1 03    398 +017.2044 -000.2448 -000.6532 -094.5026 +003.0846 +087.2041 0
L1 04    398 +013.4243 +003.5262 -001.2513 +147.0867 +015.3635 -139.7021 0
L1 05    398 +014.4768 +001.4691 -005.3552 +175.2186 +039.9665 -000.8165 0
L1 06    398 +014.3114 +000.7056 -005.8022 +173.3152 +027.7120 -003.5384 0
L1 07    398 +014.7333 -000.3218 -005.9119 -177.7981 +046.6496 +017.5716 0
L1 08    398 +014.7586 -001.1312 -005.3795 +177.9396 +048.0404 -005.5680 0
L1 01    402 +017.0978 +000.4341 +001.3742 -099.6548 +001.5361 +002.2955 0
L1 02    402 +007.4449 +005.5203 +001.6836 -095.0473 +006.5640 -149.8167 0
L1 03    402 +017.2045 -000.2447 -000.6534 -094.5018 +003.0847 +087.2025 0
L1 04    402 +013.4243 +003.5261 -001.2513 +147.0864 +015.3634 -139.7020 0
L1 05    402 +014.4769 +001.4687 -005.3553 +175.2176 +039.9658 -000.8157 0
L1 06    402 +014.3114 +000.7058 -005.8023 +173.3160 +027.7112 -003.5402 0
L1 07    402 +014.7333 -000.3219 -005.9120 -177.8006 +046.6486 +017.5697 0
L1 08    402 +014.7586 -001.1313 -005.3796 +177.9392 +048.0396 -005.5696 0
L1 01    406 +017.0979 +000.4341 +001.3743 -099.6548 +001.5360 +002.2964 0
L1 02    406 +007.4449 +005.5204 +001.6836 -095.0469 +006.5639 -149.8163 0
L1 03    406 +017.2044 -000.2446 -000.6532 -094.5016 +003.0843 +087.2039 0
L1 04    406 +013.4243 +003.5261 -001.2514 +147.0865 +015.3630 -139.7010 0
L1 05    406 +014.4768 +001.4688 -005.3553 +175.2159 +039.9659 -000.8175 0
L1 06    406 +014.3114 +000.7055 -005.8022 +173.3161 +027.7121 -003.5380 0
L1 07    406 +014.7332 -000.3218 -005.9120 -177.7996 +046.6480 +017.5696 0
L1 08    406 +014.7586 -001.1315 -005.3795 +177.9395 +048.0402 -005.5677 0
L1 01    410 +017.0979 +000.4339 +001.3745 -099.6564 +001.5364 +002.2972 0
L1 02    410 +007.4449 +005.5204 +001.6836 -095.0468 +006.5641 -149.8161 0
L1 03    410 +017.2044 -000.2449 -000.6532 -094.5034 +003.0837 +087.2033 0
L1 04    410 +013.4243 +003.5260 -001.2514 +147.0858 +015.3634 -139.7001 0
L1 05    410 +014.4767 +001.4687 -005.3554 +175.2167 +039.9647 -000.8152 0
L1 06    410 +014.3114 +000.7051 -005.8018 +173.3139 +027.7133 -003.5373 0
L1 07    410 +014.7332 -000.3223 -005.9119 -177.8006 +046.6478 +017.5726 0
L1 08    410 +014.7585 -001.1318 -005.3795 +177.9394 +048.0395 -005.5658 0
L1 01    414 +017.0979 +000.4340 +001.3742 -099.6557 +001.5364 +002.2956 0
L1 02    414 +007.4449 +005.5204 +001.6836 -095.0470 +006.5643 -149.8161 0
L1 03    414 +017.2045 -000.2450 -000.6532 -094.5035 +003.0838 +087.2034 0
L1 04    414 +013.4243 +003.5261 -001.2514 +147.0867 +015.3629 -139.7000 0
L1 05    414 +014.4768 +001.4685 -005.3552 +175.2165 +039.9660 -000.8146 0
L1 06    414 +014.3115 +000.7056 -005.8017 +173.3153 +027.7147 -003.5401 0
L1 07    414 +014.7332 -000.3225 -005.9119 -177.8018 +046.6489 +017.5718 0
L1 08    414 +014.7585 -001.1317 -005.3795 +177.9405 +048.0394 -005.5658 0
L1 01    418 +017.0978 +000.4341 +001.3743 -099.6552 +001.5370 +002.2964 0
L1 02    418 +007.4449 +005.5204 +001.6836 -095.0469 +006.5640 -149.8160 0
L1 03    418 +017.2044 -000.2448 -000.6534 -094.5024 +003.0844 +087.2024 0
L1 04    418 +013.4243 +003.5262 -001.2514 +147.0873 +015.3630 -139.7013 0
L1 05    418 +014.4767 +001.4688 -005.3555 +175.2182 +039.9642 -000.8156 0
L1 06    418 +014.3116 +000.7056 -005.8018 +173.3154 +027.7144 -003.5401 0
L1 07    418 +014.7331 -000.3221 -005.9122 -177.8018 +046.6474 +017.5695 0
L1 08    418 +014.7585 -001.1314 -005.3796 +177.9399 +048.0397 -005.5682 0
L1 01    422 +017.0979 +000.4340 +001.3744 -099.6556 +001.5380 +002.2970 0
L1 02    422 +007.4449 +005.5204 +001.6836 -095.0468 +006.5639 -149.8164 0
L1 03    422 +017.2045 -000.2449 -000.6533 -094.5028 +003.0857 +087.2036 0
L1 04    422 +013.4243 +003.5262 -001.2513 +147.0862 +015.3631 -139.7028 0
L1 05    422 +014.4770 +001.4687 -005.3552 +175.2169 +039.9677 -000.8162 0
L1 06    422 +014.3116 +000.7057 -005.8018 +173.3148 +027.7151 -003.5407 0
L1 07    422 +014.7333 -000.3221 -005.9122 -177.8049 +046.6489 +017.5672 0
L1 08    422 +014.7587 -001.1312 -005.3795 +177.9380 +048.0414 -005.5713 0
L1 01    426 +017.0979 +000.4344 +001.3744 -099.6533 +001.5382 +002.2974 0
L1 02    426 +007.4449 +005.5204 +001.6836 -095.0466 +006.5638 -149.8164 0
L1 03    426 +017.2045 -000.2447 -000.6532 -094.5018 +003.0854 +087.2042 0
L1 04    426 +013.4243 +003.5263 -001.2513 +147.0873 +015.3634 -139.7027 0
L1 05    426 +014.4771 +001.4685 -005.3550 +175.2156 +039.9686 -000.8166 0
L1 06    426 +014.3116 +000.7055 -005.8018 +173.3137 +027.7147 -003.5407 0
L1 07    426 +014.7332 -000.3219 -005.9123 -177.8041 +046.6470 +017.5662 0
L1 08    426 +014.7587 -001.1313 -005.3795 +177.9382 +048.0416 -005.5708 0
L1 01    430 +017.0979 +000.4344 +001.3744 -099.6545 +001.5387 +002.2970 0
L1 02    430 +007.4449 +005.5204 +001.6836 -095.0473 +006.5641 -149.8166 0
L1 03    430 +017.2045 -000.2449 -000.6532 -094.5038 +003.0847 +087.2040 0
L1 04    430 +013.4243 +003.5261 -001.2513 +147.0859 +015.3634 -139.7019 0
L1 05    430 +014.4769 +001.4683 -005.3553 +175.2158 +039.9673 -000.8138 0
L1 06    430 +014.3115 +000.7055 -005.8018 +173.3137 +027.7147 -003.5399 0
L1 07    430 +014.7332 -000.3219 -005.9120 -177.8025 +046.6479 +017.5687 0
L1 08    430 +014.7586 -001.1316 -005.3795 +177.9384 +048.0407 -005.5679 0
L1 01    434 +017.0979 +000.4342 +001.3743 -099.6545 +001.5374 +002.2958 0
L1 02    434 +007.4449 +005.5204 +001.6836 -095.0468 +006.5640 -149.8164 0
L1 03    434 +017.2044 -000.2449 -000.6533 -094.5024 +003.0839 +087.2030 0
L1 04    434 +013.4243 +003.5262 -001.2513 +147.0870 +015.3627 -139.7013 0
L1 05    434 +014.4768 +001.4683 -005.3553 +175.2163 +039.9663 -000.8139 0
L1 06    434 +014.3115 +000.7057 -005.8018 +173.3149 +027.7140 -003.5406 0
L1 07    434 +014.7330 -000.3220 -005.9123 -177.8015 +046.6447 +017.5695 0
L1 08    434 +014.7584 -001.1315 -005.3797 +177.9401 +048.0388 -005.5683 0
L1 01    438 +017.0979 +000.4343 +001.3742 -099.6537 +001.5367 +002.2951 0
L1 02    438 +007.4449 +005.5204 +001.6836 -095.0466 +006.5639 -149.8159 0
L1 03    438 +017.2044 -000.2449 -000.6532 -094.5025 +003.0832 +087.2029 0
L1 04    438 +013.4242 +003.5262 -001.2514 +147.0883 +015.3621 -139.6995 0
L1 05    438 +014.4768 +001.4684 -005.3551 +175.2178 +039.9668 -000.8140 0
L1 06    438 +014.3113 +000.7057 -005.8018 +173.3169 +027.7132 -003.5387 0
L1 07    438 +014.7329 -000.3221 -005.9122 -177.8028 +046.6450 +017.5683 0
L1 08    438 +014.7583 -001.1316 -005.3795 +177.9410 +048.0385 -005.5670 0
L1 01    442 +017.0979 +000.4340 +001.3745 -099.6556 +001.5354 +002.2959 0
L1 02    442 +007.4449 +005.5204 +001.6836 -095.0468 +006.5642 -149.8157 0
L1 03    442 +017.2044 -000.2451 -000.6533 -094.5045 +003.0827 +087.2014 0
L1 04    442 +013.4242 +003.5261 -001.2514 +147.0871 +015.3617 -139.6983 0
L1 05    442 +014.4766 +001.4683 -005.3551 +175.2173 +039.9658 -000.8135 0
L1 06    442 +014.3111 +000.7054 -005.8019 +173.3158 +027.7114 -003.5377 0
L1 07    442 +014.7325 -000.3227 -005.9125 -177.8028 +046.6417 +017.5725 0
L1 08    442 +014.7582 -001.1318 -005.3795 +177.9419 +048.0375 -005.5651 0
L1 01    446 +017.0979 +000.4343 +001.3744 -099.6525 +001.5347 +002.2947 0
L1 02    446 +007.4449 +005.5204 +001.6836 -095.0470 +006.5643 -149.8159 0
L1 03    446 +017.2044 -000.2449 -000.6534 -094.5026 +003.0825 +087.2000 0
L1 04    446 +013.4241 +003.5261 -001.2513 +147.0881 +015.3620 -139.6976 0
L1 05    446 +014.4765 +001.4684 -005.3551 +175.2184 +039.9645 -000.8140 0
L1 06    446 +014.3110 +000.7054 -005.8021 +173.3178 +027.7097 -003.5365 0
L1 07    446 +014.7327 -000.3221 -005.9122 -177.8001 +046.6434 +017.5711 0
L1 08    446 +014.7581 -001.1319 -005.3795 +177.9419 +048.0368 -005.5659 0
L1 01    450 +017.0979 +000.4339 +001.3745 -099.6547 +001.5344 +002.2957 0
L1 02    450 +007.4449 +005.5204 +001.6836 -095.0473 +006.5643 -149.8170 0
L1 03    450 +017.2043 -000.2448 -000.6534 -094.5025 +003.0822 +087.2007 0
L1 04    450 +013.4241 +003.5259 -001.2513 +147.0869 +015.3615 -139.6978 0
L1 05    450 +014.4765 +001.4685 -005.3549 +175.2192 +039.9656 -000.8132 0
L1 06    450 +014.3109 +000.7052 -005.8021 +173.3168 +027.7098 -003.5348 0
L1 07    450 +014.7328 -000.3226 -005.9119 -177.8007 +046.6447 +017.5733 0
L1 08    450 +014.7581 -001.1319 -005.3795 +177.9418 +048.0368 -005.5658 0
L1 01    454 +017.0978 +000.4343 +001.3744 -099.6507 +001.5342 +002.2953 0
L1 02    454 +007.4449 +005.5204 +001.6836 -095.0462 +006.5638 -149.8170 0
L1 03    454 +017.2043 -000.2445 -000.6533 -094.4993 +003.0828 +087.2009 0
L1 04    454 +013.4241 +003.5261 -001.2514 +147.0890 +015.3611 -139.6974 0
L1 05    454 +014.4764 +001.4686 -005.3552 +175.2200 +039.9629 -000.8138 0
L1 06    454 +014.3109 +000.7057 -005.8019 +173.3191 +027.7103 -003.5380 0
L1 07    454 +014.7328 -000.3224 -005.9119 -177.8004 +046.6451 +017.5706 0
L1 08    454 +014.7582 -001.1316 -005.3795 +177.9430 +048.0369 -005.5674 0
L1 01    458 +017.0979 +000.4341 +001.3742 -099.6531 +001.5345 +002.2941 0
L1 02    458 +007.4449 +005.5203 +001.6836 -095.0474 +006.5643 -149.8174 0
L1 03    458 +017.2043 -000.2448 -000.6534 -094.5020 +003.0827 +087.2003 0
L1 04    458 +013.4241 +003.5260 -001.2514 +147.0874 +015.3611 -139.6973 0
L1 05    458 +014.4764 +001.4685 -005.3551 +175.2202 +039.9637 -000.8123 0
L1 06    458 +014.3110 +000.7053 -005.8018 +173.3164 +027.7116 -003.5364 0
L1 07    458 +014.7327 -000.3222 -005.9121 -177.8014 +046.6436 +017.5701 0
L1 08    458 +014.7581 -001.1318 -005.3794 +177.9431 +048.0372 -005.5655 0
L1 01    462 +017.0979 +000.4343 +001.3744 -099.6516 +001.5352 +002.2952 0
L1 02    462 +007.4449 +005.5204 +001.6836 -095.0469 +006.5642 -149.8164 0
L1 03    462 +017.2043 -000.2450 -000.6531 -094.5024 +003.0828 +087.2019 0
L1 04    462 +013.4241 +003.5260 -001.2515 +147.0875 +015.3607 -139.6966 0
L1 05    462 +014.4764 +001.4682 -005.3552 +175.2194 +039.9634 -000.8112 0
L1 06    462 +014.3109 +000.7050 -005.8020 +173.3158 +027.7101 -003.5353 0
L1 07    462 +014.7327 -000.3222 -005.9118 -177.8013 +046.6454 +017.5692 0
L1 08    462 +014.7582 -001.1318 -005.3793 +177.9438 +048.0381 -005.5650 0
L1 01    466 +017.0978 +000.4345 +001.3744 -099.6500 +001.5349 +002.2945 0
L1 02    466 +007.4449 +005.5204 +001.6836 -095.0459 +006.5642 -149.8148 0
L1 03    466 +017.2043 -000.2449 -000.6533 -094.5012 +003.0819 +087.2007 0
L1 04    466 +013.4241 +003.5261 -001.2514 +147.0896 +015.3612 -139.6970 0
L1 05    466 +014.4764 +001.4682 -005.3551 +175.2194 +039.9636 -000.8122 0
L1 06    466 +014.3110 +000.7054 -005.8019 +173.3191 +027.7109 -003.5364 0
L1 07    466 +014.7326 -000.3223 -005.9121 -177.8023 +046.6429 +017.5685 0
L1 08    466 +014.7581 -001.1318 -005.3795 +177.9436 +048.0365 -005.5661 0
L1 01    470 +017.0978 +000.4344 +001.3741 -099.6515 +001.5346 +002.2930 0
L1 02    470 +007.4449 +005.5204 +001.6836 -095.0463 +006.5642 -149.8160 0
L1 03    470 +017.2043 -000.2450 -000.6532 -094.5022 +003.0819 +087.2012 0
L1 04    470 +013.4241 +003.5260 -001.2515 +147.0885 +015.3609 -139.6962 0
L1 05    470 +014.4765 +001.4679 -005.3550 +175.2183 +039.9643 -000.8108 0
L1 06    470 +014.3109 +000.7055 -005.8019 +173.3194 +027.7105 -003.5361 0
L1 07    470 +014.7327 -000.3224 -005.9117 -177.8041 +046.6446 +017.5688 0
L1 08    470 +014.7580 -001.1318 -005.3794 +177.9446 +048.0365 -005.5647 0
L1 01    474 +017.0979 +000.4342 +001.3741 -099.6527 +001.5329 +002.2927 0
L1 02    474 +007.4449 +005.5204 +001.6836 -095.0471 +006.5643 -149.8169 0
L1 03    474 +017.2043 -000.2450 -000.6532 -094.5020 +003.0811 +087.2008 0
L1 04    474 +013.4240 +003.5260 -001.2515 +147.0891 +015.3607 -139.6957 0
L1 05    474 +014.4764 +001.4679 -005.3550 +175.2189 +039.9634 -000.8104 0
L1 06    474 +014.3108 +000.7051 -005.8021 +173.3190 +027.7079 -003.5352 0
L1 07    474 +014.7326 -000.3225 -005.9118 -177.8020 +046.6433 +017.5705 0
L1 08    474 +014.7580 -001.1320 -005.3795 +177.9455 +048.0353 -005.5640 0
L1 01    478 +017.0978 +000.4339 +001.3741 -099.6554 +001.5345 +002.2932 0
L1 02    478 +007.4449 +005.5203 +001.6836 -095.0476 +006.5642 -149.8168 0
L1 03    478 +017.2042 -000.2453 -000.6531 -094.5046 +003.0806 +087.2010 0
L1 04    478 +013.4240 +003.5259 -001.2515 +147.0881 +015.3609 -139.6954 0
L1 05    478 +014.4763 +001.4677 -005.3552 +175.2189 +039.9625 -000.8083 0
L1 06    478 +014.3107 +000.7049 -005.8023 +173.3173 +027.7076 -003.5329 0
L1 07    478 +014.7326 -000.3230 -005.9117 -177.8028 +046.6441 +017.5726 0
L1 08    478 +014.7579 -001.1322 -005.3795 +177.9448 +048.0353 -005.5626 0
L1 01    482 +017.0978 +000.4340 +001.3740 -099.6539 +001.5332 +002.2921 0
L1 02    482 +007.4449 +005.5204 +001.6836 -095.0469 +006.5642 -149.8165 0
L1 03    482 +017.2042 -000.2447 -000.6534 -094.5014 +003.0811 +087.1995 0
L1 04    482 +013.4241 +003.5260 -001.2514 +147.0889 +015.3611 -139.6963 0
L1 05    482 +014.4763 +001.4681 -005.3552 +175.2204 +039.9627 -000.8100 0
L1 06    482 +014.3108 +000.7053 -005.8020 +173.3185 +027.7085 -003.5361 0
L1 07    482 +014.7326 -000.3221 -005.9122 -177.8018 +046.6424 +017.5694 0
L1 08    482 +014.7580 -001.1318 -005.3796 +177.9456 +048.0352 -005.5651 0
