L1 01      4 +014.6155 +003.7996 +001.3537 +008.2396 +000.5628 +001.8654 0
L1 02      4 +007.4472 +005.5189 +001.6832 -095.0336 +006.4716 -149.5685 0
L1 03      4 +015.2748 +004.0652 -000.6547 +011.3310 +004.5991 +086.4234 0
L1 04      4 +016.3537 +000.4395 -000.5596 -019.4678 +021.6288 -154.8861 0
L1 05      4 +014.5351 +000.8664 -001.7853 -062.9743 -079.7765 -016.3427 0
L1 06      4 +015.3095 +001.1281 -002.1353 -066.1745 -077.9469 -014.6680 0
L1 07      4 +016.2244 +001.1887 -001.6466 -030.4474 -083.9679 -036.9900 0
L1 08      4 +017.0757 +001.4783 -001.2596 -016.3106 -080.5717 -063.0863 0
L1 01      8 +014.6155 +003.7994 +001.3537 +008.2330 +000.5622 +001.8646 0
L1 02      8 +007.4472 +005.5188 +001.6832 -095.0346 +006.4716 -149.5713 0
L1 03      8 +015.2749 +004.0650 -000.6547 +011.3242 +004.5995 +086.4232 0
L1 04      8 +016.3536 +000.4395 -000.5599 -019.4702 +021.6315 -154.8865 0
L1 05      8 +014.5350 +000.8664 -001.7851 -062.9761 -079.7776 -016.3428 0
L1 06      8 +015.3094 +001.1280 -002.1350 -066.1795 -077.9470 -014.6648 0
L1 07      8 +016.2244 +001.1884 -001.6466 -030.4449 -083.9677 -036.9959 0
L1 08      8 +017.0756 +001.4780 -001.2594 -016.3143 -080.5724 -063.0865 0
L1 01     12 +014.6155 +003.7996 +001.3538 +008.2328 +000.5623 +001.8642 0
L1 02     12 +007.4472 +005.5188 +001.6832 -095.0344 +006.4720 -149.5717 0
L1 03     12 +015.2749 +004.0651 -000.6547 +011.3267 +004.6005 +086.4235 0
L1 04     12 +016.3535 +000.4396 -000.5600 -019.4701 +021.6324 -154.8858 0
L1 05     12 +014.5349 +000.8664 -001.7853 -062.9698 -079.7757 -016.3513 0
L1 06     12 +015.3093 +001.1275 -002.1351 -066.1834 -077.9472 -014.6675 0
L1 07     12 +016.2244 +001.1881 -001.6466 -030.4415 -083.9669 -037.0022 0
L1 08     12 +017.0755 +001.4779 -001.2597 -016.3142 -080.5700 -063.0881 0
L1 01     16 +014.6155 +003.7998 +001.3539 +008.2324 +000.5618 +001.8647 0
L1 02     16 +007.4472 +005.5189 +001.6832 -095.0340 +006.4721 -149.5721 0
L1 03     16 +015.2748 +004.0653 -000.6546 +011.3260 +004.6001 +086.4242 0
L1 04     16 +016.3534 +000.4399 -000.5601 -019.4688 +021.6342 -154.8858 0
L1 05     16 +014.5348 +000.8665 -001.7852 -062.9746 -079.7754 -016.3464 0
L1 06     16 +015.3093 +001.1280 -002.1351 -066.1738 -077.9483 -014.6727 0
L1 07     16 +016.2242 +001.1886 -001.6468 -030.4473 -083.9650 -036.9948 0
L1 08     16 +017.0755 +001.4781 -001.2598 -016.3132 -080.5690 -063.0877 0
L1 01     20 +014.6155 +003.7996 +001.3539 +008.2263 +000.5617 +001.8651 0
L1 02     20 +007.4472 +005.5188 +001.6832 -095.0349 +006.4718 -149.5715 0
L1 03     20 +015.2749 +004.0650 -000.6545 +011.3195 +004.5991 +086.4239 0
L1 04     20 +016.3533 +000.4396 -000.5600 -019.4726 +021.6344 -154.8865 0
L1 05     20 +014.5348 +000.8663 -001.7854 -062.9643 -079.7738 -016.3621 0
L1 06     20 +015.3092 +001.1280 -002.1354 -066.1650 -077.9458 -014.6854 0
L1 07     20 +016.2242 +001.1882 -001.6468 -030.4460 -083.9651 -037.0020 0
L1 08     20 +017.0754 +001.4781 -001.2599 -016.3154 -080.5687 -063.0876 0
L1 01     24 +014.6155 +003.8000 +001.3537 +008.2267 +000.5645 +001.8638 0
L1 02     24 +007.4472 +005.5188 +001.6832 -095.0339 +006.4720 -149.5697 0
L1 03     24 +015.2749 +004.0654 -000.6547 +011.3240 +004.6006 +086.4242 0
L1 04     24 +016.3532 +000.4402 -000.5600 -019.4707 +021.6335 -154.8849 0
L1 05     24 +014.5346 +000.8666 -001.7853 -062.9706 -079.7746 -016.3545 0
L1 06     24 +015.3091 +001.1281 -002.1351 -066.1754 -077.9468 -014.6749 0
L1 07     24 +016.2241 +001.1883 -001.6468 -030.4538 -083.9652 -036.9947 0
L1 08     24 +017.0753 +001.4782 -001.2598 -016.3187 -080.5692 -063.0850 0
L1 01     28 +014.6155 +003.8000 +001.3538 +008.2225 +000.5632 +001.8638 0
L1 02     28 +007.4472 +005.5188 +001.6832 -095.0336 +006.4718 -149.5669 0
L1 03     28 +015.2749 +004.0654 -000.6548 +011.3201 +004.6016 +086.4242 0
L1 04     28 +016.3530 +000.4399 -000.5600 -019.4733 +021.6341 -154.8853 0
L1 05     28 +014.5345 +000.8667 -001.7854 -062.9766 -079.7746 -016.3501 0
L1 06     28 +015.3090 +001.1281 -002.1349 -066.1875 -077.9460 -014.6653 0
L1 07     28 +016.2241 +001.1885 -001.6470 -030.4391 -083.9628 -037.0096 0
L1 08     28 +017.0752 +001.4783 -001.2599 -016.3184 -080.5676 -063.0862 0
L1 01     32 +014.6156 +003.7997 +001.3537 +008.2121 +000.5673 +001.8634 0
L1 02     32 +007.4472 +005.5188 +001.6832 -095.0349 +006.4721 -149.5698 0
L1 03     32 +015.2749 +004.0652 -000.6549 +011.3140 +004.6042 +086.4236 0
L1 04     32 +016.3530 +000.4397 -000.5599 -019.4815 +021.6340 -154.8846 0
L1 05     32 +014.5344 +000.8667 -001.7854 -062.9737 -079.7749 -016.3563 0
L1 06     32 +015.3089 +001.1280 -002.1351 -066.1804 -077.9465 -014.6778 0
L1 07     32 +016.2239 +001.1881 -001.6468 -030.4494 -083.9645 -037.0051 0
L1 08     32 +017.0751 +001.4779 -001.2598 -016.3307 -080.5677 -063.0865 0
L1 01     36 +014.6156 +003.7999 +001.3538 +008.2117 +000.5670 +001.8647 0
L1 02     36 +007.4472 +005.5189 +001.6832 -095.0340 +006.4719 -149.5722 0
L1 03     36 +015.2750 +004.0654 -000.6547 +011.3149 +004.6027 +086.4249 0
L1 04     36 +016.3529 +000.4398 -000.5598 -019.4821 +021.6328 -154.8848 0
L1 05     36 +014.5342 +000.8669 -001.7853 -062.9749 -079.7748 -016.3581 0
L1 06     36 +015.3087 +001.1281 -002.1352 -066.1790 -077.9442 -014.6819 0
L1 07     36 +016.2238 +001.1883 -001.6466 -030.4561 -083.9645 -036.9996 0
L1 08     36 +017.0750 +001.4780 -001.2598 -016.3319 -080.5679 -063.0822 0
L1 01     40 +014.6157 +003.7999 +001.3538 +008.2044 +000.5654 +001.8638 0
L1 02     40 +007.4471 +005.5189 +001.6832 -095.0340 +006.4721 -149.5728 0
L1 03     40 +015.2751 +004.0652 -000.6547 +011.3043 +004.6022 +086.4249 0
L1 04     40 +016.3526 +000.4399 -000.5601 -019.4866 +021.6376 -154.8853 0
L1 05     40 +014.5340 +000.8666 -001.7854 -062.9750 -079.7720 -016.3696 0
L1 06     40 +015.3085 +001.1282 -002.1353 -066.1735 -077.9451 -014.6936 0
L1 07     40 +016.2236 +001.1883 -001.6467 -030.4465 -083.9636 -037.0155 0
L1 08     40 +017.0748 +001.4772 -001.2598 -016.3417 -080.5668 -063.0841 0
L1 01     44 +014.6158 +003.7999 +001.3539 +008.1975 +000.5635 +001.8672 0
L1 02     44 +007.4472 +005.5188 +001.6832 -095.0347 +006.4723 -149.5704 0
L1 03     44 +015.2753 +004.0646 -000.6546 +011.2890 +004.6006 +086.4251 0
L1 04     44 +016.3521 +000.4394 -000.5606 -019.4964 +021.6427 -154.8880 0
L1 05     44 +014.5338 +000.8667 -001.7853 -062.9850 -079.7737 -016.3635 0
L1 06     44 +015.3083 +001.1280 -002.1356 -066.1696 -077.9424 -014.7090 0
L1 07     44 +016.2233 +001.1878 -001.6477 -030.4049 -083.9566 -037.0679 0
L1 08     44 +017.0747 +001.4774 -001.2602 -016.3319 -080.5632 -063.0950 0
L1 01     48 +014.6158 +003.8001 +001.3540 +008.1976 +000.5636 +001.8672 0
L1 02     48 +007.4472 +005.5188 +001.6832 -095.0348 +006.4722 -149.5708 0
L1 03     48 +015.2752 +004.0651 -000.6545 +011.2960 +004.6004 +086.4263 0
L1 04     48 +016.3520 +000.4395 -000.5607 -019.4964 +021.6419 -154.8887 0
L1 05     48 +014.5336 +000.8669 -001.7853 -062.9841 -079.7728 -016.3645 0
L1 06     48 +015.3081 +001.1281 -002.1355 -066.1824 -077.9419 -014.6929 0
L1 07     48 +016.2232 +001.1879 -001.6470 -030.4549 -083.9600 -037.0164 0
L1 08     48 +017.0746 +001.4779 -001.2603 -016.3332 -080.5631 -063.0914 0
L1 01     52 +014.6158 +003.8002 +001.3539 +008.1951 +000.5651 +001.8672 0
L1 02     52 +007.4472 +005.5188 +001.6832 -095.0345 +006.4723 -149.5716 0
L1 03     52 +015.2752 +004.0654 -000.6547 +011.2952 +004.6026 +086.4257 0
L1 04     52 +016.3518 +000.4395 -000.5606 -019.4981 +021.6414 -154.8872 0
L1 05     52 +014.5334 +000.8669 -001.7854 -062.9821 -079.7723 -016.3699 0
L1 06     52 +015.3080 +001.1280 -002.1353 -066.1852 -077.9428 -014.6929 0
L1 07     52 +016.2231 +001.1880 -001.6472 -030.4486 -083.9583 -037.0253 0
L1 08     52 +017.0744 +001.4778 -001.2602 -016.3413 -080.5636 -063.0861 0
L1 01     56 +014.6158 +003.8003 +001.3539 +008.1929 +000.5664 +001.8663 0
L1 02     56 +007.4472 +005.5188 +001.6833 -095.0347 +006.4730 -149.5717 0
L1 03     56 +015.2752 +004.0654 -000.6547 +011.2963 +004.6035 +086.4261 0
L1 04     56 +016.3518 +000.4396 -000.5605 -019.4976 +021.6405 -154.8861 0
L1 05     56 +014.5334 +000.8671 -001.7853 -062.9922 -079.7729 -016.3595 0
L1 06     56 +015.3080 +001.1283 -002.1354 -066.1786 -077.9418 -014.6984 0
L1 07     56 +016.2231 +001.1881 -001.6471 -030.4571 -083.9588 -037.0160 0
L1 08     56 +017.0744 +001.4777 -001.2599 -016.3432 -080.5652 -063.0852 0
L1 01     60 +014.6158 +003.8003 +001.3538 +008.1907 +000.5683 +001.8661 0
L1 02     60 +007.4472 +005.5188 +001.6832 -095.0343 +006.4730 -149.5713 0
L1 03     60 +015.2752 +004.0655 -000.6548 +011.2957 +004.6043 +086.4264 0
L1 04     60 +016.3517 +000.4397 -000.5605 -019.4977 +021.6402 -154.8857 0
L1 05     60 +014.5333 +000.8671 -001.7854 -062.9885 -079.7715 -016.3643 0
L1 06     60 +015.3079 +001.1283 -002.1354 -066.1819 -077.9414 -014.6957 0
L1 07     60 +016.2230 +001.1878 -001.6471 -030.4615 -083.9591 -037.0142 0
L1 08     60 +017.0742 +001.4777 -001.2599 -016.3450 -080.5652 -063.0843 0
L1 01     64 +014.6158 +003.7999 +001.3539 +008.1866 +000.5685 +001.8727 0
L1 02     64 +007.4473 +005.5186 +001.6833 -095.0361 +006.4747 -149.5729 0
L1 03     64 +015.2750 +004.0654 -000.6551 +011.2935 +004.6077 +086.4302 0
L1 04     64 +016.3515 +000.4394 -000.5607 -019.4994 +021.6462 -154.8842 0
L1 05     64 +014.5332 +000.8674 -001.7853 -062.9877 -079.7718 -016.3642 0
L1 06     64 +015.3078 +001.1282 -002.1356 -066.1773 -077.9406 -014.7020 0
L1 07     64 +016.2229 +001.1881 -001.6471 -030.4749 -083.9584 -036.9999 0
L1 08     64 +017.0742 +001.4777 -001.2601 -016.3470 -080.5631 -063.0832 0
L1 01     68 +014.6159 +003.8003 +001.3535 +008.1877 +000.5726 +001.8662 0
L1 02     68 +007.4471 +005.5190 +001.6833 -095.0331 +006.4733 -149.5704 0
L1 03     68 +015.2751 +004.0663 -000.6551 +011.3013 +004.6072 +086.4270 0
L1 04     68 +016.3517 +000.4400 -000.5602 -019.4949 +021.6389 -154.8819 0
L1 05     68 +014.5331 +000.8676 -001.7853 -062.9867 -079.7706 -016.3638 0
L1 06     68 +015.3077 +001.1282 -002.1359 -066.1665 -077.9404 -014.7132 0
L1 07     68 +016.2229 +001.1880 -001.6469 -030.4835 -083.9597 -036.9923 0
L1 08     68 +017.0742 +001.4776 -001.2601 -016.3515 -080.5629 -063.0793 0
L1 01     72 +014.6159 +003.8000 +001.3536 +008.1822 +000.5706 +001.8685 0
L1 02     72 +007.4471 +005.5189 +001.6833 -095.0335 +006.4734 -149.5712 0
L1 03     72 +015.2752 +004.0653 -000.6549 +011.2919 +004.6061 +086.4275 0
L1 04     72 +016.3517 +000.4392 -000.5606 -019.5030 +021.6417 -154.8856 0
L1 05     72 +014.5331 +000.8673 -001.7854 -062.9831 -079.7708 -016.3696 0
L1 06     72 +015.3077 +001.1281 -002.1357 -066.1722 -077.9400 -014.7089 0
L1 07     72 +016.2229 +001.1880 -001.6469 -030.4754 -083.9589 -037.0017 0
L1 08     72 +017.0742 +001.4774 -001.2603 -016.3441 -080.5615 -063.0900 0
L1 01     76 +014.6159 +003.8000 +001.3536 +008.1814 +000.5716 +001.8683 0
L1 02     76 +007.4471 +005.5189 +001.6832 -095.0336 +006.4735 -149.5732 0
L1 03     76 +015.2751 +004.0655 -000.6549 +011.2936 +004.6065 +086.4282 0
L1 04     76 +016.3517 +000.4392 -000.5608 -019.5034 +021.6431 -154.8867 0
L1 05     76 +014.5331 +000.8673 -001.7856 -062.9740 -079.7683 -016.3793 0
L1 06     76 +015.3077 +001.1280 -002.1357 -066.1713 -077.9404 -014.7115 0
L1 07     76 +016.2228 +001.1881 -001.6473 -030.4366 -083.9571 -037.0397 0
L1 08     76 +017.0741 +001.4773 -001.2604 -016.3430 -080.5607 -063.0909 0
L1 01     80 +014.6159 +003.8002 +001.3537 +008.1823 +000.5711 +001.8683 0
L1 02     80 +007.4471 +005.5190 +001.6832 -095.0330 +006.4731 -149.5741 0
L1 03     80 +015.2751 +004.0657 -000.6550 +011.2946 +004.6073 +086.4283 0
L1 04     80 +016.3516 +000.4395 -000.5609 -019.5008 +021.6447 -154.8866 0
L1 05     80 +014.5330 +000.8672 -001.7858 -062.9636 -079.7676 -016.3896 0
L1 06     80 +015.3076 +001.1282 -002.1357 -066.1675 -077.9402 -014.7134 0
L1 07     80 +016.2228 +001.1883 -001.6469 -030.4638 -083.9576 -037.0106 0
L1 08     80 +017.0741 +001.4775 -001.2604 -016.3438 -080.5596 -063.0876 0
L1 01     84 +014.6159 +003.8000 +001.3537 +008.1799 +000.5709 +001.8686 0
L1 02     84 +007.4471 +005.5189 +001.6832 -095.0340 +006.4734 -149.5722 0
L1 03     84 +015.2751 +004.0654 -000.6549 +011.2924 +004.6064 +086.4279 0
L1 04     84 +016.3516 +000.4394 -000.5609 -019.5020 +021.6450 -154.8870 0
L1 05     84 +014.5330 +000.8671 -001.7855 -062.9719 -079.7684 -016.3829 0
L1 06     84 +015.3076 +001.1284 -002.1355 -066.1715 -077.9411 -014.7078 0
L1 07     84 +016.2227 +001.1882 -001.6469 -030.4579 -083.9574 -037.0173 0
L1 08     84 +017.0741 +001.4774 -001.2604 -016.3404 -080.5603 -063.0923 0
L1 01     88 +014.6159 +003.8002 +001.3536 +008.1801 +000.5714 +001.8681 0
L1 02     88 +007.4471 +005.5189 +001.6832 -095.0335 +006.4732 -149.5709 0
L1 03     88 +015.2751 +004.0656 -000.6549 +011.2943 +004.6066 +086.4280 0
L1 04     88 +016.3516 +000.4397 -000.5608 -019.4996 +021.6445 -154.8859 0
L1 05     88 +014.5330 +000.8671 -001.7855 -062.9751 -079.7688 -016.3789 0
L1 06     88 +015.3076 +001.1281 -002.1355 -066.1729 -077.9417 -014.7076 0
L1 07     88 +016.2227 +001.1886 -001.6473 -030.4637 -083.9547 -037.0093 0
L1 08     88 +017.0740 +001.4775 -001.2603 -016.3448 -080.5604 -063.0869 0
L1 01     92 +014.6158 +003.8002 +001.3536 +008.1785 +000.5710 +001.8680 0
L1 02     92 +007.4471 +005.5189 +001.6832 -095.0332 +006.4733 -149.5717 0
L1 03     92 +015.2751 +004.0656 -000.6549 +011.2942 +004.6070 +086.4282 0
L1 04     92 +016.3516 +000.4395 -000.5607 -019.5002 +021.6441 -154.8859 0
L1 05     92 +014.5330 +000.8671 -001.7857 -062.9667 -079.7682 -016.3877 0
L1 06     92 +015.3075 +001.1283 -002.1355 -066.1691 -077.9401 -014.7106 0
L1 07     92 +016.2227 +001.1883 -001.6474 -030.4520 -083.9543 -037.0225 0
L1 08     92 +017.0740 +001.4774 -001.2603 -016.3465 -080.5604 -063.0857 0
L1 01     96 +014.6158 +003.8002 +001.3536 +008.1766 +000.5719 +001.8690 0
L1 02     96 +007.4471 +005.5189 +001.6833 -095.0333 +006.4736 -149.5723 0
L1 03     96 +015.2751 +004.0655 -000.6549 +011.2937 +004.6068 +086.4285 0
L1 04     96 +016.3515 +000.4396 -000.5608 -019.4995 +021.6450 -154.8855 0
L1 05     96 +014.5330 +000.8672 -001.7856 -062.9692 -079.7683 -016.3843 0
L1 06     96 +015.3075 +001.1282 -002.1357 -066.1638 -077.9392 -014.7168 0
L1 07     96 +016.2226 +001.1880 -001.6474 -030.4380 -083.9549 -037.0376 0
L1 08     96 +017.0740 +001.4776 -001.2603 -016.3424 -080.5603 -063.0885 0
L1 01    100 +014.6158 +003.8003 +001.3536 +008.1762 +000.5729 +001.8686 0
L1 02    100 +007.4471 +005.5189 +001.6832 -095.0337 +006.4734 -149.5723 0
L1 03    100 +015.2751 +004.0655 -000.6549 +011.2944 +004.6075 +086.4287 0
L1 04    100 +016.3515 +000.4397 -000.5607 -019.4988 +021.6449 -154.8856 0
L1 05    100 +014.5330 +000.8673 -001.7856 -062.9694 -079.7674 -016.3830 0
L1 06    100 +015.3074 +001.1282 -002.1359 -066.1588 -077.9379 -014.7212 0
L1 07    100 +016.2227 +001.1880 -001.6475 -030.4474 -083.9528 -037.0291 0
L1 08    100 +017.0740 +001.4776 -001.2605 -016.3421 -080.5590 -063.0891 0
L1 01    104 +014.6158 +003.8001 +001.3536 +008.1734 +000.5727 +001.8694 0
L1 02    104 +007.4471 +005.5189 +001.6832 -095.0337 +006.4735 -149.5721 0
L1 03    104 +015.2751 +004.0653 -000.6549 +011.2926 +004.6070 +086.4285 0
L1 04    104 +016.3515 +000.4396 -000.5607 -019.4990 +021.6453 -154.8856 0
L1 05    104 +014.5330 +000.8673 -001.7854 -062.9727 -079.7677 -016.3800 0
L1 06    104 +015.3075 +001.1280 -002.1358 -066.1617 -077.9392 -014.7201 0
L1 07    104 +016.2227 +001.1879 -001.6472 -030.4581 -083.9543 -037.0183 0
L1 08    104 +017.0739 +001.4776 -001.2606 -016.3449 -080.5578 -063.0861 0
L1 01    108 +014.6158 +003.8002 +001.3535 +008.1738 +000.5738 +001.8692 0
L1 02    108 +007.4471 +005.5189 +001.6833 -095.0334 +006.4735 -149.5719 0
L1 03    108 +015.2750 +004.0657 -000.6549 +011.2952 +004.6073 +086.4287 0
L1 04    108 +016.3515 +000.4397 -000.5608 -019.4981 +021.6455 -154.8861 0
L1 05    108 +014.5330 +000.8675 -001.7853 -062.9763 -079.7676 -016.3746 0
L1 06    108 +015.3076 +001.1282 -002.1356 -066.1599 -077.9401 -014.7196 0
L1 07    108 +016.2227 +001.1879 -001.6472 -030.4567 -083.9543 -037.0188 0
L1 08    108 +017.0740 +001.4778 -001.2604 -016.3440 -080.5591 -063.0851 0
L1 01    112 +014.6158 +003.8002 +001.3536 +008.1725 +000.5727 +001.8689 0
L1 02    112 +007.4471 +005.5189 +001.6833 -095.0335 +006.4736 -149.5724 0
L1 03    112 +015.2750 +004.0656 -000.6548 +011.2944 +004.6063 +086.4284 0
L1 04    112 +016.3515 +000.4398 -000.5609 -019.4974 +021.6467 -154.8860 0
L1 05    112 +014.5330 +000.8674 -001.7853 -062.9746 -079.7681 -016.3761 0
L1 06    112 +015.3075 +001.1282 -002.1357 -066.1582 -077.9386 -014.7220 0
L1 07    112 +016.2226 +001.1882 -001.6474 -030.4407 -083.9543 -037.0335 0
L1 08    112 +017.0740 +001.4777 -001.2606 -016.3434 -080.5576 -063.0866 0
L1 01    116 +014.6157 +003.8000 +001.3540 +008.1678 +000.5689 +001.8705 0
L1 02    116 +007.4472 +005.5188 +001.6832 -095.0348 +006.4735 -149.5731 0
L1 03    116 +015.2751 +004.0647 -000.6547 +011.2861 +004.6052 +086.4280 0
L1 04    116 +016.3514 +000.4395 -000.5611 -019.5010 +021.6494 -154.8867 0
L1 05    116 +014.5330 +000.8671 -001.7853 -062.9765 -079.7695 -016.3771 0
L1 06    116 +015.3075 +001.1280 -002.1357 -066.1584 -077.9393 -014.7240 0
L1 07    116 +016.2226 +001.1876 -001.6474 -030.4396 -083.9540 -037.0397 0
L1 08    116 +017.0740 +001.4776 -001.2607 -016.3421 -080.5569 -063.0896 0
L1 01    120 +014.6158 +003.8002 +001.3538 +008.1695 +000.5705 +001.8693 0
L1 02    120 +007.4471 +005.5189 +001.6832 -095.0334 +006.4731 -149.5726 0
L1 03    120 +015.2750 +004.0655 -000.6548 +011.2923 +004.6062 +086.4290 0
L1 04    120 +016.3514 +000.4397 -000.5610 -019.4988 +021.6486 -154.8866 0
L1 05    120 +014.5330 +000.8671 -001.7854 -062.9734 -079.7691 -016.3796 0
L1 06    120 +015.3074 +001.1280 -002.1358 -066.1571 -077.9395 -014.7242 0
L1 07    120 +016.2227 +001.1881 -001.6473 -030.4590 -083.9540 -037.0168 0
L1 08    120 +017.0739 +001.4779 -001.2607 -016.3395 -080.5570 -063.0897 0
L1 01    124 +014.6158 +003.8002 +001.3537 +008.1678 +000.5727 +001.8691 0
L1 02    124 +007.4471 +005.5190 +001.6832 -095.0329 +006.4733 -149.5715 0
L1 03    124 +015.2750 +004.0656 -000.6549 +011.2940 +004.6071 +086.4286 0
L1 04    124 +016.3515 +000.4397 -000.5609 -019.4985 +021.6473 -154.8867 0
L1 05    124 +014.5330 +000.8672 -001.7855 -062.9745 -079.7679 -016.3785 0
L1 06    124 +015.3074 +001.1280 -002.1357 -066.1612 -077.9388 -014.7196 0
L1 07    124 +016.2226 +001.1886 -001.6475 -030.4459 -083.9524 -037.0268 0
L1 08    124 +017.0739 +001.4778 -001.2606 -016.3405 -080.5576 -063.0892 0
L1 01    128 +014.6158 +003.8003 +001.3537 +008.1674 +000.5729 +001.8698 0
L1 02    128 +007.4471 +005.5189 +001.6832 -095.0330 +006.4734 -149.5714 0
L1 03    128 +015.2750 +004.0655 -000.6550 +011.2935 +004.6073 +086.4285 0
L1 04    128 +016.3515 +000.4397 -000.5609 -019.4983 +021.6473 -154.8863 0
L1 05    128 +014.5329 +000.8671 -001.7856 -062.9720 -079.7672 -016.3813 0
L1 06    128 +015.3074 +001.1281 -002.1358 -066.1566 -077.9373 -014.7237 0
L1 07    128 +016.2226 +001.1886 -001.6474 -030.4422 -083.9531 -037.0293 0
L1 08    128 +017.0739 +001.4779 -001.2606 -016.3398 -080.5578 -063.0888 0
L1 01    132 +014.6158 +003.8002 +001.3536 +008.1661 +000.5732 +001.8703 0
L1 02    132 +007.4471 +005.5189 +001.6832 -095.0330 +006.4734 -149.5721 0
L1 03    132 +015.2750 +004.0655 -000.6548 +011.2933 +004.6067 +086.4292 0
L1 04    132 +016.3514 +000.4394 -000.5608 -019.4995 +021.6469 -154.8867 0
L1 05    132 +014.5329 +000.8673 -001.7854 -062.9762 -079.7673 -016.3762 0
L1 06    132 +015.3074 +001.1283 -002.1358 -066.1523 -077.9371 -014.7261 0
L1 07    132 +016.2225 +001.1886 -001.6474 -030.4478 -083.9522 -037.0239 0
L1 08    132 +017.0739 +001.4781 -001.2606 -016.3419 -080.5572 -063.0858 0
L1 01    136 +014.6158 +003.8001 +001.3536 +008.1633 +000.5735 +001.8697 0
L1 02    136 +007.4471 +005.5189 +001.6832 -095.0335 +006.4732 -149.5725 0
L1 03    136 +015.2750 +004.0655 -000.6550 +011.2929 +004.6078 +086.4288 0
L1 04    136 +016.3515 +000.4394 -000.5607 -019.5000 +021.6457 -154.8862 0
L1 05    136 +014.5329 +000.8674 -001.7853 -062.9764 -079.7673 -016.3753 0
L1 06    136 +015.3074 +001.1284 -002.1357 -066.1547 -077.9385 -014.7239 0
L1 07    136 +016.2226 +001.1884 -001.6471 -030.4469 -083.9535 -037.0263 0
L1 08    136 +017.0739 +001.4778 -001.2606 -016.3438 -080.5576 -063.0856 0
L1 01    140 +014.6159 +003.8002 +001.3535 +008.1620 +000.5768 +001.8689 0
L1 02    140 +007.4471 +005.5190 +001.6832 -095.0326 +006.4735 -149.5723 0
L1 03    140 +015.2749 +004.0658 -000.6549 +011.2976 +004.6085 +086.4291 0
L1 04    140 +016.3516 +000.4396 -000.5600 -019.4964 +021.6388 -154.8833 0
L1 05    140 +014.5329 +000.8672 -001.7855 -062.9700 -079.7671 -016.3822 0
L1 06    140 +015.3074 +001.1284 -002.1355 -066.1583 -077.9392 -014.7201 0
L1 07    140 +016.2226 +001.1883 -001.6470 -030.4663 -083.9541 -037.0066 0
L1 08    140 +017.0738 +001.4780 -001.2602 -016.3487 -080.5598 -063.0798 0
L1 01    144 +014.6158 +003.8001 +001.3535 +008.1591 +000.5765 +001.8690 0
L1 02    144 +007.4471 +005.5190 +001.6832 -095.0331 +006.4734 -149.5735 0
L1 03    144 +015.2749 +004.0657 -000.6549 +011.2952 +004.6088 +086.4279 0
L1 04    144 +016.3516 +000.4396 -000.5604 -019.4990 +021.6427 -154.8849 0
L1 05    144 +014.5328 +000.8673 -001.7856 -062.9634 -079.7673 -016.3887 0
L1 06    144 +015.3074 +001.1283 -002.1355 -066.1585 -077.9387 -014.7211 0
L1 07    144 +016.2226 +001.1885 -001.6471 -030.4667 -083.9530 -037.0061 0
L1 08    144 +017.0738 +001.4775 -001.2605 -016.3455 -080.5583 -063.0863 0
L1 01    148 +014.6158 +003.8002 +001.3536 +008.1591 +000.5751 +001.8684 0
L1 02    148 +007.4471 +005.5189 +001.6832 -095.0340 +006.4737 -149.5747 0
L1 03    148 +015.2749 +004.0657 -000.6548 +011.2937 +004.6079 +086.4284 0
L1 04    148 +016.3514 +000.4399 -000.5607 -019.4970 +021.6465 -154.8848 0
L1 05    148 +014.5328 +000.8673 -001.7855 -062.9669 -079.7660 -016.3865 0
L1 06    148 +015.3073 +001.1283 -002.1356 -066.1546 -077.9377 -014.7255 0
L1 07    148 +016.2225 +001.1886 -001.6473 -030.4578 -083.9504 -037.0151 0
L1 08    148 +017.0738 +001.4776 -001.2606 -016.3458 -080.5572 -063.0854 0
L1 01    152 +014.6158 +003.7999 +001.3535 +008.1534 +000.5775 +001.8700 0
L1 02    152 +007.4472 +005.5189 +001.6832 -095.0341 +006.4738 -149.5725 0
L1 03    152 +015.2749 +004.0655 -000.6550 +011.2929 +004.6087 +086.4286 0
L1 04    152 +016.3515 +000.4395 -000.5604 -019.5008 +021.6433 -154.8844 0
L1 05    152 +014.5328 +000.8672 -001.7856 -062.9648 -079.7666 -016.3896 0
L1 06    152 +015.3073 +001.1281 -002.1357 -066.1530 -077.9377 -014.7291 0
L1 07    152 +016.2225 +001.1881 -001.6471 -030.4579 -083.9532 -037.0182 0
L1 08    152 +017.0738 +001.4769 -001.2604 -016.3536 -080.5587 -063.0845 0
L1 01    156 +014.6158 +003.8001 +001.3534 +008.1558 +000.5773 +001.8688 0
L1 02    156 +007.4472 +005.5189 +001.6832 -095.0339 +006.4737 -149.5710 0
L1 03    156 +015.2749 +004.0656 -000.6551 +011.2929 +004.6092 +086.4284 0
L1 04    156 +016.3515 +000.4398 -000.5606 -019.4982 +021.6449 -154.8839 0
L1 05    156 +014.5328 +000.8672 -001.7856 -062.9666 -079.7669 -016.3871 0
L1 06    156 +015.3073 +001.1281 -002.1361 -066.1417 -077.9375 -014.7405 0
L1 07    156 +016.2225 +001.1884 -001.6473 -030.4439 -083.9521 -037.0296 0
L1 08    156 +017.0739 +001.4771 -001.2605 -016.3509 -080.5574 -063.0835 0
L1 01    160 +014.6158 +003.8001 +001.3535 +008.1536 +000.5764 +001.8694 0
L1 02    160 +007.4472 +005.5189 +001.6832 -095.0339 +006.4738 -149.5714 0
L1 03    160 +015.2749 +004.0656 -000.6550 +011.2927 +004.6085 +086.4285 0
L1 04    160 +016.3515 +000.4397 -000.5605 -019.4987 +021.6440 -154.8833 0
L1 05    160 +014.5328 +000.8669 -001.7856 -062.9697 -079.7667 -016.3863 0
L1 06    160 +015.3072 +001.1284 -002.1358 -066.1481 -077.9383 -014.7325 0
L1 07    160 +016.2225 +001.1879 -001.6471 -030.4608 -083.9529 -037.0163 0
L1 08    160 +017.0738 +001.4776 -001.2605 -016.3458 -080.5578 -063.0863 0
L1 01    164 +014.6159 +003.7997 +001.3534 +008.1473 +000.5792 +001.8703 0
L1 02    164 +007.4472 +005.5189 +001.6832 -095.0348 +006.4739 -149.5735 0
L1 03    164 +015.2749 +004.0654 -000.6550 +011.2902 +004.6095 +086.4287 0
L1 04    164 +016.3515 +000.4393 -000.5607 -019.5023 +021.6458 -154.8859 0
L1 05    164 +014.5328 +000.8671 -001.7856 -062.9685 -079.7658 -016.3874 0
L1 06    164 +015.3073 +001.1282 -002.1357 -066.1524 -077.9378 -014.7303 0
L1 07    164 +016.2225 +001.1874 -001.6476 -030.4451 -083.9502 -037.0358 0
L1 08    164 +017.0738 +001.4775 -001.2606 -016.3439 -080.5565 -063.0901 0
L1 01    168 +014.6158 +003.8000 +001.3537 +008.1506 +000.5749 +001.8717 0
L1 02    168 +007.4471 +005.5189 +001.6832 -095.0343 +006.4740 -149.5745 0
L1 03    168 +015.2749 +004.0654 -000.6550 +011.2906 +004.6095 +086.4287 0
L1 04    168 +016.3514 +000.4393 -000.5606 -019.5013 +021.6465 -154.8860 0
L1 05    168 +014.5327 +000.8671 -001.7856 -062.9654 -079.7662 -016.3899 0
L1 06    168 +015.3073 +001.1281 -002.1357 -066.1500 -077.9371 -014.7322 0
L1 07    168 +016.2225 +001.1878 -001.6474 -030.4408 -083.9500 -037.0372 0
L1 08    168 +017.0738 +001.4775 -001.2607 -016.3460 -080.5558 -063.0869 0
L1 01    172 +014.6158 +003.8000 +001.3536 +008.1493 +000.5770 +001.8704 0
L1 02    172 +007.4471 +005.5189 +001.6832 -095.0344 +006.4739 -149.5747 0
L1 03    172 +015.2748 +004.0654 -000.6551 +011.2911 +004.6101 +086.4287 0
L1 04    172 +016.3513 +000.4394 -000.5609 -019.5011 +021.6479 -154.8862 0
L1 05    172 +014.5327 +000.8670 -001.7854 -062.9629 -079.7665 -016.3927 0
L1 06    172 +015.3072 +001.1281 -002.1358 -066.1507 -077.9363 -014.7316 0
L1 07    172 +016.2224 +001.1880 -001.6473 -030.4406 -083.9511 -037.0364 0
L1 08    172 +017.0738 +001.4774 -001.2606 -016.3443 -080.5561 -063.0888 0
L1 01    176 +014.6158 +003.8002 +001.3535 +008.1500 +000.5782 +001.8696 0
L1 02    176 +007.4471 +005.5189 +001.6832 -095.0335 +006.4738 -149.5739 0
L1 03    176 +015.2748 +004.0657 -000.6551 +011.2931 +004.6108 +086.4291 0
L1 04    176 +016.3513 +000.4399 -000.5611 -019.4970 +021.6503 -154.8865 0
L1 05    176 +014.5327 +000.8672 -001.7856 -062.9571 -079.7653 -016.3964 0
L1 06    176 +015.3071 +001.1289 -002.1359 -066.1367 -077.9370 -014.7390 0
L1 07    176 +016.2224 +001.1881 -001.6474 -030.4356 -083.9500 -037.0395 0
L1 08    176 +017.0737 +001.4777 -001.2608 -016.3414 -080.5539 -063.0891 0
L1 01    180 +014.6157 +003.8002 +001.3536 +008.1488 +000.5776 +001.8699 0
L1 02    180 +007.4472 +005.5189 +001.6832 -095.0344 +006.4741 -149.5730 0
L1 03    180 +015.2748 +004.0656 -000.6550 +011.2924 +004.6100 +086.4292 0
L1 04    180 +016.3512 +000.4398 -000.5611 -019.4983 +021.6498 -154.8864 0
L1 05    180 +014.5326 +000.8673 -001.7858 -062.9482 -079.7640 -016.4051 0
L1 06    180 +015.3071 +001.1286 -002.1358 -066.1419 -077.9370 -014.7374 0
L1 07    180 +016.2223 +001.1883 -001.6476 -030.4309 -083.9495 -037.0433 0
L1 08    180 +017.0737 +001.4775 -001.2608 -016.3441 -080.5545 -063.0882 0
L1 01    184 +014.6157 +003.8003 +001.3537 +008.1486 +000.5757 +001.8705 0
L1 02    184 +007.4472 +005.5189 +001.6832 -095.0340 +006.4738 -149.5715 0
L1 03    184 +015.2748 +004.0656 -000.6550 +011.2921 +004.6094 +086.4294 0
L1 04    184 +016.3511 +000.4401 -000.5615 -019.4964 +021.6534 -154.8881 0
L1 05    184 +014.5325 +000.8674 -001.7861 -062.9471 -079.7604 -016.4068 0
L1 06    184 +015.3068 +001.1285 -002.1367 -066.1174 -077.9297 -014.7643 0
L1 07    184 +016.2219 +001.1892 -001.6482 -030.4499 -083.9407 -037.0214 0
L1 08    184 +017.0734 +001.4778 -001.2615 -016.3537 -080.5476 -063.0764 0
L1 01    188 +014.6157 +003.8004 +001.3537 +008.1486 +000.5764 +001.8708 0
L1 02    188 +007.4471 +005.5189 +001.6832 -095.0330 +006.4736 -149.5730 0
L1 03    188 +015.2747 +004.0660 -000.6550 +011.2956 +004.6095 +086.4301 0
L1 04    188 +016.3512 +000.4399 -000.5613 -019.4959 +021.6512 -154.8871 0
L1 05    188 +014.5327 +000.8678 -001.7854 -062.9605 -079.7657 -016.3877 0
L1 06    188 +015.3071 +001.1288 -002.1357 -066.1460 -077.9347 -014.7300 0
L1 07    188 +016.2221 +001.1889 -001.6479 -030.4337 -083.9455 -037.0350 0
L1 08    188 +017.0736 +001.4785 -001.2610 -016.3390 -080.5519 -063.0854 0
L1 01    192 +014.6157 +003.8002 +001.3535 +008.1450 +000.5784 +001.8702 0
L1 02    192 +007.4471 +005.5189 +001.6832 -095.0339 +006.4740 -149.5738 0
L1 03    192 +015.2747 +004.0657 -000.6551 +011.2929 +004.6102 +086.4297 0
L1 04    192 +016.3512 +000.4400 -000.5611 -019.4962 +021.6501 -154.8853 0
L1 05    192 +014.5326 +000.8675 -001.7852 -062.9706 -079.7647 -016.3814 0
L1 06    192 +015.3071 +001.1285 -002.1357 -066.1446 -077.9367 -014.7350 0
L1 07    192 +016.2222 +001.1889 -001.6477 -030.4434 -083.9471 -037.0275 0
L1 08    192 +017.0736 +001.4775 -001.2607 -016.3448 -080.5543 -063.0863 0
L1 01    196 +014.6157 +003.8002 +001.3535 +008.1428 +000.5787 +001.8713 0
L1 02    196 +007.4471 +005.5189 +001.6832 -095.0338 +006.4742 -149.5735 0
L1 03    196 +015.2747 +004.0657 -000.6551 +011.2925 +004.6101 +086.4299 0
L1 04    196 +016.3512 +000.4398 -000.5610 -019.4980 +021.6498 -154.8855 0
L1 05    196 +014.5326 +000.8673 -001.7855 -062.9596 -079.7648 -016.3938 0
L1 06    196 +015.3071 +001.1288 -002.1358 -066.1400 -077.9350 -014.7381 0
L1 07    196 +016.2223 +001.1884 -001.6476 -030.4441 -083.9488 -037.0297 0
L1 08    196 +017.0737 +001.4776 -001.2608 -016.3416 -080.5545 -063.0898 0
L1 01    200 +014.6158 +003.8001 +001.3535 +008.1415 +000.5790 +001.8712 0
L1 02    200 +007.4471 +005.5189 +001.6832 -095.0337 +006.4742 -149.5735 0
L1 03    200 +015.2748 +004.0656 -000.6552 +011.2919 +004.6107 +086.4301 0
L1 04    200 +016.3513 +000.4394 -000.5612 -019.4998 +021.6505 -154.8864 0
L1 05    200 +014.5326 +000.8674 -001.7853 -062.9607 -079.7662 -016.3914 0
L1 06    200 +015.3071 +001.1285 -002.1357 -066.1453 -077.9349 -014.7341 0
L1 07    200 +016.2223 +001.1881 -001.6475 -030.4436 -083.9492 -037.0317 0
L1 08    200 +017.0737 +001.4777 -001.2609 -016.3391 -080.5538 -063.0917 0
L1 01    204 +014.6157 +003.8001 +001.3536 +008.1409 +000.5774 +001.8714 0
L1 02    204 +007.4471 +005.5189 +001.6832 -095.0345 +006.4742 -149.5747 0
L1 03    204 +015.2748 +004.0654 -000.6550 +011.2902 +004.6096 +086.4302 0
L1 04    204 +016.3512 +000.4395 -000.5615 -019.5000 +021.6542 -154.8872 0
L1 05    204 +014.5326 +000.8673 -001.7856 -062.9552 -079.7653 -016.3989 0
L1 06    204 +015.3071 +001.1283 -002.1358 -066.1410 -077.9356 -014.7399 0
L1 07    204 +016.2223 +001.1881 -001.6474 -030.4502 -083.9491 -037.0255 0
L1 08    204 +017.0737 +001.4778 -001.2609 -016.3406 -080.5532 -063.0892 0
L1 01    208 +014.6157 +003.8003 +001.3535 +008.1406 +000.5788 +001.8701 0
L1 02    208 +007.4471 +005.5189 +001.6832 -095.0343 +006.4741 -149.5741 0
L1 03    208 +015.2747 +004.0657 -000.6551 +011.2927 +004.6104 +086.4299 0
L1 04    208 +016.3512 +000.4400 -000.5614 -019.4965 +021.6525 -154.8859 0
L1 05    208 +014.5326 +000.8672 -001.7854 -062.9598 -079.7657 -016.3941 0
L1 06    208 +015.3071 +001.1284 -002.1358 -066.1387 -077.9352 -014.7419 0
L1 07    208 +016.2223 +001.1880 -001.6474 -030.4430 -083.9492 -037.0331 0
L1 08    208 +017.0736 +001.4777 -001.2607 -016.3426 -080.5541 -063.0878 0
L1 01    212 +014.6157 +003.8001 +001.3534 +008.1370 +000.5798 +001.8712 0
L1 02    212 +007.4472 +005.5189 +001.6832 -095.0343 +006.4741 -149.5731 0
L1 03    212 +015.2748 +004.0655 -000.6551 +011.2905 +004.6102 +086.4297 0
L1 04    212 +016.3512 +000.4395 -000.5614 -019.5002 +021.6523 -154.8867 0
L1 05    212 +014.5326 +000.8672 -001.7856 -062.9562 -079.7648 -016.3982 0
L1 06    212 +015.3071 +001.1286 -002.1357 -066.1418 -077.9357 -014.7380 0
L1 07    212 +016.2224 +001.1876 -001.6471 -030.4485 -083.9498 -037.0295 0
L1 08    212 +017.0737 +001.4777 -001.2607 -016.3414 -080.5540 -063.0899 0
L1 01    216 +014.6157 +003.8002 +001.3536 +008.1383 +000.5779 +001.8715 0
L1 02    216 +007.4471 +005.5189 +001.6832 -095.0333 +006.4740 -149.5721 0
L1 03    216 +015.2748 +004.0655 -000.6551 +011.2917 +004.6096 +086.4297 0
L1 04    216 +016.3512 +000.4396 -000.5613 -019.4989 +021.6520 -154.8876 0
L1 05    216 +014.5326 +000.8674 -001.7856 -062.9579 -079.7641 -016.3942 0
L1 06    216 +015.3071 +001.1285 -002.1359 -066.1398 -077.9349 -014.7389 0
L1 07    216 +016.2222 +001.1885 -001.6477 -030.4301 -083.9476 -037.0430 0
L1 08    216 +017.0737 +001.4780 -001.2608 -016.3356 -080.5539 -063.0920 0
L1 01    220 +014.6158 +003.8001 +001.3535 +008.1360 +000.5793 +001.8715 0
L1 02    220 +007.4471 +005.5190 +001.6832 -095.0327 +006.4741 -149.5722 0
L1 03    220 +015.2748 +004.0656 -000.6551 +011.2926 +004.6096 +086.4298 0
L1 04    220 +016.3512 +000.4394 -000.5611 -019.4996 +021.6502 -154.8873 0
L1 05    220 +014.5326 +000.8675 -001.7857 -062.9543 -079.7644 -016.3965 0
L1 06    220 +015.3071 +001.1285 -002.1357 -066.1418 -077.9355 -014.7365 0
L1 07    220 +016.2223 +001.1883 -001.6475 -030.4351 -083.9490 -037.0379 0
L1 08    220 +017.0737 +001.4781 -001.2608 -016.3360 -080.5543 -063.0916 0
L1 01    224 +014.6158 +003.8001 +001.3534 +008.1343 +000.5792 +001.8713 0
L1 02    224 +007.4471 +005.5189 +001.6832 -095.0334 +006.4742 -149.5734 0
L1 03    224 +015.2748 +004.0656 -000.6550 +011.2921 +004.6096 +086.4298 0
L1 04    224 +016.3513 +000.4393 -000.5611 -019.5006 +021.6502 -154.8875 0
L1 05    224 +014.5326 +000.8674 -001.7856 -062.9583 -079.7654 -016.3942 0
L1 06    224 +015.3071 +001.1283 -002.1359 -066.1375 -077.9357 -014.7428 0
L1 07    224 +016.2223 +001.1878 -001.6476 -030.4320 -083.9483 -037.0451 0
L1 08    224 +017.0737 +001.4779 -001.2608 -016.3383 -080.5543 -063.0909 0
L1 01    228 +014.6158 +003.8001 +001.3536 +008.1328 +000.5782 +001.8719 0
L1 02    228 +007.4471 +005.5189 +001.6832 -095.0334 +006.4742 -149.5745 0
L1 03    228 +015.2748 +004.0655 -000.6550 +011.2918 +004.6092 +086.4295 0
L1 04    228 +016.3513 +000.4394 -000.5609 -019.4996 +021.6493 -154.8866 0
L1 05    228 +014.5326 +000.8675 -001.7857 -062.9571 -079.7646 -016.3942 0
L1 06    228 +015.3071 +001.1284 -002.1359 -066.1351 -077.9352 -014.7443 0
L1 07    228 +016.2224 +001.1879 -001.6475 -030.4326 -083.9485 -037.0434 0
L1 08    228 +017.0737 +001.4778 -001.2608 -016.3391 -080.5540 -063.0904 0
L1 01    232 +014.6158 +003.8000 +001.3536 +008.1314 +000.5781 +001.8715 0
L1 02    232 +007.4471 +005.5190 +001.6832 -095.0332 +006.4742 -149.5738 0
L1 03    232 +015.2748 +004.0655 -000.6550 +011.2913 +004.6091 +086.4296 0
L1 04    232 +016.3513 +000.4394 -000.5608 -019.4994 +021.6489 -154.8862 0
L1 05    232 +014.5326 +000.8675 -001.7855 -062.9649 -079.7646 -016.3860 0
L1 06    232 +015.3071 +001.1283 -002.1359 -066.1367 -077.9353 -014.7433 0
L1 07    232 +016.2224 +001.1879 -001.6474 -030.4377 -083.9496 -037.0382 0
L1 08    232 +017.0737 +001.4778 -001.2608 -016.3416 -080.5542 -063.0875 0
L1 01    236 +014.6157 +003.7999 +001.3538 +008.1285 +000.5769 +001.8718 0
L1 02    236 +007.4471 +005.5189 +001.6832 -095.0343 +006.4741 -149.5736 0
L1 03    236 +015.2748 +004.0653 -000.6549 +011.2888 +004.6081 +086.4292 0
L1 04    236 +016.3512 +000.4394 -000.5610 -019.5007 +021.6508 -154.8867 0
L1 05    236 +014.5326 +000.8674 -001.7856 -062.9568 -079.7647 -016.3954 0
L1 06    236 +015.3071 +001.1282 -002.1359 -066.1384 -077.9344 -014.7441 0
L1 07    236 +016.2223 +001.1881 -001.6477 -030.4243 -083.9475 -037.0515 0
L1 08    236 +017.0737 +001.4778 -001.2610 -016.3392 -080.5528 -063.0911 0
L1 01    240 +014.6157 +003.8001 +001.3536 +008.1293 +000.5787 +001.8709 0
L1 02    240 +007.4471 +005.5189 +001.6832 -095.0335 +006.4738 -149.5728 0
L1 03    240 +015.2748 +004.0656 -000.6550 +011.2912 +004.6091 +086.4290 0
L1 04    240 +016.3513 +000.4396 -000.5609 -019.4981 +021.6490 -154.8854 0
L1 05    240 +014.5326 +000.8671 -001.7856 -062.9600 -079.7649 -016.3937 0
L1 06    240 +015.3071 +001.1284 -002.1359 -066.1368 -077.9338 -014.7434 0
L1 07    240 +016.2223 +001.1882 -001.6475 -030.4445 -083.9477 -037.0301 0
L1 08    240 +017.0737 +001.4777 -001.2608 -016.3425 -080.5541 -063.0877 0
L1 01    244 +014.6157 +003.8004 +001.3535 +008.1302 +000.5791 +001.8707 0
L1 02    244 +007.4471 +005.5189 +001.6832 -095.0334 +006.4740 -149.5725 0
L1 03    244 +015.2748 +004.0658 -000.6552 +011.2929 +004.6098 +086.4289 0
L1 04    244 +016.3512 +000.4398 -000.5608 -019.4965 +021.6489 -154.8851 0
L1 05    244 +014.5326 +000.8671 -001.7858 -062.9509 -079.7639 -016.4028 0
L1 06    244 +015.3071 +001.1285 -002.1360 -066.1316 -077.9339 -014.7480 0
L1 07    244 +016.2222 +001.1885 -001.6478 -030.4285 -083.9469 -037.0435 0
L1 08    244 +017.0737 +001.4776 -001.2609 -016.3411 -080.5533 -063.0890 0
L1 01    248 +014.6156 +003.8001 +001.3538 +008.1281 +000.5772 +001.8705 0
L1 02    248 +007.4471 +005.5189 +001.6832 -095.0336 +006.4739 -149.5729 0
L1 03    248 +015.2749 +004.0653 -000.6549 +011.2890 +004.6079 +086.4289 0
L1 04    248 +016.3511 +000.4398 -000.5611 -019.4972 +021.6517 -154.8857 0
L1 05    248 +014.5326 +000.8671 -001.7856 -062.9582 -079.7654 -016.3964 0
L1 06    248 +015.3070 +001.1284 -002.1359 -066.1330 -077.9342 -014.7474 0
L1 07    248 +016.2223 +001.1885 -001.6474 -030.4459 -083.9487 -037.0270 0
L1 08    248 +017.0736 +001.4778 -001.2610 -016.3379 -080.5526 -063.0916 0
L1 01    252 +014.6157 +003.8002 +001.3536 +008.1276 +000.5784 +001.8701 0
L1 02    252 +007.4471 +005.5189 +001.6832 -095.0331 +006.4739 -149.5730 0
L1 03    252 +015.2747 +004.0658 -000.6550 +011.2929 +004.6085 +086.4296 0
L1 04    252 +016.3512 +000.4400 -000.5611 -019.4959 +021.6507 -154.8858 0
L1 05    252 +014.5326 +000.8673 -001.7856 -062.9587 -079.7652 -016.3943 0
L1 06    252 +015.3071 +001.1283 -002.1358 -066.1367 -077.9349 -014.7432 0
L1 07    252 +016.2223 +001.1885 -001.6474 -030.4450 -083.9480 -037.0274 0
L1 08    252 +017.0736 +001.4778 -001.2607 -016.3415 -080.5541 -063.0876 0
L1 01    256 +014.6157 +003.8002 +001.3535 +008.1246 +000.5803 +001.8696 0
L1 02    256 +007.4471 +005.5189 +001.6832 -095.0336 +006.4739 -149.5732 0
L1 03    256 +015.2747 +004.0657 -000.6549 +011.2920 +004.6083 +086.4293 0
L1 04    256 +016.3512 +000.4398 -000.5609 -019.4974 +021.6489 -154.8847 0
L1 05    256 +014.5326 +000.8671 -001.7855 -062.9669 -079.7656 -016.3872 0
L1 06    256 +015.3071 +001.1282 -002.1357 -066.1373 -077.9359 -014.7440 0
L1 07    256 +016.2223 +001.1883 -001.6475 -030.4409 -083.9485 -037.0331 0
L1 08    256 +017.0736 +001.4775 -001.2608 -016.3447 -080.5541 -063.0872 0
L1 01    260 +014.6157 +003.8002 +001.3535 +008.1238 +000.5807 +001.8698 0
L1 02    260 +007.4471 +005.5189 +001.6832 -095.0333 +006.4739 -149.5733 0
L1 03    260 +015.2747 +004.0661 -000.6550 +011.2955 +004.6090 +086.4293 0
L1 04    260 +016.3513 +000.4398 -000.5607 -019.4960 +021.6466 -154.8839 0
L1 05    260 +014.5326 +000.8671 -001.7856 -062.9631 -079.7644 -016.3909 0
L1 06    260 +015.3071 +001.1284 -002.1355 -066.1418 -077.9362 -014.7374 0
L1 07    260 +016.2223 +001.1882 -001.6471 -030.4571 -083.9509 -037.0163 0
L1 08    260 +017.0736 +001.4776 -001.2607 -016.3443 -080.5545 -063.0865 0
L1 01    264 +014.6157 +003.8001 +001.3535 +008.1226 +000.5796 +001.8713 0
L1 02    264 +007.4471 +005.5189 +001.6832 -095.0337 +006.4740 -149.5728 0
L1 03    264 +015.2747 +004.0658 -000.6551 +011.2931 +004.6092 +086.4288 0
L1 04    264 +016.3513 +000.4396 -000.5607 -019.4975 +021.6476 -154.8853 0
L1 05    264 +014.5326 +000.8673 -001.7857 -062.9577 -079.7634 -016.3950 0
L1 06    264 +015.3070 +001.1287 -002.1360 -066.1288 -077.9352 -014.7491 0
L1 07    264 +016.2222 +001.1881 -001.6479 -030.4298 -083.9462 -037.0450 0
L1 08    264 +017.0736 +001.4777 -001.2610 -016.3404 -080.5530 -063.0899 0
L1 01    268 +014.6157 +003.8001 +001.3536 +008.1214 +000.5794 +001.8712 0
L1 02    268 +007.4471 +005.5189 +001.6832 -095.0332 +006.4738 -149.5726 0
L1 03    268 +015.2747 +004.0659 -000.6551 +011.2931 +004.6091 +086.4288 0
L1 04    268 +016.3513 +000.4397 -000.5609 -019.4970 +021.6492 -154.8856 0
L1 05    268 +014.5326 +000.8672 -001.7856 -062.9616 -079.7640 -016.3923 0
L1 06    268 +015.3070 +001.1284 -002.1357 -066.1353 -077.9349 -014.7440 0
L1 07    268 +016.2223 +001.1883 -001.6474 -030.4450 -083.9485 -037.0286 0
L1 08    268 +017.0736 +001.4778 -001.2608 -016.3392 -080.5541 -063.0904 0
L1 01    272 +014.6157 +003.8000 +001.3536 +008.1188 +000.5792 +001.8708 0
L1 02    272 +007.4471 +005.5189 +001.6832 -095.0333 +006.4739 -149.5732 0
L1 03    272 +015.2747 +004.0656 -000.6552 +011.2909 +004.6097 +086.4294 0
L1 04    272 +016.3512 +000.4397 -000.5609 -019.4976 +021.6491 -154.8853 0
L1 05    272 +014.5326 +000.8672 -001.7856 -062.9613 -079.7640 -016.3935 0
L1 06    272 +015.3070 +001.1283 -002.1356 -066.1376 -077.9353 -014.7433 0
L1 07    272 +016.2223 +001.1881 -001.6473 -030.4378 -083.9496 -037.0376 0
L1 08    272 +017.0736 +001.4776 -001.2607 -016.3410 -080.5545 -063.0901 0
L1 01    276 +014.6158 +003.8000 +001.3535 +008.1177 +000.5801 +001.8717 0
L1 02    276 +007.4471 +005.5189 +001.6832 -095.0333 +006.4738 -149.5735 0
L1 03    276 +015.2748 +004.0656 -000.6551 +011.2906 +004.6091 +086.4293 0
L1 04    276 +016.3513 +000.4395 -000.5610 -019.4991 +021.6495 -154.8865 0
L1 05    276 +014.5326 +000.8672 -001.7855 -062.9645 -079.7647 -016.3897 0
L1 06    276 +015.3071 +001.1283 -002.1358 -066.1315 -077.9357 -014.7485 0
L1 07    276 +016.2223 +001.1883 -001.6473 -030.4320 -083.9493 -037.0420 0
L1 08    276 +017.0736 +001.4778 -001.2607 -016.3375 -080.5547 -063.0924 0
L1 01    280 +014.6157 +003.8001 +001.3535 +008.1172 +000.5802 +001.8708 0
L1 02    280 +007.4471 +005.5189 +001.6832 -095.0333 +006.4737 -149.5737 0
L1 03    280 +015.2748 +004.0656 -000.6551 +011.2907 +004.6089 +086.4293 0
L1 04    280 +016.3513 +000.4396 -000.5611 -019.4985 +021.6505 -154.8866 0
L1 05    280 +014.5326 +000.8677 -001.7856 -062.9577 -079.7648 -016.3938 0
L1 06    280 +015.3071 +001.1284 -002.1357 -066.1376 -077.9353 -014.7424 0
L1 07    280 +016.2223 +001.1881 -001.6475 -030.4428 -083.9471 -037.0322 0
L1 08    280 +017.0736 +001.4779 -001.2607 -016.3367 -080.5549 -063.0926 0
L1 01    284 +014.6158 +003.8001 +001.3537 +008.1162 +000.5784 +001.8716 0
L1 02    284 +007.4471 +005.5189 +001.6832 -095.0333 +006.4736 -149.5733 0
L1 03    284 +015.2748 +004.0654 -000.6549 +011.2888 +004.6069 +086.4298 0
L1 04    284 +016.3512 +000.4394 -000.5613 -019.4997 +021.6517 -154.8882 0
L1 05    284 +014.5326 +000.8675 -001.7855 -062.9640 -079.7648 -016.3880 0
L1 06    284 +015.3071 +001.1282 -002.1357 -066.1368 -077.9349 -014.7448 0
L1 07    284 +016.2223 +001.1879 -001.6475 -030.4401 -083.9473 -037.0360 0
L1 08    284 +017.0736 +001.4781 -001.2608 -016.3336 -080.5541 -063.0939 0
L1 01    288 +014.6157 +003.8002 +001.3534 +008.1154 +000.5808 +001.8703 0
L1 02    288 +007.4471 +005.5189 +001.6832 -095.0332 +006.4736 -149.5717 0
L1 03    288 +015.2748 +004.0657 -000.6552 +011.2918 +004.6096 +086.4290 0
L1 04    288 +016.3513 +000.4395 -000.5609 -019.4988 +021.6485 -154.8862 0
L1 05    288 +014.5325 +000.8675 -001.7857 -062.9539 -079.7641 -016.3981 0
L1 06    288 +015.3071 +001.1281 -002.1354 -066.1449 -077.9354 -014.7368 0
L1 07    288 +016.2224 +001.1881 -001.6471 -030.4516 -083.9497 -037.0234 0
L1 08    288 +017.0736 +001.4777 -001.2607 -016.3356 -080.5550 -063.0951 0
L1 01    292 +014.6158 +003.8001 +001.3536 +008.1137 +000.5791 +001.8712 0
L1 02    292 +007.4471 +005.5189 +001.6832 -095.0333 +006.4737 -149.5703 0
L1 03    292 +015.2748 +004.0656 -000.6551 +011.2900 +004.6085 +086.4286 0
L1 04    292 +016.3513 +000.4393 -000.5608 -019.5005 +021.6483 -154.8862 0
L1 05    292 +014.5326 +000.8674 -001.7856 -062.9616 -079.7658 -016.3914 0
L1 06    292 +015.3071 +001.1280 -002.1355 -066.1436 -077.9363 -014.7391 0
L1 07    292 +016.2223 +001.1883 -001.6473 -030.4412 -083.9494 -037.0333 0
L1 08    292 +017.0736 +001.4777 -001.2607 -016.3367 -080.5551 -063.0942 0
L1 01    296 +014.6157 +003.8002 +001.3537 +008.1129 +000.5784 +001.8713 0
L1 02    296 +007.4471 +005.5189 +001.6832 -095.0331 +006.4735 -149.5719 0
L1 03    296 +015.2748 +004.0656 -000.6550 +011.2902 +004.6081 +086.4283 0
L1 04    296 +016.3513 +000.4393 -000.5610 -019.5003 +021.6500 -154.8870 0
L1 05    296 +014.5326 +000.8673 -001.7856 -062.9607 -079.7655 -016.3925 0
L1 06    296 +015.3072 +001.1282 -002.1355 -066.1409 -077.9362 -014.7405 0
L1 07    296 +016.2223 +001.1883 -001.6473 -030.4362 -083.9495 -037.0377 0
L1 08    296 +017.0737 +001.4779 -001.2607 -016.3371 -080.5545 -063.0926 0
L1 01    300 +014.6158 +003.8000 +001.3536 +008.1097 +000.5795 +001.8709 0
L1 02    300 +007.4471 +005.5189 +001.6832 -095.0339 +006.4736 -149.5745 0
L1 03    300 +015.2748 +004.0656 -000.6550 +011.2897 +004.6081 +086.4283 0
L1 04    300 +016.3513 +000.4392 -000.5609 -019.5011 +021.6495 -154.8865 0
L1 05    300 +014.5326 +000.8673 -001.7853 -062.9729 -079.7669 -016.3808 0
L1 06    300 +015.3071 +001.1288 -002.1354 -066.1419 -077.9365 -014.7377 0
L1 07    300 +016.2223 +001.1885 -001.6473 -030.4345 -083.9487 -037.0388 0
L1 08    300 +017.0736 +001.4777 -001.2607 -016.3382 -080.5545 -063.0930 0
L1 01    304 +014.6157 +003.7997 +001.3534 +008.1072 +000.5837 +001.8753 0
L1 02    304 +007.4471 +005.5187 +001.6833 -095.0355 +006.4747 -149.5778 0
L1 03    304 +015.2746 +004.0656 -000.6555 +011.2901 +004.6140 +086.4330 0
L1 04    304 +016.3511 +000.4392 -000.5615 -019.5005 +021.6543 -154.8844 0
L1 05    304 +014.5326 +000.8671 -001.7852 -062.9762 -079.7662 -016.3792 0
L1 06    304 +015.3070 +001.1282 -002.1359 -066.1337 -077.9352 -014.7482 0
L1 07    304 +016.2222 +001.1885 -001.6475 -030.4398 -083.9479 -037.0342 0
L1 08    304 +017.0736 +001.4777 -001.2607 -016.3394 -080.5542 -063.0916 0
L1 01    308 +014.6157 +003.7999 +001.3534 +008.1063 +000.5812 +001.8697 0
L1 02    308 +007.4471 +005.5189 +001.6832 -095.0339 +006.4738 -149.5733 0
L1 03    308 +015.2748 +004.0655 -000.6552 +011.2895 +004.6084 +086.4286 0
L1 04    308 +016.3513 +000.4398 -000.5608 -019.4979 +021.6481 -154.8839 0
L1 05    308 +014.5326 +000.8671 -001.7855 -062.9694 -079.7644 -016.3854 0
L1 06    308 +015.3071 +001.1282 -002.1359 -066.1312 -077.9351 -014.7505 0
L1 07    308 +016.2222 +001.1883 -001.6474 -030.4444 -083.9483 -037.0294 0
L1 08    308 +017.0736 +001.4773 -001.2607 -016.3418 -080.5550 -063.0926 0
L1 01    312 +014.6158 +003.8000 +001.3537 +008.1067 +000.5780 +001.8713 0
L1 02    312 +007.4471 +005.5190 +001.6832 -095.0327 +006.4734 -149.5708 0
L1 03    312 +015.2748 +004.0655 -000.6551 +011.2891 +004.6068 +086.4287 0
L1 04    312 +016.3513 +000.4395 -000.5611 -019.4997 +021.6497 -154.8872 0
L1 05    312 +014.5327 +000.8675 -001.7853 -062.9744 -079.7646 -016.3772 0
L1 06    312 +015.3071 +001.1284 -002.1359 -066.1302 -077.9353 -014.7506 0
L1 07    312 +016.2223 +001.1881 -001.6476 -030.4350 -083.9475 -037.0403 0
L1 08    312 +017.0737 +001.4778 -001.2605 -016.3403 -080.5560 -063.0906 0
L1 01    316 +014.6157 +003.8002 +001.3536 +008.1078 +000.5797 +001.8710 0
L1 02    316 +007.4471 +005.5190 +001.6832 -095.0326 +006.4732 -149.5705 0
L1 03    316 +015.2748 +004.0657 -000.6550 +011.2917 +004.6073 +086.4274 0
L1 04    316 +016.3514 +000.4395 -000.5607 -019.4980 +021.6472 -154.8856 0
L1 05    316 +014.5327 +000.8674 -001.7854 -062.9727 -079.7650 -016.3793 0
L1 06    316 +015.3071 +001.1289 -002.1360 -066.1239 -077.9336 -014.7532 0
L1 07    316 +016.2223 +001.1882 -001.6471 -030.4367 -083.9498 -037.0376 0
L1 08    316 +017.0737 +001.4778 -001.2606 -016.3415 -080.5558 -063.0888 0
L1 01    320 +014.6157 +003.8003 +001.3538 +008.1081 +000.5772 +001.8700 0
L1 02    320 +007.4471 +005.5190 +001.6832 -095.0327 +006.4733 -149.5721 0
L1 03    320 +015.2749 +004.0656 -000.6550 +011.2906 +004.6070 +086.4277 0
L1 04    320 +016.3512 +000.4400 -000.5609 -019.4949 +021.6497 -154.8857 0
L1 05    320 +014.5327 +000.8673 -001.7854 -062.9742 -079.7659 -016.3781 0
L1 06    320 +015.3071 +001.1284 -002.1357 -066.1320 -077.9353 -014.7473 0
L1 07    320 +016.2222 +001.1884 -001.6475 -030.4299 -083.9481 -037.0426 0
L1 08    320 +017.0736 +001.4780 -001.2606 -016.3387 -080.5553 -063.0893 0
L1 01    324 +014.6157 +003.8001 +001.3537 +008.1046 +000.5781 +001.8707 0
L1 02    324 +007.4471 +005.5190 +001.6832 -095.0332 +006.4734 -149.5730 0
L1 03    324 +015.2748 +004.0655 -000.6548 +011.2889 +004.6063 +086.4278 0
L1 04    324 +016.3512 +000.4397 -000.5608 -019.4976 +021.6491 -154.8857 0
L1 05    324 +014.5327 +000.8672 -001.7855 -062.9721 -079.7656 -016.3825 0
L1 06    324 +015.3072 +001.1283 -002.1355 -066.1385 -077.9364 -014.7429 0
L1 07    324 +016.2222 +001.1883 -001.6477 -030.4246 -083.9468 -037.0498 0
L1 08    324 +017.0737 +001.4779 -001.2605 -016.3406 -080.5557 -063.0893 0
L1 01    328 +014.6157 +003.8000 +001.3538 +008.1031 +000.5768 +001.8709 0
L1 02    328 +007.4471 +005.5190 +001.6832 -095.0330 +006.4731 -149.5734 0
L1 03    328 +015.2748 +004.0655 -000.6549 +011.2892 +004.6062 +086.4284 0
L1 04    328 +016.3512 +000.4395 -000.5609 -019.4989 +021.6497 -154.8871 0
L1 05    328 +014.5326 +000.8675 -001.7854 -062.9722 -079.7651 -016.3802 0
L1 06    328 +015.3072 +001.1281 -002.1355 -066.1399 -077.9357 -014.7425 0
L1 07    328 +016.2223 +001.1879 -001.6475 -030.4360 -083.9485 -037.0400 0
L1 08    328 +017.0736 +001.4779 -001.2606 -016.3388 -080.5549 -063.0906 0
L1 01    332 +014.6157 +003.8001 +001.3538 +008.1020 +000.5774 +001.8706 0
L1 02    332 +007.4471 +005.5189 +001.6832 -095.0333 +006.4734 -149.5732 0
L1 03    332 +015.2748 +004.0656 -000.6549 +011.2892 +004.6065 +086.4276 0
L1 04    332 +016.3513 +000.4395 -000.5606 -019.4992 +021.6477 -154.8853 0
L1 05    332 +014.5327 +000.8673 -001.7855 -062.9702 -079.7650 -016.3831 0
L1 06    332 +015.3071 +001.1281 -002.1356 -066.1385 -077.9347 -014.7444 0
L1 07    332 +016.2223 +001.1881 -001.6473 -030.4358 -083.9491 -037.0394 0
L1 08    332 +017.0736 +001.4774 -001.2607 -016.3419 -080.5548 -063.0919 0
L1 01    336 +014.6157 +003.8000 +001.3538 +008.1001 +000.5773 +001.8702 0
L1 02    336 +007.4471 +005.5189 +001.6832 -095.0337 +006.4734 -149.5726 0
L1 03    336 +015.2748 +004.0656 -000.6549 +011.2888 +004.6061 +086.4272 0
L1 04    336 +016.3512 +000.4395 -000.5609 -019.4998 +021.6497 -154.8866 0
L1 05    336 +014.5327 +000.8673 -001.7856 -062.9665 -079.7655 -016.3876 0
L1 06    336 +015.3071 +001.1282 -002.1357 -066.1334 -077.9358 -014.7488 0
L1 07    336 +016.2223 +001.1879 -001.6474 -030.4340 -083.9485 -037.0427 0
L1 08    336 +017.0737 +001.4776 -001.2607 -016.3364 -080.5555 -063.0951 0
L1 01    340 +014.6157 +003.8001 +001.3536 +008.0998 +000.5793 +001.8696 0
L1 02    340 +007.4471 +005.5189 +001.6832 -095.0329 +006.4733 -149.5706 0
L1 03    340 +015.2748 +004.0658 -000.6550 +011.2909 +004.6067 +086.4276 0
L1 04    340 +016.3513 +000.4396 -000.5608 -019.4985 +021.6481 -154.8858 0
L1 05    340 +014.5327 +000.8674 -001.7854 -062.9694 -079.7662 -016.3827 0
L1 06    340 +015.3072 +001.1281 -002.1357 -066.1325 -077.9355 -014.7495 0
L1 07    340 +016.2223 +001.1883 -001.6473 -030.4491 -083.9484 -037.0250 0
L1 08    340 +017.0737 +001.4776 -001.2606 -016.3394 -080.5561 -063.0921 0
L1 01    344 +014.6158 +003.8001 +001.3535 +008.0993 +000.5803 +001.8701 0
L1 02    344 +007.4471 +005.5190 +001.6832 -095.0327 +006.4731 -149.5710 0
L1 03    344 +015.2749 +004.0658 -000.6550 +011.2911 +004.6065 +086.4274 0
L1 04    344 +016.3513 +000.4395 -000.5607 -019.4983 +021.6475 -154.8859 0
L1 05    344 +014.5327 +000.8673 -001.7854 -062.9697 -079.7666 -016.3834 0
L1 06    344 +015.3071 +001.1285 -002.1357 -066.1309 -077.9352 -014.7488 0
L1 07    344 +016.2224 +001.1881 -001.6474 -030.4387 -083.9490 -037.0361 0
L1 08    344 +017.0737 +001.4779 -001.2607 -016.3378 -080.5552 -063.0914 0
L1 01    348 +014.6158 +003.8000 +001.3536 +008.0969 +000.5794 +001.8718 0
L1 02    348 +007.4471 +005.5190 +001.6832 -095.0331 +006.4732 -149.5723 0
L1 03    348 +015.2749 +004.0654 -000.6549 +011.2880 +004.6064 +086.4278 0
L1 04    348 +016.3513 +000.4390 -000.5610 -019.5019 +021.6490 -154.8877 0
L1 05    348 +014.5327 +000.8668 -001.7853 -062.9782 -079.7671 -016.3783 0
L1 06    348 +015.3071 +001.1283 -002.1358 -066.1292 -077.9355 -014.7520 0
L1 07    348 +016.2223 +001.1883 -001.6475 -030.4299 -083.9484 -037.0441 0
L1 08    348 +017.0737 +001.4779 -001.2607 -016.3343 -080.5548 -063.0954 0
L1 01    352 +014.6158 +003.7999 +001.3536 +008.0950 +000.5795 +001.8709 0
L1 02    352 +007.4471 +005.5189 +001.6832 -095.0335 +006.4735 -149.5727 0
L1 03    352 +015.2749 +004.0654 -000.6549 +011.2873 +004.6060 +086.4277 0
L1 04    352 +016.3512 +000.4392 -000.5610 -019.5016 +021.6498 -154.8870 0
L1 05    352 +014.5327 +000.8669 -001.7851 -062.9806 -079.7668 -016.3758 0
L1 06    352 +015.3071 +001.1279 -002.1358 -066.1280 -077.9358 -014.7558 0
L1 07    352 +016.2223 +001.1880 -001.6473 -030.4371 -083.9491 -037.0393 0
L1 08    352 +017.0736 +001.4776 -001.2606 -016.3391 -080.5552 -063.0924 0
L1 01    356 +014.6157 +003.8001 +001.3537 +008.0962 +000.5796 +001.8706 0
L1 02    356 +007.4471 +005.5190 +001.6832 -095.0329 +006.4734 -149.5730 0
L1 03    356 +015.2748 +004.0655 -000.6549 +011.2903 +004.6068 +086.4276 0
L1 04    356 +016.3512 +000.4394 -000.5608 -019.4987 +021.6487 -154.8868 0
L1 05    356 +014.5327 +000.8672 -001.7853 -062.9727 -079.7655 -016.3811 0
L1 06    356 +015.3071 +001.1286 -002.1356 -066.1307 -077.9355 -014.7479 0
L1 07    356 +016.2223 +001.1882 -001.6474 -030.4274 -083.9487 -037.0468 0
L1 08    356 +017.0736 +001.4779 -001.2605 -016.3364 -080.5555 -063.0926 0
L1 01    360 +014.6157 +003.8001 +001.3536 +008.0953 +000.5799 +001.8699 0
L1 02    360 +007.4471 +005.5190 +001.6832 -095.0326 +006.4731 -149.5714 0
L1 03    360 +015.2748 +004.0657 -000.6550 +011.2913 +004.6069 +086.4277 0
L1 04    360 +016.3512 +000.4395 -000.5608 -019.4978 +021.6481 -154.8865 0
L1 05    360 +014.5326 +000.8674 -001.7853 -062.9744 -079.7657 -016.3777 0
L1 06    360 +015.3070 +001.1286 -002.1356 -066.1256 -077.9352 -014.7521 0
L1 07    360 +016.2222 +001.1884 -001.6475 -030.4370 -083.9471 -037.0356 0
L1 08    360 +017.0736 +001.4779 -001.2604 -016.3362 -080.5560 -063.0926 0
L1 01    364 +014.6157 +003.8001 +001.3535 +008.0932 +000.5822 +001.8699 0
L1 02    364 +007.4471 +005.5189 +001.6832 -095.0332 +006.4732 -149.5705 0
L1 03    364 +015.2748 +004.0657 -000.6551 +011.2908 +004.6075 +086.4274 0
L1 04    364 +016.3513 +000.4393 -000.5606 -019.4996 +021.6468 -154.8863 0
L1 05    364 +014.5326 +000.8673 -001.7854 -062.9728 -079.7657 -016.3802 0
L1 06    364 +015.3071 +001.1286 -002.1357 -066.1216 -077.9354 -014.7567 0
L1 07    364 +016.2223 +001.1881 -001.6472 -030.4359 -083.9505 -037.0388 0
L1 08    364 +017.0736 +001.4776 -001.2605 -016.3346 -080.5560 -063.0964 0
L1 01    368 +014.6157 +003.7999 +001.3536 +008.0902 +000.5795 +001.8704 0
L1 02    368 +007.4471 +005.5189 +001.6832 -095.0341 +006.4733 -149.5721 0
L1 03    368 +015.2748 +004.0655 -000.6549 +011.2874 +004.6061 +086.4275 0
L1 04    368 +016.3512 +000.4393 -000.5608 -019.5008 +021.6488 -154.8867 0
L1 05    368 +014.5327 +000.8673 -001.7854 -062.9742 -079.7664 -016.3799 0
L1 06    368 +015.3071 +001.1282 -002.1357 -066.1240 -077.9353 -014.7575 0
L1 07    368 +016.2223 +001.1880 -001.6473 -030.4343 -083.9486 -037.0412 0
L1 08    368 +017.0736 +001.4774 -001.2606 -016.3333 -080.5554 -063.1004 0
L1 01    372 +014.6158 +003.7999 +001.3535 +008.0895 +000.5813 +001.8706 0
L1 02    372 +007.4471 +005.5189 +001.6832 -095.0336 +006.4735 -149.5723 0
L1 03    372 +015.2748 +004.0655 -000.6551 +011.2887 +004.6081 +086.4281 0
L1 04    372 +016.3512 +000.4391 -000.5610 -019.5018 +021.6495 -154.8880 0
L1 05    372 +014.5326 +000.8674 -001.7856 -062.9669 -079.7654 -016.3866 0
L1 06    372 +015.3070 +001.1282 -002.1359 -066.1178 -077.9352 -014.7640 0
L1 07    372 +016.2223 +001.1880 -001.6474 -030.4257 -083.9477 -037.0495 0
L1 08    372 +017.0736 +001.4777 -001.2606 -016.3260 -080.5551 -063.1056 0
L1 01    376 +014.6158 +003.8000 +001.3536 +008.0903 +000.5813 +001.8702 0
L1 02    376 +007.4471 +005.5189 +001.6832 -095.0331 +006.4736 -149.5733 0
L1 03    376 +015.2748 +004.0658 -000.6551 +011.2910 +004.6085 +086.4283 0
L1 04    376 +016.3512 +000.4396 -000.5610 -019.4981 +021.6493 -154.8869 0
L1 05    376 +014.5326 +000.8673 -001.7854 -062.9704 -079.7647 -016.3824 0
L1 06    376 +015.3070 +001.1286 -002.1358 -066.1209 -077.9352 -014.7578 0
L1 07    376 +016.2223 +001.1884 -001.6475 -030.4257 -083.9474 -037.0461 0
L1 08    376 +017.0736 +001.4778 -001.2604 -016.3347 -080.5559 -063.0946 0
L1 01    380 +014.6157 +003.8000 +001.3536 +008.0893 +000.5808 +001.8706 0
L1 02    380 +007.4471 +005.5189 +001.6832 -095.0331 +006.4737 -149.5732 0
L1 03    380 +015.2748 +004.0657 -000.6550 +011.2903 +004.6069 +086.4281 0
L1 04    380 +016.3512 +000.4394 -000.5609 -019.4988 +021.6493 -154.8870 0
L1 05    380 +014.5327 +000.8673 -001.7852 -062.9808 -079.7650 -016.3719 0
L1 06    380 +015.3070 +001.1284 -002.1357 -066.1229 -077.9355 -014.7569 0
L1 07    380 +016.2223 +001.1885 -001.6473 -030.4322 -083.9489 -037.0393 0
L1 08    380 +017.0736 +001.4779 -001.2606 -016.3352 -080.5546 -063.0939 0
L1 01    384 +014.6157 +003.8001 +001.3536 +008.0879 +000.5812 +001.8697 0
L1 02    384 +007.4471 +005.5189 +001.6832 -095.0338 +006.4737 -149.5730 0
L1 03    384 +015.2748 +004.0657 -000.6550 +011.2897 +004.6067 +086.4277 0
L1 04    384 +016.3513 +000.4395 -000.5608 -019.4982 +021.6477 -154.8854 0
L1 05    384 +014.5327 +000.8674 -001.7852 -062.9817 -079.7657 -016.3708 0
L1 06    384 +015.3070 +001.1283 -002.1358 -066.1242 -077.9357 -014.7560 0
L1 07    384 +016.2223 +001.1883 -001.6473 -030.4355 -083.9491 -037.0382 0
L1 08    384 +017.0736 +001.4776 -001.2607 -016.3413 -080.5544 -063.0906 0
L1 01    388 +014.6157 +003.8000 +001.3536 +008.0863 +000.5803 +001.8697 0
L1 02    388 +007.4471 +005.5189 +001.6832 -095.0334 +006.4733 -149.5713 0
L1 03    388 +015.2748 +004.0656 -000.6549 +011.2888 +004.6053 +086.4274 0
L1 04    388 +016.3512 +000.4394 -000.5609 -019.4996 +021.6483 -154.8856 0
L1 05    388 +014.5326 +000.8674 -001.7854 -062.9758 -079.7656 -016.3771 0
L1 06    388 +015.3070 +001.1285 -002.1356 -066.1298 -077.9355 -014.7500 0
L1 07    388 +016.2223 +001.1882 -001.6472 -030.4414 -083.9486 -037.0334 0
L1 08    388 +017.0736 +001.4776 -001.2605 -016.3395 -080.5554 -063.0929 0
L1 01    392 +014.6157 +003.8001 +001.3537 +008.0862 +000.5797 +001.8704 0
L1 02    392 +007.4471 +005.5189 +001.6832 -095.0334 +006.4734 -149.5713 0
L1 03    392 +015.2748 +004.0656 -000.6549 +011.2889 +004.6052 +086.4270 0
L1 04    392 +016.3512 +000.4397 -000.5608 -019.4973 +021.6485 -154.8853 0
L1 05    392 +014.5327 +000.8671 -001.7854 -062.9765 -079.7658 -016.3779 0
L1 06    392 +015.3071 +001.1284 -002.1356 -066.1271 -077.9366 -014.7526 0
L1 07    392 +016.2223 +001.1882 -001.6473 -030.4263 -083.9482 -037.0481 0
L1 08    392 +017.0736 +001.4775 -001.2606 -016.3385 -080.5549 -063.0934 0
L1 01    396 +014.6156 +003.8001 +001.3537 +008.0852 +000.5793 +001.8705 0
L1 02    396 +007.4471 +005.5189 +001.6832 -095.0330 +006.4731 -149.5713 0
L1 03    396 +015.2748 +004.0655 -000.6548 +011.2877 +004.6046 +086.4271 0
L1 04    396 +016.3512 +000.4397 -000.5607 -019.4975 +021.6489 -154.8854 0
L1 05    396 +014.5327 +000.8670 -001.7854 -062.9767 -079.7662 -016.3792 0
L1 06    396 +015.3071 +001.1283 -002.1357 -066.1250 -077.9362 -014.7560 0
L1 07    396 +016.2223 +001.1883 -001.6475 -030.4211 -083.9473 -037.0533 0
L1 08    396 +017.0736 +001.4776 -001.2606 -016.3389 -080.5546 -063.0931 0
L1 01    400 +014.6157 +003.8001 +001.3536 +008.0838 +000.5803 +001.8701 0
L1 02    400 +007.4471 +005.5190 +001.6832 -095.0325 +006.4730 -149.5714 0
L1 03    400 +015.2749 +004.0656 -000.6550 +011.2887 +004.6055 +086.4276 0
L1 04    400 +016.3512 +000.4395 -000.5609 -019.4984 +021.6493 -154.8865 0
L1 05    400 +014.5327 +000.8673 -001.7854 -062.9790 -079.7652 -016.3751 0
L1 06    400 +015.3071 +001.1284 -002.1359 -066.1184 -077.9356 -014.7624 0
L1 07    400 +016.2223 +001.1883 -001.6475 -030.4267 -083.9474 -037.0470 0
L1 08    400 +017.0736 +001.4778 -001.2604 -016.3383 -080.5559 -063.0921 0
L1 01    404 +014.6157 +003.8000 +001.3536 +008.0811 +000.5803 +001.8707 0
L1 02    404 +007.4471 +005.5189 +001.6832 -095.0333 +006.4734 -149.5727 0
L1 03    404 +015.2749 +004.0655 -000.6551 +011.2873 +004.6059 +086.4272 0
L1 04    404 +016.3512 +000.4395 -000.5611 -019.4988 +021.6506 -154.8872 0
L1 05    404 +014.5327 +000.8672 -001.7855 -062.9775 -079.7648 -016.3772 0
L1 06    404 +015.3071 +001.1283 -002.1359 -066.1175 -077.9349 -014.7638 0
L1 07    404 +016.2223 +001.1879 -001.6472 -030.4363 -083.9490 -037.0397 0
L1 08    404 +017.0736 +001.4778 -001.2607 -016.3366 -080.5541 -063.0936 0
L1 01    408 +014.6157 +003.8000 +001.3537 +008.0812 +000.5795 +001.8700 0
L1 02    408 +007.4471 +005.5190 +001.6832 -095.0329 +006.4733 -149.5744 0
L1 03    408 +015.2748 +004.0655 -000.6549 +011.2875 +004.6046 +086.4272 0
L1 04    408 +016.3511 +000.4397 -000.5610 -019.4975 +021.6503 -154.8865 0
L1 05    408 +014.5326 +000.8673 -001.7853 -062.9799 -079.7654 -016.3734 0
L1 06    408 +015.3070 +001.1285 -002.1357 -066.1227 -077.9353 -014.7574 0
L1 07    408 +016.2223 +001.1882 -001.6470 -030.4355 -083.9498 -037.0383 0
L1 08    408 +017.0736 +001.4777 -001.2605 -016.3404 -080.5552 -063.0900 0
L1 01    412 +014.6157 +003.8002 +001.3538 +008.0819 +000.5782 +001.8708 0
L1 02    412 +007.4471 +005.5190 +001.6832 -095.0330 +006.4736 -149.5733 0
L1 03    412 +015.2748 +004.0656 -000.6548 +011.2888 +004.6042 +086.4275 0
L1 04    412 +016.3512 +000.4396 -000.5609 -019.4971 +021.6503 -154.8870 0
L1 05    412 +014.5326 +000.8674 -001.7853 -062.9820 -079.7644 -016.3701 0
L1 06    412 +015.3071 +001.1287 -002.1357 -066.1187 -077.9342 -014.7591 0
L1 07    412 +016.2223 +001.1882 -001.6473 -030.4306 -083.9484 -037.0430 0
L1 08    412 +017.0736 +001.4780 -001.2607 -016.3374 -080.5541 -063.0903 0
L1 01    416 +014.6158 +003.8000 +001.3537 +008.0789 +000.5795 +001.8702 0
L1 02    416 +007.4471 +005.5189 +001.6832 -095.0332 +006.4733 -149.5714 0
L1 03    416 +015.2749 +004.0656 -000.6549 +011.2880 +004.6048 +086.4274 0
L1 04    416 +016.3513 +000.4394 -000.5609 -019.4993 +021.6488 -154.8870 0
L1 05    416 +014.5326 +000.8675 -001.7855 -062.9774 -079.7655 -016.3751 0
L1 06    416 +015.3072 +001.1281 -002.1357 -066.1287 -077.9359 -014.7535 0
L1 07    416 +016.2223 +001.1878 -001.6477 -030.4251 -083.9462 -037.0508 0
L1 08    416 +017.0737 +001.4778 -001.2605 -016.3361 -080.5559 -063.0942 0
L1 01    420 +014.6157 +003.8000 +001.3538 +008.0776 +000.5775 +001.8708 0
L1 02    420 +007.4471 +005.5189 +001.6832 -095.0334 +006.4730 -149.5704 0
L1 03    420 +015.2749 +004.0653 -000.6548 +011.2855 +004.6032 +086.4264 0
L1 04    420 +016.3512 +000.4395 -000.5605 -019.4989 +021.6480 -154.8855 0
L1 05    420 +014.5327 +000.8672 -001.7855 -062.9803 -079.7656 -016.3741 0
L1 06    420 +015.3072 +001.1280 -002.1356 -066.1309 -077.9361 -014.7522 0
L1 07    420 +016.2224 +001.1879 -001.6475 -030.4305 -083.9477 -037.0459 0
L1 08    420 +017.0737 +001.4776 -001.2607 -016.3387 -080.5548 -063.0932 0
L1 01    424 +014.6157 +003.7999 +001.3537 +008.0763 +000.5786 +001.8704 0
L1 02    424 +007.4471 +005.5189 +001.6832 -095.0329 +006.4729 -149.5703 0
L1 03    424 +015.2749 +004.0654 -000.6548 +011.2869 +004.6035 +086.4266 0
L1 04    424 +016.3512 +000.4396 -000.5606 -019.4976 +021.6470 -154.8855 0
L1 05    424 +014.5324 +000.8679 -001.7859 -062.9660 -079.7594 -016.3855 0
L1 06    424 +015.3069 +001.1286 -002.1361 -066.1048 -077.9315 -014.7750 0
L1 07    424 +016.2222 +001.1881 -001.6480 -030.4290 -083.9426 -037.0463 0
L1 08    424 +017.0735 +001.4777 -001.2606 -016.3543 -080.5515 -063.0775 0
L1 01    428 +014.6157 +003.8001 +001.3537 +008.0770 +000.5795 +001.8700 0
L1 02    428 +007.4471 +005.5189 +001.6832 -095.0332 +006.4733 -149.5716 0
L1 03    428 +015.2749 +004.0657 -000.6548 +011.2894 +004.6038 +086.4265 0
L1 04    428 +016.3513 +000.4399 -000.5604 -019.4947 +021.6458 -154.8840 0
L1 05    428 +014.5327 +000.8676 -001.7854 -062.9856 -079.7659 -016.3659 0
L1 06    428 +015.3071 +001.1283 -002.1360 -066.1142 -077.9353 -014.7667 0
L1 07    428 +016.2224 +001.1881 -001.6475 -030.4314 -083.9465 -037.0433 0
L1 08    428 +017.0736 +001.4775 -001.2606 -016.3467 -080.5545 -063.0850 0
L1 01    432 +014.6157 +003.8001 +001.3537 +008.0758 +000.5795 +001.8697 0
L1 02    432 +007.4471 +005.5189 +001.6832 -095.0338 +006.4735 -149.5744 0
L1 03    432 +015.2748 +004.0657 -000.6548 +011.2885 +004.6041 +086.4266 0
L1 04    432 +016.3512 +000.4401 -000.5607 -019.4947 +021.6488 -154.8848 0
L1 05    432 +014.5327 +000.8670 -001.7852 -062.9898 -079.7654 -016.3648 0
L1 06    432 +015.3071 +001.1282 -002.1360 -066.1151 -077.9358 -014.7666 0
L1 07    432 +016.2224 +001.1880 -001.6475 -030.4289 -083.9465 -037.0466 0
L1 08    432 +017.0736 +001.4774 -001.2606 -016.3438 -080.5547 -063.0887 0
L1 01    436 +014.6157 +003.8002 +001.3538 +008.0749 +000.5789 +001.8702 0
L1 02    436 +007.4471 +005.5189 +001.6832 -095.0340 +006.4733 -149.5745 0
L1 03    436 +015.2749 +004.0655 -000.6548 +011.2863 +004.6037 +086.4266 0
L1 04    436 +016.3512 +000.4398 -000.5609 -019.4976 +021.6501 -154.8863 0
L1 05    436 +014.5327 +000.8671 -001.7853 -062.9811 -079.7655 -016.3736 0
L1 06    436 +015.3071 +001.1281 -002.1359 -066.1151 -077.9367 -014.7675 0
L1 07    436 +016.2224 +001.1881 -001.6477 -030.4239 -083.9458 -037.0513 0
L1 08    436 +017.0737 +001.4775 -001.2606 -016.3406 -080.5549 -063.0919 0
L1 01    440 +014.6157 +003.8001 +001.3538 +008.0731 +000.5783 +001.8703 0
L1 02    440 +007.4471 +005.5189 +001.6832 -095.0337 +006.4731 -149.5723 0
L1 03    440 +015.2749 +004.0653 -000.6550 +011.2853 +004.6044 +086.4267 0
L1 04    440 +016.3512 +000.4396 -000.5612 -019.4987 +021.6516 -154.8880 0
L1 05    440 +014.5327 +000.8673 -001.7857 -062.9684 -079.7654 -016.3851 0
L1 06    440 +015.3072 +001.1280 -002.1359 -066.1160 -077.9358 -014.7669 0
L1 07    440 +016.2224 +001.1878 -001.6476 -030.4220 -083.9462 -037.0550 0
L1 08    440 +017.0737 +001.4777 -001.2607 -016.3316 -080.5542 -063.0998 0
L1 01    444 +014.6157 +003.8001 +001.3537 +008.0728 +000.5791 +001.8703 0
L1 02    444 +007.4471 +005.5189 +001.6832 -095.0329 +006.4729 -149.5708 0
L1 03    444 +015.2749 +004.0655 -000.6550 +011.2869 +004.6041 +086.4267 0
L1 04    444 +016.3512 +000.4397 -000.5610 -019.4972 +021.6498 -154.8873 0
L1 05    444 +014.5327 +000.8671 -001.7855 -062.9772 -079.7650 -016.3773 0
L1 06    444 +015.3072 +001.1281 -002.1355 -066.1275 -077.9367 -014.7537 0
L1 07    444 +016.2224 +001.1880 -001.6473 -030.4345 -083.9494 -037.0406 0
L1 08    444 +017.0737 +001.4777 -001.2606 -016.3351 -080.5552 -063.0954 0
L1 01    448 +014.6158 +003.8000 +001.3537 +008.0702 +000.5798 +001.8704 0
L1 02    448 +007.4471 +005.5189 +001.6832 -095.0331 +006.4731 -149.5713 0
L1 03    448 +015.2749 +004.0655 -000.6550 +011.2872 +004.6038 +086.4268 0
L1 04    448 +016.3513 +000.4396 -000.5605 -019.4975 +021.6457 -154.8847 0
L1 05    448 +014.5327 +000.8671 -001.7857 -062.9721 -079.7651 -016.3826 0
L1 06    448 +015.3072 +001.1282 -002.1356 -066.1267 -077.9369 -014.7540 0
L1 07    448 +016.2225 +001.1879 -001.6472 -030.4395 -083.9505 -037.0371 0
L1 08    448 +017.0737 +001.4776 -001.2606 -016.3376 -080.5560 -063.0942 0
L1 01    452 +014.6159 +003.7996 +001.3537 +008.0655 +000.5807 +001.8717 0
L1 02    452 +007.4471 +005.5189 +001.6832 -095.0332 +006.4732 -149.5720 0
L1 03    452 +015.2749 +004.0655 -000.6549 +011.2868 +004.6040 +086.4271 0
L1 04    452 +016.3513 +000.4388 -000.5607 -019.5039 +021.6460 -154.8877 0
L1 05    452 +014.5328 +000.8669 -001.7856 -062.9774 -079.7662 -016.3789 0
L1 06    452 +015.3072 +001.1281 -002.1354 -066.1316 -077.9362 -014.7503 0
L1 07    452 +016.2225 +001.1877 -001.6472 -030.4320 -083.9509 -037.0463 0
L1 08    452 +017.0738 +001.4776 -001.2605 -016.3363 -080.5569 -063.0965 0
L1 01    456 +014.6158 +003.8000 +001.3536 +008.0679 +000.5817 +001.8699 0
L1 02    456 +007.4471 +005.5190 +001.6832 -095.0327 +006.4731 -149.5726 0
L1 03    456 +015.2748 +004.0655 -000.6549 +011.2877 +004.6044 +086.4268 0
L1 04    456 +016.3513 +000.4391 -000.5607 -019.5010 +021.6464 -154.8872 0
L1 05    456 +014.5327 +000.8671 -001.7855 -062.9743 -079.7657 -016.3808 0
L1 06    456 +015.3071 +001.1283 -002.1355 -066.1235 -077.9355 -014.7574 0
L1 07    456 +016.2224 +001.1879 -001.6471 -030.4338 -083.9501 -037.0427 0
L1 08    456 +017.0737 +001.4775 -001.2605 -016.3348 -080.5561 -063.0976 0
L1 01    460 +014.6158 +003.7998 +001.3536 +008.0653 +000.5811 +001.8705 0
L1 02    460 +007.4471 +005.5189 +001.6832 -095.0332 +006.4734 -149.5730 0
L1 03    460 +015.2749 +004.0654 -000.6549 +011.2858 +004.6037 +086.4268 0
L1 04    460 +016.3512 +000.4390 -000.5608 -019.5031 +021.6475 -154.8880 0
L1 05    460 +014.5327 +000.8669 -001.7855 -062.9778 -079.7656 -016.3784 0
L1 06    460 +015.3072 +001.1282 -002.1356 -066.1206 -077.9361 -014.7617 0
L1 07    460 +016.2224 +001.1874 -001.6474 -030.4250 -083.9489 -037.0552 0
L1 08    460 +017.0737 +001.4774 -001.2605 -016.3372 -080.5563 -063.0971 0
L1 01    464 +014.6157 +003.8000 +001.3538 +008.0658 +000.5793 +001.8706 0
L1 02    464 +007.4471 +005.5189 +001.6832 -095.0334 +006.4733 -149.5731 0
L1 03    464 +015.2749 +004.0654 -000.6549 +011.2851 +004.6037 +086.4266 0
L1 04    464 +016.3512 +000.4395 -000.5608 -019.4992 +021.6489 -154.8864 0
L1 05    464 +014.5327 +000.8671 -001.7856 -062.9749 -079.7640 -016.3803 0
L1 06    464 +015.3072 +001.1280 -002.1356 -066.1231 -077.9363 -014.7606 0
L1 07    464 +016.2224 +001.1878 -001.6474 -030.4296 -083.9484 -037.0477 0
L1 08    464 +017.0737 +001.4774 -001.2606 -016.3366 -080.5556 -063.0969 0
L1 01    468 +014.6158 +003.8000 +001.3536 +008.0653 +000.5812 +001.8695 0
L1 02    468 +007.4471 +005.5189 +001.6832 -095.0330 +006.4733 -149.5726 0
L1 03    468 +015.2749 +004.0656 -000.6549 +011.2874 +004.6040 +086.4266 0
L1 04    468 +016.3512 +000.4396 -000.5609 -019.4978 +021.6485 -154.8858 0
L1 05    468 +014.5327 +000.8671 -001.7855 -062.9805 -079.7652 -016.3746 0
L1 06    468 +015.3071 +001.1284 -002.1355 -066.1248 -077.9363 -014.7561 0
L1 07    468 +016.2224 +001.1882 -001.6474 -030.4316 -083.9482 -037.0436 0
L1 08    468 +017.0737 +001.4776 -001.2604 -016.3375 -080.5563 -063.0945 0
L1 01    472 +014.6158 +003.8000 +001.3537 +008.0638 +000.5796 +001.8701 0
L1 02    472 +007.4471 +005.5189 +001.6832 -095.0326 +006.4729 -149.5706 0
L1 03    472 +015.2749 +004.0655 -000.6549 +011.2861 +004.6030 +086.4266 0
L1 04    472 +016.3511 +000.4394 -000.5610 -019.5001 +021.6489 -154.8873 0
L1 05    472 +014.5327 +000.8672 -001.7854 -062.9815 -079.7657 -016.3735 0
L1 06    472 +015.3072 +001.1282 -002.1355 -066.1250 -077.9372 -014.7572 0
L1 07    472 +016.2223 +001.1880 -001.6473 -030.4350 -083.9491 -037.0414 0
L1 08    472 +017.0737 +001.4775 -001.2604 -016.3345 -080.5565 -063.0980 0
L1 01    476 +014.6158 +003.8000 +001.3537 +008.0628 +000.5802 +001.8697 0
L1 02    476 +007.4471 +005.5189 +001.6832 -095.0329 +006.4731 -149.5703 0
L1 03    476 +015.2749 +004.0654 -000.6550 +011.2859 +004.6036 +086.4264 0
L1 04    476 +016.3512 +000.4394 -000.5610 -019.4997 +021.6492 -154.8870 0
L1 05    476 +014.5327 +000.8671 -001.7854 -062.9826 -079.7660 -016.3735 0
L1 06    476 +015.3072 +001.1280 -002.1355 -066.1252 -077.9376 -014.7573 0
L1 07    476 +016.2224 +001.1882 -001.6472 -030.4383 -083.9492 -037.0366 0
L1 08    476 +017.0736 +001.4774 -001.2605 -016.3332 -080.5562 -063.1000 0
L1 01    480 +014.6158 +003.8000 +001.3537 +008.0611 +000.5800 +001.8693 0
L1 02    480 +007.4471 +005.5189 +001.6832 -095.0334 +006.4732 -149.5717 0
L1 03    480 +015.2749 +004.0655 -000.6549 +011.2850 +004.6034 +086.4262 0
L1 04    480 +016.3512 +000.4396 -000.5609 -019.4993 +021.6489 -154.8862 0
L1 05    480 +014.5327 +000.8672 -001.7854 -062.9786 -079.7665 -016.3769 0
L1 06    480 +015.3071 +001.1284 -002.1354 -066.1235 -077.9374 -014.7575 0
L1 07    480 +016.2224 +001.1879 -001.6472 -030.4324 -083.9484 -037.0452 0
L1 08    480 +017.0737 +001.4773 -001.2605 -016.3340 -080.5557 -063.1004 0
L1 01    484 +014.6158 +003.8001 +001.3538 +008.0605 +000.5799 +001.8697 0
L1 02    484 +007.4471 +005.5190 +001.6832 -095.0326 +006.4728 -149.5736 0
L1 03    484 +015.2749 +004.0656 -000.6550 +011.2854 +004.6042 +086.4260 0
L1 04    484 +016.3512 +000.4396 -000.5608 -019.4990 +021.6489 -154.8862 0
L1 05    484 +014.5327 +000.8671 -001.7855 -062.9781 -079.7661 -016.3785 0
L1 06    484 +015.3071 +001.1280 -002.1357 -066.1199 -077.9357 -014.7637 0
L1 07    484 +016.2224 +001.1877 -001.6469 -030.4428 -083.9496 -037.0355 0
L1 08    484 +017.0736 +001.4775 -001.2606 -016.3352 -080.5548 -063.0978 0
L1 01    488 +014.6157 +003.8000 +001.3538 +008.0583 +000.5786 +001.8699 0
L1 02    488 +007.4471 +005.5189 +001.6832 -095.0339 +006.4730 -149.5735 0
L1 03    488 +015.2749 +004.0654 -000.6549 +011.2826 +004.6030 +086.4260 0
L1 04    488 +016.3510 +000.4397 -000.5608 -019.4995 +021.6500 -154.8859 0
L1 05    488 +014.5327 +000.8671 -001.7854 -062.9803 -079.7663 -016.3767 0
L1 06    488 +015.3071 +001.1280 -002.1355 -066.1243 -077.9380 -014.7602 0
L1 07    488 +016.2223 +001.1878 -001.6475 -030.4266 -083.9462 -037.0528 0
L1 08    488 +017.0736 +001.4772 -001.2606 -016.3373 -080.5549 -063.0984 0
L1 01    492 +014.6158 +003.8000 +001.3537 +008.0570 +000.5812 +001.8700 0
L1 02    492 +007.4471 +005.5189 +001.6832 -095.0331 +006.4730 -149.5716 0
L1 03    492 +015.2749 +004.0656 -000.6549 +011.2848 +004.6032 +086.4262 0
L1 04    492 +016.3511 +000.4395 -000.5606 -019.5001 +021.6474 -154.8858 0
L1 05    492 +014.5326 +000.8674 -001.7854 -062.9835 -079.7657 -016.3726 0
L1 06    492 +015.3071 +001.1280 -002.1354 -066.1309 -077.9364 -014.7539 0
L1 07    492 +016.2223 +001.1880 -001.6473 -030.4275 -083.9479 -037.0500 0
L1 08    492 +017.0736 +001.4774 -001.2604 -016.3415 -080.5564 -063.0936 0
L1 01    496 +014.6158 +003.8001 +001.3538 +008.0569 +000.5804 +001.8699 0
L1 02    496 +007.4471 +005.5190 +001.6832 -095.0325 +006.4726 -149.5698 0
L1 03    496 +015.2749 +004.0657 -000.6549 +011.2851 +004.6028 +086.4258 0
L1 04    496 +016.3511 +000.4397 -000.5606 -019.4991 +021.6474 -154.8852 0
L1 05    496 +014.5326 +000.8673 -001.7855 -062.9850 -079.7651 -016.3718 0
L1 06    496 +015.3070 +001.1284 -002.1357 -066.1194 -077.9360 -014.7631 0
L1 07    496 +016.2223 +001.1881 -001.6473 -030.4312 -083.9478 -037.0464 0
L1 08    496 +017.0736 +001.4774 -001.2604 -016.3408 -080.5559 -063.0938 0
L1 01    500 +014.6158 +003.8001 +001.3538 +008.0552 +000.5799 +001.8700 0
L1 02    500 +007.4471 +005.5190 +001.6832 -095.0327 +006.4729 -149.5707 0
L1 03    500 +015.2749 +004.0655 -000.6549 +011.2832 +004.6028 +086.4253 0
L1 04    500 +016.3511 +000.4394 -000.5608 -019.5023 +021.6492 -154.8872 0
L1 05    500 +014.5326 +000.8673 -001.7855 -062.9832 -079.7657 -016.3749 0
L1 06    500 +015.3071 +001.1284 -002.1358 -066.1169 -077.9364 -014.7669 0
L1 07    500 +016.2223 +001.1881 -001.6473 -030.4229 -083.9488 -037.0547 0
L1 08    500 +017.0736 +001.4776 -001.2605 -016.3351 -080.5555 -063.0988 0
L1 01    504 +014.6158 +003.8001 +001.3537 +008.0537 +000.5813 +001.8694 0
L1 02    504 +007.4471 +005.5190 +001.6832 -095.0328 +006.4732 -149.5716 0
L1 03    504 +015.2749 +004.0656 -000.6549 +011.2842 +004.6037 +086.4257 0
L1 04    504 +016.3510 +000.4395 -000.5609 -019.5015 +021.6494 -154.8867 0
L1 05    504 +014.5326 +000.8672 -001.7854 -062.9871 -079.7661 -016.3712 0
L1 06    504 +015.3071 +001.1283 -002.1354 -066.1268 -077.9365 -014.7576 0
L1 07    504 +016.2223 +001.1879 -001.6472 -030.4225 -083.9501 -037.0566 0
L1 08    504 +017.0735 +001.4774 -001.2605 -016.3365 -080.5549 -063.0993 0
L1 01    508 +014.6159 +003.7999 +001.3536 +008.0489 +000.5827 +001.8699 0
L1 02    508 +007.4471 +005.5190 +001.6832 -095.0330 +006.4731 -149.5724 0
L1 03    508 +015.2749 +004.0655 -000.6549 +011.2828 +004.6036 +086.4264 0
L1 04    508 +016.3511 +000.4390 -000.5607 -019.5058 +021.6470 -154.8871 0
L1 05    508 +014.5325 +000.8672 -001.7853 -062.9921 -079.7663 -016.3668 0
L1 06    508 +015.3070 +001.1282 -002.1356 -066.1185 -077.9364 -014.7675 0
L1 07    508 +016.2222 +001.1872 -001.6470 -030.4369 -083.9505 -037.0474 0
L1 08    508 +017.0735 +001.4773 -001.2605 -016.3357 -080.5559 -063.1019 0
L1 01    512 +014.6158 +003.8000 +001.3537 +008.0493 +000.5821 +001.8697 0
L1 02    512 +007.4471 +005.5190 +001.6832 -095.0325 +006.4730 -149.5722 0
L1 03    512 +015.2749 +004.0657 -000.6548 +011.2833 +004.6027 +086.4262 0
L1 04    512 +016.3510 +000.4394 -000.5603 -019.5027 +021.6456 -154.8852 0
L1 05    512 +014.5325 +000.8672 -001.7855 -062.9865 -079.7652 -016.3732 0
L1 06    512 +015.3069 +001.1283 -002.1358 -066.1175 -077.9345 -014.7689 0
L1 07    512 +016.2222 +001.1876 -001.6474 -030.4351 -083.9474 -037.0473 0
L1 08    512 +017.0735 +001.4773 -001.2604 -016.3428 -080.5564 -063.0946 0
L1 01    516 +014.6159 +003.7999 +001.3537 +008.0465 +000.5811 +001.8706 0
L1 02    516 +007.4471 +005.5190 +001.6832 -095.0328 +006.4728 -149.5716 0
L1 03    516 +015.2750 +004.0655 -000.6549 +011.2800 +004.6025 +086.4262 0
L1 04    516 +016.3510 +000.4391 -000.5606 -019.5057 +021.6469 -154.8864 0
L1 05    516 +014.5325 +000.8676 -001.7857 -062.9840 -079.7647 -016.3744 0
L1 06    516 +015.3070 +001.1282 -002.1358 -066.1178 -077.9350 -014.7704 0
L1 07    516 +016.2221 +001.1881 -001.6477 -030.4320 -083.9456 -037.0490 0
L1 08    516 +017.0736 +001.4774 -001.2605 -016.3394 -080.5562 -063.0990 0
L1 01    520 +014.6158 +003.8001 +001.3537 +008.0473 +000.5805 +001.8697 0
L1 02    520 +007.4471 +005.5190 +001.6832 -095.0325 +006.4727 -149.5713 0
L1 03    520 +015.2751 +004.0655 -000.6549 +011.2797 +004.6026 +086.4261 0
L1 04    520 +016.3510 +000.4394 -000.5606 -019.5043 +021.6469 -154.8858 0
L1 05    520 +014.5325 +000.8674 -001.7856 -062.9856 -079.7652 -016.3742 0
L1 06    520 +015.3070 +001.1281 -002.1359 -066.1161 -077.9344 -014.7731 0
L1 07    520 +016.2222 +001.1883 -001.6475 -030.4365 -083.9463 -037.0430 0
L1 08    520 +017.0735 +001.4774 -001.2605 -016.3412 -080.5560 -063.0972 0
