L1 01      5 +015.9087 +000.1231 +001.3467 -086.8069 -001.0910 +001.7211 0
L1 02      5 +004.5082 +007.3622 +001.6852 -175.5934 +001.5095 -130.3529 0
L1 03      5 +015.9825 -000.6152 -000.8453 -092.3766 +003.5923 +092.2010 0
L1 04      5 +008.7543 +008.7682 +001.7893 -038.0283 +000.0706 +000.5298 0
L1 05      5 +014.3994 +010.0375 +001.9768 -107.9829 +001.0440 -010.7809 0
L1 06      5 +015.0374 +000.9280 -004.1744 +179.7668 +042.0604 +001.4829 0
L1 07      5 +014.3292 +001.0223 -004.9900 -088.6648 +005.5896 +038.6660 0
L1 08      5 +013.6677 +000.9259 -005.3174 -013.6437 -035.1620 +007.3262 0
L1 01      9 +015.9087 +000.1232 +001.3466 -086.8064 -001.0946 +001.7166 0
L1 02      9 +004.5082 +007.3622 +001.6852 -175.5930 +001.5095 -130.3510 0
L1 03      9 +015.9824 -000.6155 -000.8454 -092.3776 +003.5856 +092.1955 0
L1 04      9 +008.7542 +008.7683 +001.7892 -038.0276 +000.0704 +000.5294 0
L1 05      9 +014.3993 +010.0378 +001.9766 -107.9802 +001.0426 -010.7823 0
L1 06      9 +015.0370 +000.9271 -004.1745 +179.7727 +042.0560 +001.4917 0
L1 07      9 +014.3284 +001.0212 -004.9903 -088.6660 +005.5806 +038.6617 0
L1 08      9 +013.6671 +000.9248 -005.3176 -013.6353 -035.1580 +007.3142 0
L1 01     13 +015.9087 +000.1231 +001.3461 -086.8056 -001.0984 +001.7081 0
L1 02     13 +004.5081 +007.3622 +001.6852 -175.5918 +001.5090 -130.3476 0
L1 03     13 +015.9823 -000.6157 -000.8458 -092.3780 +003.5808 +092.1889 0
L1 04     13 +008.7542 +008.7684 +001.7892 -038.0271 +000.0702 +000.5293 0
L1 05     13 +014.3991 +010.0381 +001.9767 -107.9777 +001.0424 -010.7834 0
L1 06     13 +015.0364 +000.9264 -004.1753 +179.7800 +042.0466 +001.4979 0
L1 07     13 +014.3281 +001.0209 -004.9904 -088.6675 +005.5707 +038.6564 0
L1 08     13 +013.6666 +000.9244 -005.3178 -013.6282 -035.1537 +007.3073 0
L1 01     17 +015.9087 +000.1231 +001.3463 -086.8058 -001.0975 +001.7115 0
L1 02     17 +004.5081 +007.3621 +001.6852 -175.5925 +001.5086 -130.3468 0
L1 03     17 +015.9822 -000.6156 -000.8457 -092.3764 +003.5834 +092.1901 0
L1 04     17 +008.7542 +008.7684 +001.7893 -038.0269 +000.0703 +000.5295 0
L1 05     17 +014.3994 +010.0378 +001.9763 -107.9807 +001.0408 -010.7853 0
L1 06     17 +015.0366 +000.9266 -004.1748 +179.7790 +042.0513 +001.4970 0
L1 07     17 +014.3281 +001.0213 -004.9904 -088.6672 +005.5695 +038.6570 0
L1 08     17 +013.6668 +000.9248 -005.3176 -013.6303 -035.1559 +007.3118 0
L1 01     21 +015.9088 +000.1233 +001.3467 -086.8050 -001.0926 +001.7200 0
L1 02     21 +004.5081 +007.3621 +001.6852 -175.5928 +001.5088 -130.3470 0
L1 03     21 +015.9824 -000.6155 -000.8456 -092.3771 +003.5917 +092.1977 0
L1 04     21 +008.7542 +008.7683 +001.7893 -038.0270 +000.0706 +000.5296 0
L1 05     21 +014.3991 +010.0381 +001.9762 -107.9781 +001.0397 -010.7859 0
L1 06     21 +015.0373 +000.9274 -004.1742 +179.7708 +042.0603 +001.4877 0
L1 07     21 +014.3288 +001.0221 -004.9903 -088.6623 +005.5907 +038.6633 0
L1 08     21 +013.6678 +000.9259 -005.3173 -013.6404 -035.1618 +007.3258 0
L1 01     25 +015.9088 +000.1231 +001.3467 -086.8080 -001.0898 +001.7220 0
L1 02     25 +004.5081 +007.3621 +001.6852 -175.5927 +001.5087 -130.3487 0
L1 03     25 +015.9826 -000.6152 -000.8456 -092.3783 +003.5954 +092.2025 0
L1 04     25 +008.7542 +008.7683 +001.7893 -038.0275 +000.0704 +000.5298 0
L1 05     25 +014.3993 +010.0379 +001.9761 -107.9803 +001.0377 -010.7868 0
L1 06     25 +015.0379 +000.9281 -004.1744 +179.7659 +042.0634 +001.4810 0
L1 07     25 +014.3296 +001.0230 -004.9902 -088.6576 +005.6072 +038.6700 0
L1 08     25 +013.6684 +000.9264 -005.3176 -013.6471 -035.1654 +007.3315 0
L1 01     29 +015.9088 +000.1232 +001.3465 -086.8076 -001.0883 +001.7217 0
L1 02     29 +004.5082 +007.3621 +001.6852 -175.5934 +001.5096 -130.3531 0
L1 03     29 +015.9827 -000.6153 -000.8454 -092.3799 +003.5957 +092.2053 0
L1 04     29 +008.7543 +008.7683 +001.7892 -038.0279 +000.0704 +000.5292 0
L1 05     29 +014.3991 +010.0379 +001.9764 -107.9795 +001.0400 -010.7854 0
L1 06     29 +015.0381 +000.9283 -004.1741 +179.7650 +042.0673 +001.4791 0
L1 07     29 +014.3299 +001.0227 -004.9903 -088.6590 +005.6077 +038.6721 0
L1 08     29 +013.6686 +000.9262 -005.3175 -013.6491 -035.1668 +007.3317 0
L1 01     33 +015.9088 +000.1232 +001.3464 -086.8073 -001.0884 +001.7209 0
L1 02     33 +004.5082 +007.3622 +001.6852 -175.5931 +001.5099 -130.3546 0
L1 03     33 +015.9827 -000.6153 -000.8452 -092.3791 +003.5959 +092.2055 0
L1 04     33 +008.7542 +008.7683 +001.7893 -038.0276 +000.0699 +000.5293 0
L1 05     33 +014.3989 +010.0382 +001.9765 -107.9777 +001.0395 -010.7838 0
L1 06     33 +015.0380 +000.9280 -004.1746 +179.7630 +042.0648 +001.4786 0
L1 07     33 +014.3299 +001.0229 -004.9901 -088.6573 +005.6013 +038.6732 0
L1 08     33 +013.6686 +000.9261 -005.3175 -013.6494 -035.1675 +007.3317 0
L1 01     37 +015.9088 +000.1233 +001.3466 -086.8063 -001.0895 +001.7222 0
L1 02     37 +004.5082 +007.3622 +001.6852 -175.5941 +001.5093 -130.3523 0
L1 03     37 +015.9827 -000.6150 -000.8452 -092.3757 +003.5946 +092.2051 0
L1 04     37 +008.7542 +008.7683 +001.7893 -038.0272 +000.0701 +000.5295 0
L1 05     37 +014.3986 +010.0388 +001.9758 -107.9741 +001.0376 -010.7857 0
L1 06     37 +015.0379 +000.9280 -004.1744 +179.7669 +042.0647 +001.4820 0
L1 07     37 +014.3297 +001.0232 -004.9897 -088.6594 +005.5958 +038.6747 0
L1 08     37 +013.6684 +000.9262 -005.3173 -013.6483 -035.1665 +007.3321 0
L1 01     41 +015.9088 +000.1233 +001.3466 -086.8062 -001.0896 +001.7214 0
L1 02     41 +004.5082 +007.3621 +001.6852 -175.5935 +001.5078 -130.3440 0
L1 03     41 +015.9827 -000.6151 -000.8454 -092.3774 +003.5958 +092.2020 0
L1 04     41 +008.7542 +008.7683 +001.7893 -038.0272 +000.0702 +000.5293 0
L1 05     41 +014.3989 +010.0384 +001.9759 -107.9763 +001.0387 -010.7843 0
L1 06     41 +015.0377 +000.9281 -004.1745 +179.7666 +042.0612 +001.4796 0
L1 07     41 +014.3295 +001.0231 -004.9899 -088.6607 +005.5985 +038.6699 0
L1 08     41 +013.6681 +000.9264 -005.3174 -013.6483 -035.1606 +007.3340 0
L1 01     45 +015.9088 +000.1232 +001.3465 -086.8066 -001.0891 +001.7208 0
L1 02     45 +004.5082 +007.3621 +001.6852 -175.5922 +001.5068 -130.3387 0
L1 03     45 +015.9826 -000.6150 -000.8452 -092.3769 +003.5975 +092.2021 0
L1 04     45 +008.7542 +008.7683 +001.7893 -038.0273 +000.0709 +000.5292 0
L1 05     45 +014.3991 +010.0381 +001.9761 -107.9782 +001.0386 -010.7847 0
L1 06     45 +015.0377 +000.9283 -004.1742 +179.7670 +042.0609 +001.4792 0
L1 07     45 +014.3294 +001.0232 -004.9898 -088.6560 +005.6136 +038.6663 0
L1 08     45 +013.6680 +000.9267 -005.3171 -013.6524 -035.1597 +007.3383 0
L1 01     49 +015.9088 +000.1232 +001.3464 -086.8071 -001.0883 +001.7199 0
L1 02     49 +004.5082 +007.3621 +001.6852 -175.5924 +001.5079 -130.3438 0
L1 03     49 +015.9827 -000.6150 -000.8455 -092.3774 +003.5980 +092.2011 0
L1 04     49 +008.7543 +008.7683 +001.7892 -038.0281 +000.0710 +000.5290 0
L1 05     49 +014.3991 +010.0380 +001.9762 -107.9791 +001.0386 -010.7847 0
L1 06     49 +015.0378 +000.9286 -004.1741 +179.7635 +042.0611 +001.4746 0
L1 07     49 +014.3295 +001.0235 -004.9899 -088.6464 +005.6285 +038.6690 0
L1 08     49 +013.6682 +000.9269 -005.3173 -013.6526 -035.1599 +007.3386 0
L1 01     53 +015.9088 +000.1231 +001.3465 -086.8083 -001.0877 +001.7209 0
L1 02     53 +004.5082 +007.3621 +001.6852 -175.5941 +001.5102 -130.3558 0
L1 03     53 +015.9827 -000.6152 -000.8453 -092.3790 +003.5973 +092.2028 0
L1 04     53 +008.7543 +008.7682 +001.7892 -038.0285 +000.0710 +000.5292 0
L1 05     53 +014.3993 +010.0378 +001.9761 -107.9813 +001.0386 -010.7856 0
L1 06     53 +015.0377 +000.9281 -004.1744 +179.7604 +042.0609 +001.4761 0
L1 07     53 +014.3296 +001.0231 -004.9897 -088.6506 +005.6276 +038.6714 0
L1 08     53 +013.6682 +000.9265 -005.3172 -013.6536 -035.1622 +007.3359 0
L1 01     57 +015.9088 +000.1231 +001.3464 -086.8084 -001.0902 +001.7199 0
L1 02     57 +004.5082 +007.3622 +001.6852 -175.5948 +001.5109 -130.3595 0
L1 03     57 +015.9826 -000.6151 -000.8453 -092.3782 +003.5941 +092.2018 0
L1 04     57 +008.7543 +008.7683 +001.7892 -038.0281 +000.0707 +000.5291 0
L1 05     57 +014.3991 +010.0381 +001.9762 -107.9790 +001.0389 -010.7844 0
L1 06     57 +015.0377 +000.9280 -004.1745 +179.7593 +042.0614 +001.4769 0
L1 07     57 +014.3295 +001.0228 -004.9899 -088.6543 +005.6165 +038.6709 0
L1 08     57 +013.6681 +000.9260 -005.3174 -013.6502 -035.1630 +007.3303 0
L1 01     61 +015.9088 +000.1233 +001.3465 -086.8064 -001.0911 +001.7193 0
L1 02     61 +004.5082 +007.3622 +001.6852 -175.5935 +001.5095 -130.3524 0
L1 03     61 +015.9826 -000.6155 -000.8454 -092.3801 +003.5908 +092.2008 0
L1 04     61 +008.7543 +008.7683 +001.7892 -038.0277 +000.0704 +000.5290 0
L1 05     61 +014.3992 +010.0380 +001.9767 -107.9794 +001.0398 -010.7824 0
L1 06     61 +015.0375 +000.9278 -004.1747 +179.7582 +042.0595 +001.4789 0
L1 07     61 +014.3294 +001.0219 -004.9900 -088.6628 +005.6037 +038.6696 0
L1 08     61 +013.6679 +000.9255 -005.3175 -013.6480 -035.1621 +007.3260 0
L1 01     65 +015.9088 +000.1234 +001.3463 -086.8060 -001.0915 +001.7181 0
L1 02     65 +004.5082 +007.3621 +001.6852 -175.5932 +001.5079 -130.3440 0
L1 03     65 +015.9826 -000.6153 -000.8453 -092.3782 +003.5916 +092.2013 0
L1 04     65 +008.7542 +008.7683 +001.7893 -038.0276 +000.0702 +000.5292 0
L1 05     65 +014.3994 +010.0376 +001.9764 -107.9820 +001.0393 -010.7832 0
L1 06     65 +015.0376 +000.9277 -004.1744 +179.7567 +042.0604 +001.4786 0
L1 07     65 +014.3294 +001.0228 -004.9899 -088.6559 +005.6093 +038.6710 0
L1 08     65 +013.6680 +000.9259 -005.3173 -013.6486 -035.1632 +007.3280 0
L1 01     69 +015.9088 +000.1235 +001.3464 -086.8053 -001.0905 +001.7191 0
L1 02     69 +004.5082 +007.3621 +001.6853 -175.5927 +001.5078 -130.3431 0
L1 03     69 +015.9826 -000.6153 -000.8453 -092.3784 +003.5943 +092.2015 0
L1 04     69 +008.7542 +008.7683 +001.7892 -038.0273 +000.0702 +000.5290 0
L1 05     69 +014.3992 +010.0380 +001.9763 -107.9790 +001.0392 -010.7833 0
L1 06     69 +015.0377 +000.9280 -004.1742 +179.7538 +042.0621 +001.4744 0
L1 07     69 +014.3294 +001.0231 -004.9900 -088.6531 +005.6231 +038.6692 0
L1 08     69 +013.6681 +000.9261 -005.3172 -013.6516 -035.1629 +007.3315 0
L1 01     73 +015.9088 +000.1231 +001.3464 -086.8080 -001.0900 +001.7195 0
L1 02     73 +004.5082 +007.3621 +001.6853 -175.5931 +001.5086 -130.3489 0
L1 03     73 +015.9826 -000.6151 -000.8453 -092.3784 +003.5957 +092.2012 0
L1 04     73 +008.7543 +008.7683 +001.7892 -038.0280 +000.0706 +000.5290 0
L1 05     73 +014.3990 +010.0382 +001.9762 -107.9784 +001.0398 -010.7833 0
L1 06     73 +015.0376 +000.9282 -004.1744 +179.7531 +042.0597 +001.4730 0
L1 07     73 +014.3294 +001.0232 -004.9901 -088.6463 +005.6360 +038.6680 0
L1 08     73 +013.6680 +000.9263 -005.3172 -013.6535 -035.1614 +007.3333 0
L1 01     77 +015.9088 +000.1233 +001.3465 -086.8061 -001.0905 +001.7201 0
L1 02     77 +004.5082 +007.3622 +001.6852 -175.5937 +001.5108 -130.3579 0
L1 03     77 +015.9826 -000.6151 -000.8453 -092.3775 +003.5954 +092.2011 0
L1 04     77 +008.7542 +008.7683 +001.7892 -038.0274 +000.0709 +000.5288 0
L1 05     77 +014.3990 +010.0384 +001.9760 -107.9765 +001.0399 -010.7839 0
L1 06     77 +015.0376 +000.9283 -004.1741 +179.7540 +042.0604 +001.4724 0
L1 07     77 +014.3294 +001.0231 -004.9901 -088.6457 +005.6363 +038.6666 0
L1 08     77 +013.6679 +000.9265 -005.3172 -013.6524 -035.1594 +007.3345 0
L1 01     81 +015.9088 +000.1232 +001.3465 -086.8070 -001.0906 +001.7195 0
L1 02     81 +004.5082 +007.3622 +001.6852 -175.5941 +001.5107 -130.3580 0
L1 03     81 +015.9826 -000.6151 -000.8453 -092.3778 +003.5951 +092.2009 0
L1 04     81 +008.7542 +008.7683 +001.7893 -038.0277 +000.0708 +000.5292 0
L1 05     81 +014.3990 +010.0384 +001.9761 -107.9770 +001.0395 -010.7842 0
L1 06     81 +015.0375 +000.9281 -004.1745 +179.7533 +042.0569 +001.4734 0
L1 07     81 +014.3294 +001.0230 -004.9899 -088.6455 +005.6358 +038.6667 0
L1 08     81 +013.6678 +000.9264 -005.3173 -013.6520 -035.1589 +007.3334 0
L1 01     85 +015.9088 +000.1231 +001.3464 -086.8080 -001.0913 +001.7175 0
L1 02     85 +004.5082 +007.3622 +001.6852 -175.5928 +001.5087 -130.3480 0
L1 03     85 +015.9825 -000.6152 -000.8455 -092.3788 +003.5939 +092.1987 0
L1 04     85 +008.7543 +008.7683 +001.7892 -038.0277 +000.0704 +000.5289 0
L1 05     85 +014.3992 +010.0380 +001.9762 -107.9791 +001.0397 -010.7851 0
L1 06     85 +015.0373 +000.9280 -004.1747 +179.7522 +042.0554 +001.4732 0
L1 07     85 +014.3292 +001.0229 -004.9901 -088.6489 +005.6311 +038.6657 0
L1 08     85 +013.6677 +000.9261 -005.3175 -013.6506 -035.1578 +007.3301 0
L1 01     89 +015.9088 +000.1231 +001.3467 -086.8077 -001.0925 +001.7196 0
L1 02     89 +004.5082 +007.3621 +001.6852 -175.5928 +001.5070 -130.3395 0
L1 03     89 +015.9825 -000.6152 -000.8455 -092.3784 +003.5914 +092.1985 0
L1 04     89 +008.7543 +008.7683 +001.7893 -038.0282 +000.0704 +000.5293 0
L1 05     89 +014.3995 +010.0375 +001.9765 -107.9836 +001.0407 -010.7842 0
L1 06     89 +015.0373 +000.9275 -004.1746 +179.7498 +042.0563 +001.4755 0
L1 07     89 +014.3291 +001.0227 -004.9899 -088.6488 +005.6288 +038.6673 0
L1 08     89 +013.6675 +000.9256 -005.3174 -013.6496 -035.1584 +007.3265 0
L1 01     93 +015.9088 +000.1232 +001.3465 -086.8076 -001.0924 +001.7176 0
L1 02     93 +004.5082 +007.3621 +001.6852 -175.5933 +001.5078 -130.3451 0
L1 03     93 +015.9825 -000.6153 -000.8455 -092.3790 +003.5914 +092.1979 0
L1 04     93 +008.7543 +008.7683 +001.7893 -038.0280 +000.0705 +000.5294 0
L1 05     93 +014.3993 +010.0378 +001.9764 -107.9808 +001.0407 -010.7832 0
L1 06     93 +015.0372 +000.9277 -004.1745 +179.7504 +042.0561 +001.4748 0
L1 07     93 +014.3291 +001.0226 -004.9899 -088.6490 +005.6302 +038.6665 0
L1 08     93 +013.6676 +000.9259 -005.3173 -013.6503 -035.1582 +007.3283 0
L1 01     97 +015.9088 +000.1232 +001.3465 -086.8076 -001.0914 +001.7179 0
L1 02     97 +004.5082 +007.3621 +001.6852 -175.5930 +001.5099 -130.3534 0
L1 03     97 +015.9825 -000.6154 -000.8456 -092.3796 +003.5938 +092.1976 0
L1 04     97 +008.7543 +008.7683 +001.7893 -038.0280 +000.0706 +000.5294 0
L1 05     97 +014.3991 +010.0381 +001.9765 -107.9794 +001.0413 -010.7823 0
L1 06     97 +015.0373 +000.9279 -004.1743 +179.7493 +042.0571 +001.4716 0
L1 07     97 +014.3292 +001.0229 -004.9900 -088.6426 +005.6441 +038.6673 0
L1 08     97 +013.6677 +000.9262 -005.3173 -013.6529 -035.1579 +007.3327 0
L1 01    101 +015.9088 +000.1233 +001.3466 -086.8070 -001.0898 +001.7195 0
L1 02    101 +004.5082 +007.3622 +001.6852 -175.5933 +001.5100 -130.3529 0
L1 03    101 +015.9826 -000.6153 -000.8455 -092.3794 +003.5962 +092.1989 0
L1 04    101 +008.7542 +008.7683 +001.7893 -038.0275 +000.0707 +000.5296 0
L1 05    101 +014.3992 +010.0379 +001.9766 -107.9803 +001.0418 -010.7824 0
L1 06    101 +015.0375 +000.9284 -004.1744 +179.7495 +042.0571 +001.4690 0
L1 07    101 +014.3293 +001.0231 -004.9898 -088.6419 +005.6518 +038.6689 0
L1 08    101 +013.6678 +000.9264 -005.3172 -013.6548 -035.1582 +007.3353 0
L1 01    105 +015.9089 +000.1233 +001.3468 -086.8064 -001.0892 +001.7222 0
L1 02    105 +004.5082 +007.3621 +001.6853 -175.5932 +001.5089 -130.3479 0
L1 03    105 +015.9826 -000.6151 -000.8454 -092.3777 +003.5970 +092.2007 0
L1 04    105 +008.7542 +008.7683 +001.7893 -038.0273 +000.0710 +000.5295 0
L1 05    105 +014.3989 +010.0383 +001.9768 -107.9776 +001.0425 -010.7823 0
L1 06    105 +015.0376 +000.9283 -004.1743 +179.7466 +042.0582 +001.4676 0
L1 07    105 +014.3293 +001.0233 -004.9901 -088.6402 +005.6565 +038.6660 0
L1 08    105 +013.6680 +000.9265 -005.3172 -013.6557 -035.1587 +007.3370 0
L1 01    109 +015.9088 +000.1232 +001.3465 -086.8078 -001.0888 +001.7198 0
L1 02    109 +004.5082 +007.3621 +001.6852 -175.5931 +001.5086 -130.3481 0
L1 03    109 +015.9827 -000.6152 -000.8454 -092.3790 +003.5974 +092.2010 0
L1 04    109 +008.7543 +008.7683 +001.7893 -038.0280 +000.0707 +000.5294 0
L1 05    109 +014.3990 +010.0383 +001.9766 -107.9777 +001.0412 -010.7839 0
L1 06    109 +015.0377 +000.9282 -004.1744 +179.7464 +042.0589 +001.4684 0
L1 07    109 +014.3295 +001.0233 -004.9900 -088.6389 +005.6539 +038.6696 0
L1 08    109 +013.6681 +000.9264 -005.3173 -013.6563 -035.1599 +007.3364 0
L1 01    113 +015.9089 +000.1233 +001.3466 -086.8068 -001.0895 +001.7212 0
L1 02    113 +004.5082 +007.3622 +001.6852 -175.5931 +001.5094 -130.3521 0
L1 03    113 +015.9827 -000.6151 -000.8454 -092.3784 +003.5961 +092.2016 0
L1 04    113 +008.7543 +008.7683 +001.7893 -038.0278 +000.0706 +000.5293 0
L1 05    113 +014.3991 +010.0380 +001.9764 -107.9796 +001.0408 -010.7852 0
L1 06    113 +015.0377 +000.9283 -004.1745 +179.7474 +042.0596 +001.4691 0
L1 07    113 +014.3296 +001.0233 -004.9899 -088.6387 +005.6499 +038.6712 0
L1 08    113 +013.6681 +000.9264 -005.3174 -013.6551 -035.1603 +007.3355 0
L1 01    117 +015.9088 +000.1232 +001.3466 -086.8074 -001.0894 +001.7204 0
L1 02    117 +004.5081 +007.3622 +001.6852 -175.5924 +001.5097 -130.3523 0
L1 03    117 +015.9827 -000.6153 -000.8455 -092.3794 +003.5958 +092.2008 0
L1 04    117 +008.7543 +008.7683 +001.7893 -038.0276 +000.0704 +000.5292 0
L1 05    117 +014.3993 +010.0378 +001.9766 -107.9811 +001.0418 -010.7834 0
L1 06    117 +015.0376 +000.9282 -004.1746 +179.7453 +042.0587 +001.4679 0
L1 07    117 +014.3296 +001.0232 -004.9898 -088.6394 +005.6502 +038.6720 0
L1 08    117 +013.6681 +000.9263 -005.3174 -013.6547 -035.1602 +007.3346 0
L1 01    121 +015.9088 +000.1232 +001.3467 -086.8076 -001.0898 +001.7211 0
L1 02    121 +004.5081 +007.3621 +001.6853 -175.5925 +001.5089 -130.3479 0
L1 03    121 +015.9826 -000.6152 -000.8455 -092.3792 +003.5949 +092.2009 0
L1 04    121 +008.7543 +008.7683 +001.7893 -038.0278 +000.0708 +000.5294 0
L1 05    121 +014.3990 +010.0382 +001.9766 -107.9786 +001.0420 -010.7836 0
L1 06    121 +015.0376 +000.9281 -004.1744 +179.7448 +042.0596 +001.4681 0
L1 07    121 +014.3295 +001.0231 -004.9899 -088.6387 +005.6516 +038.6718 0
L1 08    121 +013.6680 +000.9262 -005.3174 -013.6544 -035.1600 +007.3332 0
L1 01    125 +015.9088 +000.1232 +001.3465 -086.8072 -001.0918 +001.7187 0
L1 02    125 +004.5081 +007.3621 +001.6852 -175.5921 +001.5076 -130.3435 0
L1 03    125 +015.9826 -000.6149 -000.8456 -092.3764 +003.5924 +092.1988 0
L1 04    125 +008.7543 +008.7683 +001.7892 -038.0277 +000.0706 +000.5291 0
L1 05    125 +014.3988 +010.0384 +001.9766 -107.9764 +001.0417 -010.7822 0
L1 06    125 +015.0375 +000.9279 -004.1744 +179.7459 +042.0588 +001.4702 0
L1 07    125 +014.3294 +001.0229 -004.9903 -088.6332 +005.6566 +038.6677 0
L1 08    125 +013.6678 +000.9260 -005.3175 -013.6511 -035.1594 +007.3305 0
L1 01    129 +015.9088 +000.1232 +001.3465 -086.8070 -001.0930 +001.7182 0
L1 02    129 +004.5081 +007.3621 +001.6852 -175.5925 +001.5087 -130.3483 0
L1 03    129 +015.9825 -000.6150 -000.8455 -092.3769 +003.5906 +092.1985 0
L1 04    129 +008.7542 +008.7683 +001.7893 -038.0272 +000.0704 +000.5293 0
L1 05    129 +014.3986 +010.0386 +001.9766 -107.9743 +001.0430 -010.7825 0
L1 06    129 +015.0374 +000.9276 -004.1746 +179.7476 +042.0572 +001.4729 0
L1 07    129 +014.3293 +001.0229 -004.9901 -088.6305 +005.6577 +038.6683 0
L1 08    129 +013.6676 +000.9258 -005.3175 -013.6487 -035.1583 +007.3278 0
L1 01    133 +015.9088 +000.1231 +001.3463 -086.8077 -001.0920 +001.7169 0
L1 02    133 +004.5082 +007.3622 +001.6852 -175.5931 +001.5100 -130.3542 0
L1 03    133 +015.9826 -000.6151 -000.8454 -092.3781 +003.5926 +092.1994 0
L1 04    133 +008.7542 +008.7683 +001.7893 -038.0275 +000.0704 +000.5293 0
L1 05    133 +014.3989 +010.0386 +001.9761 -107.9748 +001.0393 -010.7825 0
L1 06    133 +015.0375 +000.9277 -004.1746 +179.7467 +042.0570 +001.4718 0
L1 07    133 +014.3294 +001.0229 -004.9900 -088.6326 +005.6628 +038.6704 0
L1 08    133 +013.6679 +000.9259 -005.3174 -013.6526 -035.1605 +007.3308 0
L1 01    137 +015.9088 +000.1232 +001.3466 -086.8068 -001.0899 +001.7211 0
L1 02    137 +004.5082 +007.3622 +001.6852 -175.5934 +001.5099 -130.3544 0
L1 03    137 +015.9826 -000.6152 -000.8453 -092.3789 +003.5953 +092.2028 0
L1 04    137 +008.7543 +008.7683 +001.7893 -038.0277 +000.0708 +000.5298 0
L1 05    137 +014.3993 +010.0379 +001.9763 -107.9798 +001.0415 -010.7828 0
L1 06    137 +015.0377 +000.9281 -004.1744 +179.7428 +042.0617 +001.4677 0
L1 07    137 +014.3296 +001.0232 -004.9900 -088.6337 +005.6638 +038.6729 0
L1 08    137 +013.6682 +000.9262 -005.3174 -013.6563 -035.1630 +007.3349 0
L1 01    141 +015.9088 +000.1229 +001.3466 -086.8098 -001.0894 +001.7217 0
L1 02    141 +004.5082 +007.3622 +001.6852 -175.5931 +001.5095 -130.3519 0
L1 03    141 +015.9827 -000.6148 -000.8454 -092.3772 +003.5966 +092.2035 0
L1 04    141 +008.7543 +008.7683 +001.7893 -038.0280 +000.0709 +000.5296 0
L1 05    141 +014.3994 +010.0378 +001.9762 -107.9810 +001.0409 -010.7841 0
L1 06    141 +015.0379 +000.9285 -004.1743 +179.7396 +042.0639 +001.4639 0
L1 07    141 +014.3298 +001.0235 -004.9901 -088.6319 +005.6687 +038.6744 0
L1 08    141 +013.6685 +000.9267 -005.3173 -013.6589 -035.1646 +007.3392 0
L1 01    145 +015.9089 +000.1233 +001.3467 -086.8063 -001.0886 +001.7240 0
L1 02    145 +004.5082 +007.3622 +001.6852 -175.5927 +001.5090 -130.3491 0
L1 03    145 +015.9827 -000.6150 -000.8452 -092.3788 +003.5968 +092.2052 0
L1 04    145 +008.7543 +008.7683 +001.7893 -038.0277 +000.0709 +000.5296 0
L1 05    145 +014.3992 +010.0380 +001.9762 -107.9789 +001.0398 -010.7847 0
L1 06    145 +015.0380 +000.9279 -004.1743 +179.7347 +042.0649 +001.4651 0
L1 07    145 +014.3299 +001.0236 -004.9901 -088.6286 +005.6729 +038.6741 0
L1 08    145 +013.6684 +000.9263 -005.3172 -013.6612 -035.1639 +007.3391 0
L1 01    149 +015.9088 +000.1232 +001.3466 -086.8070 -001.0894 +001.7224 0
L1 02    149 +004.5082 +007.3621 +001.6852 -175.5929 +001.5083 -130.3477 0
L1 03    149 +015.9827 -000.6150 -000.8453 -092.3784 +003.5959 +092.2041 0
L1 04    149 +008.7543 +008.7683 +001.7893 -038.0275 +000.0706 +000.5297 0
L1 05    149 +014.3992 +010.0381 +001.9762 -107.9788 +001.0403 -010.7861 0
L1 06    149 +015.0379 +000.9282 -004.1745 +179.7377 +042.0607 +001.4643 0
L1 07    149 +014.3296 +001.0240 -004.9903 -088.6241 +005.6780 +038.6705 0
L1 08    149 +013.6683 +000.9264 -005.3174 -013.6585 -035.1621 +007.3373 0
L1 01    153 +015.9088 +000.1235 +001.3465 -086.8055 -001.0891 +001.7211 0
L1 02    153 +004.5082 +007.3621 +001.6852 -175.5926 +001.5083 -130.3465 0
L1 03    153 +015.9827 -000.6153 -000.8452 -092.3796 +003.5954 +092.2038 0
L1 04    153 +008.7542 +008.7683 +001.7893 -038.0274 +000.0702 +000.5299 0
L1 05    153 +014.3992 +010.0380 +001.9766 -107.9782 +001.0403 -010.7827 0
L1 06    153 +015.0377 +000.9280 -004.1747 +179.7366 +042.0581 +001.4639 0
L1 07    153 +014.3296 +001.0234 -004.9901 -088.6290 +005.6734 +038.6717 0
L1 08    153 +013.6682 +000.9261 -005.3173 -013.6584 -035.1611 +007.3360 0
L1 01    157 +015.9088 +000.1235 +001.3464 -086.8054 -001.0888 +001.7207 0
L1 02    157 +004.5081 +007.3621 +001.6853 -175.5924 +001.5084 -130.3461 0
L1 03    157 +015.9827 -000.6153 -000.8453 -092.3801 +003.5958 +092.2038 0
L1 04    157 +008.7543 +008.7683 +001.7893 -038.0277 +000.0704 +000.5299 0
L1 05    157 +014.3992 +010.0380 +001.9765 -107.9790 +001.0416 -010.7832 0
L1 06    157 +015.0377 +000.9281 -004.1746 +179.7366 +042.0586 +001.4633 0
L1 07    157 +014.3297 +001.0234 -004.9900 -088.6308 +005.6745 +038.6737 0
L1 08    157 +013.6682 +000.9262 -005.3173 -013.6594 -035.1613 +007.3367 0
L1 01    161 +015.9088 +000.1235 +001.3465 -086.8055 -001.0884 +001.7207 0
L1 02    161 +004.5082 +007.3621 +001.6853 -175.5930 +001.5090 -130.3489 0
L1 03    161 +015.9827 -000.6154 -000.8453 -092.3812 +003.5958 +092.2032 0
L1 04    161 +008.7543 +008.7683 +001.7893 -038.0278 +000.0706 +000.5297 0
L1 05    161 +014.3990 +010.0381 +001.9765 -107.9784 +001.0425 -010.7826 0
L1 06    161 +015.0377 +000.9282 -004.1747 +179.7351 +042.0583 +001.4612 0
L1 07    161 +014.3297 +001.0234 -004.9902 -088.6297 +005.6783 +038.6718 0
L1 08    161 +013.6682 +000.9262 -005.3174 -013.6608 -035.1608 +007.3375 0
L1 01    166 +015.9088 +000.1235 +001.3465 -086.8058 -001.0885 +001.7201 0
L1 02    166 +004.5081 +007.3622 +001.6852 -175.5928 +001.5098 -130.3540 0
L1 03    166 +015.9827 -000.6153 -000.8454 -092.3809 +003.5965 +092.2021 0
L1 04    166 +008.7543 +008.7683 +001.7893 -038.0276 +000.0708 +000.5298 0
L1 05    166 +014.3992 +010.0381 +001.9764 -107.9785 +001.0419 -010.7835 0
L1 06    166 +015.0377 +000.9281 -004.1747 +179.7281 +042.0573 +001.4567 0
L1 07    166 +014.3297 +001.0236 -004.9903 -088.6237 +005.6907 +038.6689 0
L1 08    166 +013.6682 +000.9264 -005.3174 -013.6624 -035.1595 +007.3392 0
L1 01    170 +015.9088 +000.1234 +001.3463 -086.8065 -001.0884 +001.7197 0
L1 02    170 +004.5082 +007.3622 +001.6853 -175.5931 +001.5094 -130.3507 0
L1 03    170 +015.9826 -000.6153 -000.8454 -092.3807 +003.5964 +092.2023 0
L1 04    170 +008.7543 +008.7683 +001.7893 -038.0278 +000.0708 +000.5297 0
L1 05    170 +014.3990 +010.0382 +001.9771 -107.9771 +001.0444 -010.7819 0
L1 06    170 +015.0377 +000.9281 -004.1746 +179.7267 +042.0586 +001.4572 0
L1 07    170 +014.3297 +001.0232 -004.9902 -088.6247 +005.6939 +038.6702 0
L1 08    170 +013.6681 +000.9263 -005.3173 -013.6624 -035.1596 +007.3386 0
L1 01    174 +015.9088 +000.1231 +001.3463 -086.8079 -001.0899 +001.7185 0
L1 02    174 +004.5081 +007.3622 +001.6853 -175.5926 +001.5090 -130.3491 0
L1 03    174 +015.9826 -000.6153 -000.8454 -092.3808 +003.5944 +092.2014 0
L1 04    174 +008.7543 +008.7683 +001.7894 -038.0281 +000.0708 +000.5302 0
L1 05    174 +014.3990 +010.0383 +001.9766 -107.9767 +001.0423 -010.7833 0
L1 06    174 +015.0375 +000.9274 -004.1747 +179.7303 +042.0578 +001.4650 0
L1 07    174 +014.3296 +001.0233 -004.9902 -088.6219 +005.6875 +038.6696 0
L1 08    174 +013.6679 +000.9260 -005.3174 -013.6588 -035.1593 +007.3342 0
L1 01    178 +015.9088 +000.1231 +001.3464 -086.8083 -001.0907 +001.7188 0
L1 02    178 +004.5081 +007.3622 +001.6853 -175.5928 +001.5092 -130.3507 0
L1 03    178 +015.9826 -000.6152 -000.8456 -092.3798 +003.5925 +092.2001 0
L1 04    178 +008.7543 +008.7683 +001.7894 -038.0277 +000.0706 +000.5301 0
L1 05    178 +014.3988 +010.0386 +001.9766 -107.9750 +001.0417 -010.7826 0
L1 06    178 +015.0377 +000.9281 -004.1745 +179.7300 +042.0604 +001.4598 0
L1 07    178 +014.3296 +001.0233 -004.9903 -088.6220 +005.6852 +038.6700 0
L1 08    178 +013.6680 +000.9260 -005.3176 -013.6575 -035.1595 +007.3336 0
L1 01    182 +015.9088 +000.1228 +001.3463 -086.8099 -001.0902 +001.7190 0
L1 02    182 +004.5082 +007.3622 +001.6852 -175.5929 +001.5091 -130.3502 0
L1 03    182 +015.9827 -000.6151 -000.8454 -092.3799 +003.5943 +092.2037 0
L1 04    182 +008.7542 +008.7683 +001.7893 -038.0275 +000.0706 +000.5300 0
L1 05    182 +014.3990 +010.0383 +001.9764 -107.9769 +001.0394 -010.7838 0
L1 06    182 +015.0378 +000.9280 -004.1751 +179.7266 +042.0588 +001.4584 0
L1 07    182 +014.3299 +001.0236 -004.9902 -088.6229 +005.6859 +038.6745 0
L1 08    182 +013.6684 +000.9263 -005.3175 -013.6602 -035.1631 +007.3367 0
L1 01    186 +015.9089 +000.1230 +001.3465 -086.8088 -001.0899 +001.7209 0
L1 02    186 +004.5082 +007.3621 +001.6853 -175.5931 +001.5083 -130.3464 0
L1 03    186 +015.9827 -000.6151 -000.8454 -092.3800 +003.5949 +092.2048 0
L1 04    186 +008.7543 +008.7683 +001.7893 -038.0279 +000.0708 +000.5300 0
L1 05    186 +014.3990 +010.0383 +001.9763 -107.9777 +001.0399 -010.7849 0
L1 06    186 +015.0379 +000.9278 -004.1750 +179.7196 +042.0604 +001.4576 0
L1 07    186 +014.3300 +001.0236 -004.9902 -088.6223 +005.6938 +038.6777 0
L1 08    186 +013.6685 +000.9263 -005.3175 -013.6638 -035.1645 +007.3382 0
L1 01    190 +015.9088 +000.1231 +001.3464 -086.8081 -001.0899 +001.7201 0
L1 02    190 +004.5081 +007.3621 +001.6853 -175.5925 +001.5084 -130.3474 0
L1 03    190 +015.9827 -000.6151 -000.8456 -092.3800 +003.5943 +092.2032 0
L1 04    190 +008.7543 +008.7683 +001.7893 -038.0277 +000.0707 +000.5297 0
L1 05    190 +014.3987 +010.0387 +001.9764 -107.9746 +001.0399 -010.7836 0
L1 06    190 +015.0379 +000.9279 -004.1747 +179.7218 +042.0626 +001.4576 0
L1 07    190 +014.3300 +001.0233 -004.9903 -088.6219 +005.6971 +038.6754 0
L1 08    190 +013.6685 +000.9262 -005.3176 -013.6631 -035.1644 +007.3378 0
L1 01    194 +015.9088 +000.1232 +001.3466 -086.8077 -001.0897 +001.7220 0
L1 02    194 +004.5081 +007.3622 +001.6852 -175.5930 +001.5095 -130.3532 0
L1 03    194 +015.9827 -000.6151 -000.8455 -092.3802 +003.5945 +092.2040 0
L1 04    194 +008.7542 +008.7683 +001.7893 -038.0275 +000.0708 +000.5299 0
L1 05    194 +014.3990 +010.0382 +001.9768 -107.9781 +001.0427 -010.7825 0
L1 06    194 +015.0380 +000.9279 -004.1746 +179.7195 +042.0634 +001.4557 0
L1 07    194 +014.3300 +001.0234 -004.9904 -088.6187 +005.7015 +038.6743 0
L1 08    194 +013.6684 +000.9263 -005.3175 -013.6627 -035.1633 +007.3379 0
L1 01    198 +015.9088 +000.1230 +001.3465 -086.8092 -001.0887 +001.7220 0
L1 02    198 +004.5082 +007.3622 +001.6852 -175.5929 +001.5100 -130.3535 0
L1 03    198 +015.9827 -000.6152 -000.8455 -092.3817 +003.5954 +092.2046 0
L1 04    198 +008.7543 +008.7682 +001.7893 -038.0281 +000.0710 +000.5300 0
L1 05    198 +014.3992 +010.0378 +001.9768 -107.9803 +001.0445 -010.7832 0
L1 06    198 +015.0380 +000.9278 -004.1746 +179.7186 +042.0632 +001.4551 0
L1 07    198 +014.3301 +001.0236 -004.9902 -088.6175 +005.7015 +038.6776 0
L1 08    198 +013.6685 +000.9264 -005.3174 -013.6649 -035.1639 +007.3400 0
L1 01    202 +015.9089 +000.1234 +001.3466 -086.8069 -001.0872 +001.7237 0
L1 02    202 +004.5082 +007.3621 +001.6853 -175.5927 +001.5090 -130.3489 0
L1 03    202 +015.9828 -000.6154 -000.8453 -092.3835 +003.5981 +092.2069 0
L1 04    202 +008.7543 +008.7683 +001.7893 -038.0281 +000.0712 +000.5297 0
L1 05    202 +014.3989 +010.0383 +001.9765 -107.9780 +001.0408 -010.7853 0
L1 06    202 +015.0381 +000.9281 -004.1745 +179.7168 +042.0640 +001.4527 0
L1 07    202 +014.3302 +001.0237 -004.9901 -088.6186 +005.7070 +038.6792 0
L1 08    202 +013.6688 +000.9265 -005.3174 -013.6686 -035.1642 +007.3436 0
L1 01    206 +015.9089 +000.1235 +001.3465 -086.8060 -001.0867 +001.7224 0
L1 02    206 +004.5081 +007.3622 +001.6853 -175.5921 +001.5087 -130.3483 0
L1 03    206 +015.9828 -000.6155 -000.8454 -092.3834 +003.5984 +092.2065 0
L1 04    206 +008.7543 +008.7683 +001.7893 -038.0279 +000.0710 +000.5296 0
L1 05    206 +014.3993 +010.0379 +001.9765 -107.9805 +001.0411 -010.7849 0
L1 06    206 +015.0382 +000.9286 -004.1745 +179.7186 +042.0648 +001.4500 0
L1 07    206 +014.3303 +001.0236 -004.9905 -088.6180 +005.7099 +038.6763 0
L1 08    206 +013.6688 +000.9264 -005.3176 -013.6687 -035.1645 +007.3430 0
L1 01    210 +015.9088 +000.1233 +001.3465 -086.8068 -001.0884 +001.7225 0
L1 02    210 +004.5081 +007.3622 +001.6853 -175.5926 +001.5091 -130.3508 0
L1 03    210 +015.9828 -000.6154 -000.8454 -092.3820 +003.5951 +092.2063 0
L1 04    210 +008.7542 +008.7683 +001.7893 -038.0274 +000.0706 +000.5295 0
L1 05    210 +014.3992 +010.0382 +001.9762 -107.9782 +001.0384 -010.7852 0
L1 06    210 +015.0381 +000.9284 -004.1748 +179.7187 +042.0644 +001.4516 0
L1 07    210 +014.3303 +001.0234 -004.9904 -088.6142 +005.7091 +038.6788 0
L1 08    210 +013.6687 +000.9263 -005.3178 -013.6641 -035.1651 +007.3394 0
L1 01    214 +015.9089 +000.1236 +001.3466 -086.8053 -001.0894 +001.7220 0
L1 02    214 +004.5081 +007.3622 +001.6853 -175.5928 +001.5092 -130.3503 0
L1 03    214 +015.9828 -000.6153 -000.8454 -092.3808 +003.5932 +092.2056 0
L1 04    214 +008.7542 +008.7683 +001.7893 -038.0274 +000.0704 +000.5296 0
L1 05    214 +014.3990 +010.0383 +001.9764 -107.9771 +001.0401 -010.7842 0
L1 06    214 +015.0381 +000.9282 -004.1745 +179.7213 +042.0650 +001.4551 0
L1 07    214 +014.3302 +001.0232 -004.9904 -088.6145 +005.7058 +038.6773 0
L1 08    214 +013.6685 +000.9258 -005.3177 -013.6619 -035.1642 +007.3346 0
L1 01    218 +015.9089 +000.1235 +001.3466 -086.8059 -001.0886 +001.7223 0
L1 02    218 +004.5082 +007.3621 +001.6853 -175.5923 +001.5074 -130.3430 0
L1 03    218 +015.9828 -000.6154 -000.8453 -092.3823 +003.5944 +092.2063 0
L1 04    218 +008.7542 +008.7683 +001.7893 -038.0276 +000.0707 +000.5295 0
L1 05    218 +014.3992 +010.0380 +001.9765 -107.9799 +001.0411 -010.7841 0
L1 06    218 +015.0381 +000.9282 -004.1744 +179.7179 +042.0645 +001.4519 0
L1 07    218 +014.3302 +001.0234 -004.9904 -088.6149 +005.7051 +038.6770 0
L1 08    218 +013.6686 +000.9261 -005.3176 -013.6641 -035.1634 +007.3379 0
L1 01    222 +015.9088 +000.1235 +001.3464 -086.8060 -001.0874 +001.7222 0
L1 02    222 +004.5081 +007.3621 +001.6853 -175.5920 +001.5076 -130.3441 0
L1 03    222 +015.9828 -000.6153 -000.8452 -092.3822 +003.5965 +092.2071 0
L1 04    222 +008.7543 +008.7683 +001.7893 -038.0277 +000.0710 +000.5296 0
L1 05    222 +014.3988 +010.0385 +001.9766 -107.9757 +001.0410 -010.7816 0
L1 06    222 +015.0382 +000.9284 -004.1744 +179.7158 +042.0643 +001.4492 0
L1 07    222 +014.3302 +001.0237 -004.9903 -088.6124 +005.7156 +038.6766 0
L1 08    222 +013.6687 +000.9266 -005.3175 -013.6674 -035.1627 +007.3432 0
L1 01    226 +015.9088 +000.1231 +001.3465 -086.8088 -001.0877 +001.7229 0
L1 02    226 +004.5082 +007.3622 +001.6852 -175.5933 +001.5100 -130.3556 0
L1 03    226 +015.9829 -000.6150 -000.8453 -092.3821 +003.5966 +092.2076 0
L1 04    226 +008.7543 +008.7682 +001.7893 -038.0288 +000.0711 +000.5296 0
L1 05    226 +014.3991 +010.0381 +001.9769 -107.9787 +001.0439 -010.7816 0
L1 06    226 +015.0383 +000.9284 -004.1746 +179.7139 +042.0637 +001.4491 0
L1 07    226 +014.3305 +001.0239 -004.9904 -088.6082 +005.7247 +038.6786 0
L1 08    226 +013.6689 +000.9268 -005.3175 -013.6692 -035.1644 +007.3450 0
L1 01    230 +015.9089 +000.1233 +001.3464 -086.8072 -001.0861 +001.7227 0
L1 02    230 +004.5082 +007.3623 +001.6852 -175.5939 +001.5112 -130.3626 0
L1 03    230 +015.9830 -000.6152 -000.8455 -092.3819 +003.5980 +092.2074 0
L1 04    230 +008.7542 +008.7684 +001.7893 -038.0270 +000.0706 +000.5292 0
L1 05    230 +014.3993 +010.0380 +001.9765 -107.9795 +001.0423 -010.7822 0
L1 06    230 +015.0383 +000.9287 -004.1748 +179.7128 +042.0634 +001.4439 0
L1 07    230 +014.3307 +001.0237 -004.9901 -088.6069 +005.7330 +038.6806 0
L1 08    230 +013.6691 +000.9270 -005.3174 -013.6702 -035.1652 +007.3480 0
L1 01    234 +015.9089 +000.1233 +001.3464 -086.8072 -001.0860 +001.7232 0
L1 02    234 +004.5081 +007.3622 +001.6852 -175.5925 +001.5108 -130.3557 0
L1 03    234 +015.9829 -000.6151 -000.8452 -092.3819 +003.5974 +092.2087 0
L1 04    234 +008.7543 +008.7683 +001.7893 -038.0278 +000.0700 +000.5302 0
L1 05    234 +014.3992 +010.0380 +001.9762 -107.9785 +001.0421 -010.7819 0
L1 06    234 +015.0383 +000.9286 -004.1748 +179.7143 +042.0632 +001.4467 0
L1 07    234 +014.3304 +001.0241 -004.9906 -088.6070 +005.7256 +038.6751 0
L1 08    234 +013.6690 +000.9266 -005.3173 -013.6694 -035.1656 +007.3453 0
L1 01    238 +015.9089 +000.1233 +001.3464 -086.8067 -001.0877 +001.7215 0
L1 02    238 +004.5081 +007.3622 +001.6853 -175.5920 +001.5085 -130.3449 0
L1 03    238 +015.9829 -000.6152 -000.8453 -092.3814 +003.5957 +092.2062 0
L1 04    238 +008.7542 +008.7683 +001.7894 -038.0274 +000.0705 +000.5305 0
L1 05    238 +014.3992 +010.0382 +001.9762 -107.9790 +001.0438 -010.7809 0
L1 06    238 +015.0381 +000.9288 -004.1747 +179.7175 +042.0605 +001.4465 0
L1 07    238 +014.3302 +001.0240 -004.9904 -088.6079 +005.7189 +038.6753 0
L1 08    238 +013.6686 +000.9264 -005.3174 -013.6650 -035.1613 +007.3418 0
L1 01    242 +015.9088 +000.1229 +001.3464 -086.8098 -001.0897 +001.7193 0
L1 02    242 +004.5081 +007.3621 +001.6853 -175.5919 +001.5076 -130.3411 0
L1 03    242 +015.9828 -000.6150 -000.8457 -092.3803 +003.5927 +092.1983 0
L1 04    242 +008.7543 +008.7683 +001.7894 -038.0280 +000.0709 +000.5304 0
L1 05    242 +014.3993 +010.0380 +001.9762 -107.9806 +001.0435 -010.7822 0
L1 06    242 +015.0378 +000.9283 -004.1745 +179.7193 +042.0569 +001.4517 0
L1 07    242 +014.3298 +001.0239 -004.9903 -088.6069 +005.7201 +038.6713 0
L1 08    242 +013.6681 +000.9262 -005.3172 -013.6613 -035.1570 +007.3383 0
L1 01    246 +015.9088 +000.1230 +001.3463 -086.8093 -001.0891 +001.7188 0
L1 02    246 +004.5082 +007.3621 +001.6852 -175.5929 +001.5082 -130.3444 0
L1 03    246 +015.9827 -000.6154 -000.8455 -092.3843 +003.5943 +092.2008 0
L1 04    246 +008.7543 +008.7682 +001.7893 -038.0282 +000.0714 +000.5297 0
L1 05    246 +014.3993 +010.0378 +001.9766 -107.9810 +001.0432 -010.7810 0
L1 06    246 +015.0377 +000.9281 -004.1745 +179.7156 +042.0548 +001.4489 0
L1 07    246 +014.3298 +001.0237 -004.9900 -088.6015 +005.7329 +038.6714 0
L1 08    246 +013.6680 +000.9264 -005.3171 -013.6636 -035.1553 +007.3401 0
L1 01    250 +015.9088 +000.1233 +001.3465 -086.8070 -001.0880 +001.7206 0
L1 02    250 +004.5082 +007.3621 +001.6853 -175.5931 +001.5095 -130.3505 0
L1 03    250 +015.9827 -000.6153 -000.8455 -092.3811 +003.5964 +092.2018 0
L1 04    250 +008.7543 +008.7682 +001.7894 -038.0282 +000.0711 +000.5305 0
L1 05    250 +014.3990 +010.0383 +001.9761 -107.9771 +001.0402 -010.7842 0
L1 06    250 +015.0377 +000.9281 -004.1744 +179.7126 +042.0558 +001.4458 0
L1 07    250 +014.3297 +001.0239 -004.9902 -088.5950 +005.7465 +038.6665 0
L1 08    250 +013.6681 +000.9265 -005.3171 -013.6668 -035.1562 +007.3437 0
L1 01    254 +015.9088 +000.1231 +001.3465 -086.8080 -001.0870 +001.7215 0
L1 02    254 +004.5082 +007.3621 +001.6852 -175.5937 +001.5102 -130.3547 0
L1 03    254 +015.9828 -000.6152 -000.8455 -092.3814 +003.5986 +092.2030 0
L1 04    254 +008.7543 +008.7683 +001.7893 -038.0281 +000.0706 +000.5302 0
L1 05    254 +014.3991 +010.0382 +001.9764 -107.9768 +001.0420 -010.7834 0
L1 06    254 +015.0378 +000.9285 -004.1745 +179.7119 +042.0571 +001.4433 0
L1 07    254 +014.3299 +001.0248 -004.9904 -088.5932 +005.7492 +038.6705 0
L1 08    254 +013.6684 +000.9268 -005.3170 -013.6727 -035.1596 +007.3492 0
L1 01    258 +015.9089 +000.1232 +001.3467 -086.8086 -001.0857 +001.7248 0
L1 02    258 +004.5082 +007.3621 +001.6853 -175.5937 +001.5105 -130.3551 0
L1 03    258 +015.9829 -000.6153 -000.8456 -092.3837 +003.6006 +092.2048 0
L1 04    258 +008.7543 +008.7682 +001.7893 -038.0285 +000.0704 +000.5304 0
L1 05    258 +014.3990 +010.0381 +001.9766 -107.9784 +001.0437 -010.7826 0
L1 06    258 +015.0382 +000.9284 -004.1742 +179.7052 +042.0640 +001.4421 0
L1 07    258 +014.3303 +001.0245 -004.9902 -088.6044 +005.7451 +038.6776 0
L1 08    258 +013.6688 +000.9271 -005.3173 -013.6756 -035.1605 +007.3514 0
L1 01    262 +015.9089 +000.1233 +001.3465 -086.8073 -001.0858 +001.7238 0
L1 02    262 +004.5081 +007.3622 +001.6853 -175.5928 +001.5104 -130.3535 0
L1 03    262 +015.9829 -000.6151 -000.8455 -092.3825 +003.5999 +092.2061 0
L1 04    262 +008.7543 +008.7682 +001.7894 -038.0281 +000.0704 +000.5304 0
L1 05    262 +014.3989 +010.0382 +001.9766 -107.9774 +001.0433 -010.7817 0
L1 06    262 +015.0383 +000.9282 -004.1745 +179.7054 +042.0614 +001.4426 0
L1 07    262 +014.3304 +001.0244 -004.9903 -088.6057 +005.7403 +038.6769 0
L1 08    262 +013.6689 +000.9271 -005.3172 -013.6742 -035.1619 +007.3515 0
L1 01    266 +015.9089 +000.1235 +001.3466 -086.8059 -001.0865 +001.7245 0
L1 02    266 +004.5081 +007.3622 +001.6853 -175.5928 +001.5094 -130.3499 0
L1 03    266 +015.9829 -000.6152 -000.8454 -092.3820 +003.5986 +092.2068 0
L1 04    266 +008.7542 +008.7683 +001.7894 -038.0272 +000.0704 +000.5307 0
L1 05    266 +014.3988 +010.0385 +001.9764 -107.9756 +001.0421 -010.7818 0
L1 06    266 +015.0383 +000.9280 -004.1743 +179.7052 +042.0637 +001.4428 0
L1 07    266 +014.3304 +001.0243 -004.9902 -088.6019 +005.7417 +038.6785 0
L1 08    266 +013.6688 +000.9266 -005.3172 -013.6729 -035.1620 +007.3485 0
L1 01    270 +015.9089 +000.1234 +001.3467 -086.8066 -001.0873 +001.7236 0
L1 02    270 +004.5081 +007.3621 +001.6853 -175.5925 +001.5083 -130.3450 0
L1 03    270 +015.9829 -000.6152 -000.8454 -092.3819 +003.5983 +092.2056 0
L1 04    270 +008.7542 +008.7683 +001.7894 -038.0274 +000.0703 +000.5304 0
L1 05    270 +014.3992 +010.0380 +001.9763 -107.9793 +001.0409 -010.7834 0
L1 06    270 +015.0382 +000.9285 -004.1741 +179.7073 +042.0630 +001.4412 0
L1 07    270 +014.3303 +001.0243 -004.9902 -088.5983 +005.7472 +038.6764 0
L1 08    270 +013.6686 +000.9269 -005.3172 -013.6718 -035.1602 +007.3487 0
L1 01    274 +015.9089 +000.1233 +001.3467 -086.8069 -001.0875 +001.7238 0
L1 02    274 +004.5081 +007.3621 +001.6853 -175.5922 +001.5085 -130.3446 0
L1 03    274 +015.9828 -000.6150 -000.8453 -092.3807 +003.5984 +092.2057 0
L1 04    274 +008.7542 +008.7683 +001.7894 -038.0277 +000.0703 +000.5304 0
L1 05    274 +014.3991 +010.0382 +001.9763 -107.9783 +001.0405 -010.7845 0
L1 06    274 +015.0381 +000.9284 -004.1743 +179.7063 +042.0604 +001.4404 0
L1 07    274 +014.3302 +001.0243 -004.9902 -088.5936 +005.7541 +038.6732 0
L1 08    274 +013.6685 +000.9270 -005.3172 -013.6721 -035.1581 +007.3494 0
L1 01    278 +015.9089 +000.1232 +001.3465 -086.8078 -001.0872 +001.7216 0
L1 02    278 +004.5081 +007.3621 +001.6853 -175.5923 +001.5094 -130.3497 0
L1 03    278 +015.9828 -000.6151 -000.8456 -092.3817 +003.5982 +092.2037 0
L1 04    278 +008.7542 +008.7683 +001.7894 -038.0278 +000.0707 +000.5306 0
L1 05    278 +014.3994 +010.0378 +001.9764 -107.9817 +001.0419 -010.7848 0
L1 06    278 +015.0380 +000.9288 -004.1744 +179.7059 +042.0594 +001.4376 0
L1 07    278 +014.3301 +001.0243 -004.9904 -088.5969 +005.7549 +038.6724 0
L1 08    278 +013.6685 +000.9269 -005.3172 -013.6735 -035.1584 +007.3493 0
L1 01    282 +015.9089 +000.1232 +001.3467 -086.8078 -001.0868 +001.7240 0
L1 02    282 +004.5081 +007.3622 +001.6853 -175.5924 +001.5109 -130.3556 0
L1 03    282 +015.9829 -000.6149 -000.8454 -092.3808 +003.5993 +092.2058 0
L1 04    282 +008.7543 +008.7682 +001.7894 -038.0280 +000.0708 +000.5305 0
L1 05    282 +014.3993 +010.0378 +001.9758 -107.9805 +001.0396 -010.7864 0
L1 06    282 +015.0382 +000.9284 -004.1742 +179.7032 +042.0629 +001.4392 0
L1 07    282 +014.3304 +001.0243 -004.9901 -088.5967 +005.7583 +038.6786 0
L1 08    282 +013.6687 +000.9270 -005.3172 -013.6749 -035.1598 +007.3512 0
L1 01    286 +015.9089 +000.1236 +001.3468 -086.8058 -001.0854 +001.7265 0
L1 02    286 +004.5081 +007.3622 +001.6853 -175.5932 +001.5103 -130.3545 0
L1 03    286 +015.9829 -000.6152 -000.8453 -092.3829 +003.5994 +092.2081 0
L1 04    286 +008.7542 +008.7683 +001.7893 -038.0278 +000.0710 +000.5303 0
L1 05    286 +014.3990 +010.0380 +001.9764 -107.9784 +001.0416 -010.7852 0
L1 06    286 +015.0383 +000.9285 -004.1744 +179.7023 +042.0649 +001.4387 0
L1 07    286 +014.3305 +001.0243 -004.9902 -088.5947 +005.7599 +038.6805 0
L1 08    286 +013.6689 +000.9269 -005.3173 -013.6764 -035.1632 +007.3513 0
L1 01    290 +015.9089 +000.1232 +001.3468 -086.8079 -001.0867 +001.7261 0
L1 02    290 +004.5081 +007.3622 +001.6853 -175.5930 +001.5091 -130.3486 0
L1 03    290 +015.9830 -000.6149 -000.8454 -092.3807 +003.5986 +092.2085 0
L1 04    290 +008.7542 +008.7683 +001.7894 -038.0277 +000.0706 +000.5307 0
L1 05    290 +014.3990 +010.0382 +001.9765 -107.9780 +001.0406 -010.7837 0
L1 06    290 +015.0384 +000.9287 -004.1744 +179.7054 +042.0654 +001.4397 0
L1 07    290 +014.3305 +001.0246 -004.9903 -088.5912 +005.7604 +038.6793 0
L1 08    290 +013.6690 +000.9270 -005.3173 -013.6744 -035.1629 +007.3509 0
L1 01    294 +015.9089 +000.1233 +001.3467 -086.8067 -001.0860 +001.7256 0
L1 02    294 +004.5081 +007.3621 +001.6853 -175.5925 +001.5081 -130.3451 0
L1 03    294 +015.9830 -000.6148 -000.8452 -092.3803 +003.5992 +092.2096 0
L1 04    294 +008.7542 +008.7683 +001.7894 -038.0275 +000.0702 +000.5305 0
L1 05    294 +014.3989 +010.0382 +001.9769 -107.9773 +001.0420 -010.7814 0
L1 06    294 +015.0384 +000.9287 -004.1743 +179.7058 +042.0653 +001.4402 0
L1 07    294 +014.3305 +001.0248 -004.9906 -088.5897 +005.7607 +038.6786 0
L1 08    294 +013.6690 +000.9270 -005.3173 -013.6750 -035.1629 +007.3518 0
L1 01    298 +015.9089 +000.1236 +001.3464 -086.8054 -001.0854 +001.7243 0
L1 02    298 +004.5081 +007.3621 +001.6853 -175.5925 +001.5092 -130.3499 0
L1 03    298 +015.9830 -000.6148 -000.8452 -092.3801 +003.6003 +092.2097 0
L1 04    298 +008.7542 +008.7683 +001.7894 -038.0274 +000.0703 +000.5305 0
L1 05    298 +014.3990 +010.0384 +001.9767 -107.9759 +001.0419 -010.7812 0
L1 06    298 +015.0386 +000.9289 -004.1740 +179.7055 +042.0674 +001.4375 0
L1 07    298 +014.3307 +001.0246 -004.9903 -088.5915 +005.7629 +038.6806 0
L1 08    298 +013.6691 +000.9271 -005.3172 -013.6761 -035.1629 +007.3531 0
L1 01    302 +015.9089 +000.1236 +001.3466 -086.8053 -001.0849 +001.7251 0
L1 02    302 +004.5081 +007.3622 +001.6853 -175.5932 +001.5106 -130.3557 0
L1 03    302 +015.9830 -000.6150 -000.8453 -092.3816 +003.6005 +092.2089 0
L1 04    302 +008.7542 +008.7683 +001.7894 -038.0275 +000.0706 +000.5308 0
L1 05    302 +014.3991 +010.0382 +001.9769 -107.9781 +001.0448 -010.7814 0
L1 06    302 +015.0384 +000.9287 -004.1743 +179.7039 +042.0647 +001.4378 0
L1 07    302 +014.3306 +001.0247 -004.9904 -088.5898 +005.7655 +038.6797 0
L1 08    302 +013.6690 +000.9270 -005.3172 -013.6766 -035.1630 +007.3529 0
L1 01    306 +015.9089 +000.1234 +001.3468 -086.8068 -001.0852 +001.7261 0
L1 02    306 +004.5081 +007.3622 +001.6853 -175.5931 +001.5102 -130.3535 0
L1 03    306 +015.9829 -000.6150 -000.8451 -092.3821 +003.6009 +092.2091 0
L1 04    306 +008.7543 +008.7682 +001.7894 -038.0282 +000.0710 +000.5305 0
L1 05    306 +014.3993 +010.0379 +001.9766 -107.9802 +001.0436 -010.7840 0
L1 06    306 +015.0384 +000.9285 -004.1741 +179.7016 +042.0657 +001.4376 0
L1 07    306 +014.3306 +001.0246 -004.9901 -088.5874 +005.7743 +038.6805 0
L1 08    306 +013.6689 +000.9271 -005.3172 -013.6776 -035.1615 +007.3540 0
L1 01    310 +015.9089 +000.1236 +001.3465 -086.8062 -001.0848 +001.7250 0
L1 02    310 +004.5081 +007.3621 +001.6853 -175.5920 +001.5089 -130.3462 0
L1 03    310 +015.9829 -000.6152 -000.8453 -092.3823 +003.6018 +092.2079 0
L1 04    310 +008.7543 +008.7682 +001.7894 -038.0283 +000.0710 +000.5306 0
L1 05    310 +014.3990 +010.0383 +001.9761 -107.9770 +001.0405 -010.7847 0
L1 06    310 +015.0383 +000.9285 -004.1743 +179.7037 +042.0640 +001.4385 0
L1 07    310 +014.3305 +001.0248 -004.9902 -088.5838 +005.7796 +038.6803 0
L1 08    310 +013.6689 +000.9271 -005.3172 -013.6782 -035.1612 +007.3548 0
L1 01    314 +015.9089 +000.1233 +001.3464 -086.8071 -001.0855 +001.7239 0
L1 02    314 +004.5081 +007.3621 +001.6853 -175.5925 +001.5080 -130.3447 0
L1 03    314 +015.9830 -000.6149 -000.8454 -092.3810 +003.6008 +092.2070 0
L1 04    314 +008.7542 +008.7683 +001.7894 -038.0277 +000.0706 +000.5306 0
L1 05    314 +014.3991 +010.0382 +001.9763 -107.9785 +001.0403 -010.7842 0
L1 06    314 +015.0382 +000.9289 -004.1745 +179.7093 +042.0625 +001.4402 0
L1 07    314 +014.3305 +001.0249 -004.9903 -088.5801 +005.7807 +038.6780 0
L1 08    314 +013.6688 +000.9271 -005.3173 -013.6764 -035.1609 +007.3541 0
L1 01    318 +015.9090 +000.1233 +001.3465 -086.8079 -001.0847 +001.7240 0
L1 02    318 +004.5081 +007.3621 +001.6853 -175.5931 +001.5092 -130.3502 0
L1 03    318 +015.9830 -000.6151 -000.8455 -092.3826 +003.6014 +092.2067 0
L1 04    318 +008.7542 +008.7682 +001.7894 -038.0282 +000.0704 +000.5306 0
L1 05    318 +014.3994 +010.0377 +001.9763 -107.9815 +001.0418 -010.7838 0
L1 06    318 +015.0383 +000.9286 -004.1745 +179.7077 +042.0621 +001.4404 0
L1 07    318 +014.3305 +001.0251 -004.9903 -088.5815 +005.7748 +038.6788 0
L1 08    318 +013.6689 +000.9270 -005.3173 -013.6775 -035.1607 +007.3540 0
L1 01    322 +015.9089 +000.1234 +001.3465 -086.8068 -001.0834 +001.7248 0
L1 02    322 +004.5081 +007.3622 +001.6853 -175.5930 +001.5109 -130.3559 0
L1 03    322 +015.9830 -000.6150 -000.8454 -092.3814 +003.6042 +092.2081 0
L1 04    322 +008.7542 +008.7683 +001.7894 -038.0272 +000.0704 +000.5303 0
L1 05    322 +014.3992 +010.0381 +001.9764 -107.9780 +001.0422 -010.7836 0
L1 06    322 +015.0385 +000.9288 -004.1742 +179.7038 +042.0646 +001.4354 0
L1 07    322 +014.3306 +001.0252 -004.9902 -088.5861 +005.7792 +038.6795 0
L1 08    322 +013.6691 +000.9274 -005.3171 -013.6817 -035.1610 +007.3609 0
L1 01    326 +015.9089 +000.1232 +001.3465 -086.8080 -001.0826 +001.7261 0
L1 02    326 +004.5081 +007.3622 +001.6853 -175.5928 +001.5104 -130.3549 0
L1 03    326 +015.9831 -000.6147 -000.8454 -092.3807 +003.6062 +092.2100 0
L1 04    326 +008.7542 +008.7683 +001.7894 -038.0278 +000.0706 +000.5309 0
L1 05    326 +014.3991 +010.0382 +001.9764 -107.9769 +001.0428 -010.7837 0
L1 06    326 +015.0386 +000.9291 -004.1741 +179.7019 +042.0655 +001.4322 0
L1 07    326 +014.3307 +001.0255 -004.9903 -088.5821 +005.7878 +038.6811 0
L1 08    326 +013.6692 +000.9279 -005.3171 -013.6845 -035.1606 +007.3642 0
L1 01    330 +015.9089 +000.1234 +001.3465 -086.8068 -001.0824 +001.7262 0
L1 02    330 +004.5081 +007.3622 +001.6853 -175.5923 +001.5102 -130.3513 0
L1 03    330 +015.9831 -000.6150 -000.8453 -092.3829 +003.6059 +092.2097 0
L1 04    330 +008.7542 +008.7683 +001.7894 -038.0277 +000.0705 +000.5306 0
L1 05    330 +014.3990 +010.0383 +001.9762 -107.9762 +001.0409 -010.7847 0
L1 06    330 +015.0386 +000.9291 -004.1739 +179.7012 +042.0666 +001.4314 0
L1 07    330 +014.3307 +001.0254 -004.9904 -088.5783 +005.7968 +038.6769 0
L1 08    330 +013.6691 +000.9276 -005.3171 -013.6818 -035.1606 +007.3612 0
L1 01    334 +015.9089 +000.1232 +001.3467 -086.8083 -001.0845 +001.7269 0
L1 02    334 +004.5081 +007.3621 +001.6853 -175.5926 +001.5088 -130.3472 0
L1 03    334 +015.9830 -000.6150 -000.8454 -092.3822 +003.6025 +092.2093 0
L1 04    334 +008.7542 +008.7682 +001.7894 -038.0281 +000.0707 +000.5305 0
L1 05    334 +014.3991 +010.0382 +001.9762 -107.9779 +001.0419 -010.7850 0
L1 06    334 +015.0385 +000.9288 -004.1741 +179.7023 +042.0657 +001.4348 0
L1 07    334 +014.3306 +001.0248 -004.9903 -088.5736 +005.7962 +038.6794 0
L1 08    334 +013.6690 +000.9271 -005.3171 -013.6789 -035.1605 +007.3565 0
L1 01    338 +015.9089 +000.1233 +001.3466 -086.8071 -001.0857 +001.7249 0
L1 02    338 +004.5081 +007.3621 +001.6853 -175.5923 +001.5089 -130.3459 0
L1 03    338 +015.9829 -000.6151 -000.8452 -092.3815 +003.5989 +092.2086 0
L1 04    338 +008.7542 +008.7683 +001.7894 -038.0280 +000.0707 +000.5304 0
L1 05    338 +014.3992 +010.0381 +001.9762 -107.9792 +001.0417 -010.7857 0
L1 06    338 +015.0384 +000.9282 -004.1739 +179.7068 +042.0660 +001.4421 0
L1 07    338 +014.3303 +001.0243 -004.9907 -088.5748 +005.7892 +038.6755 0
L1 08    338 +013.6687 +000.9265 -005.3172 -013.6743 -035.1596 +007.3498 0
L1 01    342 +015.9089 +000.1232 +001.3466 -086.8074 -001.0879 +001.7240 0
L1 02    342 +004.5081 +007.3621 +001.6853 -175.5912 +001.5087 -130.3459 0
L1 03    342 +015.9828 -000.6150 -000.8454 -092.3794 +003.5969 +092.2055 0
L1 04    342 +008.7542 +008.7683 +001.7894 -038.0275 +000.0704 +000.5309 0
L1 05    342 +014.3991 +010.0382 +001.9764 -107.9772 +001.0417 -010.7850 0
L1 06    342 +015.0381 +000.9281 -004.1744 +179.7080 +042.0617 +001.4442 0
L1 07    342 +014.3300 +001.0246 -004.9906 -088.5749 +005.7847 +038.6749 0
L1 08    342 +013.6683 +000.9268 -005.3175 -013.6704 -035.1561 +007.3490 0
L1 01    346 +015.9089 +000.1235 +001.3464 -086.8055 -001.0863 +001.7220 0
L1 02    346 +004.5081 +007.3622 +001.6853 -175.5918 +001.5095 -130.3495 0
L1 03    346 +015.9829 -000.6152 -000.8452 -092.3823 +003.5985 +092.2065 0
L1 04    346 +008.7542 +008.7683 +001.7894 -038.0277 +000.0706 +000.5307 0
L1 05    346 +014.3992 +010.0381 +001.9765 -107.9781 +001.0422 -010.7837 0
L1 06    346 +015.0383 +000.9286 -004.1740 +179.7064 +042.0627 +001.4399 0
L1 07    346 +014.3302 +001.0244 -004.9906 -088.5785 +005.7863 +038.6755 0
L1 08    346 +013.6686 +000.9267 -005.3173 -013.6746 -035.1579 +007.3517 0
L1 01    350 +015.9089 +000.1237 +001.3468 -086.8042 -001.0852 +001.7258 0
L1 02    350 +004.5081 +007.3622 +001.6853 -175.5928 +001.5108 -130.3563 0
L1 03    350 +015.9829 -000.6151 -000.8453 -092.3814 +003.6014 +092.2075 0
L1 04    350 +008.7542 +008.7683 +001.7894 -038.0279 +000.0708 +000.5311 0
L1 05    350 +014.3991 +010.0382 +001.9769 -107.9776 +001.0443 -010.7824 0
L1 06    350 +015.0382 +000.9284 -004.1742 +179.7008 +042.0620 +001.4367 0
L1 07    350 +014.3304 +001.0246 -004.9901 -088.5772 +005.7972 +038.6792 0
L1 08    350 +013.6688 +000.9271 -005.3170 -013.6789 -035.1589 +007.3565 0
L1 01    354 +015.9089 +000.1234 +001.3466 -086.8069 -001.0846 +001.7250 0
L1 02    354 +004.5081 +007.3622 +001.6853 -175.5930 +001.5103 -130.3541 0
L1 03    354 +015.9830 -000.6148 -000.8454 -092.3808 +003.6034 +092.2074 0
L1 04    354 +008.7542 +008.7683 +001.7894 -038.0277 +000.0709 +000.5308 0
L1 05    354 +014.3992 +010.0378 +001.9768 -107.9798 +001.0436 -010.7834 0
L1 06    354 +015.0383 +000.9290 -004.1744 +179.6994 +042.0609 +001.4327 0
L1 07    354 +014.3304 +001.0258 -004.9906 -088.5631 +005.8114 +038.6745 0
L1 08    354 +013.6689 +000.9277 -005.3172 -013.6820 -035.1578 +007.3610 0
L1 01    358 +015.9089 +000.1232 +001.3468 -086.8076 -001.0848 +001.7268 0
L1 02    358 +004.5081 +007.3621 +001.6853 -175.5927 +001.5089 -130.3476 0
L1 03    358 +015.9830 -000.6146 -000.8457 -092.3801 +003.6034 +092.2071 0
L1 04    358 +008.7542 +008.7683 +001.7894 -038.0274 +000.0706 +000.5309 0
L1 05    358 +014.3993 +010.0379 +001.9765 -107.9795 +001.0424 -010.7845 0
L1 06    358 +015.0384 +000.9290 -004.1743 +179.6959 +042.0633 +001.4289 0
L1 07    358 +014.3306 +001.0254 -004.9906 -088.5671 +005.8114 +038.6793 0
L1 08    358 +013.6689 +000.9277 -005.3173 -013.6817 -035.1587 +007.3606 0
L1 01    362 +015.9089 +000.1234 +001.3467 -086.8068 -001.0844 +001.7266 0
L1 02    362 +004.5081 +007.3621 +001.6853 -175.5923 +001.5084 -130.3454 0
L1 03    362 +015.9830 -000.6151 -000.8453 -092.3825 +003.6013 +092.2090 0
L1 04    362 +008.7542 +008.7683 +001.7894 -038.0279 +000.0706 +000.5311 0
L1 05    362 +014.3994 +010.0377 +001.9768 -107.9809 +001.0431 -010.7828 0
L1 06    362 +015.0384 +000.9290 -004.1744 +179.6964 +042.0631 +001.4300 0
L1 07    362 +014.3307 +001.0253 -004.9904 -088.5679 +005.8074 +038.6804 0
L1 08    362 +013.6690 +000.9271 -005.3173 -013.6812 -035.1598 +007.3572 0
L1 01    366 +015.9089 +000.1234 +001.3465 -086.8072 -001.0840 +001.7245 0
L1 02    366 +004.5081 +007.3621 +001.6853 -175.5923 +001.5093 -130.3487 0
L1 03    366 +015.9830 -000.6154 -000.8454 -092.3846 +003.6011 +092.2076 0
L1 04    366 +008.7543 +008.7682 +001.7894 -038.0287 +000.0705 +000.5310 0
L1 05    366 +014.3994 +010.0377 +001.9766 -107.9816 +001.0425 -010.7832 0
L1 06    366 +015.0384 +000.9283 -004.1744 +179.6953 +042.0625 +001.4333 0
L1 07    366 +014.3306 +001.0246 -004.9904 -088.5748 +005.7987 +038.6801 0
L1 08    366 +013.6689 +000.9267 -005.3174 -013.6803 -035.1593 +007.3538 0
L1 01    370 +015.9089 +000.1232 +001.3465 -086.8083 -001.0853 +001.7239 0
L1 02    370 +004.5081 +007.3621 +001.6853 -175.5922 +001.5094 -130.3493 0
L1 03    370 +015.9830 -000.6151 -000.8456 -092.3826 +003.6008 +092.2062 0
L1 04    370 +008.7543 +008.7682 +001.7894 -038.0283 +000.0705 +000.5310 0
L1 05    370 +014.3993 +010.0379 +001.9769 -107.9803 +001.0453 -010.7822 0
L1 06    370 +015.0384 +000.9287 -004.1743 +179.6964 +042.0629 +001.4315 0
L1 07    370 +014.3306 +001.0245 -004.9904 -088.5725 +005.8018 +038.6796 0
L1 08    370 +013.6688 +000.9270 -005.3174 -013.6789 -035.1584 +007.3551 0
L1 01    374 +015.9089 +000.1233 +001.3466 -086.8071 -001.0851 +001.7244 0
L1 02    374 +004.5081 +007.3621 +001.6853 -175.5920 +001.5095 -130.3486 0
L1 03    374 +015.9830 -000.6152 -000.8455 -092.3824 +003.6011 +092.2064 0
L1 04    374 +008.7542 +008.7682 +001.7894 -038.0279 +000.0709 +000.5312 0
L1 05    374 +014.3991 +010.0382 +001.9768 -107.9789 +001.0448 -010.7814 0
L1 06    374 +015.0383 +000.9291 -004.1743 +179.6962 +042.0625 +001.4287 0
L1 07    374 +014.3305 +001.0248 -004.9905 -088.5666 +005.8106 +038.6786 0
L1 08    374 +013.6688 +000.9270 -005.3174 -013.6787 -035.1588 +007.3553 0
L1 01    378 +015.9089 +000.1231 +001.3466 -086.8092 -001.0853 +001.7243 0
L1 02    378 +004.5081 +007.3621 +001.6853 -175.5927 +001.5097 -130.3511 0
L1 03    378 +015.9830 -000.6152 -000.8456 -092.3830 +003.6007 +092.2055 0
L1 04    378 +008.7542 +008.7682 +001.7895 -038.0283 +000.0711 +000.5315 0
L1 05    378 +014.3991 +010.0382 +001.9764 -107.9790 +001.0421 -010.7831 0
L1 06    378 +015.0382 +000.9290 -004.1745 +179.6965 +042.0610 +001.4302 0
L1 07    378 +014.3304 +001.0249 -004.9905 -088.5624 +005.8176 +038.6781 0
L1 08    378 +013.6687 +000.9270 -005.3174 -013.6785 -035.1584 +007.3542 0
L1 01    382 +015.9089 +000.1234 +001.3465 -086.8063 -001.0847 +001.7235 0
L1 02    382 +004.5081 +007.3622 +001.6853 -175.5925 +001.5099 -130.3527 0
L1 03    382 +015.9830 -000.6153 -000.8455 -092.3826 +003.6018 +092.2060 0
L1 04    382 +008.7542 +008.7683 +001.7894 -038.0275 +000.0708 +000.5312 0
L1 05    382 +014.3990 +010.0384 +001.9765 -107.9764 +001.0424 -010.7843 0
L1 06    382 +015.0382 +000.9289 -004.1742 +179.6941 +042.0624 +001.4284 0
L1 07    382 +014.3304 +001.0249 -004.9906 -088.5610 +005.8199 +038.6773 0
L1 08    382 +013.6687 +000.9270 -005.3173 -013.6787 -035.1587 +007.3555 0
L1 01    386 +015.9089 +000.1234 +001.3466 -086.8070 -001.0837 +001.7245 0
L1 02    386 +004.5081 +007.3622 +001.6853 -175.5927 +001.5095 -130.3504 0
L1 03    386 +015.9830 -000.6151 -000.8455 -092.3823 +003.6028 +092.2065 0
L1 04    386 +008.7542 +008.7683 +001.7894 -038.0277 +000.0703 +000.5309 0
L1 05    386 +014.3991 +010.0381 +001.9768 -107.9775 +001.0439 -010.7827 0
L1 06    386 +015.0383 +000.9291 -004.1744 +179.6907 +042.0617 +001.4260 0
L1 07    386 +014.3305 +001.0251 -004.9904 -088.5643 +005.8166 +038.6806 0
L1 08    386 +013.6688 +000.9271 -005.3173 -013.6807 -035.1585 +007.3569 0
L1 01    390 +015.9089 +000.1232 +001.3466 -086.8086 -001.0831 +001.7254 0
L1 02    390 +004.5082 +007.3621 +001.6853 -175.5929 +001.5092 -130.3491 0
L1 03    390 +015.9831 -000.6149 -000.8455 -092.3822 +003.6041 +092.2077 0
L1 04    390 +008.7543 +008.7682 +001.7894 -038.0282 +000.0704 +000.5309 0
L1 05    390 +014.3990 +010.0384 +001.9765 -107.9769 +001.0429 -010.7828 0
L1 06    390 +015.0384 +000.9290 -004.1745 +179.6830 +042.0603 +001.4205 0
L1 07    390 +014.3307 +001.0256 -004.9904 -088.5680 +005.8153 +038.6804 0
L1 08    390 +013.6690 +000.9276 -005.3173 -013.6849 -035.1586 +007.3616 0
L1 01    394 +015.9089 +000.1234 +001.3467 -086.8077 -001.0810 +001.7270 0
L1 02    394 +004.5082 +007.3621 +001.6853 -175.5932 +001.5093 -130.3503 0
L1 03    394 +015.9831 -000.6150 -000.8453 -092.3836 +003.6080 +092.2107 0
L1 04    394 +008.7543 +008.7682 +001.7894 -038.0285 +000.0708 +000.5312 0
L1 05    394 +014.3994 +010.0377 +001.9768 -107.9826 +001.0461 -010.7821 0
L1 06    394 +015.0386 +000.9292 -004.1743 +179.6801 +042.0624 +001.4179 0
L1 07    394 +014.3310 +001.0256 -004.9902 -088.5693 +005.8243 +038.6824 0
L1 08    394 +013.6692 +000.9279 -005.3171 -013.6902 -035.1586 +007.3667 0
L1 01    398 +015.9090 +000.1235 +001.3466 -086.8063 -001.0804 +001.7272 0
L1 02    398 +004.5081 +007.3622 +001.6853 -175.5925 +001.5100 -130.3520 0
L1 03    398 +015.9831 -000.6150 -000.8453 -092.3840 +003.6097 +092.2114 0
L1 04    398 +008.7543 +008.7682 +001.7894 -038.0283 +000.0710 +000.5312 0
L1 05    398 +014.3994 +010.0378 +001.9767 -107.9816 +001.0455 -010.7812 0
L1 06    398 +015.0386 +000.9296 -004.1742 +179.6816 +042.0627 +001.4165 0
L1 07    398 +014.3311 +001.0256 -004.9899 -088.5625 +005.8382 +038.6824 0
L1 08    398 +013.6693 +000.9279 -005.3170 -013.6921 -035.1576 +007.3682 0
