L1 01      3 +014.7920 +004.6689 +001.3688 -014.1407 -002.1519 +001.5694 0
L1 02      3 +004.5081 +007.3614 +001.6836 -175.5902 +001.4943 -130.2652 0
L1 03      3 +015.5548 +004.5039 -000.8074 -019.8287 +002.5207 +092.1710 0
L1 04      3 +008.7541 +008.7676 +001.7859 -038.0289 +000.0470 +000.4744 0
L1 05      3 +014.3981 +010.0372 +001.9721 -108.0790 +000.8865 -010.7917 0
L1 06      3 +013.8011 +003.9974 -004.1494 -112.4858 +038.3713 -001.0736 0
L1 07      3 +013.4608 +003.3188 -004.9173 -019.3491 +009.0959 +035.5131 0
L1 08      3 +013.3614 +002.6351 -005.1946 +057.2645 -031.4200 +007.1638 0
L1 01      7 +014.7921 +004.6688 +001.3687 -014.1422 -002.1496 +001.5689 0
L1 02      7 +004.5081 +007.3614 +001.6836 -175.5902 +001.4941 -130.2647 0
L1 03      7 +015.5547 +004.5040 -000.8076 -019.8279 +002.5236 +092.1704 0
L1 04      7 +008.7541 +008.7676 +001.7859 -038.0290 +000.0468 +000.4743 0
L1 05      7 +014.3982 +010.0369 +001.9723 -108.0808 +000.8890 -010.7927 0
L1 06      7 +013.8009 +003.9975 -004.1494 -112.4895 +038.3703 -001.0789 0
L1 07      7 +013.4607 +003.3189 -004.9171 -019.3462 +009.1075 +035.5133 0
L1 08      7 +013.3612 +002.6353 -005.1947 +057.2622 -031.4187 +007.1674 0
L1 01     11 +014.7921 +004.6687 +001.3688 -014.1437 -002.1491 +001.5706 0
L1 02     11 +004.5081 +007.3613 +001.6836 -175.5904 +001.4938 -130.2628 0
L1 03     11 +015.5548 +004.5037 -000.8077 -019.8320 +002.5267 +092.1707 0
L1 04     11 +008.7542 +008.7675 +001.7859 -038.0307 +000.0474 +000.4745 0
L1 05     11 +014.3984 +010.0367 +001.9721 -108.0838 +000.8883 -010.7939 0
L1 06     11 +013.8009 +003.9976 -004.1494 -112.4921 +038.3718 -001.0791 0
L1 07     11 +013.4607 +003.3186 -004.9171 -019.3499 +009.1088 +035.5147 0
L1 08     11 +013.3611 +002.6352 -005.1947 +057.2588 -031.4191 +007.1685 0
L1 01     15 +014.7921 +004.6687 +001.3690 -014.1431 -002.1493 +001.5742 0
L1 02     15 +004.5082 +007.3613 +001.6836 -175.5904 +001.4935 -130.2601 0
L1 03     15 +015.5548 +004.5028 -000.8072 -019.8392 +002.5234 +092.1746 0
L1 04     15 +008.7543 +008.7675 +001.7859 -038.0309 +000.0475 +000.4748 0
L1 05     15 +014.3985 +010.0367 +001.9720 -108.0848 +000.8882 -010.7943 0
L1 06     15 +013.8008 +003.9978 -004.1492 -112.4941 +038.3744 -001.0793 0
L1 07     15 +013.4607 +003.3188 -004.9168 -019.3524 +009.1034 +035.5170 0
L1 08     15 +013.3611 +002.6352 -005.1945 +057.2553 -031.4221 +007.1674 0
L1 01     19 +014.7921 +004.6688 +001.3689 -014.1438 -002.1479 +001.5716 0
L1 02     19 +004.5082 +007.3613 +001.6836 -175.5905 +001.4936 -130.2634 0
L1 03     19 +015.5547 +004.5040 -000.8077 -019.8314 +002.5282 +092.1736 0
L1 04     19 +008.7542 +008.7676 +001.7859 -038.0297 +000.0472 +000.4744 0
L1 05     19 +014.3977 +010.0375 +001.9725 -108.0790 +000.8892 -010.7902 0
L1 06     19 +013.8009 +003.9976 -004.1491 -112.4977 +038.3753 -001.0814 0
L1 07     19 +013.4603 +003.3192 -004.9175 -019.3530 +009.1092 +035.5163 0
L1 08     19 +013.3609 +002.6358 -005.1947 +057.2554 -031.4231 +007.1731 0
L1 01     23 +014.7920 +004.6688 +001.3688 -014.1436 -002.1470 +001.5716 0
L1 02     23 +004.5082 +007.3614 +001.6836 -175.5905 +001.4954 -130.2704 0
L1 03     23 +015.5547 +004.5039 -000.8075 -019.8312 +002.5268 +092.1738 0
L1 04     23 +008.7542 +008.7676 +001.7859 -038.0296 +000.0470 +000.4743 0
L1 05     23 +014.3977 +010.0374 +001.9725 -108.0791 +000.8902 -010.7918 0
L1 06     23 +013.8008 +003.9976 -004.1494 -112.4992 +038.3735 -001.0831 0
L1 07     23 +013.4604 +003.3193 -004.9175 -019.3517 +009.1113 +035.5173 0
L1 08     23 +013.3610 +002.6356 -005.1947 +057.2558 -031.4225 +007.1719 0
L1 01     27 +014.7920 +004.6689 +001.3688 -014.1426 -002.1472 +001.5706 0
L1 02     27 +004.5081 +007.3614 +001.6836 -175.5899 +001.4953 -130.2694 0
L1 03     27 +015.5547 +004.5041 -000.8076 -019.8292 +002.5264 +092.1724 0
L1 04     27 +008.7542 +008.7676 +001.7858 -038.0296 +000.0470 +000.4742 0
L1 05     27 +014.3980 +010.0371 +001.9724 -108.0797 +000.8893 -010.7925 0
L1 06     27 +013.8008 +003.9974 -004.1495 -112.4999 +038.3725 -001.0839 0
L1 07     27 +013.4604 +003.3193 -004.9175 -019.3481 +009.1170 +035.5162 0
L1 08     27 +013.3610 +002.6357 -005.1948 +057.2574 -031.4217 +007.1718 0
L1 01     31 +014.7920 +004.6689 +001.3689 -014.1424 -002.1476 +001.5710 0
L1 02     31 +004.5081 +007.3614 +001.6836 -175.5901 +001.4940 -130.2633 0
L1 03     31 +015.5546 +004.5043 -000.8075 -019.8285 +002.5264 +092.1725 0
L1 04     31 +008.7542 +008.7675 +001.7859 -038.0302 +000.0470 +000.4747 0
L1 05     31 +014.3981 +010.0369 +001.9727 -108.0816 +000.8903 -010.7912 0
L1 06     31 +013.8007 +003.9976 -004.1495 -112.5008 +038.3722 -001.0851 0
L1 07     31 +013.4604 +003.3193 -004.9171 -019.3464 +009.1179 +035.5177 0
L1 08     31 +013.3609 +002.6359 -005.1946 +057.2572 -031.4218 +007.1724 0
L1 01     35 +014.7920 +004.6688 +001.3688 -014.1425 -002.1468 +001.5712 0
L1 02     35 +004.5081 +007.3613 +001.6836 -175.5899 +001.4930 -130.2596 0
L1 03     35 +015.5545 +004.5042 -000.8075 -019.8303 +002.5288 +092.1731 0
L1 04     35 +008.7542 +008.7675 +001.7859 -038.0300 +000.0472 +000.4746 0
L1 05     35 +014.3982 +010.0368 +001.9725 -108.0808 +000.8891 -010.7929 0
L1 06     35 +013.8006 +003.9978 -004.1492 -112.5027 +038.3726 -001.0871 0
L1 07     35 +013.4602 +003.3193 -004.9171 -019.3497 +009.1202 +035.5180 0
L1 08     35 +013.3605 +002.6359 -005.1947 +057.2538 -031.4203 +007.1758 0
L1 01     39 +014.7920 +004.6689 +001.3689 -014.1430 -002.1468 +001.5715 0
L1 02     39 +004.5081 +007.3613 +001.6836 -175.5896 +001.4933 -130.2605 0
L1 03     39 +015.5545 +004.5044 -000.8073 -019.8295 +002.5278 +092.1734 0
L1 04     39 +008.7542 +008.7676 +001.7859 -038.0301 +000.0471 +000.4745 0
L1 05     39 +014.3981 +010.0369 +001.9729 -108.0806 +000.8912 -010.7896 0
L1 06     39 +013.8005 +003.9979 -004.1494 -112.5050 +038.3722 -001.0898 0
L1 07     39 +013.4601 +003.3194 -004.9173 -019.3498 +009.1258 +035.5175 0
L1 08     39 +013.3606 +002.6359 -005.1947 +057.2529 -031.4206 +007.1766 0
L1 01     43 +014.7921 +004.6688 +001.3688 -014.1437 -002.1464 +001.5712 0
L1 02     43 +004.5081 +007.3614 +001.6836 -175.5897 +001.4940 -130.2635 0
L1 03     43 +015.5546 +004.5041 -000.8075 -019.8307 +002.5279 +092.1726 0
L1 04     43 +008.7542 +008.7676 +001.7859 -038.0299 +000.0470 +000.4745 0
L1 05     43 +014.3980 +010.0372 +001.9722 -108.0799 +000.8880 -010.7921 0
L1 06     43 +013.8005 +003.9979 -004.1497 -112.5057 +038.3719 -001.0910 0
L1 07     43 +013.4603 +003.3192 -004.9173 -019.3521 +009.1216 +035.5177 0
L1 08     43 +013.3607 +002.6358 -005.1948 +057.2538 -031.4209 +007.1748 0
L1 01     47 +014.7920 +004.6689 +001.3689 -014.1427 -002.1476 +001.5716 0
L1 02     47 +004.5081 +007.3614 +001.6836 -175.5899 +001.4947 -130.2669 0
L1 03     47 +015.5546 +004.5041 -000.8074 -019.8299 +002.5266 +092.1730 0
L1 04     47 +008.7541 +008.7676 +001.7859 -038.0292 +000.0468 +000.4744 0
L1 05     47 +014.3977 +010.0377 +001.9720 -108.0767 +000.8870 -010.7926 0
L1 06     47 +013.8006 +003.9979 -004.1494 -112.5044 +038.3727 -001.0885 0
L1 07     47 +013.4603 +003.3192 -004.9173 -019.3499 +009.1238 +035.5177 0
L1 08     47 +013.3608 +002.6358 -005.1947 +057.2542 -031.4215 +007.1738 0
L1 01     51 +014.7921 +004.6688 +001.3685 -014.1437 -002.1439 +001.5700 0
L1 02     51 +004.5081 +007.3614 +001.6836 -175.5893 +001.4953 -130.2678 0
L1 03     51 +015.5547 +004.5043 -000.8077 -019.8279 +002.5286 +092.1726 0
L1 04     51 +008.7541 +008.7676 +001.7858 -038.0288 +000.0466 +000.4738 0
L1 05     51 +014.3979 +010.0375 +001.9719 -108.0762 +000.8861 -010.7930 0
L1 06     51 +013.8006 +003.9981 -004.1494 -112.5052 +038.3746 -001.0909 0
L1 07     51 +013.4603 +003.3194 -004.9174 -019.3481 +009.1250 +035.5196 0
L1 08     51 +013.3609 +002.6360 -005.1948 +057.2551 -031.4226 +007.1749 0
L1 01     55 +014.7921 +004.6688 +001.3688 -014.1438 -002.1450 +001.5721 0
L1 02     55 +004.5081 +007.3614 +001.6836 -175.5901 +001.4946 -130.2650 0
L1 03     55 +015.5547 +004.5041 -000.8074 -019.8300 +002.5275 +092.1747 0
L1 04     55 +008.7542 +008.7676 +001.7858 -038.0295 +000.0469 +000.4741 0
L1 05     55 +014.3983 +010.0369 +001.9725 -108.0809 +000.8894 -010.7917 0
L1 06     55 +013.8006 +003.9982 -004.1495 -112.5075 +038.3751 -001.0924 0
L1 07     55 +013.4604 +003.3195 -004.9171 -019.3498 +009.1243 +035.5217 0
L1 08     55 +013.3608 +002.6360 -005.1947 +057.2532 -031.4232 +007.1753 0
L1 01     59 +014.7921 +004.6689 +001.3689 -014.1434 -002.1448 +001.5728 0
L1 02     59 +004.5081 +007.3614 +001.6836 -175.5896 +001.4936 -130.2614 0
L1 03     59 +015.5547 +004.5040 -000.8074 -019.8317 +002.5300 +092.1756 0
L1 04     59 +008.7542 +008.7676 +001.7858 -038.0294 +000.0470 +000.4739 0
L1 05     59 +014.3982 +010.0371 +001.9724 -108.0802 +000.8889 -010.7921 0
L1 06     59 +013.8005 +003.9983 -004.1494 -112.5121 +038.3768 -001.0970 0
L1 07     59 +013.4601 +003.3197 -004.9173 -019.3506 +009.1329 +035.5233 0
L1 08     59 +013.3607 +002.6360 -005.1948 +057.2493 -031.4229 +007.1788 0
L1 01     63 +014.7921 +004.6689 +001.3689 -014.1440 -002.1451 +001.5735 0
L1 02     63 +004.5081 +007.3613 +001.6836 -175.5903 +001.4939 -130.2634 0
L1 03     63 +015.5547 +004.5037 -000.8075 -019.8349 +002.5305 +092.1758 0
L1 04     63 +008.7542 +008.7675 +001.7859 -038.0304 +000.0470 +000.4743 0
L1 05     63 +014.3978 +010.0374 +001.9726 -108.0779 +000.8903 -010.7920 0
L1 06     63 +013.8005 +003.9981 -004.1493 -112.5154 +038.3770 -001.0959 0
L1 07     63 +013.4600 +003.3194 -004.9174 -019.3525 +009.1364 +035.5203 0
L1 08     63 +013.3606 +002.6359 -005.1947 +057.2468 -031.4220 +007.1788 0
L1 01     67 +014.7921 +004.6690 +001.3689 -014.1432 -002.1457 +001.5729 0
L1 02     67 +004.5081 +007.3614 +001.6836 -175.5900 +001.4944 -130.2653 0
L1 03     67 +015.5547 +004.5038 -000.8075 -019.8333 +002.5297 +092.1757 0
L1 04     67 +008.7542 +008.7676 +001.7859 -038.0299 +000.0469 +000.4746 0
L1 05     67 +014.3980 +010.0372 +001.9724 -108.0794 +000.8888 -010.7920 0
L1 06     67 +013.8006 +003.9980 -004.1492 -112.5142 +038.3770 -001.0934 0
L1 07     67 +013.4601 +003.3196 -004.9172 -019.3503 +009.1336 +035.5230 0
L1 08     67 +013.3607 +002.6359 -005.1947 +057.2487 -031.4225 +007.1775 0
L1 01     71 +014.7920 +004.6690 +001.3690 -014.1426 -002.1475 +001.5729 0
L1 02     71 +004.5081 +007.3614 +001.6836 -175.5901 +001.4943 -130.2648 0
L1 03     71 +015.5546 +004.5038 -000.8075 -019.8331 +002.5288 +092.1749 0
L1 04     71 +008.7542 +008.7676 +001.7859 -038.0298 +000.0469 +000.4748 0
L1 05     71 +014.3979 +010.0373 +001.9724 -108.0781 +000.8890 -010.7920 0
L1 06     71 +013.8006 +003.9980 -004.1492 -112.5142 +038.3757 -001.0928 0
L1 07     71 +013.4601 +003.3195 -004.9171 -019.3514 +009.1302 +035.5212 0
L1 08     71 +013.3607 +002.6359 -005.1947 +057.2498 -031.4220 +007.1764 0
L1 01     75 +014.7920 +004.6691 +001.3690 -014.1418 -002.1477 +001.5733 0
L1 02     75 +004.5081 +007.3613 +001.6836 -175.5901 +001.4941 -130.2636 0
L1 03     75 +015.5546 +004.5037 -000.8073 -019.8335 +002.5279 +092.1753 0
L1 04     75 +008.7542 +008.7676 +001.7859 -038.0298 +000.0470 +000.4747 0
L1 05     75 +014.3977 +010.0375 +001.9723 -108.0766 +000.8895 -010.7926 0
L1 06     75 +013.8005 +003.9980 -004.1493 -112.5150 +038.3749 -001.0947 0
L1 07     75 +013.4602 +003.3192 -004.9171 -019.3533 +009.1337 +035.5212 0
L1 08     75 +013.3606 +002.6359 -005.1946 +057.2490 -031.4219 +007.1769 0
L1 01     79 +014.7920 +004.6689 +001.3690 -014.1431 -002.1462 +001.5726 0
L1 02     79 +004.5081 +007.3614 +001.6836 -175.5898 +001.4942 -130.2641 0
L1 03     79 +015.5546 +004.5040 -000.8073 -019.8324 +002.5292 +092.1753 0
L1 04     79 +008.7542 +008.7676 +001.7859 -038.0297 +000.0470 +000.4746 0
L1 05     79 +014.3981 +010.0369 +001.9724 -108.0811 +000.8891 -010.7911 0
L1 06     79 +013.8004 +003.9979 -004.1493 -112.5184 +038.3751 -001.0971 0
L1 07     79 +013.4601 +003.3193 -004.9171 -019.3524 +009.1433 +035.5222 0
L1 08     79 +013.3605 +002.6360 -005.1947 +057.2478 -031.4219 +007.1793 0
L1 01     83 +014.7920 +004.6690 +001.3691 -014.1422 -002.1464 +001.5735 0
L1 02     83 +004.5081 +007.3614 +001.6836 -175.5902 +001.4941 -130.2645 0
L1 03     83 +015.5545 +004.5040 -000.8073 -019.8335 +002.5301 +092.1760 0
L1 04     83 +008.7542 +008.7675 +001.7859 -038.0305 +000.0472 +000.4747 0
L1 05     83 +014.3982 +010.0369 +001.9722 -108.0805 +000.8894 -010.7922 0
L1 06     83 +013.8004 +003.9978 -004.1491 -112.5214 +038.3766 -001.0981 0
L1 07     83 +013.4599 +003.3194 -004.9170 -019.3507 +009.1476 +035.5229 0
L1 08     83 +013.3603 +002.6361 -005.1946 +057.2443 -031.4221 +007.1822 0
L1 01     87 +014.7920 +004.6689 +001.3691 -014.1437 -002.1458 +001.5736 0
L1 02     87 +004.5081 +007.3613 +001.6836 -175.5902 +001.4941 -130.2640 0
L1 03     87 +015.5545 +004.5040 -000.8074 -019.8342 +002.5311 +092.1754 0
L1 04     87 +008.7542 +008.7675 +001.7859 -038.0305 +000.0472 +000.4745 0
L1 05     87 +014.3984 +010.0366 +001.9719 -108.0832 +000.8882 -010.7930 0
L1 06     87 +013.8004 +003.9977 -004.1492 -112.5261 +038.3759 -001.1013 0
L1 07     87 +013.4597 +003.3196 -004.9170 -019.3482 +009.1520 +035.5226 0
L1 08     87 +013.3602 +002.6362 -005.1946 +057.2449 -031.4218 +007.1820 0
L1 01     91 +014.7920 +004.6690 +001.3690 -014.1425 -002.1457 +001.5733 0
L1 02     91 +004.5081 +007.3614 +001.6836 -175.5897 +001.4939 -130.2634 0
L1 03     91 +015.5544 +004.5042 -000.8074 -019.8326 +002.5314 +092.1747 0
L1 04     91 +008.7542 +008.7675 +001.7859 -038.0302 +000.0471 +000.4747 0
L1 05     91 +014.3983 +010.0367 +001.9725 -108.0814 +000.8907 -010.7912 0
L1 06     91 +013.8004 +003.9978 -004.1491 -112.5228 +038.3746 -001.0994 0
L1 07     91 +013.4596 +003.3198 -004.9171 -019.3489 +009.1503 +035.5234 0
L1 08     91 +013.3602 +002.6362 -005.1946 +057.2452 -031.4208 +007.1826 0
L1 01     95 +014.7920 +004.6691 +001.3690 -014.1416 -002.1459 +001.5715 0
L1 02     95 +004.5081 +007.3614 +001.6836 -175.5895 +001.4942 -130.2650 0
L1 03     95 +015.5545 +004.5043 -000.8078 -019.8312 +002.5333 +092.1724 0
L1 04     95 +008.7542 +008.7676 +001.7859 -038.0290 +000.0465 +000.4743 0
L1 05     95 +014.3982 +010.0369 +001.9724 -108.0801 +000.8899 -010.7926 0
L1 06     95 +013.8004 +003.9978 -004.1490 -112.5228 +038.3745 -001.1002 0
L1 07     95 +013.4597 +003.3197 -004.9171 -019.3491 +009.1501 +035.5207 0
L1 08     95 +013.3602 +002.6361 -005.1947 +057.2458 -031.4195 +007.1831 0
L1 01     99 +014.7920 +004.6691 +001.3689 -014.1415 -002.1457 +001.5713 0
L1 02     99 +004.5081 +007.3614 +001.6836 -175.5895 +001.4944 -130.2658 0
L1 03     99 +015.5545 +004.5042 -000.8077 -019.8312 +002.5321 +092.1727 0
L1 04     99 +008.7541 +008.7677 +001.7859 -038.0286 +000.0466 +000.4745 0
L1 05     99 +014.3977 +010.0378 +001.9720 -108.0761 +000.8885 -010.7928 0
L1 06     99 +013.8004 +003.9978 -004.1491 -112.5239 +038.3743 -001.1009 0
L1 07     99 +013.4598 +003.3195 -004.9170 -019.3493 +009.1511 +035.5219 0
L1 08     99 +013.3603 +002.6361 -005.1947 +057.2472 -031.4196 +007.1822 0
L1 01    103 +014.7920 +004.6690 +001.3689 -014.1426 -002.1443 +001.5719 0
L1 02    103 +004.5081 +007.3614 +001.6836 -175.5895 +001.4938 -130.2622 0
L1 03    103 +015.5545 +004.5044 -000.8077 -019.8307 +002.5338 +092.1735 0
L1 04    103 +008.7542 +008.7676 +001.7859 -038.0293 +000.0468 +000.4744 0
L1 05    103 +014.3980 +010.0374 +001.9726 -108.0776 +000.8905 -010.7909 0
L1 06    103 +013.8003 +003.9980 -004.1490 -112.5249 +038.3743 -001.1017 0
L1 07    103 +013.4597 +003.3195 -004.9171 -019.3501 +009.1551 +035.5226 0
L1 08    103 +013.3602 +002.6362 -005.1947 +057.2452 -031.4201 +007.1837 0
L1 01    107 +014.7920 +004.6690 +001.3690 -014.1420 -002.1442 +001.5737 0
L1 02    107 +004.5081 +007.3613 +001.6836 -175.5900 +001.4926 -130.2579 0
L1 03    107 +015.5544 +004.5042 -000.8075 -019.8339 +002.5343 +092.1757 0
L1 04    107 +008.7542 +008.7676 +001.7859 -038.0301 +000.0472 +000.4745 0
L1 05    107 +014.3985 +010.0366 +001.9718 -108.0828 +000.8873 -010.7931 0
L1 06    107 +013.8001 +003.9982 -004.1490 -112.5284 +038.3759 -001.1044 0
L1 07    107 +013.4594 +003.3197 -004.9172 -019.3496 +009.1674 +035.5224 0
L1 08    107 +013.3600 +002.6363 -005.1945 +057.2408 -031.4213 +007.1858 0
L1 01    111 +014.7920 +004.6691 +001.3690 -014.1421 -002.1423 +001.5742 0
L1 02    111 +004.5081 +007.3613 +001.6836 -175.5898 +001.4939 -130.2626 0
L1 03    111 +015.5544 +004.5042 -000.8076 -019.8346 +002.5366 +092.1770 0
L1 04    111 +008.7542 +008.7676 +001.7859 -038.0296 +000.0469 +000.4745 0
L1 05    111 +014.3982 +010.0368 +001.9721 -108.0815 +000.8886 -010.7942 0
L1 06    111 +013.8000 +003.9984 -004.1492 -112.5335 +038.3775 -001.1102 0
L1 07    111 +013.4591 +003.3203 -004.9174 -019.3472 +009.1702 +035.5265 0
L1 08    111 +013.3599 +002.6366 -005.1946 +057.2370 -031.4237 +007.1899 0
L1 01    115 +014.7921 +004.6690 +001.3688 -014.1457 -002.1393 +001.5734 0
L1 02    115 +004.5081 +007.3614 +001.6836 -175.5902 +001.4949 -130.2677 0
L1 03    115 +015.5544 +004.5043 -000.8076 -019.8349 +002.5376 +092.1776 0
L1 04    115 +008.7542 +008.7676 +001.7859 -038.0299 +000.0468 +000.4746 0
L1 05    115 +014.3978 +010.0374 +001.9720 -108.0776 +000.8874 -010.7943 0
L1 06    115 +013.7998 +003.9990 -004.1493 -112.5352 +038.3792 -001.1139 0
L1 07    115 +013.4592 +003.3203 -004.9173 -019.3519 +009.1674 +035.5284 0
L1 08    115 +013.3599 +002.6369 -005.1947 +057.2365 -031.4248 +007.1905 0
L1 01    119 +014.7921 +004.6689 +001.3688 -014.1476 -002.1394 +001.5753 0
L1 02    119 +004.5081 +007.3614 +001.6835 -175.5907 +001.4940 -130.2669 0
L1 03    119 +015.5544 +004.5042 -000.8077 -019.8355 +002.5382 +092.1780 0
L1 04    119 +008.7542 +008.7676 +001.7858 -038.0301 +000.0472 +000.4739 0
L1 05    119 +014.3980 +010.0371 +001.9722 -108.0780 +000.8869 -010.7941 0
L1 06    119 +013.8001 +003.9988 -004.1490 -112.5358 +038.3816 -001.1107 0
L1 07    119 +013.4594 +003.3203 -004.9171 -019.3554 +009.1641 +035.5295 0
L1 08    119 +013.3599 +002.6369 -005.1946 +057.2353 -031.4260 +007.1910 0
L1 01    123 +014.7922 +004.6689 +001.3688 -014.1455 -002.1409 +001.5732 0
L1 02    123 +004.5081 +007.3614 +001.6836 -175.5894 +001.4944 -130.2644 0
L1 03    123 +015.5544 +004.5043 -000.8078 -019.8346 +002.5372 +092.1765 0
L1 04    123 +008.7542 +008.7675 +001.7859 -038.0303 +000.0467 +000.4745 0
L1 05    123 +014.3978 +010.0375 +001.9724 -108.0768 +000.8885 -010.7933 0
L1 06    123 +013.8000 +003.9988 -004.1488 -112.5301 +038.3812 -001.1079 0
L1 07    123 +013.4593 +003.3203 -004.9174 -019.3535 +009.1678 +035.5276 0
L1 08    123 +013.3599 +002.6368 -005.1948 +057.2356 -031.4239 +007.1911 0
L1 01    127 +014.7920 +004.6691 +001.3690 -014.1410 -002.1430 +001.5740 0
L1 02    127 +004.5081 +007.3614 +001.6836 -175.5892 +001.4943 -130.2623 0
L1 03    127 +015.5544 +004.5042 -000.8076 -019.8352 +002.5355 +092.1761 0
L1 04    127 +008.7542 +008.7676 +001.7859 -038.0295 +000.0467 +000.4747 0
L1 05    127 +014.3980 +010.0371 +001.9721 -108.0794 +000.8881 -010.7930 0
L1 06    127 +013.8001 +003.9985 -004.1487 -112.5313 +038.3788 -001.1062 0
L1 07    127 +013.4592 +003.3201 -004.9172 -019.3490 +009.1766 +035.5257 0
L1 08    127 +013.3598 +002.6365 -005.1946 +057.2363 -031.4218 +007.1899 0
L1 01    131 +014.7919 +004.6693 +001.3690 -014.1388 -002.1427 +001.5724 0
L1 02    131 +004.5081 +007.3614 +001.6836 -175.5891 +001.4941 -130.2617 0
L1 03    131 +015.5543 +004.5045 -000.8074 -019.8328 +002.5355 +092.1750 0
L1 04    131 +008.7541 +008.7676 +001.7859 -038.0291 +000.0466 +000.4744 0
L1 05    131 +014.3980 +010.0372 +001.9724 -108.0777 +000.8893 -010.7910 0
L1 06    131 +013.7998 +003.9985 -004.1491 -112.5326 +038.3743 -001.1113 0
L1 07    131 +013.4590 +003.3203 -004.9172 -019.3416 +009.1852 +035.5252 0
L1 08    131 +013.3597 +002.6366 -005.1945 +057.2379 -031.4205 +007.1915 0
L1 01    135 +014.7921 +004.6689 +001.3689 -014.1428 -002.1397 +001.5736 0
L1 02    135 +004.5081 +007.3614 +001.6837 -175.5894 +001.4944 -130.2623 0
L1 03    135 +015.5542 +004.5043 -000.8076 -019.8336 +002.5387 +092.1744 0
L1 04    135 +008.7542 +008.7676 +001.7858 -038.0294 +000.0468 +000.4742 0
L1 05    135 +014.3978 +010.0374 +001.9722 -108.0771 +000.8880 -010.7921 0
L1 06    135 +013.7996 +003.9988 -004.1488 -112.5343 +038.3776 -001.1137 0
L1 07    135 +013.4588 +003.3199 -004.9172 -019.3449 +009.1938 +035.5241 0
L1 08    135 +013.3595 +002.6364 -005.1945 +057.2336 -031.4194 +007.1939 0
L1 01    139 +014.7920 +004.6690 +001.3691 -014.1422 -002.1418 +001.5742 0
L1 02    139 +004.5081 +007.3614 +001.6836 -175.5896 +001.4941 -130.2623 0
L1 03    139 +015.5541 +004.5046 -000.8075 -019.8338 +002.5386 +092.1763 0
L1 04    139 +008.7542 +008.7676 +001.7859 -038.0301 +000.0468 +000.4748 0
L1 05    139 +014.3980 +010.0372 +001.9726 -108.0789 +000.8901 -010.7918 0
L1 06    139 +013.7997 +003.9987 -004.1488 -112.5372 +038.3778 -001.1136 0
L1 07    139 +013.4587 +003.3206 -004.9171 -019.3434 +009.1921 +035.5285 0
L1 08    139 +013.3594 +002.6368 -005.1945 +057.2327 -031.4210 +007.1950 0
L1 01    143 +014.7920 +004.6690 +001.3691 -014.1434 -002.1414 +001.5756 0
L1 02    143 +004.5081 +007.3613 +001.6836 -175.5902 +001.4947 -130.2644 0
L1 03    143 +015.5543 +004.5040 -000.8072 -019.8381 +002.5374 +092.1783 0
L1 04    143 +008.7542 +008.7675 +001.7859 -038.0307 +000.0470 +000.4748 0
L1 05    143 +014.3983 +010.0366 +001.9725 -108.0839 +000.8909 -010.7919 0
L1 06    143 +013.7996 +003.9988 -004.1490 -112.5414 +038.3781 -001.1163 0
L1 07    143 +013.4588 +003.3204 -004.9169 -019.3484 +009.1880 +035.5295 0
L1 08    143 +013.3595 +002.6367 -005.1944 +057.2306 -031.4219 +007.1939 0
L1 01    147 +014.7920 +004.6690 +001.3690 -014.1433 -002.1408 +001.5747 0
L1 02    147 +004.5081 +007.3614 +001.6836 -175.5900 +001.4947 -130.2654 0
L1 03    147 +015.5543 +004.5042 -000.8074 -019.8359 +002.5377 +092.1778 0
L1 04    147 +008.7542 +008.7675 +001.7859 -038.0302 +000.0467 +000.4749 0
L1 05    147 +014.3980 +010.0370 +001.9723 -108.0810 +000.8890 -010.7920 0
L1 06    147 +013.7997 +003.9989 -004.1490 -112.5406 +038.3794 -001.1164 0
L1 07    147 +013.4589 +003.3205 -004.9169 -019.3485 +009.1852 +035.5298 0
L1 08    147 +013.3596 +002.6368 -005.1946 +057.2316 -031.4228 +007.1942 0
L1 01    151 +014.7920 +004.6690 +001.3691 -014.1419 -002.1420 +001.5757 0
L1 02    151 +004.5081 +007.3614 +001.6836 -175.5898 +001.4951 -130.2656 0
L1 03    151 +015.5544 +004.5038 -000.8069 -019.8387 +002.5336 +092.1794 0
L1 04    151 +008.7542 +008.7676 +001.7859 -038.0299 +000.0468 +000.4750 0
L1 05    151 +014.3983 +010.0369 +001.9718 -108.0826 +000.8869 -010.7943 0
L1 06    151 +013.7997 +003.9986 -004.1492 -112.5410 +038.3780 -001.1148 0
L1 07    151 +013.4591 +003.3201 -004.9169 -019.3535 +009.1815 +035.5286 0
L1 08    151 +013.3598 +002.6365 -005.1944 +057.2320 -031.4228 +007.1917 0
L1 01    155 +014.7920 +004.6690 +001.3690 -014.1421 -002.1416 +001.5746 0
L1 02    155 +004.5081 +007.3614 +001.6836 -175.5893 +001.4947 -130.2642 0
L1 03    155 +015.5543 +004.5041 -000.8074 -019.8363 +002.5359 +092.1768 0
L1 04    155 +008.7541 +008.7676 +001.7859 -038.0293 +000.0467 +000.4748 0
L1 05    155 +014.3981 +010.0369 +001.9721 -108.0819 +000.8884 -010.7940 0
L1 06    155 +013.7998 +003.9985 -004.1491 -112.5431 +038.3778 -001.1163 0
L1 07    155 +013.4590 +003.3202 -004.9172 -019.3499 +009.1863 +035.5270 0
L1 08    155 +013.3597 +002.6366 -005.1946 +057.2321 -031.4218 +007.1930 0
L1 01    159 +014.7920 +004.6691 +001.3690 -014.1413 -002.1412 +001.5743 0
L1 02    159 +004.5081 +007.3614 +001.6836 -175.5893 +001.4941 -130.2616 0
L1 03    159 +015.5543 +004.5041 -000.8075 -019.8368 +002.5376 +092.1771 0
L1 04    159 +008.7542 +008.7675 +001.7859 -038.0301 +000.0468 +000.4749 0
L1 05    159 +014.3981 +010.0369 +001.9722 -108.0822 +000.8891 -010.7933 0
L1 06    159 +013.7999 +003.9984 -004.1490 -112.5443 +038.3780 -001.1160 0
L1 07    159 +013.4589 +003.3202 -004.9173 -019.3494 +009.1902 +035.5273 0
L1 08    159 +013.3597 +002.6367 -005.1946 +057.2315 -031.4214 +007.1937 0
L1 01    163 +014.7920 +004.6690 +001.3690 -014.1417 -002.1413 +001.5748 0
L1 02    163 +004.5081 +007.3614 +001.6836 -175.5893 +001.4940 -130.2606 0
L1 03    163 +015.5542 +004.5043 -000.8075 -019.8361 +002.5379 +092.1773 0
L1 04    163 +008.7541 +008.7676 +001.7858 -038.0294 +000.0468 +000.4745 0
L1 05    163 +014.3979 +010.0372 +001.9733 -108.0794 +000.8936 -010.7887 0
L1 06    163 +013.7998 +003.9985 -004.1489 -112.5458 +038.3782 -001.1175 0
L1 07    163 +013.4588 +003.3203 -004.9171 -019.3459 +009.1975 +035.5273 0
L1 08    163 +013.3595 +002.6367 -005.1945 +057.2307 -031.4214 +007.1949 0
L1 01    167 +014.7920 +004.6690 +001.3690 -014.1415 -002.1405 +001.5745 0
L1 02    167 +004.5081 +007.3614 +001.6836 -175.5892 +001.4942 -130.2628 0
L1 03    167 +015.5542 +004.5044 -000.8074 -019.8351 +002.5377 +092.1768 0
L1 04    167 +008.7542 +008.7676 +001.7859 -038.0297 +000.0467 +000.4746 0
L1 05    167 +014.3980 +010.0371 +001.9732 -108.0794 +000.8927 -010.7885 0
L1 06    167 +013.7996 +003.9985 -004.1490 -112.5465 +038.3764 -001.1187 0
L1 07    167 +013.4588 +003.3203 -004.9170 -019.3427 +009.2028 +035.5281 0
L1 08    167 +013.3595 +002.6367 -005.1945 +057.2308 -031.4210 +007.1953 0
L1 01    171 +014.7920 +004.6691 +001.3689 -014.1408 -002.1405 +001.5744 0
L1 02    171 +004.5081 +007.3614 +001.6836 -175.5900 +001.4952 -130.2672 0
L1 03    171 +015.5542 +004.5043 -000.8075 -019.8352 +002.5376 +092.1762 0
L1 04    171 +008.7541 +008.7676 +001.7859 -038.0290 +000.0465 +000.4745 0
L1 05    171 +014.3979 +010.0374 +001.9721 -108.0783 +000.8888 -010.7928 0
L1 06    171 +013.7997 +003.9987 -004.1491 -112.5451 +038.3769 -001.1193 0
L1 07    171 +013.4588 +003.3204 -004.9172 -019.3446 +009.1977 +035.5271 0
L1 08    171 +013.3596 +002.6366 -005.1945 +057.2316 -031.4214 +007.1941 0
L1 01    175 +014.7920 +004.6691 +001.3688 -014.1417 -002.1406 +001.5731 0
L1 02    175 +004.5081 +007.3614 +001.6836 -175.5906 +001.4954 -130.2676 0
L1 03    175 +015.5543 +004.5043 -000.8077 -019.8348 +002.5377 +092.1758 0
L1 04    175 +008.7542 +008.7676 +001.7858 -038.0296 +000.0466 +000.4743 0
L1 05    175 +014.3978 +010.0376 +001.9718 -108.0773 +000.8876 -010.7931 0
L1 06    175 +013.7998 +003.9988 -004.1490 -112.5449 +038.3779 -001.1187 0
L1 07    175 +013.4589 +003.3205 -004.9173 -019.3474 +009.1917 +035.5288 0
L1 08    175 +013.3597 +002.6367 -005.1946 +057.2319 -031.4215 +007.1942 0
L1 01    179 +014.7921 +004.6689 +001.3688 -014.1431 -002.1403 +001.5740 0
L1 02    179 +004.5081 +007.3614 +001.6836 -175.5894 +001.4947 -130.2641 0
L1 03    179 +015.5544 +004.5042 -000.8075 -019.8360 +002.5370 +092.1775 0
L1 04    179 +008.7542 +008.7675 +001.7859 -038.0300 +000.0469 +000.4746 0
L1 05    179 +014.3980 +010.0373 +001.9725 -108.0788 +000.8903 -010.7923 0
L1 06    179 +013.7997 +003.9989 -004.1491 -112.5469 +038.3777 -001.1203 0
L1 07    179 +013.4590 +003.3204 -004.9173 -019.3515 +009.1916 +035.5292 0
L1 08    179 +013.3598 +002.6367 -005.1946 +057.2309 -031.4230 +007.1938 0
L1 01    183 +014.7919 +004.6692 +001.3694 -014.1416 -002.1448 +001.5762 0
L1 02    183 +004.5082 +007.3613 +001.6836 -175.5912 +001.4931 -130.2600 0
L1 03    183 +015.5543 +004.5040 -000.8073 -019.8397 +002.5342 +092.1792 0
L1 04    183 +008.7542 +008.7675 +001.7859 -038.0308 +000.0470 +000.4750 0
L1 05    183 +014.3984 +010.0366 +001.9725 -108.0828 +000.8898 -010.7923 0
L1 06    183 +013.8000 +003.9986 -004.1489 -112.5467 +038.3796 -001.1128 0
L1 07    183 +013.4591 +003.3202 -004.9172 -019.3561 +009.1898 +035.5301 0
L1 08    183 +013.3599 +002.6366 -005.1945 +057.2286 -031.4233 +007.1920 0
L1 01    187 +014.7920 +004.6691 +001.3690 -014.1418 -002.1420 +001.5749 0
L1 02    187 +004.5082 +007.3613 +001.6836 -175.5902 +001.4938 -130.2614 0
L1 03    187 +015.5544 +004.5042 -000.8075 -019.8375 +002.5361 +092.1783 0
L1 04    187 +008.7542 +008.7675 +001.7859 -038.0304 +000.0470 +000.4748 0
L1 05    187 +014.3981 +010.0369 +001.9727 -108.0810 +000.8898 -010.7907 0
L1 06    187 +013.7999 +003.9991 -004.1488 -112.5442 +038.3811 -001.1175 0
L1 07    187 +013.4590 +003.3206 -004.9171 -019.3485 +009.1974 +035.5311 0
L1 08    187 +013.3598 +002.6367 -005.1946 +057.2289 -031.4233 +007.1939 0
L1 01    191 +014.7920 +004.6689 +001.3689 -014.1429 -002.1410 +001.5729 0
L1 02    191 +004.5081 +007.3614 +001.6836 -175.5903 +001.4945 -130.2654 0
L1 03    191 +015.5543 +004.5045 -000.8077 -019.8346 +002.5383 +092.1766 0
L1 04    191 +008.7542 +008.7675 +001.7859 -038.0298 +000.0464 +000.4750 0
L1 05    191 +014.3980 +010.0370 +001.9727 -108.0801 +000.8909 -010.7915 0
L1 06    191 +013.7998 +003.9988 -004.1490 -112.5480 +038.3782 -001.1206 0
L1 07    191 +013.4588 +003.3207 -004.9173 -019.3453 +009.2045 +035.5295 0
L1 08    191 +013.3597 +002.6369 -005.1947 +057.2297 -031.4220 +007.1962 0
L1 01    195 +014.7920 +004.6690 +001.3688 -014.1425 -002.1401 +001.5735 0
L1 02    195 +004.5081 +007.3614 +001.6836 -175.5903 +001.4951 -130.2667 0
L1 03    195 +015.5543 +004.5044 -000.8078 -019.8342 +002.5391 +092.1763 0
L1 04    195 +008.7541 +008.7676 +001.7859 -038.0288 +000.0464 +000.4751 0
L1 05    195 +014.3978 +010.0375 +001.9726 -108.0748 +000.8897 -010.7920 0
L1 06    195 +013.7997 +003.9989 -004.1489 -112.5490 +038.3780 -001.1219 0
L1 07    195 +013.4588 +003.3204 -004.9172 -019.3480 +009.2041 +035.5288 0
L1 08    195 +013.3596 +002.6368 -005.1946 +057.2297 -031.4209 +007.1964 0
L1 01    199 +014.7921 +004.6689 +001.3689 -014.1435 -002.1408 +001.5740 0
L1 02    199 +004.5081 +007.3614 +001.6836 -175.5901 +001.4944 -130.2634 0
L1 03    199 +015.5543 +004.5043 -000.8076 -019.8353 +002.5376 +092.1768 0
L1 04    199 +008.7542 +008.7676 +001.7859 -038.0296 +000.0467 +000.4748 0
L1 05    199 +014.3978 +010.0374 +001.9724 -108.0775 +000.8886 -010.7924 0
L1 06    199 +013.7998 +003.9988 -004.1488 -112.5508 +038.3785 -001.1212 0
L1 07    199 +013.4589 +003.3205 -004.9172 -019.3467 +009.2026 +035.5289 0
L1 08    199 +013.3597 +002.6368 -005.1946 +057.2291 -031.4212 +007.1959 0
L1 01    203 +014.7921 +004.6689 +001.3691 -014.1435 -002.1435 +001.5748 0
L1 02    203 +004.5081 +007.3613 +001.6836 -175.5901 +001.4934 -130.2601 0
L1 03    203 +015.5544 +004.5041 -000.8075 -019.8381 +002.5351 +092.1780 0
L1 04    203 +008.7542 +008.7675 +001.7859 -038.0305 +000.0468 +000.4746 0
L1 05    203 +014.3980 +010.0372 +001.9721 -108.0797 +000.8876 -010.7934 0
L1 06    203 +013.8000 +003.9986 -004.1489 -112.5519 +038.3806 -001.1175 0
L1 07    203 +013.4590 +003.3207 -004.9172 -019.3474 +009.1973 +035.5310 0
L1 08    203 +013.3599 +002.6366 -005.1947 +057.2283 -031.4223 +007.1933 0
L1 01    207 +014.7921 +004.6690 +001.3688 -014.1434 -002.1413 +001.5734 0
L1 02    207 +004.5081 +007.3614 +001.6836 -175.5897 +001.4942 -130.2623 0
L1 03    207 +015.5544 +004.5044 -000.8075 -019.8346 +002.5357 +092.1778 0
L1 04    207 +008.7541 +008.7676 +001.7859 -038.0294 +000.0467 +000.4744 0
L1 05    207 +014.3981 +010.0372 +001.9720 -108.0797 +000.8875 -010.7928 0
L1 06    207 +013.8000 +003.9988 -004.1492 -112.5508 +038.3797 -001.1208 0
L1 07    207 +013.4592 +003.3206 -004.9173 -019.3503 +009.1964 +035.5326 0
L1 08    207 +013.3600 +002.6368 -005.1948 +057.2294 -031.4235 +007.1942 0
L1 01    211 +014.7921 +004.6690 +001.3689 -014.1435 -002.1414 +001.5735 0
L1 02    211 +004.5081 +007.3614 +001.6836 -175.5897 +001.4947 -130.2654 0
L1 03    211 +015.5544 +004.5045 -000.8079 -019.8337 +002.5372 +092.1774 0
L1 04    211 +008.7541 +008.7676 +001.7858 -038.0294 +000.0466 +000.4742 0
L1 05    211 +014.3980 +010.0374 +001.9720 -108.0784 +000.8875 -010.7928 0
L1 06    211 +013.8001 +003.9989 -004.1489 -112.5504 +038.3813 -001.1193 0
L1 07    211 +013.4592 +003.3206 -004.9173 -019.3513 +009.1975 +035.5331 0
L1 08    211 +013.3599 +002.6369 -005.1949 +057.2289 -031.4237 +007.1954 0
L1 01    215 +014.7920 +004.6690 +001.3691 -014.1423 -002.1422 +001.5757 0
L1 02    215 +004.5081 +007.3614 +001.6836 -175.5905 +001.4951 -130.2667 0
L1 03    215 +015.5544 +004.5040 -000.8074 -019.8368 +002.5358 +092.1791 0
L1 04    215 +008.7542 +008.7675 +001.7858 -038.0300 +000.0468 +000.4744 0
L1 05    215 +014.3981 +010.0372 +001.9719 -108.0802 +000.8874 -010.7931 0
L1 06    215 +013.7999 +003.9988 -004.1491 -112.5531 +038.3796 -001.1213 0
L1 07    215 +013.4592 +003.3203 -004.9170 -019.3524 +009.2014 +035.5326 0
L1 08    215 +013.3599 +002.6366 -005.1946 +057.2271 -031.4232 +007.1944 0
L1 01    219 +014.7920 +004.6690 +001.3692 -014.1423 -002.1429 +001.5753 0
L1 02    219 +004.5081 +007.3613 +001.6836 -175.5905 +001.4944 -130.2645 0
L1 03    219 +015.5543 +004.5041 -000.8075 -019.8385 +002.5369 +092.1781 0
L1 04    219 +008.7542 +008.7675 +001.7859 -038.0310 +000.0468 +000.4748 0
L1 05    219 +014.3983 +010.0366 +001.9726 -108.0839 +000.8901 -010.7922 0
L1 06    219 +013.7999 +003.9985 -004.1490 -112.5576 +038.3782 -001.1221 0
L1 07    219 +013.4588 +003.3203 -004.9172 -019.3477 +009.2141 +035.5300 0
L1 08    219 +013.3597 +002.6366 -005.1946 +057.2251 -031.4213 +007.1966 0
L1 01    223 +014.7920 +004.6690 +001.3692 -014.1424 -002.1438 +001.5746 0
L1 02    223 +004.5081 +007.3614 +001.6836 -175.5896 +001.4941 -130.2619 0
L1 03    223 +015.5543 +004.5042 -000.8074 -019.8377 +002.5367 +092.1771 0
L1 04    223 +008.7542 +008.7675 +001.7859 -038.0304 +000.0469 +000.4745 0
L1 05    223 +014.3984 +010.0364 +001.9725 -108.0848 +000.8910 -010.7915 0
L1 06    223 +013.7999 +003.9983 -004.1488 -112.5581 +038.3768 -001.1221 0
L1 07    223 +013.4588 +003.3204 -004.9172 -019.3452 +009.2139 +035.5292 0
L1 08    223 +013.3596 +002.6365 -005.1945 +057.2261 -031.4196 +007.1960 0
L1 01    227 +014.7920 +004.6691 +001.3690 -014.1418 -002.1431 +001.5737 0
L1 02    227 +004.5081 +007.3614 +001.6836 -175.5893 +001.4938 -130.2613 0
L1 03    227 +015.5543 +004.5042 -000.8074 -019.8359 +002.5356 +092.1761 0
L1 04    227 +008.7541 +008.7676 +001.7859 -038.0296 +000.0467 +000.4747 0
L1 05    227 +014.3981 +010.0367 +001.9723 -108.0813 +000.8901 -010.7943 0
L1 06    227 +013.8000 +003.9982 -004.1490 -112.5585 +038.3756 -001.1231 0
L1 07    227 +013.4589 +003.3203 -004.9172 -019.3479 +009.2080 +035.5286 0
L1 08    227 +013.3598 +002.6364 -005.1945 +057.2282 -031.4197 +007.1939 0
L1 01    231 +014.7920 +004.6691 +001.3689 -014.1415 -002.1428 +001.5729 0
L1 02    231 +004.5081 +007.3614 +001.6836 -175.5888 +001.4943 -130.2628 0
L1 03    231 +015.5544 +004.5043 -000.8075 -019.8337 +002.5347 +092.1755 0
L1 04    231 +008.7540 +008.7677 +001.7859 -038.0280 +000.0466 +000.4749 0
L1 05    231 +014.3979 +010.0373 +001.9722 -108.0776 +000.8891 -010.7947 0
L1 06    231 +013.8000 +003.9984 -004.1491 -112.5570 +038.3756 -001.1234 0
L1 07    231 +013.4591 +003.3204 -004.9172 -019.3482 +009.2020 +035.5302 0
L1 08    231 +013.3600 +002.6364 -005.1946 +057.2307 -031.4197 +007.1923 0
L1 01    235 +014.7920 +004.6691 +001.3690 -014.1426 -002.1436 +001.5737 0
L1 02    235 +004.5081 +007.3614 +001.6836 -175.5903 +001.4953 -130.2666 0
L1 03    235 +015.5544 +004.5040 -000.8074 -019.8361 +002.5343 +092.1767 0
L1 04    235 +008.7542 +008.7675 +001.7859 -038.0296 +000.0469 +000.4747 0
L1 05    235 +014.3980 +010.0371 +001.9725 -108.0798 +000.8898 -010.7925 0
L1 06    235 +013.8002 +003.9981 -004.1491 -112.5599 +038.3765 -001.1220 0
L1 07    235 +013.4593 +003.3201 -004.9172 -019.3526 +009.2020 +035.5302 0
L1 08    235 +013.3601 +002.6363 -005.1946 +057.2294 -031.4208 +007.1917 0
L1 01    239 +014.7920 +004.6692 +001.3693 -014.1416 -002.1444 +001.5757 0
L1 02    239 +004.5081 +007.3614 +001.6836 -175.5901 +001.4950 -130.2657 0
L1 03    239 +015.5543 +004.5041 -000.8073 -019.8371 +002.5349 +092.1797 0
L1 04    239 +008.7541 +008.7676 +001.7859 -038.0296 +000.0469 +000.4750 0
L1 05    239 +014.3981 +010.0369 +001.9728 -108.0810 +000.8921 -010.7919 0
L1 06    239 +013.8001 +003.9986 -004.1488 -112.5606 +038.3800 -001.1231 0
L1 07    239 +013.4591 +003.3205 -004.9170 -019.3518 +009.2048 +035.5332 0
L1 08    239 +013.3599 +002.6366 -005.1946 +057.2255 -031.4223 +007.1951 0
L1 01    243 +014.7920 +004.6691 +001.3692 -014.1431 -002.1424 +001.5760 0
L1 02    243 +004.5081 +007.3614 +001.6836 -175.5900 +001.4944 -130.2630 0
L1 03    243 +015.5543 +004.5044 -000.8072 -019.8361 +002.5368 +092.1797 0
L1 04    243 +008.7542 +008.7675 +001.7859 -038.0300 +000.0470 +000.4745 0
L1 05    243 +014.3982 +010.0368 +001.9725 -108.0819 +000.8896 -010.7914 0
L1 06    243 +013.7999 +003.9986 -004.1491 -112.5661 +038.3778 -001.1289 0
L1 07    243 +013.4589 +003.3207 -004.9171 -019.3527 +009.2120 +035.5335 0
L1 08    243 +013.3597 +002.6370 -005.1944 +057.2237 -031.4229 +007.1981 0
L1 01    247 +014.7920 +004.6691 +001.3691 -014.1435 -002.1417 +001.5754 0
L1 02    247 +004.5081 +007.3614 +001.6836 -175.5891 +001.4944 -130.2619 0
L1 03    247 +015.5543 +004.5041 -000.8074 -019.8366 +002.5378 +092.1780 0
L1 04    247 +008.7541 +008.7676 +001.7859 -038.0295 +000.0466 +000.4746 0
L1 05    247 +014.3981 +010.0369 +001.9728 -108.0809 +000.8910 -010.7896 0
L1 06    247 +013.7997 +003.9989 -004.1490 -112.5640 +038.3774 -001.1298 0
L1 07    247 +013.4589 +003.3204 -004.9172 -019.3532 +009.2128 +035.5303 0
L1 08    247 +013.3597 +002.6367 -005.1946 +057.2237 -031.4203 +007.1983 0
L1 01    251 +014.7921 +004.6689 +001.3688 -014.1450 -002.1423 +001.5723 0
L1 02    251 +004.5081 +007.3614 +001.6836 -175.5894 +001.4948 -130.2647 0
L1 03    251 +015.5543 +004.5046 -000.8075 -019.8310 +002.5346 +092.1748 0
L1 04    251 +008.7542 +008.7676 +001.7859 -038.0299 +000.0465 +000.4748 0
L1 05    251 +014.3983 +010.0367 +001.9726 -108.0819 +000.8908 -010.7915 0
L1 06    251 +013.7999 +003.9982 -004.1494 -112.5654 +038.3719 -001.1288 0
L1 07    251 +013.4591 +003.3202 -004.9174 -019.3513 +009.2098 +035.5285 0
L1 08    251 +013.3600 +002.6365 -005.1946 +057.2270 -031.4199 +007.1952 0
L1 01    255 +014.7920 +004.6689 +001.3691 -014.1454 -002.1463 +001.5739 0
L1 02    255 +004.5082 +007.3614 +001.6836 -175.5909 +001.4947 -130.2654 0
L1 03    255 +015.5545 +004.5041 -000.8072 -019.8379 +002.5287 +092.1766 0
L1 04    255 +008.7543 +008.7674 +001.7859 -038.0314 +000.0473 +000.4745 0
L1 05    255 +014.3986 +010.0361 +001.9727 -108.0868 +000.8919 -010.7918 0
L1 06    255 +013.8005 +003.9978 -004.1492 -112.5646 +038.3741 -001.1216 0
L1 07    255 +013.4595 +003.3200 -004.9171 -019.3549 +009.1996 +035.5294 0
L1 08    255 +013.3605 +002.6360 -005.1945 +057.2280 -031.4203 +007.1876 0
L1 01    259 +014.7921 +004.6688 +001.3691 -014.1461 -002.1467 +001.5739 0
L1 02    259 +004.5082 +007.3613 +001.6836 -175.5902 +001.4936 -130.2619 0
L1 03    259 +015.5546 +004.5040 -000.8073 -019.8383 +002.5300 +092.1769 0
L1 04    259 +008.7543 +008.7674 +001.7859 -038.0314 +000.0471 +000.4746 0
L1 05    259 +014.3985 +010.0364 +001.9721 -108.0853 +000.8893 -010.7947 0
L1 06    259 +013.8005 +003.9980 -004.1492 -112.5642 +038.3761 -001.1215 0
L1 07    259 +013.4596 +003.3198 -004.9174 -019.3586 +009.1993 +035.5298 0
L1 08    259 +013.3605 +002.6362 -005.1947 +057.2284 -031.4216 +007.1886 0
L1 01    263 +014.7921 +004.6688 +001.3690 -014.1458 -002.1453 +001.5736 0
L1 02    263 +004.5081 +007.3613 +001.6836 -175.5898 +001.4939 -130.2621 0
L1 03    263 +015.5546 +004.5040 -000.8074 -019.8374 +002.5309 +092.1767 0
L1 04    263 +008.7543 +008.7674 +001.7859 -038.0310 +000.0468 +000.4745 0
L1 05    263 +014.3982 +010.0369 +001.9721 -108.0822 +000.8898 -010.7941 0
L1 06    263 +013.8003 +003.9983 -004.1493 -112.5640 +038.3757 -001.1247 0
L1 07    263 +013.4596 +003.3202 -004.9171 -019.3575 +009.2001 +035.5333 0
L1 08    263 +013.3604 +002.6363 -005.1947 +057.2275 -031.4206 +007.1906 0
L1 01    267 +014.7920 +004.6690 +001.3690 -014.1435 -002.1449 +001.5731 0
L1 02    267 +004.5081 +007.3614 +001.6836 -175.5897 +001.4953 -130.2677 0
L1 03    267 +015.5545 +004.5042 -000.8073 -019.8358 +002.5312 +092.1775 0
L1 04    267 +008.7541 +008.7676 +001.7858 -038.0290 +000.0466 +000.4741 0
L1 05    267 +014.3978 +010.0373 +001.9724 -108.0760 +000.8919 -010.7911 0
L1 06    267 +013.8003 +003.9981 -004.1491 -112.5653 +038.3749 -001.1255 0
L1 07    267 +013.4595 +003.3200 -004.9171 -019.3544 +009.2114 +035.5313 0
L1 08    267 +013.3603 +002.6363 -005.1946 +057.2259 -031.4197 +007.1931 0
L1 01    271 +014.7920 +004.6690 +001.3690 -014.1439 -002.1450 +001.5737 0
L1 02    271 +004.5081 +007.3614 +001.6836 -175.5897 +001.4955 -130.2688 0
L1 03    271 +015.5545 +004.5041 -000.8073 -019.8362 +002.5302 +092.1781 0
L1 04    271 +008.7541 +008.7676 +001.7859 -038.0290 +000.0468 +000.4744 0
L1 05    271 +014.3981 +010.0372 +001.9718 -108.0782 +000.8877 -010.7946 0
L1 06    271 +013.8003 +003.9983 -004.1491 -112.5648 +038.3766 -001.1246 0
L1 07    271 +013.4595 +003.3203 -004.9170 -019.3471 +009.2144 +035.5330 0
L1 08    271 +013.3604 +002.6364 -005.1946 +057.2266 -031.4212 +007.1919 0
L1 01    275 +014.7920 +004.6691 +001.3691 -014.1437 -002.1463 +001.5742 0
L1 02    275 +004.5081 +007.3614 +001.6836 -175.5896 +001.4942 -130.2629 0
L1 03    275 +015.5546 +004.5041 -000.8072 -019.8361 +002.5286 +092.1787 0
L1 04    275 +008.7541 +008.7676 +001.7859 -038.0289 +000.0466 +000.4746 0
L1 05    275 +014.3982 +010.0369 +001.9725 -108.0816 +000.8916 -010.7923 0
L1 06    275 +013.8004 +003.9984 -004.1492 -112.5646 +038.3778 -001.1238 0
L1 07    275 +013.4597 +003.3203 -004.9171 -019.3519 +009.2067 +035.5340 0
L1 08    275 +013.3606 +002.6363 -005.1947 +057.2267 -031.4221 +007.1900 0
L1 01    279 +014.7921 +004.6691 +001.3688 -014.1451 -002.1450 +001.5728 0
L1 02    279 +004.5081 +007.3614 +001.6836 -175.5889 +001.4938 -130.2607 0
L1 03    279 +015.5547 +004.5041 -000.8075 -019.8354 +002.5297 +092.1776 0
L1 04    279 +008.7541 +008.7676 +001.7858 -038.0292 +000.0466 +000.4739 0
L1 05    279 +014.3980 +010.0371 +001.9728 -108.0804 +000.8914 -010.7911 0
L1 06    279 +013.8005 +003.9984 -004.1494 -112.5654 +038.3765 -001.1252 0
L1 07    279 +013.4598 +003.3203 -004.9174 -019.3584 +009.2000 +035.5326 0
L1 08    279 +013.3607 +002.6362 -005.1949 +057.2267 -031.4213 +007.1902 0
L1 01    283 +014.7921 +004.6692 +001.3690 -014.1444 -002.1470 +001.5735 0
L1 02    283 +004.5081 +007.3614 +001.6836 -175.5897 +001.4944 -130.2650 0
L1 03    283 +015.5546 +004.5041 -000.8073 -019.8357 +002.5278 +092.1777 0
L1 04    283 +008.7541 +008.7676 +001.7859 -038.0294 +000.0468 +000.4743 0
L1 05    283 +014.3980 +010.0371 +001.9728 -108.0818 +000.8921 -010.7902 0
L1 06    283 +013.8005 +003.9983 -004.1493 -112.5663 +038.3755 -001.1237 0
L1 07    283 +013.4597 +003.3202 -004.9173 -019.3595 +009.2007 +035.5338 0
L1 08    283 +013.3607 +002.6361 -005.1948 +057.2264 -031.4211 +007.1892 0
L1 01    287 +014.7920 +004.6693 +001.3692 -014.1433 -002.1478 +001.5747 0
L1 02    287 +004.5081 +007.3614 +001.6836 -175.5903 +001.4950 -130.2669 0
L1 03    287 +015.5546 +004.5041 -000.8072 -019.8369 +002.5287 +092.1785 0
L1 04    287 +008.7542 +008.7676 +001.7859 -038.0302 +000.0471 +000.4743 0
L1 05    287 +014.3979 +010.0372 +001.9726 -108.0797 +000.8918 -010.7920 0
L1 06    287 +013.8004 +003.9984 -004.1493 -112.5696 +038.3762 -001.1266 0
L1 07    287 +013.4596 +003.3203 -004.9172 -019.3556 +009.2090 +035.5332 0
L1 08    287 +013.3606 +002.6362 -005.1946 +057.2248 -031.4211 +007.1907 0
L1 01    291 +014.7921 +004.6692 +001.3690 -014.1441 -002.1453 +001.5736 0
L1 02    291 +004.5081 +007.3614 +001.6836 -175.5891 +001.4944 -130.2628 0
L1 03    291 +015.5545 +004.5042 -000.8077 -019.8351 +002.5334 +092.1777 0
L1 04    291 +008.7542 +008.7676 +001.7859 -038.0295 +000.0467 +000.4743 0
L1 05    291 +014.3979 +010.0371 +001.9729 -108.0790 +000.8929 -010.7916 0
L1 06    291 +013.8003 +003.9984 -004.1494 -112.5742 +038.3771 -001.1319 0
L1 07    291 +013.4595 +003.3204 -004.9172 -019.3471 +009.2223 +035.5356 0
L1 08    291 +013.3604 +002.6364 -005.1949 +057.2221 -031.4212 +007.1955 0
L1 01    295 +014.7921 +004.6692 +001.3690 -014.1435 -002.1454 +001.5739 0
L1 02    295 +004.5081 +007.3614 +001.6836 -175.5889 +001.4936 -130.2607 0
L1 03    295 +015.5546 +004.5041 -000.8075 -019.8366 +002.5323 +092.1785 0
L1 04    295 +008.7541 +008.7676 +001.7859 -038.0292 +000.0465 +000.4745 0
L1 05    295 +014.3977 +010.0375 +001.9729 -108.0766 +000.8924 -010.7910 0
L1 06    295 +013.8004 +003.9987 -004.1491 -112.5715 +038.3791 -001.1294 0
L1 07    295 +013.4595 +003.3205 -004.9174 -019.3543 +009.2171 +035.5343 0
L1 08    295 +013.3604 +002.6364 -005.1948 +057.2223 -031.4217 +007.1940 0
L1 01    299 +014.7921 +004.6690 +001.3688 -014.1453 -002.1447 +001.5730 0
L1 02    299 +004.5081 +007.3614 +001.6836 -175.5898 +001.4947 -130.2667 0
L1 03    299 +015.5546 +004.5040 -000.8075 -019.8362 +002.5307 +092.1766 0
L1 04    299 +008.7542 +008.7676 +001.7858 -038.0297 +000.0466 +000.4743 0
L1 05    299 +014.3979 +010.0373 +001.9727 -108.0777 +000.8918 -010.7923 0
L1 06    299 +013.8004 +003.9985 -004.1493 -112.5693 +038.3770 -001.1278 0
L1 07    299 +013.4599 +003.3199 -004.9172 -019.3635 +009.2050 +035.5336 0
L1 08    299 +013.3606 +002.6361 -005.1948 +057.2239 -031.4204 +007.1913 0
L1 01    303 +014.7921 +004.6691 +001.3689 -014.1452 -002.1477 +001.5722 0
L1 02    303 +004.5081 +007.3614 +001.6836 -175.5907 +001.4958 -130.2727 0
L1 03    303 +015.5547 +004.5039 -000.8075 -019.8382 +002.5278 +092.1755 0
L1 04    303 +008.7542 +008.7676 +001.7859 -038.0299 +000.0466 +000.4746 0
L1 05    303 +014.3979 +010.0372 +001.9726 -108.0787 +000.8924 -010.7917 0
L1 06    303 +013.8007 +003.9979 -004.1492 -112.5697 +038.3731 -001.1214 0
L1 07    303 +013.4601 +003.3193 -004.9174 -019.3628 +009.2052 +035.5301 0
L1 08    303 +013.3609 +002.6358 -005.1947 +057.2264 -031.4191 +007.1864 0
L1 01    307 +014.7921 +004.6690 +001.3688 -014.1460 -002.1468 +001.5715 0
L1 02    307 +004.5081 +007.3614 +001.6836 -175.5898 +001.4949 -130.2667 0
L1 03    307 +015.5547 +004.5040 -000.8075 -019.8370 +002.5278 +092.1752 0
L1 04    307 +008.7542 +008.7675 +001.7859 -038.0308 +000.0467 +000.4746 0
L1 05    307 +014.3979 +010.0372 +001.9725 -108.0794 +000.8916 -010.7915 0
L1 06    307 +013.8005 +003.9980 -004.1496 -112.5731 +038.3720 -001.1283 0
L1 07    307 +013.4599 +003.3197 -004.9172 -019.3585 +009.2093 +035.5307 0
L1 08    307 +013.3607 +002.6361 -005.1948 +057.2261 -031.4192 +007.1888 0
L1 01    311 +014.7921 +004.6690 +001.3689 -014.1462 -002.1460 +001.5722 0
L1 02    311 +004.5081 +007.3613 +001.6836 -175.5893 +001.4925 -130.2549 0
L1 03    311 +015.5546 +004.5042 -000.8076 -019.8358 +002.5309 +092.1769 0
L1 04    311 +008.7542 +008.7675 +001.7859 -038.0301 +000.0467 +000.4744 0
L1 05    311 +014.3980 +010.0371 +001.9727 -108.0802 +000.8921 -010.7916 0
L1 06    311 +013.8004 +003.9986 -004.1492 -112.5736 +038.3767 -001.1309 0
L1 07    311 +013.4595 +003.3203 -004.9174 -019.3570 +009.2208 +035.5323 0
L1 08    311 +013.3605 +002.6363 -005.1947 +057.2225 -031.4203 +007.1925 0
L1 01    315 +014.7921 +004.6691 +001.3689 -014.1458 -002.1451 +001.5723 0
L1 02    315 +004.5080 +007.3614 +001.6836 -175.5875 +001.4930 -130.2557 0
L1 03    315 +015.5544 +004.5051 -000.8075 -019.8304 +002.5314 +092.1782 0
L1 04    315 +008.7542 +008.7676 +001.7859 -038.0296 +000.0468 +000.4745 0
L1 05    315 +014.3977 +010.0375 +001.9728 -108.0770 +000.8916 -010.7902 0
L1 06    315 +013.8004 +003.9988 -004.1493 -112.5749 +038.3780 -001.1331 0
L1 07    315 +013.4595 +003.3206 -004.9178 -019.3578 +009.2197 +035.5350 0
L1 08    315 +013.3605 +002.6370 -005.1949 +057.2228 -031.4230 +007.1954 0
L1 01    319 +014.7921 +004.6691 +001.3689 -014.1471 -002.1453 +001.5729 0
L1 02    319 +004.5081 +007.3614 +001.6836 -175.5898 +001.4948 -130.2666 0
L1 03    319 +015.5546 +004.5046 -000.8074 -019.8341 +002.5298 +092.1796 0
L1 04    319 +008.7542 +008.7675 +001.7859 -038.0303 +000.0470 +000.4746 0
L1 05    319 +014.3978 +010.0374 +001.9723 -108.0780 +000.8901 -010.7933 0
L1 06    319 +013.8006 +003.9985 -004.1493 -112.5773 +038.3786 -001.1303 0
L1 07    319 +013.4597 +003.3207 -004.9174 -019.3631 +009.2095 +035.5379 0
L1 08    319 +013.3607 +002.6368 -005.1949 +057.2214 -031.4241 +007.1934 0
L1 01    323 +014.7921 +004.6690 +001.3688 -014.1481 -002.1442 +001.5733 0
L1 02    323 +004.5081 +007.3614 +001.6836 -175.5906 +001.4966 -130.2742 0
L1 03    323 +015.5545 +004.5048 -000.8074 -019.8331 +002.5306 +092.1800 0
L1 04    323 +008.7543 +008.7675 +001.7859 -038.0308 +000.0471 +000.4749 0
L1 05    323 +014.3979 +010.0372 +001.9725 -108.0785 +000.8906 -010.7927 0
L1 06    323 +013.8006 +003.9987 -004.1491 -112.5759 +038.3804 -001.1287 0
L1 07    323 +013.4597 +003.3210 -004.9176 -019.3631 +009.2101 +035.5402 0
L1 08    323 +013.3607 +002.6369 -005.1950 +057.2186 -031.4252 +007.1957 0
L1 01    327 +014.7921 +004.6690 +001.3690 -014.1484 -002.1443 +001.5743 0
L1 02    327 +004.5081 +007.3614 +001.6836 -175.5898 +001.4957 -130.2694 0
L1 03    327 +015.5546 +004.5046 -000.8074 -019.8342 +002.5312 +092.1806 0
L1 04    327 +008.7542 +008.7676 +001.7859 -038.0298 +000.0465 +000.4746 0
L1 05    327 +014.3978 +010.0372 +001.9726 -108.0771 +000.8911 -010.7920 0
L1 06    327 +013.8005 +003.9989 -004.1490 -112.5767 +038.3821 -001.1307 0
L1 07    327 +013.4597 +003.3210 -004.9174 -019.3643 +009.2102 +035.5407 0
L1 08    327 +013.3605 +002.6370 -005.1950 +057.2175 -031.4254 +007.1975 0
L1 01    331 +014.7921 +004.6692 +001.3691 -014.1461 -002.1457 +001.5754 0
L1 02    331 +004.5081 +007.3614 +001.6836 -175.5891 +001.4942 -130.2622 0
L1 03    331 +015.5546 +004.5041 -000.8073 -019.8365 +002.5304 +092.1807 0
L1 04    331 +008.7541 +008.7677 +001.7859 -038.0286 +000.0464 +000.4744 0
L1 05    331 +014.3980 +010.0372 +001.9721 -108.0784 +000.8899 -010.7945 0
L1 06    331 +013.8005 +003.9988 -004.1490 -112.5772 +038.3809 -001.1306 0
L1 07    331 +013.4597 +003.3206 -004.9173 -019.3652 +009.2137 +035.5387 0
L1 08    331 +013.3606 +002.6367 -005.1948 +057.2174 -031.4241 +007.1958 0
L1 01    335 +014.7921 +004.6692 +001.3690 -014.1457 -002.1466 +001.5741 0
L1 02    335 +004.5081 +007.3614 +001.6836 -175.5898 +001.4937 -130.2596 0
L1 03    335 +015.5547 +004.5039 -000.8072 -019.8380 +002.5277 +092.1786 0
L1 04    335 +008.7541 +008.7676 +001.7859 -038.0294 +000.0466 +000.4748 0
L1 05    335 +014.3983 +010.0367 +001.9725 -108.0838 +000.8918 -010.7935 0
L1 06    335 +013.8004 +003.9985 -004.1493 -112.5781 +038.3772 -001.1305 0
L1 07    335 +013.4598 +003.3200 -004.9171 -019.3620 +009.2183 +035.5357 0
L1 08    335 +013.3608 +002.6360 -005.1947 +057.2175 -031.4211 +007.1925 0
L1 01    339 +014.7921 +004.6691 +001.3690 -014.1463 -002.1475 +001.5727 0
L1 02    339 +004.5081 +007.3614 +001.6836 -175.5896 +001.4934 -130.2606 0
L1 03    339 +015.5548 +004.5036 -000.8074 -019.8399 +002.5268 +092.1771 0
L1 04    339 +008.7542 +008.7675 +001.7859 -038.0301 +000.0467 +000.4745 0
L1 05    339 +014.3983 +010.0365 +001.9731 -108.0840 +000.8932 -010.7903 0
L1 06    339 +013.8006 +003.9984 -004.1491 -112.5764 +038.3775 -001.1279 0
L1 07    339 +013.4599 +003.3197 -004.9173 -019.3602 +009.2216 +035.5347 0
L1 08    339 +013.3609 +002.6357 -005.1950 +057.2186 -031.4197 +007.1910 0
L1 01    343 +014.7921 +004.6690 +001.3690 -014.1465 -002.1484 +001.5730 0
L1 02    343 +004.5081 +007.3613 +001.6836 -175.5900 +001.4936 -130.2614 0
L1 03    343 +015.5547 +004.5040 -000.8073 -019.8379 +002.5260 +092.1774 0
L1 04    343 +008.7542 +008.7675 +001.7858 -038.0303 +000.0469 +000.4743 0
L1 05    343 +014.3981 +010.0370 +001.9724 -108.0804 +000.8902 -010.7926 0
L1 06    343 +013.8007 +003.9983 -004.1493 -112.5770 +038.3768 -001.1273 0
L1 07    343 +013.4600 +003.3200 -004.9173 -019.3594 +009.2212 +035.5353 0
L1 08    343 +013.3610 +002.6361 -005.1947 +057.2205 -031.4225 +007.1894 0
L1 01    347 +014.7921 +004.6691 +001.3689 -014.1457 -002.1472 +001.5726 0
L1 02    347 +004.5081 +007.3614 +001.6836 -175.5895 +001.4943 -130.2636 0
L1 03    347 +015.5547 +004.5043 -000.8074 -019.8345 +002.5269 +092.1781 0
L1 04    347 +008.7541 +008.7676 +001.7859 -038.0292 +000.0467 +000.4744 0
L1 05    347 +014.3978 +010.0374 +001.9722 -108.0766 +000.8892 -010.7932 0
L1 06    347 +013.8008 +003.9984 -004.1492 -112.5776 +038.3794 -001.1280 0
L1 07    347 +013.4601 +003.3201 -004.9174 -019.3642 +009.2168 +035.5386 0
L1 08    347 +013.3610 +002.6365 -005.1949 +057.2205 -031.4243 +007.1918 0
L1 01    351 +014.7921 +004.6691 +001.3689 -014.1465 -002.1463 +001.5735 0
L1 02    351 +004.5081 +007.3614 +001.6836 -175.5902 +001.4951 -130.2689 0
L1 03    351 +015.5547 +004.5044 -000.8073 -019.8344 +002.5273 +092.1797 0
L1 04    351 +008.7541 +008.7676 +001.7859 -038.0292 +000.0466 +000.4746 0
L1 05    351 +014.3981 +010.0371 +001.9727 -108.0794 +000.8921 -010.7915 0
L1 06    351 +013.8008 +003.9985 -004.1493 -112.5803 +038.3796 -001.1308 0
L1 07    351 +013.4599 +003.3207 -004.9175 -019.3624 +009.2193 +035.5404 0
L1 08    351 +013.3608 +002.6370 -005.1950 +057.2184 -031.4255 +007.1954 0
L1 01    355 +014.7920 +004.6692 +001.3690 -014.1466 -002.1471 +001.5742 0
L1 02    355 +004.5081 +007.3614 +001.6836 -175.5905 +001.4954 -130.2702 0
L1 03    355 +015.5547 +004.5044 -000.8071 -019.8354 +002.5261 +092.1810 0
L1 04    355 +008.7542 +008.7676 +001.7859 -038.0297 +000.0466 +000.4747 0
L1 05    355 +014.3983 +010.0367 +001.9725 -108.0821 +000.8911 -010.7934 0
L1 06    355 +013.8008 +003.9984 -004.1493 -112.5854 +038.3800 -001.1312 0
L1 07    355 +013.4598 +003.3209 -004.9175 -019.3631 +009.2205 +035.5408 0
L1 08    355 +013.3609 +002.6369 -005.1948 +057.2160 -031.4259 +007.1953 0
L1 01    359 +014.7922 +004.6690 +001.3689 -014.1485 -002.1470 +001.5742 0
L1 02    359 +004.5082 +007.3614 +001.6835 -175.5905 +001.4940 -130.2659 0
L1 03    359 +015.5548 +004.5041 -000.8071 -019.8368 +002.5247 +092.1813 0
L1 04    359 +008.7543 +008.7675 +001.7858 -038.0304 +000.0471 +000.4730 0
L1 05    359 +014.3986 +010.0363 +001.9720 -108.0866 +000.8871 -010.7956 0
L1 06    359 +013.8008 +003.9985 -004.1494 -112.5848 +038.3802 -001.1319 0
L1 07    359 +013.4602 +003.3208 -004.9172 -019.3636 +009.2145 +035.5429 0
L1 08    359 +013.3612 +002.6367 -005.1948 +057.2173 -031.4264 +007.1923 0
L1 01    363 +014.7922 +004.6686 +001.3685 -014.1508 -002.1463 +001.5725 0
L1 02    363 +004.5082 +007.3613 +001.6836 -175.5900 +001.4939 -130.2629 0
L1 03    363 +015.5549 +004.5039 -000.8073 -019.8379 +002.5245 +092.1796 0
L1 04    363 +008.7543 +008.7675 +001.7858 -038.0310 +000.0471 +000.4733 0
L1 05    363 +014.3982 +010.0368 +001.9724 -108.0800 +000.8893 -010.7903 0
L1 06    363 +013.8010 +003.9983 -004.1494 -112.5835 +038.3793 -001.1286 0
L1 07    363 +013.4604 +003.3204 -004.9174 -019.3689 +009.2085 +035.5391 0
L1 08    363 +013.3613 +002.6363 -005.1950 +057.2178 -031.4246 +007.1907 0
L1 01    367 +014.7922 +004.6687 +001.3686 -014.1506 -002.1469 +001.5718 0
L1 02    367 +004.5082 +007.3613 +001.6836 -175.5896 +001.4931 -130.2598 0
L1 03    367 +015.5550 +004.5039 -000.8075 -019.8366 +002.5243 +092.1779 0
L1 04    367 +008.7543 +008.7675 +001.7858 -038.0307 +000.0469 +000.4736 0
L1 05    367 +014.3978 +010.0373 +001.9722 -108.0768 +000.8874 -010.7916 0
L1 06    367 +013.8011 +003.9982 -004.1496 -112.5840 +038.3781 -001.1295 0
L1 07    367 +013.4604 +003.3205 -004.9175 -019.3678 +009.2089 +035.5404 0
L1 08    367 +013.3614 +002.6363 -005.1951 +057.2190 -031.4248 +007.1896 0
L1 01    371 +014.7923 +004.6686 +001.3687 -014.1513 -002.1476 +001.5722 0
L1 02    371 +004.5082 +007.3613 +001.6836 -175.5897 +001.4934 -130.2605 0
L1 03    371 +015.5550 +004.5039 -000.8073 -019.8367 +002.5238 +092.1793 0
L1 04    371 +008.7543 +008.7675 +001.7857 -038.0304 +000.0472 +000.4734 0
L1 05    371 +014.3982 +010.0370 +001.9723 -108.0805 +000.8891 -010.7916 0
L1 06    371 +013.8011 +003.9985 -004.1494 -112.5826 +038.3801 -001.1283 0
L1 07    371 +013.4605 +003.3202 -004.9176 -019.3684 +009.2122 +035.5403 0
L1 08    371 +013.3614 +002.6365 -005.1951 +057.2190 -031.4254 +007.1896 0
L1 01    375 +014.7923 +004.6686 +001.3689 -014.1519 -002.1484 +001.5736 0
L1 02    375 +004.5082 +007.3613 +001.6836 -175.5902 +001.4939 -130.2636 0
L1 03    375 +015.5551 +004.5032 -000.8074 -019.8440 +002.5246 +092.1805 0
L1 04    375 +008.7544 +008.7674 +001.7857 -038.0317 +000.0474 +000.4734 0
L1 05    375 +014.3985 +010.0364 +001.9724 -108.0852 +000.8905 -010.7935 0
L1 06    375 +013.8012 +003.9983 -004.1492 -112.5859 +038.3813 -001.1279 0
L1 07    375 +013.4603 +003.3203 -004.9175 -019.3679 +009.2199 +035.5416 0
L1 08    375 +013.3613 +002.6365 -005.1951 +057.2164 -031.4251 +007.1906 0
L1 01    379 +014.7922 +004.6688 +001.3689 -014.1508 -002.1486 +001.5741 0
L1 02    379 +004.5081 +007.3614 +001.6836 -175.5899 +001.4948 -130.2690 0
L1 03    379 +015.5549 +004.5039 -000.8075 -019.8382 +002.5259 +092.1805 0
L1 04    379 +008.7544 +008.7674 +001.7858 -038.0312 +000.0472 +000.4739 0
L1 05    379 +014.3984 +010.0368 +001.9723 -108.0835 +000.8904 -010.7925 0
L1 06    379 +013.8011 +003.9985 -004.1492 -112.5871 +038.3815 -001.1296 0
L1 07    379 +013.4603 +003.3206 -004.9176 -019.3658 +009.2200 +035.5426 0
L1 08    379 +013.3612 +002.6365 -005.1951 +057.2152 -031.4253 +007.1921 0
L1 01    383 +014.7923 +004.6686 +001.3688 -014.1523 -002.1472 +001.5735 0
L1 02    383 +004.5081 +007.3614 +001.6836 -175.5902 +001.4957 -130.2703 0
L1 03    383 +015.5550 +004.5038 -000.8076 -019.8379 +002.5266 +092.1794 0
L1 04    383 +008.7543 +008.7675 +001.7857 -038.0308 +000.0472 +000.4736 0
L1 05    383 +014.3982 +010.0370 +001.9723 -108.0805 +000.8907 -010.7924 0
L1 06    383 +013.8010 +003.9984 -004.1495 -112.5898 +038.3800 -001.1331 0
L1 07    383 +013.4603 +003.3203 -004.9177 -019.3715 +009.2175 +035.5409 0
L1 08    383 +013.3612 +002.6365 -005.1952 +057.2152 -031.4248 +007.1927 0
L1 01    387 +014.7922 +004.6689 +001.3688 -014.1498 -002.1487 +001.5726 0
L1 02    387 +004.5081 +007.3614 +001.6836 -175.5898 +001.4948 -130.2664 0
L1 03    387 +015.5550 +004.5039 -000.8075 -019.8364 +002.5240 +092.1791 0
L1 04    387 +008.7543 +008.7675 +001.7858 -038.0299 +000.0469 +000.4738 0
L1 05    387 +014.3977 +010.0377 +001.9720 -108.0740 +000.8879 -010.7910 0
L1 06    387 +013.8012 +003.9985 -004.1494 -112.5867 +038.3803 -001.1300 0
L1 07    387 +013.4604 +003.3204 -004.9179 -019.3688 +009.2152 +035.5400 0
L1 08    387 +013.3614 +002.6365 -005.1952 +057.2174 -031.4248 +007.1911 0
L1 01    391 +014.7923 +004.6689 +001.3688 -014.1498 -002.1501 +001.5716 0
L1 02    391 +004.5081 +007.3614 +001.6836 -175.5892 +001.4939 -130.2630 0
L1 03    391 +015.5550 +004.5039 -000.8075 -019.8362 +002.5223 +092.1779 0
L1 04    391 +008.7542 +008.7676 +001.7858 -038.0294 +000.0467 +000.4742 0
L1 05    391 +014.3979 +010.0374 +001.9726 -108.0780 +000.8907 -010.7900 0
L1 06    391 +013.8014 +003.9984 -004.1492 -112.5854 +038.3804 -001.1282 0
L1 07    391 +013.4605 +003.3203 -004.9177 -019.3692 +009.2097 +035.5404 0
L1 08    391 +013.3615 +002.6364 -005.1952 +057.2199 -031.4246 +007.1890 0
L1 01    395 +014.7922 +004.6688 +001.3687 -014.1504 -002.1501 +001.5705 0
L1 02    395 +004.5081 +007.3614 +001.6836 -175.5896 +001.4938 -130.2622 0
L1 03    395 +015.5550 +004.5039 -000.8077 -019.8365 +002.5235 +092.1768 0
L1 04    395 +008.7544 +008.7675 +001.7858 -038.0308 +000.0469 +000.4740 0
L1 05    395 +014.3983 +010.0365 +001.9731 -108.0825 +000.8933 -010.7900 0
L1 06    395 +013.8014 +003.9979 -004.1491 -112.5879 +038.3787 -001.1276 0
L1 07    395 +013.4604 +003.3204 -004.9176 -019.3683 +009.2131 +035.5397 0
L1 08    395 +013.3614 +002.6364 -005.1952 +057.2185 -031.4231 +007.1902 0
L1 01    399 +014.7923 +004.6688 +001.3687 -014.1515 -002.1485 +001.5720 0
L1 02    399 +004.5081 +007.3614 +001.6836 -175.5895 +001.4942 -130.2629 0
L1 03    399 +015.5550 +004.5038 -000.8076 -019.8376 +002.5246 +092.1781 0
L1 04    399 +008.7543 +008.7675 +001.7857 -038.0306 +000.0470 +000.4737 0
L1 05    399 +014.3981 +010.0371 +001.9725 -108.0800 +000.8910 -010.7921 0
L1 06    399 +013.8013 +003.9980 -004.1493 -112.5915 +038.3788 -001.1316 0
L1 07    399 +013.4605 +003.3201 -004.9176 -019.3715 +009.2164 +035.5402 0
L1 08    399 +013.3614 +002.6363 -005.1951 +057.2162 -031.4237 +007.1912 0
L1 01    403 +014.7923 +004.6687 +001.3688 -014.1516 -002.1485 +001.5730 0
L1 02    403 +004.5081 +007.3614 +001.6836 -175.5896 +001.4939 -130.2621 0
L1 03    403 +015.5550 +004.5038 -000.8075 -019.8378 +002.5255 +092.1785 0
L1 04    403 +008.7543 +008.7675 +001.7858 -038.0308 +000.0470 +000.4743 0
L1 05    403 +014.3980 +010.0371 +001.9727 -108.0797 +000.8914 -010.7914 0
L1 06    403 +013.8010 +003.9985 -004.1492 -112.5917 +038.3793 -001.1333 0
L1 07    403 +013.4603 +003.3203 -004.9175 -019.3703 +009.2209 +035.5415 0
L1 08    403 +013.3612 +002.6365 -005.1951 +057.2141 -031.4240 +007.1939 0
L1 01    407 +014.7922 +004.6688 +001.3688 -014.1507 -002.1486 +001.5719 0
L1 02    407 +004.5082 +007.3614 +001.6836 -175.5898 +001.4939 -130.2628 0
L1 03    407 +015.5549 +004.5040 -000.8075 -019.8365 +002.5257 +092.1779 0
L1 04    407 +008.7543 +008.7675 +001.7858 -038.0309 +000.0470 +000.4740 0
L1 05    407 +014.3981 +010.0371 +001.9723 -108.0808 +000.8898 -010.7941 0
L1 06    407 +013.8010 +003.9982 -004.1493 -112.5950 +038.3792 -001.1359 0
L1 07    407 +013.4601 +003.3204 -004.9178 -019.3680 +009.2291 +035.5390 0
L1 08    407 +013.3611 +002.6366 -005.1951 +057.2142 -031.4235 +007.1950 0
L1 01    411 +014.7922 +004.6689 +001.3688 -014.1501 -002.1501 +001.5707 0
L1 02    411 +004.5082 +007.3614 +001.6836 -175.5903 +001.4949 -130.2689 0
L1 03    411 +015.5549 +004.5041 -000.8076 -019.8352 +002.5249 +092.1767 0
L1 04    411 +008.7543 +008.7675 +001.7858 -038.0305 +000.0468 +000.4745 0
L1 05    411 +014.3980 +010.0372 +001.9726 -108.0796 +000.8909 -010.7927 0
L1 06    411 +013.8012 +003.9980 -004.1493 -112.5940 +038.3781 -001.1340 0
L1 07    411 +013.4602 +003.3202 -004.9177 -019.3677 +009.2268 +035.5389 0
L1 08    411 +013.3612 +002.6364 -005.1950 +057.2164 -031.4226 +007.1931 0
L1 01    415 +014.7922 +004.6687 +001.3688 -014.1506 -002.1515 +001.5708 0
L1 02    415 +004.5082 +007.3614 +001.6836 -175.5911 +001.4951 -130.2693 0
L1 03    415 +015.5549 +004.5040 -000.8074 -019.8360 +002.5224 +092.1765 0
L1 04    415 +008.7543 +008.7675 +001.7858 -038.0307 +000.0468 +000.4741 0
L1 05    415 +014.3981 +010.0372 +001.9724 -108.0794 +000.8897 -010.7927 0
L1 06    415 +013.8014 +003.9977 -004.1492 -112.5938 +038.3759 -001.1301 0
L1 07    415 +013.4603 +003.3200 -004.9176 -019.3684 +009.2244 +035.5373 0
L1 08    415 +013.3613 +002.6361 -005.1950 +057.2168 -031.4204 +007.1902 0
L1 01    419 +014.7922 +004.6687 +001.3689 -014.1516 -002.1516 +001.5714 0
L1 02    419 +004.5082 +007.3614 +001.6836 -175.5898 +001.4937 -130.2626 0
L1 03    419 +015.5549 +004.5039 -000.8073 -019.8371 +002.5214 +092.1764 0
L1 04    419 +008.7543 +008.7675 +001.7858 -038.0309 +000.0468 +000.4739 0
L1 05    419 +014.3980 +010.0371 +001.9722 -108.0798 +000.8889 -010.7933 0
L1 06    419 +013.8014 +003.9976 -004.1494 -112.5942 +038.3747 -001.1297 0
L1 07    419 +013.4606 +003.3199 -004.9174 -019.3706 +009.2202 +035.5391 0
L1 08    419 +013.3615 +002.6361 -005.1950 +057.2170 -031.4213 +007.1895 0
L1 01    423 +014.7922 +004.6687 +001.3691 -014.1516 -002.1526 +001.5740 0
L1 02    423 +004.5082 +007.3613 +001.6836 -175.5898 +001.4928 -130.2564 0
L1 03    423 +015.5550 +004.5034 -000.8072 -019.8414 +002.5214 +092.1790 0
L1 04    423 +008.7544 +008.7674 +001.7858 -038.0312 +000.0470 +000.4741 0
L1 05    423 +014.3982 +010.0368 +001.9723 -108.0837 +000.8894 -010.7935 0
L1 06    423 +013.8013 +003.9977 -004.1493 -112.5995 +038.3777 -001.1333 0
L1 07    423 +013.4604 +003.3198 -004.9175 -019.3762 +009.2190 +035.5382 0
L1 08    423 +013.3614 +002.6361 -005.1949 +057.2141 -031.4222 +007.1902 0
L1 01    427 +014.7922 +004.6686 +001.3689 -014.1525 -002.1493 +001.5737 0
L1 02    427 +004.5082 +007.3613 +001.6836 -175.5897 +001.4933 -130.2596 0
L1 03    427 +015.5550 +004.5035 -000.8072 -019.8399 +002.5245 +092.1790 0
L1 04    427 +008.7543 +008.7674 +001.7858 -038.0310 +000.0470 +000.4741 0
L1 05    427 +014.3982 +010.0367 +001.9725 -108.0833 +000.8904 -010.7919 0
L1 06    427 +013.8010 +003.9982 -004.1492 -112.6010 +038.3784 -001.1387 0
L1 07    427 +013.4603 +003.3199 -004.9175 -019.3765 +009.2228 +035.5385 0
L1 08    427 +013.3612 +002.6362 -005.1950 +057.2107 -031.4216 +007.1956 0
L1 01    431 +014.7922 +004.6687 +001.3688 -014.1525 -002.1479 +001.5731 0
L1 02    431 +004.5082 +007.3614 +001.6836 -175.5902 +001.4946 -130.2671 0
L1 03    431 +015.5550 +004.5035 -000.8072 -019.8393 +002.5245 +092.1790 0
L1 04    431 +008.7544 +008.7674 +001.7857 -038.0310 +000.0472 +000.4734 0
L1 05    431 +014.3982 +010.0368 +001.9725 -108.0812 +000.8906 -010.7925 0
L1 06    431 +013.8009 +003.9982 -004.1494 -112.6018 +038.3768 -001.1418 0
L1 07    431 +013.4602 +003.3200 -004.9175 -019.3723 +009.2286 +035.5389 0
L1 08    431 +013.3611 +002.6363 -005.1950 +057.2117 -031.4218 +007.1952 0
L1 01    435 +014.7922 +004.6687 +001.3686 -014.1507 -002.1471 +001.5730 0
L1 02    435 +004.5082 +007.3614 +001.6836 -175.5904 +001.4962 -130.2707 0
L1 03    435 +015.5550 +004.5034 -000.8072 -019.8388 +002.5244 +092.1782 0
L1 04    435 +008.7543 +008.7675 +001.7857 -038.0302 +000.0471 +000.4732 0
L1 05    435 +014.3979 +010.0375 +001.9719 -108.0767 +000.8869 -010.7936 0
L1 06    435 +013.8008 +003.9982 -004.1495 -112.6013 +038.3759 -001.1422 0
L1 07    435 +013.4603 +003.3198 -004.9174 -019.3723 +009.2287 +035.5388 0
L1 08    435 +013.3612 +002.6361 -005.1949 +057.2126 -031.4214 +007.1944 0
L1 01    439 +014.7922 +004.6688 +001.3687 -014.1499 -002.1486 +001.5718 0
L1 02    439 +004.5082 +007.3614 +001.6836 -175.5899 +001.4952 -130.2669 0
L1 03    439 +015.5549 +004.5038 -000.8073 -019.8370 +002.5237 +092.1780 0
L1 04    439 +008.7543 +008.7676 +001.7857 -038.0297 +000.0470 +000.4731 0
L1 05    439 +014.3977 +010.0376 +001.9726 -108.0752 +000.8906 -010.7910 0
L1 06    439 +013.8010 +003.9979 -004.1495 -112.6029 +038.3752 -001.1402 0
L1 07    439 +013.4603 +003.3200 -004.9173 -019.3700 +009.2305 +035.5398 0
L1 08    439 +013.3612 +002.6363 -005.1949 +057.2137 -031.4218 +007.1943 0
L1 01    443 +014.7922 +004.6688 +001.3687 -014.1510 -002.1477 +001.5723 0
L1 02    443 +004.5082 +007.3614 +001.6836 -175.5898 +001.4937 -130.2608 0
L1 03    443 +015.5550 +004.5036 -000.8073 -019.8387 +002.5248 +092.1784 0
L1 04    443 +008.7543 +008.7675 +001.7858 -038.0303 +000.0468 +000.4738 0
L1 05    443 +014.3977 +010.0377 +001.9722 -108.0751 +000.8896 -010.7933 0
L1 06    443 +013.8008 +003.9982 -004.1496 -112.6039 +038.3753 -001.1429 0
L1 07    443 +013.4602 +003.3200 -004.9175 -019.3720 +009.2317 +035.5398 0
L1 08    443 +013.3612 +002.6362 -005.1949 +057.2120 -031.4215 +007.1948 0
L1 01    447 +014.7923 +004.6687 +001.3687 -014.1525 -002.1467 +001.5725 0
L1 02    447 +004.5081 +007.3613 +001.6836 -175.5892 +001.4930 -130.2584 0
L1 03    447 +015.5550 +004.5037 -000.8076 -019.8386 +002.5281 +092.1778 0
L1 04    447 +008.7543 +008.7675 +001.7858 -038.0303 +000.0468 +000.4736 0
L1 05    447 +014.3980 +010.0371 +001.9723 -108.0794 +000.8898 -010.7931 0
L1 06    447 +013.8008 +003.9983 -004.1493 -112.6056 +038.3771 -001.1436 0
L1 07    447 +013.4602 +003.3201 -004.9174 -019.3747 +009.2311 +035.5403 0
L1 08    447 +013.3611 +002.6363 -005.1950 +057.2090 -031.4208 +007.1979 0
L1 01    451 +014.7922 +004.6688 +001.3688 -014.1514 -002.1478 +001.5732 0
L1 02    451 +004.5082 +007.3613 +001.6836 -175.5896 +001.4939 -130.2617 0
L1 03    451 +015.5550 +004.5036 -000.8074 -019.8383 +002.5260 +092.1779 0
L1 04    451 +008.7543 +008.7676 +001.7857 -038.0299 +000.0470 +000.4735 0
L1 05    451 +014.3980 +010.0372 +001.9720 -108.0788 +000.8878 -010.7942 0
L1 06    451 +013.8009 +003.9981 -004.1493 -112.6072 +038.3765 -001.1441 0
L1 07    451 +013.4602 +003.3202 -004.9175 -019.3737 +009.2306 +035.5401 0
L1 08    451 +013.3611 +002.6364 -005.1950 +057.2109 -031.4207 +007.1967 0
L1 01    455 +014.7922 +004.6689 +001.3688 -014.1501 -002.1507 +001.5712 0
L1 02    455 +004.5082 +007.3614 +001.6836 -175.5905 +001.4949 -130.2666 0
L1 03    455 +015.5549 +004.5040 -000.8073 -019.8348 +002.5224 +092.1763 0
L1 04    455 +008.7543 +008.7675 +001.7858 -038.0299 +000.0470 +000.4737 0
L1 05    455 +014.3979 +010.0374 +001.9723 -108.0774 +000.8885 -010.7934 0
L1 06    455 +013.8011 +003.9980 -004.1494 -112.6043 +038.3743 -001.1408 0
L1 07    455 +013.4602 +003.3204 -004.9178 -019.3716 +009.2303 +035.5391 0
L1 08    455 +013.3613 +002.6362 -005.1949 +057.2141 -031.4202 +007.1933 0
L1 01    459 +014.7922 +004.6689 +001.3687 -014.1503 -002.1504 +001.5711 0
L1 02    459 +004.5081 +007.3614 +001.6836 -175.5899 +001.4955 -130.2688 0
L1 03    459 +015.5551 +004.5037 -000.8073 -019.8365 +002.5205 +092.1764 0
L1 04    459 +008.7542 +008.7676 +001.7858 -038.0295 +000.0472 +000.4737 0
L1 05    459 +014.3981 +010.0372 +001.9722 -108.0783 +000.8893 -010.7937 0
L1 06    459 +013.8012 +003.9981 -004.1494 -112.6022 +038.3751 -001.1395 0
L1 07    459 +013.4604 +003.3201 -004.9178 -019.3717 +009.2282 +035.5382 0
L1 08    459 +013.3618 +002.6358 -005.1949 +057.2150 -031.4204 +007.1895 0
L1 01    463 +014.7923 +004.6688 +001.3688 -014.1512 -002.1517 +001.5712 0
L1 02    463 +004.5081 +007.3614 +001.6836 -175.5898 +001.4947 -130.2655 0
L1 03    463 +015.5551 +004.5037 -000.8074 -019.8371 +002.5210 +092.1768 0
L1 04    463 +008.7543 +008.7675 +001.7858 -038.0299 +000.0470 +000.4738 0
L1 05    463 +014.3977 +010.0375 +001.9726 -108.0771 +000.8906 -010.7912 0
L1 06    463 +013.8014 +003.9980 -004.1492 -112.6035 +038.3765 -001.1378 0
L1 07    463 +013.4605 +003.3199 -004.9178 -019.3733 +009.2292 +035.5384 0
L1 08    463 +013.3616 +002.6359 -005.1952 +057.2135 -031.4202 +007.1912 0
L1 01    467 +014.7922 +004.6688 +001.3689 -014.1519 -002.1514 +001.5718 0
L1 02    467 +004.5082 +007.3613 +001.6836 -175.5911 +001.4934 -130.2609 0
L1 03    467 +015.5550 +004.5037 -000.8074 -019.8382 +002.5216 +092.1771 0
L1 04    467 +008.7544 +008.7674 +001.7857 -038.0319 +000.0472 +000.4733 0
L1 05    467 +014.3982 +010.0369 +001.9722 -108.0826 +000.8894 -010.7931 0
L1 06    467 +013.8013 +003.9980 -004.1494 -112.6065 +038.3763 -001.1399 0
L1 07    467 +013.4605 +003.3199 -004.9177 -019.3744 +009.2299 +035.5395 0
L1 08    467 +013.3616 +002.6360 -005.1950 +057.2115 -031.4213 +007.1921 0
L1 01    471 +014.7922 +004.6689 +001.3690 -014.1508 -002.1530 +001.5728 0
L1 02    471 +004.5082 +007.3613 +001.6836 -175.5898 +001.4935 -130.2609 0
L1 03    471 +015.5550 +004.5036 -000.8073 -019.8394 +002.5200 +092.1782 0
L1 04    471 +008.7544 +008.7674 +001.7858 -038.0314 +000.0471 +000.4743 0
L1 05    471 +014.3982 +010.0369 +001.9724 -108.0819 +000.8908 -010.7925 0
L1 06    471 +013.8014 +003.9980 -004.1493 -112.6075 +038.3773 -001.1385 0
L1 07    471 +013.4605 +003.3201 -004.9175 -019.3737 +009.2307 +035.5413 0
L1 08    471 +013.3616 +002.6361 -005.1950 +057.2117 -031.4227 +007.1908 0
L1 01    475 +014.7922 +004.6688 +001.3688 -014.1518 -002.1525 +001.5712 0
L1 02    475 +004.5082 +007.3614 +001.6836 -175.5900 +001.4939 -130.2635 0
L1 03    475 +015.5550 +004.5039 -000.8073 -019.8367 +002.5190 +092.1776 0
L1 04    475 +008.7544 +008.7674 +001.7858 -038.0311 +000.0470 +000.4737 0
L1 05    475 +014.3982 +010.0369 +001.9723 -108.0809 +000.8908 -010.7917 0
L1 06    475 +013.8015 +003.9980 -004.1494 -112.6059 +038.3768 -001.1371 0
L1 07    475 +013.4608 +003.3200 -004.9175 -019.3731 +009.2290 +035.5424 0
L1 08    475 +013.3618 +002.6362 -005.1951 +057.2143 -031.4229 +007.1894 0
L1 01    479 +014.7923 +004.6689 +001.3686 -014.1510 -002.1520 +001.5696 0
L1 02    479 +004.5082 +007.3614 +001.6836 -175.5904 +001.4947 -130.2664 0
L1 03    479 +015.5552 +004.5037 -000.8075 -019.8368 +002.5184 +092.1762 0
L1 04    479 +008.7543 +008.7675 +001.7858 -038.0299 +000.0469 +000.4738 0
L1 05    479 +014.3981 +010.0371 +001.9724 -108.0794 +000.8905 -010.7915 0
L1 06    479 +013.8015 +003.9981 -004.1495 -112.6043 +038.3768 -001.1370 0
L1 07    479 +013.4609 +003.3198 -004.9177 -019.3734 +009.2285 +035.5414 0
L1 08    479 +013.3621 +002.6359 -005.1951 +057.2157 -031.4228 +007.1871 0
L1 01    483 +014.7922 +004.6689 +001.3687 -014.1503 -002.1534 +001.5685 0
L1 02    483 +004.5082 +007.3614 +001.6836 -175.5905 +001.4943 -130.2666 0
L1 03    483 +015.5551 +004.5039 -000.8076 -019.8356 +002.5184 +092.1750 0
L1 04    483 +008.7543 +008.7675 +001.7858 -038.0308 +000.0469 +000.4738 0
L1 05    483 +014.3980 +010.0371 +001.9720 -108.0790 +000.8892 -010.7935 0
L1 06    483 +013.8016 +003.9977 -004.1497 -112.6069 +038.3749 -001.1380 0
L1 07    483 +013.4608 +003.3201 -004.9178 -019.3715 +009.2299 +035.5412 0
L1 08    483 +013.3620 +002.6360 -005.1952 +057.2162 -031.4215 +007.1880 0
L1 01    487 +014.7923 +004.6687 +001.3686 -014.1523 -002.1521 +001.5691 0
L1 02    487 +004.5082 +007.3614 +001.6836 -175.5901 +001.4942 -130.2651 0
L1 03    487 +015.5552 +004.5038 -000.8076 -019.8363 +002.5194 +092.1749 0
L1 04    487 +008.7544 +008.7674 +001.7858 -038.0312 +000.0469 +000.4737 0
L1 05    487 +014.3980 +010.0372 +001.9724 -108.0784 +000.8903 -010.7931 0
L1 06    487 +013.8015 +003.9980 -004.1495 -112.6074 +038.3752 -001.1399 0
L1 07    487 +013.4609 +003.3198 -004.9176 -019.3743 +009.2311 +035.5408 0
L1 08    487 +013.3619 +002.6360 -005.1951 +057.2143 -031.4210 +007.1894 0
L1 01    491 +014.7923 +004.6686 +001.3688 -014.1534 -002.1523 +001.5708 0
L1 02    491 +004.5082 +007.3613 +001.6836 -175.5900 +001.4937 -130.2616 0
L1 03    491 +015.5552 +004.5036 -000.8075 -019.8379 +002.5205 +092.1766 0
L1 04    491 +008.7544 +008.7675 +001.7857 -038.0313 +000.0470 +000.4736 0
L1 05    491 +014.3982 +010.0367 +001.9728 -108.0820 +000.8927 -010.7924 0
L1 06    491 +013.8014 +003.9981 -004.1494 -112.6104 +038.3765 -001.1422 0
L1 07    491 +013.4608 +003.3198 -004.9175 -019.3757 +009.2323 +035.5422 0
L1 08    491 +013.3618 +002.6360 -005.1952 +057.2115 -031.4213 +007.1912 0
L1 01    495 +014.7923 +004.6688 +001.3688 -014.1526 -002.1522 +001.5715 0
L1 02    495 +004.5082 +007.3613 +001.6836 -175.5896 +001.4937 -130.2608 0
L1 03    495 +015.5552 +004.5034 -000.8075 -019.8389 +002.5201 +092.1771 0
L1 04    495 +008.7543 +008.7675 +001.7858 -038.0306 +000.0470 +000.4735 0
L1 05    495 +014.3979 +010.0373 +001.9725 -108.0788 +000.8898 -010.7932 0
L1 06    495 +013.8015 +003.9980 -004.1496 -112.6140 +038.3764 -001.1434 0
L1 07    495 +013.4608 +003.3198 -004.9177 -019.3767 +009.2312 +035.5421 0
L1 08    495 +013.3619 +002.6360 -005.1952 +057.2113 -031.4216 +007.1906 0
L1 01    499 +014.7923 +004.6689 +001.3686 -014.1514 -002.1526 +001.5700 0
L1 02    499 +004.5082 +007.3614 +001.6836 -175.5899 +001.4946 -130.2651 0
L1 03    499 +015.5552 +004.5036 -000.8075 -019.8368 +002.5180 +092.1761 0
L1 04    499 +008.7542 +008.7676 +001.7858 -038.0292 +000.0466 +000.4738 0
L1 05    499 +014.3980 +010.0373 +001.9724 -108.0782 +000.8902 -010.7923 0
L1 06    499 +013.8017 +003.9978 -004.1494 -112.6115 +038.3755 -001.1391 0
L1 07    499 +013.4609 +003.3199 -004.9178 -019.3765 +009.2290 +035.5415 0
L1 08    499 +013.3621 +002.6358 -005.1952 +057.2137 -031.4218 +007.1883 0
L1 01    503 +014.7923 +004.6688 +001.3687 -014.1502 -002.1555 +001.5675 0
L1 02    503 +004.5081 +007.3614 +001.6836 -175.5897 +001.4952 -130.2701 0
L1 03    503 +015.5553 +004.5035 -000.8074 -019.8364 +002.5147 +092.1744 0
L1 04    503 +008.7543 +008.7676 +001.7858 -038.0295 +000.0462 +000.4742 0
L1 05    503 +014.3980 +010.0372 +001.9723 -108.0783 +000.8902 -010.7921 0
L1 06    503 +013.8020 +003.9974 -004.1494 -112.6089 +038.3750 -001.1354 0
L1 07    503 +013.4613 +003.3190 -004.9179 -019.3786 +009.2285 +035.5383 0
L1 08    503 +013.3624 +002.6354 -005.1953 +057.2171 -031.4200 +007.1846 0
L1 01    507 +014.7923 +004.6687 +001.3686 -014.1520 -002.1546 +001.5669 0
L1 02    507 +004.5082 +007.3614 +001.6836 -175.5903 +001.4949 -130.2689 0
L1 03    507 +015.5554 +004.5032 -000.8075 -019.8391 +002.5143 +092.1714 0
L1 04    507 +008.7543 +008.7675 +001.7858 -038.0307 +000.0467 +000.4740 0
L1 05    507 +014.3983 +010.0368 +001.9721 -108.0825 +000.8901 -010.7940 0
L1 06    507 +013.8019 +003.9971 -004.1494 -112.6093 +038.3715 -001.1357 0
L1 07    507 +013.4614 +003.3185 -004.9176 -019.3771 +009.2337 +035.5363 0
L1 08    507 +013.3624 +002.6349 -005.1951 +057.2168 -031.4161 +007.1825 0
L1 01    511 +014.7923 +004.6686 +001.3686 -014.1523 -002.1547 +001.5673 0
L1 02    511 +004.5081 +007.3614 +001.6836 -175.5897 +001.4942 -130.2616 0
L1 03    511 +015.5554 +004.5032 -000.8075 -019.8389 +002.5155 +092.1719 0
L1 04    511 +008.7543 +008.7675 +001.7857 -038.0304 +000.0470 +000.4734 0
L1 05    511 +014.3983 +010.0367 +001.9725 -108.0826 +000.8915 -010.7937 0
L1 06    511 +013.8015 +003.9976 -004.1499 -112.6112 +038.3707 -001.1413 0
L1 07    511 +013.4611 +003.3189 -004.9177 -019.3691 +009.2438 +035.5355 0
L1 08    511 +013.3623 +002.6351 -005.1951 +057.2165 -031.4170 +007.1836 0
L1 01    515 +014.7923 +004.6687 +001.3687 -014.1522 -002.1553 +001.5684 0
L1 02    515 +004.5082 +007.3613 +001.6836 -175.5890 +001.4922 -130.2542 0
L1 03    515 +015.5553 +004.5033 -000.8074 -019.8393 +002.5160 +092.1736 0
L1 04    515 +008.7543 +008.7675 +001.7858 -038.0308 +000.0470 +000.4736 0
L1 05    515 +014.3984 +010.0366 +001.9724 -108.0834 +000.8901 -010.7938 0
L1 06    515 +013.8017 +003.9975 -004.1494 -112.6151 +038.3730 -001.1404 0
L1 07    515 +013.4609 +003.3194 -004.9178 -019.3701 +009.2429 +035.5382 0
L1 08    515 +013.3621 +002.6353 -005.1951 +057.2136 -031.4178 +007.1859 0
L1 01    519 +014.7923 +004.6687 +001.3686 -014.1526 -002.1531 +001.5688 0
L1 02    519 +004.5081 +007.3613 +001.6836 -175.5886 +001.4931 -130.2577 0
L1 03    519 +015.5552 +004.5036 -000.8075 -019.8371 +002.5179 +092.1751 0
L1 04    519 +008.7543 +008.7675 +001.7858 -038.0302 +000.0469 +000.4737 0
L1 05    519 +014.3981 +010.0370 +001.9725 -108.0793 +000.8901 -010.7926 0
L1 06    519 +013.8017 +003.9977 -004.1494 -112.6159 +038.3751 -001.1422 0
L1 07    519 +013.4609 +003.3195 -004.9177 -019.3765 +009.2376 +035.5424 0
L1 08    519 +013.3620 +002.6358 -005.1953 +057.2120 -031.4205 +007.1898 0
L1 01    523 +014.7923 +004.6688 +001.3687 -014.1524 -002.1533 +001.5691 0
L1 02    523 +004.5081 +007.3614 +001.6836 -175.5896 +001.4948 -130.2679 0
L1 03    523 +015.5552 +004.5038 -000.8074 -019.8359 +002.5174 +092.1761 0
L1 04    523 +008.7542 +008.7676 +001.7858 -038.0296 +000.0467 +000.4738 0
L1 05    523 +014.3980 +010.0374 +001.9727 -108.0784 +000.8900 -010.7916 0
L1 06    523 +013.8017 +003.9979 -004.1495 -112.6167 +038.3767 -001.1436 0
L1 07    523 +013.4611 +003.3196 -004.9178 -019.3814 +009.2313 +035.5430 0
L1 08    523 +013.3622 +002.6359 -005.1952 +057.2121 -031.4221 +007.1889 0
L1 01    527 +014.7923 +004.6688 +001.3687 -014.1516 -002.1546 +001.5695 0
L1 02    527 +004.5082 +007.3614 +001.6836 -175.5913 +001.4959 -130.2739 0
L1 03    527 +015.5553 +004.5035 -000.8073 -019.8381 +002.5154 +092.1769 0
L1 04    527 +008.7543 +008.7675 +001.7858 -038.0300 +000.0466 +000.4738 0
L1 05    527 +014.3983 +010.0368 +001.9724 -108.0817 +000.8910 -010.7942 0
L1 06    527 +013.8019 +003.9978 -004.1493 -112.6158 +038.3784 -001.1393 0
L1 07    527 +013.4611 +003.3197 -004.9178 -019.3808 +009.2309 +035.5438 0
L1 08    527 +013.3623 +002.6358 -005.1951 +057.2120 -031.4226 +007.1870 0
L1 01    531 +014.7923 +004.6687 +001.3687 -014.1523 -002.1546 +001.5696 0
L1 02    531 +004.5082 +007.3614 +001.6836 -175.5907 +001.4954 -130.2698 0
L1 03    531 +015.5554 +004.5033 -000.8074 -019.8394 +002.5155 +092.1762 0
L1 04    531 +008.7543 +008.7675 +001.7857 -038.0303 +000.0466 +000.4736 0
L1 05    531 +014.3981 +010.0370 +001.9725 -108.0809 +000.8907 -010.7934 0
L1 06    531 +013.8019 +003.9978 -004.1494 -112.6152 +038.3768 -001.1399 0
L1 07    531 +013.4611 +003.3196 -004.9178 -019.3803 +009.2362 +035.5419 0
L1 08    531 +013.3623 +002.6356 -005.1952 +057.2108 -031.4211 +007.1877 0
L1 01    535 +014.7923 +004.6688 +001.3689 -014.1507 -002.1562 +001.5699 0
L1 02    535 +004.5081 +007.3614 +001.6836 -175.5894 +001.4940 -130.2612 0
L1 03    535 +015.5553 +004.5035 -000.8073 -019.8382 +002.5148 +092.1755 0
L1 04    535 +008.7542 +008.7676 +001.7857 -038.0296 +000.0465 +000.4736 0
L1 05    535 +014.3977 +010.0378 +001.9724 -108.0766 +000.8897 -010.7929 0
L1 06    535 +013.8018 +003.9974 -004.1496 -112.6178 +038.3739 -001.1412 0
L1 07    535 +013.4611 +003.3195 -004.9176 -019.3768 +009.2440 +035.5407 0
L1 08    535 +013.3622 +002.6356 -005.1951 +057.2110 -031.4202 +007.1886 0
L1 01    539 +014.7923 +004.6687 +001.3687 -014.1512 -002.1548 +001.5684 0
L1 02    539 +004.5081 +007.3613 +001.6836 -175.5891 +001.4924 -130.2561 0
L1 03    539 +015.5552 +004.5037 -000.8074 -019.8361 +002.5168 +092.1739 0
L1 04    539 +008.7543 +008.7676 +001.7857 -038.0297 +000.0465 +000.4732 0
L1 05    539 +014.3979 +010.0373 +001.9724 -108.0775 +000.8893 -010.7924 0
L1 06    539 +013.8017 +003.9975 -004.1493 -112.6176 +038.3733 -001.1424 0
L1 07    539 +013.4608 +003.3196 -004.9176 -019.3747 +009.2483 +035.5396 0
L1 08    539 +013.3620 +002.6356 -005.1951 +057.2104 -031.4177 +007.1913 0
