L1 01      4 +015.9811 +000.1632 +001.3554 -086.0247 -001.2107 +001.8231 0
L1 02      4 +004.5080 +007.3616 +001.6834 -175.5916 +001.4977 -130.2883 0
L1 03      4 +016.0685 -000.5696 -000.8380 -091.5041 +003.8427 +092.2642 0
L1 04      4 +008.7541 +008.7678 +001.7856 -038.0283 +000.0500 +000.4751 0
L1 05      4 +014.3991 +010.0426 +001.9723 -107.8890 +000.8959 -010.8244 0
L1 06      4 +014.5924 +000.9736 -003.8064 -179.3961 +006.7914 -000.4227 0
L1 07      4 +013.5712 +001.0877 -004.0669 -086.2267 +008.4379 +003.4022 0
L1 08      4 +012.8040 +000.9475 -003.9713 -010.7617 -000.2788 +001.5342 0
L1 01      8 +015.9812 +000.1630 +001.3552 -086.0260 -001.2124 +001.8216 0
L1 02      8 +004.5080 +007.3617 +001.6834 -175.5912 +001.4974 -130.2879 0
L1 03      8 +016.0685 -000.5694 -000.8381 -091.5028 +003.8427 +092.2637 0
L1 04      8 +008.7541 +008.7678 +001.7856 -038.0281 +000.0499 +000.4750 0
L1 05      8 +014.3989 +010.0429 +001.9723 -107.8881 +000.8958 -010.8241 0
L1 06      8 +014.5925 +000.9732 -003.8064 -179.3976 +006.7915 -000.4222 0
L1 07      8 +013.5712 +001.0877 -004.0669 -086.2243 +008.4405 +003.4036 0
L1 08      8 +012.8040 +000.9476 -003.9714 -010.7611 -000.2784 +001.5342 0
L1 01     12 +015.9812 +000.1632 +001.3550 -086.0249 -001.2104 +001.8196 0
L1 02     12 +004.5080 +007.3617 +001.6834 -175.5913 +001.4978 -130.2884 0
L1 03     12 +016.0685 -000.5698 -000.8381 -091.5054 +003.8431 +092.2635 0
L1 04     12 +008.7541 +008.7678 +001.7855 -038.0283 +000.0502 +000.4748 0
L1 05     12 +014.3986 +010.0431 +001.9724 -107.8864 +000.8969 -010.8239 0
L1 06     12 +014.5924 +000.9735 -003.8064 -179.3957 +006.7917 -000.4229 0
L1 07     12 +013.5713 +001.0876 -004.0668 -086.2239 +008.4432 +003.4048 0
L1 08     12 +012.8040 +000.9475 -003.9713 -010.7616 -000.2784 +001.5341 0
L1 01     16 +015.9812 +000.1634 +001.3550 -086.0245 -001.2088 +001.8194 0
L1 02     16 +004.5080 +007.3617 +001.6834 -175.5914 +001.4979 -130.2897 0
L1 03     16 +016.0685 -000.5699 -000.8382 -091.5059 +003.8438 +092.2629 0
L1 04     16 +008.7541 +008.7678 +001.7855 -038.0283 +000.0501 +000.4747 0
L1 05     16 +014.3986 +010.0429 +001.9727 -107.8868 +000.8979 -010.8222 0
L1 06     16 +014.5924 +000.9732 -003.8063 -179.3972 +006.7921 -000.4223 0
L1 07     16 +013.5712 +001.0877 -004.0668 -086.2217 +008.4446 +003.4041 0
L1 08     16 +012.8040 +000.9475 -003.9713 -010.7621 -000.2782 +001.5343 0
L1 01     20 +015.9812 +000.1633 +001.3546 -086.0245 -001.2083 +001.8163 0
L1 02     20 +004.5080 +007.3617 +001.6834 -175.5908 +001.4982 -130.2900 0
L1 03     20 +016.0686 -000.5699 -000.8381 -091.5056 +003.8441 +092.2629 0
L1 04     20 +008.7541 +008.7678 +001.7856 -038.0274 +000.0498 +000.4748 0
L1 05     20 +014.3988 +010.0429 +001.9724 -107.8869 +000.8962 -010.8224 0
L1 06     20 +014.5924 +000.9734 -003.8064 -179.3953 +006.7908 -000.4231 0
L1 07     20 +013.5712 +001.0878 -004.0668 -086.2186 +008.4470 +003.4039 0
L1 08     20 +012.8040 +000.9475 -003.9713 -010.7615 -000.2782 +001.5343 0
L1 01     24 +015.9812 +000.1632 +001.3552 -086.0243 -001.2117 +001.8214 0
L1 02     24 +004.5080 +007.3617 +001.6834 -175.5910 +001.4976 -130.2880 0
L1 03     24 +016.0685 -000.5693 -000.8380 -091.5016 +003.8432 +092.2642 0
L1 04     24 +008.7541 +008.7679 +001.7856 -038.0273 +000.0499 +000.4750 0
L1 05     24 +014.3991 +010.0425 +001.9724 -107.8906 +000.8978 -010.8228 0
L1 06     24 +014.5924 +000.9731 -003.8065 -179.3967 +006.7910 -000.4221 0
L1 07     24 +013.5713 +001.0879 -004.0668 -086.2158 +008.4475 +003.4032 0
L1 08     24 +012.8040 +000.9476 -003.9713 -010.7610 -000.2786 +001.5343 0
L1 01     28 +015.9812 +000.1636 +001.3552 -086.0223 -001.2097 +001.8203 0
L1 02     28 +004.5080 +007.3617 +001.6834 -175.5908 +001.4975 -130.2866 0
L1 03     28 +016.0685 -000.5698 -000.8383 -091.5052 +003.8434 +092.2625 0
L1 04     28 +008.7541 +008.7679 +001.7856 -038.0274 +000.0498 +000.4749 0
L1 05     28 +014.3987 +010.0430 +001.9724 -107.8868 +000.8969 -010.8237 0
L1 06     28 +014.5924 +000.9731 -003.8063 -179.3963 +006.7919 -000.4227 0
L1 07     28 +013.5713 +001.0880 -004.0668 -086.2137 +008.4506 +003.4035 0
L1 08     28 +012.8041 +000.9475 -003.9713 -010.7616 -000.2786 +001.5342 0
L1 01     32 +015.9812 +000.1632 +001.3553 -086.0251 -001.2101 +001.8220 0
L1 02     32 +004.5080 +007.3616 +001.6834 -175.5917 +001.4977 -130.2883 0
L1 03     32 +016.0686 -000.5698 -000.8381 -091.5058 +003.8435 +092.2636 0
L1 04     32 +008.7542 +008.7677 +001.7856 -038.0293 +000.0503 +000.4750 0
L1 05     32 +014.3989 +010.0426 +001.9723 -107.8911 +000.8970 -010.8236 0
L1 06     32 +014.5925 +000.9731 -003.8064 -179.3969 +006.7920 -000.4217 0
L1 07     32 +013.5713 +001.0877 -004.0669 -086.2158 +008.4528 +003.4030 0
L1 08     32 +012.8041 +000.9474 -003.9713 -010.7623 -000.2790 +001.5338 0
L1 01     36 +015.9812 +000.1630 +001.3555 -086.0256 -001.2118 +001.8227 0
L1 02     36 +004.5080 +007.3617 +001.6834 -175.5909 +001.4979 -130.2895 0
L1 03     36 +016.0685 -000.5695 -000.8381 -091.5040 +003.8434 +092.2636 0
L1 04     36 +008.7541 +008.7678 +001.7855 -038.0277 +000.0502 +000.4748 0
L1 05     36 +014.3990 +010.0426 +001.9722 -107.8908 +000.8964 -010.8239 0
L1 06     36 +014.5924 +000.9732 -003.8065 -179.3953 +006.7907 -000.4218 0
L1 07     36 +013.5713 +001.0878 -004.0669 -086.2126 +008.4546 +003.4028 0
L1 08     36 +012.8041 +000.9475 -003.9713 -010.7615 -000.2789 +001.5344 0
L1 01     40 +015.9812 +000.1630 +001.3553 -086.0260 -001.2114 +001.8208 0
L1 02     40 +004.5080 +007.3617 +001.6834 -175.5911 +001.4980 -130.2899 0
L1 03     40 +016.0686 -000.5697 -000.8383 -091.5046 +003.8432 +092.2623 0
L1 04     40 +008.7541 +008.7678 +001.7855 -038.0276 +000.0499 +000.4747 0
L1 05     40 +014.3986 +010.0431 +001.9726 -107.8865 +000.8972 -010.8224 0
L1 06     40 +014.5925 +000.9732 -003.8065 -179.3946 +006.7913 -000.4217 0
L1 07     40 +013.5712 +001.0880 -004.0670 -086.2083 +008.4581 +003.4010 0
L1 08     40 +012.8040 +000.9476 -003.9714 -010.7607 -000.2778 +001.5343 0
L1 01     44 +015.9811 +000.1630 +001.3553 -086.0251 -001.2123 +001.8206 0
L1 02     44 +004.5080 +007.3617 +001.6834 -175.5912 +001.4977 -130.2890 0
L1 03     44 +016.0685 -000.5695 -000.8383 -091.5033 +003.8436 +092.2623 0
L1 04     44 +008.7541 +008.7678 +001.7856 -038.0275 +000.0499 +000.4749 0
L1 05     44 +014.3986 +010.0431 +001.9727 -107.8860 +000.8971 -010.8225 0
L1 06     44 +014.5924 +000.9733 -003.8064 -179.3938 +006.7914 -000.4235 0
L1 07     44 +013.5712 +001.0880 -004.0672 -086.2069 +008.4593 +003.3990 0
L1 08     44 +012.8040 +000.9476 -003.9713 -010.7607 -000.2780 +001.5345 0
L1 01     48 +015.9812 +000.1631 +001.3555 -086.0241 -001.2127 +001.8237 0
L1 02     48 +004.5080 +007.3617 +001.6834 -175.5915 +001.4976 -130.2877 0
L1 03     48 +016.0685 -000.5693 -000.8383 -091.5023 +003.8435 +092.2633 0
L1 04     48 +008.7541 +008.7678 +001.7856 -038.0274 +000.0497 +000.4751 0
L1 05     48 +014.3986 +010.0432 +001.9725 -107.8850 +000.8958 -010.8228 0
L1 06     48 +014.5924 +000.9731 -003.8064 -179.3948 +006.7920 -000.4223 0
L1 07     48 +013.5712 +001.0880 -004.0670 -086.2072 +008.4613 +003.4009 0
L1 08     48 +012.8041 +000.9476 -003.9713 -010.7611 -000.2788 +001.5346 0
L1 01     52 +015.9812 +000.1631 +001.3555 -086.0245 -001.2118 +001.8227 0
L1 02     52 +004.5080 +007.3617 +001.6834 -175.5910 +001.4979 -130.2889 0
L1 03     52 +016.0685 -000.5695 -000.8383 -091.5036 +003.8439 +092.2632 0
L1 04     52 +008.7541 +008.7678 +001.7856 -038.0279 +000.0496 +000.4751 0
L1 05     52 +014.3989 +010.0428 +001.9722 -107.8885 +000.8941 -010.8227 0
L1 06     52 +014.5925 +000.9730 -003.8062 -179.3953 +006.7933 -000.4218 0
L1 07     52 +013.5712 +001.0882 -004.0670 -086.2042 +008.4631 +003.4017 0
L1 08     52 +012.8041 +000.9475 -003.9713 -010.7615 -000.2790 +001.5346 0
L1 01     56 +015.9812 +000.1631 +001.3555 -086.0249 -001.2113 +001.8224 0
L1 02     56 +004.5080 +007.3617 +001.6834 -175.5916 +001.4986 -130.2922 0
L1 03     56 +016.0686 -000.5697 -000.8384 -091.5049 +003.8437 +092.2623 0
L1 04     56 +008.7541 +008.7678 +001.7856 -038.0282 +000.0497 +000.4750 0
L1 05     56 +014.3990 +010.0425 +001.9726 -107.8913 +000.8971 -010.8224 0
L1 06     56 +014.5925 +000.9731 -003.8064 -179.3948 +006.7918 -000.4218 0
L1 07     56 +013.5712 +001.0880 -004.0671 -086.2043 +008.4631 +003.4005 0
L1 08     56 +012.8041 +000.9475 -003.9713 -010.7618 -000.2788 +001.5343 0
L1 01     60 +015.9812 +000.1632 +001.3554 -086.0248 -001.2096 +001.8213 0
L1 02     60 +004.5080 +007.3617 +001.6834 -175.5909 +001.4982 -130.2894 0
L1 03     60 +016.0686 -000.5698 -000.8383 -091.5055 +003.8440 +092.2624 0
L1 04     60 +008.7541 +008.7678 +001.7856 -038.0278 +000.0499 +000.4749 0
L1 05     60 +014.3990 +010.0425 +001.9724 -107.8906 +000.8964 -010.8232 0
L1 06     60 +014.5924 +000.9730 -003.8066 -179.3955 +006.7899 -000.4221 0
L1 07     60 +013.5712 +001.0880 -004.0670 -086.2028 +008.4655 +003.4002 0
L1 08     60 +012.8040 +000.9475 -003.9713 -010.7617 -000.2784 +001.5341 0
L1 01     64 +015.9812 +000.1631 +001.3550 -086.0251 -001.2099 +001.8177 0
L1 02     64 +004.5080 +007.3616 +001.6834 -175.5904 +001.4963 -130.2819 0
L1 03     64 +016.0686 -000.5698 -000.8383 -091.5057 +003.8439 +092.2622 0
L1 04     64 +008.7541 +008.7678 +001.7856 -038.0278 +000.0499 +000.4747 0
L1 05     64 +014.3992 +010.0424 +001.9723 -107.8917 +000.8952 -010.8235 0
L1 06     64 +014.5924 +000.9731 -003.8066 -179.3934 +006.7902 -000.4225 0
L1 07     64 +013.5713 +001.0879 -004.0670 -086.2007 +008.4676 +003.4003 0
L1 08     64 +012.8041 +000.9475 -003.9713 -010.7615 -000.2784 +001.5342 0
L1 01     68 +015.9811 +000.1632 +001.3552 -086.0245 -001.2106 +001.8207 0
L1 02     68 +004.5080 +007.3616 +001.6834 -175.5907 +001.4964 -130.2830 0
L1 03     68 +016.0685 -000.5696 -000.8382 -091.5042 +003.8441 +092.2630 0
L1 04     68 +008.7541 +008.7678 +001.7856 -038.0275 +000.0498 +000.4748 0
L1 05     68 +014.3990 +010.0427 +001.9722 -107.8882 +000.8939 -010.8225 0
L1 06     68 +014.5924 +000.9731 -003.8066 -179.3928 +006.7905 -000.4227 0
L1 07     68 +013.5712 +001.0880 -004.0671 -086.1978 +008.4717 +003.3994 0
L1 08     68 +012.8041 +000.9475 -003.9713 -010.7613 -000.2784 +001.5346 0
L1 01     72 +015.9812 +000.1631 +001.3554 -086.0255 -001.2117 +001.8224 0
L1 02     72 +004.5080 +007.3617 +001.6834 -175.5916 +001.4983 -130.2922 0
L1 03     72 +016.0685 -000.5696 -000.8383 -091.5041 +003.8442 +092.2631 0
L1 04     72 +008.7541 +008.7678 +001.7856 -038.0275 +000.0496 +000.4752 0
L1 05     72 +014.3987 +010.0431 +001.9721 -107.8860 +000.8942 -010.8242 0
L1 06     72 +014.5924 +000.9732 -003.8066 -179.3926 +006.7906 -000.4231 0
L1 07     72 +013.5712 +001.0880 -004.0671 -086.1974 +008.4723 +003.3999 0
L1 08     72 +012.8040 +000.9476 -003.9714 -010.7610 -000.2783 +001.5346 0
L1 01     76 +015.9812 +000.1633 +001.3550 -086.0238 -001.2098 +001.8189 0
L1 02     76 +004.5080 +007.3617 +001.6834 -175.5914 +001.5000 -130.2975 0
L1 03     76 +016.0686 -000.5696 -000.8383 -091.5036 +003.8447 +092.2627 0
L1 04     76 +008.7540 +008.7679 +001.7857 -038.0265 +000.0497 +000.4755 0
L1 05     76 +014.3984 +010.0436 +001.9724 -107.8833 +000.8957 -010.8226 0
L1 06     76 +014.5924 +000.9733 -003.8063 -179.3907 +006.7920 -000.4237 0
L1 07     76 +013.5712 +001.0881 -004.0671 -086.1946 +008.4743 +003.3997 0
L1 08     76 +012.8040 +000.9476 -003.9714 -010.7607 -000.2780 +001.5350 0
L1 01     80 +015.9812 +000.1632 +001.3551 -086.0253 -001.2084 +001.8198 0
L1 02     80 +004.5080 +007.3617 +001.6834 -175.5917 +001.4988 -130.2922 0
L1 03     80 +016.0686 -000.5700 -000.8382 -091.5072 +003.8447 +092.2628 0
L1 04     80 +008.7541 +008.7678 +001.7856 -038.0282 +000.0503 +000.4751 0
L1 05     80 +014.3989 +010.0426 +001.9728 -107.8895 +000.8985 -010.8222 0
L1 06     80 +014.5924 +000.9737 -003.8065 -179.3892 +006.7915 -000.4234 0
L1 07     80 +013.5713 +001.0881 -004.0669 -086.1941 +008.4756 +003.4010 0
L1 08     80 +012.8041 +000.9474 -003.9713 -010.7624 -000.2785 +001.5344 0
L1 01     84 +015.9812 +000.1631 +001.3552 -086.0256 -001.2101 +001.8216 0
L1 02     84 +004.5080 +007.3616 +001.6834 -175.5907 +001.4966 -130.2844 0
L1 03     84 +016.0685 -000.5698 -000.8381 -091.5061 +003.8447 +092.2641 0
L1 04     84 +008.7541 +008.7678 +001.7856 -038.0281 +000.0502 +000.4752 0
L1 05     84 +014.3987 +010.0429 +001.9725 -107.8882 +000.8967 -010.8224 0
L1 06     84 +014.5924 +000.9732 -003.8067 -179.3915 +006.7904 -000.4227 0
L1 07     84 +013.5712 +001.0882 -004.0669 -086.1907 +008.4770 +003.4008 0
L1 08     84 +012.8041 +000.9476 -003.9713 -010.7614 -000.2789 +001.5345 0
L1 01     88 +015.9812 +000.1632 +001.3554 -086.0249 -001.2112 +001.8215 0
L1 02     88 +004.5080 +007.3616 +001.6834 -175.5907 +001.4967 -130.2834 0
L1 03     88 +016.0686 -000.5698 -000.8383 -091.5054 +003.8443 +092.2627 0
L1 04     88 +008.7541 +008.7678 +001.7856 -038.0277 +000.0500 +000.4749 0
L1 05     88 +014.3990 +010.0426 +001.9723 -107.8907 +000.8966 -010.8234 0
L1 06     88 +014.5924 +000.9734 -003.8067 -179.3901 +006.7899 -000.4233 0
L1 07     88 +013.5713 +001.0881 -004.0671 -086.1883 +008.4805 +003.4001 0
L1 08     88 +012.8041 +000.9475 -003.9713 -010.7614 -000.2792 +001.5345 0
L1 01     92 +015.9812 +000.1631 +001.3551 -086.0247 -001.2116 +001.8199 0
L1 02     92 +004.5079 +007.3617 +001.6834 -175.5900 +001.4973 -130.2860 0
L1 03     92 +016.0686 -000.5694 -000.8383 -091.5025 +003.8450 +092.2629 0
L1 04     92 +008.7540 +008.7679 +001.7855 -038.0268 +000.0499 +000.4746 0
L1 05     92 +014.3986 +010.0434 +001.9722 -107.8853 +000.8946 -010.8218 0
L1 06     92 +014.5925 +000.9734 -003.8064 -179.3891 +006.7919 -000.4230 0
L1 07     92 +013.5712 +001.0882 -004.0671 -086.1858 +008.4839 +003.3999 0
L1 08     92 +012.8041 +000.9476 -003.9712 -010.7604 -000.2791 +001.5351 0
L1 01     96 +015.9812 +000.1634 +001.3552 -086.0231 -001.2092 +001.8212 0
L1 02     96 +004.5080 +007.3617 +001.6834 -175.5910 +001.4984 -130.2899 0
L1 03     96 +016.0686 -000.5699 -000.8382 -091.5056 +003.8453 +092.2634 0
L1 04     96 +008.7541 +008.7678 +001.7856 -038.0276 +000.0500 +000.4751 0
L1 05     96 +014.3987 +010.0431 +001.9725 -107.8865 +000.8970 -010.8233 0
L1 06     96 +014.5924 +000.9736 -003.8065 -179.3880 +006.7911 -000.4230 0
L1 07     96 +013.5712 +001.0881 -004.0671 -086.1872 +008.4865 +003.3993 0
L1 08     96 +012.8041 +000.9475 -003.9713 -010.7614 -000.2789 +001.5346 0
L1 01    100 +015.9812 +000.1632 +001.3554 -086.0242 -001.2103 +001.8229 0
L1 02    100 +004.5080 +007.3617 +001.6834 -175.5910 +001.4983 -130.2920 0
L1 03    100 +016.0686 -000.5697 -000.8382 -091.5045 +003.8452 +092.2636 0
L1 04    100 +008.7541 +008.7678 +001.7856 -038.0277 +000.0501 +000.4753 0
L1 05    100 +014.3988 +010.0429 +001.9723 -107.8877 +000.8964 -010.8236 0
L1 06    100 +014.5924 +000.9733 -003.8066 -179.3892 +006.7914 -000.4217 0
L1 07    100 +013.5713 +001.0882 -004.0671 -086.1851 +008.4861 +003.3998 0
L1 08    100 +012.8041 +000.9476 -003.9713 -010.7615 -000.2794 +001.5350 0
L1 01    104 +015.9812 +000.1632 +001.3556 -086.0245 -001.2112 +001.8240 0
L1 02    104 +004.5080 +007.3617 +001.6834 -175.5914 +001.4984 -130.2931 0
L1 03    104 +016.0686 -000.5696 -000.8382 -091.5047 +003.8450 +092.2640 0
L1 04    104 +008.7541 +008.7678 +001.7856 -038.0280 +000.0500 +000.4754 0
L1 05    104 +014.3988 +010.0428 +001.9725 -107.8888 +000.8968 -010.8221 0
L1 06    104 +014.5925 +000.9735 -003.8065 -179.3884 +006.7928 -000.4218 0
L1 07    104 +013.5713 +001.0883 -004.0670 -086.1838 +008.4874 +003.4002 0
L1 08    104 +012.8041 +000.9476 -003.9713 -010.7615 -000.2794 +001.5349 0
L1 01    108 +015.9812 +000.1630 +001.3553 -086.0260 -001.2112 +001.8219 0
L1 02    108 +004.5080 +007.3617 +001.6834 -175.5914 +001.4986 -130.2922 0
L1 03    108 +016.0686 -000.5696 -000.8382 -091.5045 +003.8450 +092.2638 0
L1 04    108 +008.7541 +008.7678 +001.7856 -038.0285 +000.0499 +000.4755 0
L1 05    108 +014.3988 +010.0429 +001.9727 -107.8885 +000.8976 -010.8209 0
L1 06    108 +014.5925 +000.9735 -003.8064 -179.3886 +006.7927 -000.4225 0
L1 07    108 +013.5713 +001.0882 -004.0671 -086.1829 +008.4895 +003.3998 0
L1 08    108 +012.8041 +000.9475 -003.9713 -010.7616 -000.2793 +001.5347 0
L1 01    112 +015.9812 +000.1634 +001.3554 -086.0230 -001.2100 +001.8231 0
L1 02    112 +004.5080 +007.3617 +001.6834 -175.5907 +001.4979 -130.2875 0
L1 03    112 +016.0686 -000.5698 -000.8381 -091.5051 +003.8457 +092.2645 0
L1 04    112 +008.7541 +008.7678 +001.7856 -038.0278 +000.0501 +000.4750 0
L1 05    112 +014.3986 +010.0431 +001.9724 -107.8873 +000.8967 -010.8220 0
L1 06    112 +014.5925 +000.9735 -003.8064 -179.3882 +006.7925 -000.4217 0
L1 07    112 +013.5712 +001.0884 -004.0671 -086.1773 +008.4922 +003.4002 0
L1 08    112 +012.8041 +000.9475 -003.9713 -010.7619 -000.2794 +001.5349 0
L1 01    116 +015.9812 +000.1636 +001.3554 -086.0205 -001.2107 +001.8227 0
L1 02    116 +004.5079 +007.3617 +001.6835 -175.5899 +001.4967 -130.2833 0
L1 03    116 +016.0686 -000.5696 -000.8381 -091.5027 +003.8456 +092.2643 0
L1 04    116 +008.7540 +008.7679 +001.7856 -038.0267 +000.0497 +000.4750 0
L1 05    116 +014.3987 +010.0431 +001.9724 -107.8864 +000.8969 -010.8227 0
L1 06    116 +014.5925 +000.9733 -003.8064 -179.3878 +006.7919 -000.4219 0
L1 07    116 +013.5713 +001.0882 -004.0669 -086.1777 +008.4932 +003.4011 0
L1 08    116 +012.8041 +000.9475 -003.9713 -010.7615 -000.2791 +001.5349 0
L1 01    120 +015.9812 +000.1633 +001.3553 -086.0228 -001.2111 +001.8217 0
L1 02    120 +004.5080 +007.3617 +001.6834 -175.5905 +001.4971 -130.2848 0
L1 03    120 +016.0686 -000.5696 -000.8381 -091.5035 +003.8459 +092.2642 0
L1 04    120 +008.7541 +008.7678 +001.7856 -038.0272 +000.0497 +000.4751 0
L1 05    120 +014.3988 +010.0429 +001.9725 -107.8874 +000.8968 -010.8225 0
L1 06    120 +014.5925 +000.9732 -003.8064 -179.3887 +006.7914 -000.4217 0
L1 07    120 +013.5712 +001.0882 -004.0672 -086.1766 +008.4970 +003.3978 0
L1 08    120 +012.8041 +000.9476 -003.9712 -010.7610 -000.2793 +001.5349 0
L1 01    124 +015.9812 +000.1635 +001.3554 -086.0220 -001.2101 +001.8226 0
L1 02    124 +004.5080 +007.3617 +001.6834 -175.5909 +001.4980 -130.2892 0
L1 03    124 +016.0686 -000.5698 -000.8382 -091.5046 +003.8459 +092.2639 0
L1 04    124 +008.7541 +008.7678 +001.7856 -038.0275 +000.0499 +000.4750 0
L1 05    124 +014.3990 +010.0427 +001.9724 -107.8891 +000.8970 -010.8236 0
L1 06    124 +014.5925 +000.9733 -003.8063 -179.3878 +006.7926 -000.4212 0
L1 07    124 +013.5713 +001.0883 -004.0671 -086.1731 +008.4993 +003.3985 0
L1 08    124 +012.8041 +000.9475 -003.9713 -010.7615 -000.2792 +001.5345 0
L1 01    128 +015.9813 +000.1635 +001.3555 -086.0222 -001.2099 +001.8239 0
L1 02    128 +004.5080 +007.3617 +001.6834 -175.5914 +001.4990 -130.2935 0
L1 03    128 +016.0686 -000.5698 -000.8380 -091.5058 +003.8455 +092.2653 0
L1 04    128 +008.7541 +008.7678 +001.7856 -038.0284 +000.0502 +000.4751 0
L1 05    128 +014.3991 +010.0426 +001.9720 -107.8912 +000.8960 -010.8259 0
L1 06    128 +014.5925 +000.9732 -003.8063 -179.3883 +006.7935 -000.4211 0
L1 07    128 +013.5713 +001.0882 -004.0671 -086.1738 +008.4990 +003.3986 0
L1 08    128 +012.8041 +000.9474 -003.9713 -010.7622 -000.2797 +001.5345 0
L1 01    132 +015.9812 +000.1632 +001.3549 -086.0252 -001.2103 +001.8187 0
L1 02    132 +004.5080 +007.3617 +001.6834 -175.5910 +001.4987 -130.2929 0
L1 03    132 +016.0686 -000.5698 -000.8383 -091.5055 +003.8452 +092.2633 0
L1 04    132 +008.7541 +008.7678 +001.7855 -038.0282 +000.0502 +000.4746 0
L1 05    132 +014.3991 +010.0426 +001.9721 -107.8902 +000.8953 -010.8256 0
L1 06    132 +014.5925 +000.9733 -003.8064 -179.3876 +006.7922 -000.4218 0
L1 07    132 +013.5713 +001.0883 -004.0671 -086.1704 +008.5017 +003.3990 0
L1 08    132 +012.8041 +000.9476 -003.9713 -010.7614 -000.2787 +001.5348 0
L1 01    136 +015.9811 +000.1632 +001.3549 -086.0251 -001.2117 +001.8179 0
L1 02    136 +004.5079 +007.3617 +001.6834 -175.5904 +001.4981 -130.2896 0
L1 03    136 +016.0686 -000.5696 -000.8383 -091.5044 +003.8452 +092.2628 0
L1 04    136 +008.7541 +008.7678 +001.7855 -038.0275 +000.0500 +000.4745 0
L1 05    136 +014.3988 +010.0429 +001.9725 -107.8871 +000.8965 -010.8230 0
L1 06    136 +014.5924 +000.9735 -003.8067 -179.3857 +006.7899 -000.4219 0
L1 07    136 +013.5712 +001.0882 -004.0675 -086.1701 +008.5031 +003.3955 0
L1 08    136 +012.8041 +000.9476 -003.9714 -010.7612 -000.2785 +001.5346 0
L1 01    140 +015.9811 +000.1635 +001.3549 -086.0232 -001.2101 +001.8174 0
L1 02    140 +004.5079 +007.3617 +001.6834 -175.5902 +001.4973 -130.2859 0
L1 03    140 +016.0686 -000.5697 -000.8383 -091.5045 +003.8459 +092.2626 0
L1 04    140 +008.7540 +008.7679 +001.7856 -038.0264 +000.0497 +000.4747 0
L1 05    140 +014.3985 +010.0434 +001.9725 -107.8838 +000.8969 -010.8232 0
L1 06    140 +014.5924 +000.9734 -003.8067 -179.3854 +006.7897 -000.4226 0
L1 07    140 +013.5713 +001.0884 -004.0673 -086.1668 +008.5053 +003.3975 0
L1 08    140 +012.8041 +000.9475 -003.9714 -010.7612 -000.2785 +001.5349 0
L1 01    144 +015.9812 +000.1636 +001.3552 -086.0214 -001.2100 +001.8216 0
L1 02    144 +004.5080 +007.3617 +001.6834 -175.5910 +001.4970 -130.2849 0
L1 03    144 +016.0686 -000.5696 -000.8381 -091.5036 +003.8459 +092.2640 0
L1 04    144 +008.7540 +008.7679 +001.7856 -038.0270 +000.0498 +000.4749 0
L1 05    144 +014.3986 +010.0433 +001.9725 -107.8845 +000.8973 -010.8226 0
L1 06    144 +014.5924 +000.9734 -003.8066 -179.3849 +006.7910 -000.4215 0
L1 07    144 +013.5713 +001.0885 -004.0673 -086.1630 +008.5088 +003.3968 0
L1 08    144 +012.8041 +000.9476 -003.9713 -010.7610 -000.2790 +001.5349 0
L1 01    148 +015.9812 +000.1634 +001.3553 -086.0229 -001.2100 +001.8224 0
L1 02    148 +004.5080 +007.3617 +001.6834 -175.5912 +001.4977 -130.2877 0
L1 03    148 +016.0686 -000.5698 -000.8382 -091.5055 +003.8454 +092.2637 0
L1 04    148 +008.7541 +008.7678 +001.7856 -038.0283 +000.0501 +000.4748 0
L1 05    148 +014.3989 +010.0427 +001.9722 -107.8885 +000.8959 -010.8234 0
L1 06    148 +014.5925 +000.9733 -003.8064 -179.3866 +006.7927 -000.4224 0
L1 07    148 +013.5713 +001.0882 -004.0671 -086.1648 +008.5101 +003.3993 0
L1 08    148 +012.8041 +000.9475 -003.9713 -010.7621 -000.2787 +001.5345 0
L1 01    152 +015.9812 +000.1630 +001.3559 -086.0244 -001.2135 +001.8266 0
L1 02    152 +004.5080 +007.3617 +001.6834 -175.5913 +001.4978 -130.2907 0
L1 03    152 +016.0686 -000.5694 -000.8382 -091.5031 +003.8456 +092.2639 0
L1 04    152 +008.7541 +008.7678 +001.7856 -038.0281 +000.0500 +000.4753 0
L1 05    152 +014.3988 +010.0428 +001.9724 -107.8883 +000.8959 -010.8233 0
L1 06    152 +014.5925 +000.9733 -003.8064 -179.3862 +006.7931 -000.4218 0
L1 07    152 +013.5713 +001.0884 -004.0671 -086.1618 +008.5116 +003.3991 0
L1 08    152 +012.8041 +000.9476 -003.9713 -010.7613 -000.2792 +001.5343 0
L1 01    156 +015.9812 +000.1632 +001.3553 -086.0238 -001.2109 +001.8222 0
L1 02    156 +004.5080 +007.3617 +001.6834 -175.5911 +001.4983 -130.2915 0
L1 03    156 +016.0686 -000.5697 -000.8383 -091.5049 +003.8458 +092.2634 0
L1 04    156 +008.7541 +008.7678 +001.7856 -038.0276 +000.0499 +000.4749 0
L1 05    156 +014.3989 +010.0428 +001.9721 -107.8885 +000.8954 -010.8248 0
L1 06    156 +014.5925 +000.9734 -003.8065 -179.3849 +006.7916 -000.4222 0
L1 07    156 +013.5713 +001.0884 -004.0671 -086.1607 +008.5133 +003.3986 0
L1 08    156 +012.8041 +000.9476 -003.9714 -010.7612 -000.2786 +001.5346 0
L1 01    160 +015.9812 +000.1633 +001.3554 -086.0231 -001.2099 +001.8224 0
L1 02    160 +004.5080 +007.3617 +001.6834 -175.5911 +001.4978 -130.2894 0
L1 03    160 +016.0686 -000.5697 -000.8383 -091.5043 +003.8457 +092.2630 0
L1 04    160 +008.7541 +008.7678 +001.7856 -038.0275 +000.0498 +000.4749 0
L1 05    160 +014.3991 +010.0425 +001.9721 -107.8901 +000.8954 -010.8251 0
L1 06    160 +014.5925 +000.9732 -003.8064 -179.3859 +006.7925 -000.4220 0
L1 07    160 +013.5713 +001.0883 -004.0671 -086.1613 +008.5146 +003.3985 0
L1 08    160 +012.8041 +000.9475 -003.9714 -010.7614 -000.2785 +001.5348 0
L1 01    164 +015.9811 +000.1633 +001.3551 -086.0232 -001.2097 +001.8206 0
L1 02    164 +004.5080 +007.3617 +001.6834 -175.5906 +001.4977 -130.2878 0
L1 03    164 +016.0686 -000.5697 -000.8383 -091.5043 +003.8460 +092.2629 0
L1 04    164 +008.7541 +008.7678 +001.7856 -038.0273 +000.0496 +000.4749 0
L1 05    164 +014.3989 +010.0429 +001.9726 -107.8877 +000.8970 -010.8229 0
L1 06    164 +014.5924 +000.9735 -003.8066 -179.3832 +006.7905 -000.4226 0
L1 07    164 +013.5713 +001.0883 -004.0672 -086.1592 +008.5151 +003.3975 0
L1 08    164 +012.8041 +000.9476 -003.9714 -010.7606 -000.2783 +001.5348 0
L1 01    168 +015.9812 +000.1630 +001.3554 -086.0245 -001.2117 +001.8227 0
L1 02    168 +004.5080 +007.3617 +001.6834 -175.5906 +001.4974 -130.2872 0
L1 03    168 +016.0686 -000.5695 -000.8381 -091.5028 +003.8463 +092.2643 0
L1 04    168 +008.7541 +008.7678 +001.7856 -038.0275 +000.0499 +000.4750 0
L1 05    168 +014.3989 +010.0428 +001.9726 -107.8893 +000.8972 -010.8221 0
L1 06    168 +014.5924 +000.9734 -003.8066 -179.3846 +006.7910 -000.4220 0
L1 07    168 +013.5713 +001.0884 -004.0671 -086.1569 +008.5161 +003.3985 0
L1 08    168 +012.8041 +000.9476 -003.9713 -010.7610 -000.2790 +001.5348 0
L1 01    172 +015.9812 +000.1632 +001.3549 -086.0234 -001.2095 +001.8190 0
L1 02    172 +004.5080 +007.3617 +001.6834 -175.5908 +001.4978 -130.2884 0
L1 03    172 +016.0686 -000.5697 -000.8381 -091.5046 +003.8469 +092.2636 0
L1 04    172 +008.7541 +008.7678 +001.7856 -038.0279 +000.0499 +000.4749 0
L1 05    172 +014.3990 +010.0427 +001.9726 -107.8894 +000.8968 -010.8228 0
L1 06    172 +014.5924 +000.9732 -003.8067 -179.3847 +006.7903 -000.4216 0
L1 07    172 +013.5713 +001.0884 -004.0672 -086.1542 +008.5198 +003.3962 0
L1 08    172 +012.8041 +000.9476 -003.9713 -010.7610 -000.2787 +001.5347 0
L1 01    176 +015.9812 +000.1633 +001.3557 -086.0225 -001.2104 +001.8259 0
L1 02    176 +004.5080 +007.3617 +001.6834 -175.5913 +001.4979 -130.2893 0
L1 03    176 +016.0686 -000.5696 -000.8381 -091.5042 +003.8470 +092.2649 0
L1 04    176 +008.7541 +008.7678 +001.7856 -038.0281 +000.0500 +000.4751 0
L1 05    176 +014.3988 +010.0429 +001.9726 -107.8883 +000.8978 -010.8219 0
L1 06    176 +014.5925 +000.9732 -003.8065 -179.3858 +006.7917 -000.4217 0
L1 07    176 +013.5714 +001.0884 -004.0671 -086.1527 +008.5233 +003.3995 0
L1 08    176 +012.8041 +000.9475 -003.9713 -010.7617 -000.2791 +001.5348 0
L1 01    180 +015.9812 +000.1631 +001.3554 -086.0239 -001.2116 +001.8226 0
L1 02    180 +004.5080 +007.3617 +001.6834 -175.5910 +001.4977 -130.2885 0
L1 03    180 +016.0686 -000.5695 -000.8381 -091.5039 +003.8466 +092.2641 0
L1 04    180 +008.7541 +008.7678 +001.7856 -038.0277 +000.0498 +000.4750 0
L1 05    180 +014.3991 +010.0426 +001.9725 -107.8900 +000.8960 -010.8216 0
L1 06    180 +014.5925 +000.9734 -003.8063 -179.3834 +006.7928 -000.4217 0
L1 07    180 +013.5713 +001.0886 -004.0671 -086.1496 +008.5249 +003.3976 0
L1 08    180 +012.8041 +000.9476 -003.9713 -010.7613 -000.2786 +001.5350 0
L1 01    184 +015.9812 +000.1632 +001.3553 -086.0236 -001.2099 +001.8229 0
L1 02    184 +004.5080 +007.3617 +001.6834 -175.5912 +001.4973 -130.2875 0
L1 03    184 +016.0686 -000.5699 -000.8379 -091.5064 +003.8471 +092.2654 0
L1 04    184 +008.7541 +008.7678 +001.7856 -038.0281 +000.0500 +000.4753 0
L1 05    184 +014.3988 +010.0429 +001.9723 -107.8884 +000.8948 -010.8219 0
L1 06    184 +014.5925 +000.9734 -003.8065 -179.3835 +006.7915 -000.4217 0
L1 07    184 +013.5713 +001.0884 -004.0671 -086.1511 +008.5247 +003.3976 0
L1 08    184 +012.8041 +000.9475 -003.9713 -010.7620 -000.2787 +001.5347 0
L1 01    188 +015.9812 +000.1631 +001.3551 -086.0248 -001.2104 +001.8194 0
L1 02    188 +004.5080 +007.3617 +001.6834 -175.5910 +001.4978 -130.2883 0
L1 03    188 +016.0686 -000.5696 -000.8383 -091.5047 +003.8468 +092.2633 0
L1 04    188 +008.7541 +008.7678 +001.7856 -038.0277 +000.0499 +000.4748 0
L1 05    188 +014.3988 +010.0430 +001.9724 -107.8870 +000.8959 -010.8226 0
L1 06    188 +014.5925 +000.9737 -003.8064 -179.3810 +006.7923 -000.4229 0
L1 07    188 +013.5713 +001.0884 -004.0672 -086.1489 +008.5256 +003.3969 0
L1 08    188 +012.8041 +000.9475 -003.9714 -010.7620 -000.2782 +001.5346 0
L1 01    192 +015.9812 +000.1634 +001.3549 -086.0229 -001.2073 +001.8169 0
L1 02    192 +004.5079 +007.3617 +001.6834 -175.5901 +001.4982 -130.2901 0
L1 03    192 +016.0686 -000.5700 -000.8384 -091.5065 +003.8473 +092.2623 0
L1 04    192 +008.7541 +008.7678 +001.7855 -038.0276 +000.0501 +000.4745 0
L1 05    192 +014.3987 +010.0431 +001.9722 -107.8862 +000.8950 -010.8235 0
L1 06    192 +014.5925 +000.9735 -003.8065 -179.3810 +006.7916 -000.4222 0
L1 07    192 +013.5713 +001.0886 -004.0672 -086.1445 +008.5305 +003.3975 0
L1 08    192 +012.8041 +000.9475 -003.9714 -010.7621 -000.2780 +001.5346 0
L1 01    196 +015.9812 +000.1633 +001.3551 -086.0227 -001.2092 +001.8192 0
L1 02    196 +004.5079 +007.3617 +001.6834 -175.5905 +001.4981 -130.2897 0
L1 03    196 +016.0686 -000.5698 -000.8383 -091.5048 +003.8470 +092.2630 0
L1 04    196 +008.7541 +008.7678 +001.7856 -038.0275 +000.0498 +000.4748 0
L1 05    196 +014.3984 +010.0435 +001.9723 -107.8836 +000.8957 -010.8230 0
L1 06    196 +014.5924 +000.9735 -003.8066 -179.3810 +006.7904 -000.4223 0
L1 07    196 +013.5713 +001.0885 -004.0673 -086.1445 +008.5316 +003.3959 0
L1 08    196 +012.8041 +000.9476 -003.9714 -010.7610 -000.2778 +001.5350 0
L1 01    200 +015.9812 +000.1635 +001.3554 -086.0214 -001.2100 +001.8224 0
L1 02    200 +004.5079 +007.3617 +001.6834 -175.5903 +001.4977 -130.2879 0
L1 03    200 +016.0686 -000.5698 -000.8382 -091.5050 +003.8472 +092.2636 0
L1 04    200 +008.7540 +008.7679 +001.7856 -038.0272 +000.0498 +000.4748 0
L1 05    200 +014.3987 +010.0431 +001.9719 -107.8857 +000.8948 -010.8248 0
L1 06    200 +014.5924 +000.9732 -003.8067 -179.3822 +006.7900 -000.4211 0
L1 07    200 +013.5713 +001.0886 -004.0671 -086.1425 +008.5332 +003.3976 0
L1 08    200 +012.8041 +000.9476 -003.9714 -010.7608 -000.2781 +001.5353 0
L1 01    204 +015.9812 +000.1631 +001.3552 -086.0236 -001.2105 +001.8201 0
L1 02    204 +004.5079 +007.3617 +001.6834 -175.5904 +001.4974 -130.2871 0
L1 03    204 +016.0686 -000.5698 -000.8383 -091.5055 +003.8472 +092.2631 0
L1 04    204 +008.7540 +008.7679 +001.7856 -038.0269 +000.0497 +000.4750 0
L1 05    204 +014.3987 +010.0429 +001.9726 -107.8872 +000.8972 -010.8218 0
L1 06    204 +014.5924 +000.9735 -003.8065 -179.3807 +006.7914 -000.4225 0
L1 07    204 +013.5713 +001.0886 -004.0672 -086.1417 +008.5344 +003.3974 0
L1 08    204 +012.8041 +000.9476 -003.9714 -010.7607 -000.2783 +001.5352 0
L1 01    208 +015.9812 +000.1633 +001.3557 -086.0228 -001.2100 +001.8241 0
L1 02    208 +004.5080 +007.3617 +001.6834 -175.5913 +001.4976 -130.2881 0
L1 03    208 +016.0686 -000.5698 -000.8383 -091.5059 +003.8474 +092.2633 0
L1 04    208 +008.7541 +008.7678 +001.7855 -038.0275 +000.0500 +000.4746 0
L1 05    208 +014.3989 +010.0427 +001.9723 -107.8894 +000.8960 -010.8248 0
L1 06    208 +014.5925 +000.9732 -003.8065 -179.3830 +006.7919 -000.4218 0
L1 07    208 +013.5713 +001.0886 -004.0671 -086.1411 +008.5349 +003.3979 0
L1 08    208 +012.8041 +000.9476 -003.9713 -010.7615 -000.2787 +001.5349 0
L1 01    212 +015.9812 +000.1630 +001.3551 -086.0245 -001.2100 +001.8202 0
L1 02    212 +004.5080 +007.3617 +001.6834 -175.5908 +001.4976 -130.2886 0
L1 03    212 +016.0686 -000.5697 -000.8383 -091.5050 +003.8474 +092.2631 0
L1 04    212 +008.7541 +008.7678 +001.7855 -038.0279 +000.0501 +000.4746 0
L1 05    212 +014.3987 +010.0429 +001.9725 -107.8872 +000.8961 -010.8221 0
L1 06    212 +014.5925 +000.9733 -003.8066 -179.3812 +006.7914 -000.4218 0
L1 07    212 +013.5713 +001.0886 -004.0671 -086.1385 +008.5375 +003.3969 0
L1 08    212 +012.8041 +000.9476 -003.9714 -010.7613 -000.2783 +001.5349 0
L1 01    216 +015.9812 +000.1628 +001.3553 -086.0256 -001.2111 +001.8209 0
L1 02    216 +004.5079 +007.3617 +001.6834 -175.5905 +001.4976 -130.2884 0
L1 03    216 +016.0686 -000.5695 -000.8383 -091.5039 +003.8473 +092.2629 0
L1 04    216 +008.7541 +008.7679 +001.7856 -038.0276 +000.0499 +000.4748 0
L1 05    216 +014.3989 +010.0427 +001.9724 -107.8892 +000.8968 -010.8222 0
L1 06    216 +014.5925 +000.9733 -003.8064 -179.3801 +006.7926 -000.4209 0
L1 07    216 +013.5713 +001.0889 -004.0672 -086.1331 +008.5421 +003.3973 0
L1 08    216 +012.8041 +000.9476 -003.9714 -010.7609 -000.2783 +001.5348 0
L1 01    220 +015.9812 +000.1631 +001.3551 -086.0249 -001.2099 +001.8188 0
L1 02    220 +004.5080 +007.3618 +001.6832 -175.5904 +001.4950 -130.2861 0
L1 03    220 +016.0687 -000.5697 -000.8384 -091.5049 +003.8477 +092.2618 0
L1 04    220 +008.7540 +008.7679 +001.7854 -038.0270 +000.0507 +000.4728 0
L1 05    220 +014.3977 +010.0443 +001.9727 -107.8804 +000.8968 -010.8231 0
L1 06    220 +014.5925 +000.9737 -003.8063 -179.3793 +006.7915 -000.4230 0
L1 07    220 +013.5713 +001.0889 -004.0671 -086.1309 +008.5437 +003.3974 0
L1 08    220 +012.8041 +000.9477 -003.9712 -010.7608 -000.2790 +001.5351 0
L1 01    224 +015.9812 +000.1638 +001.3558 -086.0194 -001.2097 +001.8243 0
L1 02    224 +004.5079 +007.3617 +001.6834 -175.5901 +001.4978 -130.2893 0
L1 03    224 +016.0686 -000.5697 -000.8383 -091.5037 +003.8482 +092.2630 0
L1 04    224 +008.7540 +008.7679 +001.7856 -038.0266 +000.0497 +000.4751 0
L1 05    224 +014.3985 +010.0435 +001.9723 -107.8835 +000.8956 -010.8246 0
L1 06    224 +014.5925 +000.9735 -003.8064 -179.3788 +006.7915 -000.4219 0
L1 07    224 +013.5713 +001.0888 -004.0672 -086.1311 +008.5460 +003.3965 0
L1 08    224 +012.8041 +000.9476 -003.9713 -010.7607 -000.2789 +001.5352 0
L1 01    228 +015.9812 +000.1634 +001.3553 -086.0221 -001.2090 +001.8219 0
L1 02    228 +004.5080 +007.3617 +001.6834 -175.5907 +001.4977 -130.2881 0
L1 03    228 +016.0686 -000.5697 -000.8383 -091.5045 +003.8480 +092.2634 0
L1 04    228 +008.7540 +008.7679 +001.7856 -038.0273 +000.0497 +000.4751 0
L1 05    228 +014.3986 +010.0434 +001.9723 -107.8850 +000.8945 -010.8227 0
L1 06    228 +014.5926 +000.9733 -003.8063 -179.3795 +006.7929 -000.4210 0
L1 07    228 +013.5714 +001.0889 -004.0671 -086.1291 +008.5459 +003.3975 0
L1 08    228 +012.8041 +000.9476 -003.9713 -010.7614 -000.2790 +001.5349 0
L1 01    232 +015.9812 +000.1633 +001.3549 -086.0229 -001.2087 +001.8189 0
L1 02    232 +004.5079 +007.3617 +001.6834 -175.5904 +001.4976 -130.2872 0
L1 03    232 +016.0687 -000.5697 -000.8384 -091.5049 +003.8478 +092.2625 0
L1 04    232 +008.7540 +008.7678 +001.7856 -038.0273 +000.0498 +000.4752 0
L1 05    232 +014.3991 +010.0428 +001.9721 -107.8883 +000.8952 -010.8248 0
L1 06    232 +014.5925 +000.9735 -003.8064 -179.3782 +006.7926 -000.4208 0
L1 07    232 +013.5714 +001.0886 -004.0671 -086.1306 +008.5463 +003.3972 0
L1 08    232 +012.8042 +000.9475 -003.9713 -010.7616 -000.2792 +001.5350 0
L1 01    236 +015.9812 +000.1632 +001.3553 -086.0240 -001.2097 +001.8214 0
L1 02    236 +004.5080 +007.3617 +001.6834 -175.5910 +001.4977 -130.2883 0
L1 03    236 +016.0686 -000.5699 -000.8385 -091.5066 +003.8476 +092.2622 0
L1 04    236 +008.7541 +008.7678 +001.7856 -038.0284 +000.0502 +000.4750 0
L1 05    236 +014.3989 +010.0428 +001.9726 -107.8899 +000.8970 -010.8230 0
L1 06    236 +014.5926 +000.9733 -003.8063 -179.3802 +006.7930 -000.4212 0
L1 07    236 +013.5714 +001.0885 -004.0672 -086.1302 +008.5474 +003.3968 0
L1 08    236 +012.8041 +000.9475 -003.9713 -010.7627 -000.2791 +001.5346 0
L1 01    240 +015.9812 +000.1634 +001.3551 -086.0223 -001.2085 +001.8198 0
L1 02    240 +004.5080 +007.3617 +001.6834 -175.5907 +001.4981 -130.2899 0
L1 03    240 +016.0686 -000.5698 -000.8383 -091.5059 +003.8479 +092.2629 0
L1 04    240 +008.7541 +008.7678 +001.7856 -038.0282 +000.0499 +000.4749 0
L1 05    240 +014.3989 +010.0428 +001.9722 -107.8889 +000.8951 -010.8249 0
L1 06    240 +014.5924 +000.9733 -003.8067 -179.3798 +006.7908 -000.4210 0
L1 07    240 +013.5713 +001.0885 -004.0675 -086.1283 +008.5509 +003.3930 0
L1 08    240 +012.8041 +000.9475 -003.9713 -010.7619 -000.2787 +001.5346 0
L1 01    244 +015.9812 +000.1638 +001.3550 -086.0196 -001.2073 +001.8187 0
L1 02    244 +004.5079 +007.3617 +001.6834 -175.5902 +001.4983 -130.2899 0
L1 03    244 +016.0686 -000.5699 -000.8383 -091.5049 +003.8488 +092.2629 0
L1 04    244 +008.7540 +008.7679 +001.7856 -038.0266 +000.0498 +000.4754 0
L1 05    244 +014.3988 +010.0432 +001.9725 -107.8860 +000.8960 -010.8222 0
L1 06    244 +014.5925 +000.9736 -003.8065 -179.3769 +006.7914 -000.4218 0
L1 07    244 +013.5713 +001.0887 -004.0673 -086.1236 +008.5552 +003.3949 0
L1 08    244 +012.8041 +000.9475 -003.9713 -010.7614 -000.2787 +001.5351 0
L1 01    248 +015.9811 +000.1635 +001.3548 -086.0211 -001.2085 +001.8178 0
L1 02    248 +004.5079 +007.3617 +001.6834 -175.5903 +001.4980 -130.2885 0
L1 03    248 +016.0686 -000.5697 -000.8381 -091.5043 +003.8488 +092.2635 0
L1 04    248 +008.7541 +008.7679 +001.7856 -038.0272 +000.0498 +000.4754 0
L1 05    248 +014.3988 +010.0431 +001.9724 -107.8862 +000.8953 -010.8226 0
L1 06    248 +014.5925 +000.9735 -003.8064 -179.3773 +006.7915 -000.4222 0
L1 07    248 +013.5713 +001.0887 -004.0673 -086.1231 +008.5567 +003.3951 0
L1 08    248 +012.8041 +000.9476 -003.9712 -010.7610 -000.2790 +001.5352 0
L1 01    252 +015.9812 +000.1632 +001.3552 -086.0228 -001.2095 +001.8203 0
L1 02    252 +004.5079 +007.3617 +001.6834 -175.5902 +001.4978 -130.2885 0
L1 03    252 +016.0686 -000.5695 -000.8382 -091.5037 +003.8482 +092.2636 0
L1 04    252 +008.7540 +008.7679 +001.7856 -038.0271 +000.0499 +000.4753 0
L1 05    252 +014.3989 +010.0429 +001.9727 -107.8893 +000.8978 -010.8220 0
L1 06    252 +014.5924 +000.9736 -003.8065 -179.3768 +006.7916 -000.4218 0
L1 07    252 +013.5714 +001.0886 -004.0672 -086.1219 +008.5577 +003.3964 0
L1 08    252 +012.8041 +000.9476 -003.9713 -010.7613 -000.2791 +001.5348 0
L1 01    256 +015.9812 +000.1634 +001.3554 -086.0211 -001.2093 +001.8230 0
L1 02    256 +004.5080 +007.3617 +001.6834 -175.5909 +001.4980 -130.2892 0
L1 03    256 +016.0686 -000.5697 -000.8381 -091.5048 +003.8482 +092.2646 0
L1 04    256 +008.7541 +008.7678 +001.7856 -038.0278 +000.0499 +000.4755 0
L1 05    256 +014.3989 +010.0427 +001.9729 -107.8907 +000.8986 -010.8198 0
L1 06    256 +014.5924 +000.9734 -003.8064 -179.3775 +006.7921 -000.4213 0
L1 07    256 +013.5713 +001.0887 -004.0672 -086.1204 +008.5590 +003.3964 0
L1 08    256 +012.8041 +000.9475 -003.9713 -010.7618 -000.2795 +001.5349 0
L1 01    260 +015.9812 +000.1635 +001.3551 -086.0209 -001.2076 +001.8190 0
L1 02    260 +004.5080 +007.3617 +001.6835 -175.5908 +001.4981 -130.2892 0
L1 03    260 +016.0686 -000.5698 -000.8381 -091.5055 +003.8485 +092.2640 0
L1 04    260 +008.7540 +008.7679 +001.7856 -038.0274 +000.0500 +000.4750 0
L1 05    260 +014.3991 +010.0425 +001.9727 -107.8921 +000.8972 -010.8222 0
L1 06    260 +014.5924 +000.9735 -003.8064 -179.3763 +006.7923 -000.4214 0
L1 07    260 +013.5713 +001.0886 -004.0673 -086.1190 +008.5601 +003.3948 0
L1 08    260 +012.8041 +000.9475 -003.9713 -010.7618 -000.2784 +001.5349 0
L1 01    264 +015.9812 +000.1633 +001.3550 -086.0217 -001.2091 +001.8187 0
L1 02    264 +004.5079 +007.3617 +001.6834 -175.5903 +001.4977 -130.2871 0
L1 03    264 +016.0686 -000.5696 -000.8381 -091.5041 +003.8485 +092.2638 0
L1 04    264 +008.7541 +008.7679 +001.7856 -038.0274 +000.0499 +000.4753 0
L1 05    264 +014.3987 +010.0431 +001.9720 -107.8865 +000.8941 -010.8237 0
L1 06    264 +014.5924 +000.9732 -003.8066 -179.3778 +006.7911 -000.4212 0
L1 07    264 +013.5713 +001.0886 -004.0672 -086.1180 +008.5629 +003.3947 0
L1 08    264 +012.8041 +000.9475 -003.9713 -010.7619 -000.2787 +001.5346 0
L1 01    268 +015.9812 +000.1633 +001.3552 -086.0215 -001.2102 +001.8210 0
L1 02    268 +004.5080 +007.3617 +001.6834 -175.5909 +001.4974 -130.2865 0
L1 03    268 +016.0686 -000.5696 -000.8381 -091.5040 +003.8486 +092.2638 0
L1 04    268 +008.7540 +008.7678 +001.7856 -038.0272 +000.0498 +000.4756 0
L1 05    268 +014.3988 +010.0429 +001.9721 -107.8873 +000.8950 -010.8232 0
L1 06    268 +014.5925 +000.9733 -003.8064 -179.3771 +006.7922 -000.4200 0
L1 07    268 +013.5713 +001.0886 -004.0674 -086.1161 +008.5663 +003.3932 0
L1 08    268 +012.8041 +000.9475 -003.9713 -010.7617 -000.2790 +001.5344 0
L1 01    272 +015.9811 +000.1632 +001.3552 -086.0212 -001.2116 +001.8213 0
L1 02    272 +004.5079 +007.3617 +001.6834 -175.5904 +001.4980 -130.2886 0
L1 03    272 +016.0686 -000.5694 -000.8381 -091.5025 +003.8486 +092.2644 0
L1 04    272 +008.7540 +008.7679 +001.7856 -038.0271 +000.0494 +000.4755 0
L1 05    272 +014.3990 +010.0427 +001.9722 -107.8890 +000.8951 -010.8244 0
L1 06    272 +014.5925 +000.9734 -003.8063 -179.3762 +006.7926 -000.4210 0
L1 07    272 +013.5713 +001.0887 -004.0672 -086.1117 +008.5679 +003.3959 0
L1 08    272 +012.8041 +000.9476 -003.9713 -010.7611 -000.2789 +001.5347 0
L1 01    276 +015.9811 +000.1632 +001.3551 -086.0215 -001.2096 +001.8208 0
L1 02    276 +004.5080 +007.3617 +001.6834 -175.5916 +001.4989 -130.2931 0
L1 03    276 +016.0686 -000.5696 -000.8380 -091.5040 +003.8485 +092.2645 0
L1 04    276 +008.7541 +008.7678 +001.7856 -038.0276 +000.0496 +000.4753 0
L1 05    276 +014.3989 +010.0429 +001.9720 -107.8883 +000.8948 -010.8243 0
L1 06    276 +014.5924 +000.9733 -003.8064 -179.3765 +006.7921 -000.4207 0
L1 07    276 +013.5713 +001.0889 -004.0672 -086.1098 +008.5683 +003.3961 0
L1 08    276 +012.8041 +000.9475 -003.9713 -010.7616 -000.2788 +001.5347 0
L1 01    280 +015.9812 +000.1631 +001.3552 -086.0228 -001.2101 +001.8204 0
L1 02    280 +004.5080 +007.3617 +001.6834 -175.5916 +001.4992 -130.2940 0
L1 03    280 +016.0686 -000.5697 -000.8381 -091.5051 +003.8488 +092.2641 0
L1 04    280 +008.7541 +008.7678 +001.7856 -038.0275 +000.0496 +000.4752 0
L1 05    280 +014.3992 +010.0424 +001.9723 -107.8915 +000.8955 -010.8227 0
L1 06    280 +014.5924 +000.9734 -003.8067 -179.3761 +006.7904 -000.4214 0
L1 07    280 +013.5714 +001.0886 -004.0673 -086.1132 +008.5683 +003.3951 0
L1 08    280 +012.8041 +000.9475 -003.9713 -010.7620 -000.2790 +001.5346 0
L1 01    284 +015.9812 +000.1633 +001.3552 -086.0222 -001.2088 +001.8203 0
L1 02    284 +004.5080 +007.3617 +001.6835 -175.5912 +001.4987 -130.2900 0
L1 03    284 +016.0686 -000.5700 -000.8382 -091.5069 +003.8491 +092.2635 0
L1 04    284 +008.7541 +008.7678 +001.7856 -038.0277 +000.0499 +000.4752 0
L1 05    284 +014.3988 +010.0427 +001.9722 -107.8888 +000.8952 -010.8229 0
L1 06    284 +014.5925 +000.9734 -003.8064 -179.3756 +006.7929 -000.4211 0
L1 07    284 +013.5713 +001.0887 -004.0672 -086.1092 +008.5705 +003.3952 0
L1 08    284 +012.8041 +000.9475 -003.9713 -010.7621 -000.2789 +001.5347 0
L1 01    288 +015.9812 +000.1636 +001.3553 -086.0199 -001.2088 +001.8215 0
L1 02    288 +004.5080 +007.3617 +001.6834 -175.5902 +001.4968 -130.2830 0
L1 03    288 +016.0686 -000.5698 -000.8382 -091.5054 +003.8491 +092.2636 0
L1 04    288 +008.7541 +008.7678 +001.7856 -038.0274 +000.0498 +000.4752 0
L1 05    288 +014.3988 +010.0431 +001.9719 -107.8869 +000.8942 -010.8245 0
L1 06    288 +014.5925 +000.9732 -003.8064 -179.3760 +006.7924 -000.4211 0
L1 07    288 +013.5713 +001.0888 -004.0672 -086.1064 +008.5735 +003.3958 0
L1 08    288 +012.8041 +000.9475 -003.9712 -010.7616 -000.2792 +001.5349 0
L1 01    292 +015.9812 +000.1641 +001.3553 -086.0170 -001.2066 +001.8222 0
L1 02    292 +004.5080 +007.3617 +001.6835 -175.5903 +001.4976 -130.2856 0
L1 03    292 +016.0686 -000.5700 -000.8382 -091.5063 +003.8498 +092.2639 0
L1 04    292 +008.7540 +008.7679 +001.7856 -038.0268 +000.0498 +000.4753 0
L1 05    292 +014.3988 +010.0432 +001.9717 -107.8864 +000.8925 -010.8249 0
L1 06    292 +014.5924 +000.9735 -003.8064 -179.3742 +006.7918 -000.4219 0
L1 07    292 +013.5714 +001.0887 -004.0671 -086.1049 +008.5767 +003.3954 0
L1 08    292 +012.8041 +000.9475 -003.9712 -010.7614 -000.2792 +001.5352 0
L1 01    296 +015.9812 +000.1634 +001.3555 -086.0215 -001.2082 +001.8224 0
L1 02    296 +004.5080 +007.3617 +001.6834 -175.5911 +001.4987 -130.2927 0
L1 03    296 +016.0686 -000.5701 -000.8383 -091.5074 +003.8495 +092.2630 0
L1 04    296 +008.7541 +008.7678 +001.7856 -038.0284 +000.0500 +000.4757 0
L1 05    296 +014.3990 +010.0428 +001.9723 -107.8899 +000.8958 -010.8235 0
L1 06    296 +014.5924 +000.9732 -003.8065 -179.3758 +006.7914 -000.4205 0
L1 07    296 +013.5713 +001.0888 -004.0673 -086.1031 +008.5793 +003.3946 0
L1 08    296 +012.8041 +000.9475 -003.9713 -010.7618 -000.2792 +001.5348 0
L1 01    300 +015.9812 +000.1635 +001.3553 -086.0220 -001.2083 +001.8212 0
L1 02    300 +004.5080 +007.3617 +001.6834 -175.5912 +001.4999 -130.2974 0
L1 03    300 +016.0686 -000.5700 -000.8384 -091.5070 +003.8493 +092.2623 0
L1 04    300 +008.7541 +008.7678 +001.7856 -038.0276 +000.0499 +000.4755 0
L1 05    300 +014.3986 +010.0432 +001.9725 -107.8868 +000.8964 -010.8217 0
L1 06    300 +014.5925 +000.9733 -003.8063 -179.3753 +006.7935 -000.4212 0
L1 07    300 +013.5713 +001.0889 -004.0674 -086.1011 +008.5800 +003.3929 0
L1 08    300 +012.8041 +000.9475 -003.9713 -010.7619 -000.2787 +001.5350 0
L1 01    304 +015.9812 +000.1634 +001.3552 -086.0227 -001.2085 +001.8211 0
L1 02    304 +004.5080 +007.3617 +001.6834 -175.5916 +001.4988 -130.2926 0
L1 03    304 +016.0686 -000.5701 -000.8383 -091.5077 +003.8492 +092.2629 0
L1 04    304 +008.7541 +008.7677 +001.7856 -038.0287 +000.0502 +000.4753 0
L1 05    304 +014.3989 +010.0427 +001.9724 -107.8894 +000.8976 -010.8238 0
L1 06    304 +014.5925 +000.9731 -003.8064 -179.3760 +006.7924 -000.4202 0
L1 07    304 +013.5713 +001.0887 -004.0673 -086.1022 +008.5807 +003.3942 0
L1 08    304 +012.8041 +000.9474 -003.9712 -010.7627 -000.2793 +001.5347 0
L1 01    308 +015.9812 +000.1637 +001.3554 -086.0191 -001.2079 +001.8231 0
L1 02    308 +004.5080 +007.3617 +001.6834 -175.5902 +001.4978 -130.2868 0
L1 03    308 +016.0686 -000.5699 -000.8383 -091.5058 +003.8497 +092.2631 0
L1 04    308 +008.7541 +008.7678 +001.7856 -038.0274 +000.0499 +000.4751 0
L1 05    308 +014.3988 +010.0431 +001.9722 -107.8874 +000.8958 -010.8231 0
L1 06    308 +014.5925 +000.9734 -003.8063 -179.3731 +006.7932 -000.4205 0
L1 07    308 +013.5714 +001.0888 -004.0672 -086.0991 +008.5831 +003.3946 0
L1 08    308 +012.8041 +000.9475 -003.9712 -010.7618 -000.2793 +001.5352 0
L1 01    312 +015.9812 +000.1635 +001.3555 -086.0197 -001.2107 +001.8244 0
L1 02    312 +004.5080 +007.3617 +001.6834 -175.5905 +001.4966 -130.2840 0
L1 03    312 +016.0686 -000.5693 -000.8382 -091.5016 +003.8488 +092.2642 0
L1 04    312 +008.7540 +008.7679 +001.7856 -038.0264 +000.0495 +000.4757 0
L1 05    312 +014.3987 +010.0431 +001.9723 -107.8868 +000.8956 -010.8226 0
L1 06    312 +014.5925 +000.9734 -003.8063 -179.3723 +006.7932 -000.4213 0
L1 07    312 +013.5714 +001.0889 -004.0671 -086.0960 +008.5849 +003.3957 0
L1 08    312 +012.8041 +000.9476 -003.9713 -010.7603 -000.2790 +001.5353 0
L1 01    316 +015.9812 +000.1634 +001.3554 -086.0207 -001.2107 +001.8226 0
L1 02    316 +004.5079 +007.3617 +001.6834 -175.5900 +001.4975 -130.2860 0
L1 03    316 +016.0686 -000.5694 -000.8382 -091.5027 +003.8494 +092.2637 0
L1 04    316 +008.7540 +008.7679 +001.7856 -038.0270 +000.0497 +000.4756 0
L1 05    316 +014.3987 +010.0431 +001.9724 -107.8862 +000.8947 -010.8232 0
L1 06    316 +014.5925 +000.9735 -003.8063 -179.3722 +006.7935 -000.4214 0
L1 07    316 +013.5713 +001.0890 -004.0673 -086.0941 +008.5887 +003.3939 0
L1 08    316 +012.8041 +000.9476 -003.9713 -010.7610 -000.2787 +001.5351 0
L1 01    320 +015.9812 +000.1633 +001.3557 -086.0208 -001.2121 +001.8258 0
L1 02    320 +004.5080 +007.3617 +001.6834 -175.5912 +001.4980 -130.2901 0
L1 03    320 +016.0686 -000.5694 -000.8382 -091.5031 +003.8494 +092.2649 0
L1 04    320 +008.7540 +008.7679 +001.7856 -038.0269 +000.0496 +000.4755 0
L1 05    320 +014.3988 +010.0428 +001.9727 -107.8885 +000.8979 -010.8223 0
L1 06    320 +014.5925 +000.9732 -003.8063 -179.3740 +006.7932 -000.4199 0
L1 07    320 +013.5714 +001.0889 -004.0672 -086.0932 +008.5883 +003.3950 0
L1 08    320 +012.8041 +000.9476 -003.9712 -010.7612 -000.2795 +001.5352 0
L1 01    324 +015.9813 +000.1637 +001.3560 -086.0186 -001.2101 +001.8289 0
L1 02    324 +004.5080 +007.3617 +001.6834 -175.5912 +001.4987 -130.2949 0
L1 03    324 +016.0685 -000.5696 -000.8381 -091.5043 +003.8498 +092.2654 0
L1 04    324 +008.7541 +008.7678 +001.7856 -038.0275 +000.0500 +000.4756 0
L1 05    324 +014.3989 +010.0427 +001.9723 -107.8906 +000.8974 -010.8238 0
L1 06    324 +014.5926 +000.9732 -003.8062 -179.3744 +006.7944 -000.4203 0
L1 07    324 +013.5714 +001.0889 -004.0672 -086.0924 +008.5907 +003.3952 0
L1 08    324 +012.8042 +000.9475 -003.9712 -010.7622 -000.2801 +001.5353 0
L1 01    328 +015.9813 +000.1634 +001.3555 -086.0213 -001.2101 +001.8237 0
L1 02    328 +004.5080 +007.3617 +001.6834 -175.5914 +001.4994 -130.2958 0
L1 03    328 +016.0686 -000.5697 -000.8383 -091.5046 +003.8501 +092.2638 0
L1 04    328 +008.7541 +008.7678 +001.7856 -038.0275 +000.0499 +000.4756 0
L1 05    328 +014.3988 +010.0429 +001.9727 -107.8881 +000.8978 -010.8225 0
L1 06    328 +014.5925 +000.9735 -003.8063 -179.3721 +006.7932 -000.4214 0
L1 07    328 +013.5714 +001.0890 -004.0673 -086.0901 +008.5923 +003.3947 0
L1 08    328 +012.8042 +000.9476 -003.9713 -010.7618 -000.2793 +001.5354 0
L1 01    332 +015.9812 +000.1632 +001.3552 -086.0226 -001.2109 +001.8212 0
L1 02    332 +004.5080 +007.3617 +001.6834 -175.5908 +001.4982 -130.2906 0
L1 03    332 +016.0686 -000.5696 -000.8382 -091.5040 +003.8499 +092.2637 0
L1 04    332 +008.7541 +008.7678 +001.7856 -038.0274 +000.0498 +000.4755 0
L1 05    332 +014.3990 +010.0424 +001.9730 -107.8910 +000.8990 -010.8219 0
L1 06    332 +014.5925 +000.9736 -003.8064 -179.3707 +006.7925 -000.4213 0
L1 07    332 +013.5714 +001.0890 -004.0672 -086.0892 +008.5932 +003.3951 0
L1 08    332 +012.8041 +000.9476 -003.9713 -010.7613 -000.2793 +001.5353 0
L1 01    336 +015.9811 +000.1633 +001.3551 -086.0222 -001.2100 +001.8200 0
L1 02    336 +004.5080 +007.3617 +001.6834 -175.5905 +001.4974 -130.2854 0
L1 03    336 +016.0686 -000.5696 -000.8383 -091.5044 +003.8501 +092.2632 0
L1 04    336 +008.7541 +008.7678 +001.7856 -038.0273 +000.0497 +000.4751 0
L1 05    336 +014.3987 +010.0429 +001.9728 -107.8875 +000.8979 -010.8207 0
L1 06    336 +014.5925 +000.9735 -003.8063 -179.3707 +006.7939 -000.4217 0
L1 07    336 +013.5714 +001.0888 -004.0673 -086.0890 +008.5944 +003.3930 0
L1 08    336 +012.8041 +000.9476 -003.9712 -010.7616 -000.2792 +001.5353 0
L1 01    340 +015.9812 +000.1635 +001.3552 -086.0201 -001.2107 +001.8206 0
L1 02    340 +004.5079 +007.3617 +001.6834 -175.5900 +001.4969 -130.2841 0
L1 03    340 +016.0686 -000.5696 -000.8383 -091.5039 +003.8498 +092.2631 0
L1 04    340 +008.7540 +008.7679 +001.7856 -038.0268 +000.0498 +000.4754 0
L1 05    340 +014.3989 +010.0429 +001.9722 -107.8881 +000.8952 -010.8231 0
L1 06    340 +014.5925 +000.9734 -003.8064 -179.3710 +006.7925 -000.4210 0
L1 07    340 +013.5714 +001.0889 -004.0674 -086.0841 +008.6000 +003.3924 0
L1 08    340 +012.8041 +000.9476 -003.9712 -010.7612 -000.2791 +001.5353 0
L1 01    344 +015.9812 +000.1635 +001.3555 -086.0198 -001.2093 +001.8237 0
L1 02    344 +004.5079 +007.3617 +001.6834 -175.5907 +001.4973 -130.2861 0
L1 03    344 +016.0686 -000.5697 -000.8381 -091.5046 +003.8501 +092.2641 0
L1 04    344 +008.7541 +008.7678 +001.7856 -038.0280 +000.0500 +000.4753 0
L1 05    344 +014.3990 +010.0429 +001.9719 -107.8889 +000.8935 -010.8241 0
L1 06    344 +014.5925 +000.9732 -003.8064 -179.3721 +006.7925 -000.4207 0
L1 07    344 +013.5714 +001.0891 -004.0673 -086.0808 +008.6007 +003.3951 0
L1 08    344 +012.8041 +000.9475 -003.9712 -010.7616 -000.2789 +001.5351 0
L1 01    348 +015.9812 +000.1636 +001.3554 -086.0191 -001.2076 +001.8235 0
L1 02    348 +004.5080 +007.3617 +001.6834 -175.5910 +001.4978 -130.2882 0
L1 03    348 +016.0686 -000.5699 -000.8379 -091.5052 +003.8504 +092.2654 0
L1 04    348 +008.7540 +008.7679 +001.7856 -038.0274 +000.0500 +000.4753 0
L1 05    348 +014.3988 +010.0429 +001.9718 -107.8881 +000.8928 -010.8236 0
L1 06    348 +014.5924 +000.9733 -003.8065 -179.3712 +006.7918 -000.4209 0
L1 07    348 +013.5714 +001.0892 -004.0671 -086.0791 +008.6044 +003.3944 0
L1 08    348 +012.8041 +000.9475 -003.9712 -010.7615 -000.2794 +001.5354 0
L1 01    352 +015.9812 +000.1637 +001.3555 -086.0196 -001.2076 +001.8240 0
L1 02    352 +004.5080 +007.3617 +001.6834 -175.5909 +001.4986 -130.2921 0
L1 03    352 +016.0686 -000.5698 -000.8381 -091.5054 +003.8508 +092.2647 0
L1 04    352 +008.7540 +008.7679 +001.7856 -038.0275 +000.0500 +000.4753 0
L1 05    352 +014.3987 +010.0431 +001.9722 -107.8873 +000.8958 -010.8234 0
L1 06    352 +014.5925 +000.9734 -003.8064 -179.3709 +006.7929 -000.4208 0
L1 07    352 +013.5714 +001.0891 -004.0672 -086.0804 +008.6040 +003.3944 0
L1 08    352 +012.8041 +000.9475 -003.9713 -010.7622 -000.2794 +001.5353 0
L1 01    356 +015.9812 +000.1636 +001.3556 -086.0191 -001.2098 +001.8247 0
L1 02    356 +004.5080 +007.3617 +001.6834 -175.5912 +001.4994 -130.2951 0
L1 03    356 +016.0686 -000.5695 -000.8381 -091.5027 +003.8505 +092.2646 0
L1 04    356 +008.7540 +008.7679 +001.7856 -038.0268 +000.0498 +000.4752 0
L1 05    356 +014.3985 +010.0432 +001.9724 -107.8855 +000.8970 -010.8226 0
L1 06    356 +014.5925 +000.9735 -003.8063 -179.3695 +006.7934 -000.4208 0
L1 07    356 +013.5713 +001.0893 -004.0672 -086.0770 +008.6065 +003.3945 0
L1 08    356 +012.8041 +000.9476 -003.9713 -010.7616 -000.2793 +001.5355 0
L1 01    360 +015.9811 +000.1634 +001.3551 -086.0208 -001.2096 +001.8212 0
L1 02    360 +004.5080 +007.3617 +001.6834 -175.5913 +001.4991 -130.2937 0
L1 03    360 +016.0686 -000.5695 -000.8382 -091.5030 +003.8508 +092.2634 0
L1 04    360 +008.7541 +008.7678 +001.7856 -038.0275 +000.0497 +000.4753 0
L1 05    360 +014.3987 +010.0430 +001.9725 -107.8878 +000.8970 -010.8226 0
L1 06    360 +014.5925 +000.9734 -003.8065 -179.3699 +006.7918 -000.4203 0
L1 07    360 +013.5714 +001.0890 -004.0672 -086.0788 +008.6072 +003.3939 0
L1 08    360 +012.8041 +000.9476 -003.9713 -010.7618 -000.2788 +001.5353 0
L1 01    364 +015.9811 +000.1634 +001.3550 -086.0206 -001.2097 +001.8193 0
L1 02    364 +004.5079 +007.3617 +001.6834 -175.5899 +001.4978 -130.2872 0
L1 03    364 +016.0686 -000.5696 -000.8383 -091.5032 +003.8508 +092.2627 0
L1 04    364 +008.7540 +008.7679 +001.7856 -038.0270 +000.0496 +000.4753 0
L1 05    364 +014.3990 +010.0428 +001.9724 -107.8895 +000.8964 -010.8228 0
L1 06    364 +014.5926 +000.9736 -003.8061 -179.3670 +006.7946 -000.4206 0
L1 07    364 +013.5713 +001.0891 -004.0672 -086.0763 +008.6088 +003.3938 0
L1 08    364 +012.8041 +000.9476 -003.9713 -010.7612 -000.2786 +001.5352 0
L1 01    368 +015.9811 +000.1633 +001.3552 -086.0215 -001.2097 +001.8212 0
L1 02    368 +004.5080 +007.3617 +001.6834 -175.5910 +001.4967 -130.2833 0
L1 03    368 +016.0686 -000.5697 -000.8381 -091.5050 +003.8509 +092.2638 0
L1 04    368 +008.7541 +008.7678 +001.7856 -038.0277 +000.0499 +000.4754 0
L1 05    368 +014.3989 +010.0426 +001.9729 -107.8898 +000.8984 -010.8220 0
L1 06    368 +014.5926 +000.9733 -003.8060 -179.3692 +006.7953 -000.4197 0
L1 07    368 +013.5714 +001.0890 -004.0672 -086.0747 +008.6107 +003.3932 0
L1 08    368 +012.8041 +000.9475 -003.9713 -010.7620 -000.2788 +001.5348 0
L1 01    372 +015.9812 +000.1630 +001.3557 -086.0219 -001.2116 +001.8257 0
L1 02    372 +004.5080 +007.3617 +001.6834 -175.5903 +001.4967 -130.2848 0
L1 03    372 +016.0685 -000.5694 -000.8381 -091.5032 +003.8503 +092.2647 0
L1 04    372 +008.7541 +008.7678 +001.7856 -038.0286 +000.0500 +000.4756 0
L1 05    372 +014.3987 +010.0429 +001.9726 -107.8880 +000.8976 -010.8234 0
L1 06    372 +014.5925 +000.9732 -003.8063 -179.3701 +006.7930 -000.4202 0
L1 07    372 +013.5714 +001.0893 -004.0672 -086.0708 +008.6146 +003.3940 0
L1 08    372 +012.8041 +000.9475 -003.9712 -010.7617 -000.2791 +001.5349 0
L1 01    376 +015.9812 +000.1634 +001.3556 -086.0204 -001.2104 +001.8252 0
L1 02    376 +004.5080 +007.3617 +001.6834 -175.5909 +001.4983 -130.2900 0
L1 03    376 +016.0686 -000.5696 -000.8380 -091.5039 +003.8504 +092.2655 0
L1 04    376 +008.7541 +008.7678 +001.7856 -038.0281 +000.0501 +000.4755 0
L1 05    376 +014.3990 +010.0425 +001.9731 -107.8914 +000.9003 -010.8220 0
L1 06    376 +014.5925 +000.9732 -003.8066 -179.3705 +006.7915 -000.4194 0
L1 07    376 +013.5714 +001.0892 -004.0671 -086.0696 +008.6158 +003.3951 0
L1 08    376 +012.8041 +000.9475 -003.9712 -010.7620 -000.2798 +001.5352 0
L1 01    380 +015.9812 +000.1635 +001.3558 -086.0196 -001.2099 +001.8268 0
L1 02    380 +004.5080 +007.3617 +001.6834 -175.5914 +001.4987 -130.2925 0
L1 03    380 +016.0686 -000.5697 -000.8380 -091.5046 +003.8506 +092.2655 0
L1 04    380 +008.7541 +008.7678 +001.7857 -038.0281 +000.0499 +000.4759 0
L1 05    380 +014.3988 +010.0428 +001.9724 -107.8900 +000.8969 -010.8227 0
L1 06    380 +014.5925 +000.9731 -003.8065 -179.3706 +006.7920 -000.4196 0
L1 07    380 +013.5714 +001.0891 -004.0672 -086.0696 +008.6168 +003.3945 0
L1 08    380 +012.8041 +000.9475 -003.9712 -010.7620 -000.2796 +001.5351 0
L1 01    384 +015.9812 +000.1635 +001.3553 -086.0201 -001.2091 +001.8218 0
L1 02    384 +004.5080 +007.3617 +001.6834 -175.5909 +001.4991 -130.2931 0
L1 03    384 +016.0686 -000.5697 -000.8381 -091.5048 +003.8510 +092.2640 0
L1 04    384 +008.7541 +008.7678 +001.7856 -038.0282 +000.0498 +000.4753 0
L1 05    384 +014.3989 +010.0427 +001.9725 -107.8897 +000.8959 -010.8218 0
L1 06    384 +014.5924 +000.9735 -003.8067 -179.3672 +006.7908 -000.4210 0
L1 07    384 +013.5713 +001.0893 -004.0673 -086.0670 +008.6186 +003.3928 0
L1 08    384 +012.8041 +000.9475 -003.9712 -010.7620 -000.2792 +001.5352 0
L1 01    388 +015.9812 +000.1633 +001.3550 -086.0217 -001.2087 +001.8187 0
L1 02    388 +004.5080 +007.3617 +001.6834 -175.5906 +001.4988 -130.2922 0
L1 03    388 +016.0686 -000.5697 -000.8384 -091.5049 +003.8508 +092.2624 0
L1 04    388 +008.7541 +008.7678 +001.7856 -038.0274 +000.0497 +000.4754 0
L1 05    388 +014.3989 +010.0428 +001.9724 -107.8886 +000.8958 -010.8230 0
L1 06    388 +014.5923 +000.9736 -003.8068 -179.3663 +006.7902 -000.4210 0
L1 07    388 +013.5713 +001.0893 -004.0674 -086.0649 +008.6212 +003.3917 0
L1 08    388 +012.8041 +000.9476 -003.9713 -010.7618 -000.2786 +001.5352 0
L1 01    392 +015.9812 +000.1635 +001.3549 -086.0204 -001.2078 +001.8155 0
L1 02    392 +004.5079 +007.3617 +001.6834 -175.5901 +001.4981 -130.2883 0
L1 03    392 +016.0686 -000.5698 -000.8386 -091.5053 +003.8509 +092.2610 0
L1 04    392 +008.7541 +008.7679 +001.7856 -038.0272 +000.0499 +000.4751 0
L1 05    392 +014.3987 +010.0430 +001.9724 -107.8864 +000.8960 -010.8233 0
L1 06    392 +014.5923 +000.9737 -003.8066 -179.3653 +006.7903 -000.4221 0
L1 07    392 +013.5713 +001.0894 -004.0674 -086.0625 +008.6214 +003.3919 0
L1 08    392 +012.8041 +000.9476 -003.9713 -010.7616 -000.2779 +001.5350 0
L1 01    396 +015.9812 +000.1636 +001.3550 -086.0199 -001.2074 +001.8173 0
L1 02    396 +004.5080 +007.3617 +001.6834 -175.5904 +001.4974 -130.2852 0
L1 03    396 +016.0686 -000.5700 -000.8383 -091.5066 +003.8512 +092.2626 0
L1 04    396 +008.7541 +008.7678 +001.7856 -038.0279 +000.0499 +000.4751 0
L1 05    396 +014.3986 +010.0429 +001.9722 -107.8876 +000.8948 -010.8242 0
L1 06    396 +014.5924 +000.9735 -003.8064 -179.3663 +006.7916 -000.4217 0
L1 07    396 +013.5713 +001.0892 -004.0674 -086.0630 +008.6233 +003.3912 0
L1 08    396 +012.8041 +000.9475 -003.9713 -010.7620 -000.2781 +001.5348 0
L1 01    400 +015.9812 +000.1630 +001.3551 -086.0222 -001.2104 +001.8183 0
L1 02    400 +004.5080 +007.3617 +001.6834 -175.5905 +001.4972 -130.2869 0
L1 03    400 +016.0686 -000.5695 -000.8383 -091.5036 +003.8508 +092.2628 0
L1 04    400 +008.7541 +008.7678 +001.7856 -038.0276 +000.0497 +000.4755 0
L1 05    400 +014.3990 +010.0426 +001.9721 -107.8902 +000.8955 -010.8254 0
L1 06    400 +014.5925 +000.9733 -003.8064 -179.3671 +006.7921 -000.4204 0
L1 07    400 +013.5713 +001.0893 -004.0674 -086.0592 +008.6268 +003.3911 0
L1 08    400 +012.8041 +000.9476 -003.9713 -010.7612 -000.2784 +001.5349 0
L1 01    404 +015.9812 +000.1635 +001.3561 -086.0189 -001.2097 +001.8275 0
L1 02    404 +004.5080 +007.3617 +001.6834 -175.5911 +001.4980 -130.2897 0
L1 03    404 +016.0686 -000.5698 -000.8381 -091.5053 +003.8510 +092.2645 0
L1 04    404 +008.7541 +008.7678 +001.7856 -038.0284 +000.0500 +000.4760 0
L1 05    404 +014.3992 +010.0425 +001.9720 -107.8916 +000.8963 -010.8261 0
L1 06    404 +014.5926 +000.9730 -003.8063 -179.3701 +006.7939 -000.4197 0
L1 07    404 +013.5714 +001.0892 -004.0673 -086.0597 +008.6277 +003.3932 0
L1 08    404 +012.8041 +000.9475 -003.9712 -010.7622 -000.2795 +001.5349 0
L1 01    408 +015.9812 +000.1634 +001.3555 -086.0205 -001.2093 +001.8222 0
L1 02    408 +004.5080 +007.3617 +001.6834 -175.5914 +001.4985 -130.2920 0
L1 03    408 +016.0686 -000.5698 -000.8382 -091.5052 +003.8512 +092.2639 0
L1 04    408 +008.7541 +008.7678 +001.7856 -038.0278 +000.0499 +000.4758 0
L1 05    408 +014.3989 +010.0426 +001.9723 -107.8909 +000.8967 -010.8240 0
L1 06    408 +014.5924 +000.9730 -003.8065 -179.3693 +006.7917 -000.4200 0
L1 07    408 +013.5714 +001.0893 -004.0671 -086.0574 +008.6290 +003.3935 0
L1 08    408 +012.8041 +000.9475 -003.9712 -010.7620 -000.2790 +001.5350 0
L1 01    412 +015.9812 +000.1636 +001.3553 -086.0190 -001.2082 +001.8214 0
L1 02    412 +004.5080 +007.3617 +001.6834 -175.5908 +001.4983 -130.2911 0
L1 03    412 +016.0686 -000.5698 -000.8383 -091.5050 +003.8521 +092.2634 0
L1 04    412 +008.7541 +008.7678 +001.7856 -038.0271 +000.0498 +000.4754 0
L1 05    412 +014.3988 +010.0428 +001.9723 -107.8896 +000.8971 -010.8240 0
L1 06    412 +014.5924 +000.9735 -003.8065 -179.3656 +006.7913 -000.4207 0
L1 07    412 +013.5714 +001.0894 -004.0673 -086.0557 +008.6298 +003.3924 0
L1 08    412 +012.8041 +000.9475 -003.9712 -010.7617 -000.2790 +001.5352 0
L1 01    416 +015.9811 +000.1631 +001.3552 -086.0209 -001.2108 +001.8197 0
L1 02    416 +004.5079 +007.3617 +001.6834 -175.5900 +001.4982 -130.2891 0
L1 03    416 +016.0686 -000.5692 -000.8385 -091.5016 +003.8507 +092.2617 0
L1 04    416 +008.7540 +008.7679 +001.7856 -038.0262 +000.0496 +000.4751 0
L1 05    416 +014.3989 +010.0430 +001.9718 -107.8880 +000.8945 -010.8254 0
L1 06    416 +014.5924 +000.9736 -003.8064 -179.3640 +006.7920 -000.4209 0
L1 07    416 +013.5713 +001.0894 -004.0674 -086.0529 +008.6330 +003.3915 0
L1 08    416 +012.8040 +000.9478 -003.9713 -010.7592 -000.2777 +001.5356 0
L1 01    420 +015.9812 +000.1633 +001.3551 -086.0204 -001.2096 +001.8189 0
L1 02    420 +004.5080 +007.3617 +001.6834 -175.5906 +001.4979 -130.2883 0
L1 03    420 +016.0686 -000.5695 -000.8384 -091.5034 +003.8515 +092.2620 0
L1 04    420 +008.7541 +008.7678 +001.7856 -038.0275 +000.0496 +000.4752 0
L1 05    420 +014.3987 +010.0432 +001.9718 -107.8864 +000.8943 -010.8260 0
L1 06    420 +014.5925 +000.9733 -003.8064 -179.3654 +006.7921 -000.4209 0
L1 07    420 +013.5713 +001.0896 -004.0674 -086.0501 +008.6360 +003.3907 0
L1 08    420 +012.8041 +000.9476 -003.9713 -010.7614 -000.2779 +001.5351 0
L1 01    424 +015.9812 +000.1637 +001.3554 -086.0173 -001.2099 +001.8220 0
L1 02    424 +004.5079 +007.3617 +001.6834 -175.5905 +001.4981 -130.2890 0
L1 03    424 +016.0685 -000.5695 -000.8383 -091.5028 +003.8519 +092.2629 0
L1 04    424 +008.7541 +008.7679 +001.7856 -038.0272 +000.0499 +000.4756 0
L1 05    424 +014.3984 +010.0432 +001.9728 -107.8847 +000.8987 -010.8221 0
L1 06    424 +014.5924 +000.9733 -003.8065 -179.3653 +006.7915 -000.4208 0
L1 07    424 +013.5713 +001.0894 -004.0673 -086.0489 +008.6385 +003.3920 0
L1 08    424 +012.8041 +000.9476 -003.9712 -010.7612 -000.2789 +001.5359 0
L1 01    428 +015.9812 +000.1634 +001.3556 -086.0191 -001.2104 +001.8244 0
L1 02    428 +004.5080 +007.3617 +001.6834 -175.5910 +001.4980 -130.2893 0
L1 03    428 +016.0685 -000.5696 -000.8382 -091.5038 +003.8520 +092.2641 0
L1 04    428 +008.7541 +008.7678 +001.7856 -038.0282 +000.0501 +000.4758 0
L1 05    428 +014.3987 +010.0429 +001.9727 -107.8881 +000.8988 -010.8234 0
L1 06    428 +014.5925 +000.9733 -003.8065 -179.3657 +006.7922 -000.4203 0
L1 07    428 +013.5714 +001.0893 -004.0672 -086.0501 +008.6394 +003.3928 0
L1 08    428 +012.8041 +000.9475 -003.9712 -010.7623 -000.2788 +001.5353 0
L1 01    432 +015.9812 +000.1633 +001.3559 -086.0198 -001.2110 +001.8271 0
L1 02    432 +004.5080 +007.3617 +001.6834 -175.5913 +001.4979 -130.2885 0
L1 03    432 +016.0685 -000.5696 -000.8382 -091.5042 +003.8518 +092.2641 0
L1 04    432 +008.7541 +008.7678 +001.7856 -038.0282 +000.0500 +000.4753 0
L1 05    432 +014.3991 +010.0424 +001.9723 -107.8917 +000.8964 -010.8240 0
L1 06    432 +014.5925 +000.9733 -003.8064 -179.3660 +006.7926 -000.4200 0
L1 07    432 +013.5714 +001.0893 -004.0672 -086.0485 +008.6401 +003.3927 0
L1 08    432 +012.8041 +000.9475 -003.9712 -010.7621 -000.2789 +001.5351 0
L1 01    436 +015.9812 +000.1630 +001.3555 -086.0223 -001.2107 +001.8237 0
L1 02    436 +004.5080 +007.3617 +001.6834 -175.5909 +001.4979 -130.2885 0
L1 03    436 +016.0686 -000.5695 -000.8381 -091.5037 +003.8520 +092.2645 0
L1 04    436 +008.7541 +008.7678 +001.7856 -038.0279 +000.0499 +000.4757 0
L1 05    436 +014.3990 +010.0427 +001.9722 -107.8902 +000.8963 -010.8247 0
L1 06    436 +014.5925 +000.9732 -003.8064 -179.3661 +006.7925 -000.4208 0
L1 07    436 +013.5714 +001.0894 -004.0672 -086.0460 +008.6421 +003.3921 0
L1 08    436 +012.8041 +000.9475 -003.9712 -010.7619 -000.2790 +001.5352 0
L1 01    440 +015.9812 +000.1634 +001.3551 -086.0207 -001.2082 +001.8203 0
L1 02    440 +004.5080 +007.3617 +001.6834 -175.5910 +001.4982 -130.2893 0
L1 03    440 +016.0686 -000.5698 -000.8381 -091.5053 +003.8526 +092.2638 0
L1 04    440 +008.7541 +008.7678 +001.7856 -038.0279 +000.0498 +000.4753 0
L1 05    440 +014.3992 +010.0425 +001.9720 -107.8920 +000.8959 -010.8260 0
L1 06    440 +014.5924 +000.9733 -003.8064 -179.3648 +006.7931 -000.4205 0
L1 07    440 +013.5713 +001.0892 -004.0675 -086.0476 +008.6436 +003.3901 0
L1 08    440 +012.8041 +000.9475 -003.9712 -010.7624 -000.2787 +001.5351 0
L1 01    444 +015.9812 +000.1632 +001.3552 -086.0212 -001.2100 +001.8206 0
L1 02    444 +004.5080 +007.3617 +001.6834 -175.5908 +001.4981 -130.2897 0
L1 03    444 +016.0686 -000.5695 -000.8382 -091.5038 +003.8522 +092.2636 0
L1 04    444 +008.7541 +008.7678 +001.7856 -038.0273 +000.0498 +000.4757 0
L1 05    444 +014.3988 +010.0429 +001.9724 -107.8882 +000.8970 -010.8243 0
L1 06    444 +014.5925 +000.9732 -003.8064 -179.3646 +006.7927 -000.4190 0
L1 07    444 +013.5713 +001.0893 -004.0675 -086.0439 +008.6445 +003.3895 0
L1 08    444 +012.8041 +000.9476 -003.9712 -010.7617 -000.2789 +001.5353 0
L1 01    448 +015.9812 +000.1635 +001.3550 -086.0200 -001.2083 +001.8192 0
L1 02    448 +004.5080 +007.3617 +001.6834 -175.5907 +001.4982 -130.2900 0
L1 03    448 +016.0686 -000.5699 -000.8382 -091.5058 +003.8522 +092.2632 0
L1 04    448 +008.7541 +008.7678 +001.7856 -038.0274 +000.0499 +000.4758 0
L1 05    448 +014.3988 +010.0430 +001.9726 -107.8883 +000.8980 -010.8223 0
L1 06    448 +014.5924 +000.9734 -003.8064 -179.3635 +006.7925 -000.4202 0
L1 07    448 +013.5713 +001.0893 -004.0675 -086.0437 +008.6491 +003.3886 0
L1 08    448 +012.8041 +000.9475 -003.9712 -010.7617 -000.2786 +001.5352 0
L1 01    452 +015.9811 +000.1633 +001.3549 -086.0210 -001.2087 +001.8187 0
L1 02    452 +004.5080 +007.3617 +001.6834 -175.5913 +001.4987 -130.2916 0
L1 03    452 +016.0686 -000.5695 -000.8382 -091.5035 +003.8525 +092.2636 0
L1 04    452 +008.7541 +008.7678 +001.7856 -038.0274 +000.0501 +000.4754 0
L1 05    452 +014.3990 +010.0426 +001.9728 -107.8902 +000.8986 -010.8219 0
L1 06    452 +014.5924 +000.9733 -003.8063 -179.3637 +006.7928 -000.4198 0
L1 07    452 +013.5713 +001.0894 -004.0675 -086.0398 +008.6501 +003.3891 0
L1 08    452 +012.8041 +000.9476 -003.9712 -010.7617 -000.2781 +001.5353 0
L1 01    456 +015.9812 +000.1635 +001.3552 -086.0203 -001.2081 +001.8205 0
L1 02    456 +004.5080 +007.3617 +001.6834 -175.5914 +001.4985 -130.2908 0
L1 03    456 +016.0686 -000.5699 -000.8382 -091.5064 +003.8527 +092.2634 0
L1 04    456 +008.7541 +008.7678 +001.7856 -038.0281 +000.0501 +000.4756 0
L1 05    456 +014.3991 +010.0424 +001.9721 -107.8916 +000.8957 -010.8250 0
L1 06    456 +014.5924 +000.9735 -003.8064 -179.3627 +006.7923 -000.4205 0
L1 07    456 +013.5714 +001.0894 -004.0671 -086.0382 +008.6525 +003.3934 0
L1 08    456 +012.8040 +000.9475 -003.9713 -010.7620 -000.2781 +001.5352 0
L1 01    460 +015.9812 +000.1634 +001.3555 -086.0197 -001.2086 +001.8200 0
L1 02    460 +004.5080 +007.3617 +001.6833 -175.5904 +001.4935 -130.2828 0
L1 03    460 +016.0686 -000.5696 -000.8386 -091.5048 +003.8529 +092.2623 0
L1 04    460 +008.7541 +008.7679 +001.7855 -038.0273 +000.0505 +000.4725 0
L1 05    460 +014.3989 +010.0429 +001.9723 -107.8889 +000.8964 -010.8243 0
L1 06    460 +014.5924 +000.9736 -003.8063 -179.3612 +006.7928 -000.4215 0
L1 07    460 +013.5714 +001.0898 -004.0672 -086.0332 +008.6556 +003.3939 0
L1 08    460 +012.8042 +000.9478 -003.9711 -010.7606 -000.2794 +001.5365 0
L1 01    464 +015.9812 +000.1629 +001.3551 -086.0237 -001.2095 +001.8181 0
L1 02    464 +004.5080 +007.3617 +001.6834 -175.5914 +001.4971 -130.2865 0
L1 03    464 +016.0686 -000.5695 -000.8384 -091.5043 +003.8521 +092.2625 0
L1 04    464 +008.7542 +008.7677 +001.7855 -038.0297 +000.0503 +000.4748 0
L1 05    464 +014.3990 +010.0427 +001.9721 -107.8914 +000.8958 -010.8242 0
L1 06    464 +014.5923 +000.9734 -003.8066 -179.3631 +006.7914 -000.4203 0
L1 07    464 +013.5714 +001.0893 -004.0673 -086.0364 +008.6534 +003.3919 0
L1 08    464 +012.8041 +000.9476 -003.9713 -010.7616 -000.2783 +001.5349 0
L1 01    468 +015.9812 +000.1630 +001.3552 -086.0229 -001.2096 +001.8199 0
L1 02    468 +004.5080 +007.3617 +001.6834 -175.5910 +001.4982 -130.2896 0
L1 03    468 +016.0686 -000.5695 -000.8383 -091.5042 +003.8522 +092.2630 0
L1 04    468 +008.7542 +008.7677 +001.7856 -038.0290 +000.0502 +000.4756 0
L1 05    468 +014.3992 +010.0424 +001.9723 -107.8935 +000.8962 -010.8238 0
L1 06    468 +014.5925 +000.9734 -003.8062 -179.3622 +006.7941 -000.4194 0
L1 07    468 +013.5714 +001.0890 -004.0673 -086.0373 +008.6543 +003.3909 0
L1 08    468 +012.8041 +000.9476 -003.9713 -010.7618 -000.2785 +001.5350 0
L1 01    472 +015.9812 +000.1630 +001.3553 -086.0226 -001.2099 +001.8207 0
L1 02    472 +004.5080 +007.3617 +001.6834 -175.5916 +001.4989 -130.2934 0
L1 03    472 +016.0686 -000.5694 -000.8382 -091.5033 +003.8525 +092.2632 0
L1 04    472 +008.7541 +008.7677 +001.7856 -038.0285 +000.0502 +000.4755 0
L1 05    472 +014.3989 +010.0429 +001.9723 -107.8894 +000.8965 -010.8231 0
L1 06    472 +014.5925 +000.9733 -003.8062 -179.3627 +006.7940 -000.4199 0
L1 07    472 +013.5712 +001.0894 -004.0675 -086.0326 +008.6586 +003.3890 0
L1 08    472 +012.8040 +000.9476 -003.9713 -010.7618 -000.2783 +001.5350 0
