L1 01      3 +013.6075 +003.2963 +001.3323 +042.3418 -000.6416 +000.9173 0
L1 02      3 +004.5085 +007.3621 +001.6839 -175.6027 +001.5193 -130.3804 0
L1 03      3 +014.1110 +003.7823 -000.8502 +038.0991 +004.5836 +091.2591 0
L1 04      3 +008.7546 +008.7675 +001.7867 -038.0311 +000.0477 +000.4865 0
L1 05      3 +014.3975 +010.0559 +001.9740 -107.9283 +000.9395 -010.6905 0
L1 06      3 +013.8575 +001.5535 -003.7361 -049.4192 +004.8488 -001.9704 0
L1 07      3 +014.6707 +000.5675 -002.8882 +032.6290 -000.2339 -073.9374 0
L1 08      3 +014.7927 +000.6195 -002.1318 +108.1102 +080.9467 -019.1584 0
L1 01      7 +013.6075 +003.2962 +001.3321 +042.3496 -000.6423 +000.9143 0
L1 02      7 +004.5085 +007.3622 +001.6839 -175.6030 +001.5195 -130.3819 0
L1 03      7 +014.1112 +003.7821 -000.8504 +038.1104 +004.5803 +091.2469 0
L1 04      7 +008.7546 +008.7675 +001.7867 -038.0312 +000.0475 +000.4864 0
L1 05      7 +014.3976 +010.0560 +001.9740 -107.9285 +000.9392 -010.6910 0
L1 06      7 +013.8591 +001.5526 -003.7357 -049.3962 +004.8117 -001.9645 0
L1 07      7 +014.6725 +000.5672 -002.8864 +032.6505 -000.2392 -073.9784 0
L1 08      7 +014.7940 +000.6196 -002.1303 +108.0171 +080.9789 -019.2780 0
L1 01     11 +013.6074 +003.2953 +001.3320 +042.3718 -000.6471 +000.9116 0
L1 02     11 +004.5085 +007.3621 +001.6839 -175.6038 +001.5199 -130.3824 0
L1 03     11 +014.1111 +003.7814 -000.8505 +038.1340 +004.5782 +091.2389 0
L1 04     11 +008.7546 +008.7675 +001.7867 -038.0318 +000.0477 +000.4865 0
L1 05     11 +014.3975 +010.0558 +001.9743 -107.9298 +000.9408 -010.6884 0
L1 06     11 +013.8611 +001.5511 -003.7349 -049.3589 +004.7729 -001.9648 0
L1 07     11 +014.6745 +000.5662 -002.8851 +032.6730 -000.2334 -074.0178 0
L1 08     11 +014.7956 +000.6199 -002.1290 +107.9675 +081.0108 -019.3655 0
L1 01     15 +013.6071 +003.2948 +001.3318 +042.4230 -000.6432 +000.9083 0
L1 02     15 +004.5085 +007.3622 +001.6838 -175.6029 +001.5192 -130.3818 0
L1 03     15 +014.1105 +003.7812 -000.8505 +038.1881 +004.5768 +091.2299 0
L1 04     15 +008.7546 +008.7675 +001.7865 -038.0313 +000.0483 +000.4851 0
L1 05     15 +014.3977 +010.0556 +001.9742 -107.9313 +000.9413 -010.6907 0
L1 06     15 +013.8626 +001.5502 -003.7348 -049.3018 +004.7515 -001.9657 0
L1 07     15 +014.6770 +000.5665 -002.8843 +032.7165 -000.2110 -074.0362 0
L1 08     15 +014.7980 +000.6201 -002.1281 +107.9806 +081.0345 -019.4121 0
L1 01     19 +013.6068 +003.2939 +001.3320 +042.4558 -000.6428 +000.9042 0
L1 02     19 +004.5085 +007.3622 +001.6839 -175.6029 +001.5197 -130.3832 0
L1 03     19 +014.1099 +003.7803 -000.8507 +038.2228 +004.5812 +091.2214 0
L1 04     19 +008.7546 +008.7675 +001.7866 -038.0311 +000.0478 +000.4860 0
L1 05     19 +014.3976 +010.0558 +001.9741 -107.9291 +000.9404 -010.6915 0
L1 06     19 +013.8638 +001.5492 -003.7345 -049.2576 +004.7300 -001.9709 0
L1 07     19 +014.6788 +000.5657 -002.8830 +032.7553 -000.1940 -074.0618 0
L1 08     19 +014.7996 +000.6198 -002.1269 +107.9738 +081.0597 -019.4591 0
L1 01     23 +013.6066 +003.2937 +001.3320 +042.4766 -000.6428 +000.8998 0
L1 02     23 +004.5085 +007.3622 +001.6839 -175.6031 +001.5196 -130.3830 0
L1 03     23 +014.1097 +003.7794 -000.8507 +038.2389 +004.5839 +091.2135 0
L1 04     23 +008.7546 +008.7675 +001.7867 -038.0318 +000.0474 +000.4863 0
L1 05     23 +014.3977 +010.0556 +001.9746 -107.9310 +000.9416 -010.6891 0
L1 06     23 +013.8648 +001.5472 -003.7340 -049.2311 +004.6982 -001.9744 0
L1 07     23 +014.6797 +000.5651 -002.8819 +032.7647 -000.1779 -074.0910 0
L1 08     23 +014.8006 +000.6200 -002.1255 +107.9521 +081.0895 -019.5148 0
L1 01     27 +013.6064 +003.2931 +001.3320 +042.5054 -000.6423 +000.8958 0
L1 02     27 +004.5085 +007.3622 +001.6839 -175.6021 +001.5194 -130.3805 0
L1 03     27 +014.1093 +003.7794 -000.8509 +038.2761 +004.5838 +091.2027 0
L1 04     27 +008.7546 +008.7675 +001.7867 -038.0314 +000.0480 +000.4863 0
L1 05     27 +014.3975 +010.0560 +001.9743 -107.9281 +000.9399 -010.6891 0
L1 06     27 +013.8666 +001.5469 -003.7331 -049.1810 +004.6662 -001.9693 0
L1 07     27 +014.6818 +000.5653 -002.8808 +032.7963 -000.1567 -074.1248 0
L1 08     27 +014.8024 +000.6200 -002.1245 +107.9133 +081.1199 -019.5983 0
L1 01     31 +013.6062 +003.2925 +001.3318 +042.5327 -000.6425 +000.8964 0
L1 02     31 +004.5085 +007.3622 +001.6839 -175.6027 +001.5194 -130.3803 0
L1 03     31 +014.1090 +003.7790 -000.8510 +038.3031 +004.5825 +091.1976 0
L1 04     31 +008.7546 +008.7675 +001.7867 -038.0313 +000.0482 +000.4863 0
L1 05     31 +014.3978 +010.0558 +001.9742 -107.9293 +000.9400 -010.6910 0
L1 06     31 +013.8679 +001.5461 -003.7328 -049.1441 +004.6422 -001.9694 0
L1 07     31 +014.6838 +000.5644 -002.8798 +032.8294 -000.1506 -074.1484 0
L1 08     31 +014.8040 +000.6205 -002.1236 +107.8949 +081.1400 -019.6562 0
L1 01     35 +013.6060 +003.2923 +001.3319 +042.5440 -000.6442 +000.8977 0
L1 02     35 +004.5085 +007.3622 +001.6839 -175.6030 +001.5199 -130.3845 0
L1 03     35 +014.1088 +003.7785 -000.8510 +038.3152 +004.5838 +091.1980 0
L1 04     35 +008.7546 +008.7675 +001.7866 -038.0312 +000.0482 +000.4861 0
L1 05     35 +014.3977 +010.0557 +001.9743 -107.9298 +000.9404 -010.6905 0
L1 06     35 +013.8682 +001.5455 -003.7331 -049.1319 +004.6371 -001.9775 0
L1 07     35 +014.6844 +000.5652 -002.8795 +032.8480 -000.1373 -074.1584 0
L1 08     35 +014.8046 +000.6204 -002.1230 +107.9003 +081.1501 -019.6637 0
L1 01     39 +013.6060 +003.2923 +001.3318 +042.5477 -000.6394 +000.8993 0
L1 02     39 +004.5085 +007.3622 +001.6839 -175.6029 +001.5212 -130.3876 0
L1 03     39 +014.1085 +003.7786 -000.8510 +038.3197 +004.5901 +091.2014 0
L1 04     39 +008.7545 +008.7676 +001.7866 -038.0299 +000.0474 +000.4857 0
L1 05     39 +014.3977 +010.0558 +001.9738 -107.9287 +000.9386 -010.6930 0
L1 06     39 +013.8678 +001.5452 -003.7328 -049.1284 +004.6342 -001.9863 0
L1 07     39 +014.6838 +000.5648 -002.8795 +032.8336 -000.1120 -074.1599 0
L1 08     39 +014.8042 +000.6207 -002.1228 +107.9712 +081.1570 -019.5998 0
L1 01     43 +013.6060 +003.2919 +001.3317 +042.5504 -000.6345 +000.8926 0
L1 02     43 +004.5085 +007.3622 +001.6839 -175.6026 +001.5197 -130.3810 0
L1 03     43 +014.1083 +003.7780 -000.8512 +038.3262 +004.5990 +091.1849 0
L1 04     43 +008.7546 +008.7675 +001.7866 -038.0309 +000.0478 +000.4857 0
L1 05     43 +014.3978 +010.0556 +001.9739 -107.9309 +000.9390 -010.6923 0
L1 06     43 +013.8684 +001.5433 -003.7318 -049.1213 +004.5997 -001.9995 0
L1 07     43 +014.6843 +000.5638 -002.8784 +032.8380 -000.0958 -074.1955 0
L1 08     43 +014.8046 +000.6196 -002.1216 +107.9930 +081.1935 -019.5867 0
L1 01     47 +013.6058 +003.2911 +001.3318 +042.5694 -000.6252 +000.8765 0
L1 02     47 +004.5085 +007.3621 +001.6839 -175.6024 +001.5176 -130.3725 0
L1 03     47 +014.1082 +003.7761 -000.8516 +038.3425 +004.6122 +091.1597 0
L1 04     47 +008.7546 +008.7674 +001.7866 -038.0321 +000.0479 +000.4862 0
L1 05     47 +014.3981 +010.0551 +001.9741 -107.9342 +000.9390 -010.6921 0
L1 06     47 +013.8693 +001.5403 -003.7310 -049.0948 +004.5602 -002.0153 0
L1 07     47 +014.6858 +000.5611 -002.8760 +032.8586 -000.0738 -074.2444 0
L1 08     47 +014.8058 +000.6182 -002.1198 +108.0294 +081.2361 -019.5769 0
L1 01     51 +013.6054 +003.2910 +001.3318 +042.6007 -000.6244 +000.8710 0
L1 02     51 +004.5084 +007.3622 +001.6839 -175.6014 +001.5185 -130.3773 0
L1 03     51 +014.1077 +003.7759 -000.8518 +038.3728 +004.6174 +091.1508 0
L1 04     51 +008.7546 +008.7675 +001.7866 -038.0311 +000.0479 +000.4859 0
L1 05     51 +014.3976 +010.0559 +001.9743 -107.9293 +000.9398 -010.6924 0
L1 06     51 +013.8700 +001.5386 -003.7312 -049.0693 +004.5471 -002.0280 0
L1 07     51 +014.6870 +000.5612 -002.8749 +032.8917 -000.0522 -074.2656 0
L1 08     51 +014.8070 +000.6183 -002.1185 +108.0450 +081.2543 -019.5960 0
L1 01     55 +013.6054 +003.2908 +001.3316 +042.6050 -000.6249 +000.8786 0
L1 02     55 +004.5085 +007.3622 +001.6838 -175.6028 +001.5199 -130.3857 0
L1 03     55 +014.1074 +003.7762 -000.8519 +038.3803 +004.6154 +091.1605 0
L1 04     55 +008.7546 +008.7675 +001.7866 -038.0317 +000.0481 +000.4862 0
L1 05     55 +014.3981 +010.0552 +001.9741 -107.9343 +000.9394 -010.6922 0
L1 06     55 +013.8701 +001.5392 -003.7307 -049.0631 +004.5509 -002.0241 0
L1 07     55 +014.6871 +000.5617 -002.8756 +032.8985 -000.0316 -074.2595 0
L1 08     55 +014.8071 +000.6188 -002.1193 +108.0862 +081.2469 -019.5585 0
L1 01     59 +013.6054 +003.2908 +001.3317 +042.6050 -000.6304 +000.8897 0
L1 02     59 +004.5085 +007.3622 +001.6838 -175.6035 +001.5204 -130.3869 0
L1 03     59 +014.1072 +003.7769 -000.8517 +038.3816 +004.6102 +091.1750 0
L1 04     59 +008.7546 +008.7675 +001.7866 -038.0314 +000.0478 +000.4860 0
L1 05     59 +014.3979 +010.0555 +001.9740 -107.9317 +000.9386 -010.6923 0
L1 06     59 +013.8697 +001.5406 -003.7310 -049.0591 +004.5623 -002.0196 0
L1 07     59 +014.6867 +000.5625 -002.8761 +032.8938 -000.0225 -074.2463 0
L1 08     59 +014.8068 +000.6197 -002.1198 +108.0992 +081.2347 -019.5457 0
L1 01     63 +013.6053 +003.2909 +001.3318 +042.6055 -000.6313 +000.8906 0
L1 02     63 +004.5085 +007.3622 +001.6839 -175.6029 +001.5194 -130.3815 0
L1 03     63 +014.1071 +003.7769 -000.8516 +038.3803 +004.6109 +091.1772 0
L1 04     63 +008.7546 +008.7675 +001.7866 -038.0310 +000.0477 +000.4860 0
L1 05     63 +014.3978 +010.0558 +001.9738 -107.9303 +000.9389 -010.6926 0
L1 06     63 +013.8695 +001.5405 -003.7309 -049.0584 +004.5613 -002.0209 0
L1 07     63 +014.6865 +000.5628 -002.8761 +032.8941 -000.0111 -074.2488 0
L1 08     63 +014.8066 +000.6200 -002.1197 +108.1122 +081.2368 -019.5358 0
L1 01     67 +013.6054 +003.2908 +001.3319 +042.6033 -000.6315 +000.8924 0
L1 02     67 +004.5085 +007.3622 +001.6839 -175.6024 +001.5190 -130.3797 0
L1 03     67 +014.1071 +003.7769 -000.8515 +038.3798 +004.6113 +091.1784 0
L1 04     67 +008.7546 +008.7675 +001.7867 -038.0316 +000.0481 +000.4862 0
L1 05     67 +014.3982 +010.0551 +001.9738 -107.9349 +000.9396 -010.6940 0
L1 06     67 +013.8694 +001.5404 -003.7312 -049.0588 +004.5610 -002.0231 0
L1 07     67 +014.6866 +000.5627 -002.8758 +032.8916 -000.0040 -074.2555 0
L1 08     67 +014.8067 +000.6198 -002.1194 +108.0975 +081.2391 -019.5487 0
L1 01     71 +013.6053 +003.2910 +001.3319 +042.6051 -000.6330 +000.8931 0
L1 02     71 +004.5085 +007.3622 +001.6839 -175.6027 +001.5193 -130.3807 0
L1 03     71 +014.1072 +003.7771 -000.8514 +038.3803 +004.6075 +091.1801 0
L1 04     71 +008.7546 +008.7674 +001.7866 -038.0318 +000.0481 +000.4861 0
L1 05     71 +014.3981 +010.0553 +001.9738 -107.9337 +000.9387 -010.6942 0
L1 06     71 +013.8697 +001.5409 -003.7310 -049.0534 +004.5550 -002.0193 0
L1 07     71 +014.6867 +000.5633 -002.8760 +032.8954 -000.0023 -074.2582 0
L1 08     71 +014.8068 +000.6205 -002.1195 +108.0853 +081.2407 -019.5691 0
L1 01     75 +013.6053 +003.2909 +001.3320 +042.6039 -000.6360 +000.8939 0
L1 02     75 +004.5084 +007.3622 +001.6839 -175.6020 +001.5192 -130.3783 0
L1 03     75 +014.1072 +003.7771 -000.8514 +038.3802 +004.6063 +091.1793 0
L1 04     75 +008.7546 +008.7675 +001.7866 -038.0315 +000.0479 +000.4858 0
L1 05     75 +014.3980 +010.0553 +001.9741 -107.9338 +000.9389 -010.6934 0
L1 06     75 +013.8700 +001.5410 -003.7310 -049.0420 +004.5355 -002.0134 0
L1 07     75 +014.6871 +000.5634 -002.8754 +032.8970 -000.0040 -074.2803 0
L1 08     75 +014.8071 +000.6207 -002.1188 +108.0247 +081.2561 -019.6405 0
L1 01     79 +013.6053 +003.2908 +001.3319 +042.6044 -000.6378 +000.8935 0
L1 02     79 +004.5084 +007.3622 +001.6839 -175.6021 +001.5188 -130.3773 0
L1 03     79 +014.1073 +003.7770 -000.8513 +038.3801 +004.6027 +091.1762 0
L1 04     79 +008.7546 +008.7675 +001.7866 -038.0311 +000.0477 +000.4860 0
L1 05     79 +014.3982 +010.0550 +001.9741 -107.9350 +000.9394 -010.6943 0
L1 06     79 +013.8709 +001.5412 -003.7303 -049.0237 +004.5131 -002.0052 0
L1 07     79 +014.6877 +000.5632 -002.8746 +032.9093 +000.0018 -074.3021 0
L1 08     79 +014.8075 +000.6212 -002.1181 +107.9648 +081.2706 -019.7178 0
L1 01     83 +013.6053 +003.2909 +001.3320 +042.6071 -000.6392 +000.8922 0
L1 02     83 +004.5084 +007.3622 +001.6839 -175.6025 +001.5201 -130.3853 0
L1 03     83 +014.1074 +003.7770 -000.8514 +038.3840 +004.6002 +091.1732 0
L1 04     83 +008.7546 +008.7675 +001.7866 -038.0314 +000.0479 +000.4859 0
L1 05     83 +014.3984 +010.0548 +001.9740 -107.9364 +000.9397 -010.6945 0
L1 06     83 +013.8715 +001.5404 -003.7306 -049.0224 +004.5020 -002.0100 0
L1 07     83 +014.6884 +000.5643 -002.8738 +032.9306 +000.0091 -074.3168 0
L1 08     83 +014.8080 +000.6217 -002.1176 +107.9402 +081.2808 -019.7546 0
L1 01     87 +013.6053 +003.2910 +001.3320 +042.6086 -000.6398 +000.8938 0
L1 02     87 +004.5085 +007.3622 +001.6838 -175.6043 +001.5212 -130.3904 0
L1 03     87 +014.1074 +003.7770 -000.8513 +038.3847 +004.6002 +091.1731 0
L1 04     87 +008.7546 +008.7675 +001.7867 -038.0313 +000.0479 +000.4862 0
L1 05     87 +014.3979 +010.0554 +001.9739 -107.9328 +000.9397 -010.6942 0
L1 06     87 +013.8716 +001.5405 -003.7301 -049.0157 +004.4941 -002.0078 0
L1 07     87 +014.6884 +000.5639 -002.8741 +032.9277 +000.0275 -074.3219 0
L1 08     87 +014.8081 +000.6219 -002.1171 +107.9368 +081.2877 -019.7617 0
L1 01     91 +013.6054 +003.2907 +001.3318 +042.6072 -000.6377 +000.8950 0
L1 02     91 +004.5085 +007.3622 +001.6839 -175.6030 +001.5201 -130.3831 0
L1 03     91 +014.1074 +003.7769 -000.8514 +038.3875 +004.6029 +091.1713 0
L1 04     91 +008.7546 +008.7674 +001.7866 -038.0319 +000.0481 +000.4857 0
L1 05     91 +014.3979 +010.0554 +001.9739 -107.9324 +000.9393 -010.6932 0
L1 06     91 +013.8718 +001.5404 -003.7298 -049.0041 +004.4772 -002.0111 0
L1 07     91 +014.6887 +000.5631 -002.8735 +032.9251 +000.0456 -074.3468 0
L1 08     91 +014.8082 +000.6215 -002.1168 +107.9439 +081.3046 -019.7613 0
L1 01     95 +013.6053 +003.2908 +001.3319 +042.6094 -000.6380 +000.8950 0
L1 02     95 +004.5084 +007.3621 +001.6839 -175.6015 +001.5179 -130.3722 0
L1 03     95 +014.1073 +003.7770 -000.8514 +038.3907 +004.6031 +091.1711 0
L1 04     95 +008.7546 +008.7675 +001.7866 -038.0314 +000.0481 +000.4859 0
L1 05     95 +014.3977 +010.0556 +001.9745 -107.9307 +000.9410 -010.6913 0
L1 06     95 +013.8722 +001.5400 -003.7297 -048.9935 +004.4616 -002.0110 0
L1 07     95 +014.6891 +000.5636 -002.8727 +032.9422 +000.0456 -074.3626 0
L1 08     95 +014.8084 +000.6221 -002.1161 +107.9113 +081.3177 -019.8081 0
L1 01     99 +013.6054 +003.2907 +001.3319 +042.6084 -000.6397 +000.8994 0
L1 02     99 +004.5084 +007.3621 +001.6839 -175.6008 +001.5178 -130.3720 0
L1 03     99 +014.1072 +003.7772 -000.8513 +038.3912 +004.6015 +091.1773 0
L1 04     99 +008.7546 +008.7674 +001.7867 -038.0317 +000.0478 +000.4861 0
L1 05     99 +014.3980 +010.0551 +001.9745 -107.9329 +000.9405 -010.6917 0
L1 06     99 +013.8721 +001.5404 -003.7296 -048.9909 +004.4587 -002.0090 0
L1 07     99 +014.6891 +000.5638 -002.8726 +032.9488 +000.0522 -074.3685 0
L1 08     99 +014.8083 +000.6226 -002.1160 +107.9094 +081.3174 -019.8129 0
L1 01    103 +013.6053 +003.2908 +001.3319 +042.6072 -000.6396 +000.9063 0
L1 02    103 +004.5085 +007.3621 +001.6839 -175.6027 +001.5192 -130.3807 0
L1 03    103 +014.1069 +003.7777 -000.8513 +038.3912 +004.6029 +091.1881 0
L1 04    103 +008.7546 +008.7674 +001.7867 -038.0322 +000.0479 +000.4861 0
L1 05    103 +014.3980 +010.0551 +001.9742 -107.9341 +000.9400 -010.6929 0
L1 06    103 +013.8718 +001.5406 -003.7297 -048.9908 +004.4598 -002.0103 0
L1 07    103 +014.6887 +000.5646 -002.8729 +032.9486 +000.0605 -074.3655 0
L1 08    103 +014.8079 +000.6234 -002.1161 +107.9233 +081.3160 -019.8023 0
L1 01    107 +013.6053 +003.2909 +001.3319 +042.6094 -000.6366 +000.9053 0
L1 02    107 +004.5085 +007.3622 +001.6838 -175.6031 +001.5211 -130.3904 0
L1 03    107 +014.1070 +003.7774 -000.8512 +038.3895 +004.6070 +091.1845 0
L1 04    107 +008.7546 +008.7675 +001.7866 -038.0316 +000.0481 +000.4857 0
L1 05    107 +014.3981 +010.0551 +001.9740 -107.9340 +000.9389 -010.6928 0
L1 06    107 +013.8717 +001.5406 -003.7294 -048.9882 +004.4447 -002.0161 0
L1 07    107 +014.6886 +000.5649 -002.8723 +032.9599 +000.0702 -074.3850 0
L1 08    107 +014.8078 +000.6235 -002.1156 +108.0061 +081.3429 -019.7267 0
L1 01    111 +013.6052 +003.2909 +001.3319 +042.6094 -000.6323 +000.9006 0
L1 02    111 +004.5085 +007.3622 +001.6838 -175.6041 +001.5213 -130.3912 0
L1 03    111 +014.1069 +003.7769 -000.8514 +038.3909 +004.6155 +091.1729 0
L1 04    111 +008.7547 +008.7674 +001.7866 -038.0325 +000.0485 +000.4856 0
L1 05    111 +014.3981 +010.0551 +001.9740 -107.9341 +000.9386 -010.6928 0
L1 06    111 +013.8721 +001.5381 -003.7284 -048.9904 +004.4101 -002.0326 0
L1 07    111 +014.6888 +000.5642 -002.8709 +032.9714 +000.0870 -074.4205 0
L1 08    111 +014.8079 +000.6226 -002.1140 +108.0042 +081.3760 -019.7314 0
L1 01    115 +013.6052 +003.2906 +001.3319 +042.6143 -000.6267 +000.8895 0
L1 02    115 +004.5085 +007.3622 +001.6839 -175.6032 +001.5198 -130.3830 0
L1 03    115 +014.1069 +003.7755 -000.8518 +038.3938 +004.6258 +091.1494 0
L1 04    115 +008.7547 +008.7673 +001.7866 -038.0329 +000.0485 +000.4856 0
L1 05    115 +014.3981 +010.0550 +001.9738 -107.9353 +000.9378 -010.6944 0
L1 06    115 +013.8729 +001.5366 -003.7277 -048.9703 +004.3742 -002.0438 0
L1 07    115 +014.6898 +000.5617 -002.8690 +032.9705 +000.1059 -074.4644 0
L1 08    115 +014.8086 +000.6215 -002.1123 +108.0234 +081.4185 -019.7261 0
L1 01    119 +013.6051 +003.2903 +001.3317 +042.6235 -000.6206 +000.8854 0
L1 02    119 +004.5085 +007.3621 +001.6839 -175.6019 +001.5174 -130.3723 0
L1 03    119 +014.1067 +003.7751 -000.8518 +038.4051 +004.6340 +091.1415 0
L1 04    119 +008.7546 +008.7674 +001.7866 -038.0320 +000.0477 +000.4857 0
L1 05    119 +014.3980 +010.0552 +001.9739 -107.9343 +000.9377 -010.6938 0
L1 06    119 +013.8730 +001.5349 -003.7275 -048.9651 +004.3631 -002.0575 0
L1 07    119 +014.6900 +000.5611 -002.8684 +032.9924 +000.1314 -074.4837 0
L1 08    119 +014.8088 +000.6211 -002.1117 +108.0890 +081.4354 -019.6723 0
L1 01    123 +013.6051 +003.2901 +001.3317 +042.6222 -000.6221 +000.8916 0
L1 02    123 +004.5085 +007.3621 +001.6839 -175.6020 +001.5174 -130.3719 0
L1 03    123 +014.1065 +003.7751 -000.8518 +038.4037 +004.6335 +091.1481 0
L1 04    123 +008.7547 +008.7674 +001.7866 -038.0325 +000.0481 +000.4853 0
L1 05    123 +014.3980 +010.0551 +001.9737 -107.9347 +000.9364 -010.6941 0
L1 06    123 +013.8726 +001.5352 -003.7276 -048.9657 +004.3701 -002.0593 0
L1 07    123 +014.6897 +000.5607 -002.8683 +032.9851 +000.1464 -074.4795 0
L1 08    123 +014.8087 +000.6209 -002.1118 +108.1142 +081.4299 -019.6415 0
L1 01    127 +013.6051 +003.2904 +001.3318 +042.6257 -000.6221 +000.8931 0
L1 02    127 +004.5085 +007.3621 +001.6839 -175.6025 +001.5180 -130.3767 0
L1 03    127 +014.1064 +003.7755 -000.8518 +038.4057 +004.6352 +091.1533 0
L1 04    127 +008.7547 +008.7674 +001.7867 -038.0324 +000.0482 +000.4859 0
L1 05    127 +014.3976 +010.0556 +001.9741 -107.9301 +000.9396 -010.6916 0
L1 06    127 +013.8721 +001.5360 -003.7274 -048.9640 +004.3751 -002.0612 0
L1 07    127 +014.6893 +000.5613 -002.8685 +032.9875 +000.1642 -074.4756 0
L1 08    127 +014.8083 +000.6217 -002.1119 +108.1580 +081.4257 -019.5980 0
L1 01    131 +013.6051 +003.2904 +001.3318 +042.6245 -000.6197 +000.8976 0
L1 02    131 +004.5085 +007.3622 +001.6839 -175.6029 +001.5205 -130.3864 0
L1 03    131 +014.1060 +003.7757 -000.8518 +038.4050 +004.6412 +091.1620 0
L1 04    131 +008.7546 +008.7675 +001.7866 -038.0315 +000.0481 +000.4858 0
L1 05    131 +014.3979 +010.0554 +001.9741 -107.9316 +000.9401 -010.6922 0
L1 06    131 +013.8712 +001.5363 -003.7275 -048.9720 +004.3873 -002.0716 0
L1 07    131 +014.6884 +000.5617 -002.8689 +032.9869 +000.1868 -074.4635 0
L1 08    131 +014.8076 +000.6216 -002.1123 +108.2475 +081.4179 -019.4987 0
L1 01    135 +013.6050 +003.2904 +001.3320 +042.6217 -000.6199 +000.9020 0
L1 02    135 +004.5085 +007.3622 +001.6839 -175.6038 +001.5215 -130.3896 0
L1 03    135 +014.1058 +003.7756 -000.8515 +038.3972 +004.6460 +091.1701 0
L1 04    135 +008.7547 +008.7674 +001.7866 -038.0324 +000.0483 +000.4858 0
L1 05    135 +014.3983 +010.0546 +001.9744 -107.9356 +000.9405 -010.6920 0
L1 06    135 +013.8699 +001.5361 -003.7274 -048.9900 +004.4036 -002.0802 0
L1 07    135 +014.6871 +000.5615 -002.8696 +032.9739 +000.2000 -074.4537 0
L1 08    135 +014.8066 +000.6213 -002.1126 +108.3236 +081.4072 -019.4053 0
L1 01    139 +013.6050 +003.2905 +001.3319 +042.6225 -000.6140 +000.9046 0
L1 02    139 +004.5085 +007.3622 +001.6839 -175.6026 +001.5204 -130.3845 0
L1 03    139 +014.1054 +003.7759 -000.8515 +038.3999 +004.6536 +091.1746 0
L1 04    139 +008.7546 +008.7675 +001.7866 -038.0314 +000.0481 +000.4858 0
L1 05    139 +014.3976 +010.0556 +001.9743 -107.9302 +000.9404 -010.6917 0
L1 06    139 +013.8690 +001.5363 -003.7272 -048.9980 +004.4103 -002.0871 0
L1 07    139 +014.6862 +000.5617 -002.8697 +032.9680 +000.2104 -074.4442 0
L1 08    139 +014.8058 +000.6214 -002.1130 +108.4124 +081.4022 -019.3134 0
L1 01    143 +013.6050 +003.2904 +001.3320 +042.6201 -000.6148 +000.9021 0
L1 02    143 +004.5085 +007.3622 +001.6839 -175.6024 +001.5193 -130.3795 0
L1 03    143 +014.1054 +003.7755 -000.8515 +038.3951 +004.6553 +091.1720 0
L1 04    143 +008.7546 +008.7674 +001.7867 -038.0320 +000.0485 +000.4859 0
L1 05    143 +014.3975 +010.0558 +001.9743 -107.9294 +000.9401 -010.6920 0
L1 06    143 +013.8688 +001.5361 -003.7273 -049.0015 +004.4088 -002.0924 0
L1 07    143 +014.6861 +000.5612 -002.8694 +032.9624 +000.2148 -074.4501 0
L1 08    143 +014.8057 +000.6210 -002.1127 +108.4119 +081.4069 -019.3089 0
L1 01    147 +013.6049 +003.2903 +001.3321 +042.6208 -000.6121 +000.8980 0
L1 02    147 +004.5085 +007.3621 +001.6839 -175.6024 +001.5186 -130.3768 0
L1 03    147 +014.1054 +003.7753 -000.8516 +038.3959 +004.6592 +091.1659 0
L1 04    147 +008.7547 +008.7674 +001.7866 -038.0320 +000.0485 +000.4856 0
L1 05    147 +014.3978 +010.0556 +001.9737 -107.9319 +000.9382 -010.6931 0
L1 06    147 +013.8687 +001.5357 -003.7273 -049.0017 +004.4038 -002.0983 0
L1 07    147 +014.6859 +000.5610 -002.8693 +032.9660 +000.2268 -074.4586 0
L1 08    147 +014.8057 +000.6208 -002.1124 +108.4405 +081.4151 -019.2821 0
L1 01    151 +013.6049 +003.2902 +001.3321 +042.6212 -000.6103 +000.8946 0
L1 02    151 +004.5085 +007.3621 +001.6839 -175.6021 +001.5183 -130.3759 0
L1 03    151 +014.1054 +003.7750 -000.8518 +038.3961 +004.6618 +091.1608 0
L1 04    151 +008.7547 +008.7674 +001.7866 -038.0321 +000.0484 +000.4855 0
L1 05    151 +014.3979 +010.0554 +001.9743 -107.9328 +000.9398 -010.6914 0
L1 06    151 +013.8690 +001.5349 -003.7270 -049.0048 +004.4010 -002.1000 0
L1 07    151 +014.6860 +000.5600 -002.8689 +032.9616 +000.2471 -074.4673 0
L1 08    151 +014.8059 +000.6200 -002.1121 +108.4448 +081.4191 -019.2753 0
L1 01    155 +013.6049 +003.2903 +001.3321 +042.6225 -000.6102 +000.8933 0
L1 02    155 +004.5084 +007.3621 +001.6839 -175.6020 +001.5184 -130.3770 0
L1 03    155 +014.1055 +003.7749 -000.8517 +038.3954 +004.6585 +091.1596 0
L1 04    155 +008.7546 +008.7674 +001.7866 -038.0317 +000.0481 +000.4858 0
L1 05    155 +014.3977 +010.0556 +001.9745 -107.9310 +000.9412 -010.6911 0
L1 06    155 +013.8689 +001.5351 -003.7272 -049.0031 +004.4047 -002.1001 0
L1 07    155 +014.6861 +000.5606 -002.8691 +032.9666 +000.2611 -074.4625 0
L1 08    155 +014.8060 +000.6202 -002.1124 +108.4520 +081.4166 -019.2681 0
L1 01    159 +013.6049 +003.2905 +001.3320 +042.6228 -000.6125 +000.8979 0
L1 02    159 +004.5084 +007.3622 +001.6839 -175.6020 +001.5194 -130.3808 0
L1 03    159 +014.1056 +003.7755 -000.8517 +038.3983 +004.6535 +091.1668 0
L1 04    159 +008.7546 +008.7675 +001.7866 -038.0315 +000.0480 +000.4857 0
L1 05    159 +014.3977 +010.0557 +001.9740 -107.9296 +000.9401 -010.6935 0
L1 06    159 +013.8689 +001.5360 -003.7277 -049.0025 +004.4195 -002.0946 0
L1 07    159 +014.6861 +000.5607 -002.8701 +032.9644 +000.2727 -074.4504 0
L1 08    159 +014.8061 +000.6207 -002.1131 +108.4409 +081.4014 -019.2771 0
L1 01    163 +013.6050 +003.2904 +001.3319 +042.6212 -000.6160 +000.9020 0
L1 02    163 +004.5085 +007.3622 +001.6839 -175.6027 +001.5206 -130.3866 0
L1 03    163 +014.1056 +003.7757 -000.8515 +038.3961 +004.6471 +091.1735 0
L1 04    163 +008.7546 +008.7675 +001.7867 -038.0316 +000.0481 +000.4860 0
L1 05    163 +014.3978 +010.0556 +001.9740 -107.9308 +000.9400 -010.6925 0
L1 06    163 +013.8689 +001.5369 -003.7279 -049.0012 +004.4290 -002.0873 0
L1 07    163 +014.6861 +000.5614 -002.8702 +032.9649 +000.2769 -074.4435 0
L1 08    163 +014.8061 +000.6209 -002.1136 +108.4295 +081.3925 -019.2851 0
L1 01    167 +013.6050 +003.2905 +001.3320 +042.6213 -000.6176 +000.9003 0
L1 02    167 +004.5084 +007.3623 +001.6838 -175.6028 +001.5207 -130.3887 0
L1 03    167 +014.1057 +003.7759 -000.8515 +038.3963 +004.6443 +091.1730 0
L1 04    167 +008.7546 +008.7675 +001.7866 -038.0317 +000.0484 +000.4858 0
L1 05    167 +014.3978 +010.0556 +001.9739 -107.9301 +000.9400 -010.6941 0
L1 06    167 +013.8690 +001.5370 -003.7279 -049.0033 +004.4293 -002.0839 0
L1 07    167 +014.6861 +000.5621 -002.8706 +032.9634 +000.2830 -074.4408 0
L1 08    167 +014.8061 +000.6213 -002.1136 +108.4187 +081.3894 -019.2973 0
L1 01    171 +013.6050 +003.2906 +001.3320 +042.6216 -000.6180 +000.8998 0
L1 02    171 +004.5085 +007.3622 +001.6839 -175.6030 +001.5200 -130.3841 0
L1 03    171 +014.1058 +003.7759 -000.8515 +038.3958 +004.6433 +091.1724 0
L1 04    171 +008.7547 +008.7674 +001.7867 -038.0322 +000.0483 +000.4862 0
L1 05    171 +014.3980 +010.0552 +001.9738 -107.9324 +000.9391 -010.6939 0
L1 06    171 +013.8691 +001.5370 -003.7283 -049.0069 +004.4332 -002.0846 0
L1 07    171 +014.6863 +000.5618 -002.8706 +032.9592 +000.2845 -074.4420 0
L1 08    171 +014.8062 +000.6213 -002.1139 +108.4154 +081.3885 -019.2996 0
L1 01    175 +013.6050 +003.2906 +001.3319 +042.6221 -000.6166 +000.8988 0
L1 02    175 +004.5084 +007.3622 +001.6839 -175.6007 +001.5177 -130.3725 0
L1 03    175 +014.1058 +003.7761 -000.8516 +038.3988 +004.6433 +091.1710 0
L1 04    175 +008.7546 +008.7675 +001.7866 -038.0315 +000.0478 +000.4860 0
L1 05    175 +014.3977 +010.0555 +001.9743 -107.9313 +000.9400 -010.6912 0
L1 06    175 +013.8693 +001.5367 -003.7282 -049.0089 +004.4290 -002.0854 0
L1 07    175 +014.6864 +000.5620 -002.8708 +032.9591 +000.2884 -074.4444 0
L1 08    175 +014.8063 +000.6212 -002.1139 +108.4149 +081.3904 -019.3013 0
L1 01    179 +013.6050 +003.2904 +001.3321 +042.6205 -000.6188 +000.8980 0
L1 02    179 +004.5084 +007.3621 +001.6839 -175.6015 +001.5172 -130.3702 0
L1 03    179 +014.1058 +003.7759 -000.8515 +038.3971 +004.6409 +091.1686 0
L1 04    179 +008.7546 +008.7675 +001.7867 -038.0315 +000.0478 +000.4860 0
L1 05    179 +014.3977 +010.0555 +001.9739 -107.9312 +000.9390 -010.6922 0
L1 06    179 +013.8694 +001.5371 -003.7281 -049.0050 +004.4297 -002.0811 0
L1 07    179 +014.6866 +000.5611 -002.8704 +032.9535 +000.2951 -074.4495 0
L1 08    179 +014.8065 +000.6209 -002.1136 +108.3853 +081.3923 -019.3297 0
L1 01    183 +013.6050 +003.2904 +001.3321 +042.6214 -000.6214 +000.8944 0
L1 02    183 +004.5085 +007.3621 +001.6839 -175.6031 +001.5185 -130.3782 0
L1 03    183 +014.1061 +003.7755 -000.8516 +038.3949 +004.6385 +091.1637 0
L1 04    183 +008.7546 +008.7675 +001.7866 -038.0314 +000.0482 +000.4862 0
L1 05    183 +014.3980 +010.0551 +001.9739 -107.9337 +000.9406 -010.6928 0
L1 06    183 +013.8699 +001.5366 -003.7280 -049.0040 +004.4243 -002.0783 0
L1 07    183 +014.6868 +000.5615 -002.8702 +032.9616 +000.3066 -074.4571 0
L1 08    183 +014.8068 +000.6211 -002.1134 +108.3499 +081.3977 -019.3721 0
L1 01    187 +013.6050 +003.2904 +001.3321 +042.6241 -000.6203 +000.8928 0
L1 02    187 +004.5084 +007.3622 +001.6839 -175.6028 +001.5218 -130.3910 0
L1 03    187 +014.1061 +003.7758 -000.8518 +038.4036 +004.6367 +091.1601 0
L1 04    187 +008.7546 +008.7675 +001.7866 -038.0310 +000.0484 +000.4860 0
L1 05    187 +014.3980 +010.0554 +001.9736 -107.9311 +000.9390 -010.6948 0
L1 06    187 +013.8704 +001.5365 -003.7280 -048.9966 +004.4185 -002.0756 0
L1 07    187 +014.6875 +000.5614 -002.8700 +032.9629 +000.3212 -074.4627 0
L1 08    187 +014.8073 +000.6210 -002.1133 +108.3322 +081.4004 -019.3945 0
L1 01    191 +013.6051 +003.2902 +001.3317 +042.6226 -000.6182 +000.8923 0
L1 02    191 +004.5085 +007.3622 +001.6839 -175.6039 +001.5220 -130.3935 0
L1 03    191 +014.1062 +003.7755 -000.8519 +038.4019 +004.6355 +091.1580 0
L1 04    191 +008.7547 +008.7674 +001.7866 -038.0324 +000.0484 +000.4859 0
L1 05    191 +014.3984 +010.0546 +001.9738 -107.9369 +000.9404 -010.6944 0
L1 06    191 +013.8707 +001.5364 -003.7281 -048.9963 +004.4178 -002.0750 0
L1 07    191 +014.6878 +000.5609 -002.8703 +032.9625 +000.3369 -074.4657 0
L1 08    191 +014.8077 +000.6204 -002.1136 +108.3335 +081.4023 -019.3896 0
L1 01    195 +013.6050 +003.2906 +001.3317 +042.6249 -000.6180 +000.8919 0
L1 02    195 +004.5085 +007.3622 +001.6839 -175.6024 +001.5204 -130.3844 0
L1 03    195 +014.1062 +003.7758 -000.8519 +038.4051 +004.6340 +091.1597 0
L1 04    195 +008.7546 +008.7675 +001.7867 -038.0316 +000.0479 +000.4860 0
L1 05    195 +014.3979 +010.0553 +001.9742 -107.9324 +000.9406 -010.6904 0
L1 06    195 +013.8707 +001.5366 -003.7282 -048.9946 +004.4244 -002.0758 0
L1 07    195 +014.6877 +000.5612 -002.8707 +032.9622 +000.3467 -074.4604 0
L1 08    195 +014.8076 +000.6212 -002.1137 +108.3429 +081.3959 -019.3835 0
L1 01    199 +013.6051 +003.2904 +001.3319 +042.6236 -000.6206 +000.8945 0
L1 02    199 +004.5085 +007.3621 +001.6839 -175.6013 +001.5170 -130.3699 0
L1 03    199 +014.1062 +003.7758 -000.8517 +038.4015 +004.6322 +091.1645 0
L1 04    199 +008.7546 +008.7675 +001.7867 -038.0314 +000.0479 +000.4860 0
L1 05    199 +014.3981 +010.0552 +001.9741 -107.9338 +000.9405 -010.6923 0
L1 06    199 +013.8705 +001.5375 -003.7282 -048.9943 +004.4301 -002.0701 0
L1 07    199 +014.6875 +000.5614 -002.8705 +032.9581 +000.3496 -074.4563 0
L1 08    199 +014.8073 +000.6212 -002.1138 +108.3373 +081.3902 -019.3855 0
L1 01    203 +013.6051 +003.2904 +001.3320 +042.6213 -000.6238 +000.8987 0
L1 02    203 +004.5085 +007.3621 +001.6839 -175.6013 +001.5167 -130.3679 0
L1 03    203 +014.1062 +003.7760 -000.8516 +038.3998 +004.6299 +091.1718 0
L1 04    203 +008.7546 +008.7675 +001.7866 -038.0319 +000.0481 +000.4857 0
L1 05    203 +014.3980 +010.0554 +001.9735 -107.9322 +000.9381 -010.6955 0
L1 06    203 +013.8703 +001.5379 -003.7284 -048.9957 +004.4329 -002.0671 0
L1 07    203 +014.6873 +000.5618 -002.8709 +032.9547 +000.3546 -074.4532 0
L1 08    203 +014.8072 +000.6217 -002.1140 +108.3257 +081.3858 -019.3976 0
L1 01    207 +013.6051 +003.2904 +001.3319 +042.6212 -000.6247 +000.9017 0
L1 02    207 +004.5085 +007.3621 +001.6839 -175.6027 +001.5188 -130.3782 0
L1 03    207 +014.1062 +003.7765 -000.8516 +038.4021 +004.6265 +091.1734 0
L1 04    207 +008.7547 +008.7675 +001.7866 -038.0318 +000.0484 +000.4855 0
L1 05    207 +014.3977 +010.0557 +001.9736 -107.9309 +000.9374 -010.6939 0
L1 06    207 +013.8707 +001.5379 -003.7282 -048.9933 +004.4270 -002.0607 0
L1 07    207 +014.6874 +000.5625 -002.8712 +032.9608 +000.3578 -074.4571 0
L1 08    207 +014.8073 +000.6218 -002.1140 +108.2899 +081.3878 -019.4384 0
L1 01    211 +013.6051 +003.2905 +001.3320 +042.6232 -000.6276 +000.8982 0
L1 02    211 +004.5085 +007.3622 +001.6838 -175.6037 +001.5215 -130.3934 0
L1 03    211 +014.1064 +003.7762 -000.8516 +038.4003 +004.6232 +091.1685 0
L1 04    211 +008.7547 +008.7674 +001.7866 -038.0321 +000.0483 +000.4860 0
L1 05    211 +014.3976 +010.0559 +001.9737 -107.9299 +000.9386 -010.6940 0
L1 06    211 +013.8712 +001.5378 -003.7282 -048.9844 +004.4134 -002.0544 0
L1 07    211 +014.6879 +000.5624 -002.8710 +032.9683 +000.3622 -074.4736 0
L1 08    211 +014.8077 +000.6224 -002.1137 +108.2362 +081.3983 -019.5051 0
L1 01    215 +013.6050 +003.2906 +001.3319 +042.6237 -000.6262 +000.8968 0
L1 02    215 +004.5085 +007.3623 +001.6839 -175.6042 +001.5225 -130.3966 0
L1 03    215 +014.1064 +003.7760 -000.8515 +038.4017 +004.6241 +091.1643 0
L1 04    215 +008.7547 +008.7674 +001.7867 -038.0322 +000.0481 +000.4861 0
L1 05    215 +014.3979 +010.0554 +001.9739 -107.9318 +000.9402 -010.6929 0
L1 06    215 +013.8714 +001.5374 -003.7285 -048.9852 +004.4091 -002.0604 0
L1 07    215 +014.6881 +000.5624 -002.8705 +032.9741 +000.3704 -074.4855 0
L1 08    215 +014.8079 +000.6223 -002.1133 +108.2337 +081.4044 -019.5089 0
L1 01    219 +013.6050 +003.2905 +001.3319 +042.6236 -000.6250 +000.8967 0
L1 02    219 +004.5085 +007.3622 +001.6839 -175.6029 +001.5199 -130.3827 0
L1 03    219 +014.1063 +003.7759 -000.8515 +038.4016 +004.6268 +091.1638 0
L1 04    219 +008.7547 +008.7674 +001.7867 -038.0323 +000.0479 +000.4861 0
L1 05    219 +014.3984 +010.0549 +001.9742 -107.9360 +000.9410 -010.6923 0
L1 06    219 +013.8715 +001.5370 -003.7278 -048.9797 +004.3946 -002.0600 0
L1 07    219 +014.6881 +000.5620 -002.8699 +032.9711 +000.3864 -074.4980 0
L1 08    219 +014.8078 +000.6220 -002.1130 +108.2515 +081.4145 -019.4937 0
L1 01    223 +013.6051 +003.2903 +001.3318 +042.6230 -000.6184 +000.8937 0
L1 02    223 +004.5085 +007.3621 +001.6839 -175.6018 +001.5162 -130.3658 0
L1 03    223 +014.1063 +003.7757 -000.8517 +038.4069 +004.6375 +091.1528 0
L1 04    223 +008.7546 +008.7675 +001.7866 -038.0315 +000.0480 +000.4855 0
L1 05    223 +014.3981 +010.0550 +001.9743 -107.9358 +000.9406 -010.6911 0
L1 06    223 +013.8715 +001.5358 -003.7276 -048.9774 +004.3763 -002.0733 0
L1 07    223 +014.6882 +000.5616 -002.8691 +032.9763 +000.4082 -074.5188 0
L1 08    223 +014.8079 +000.6212 -002.1120 +108.2719 +081.4372 -019.4756 0
L1 01    227 +013.6051 +003.2902 +001.3317 +042.6246 -000.6083 +000.8866 0
L1 02    227 +004.5084 +007.3621 +001.6839 -175.6010 +001.5167 -130.3689 0
L1 03    227 +014.1060 +003.7750 -000.8520 +038.4073 +004.6491 +091.1439 0
L1 04    227 +008.7546 +008.7675 +001.7866 -038.0312 +000.0481 +000.4852 0
L1 05    227 +014.3976 +010.0558 +001.9740 -107.9302 +000.9384 -010.6923 0
L1 06    227 +013.8714 +001.5342 -003.7271 -048.9750 +004.3580 -002.0877 0
L1 07    227 +014.6881 +000.5593 -002.8685 +032.9784 +000.4331 -074.5436 0
L1 08    227 +014.8077 +000.6205 -002.1110 +108.3221 +081.4582 -019.4281 0
L1 01    231 +013.6050 +003.2904 +001.3318 +042.6276 -000.6079 +000.8834 0
L1 02    231 +004.5085 +007.3622 +001.6838 -175.6029 +001.5197 -130.3835 0
L1 03    231 +014.1059 +003.7747 -000.8520 +038.4060 +004.6532 +091.1410 0
L1 04    231 +008.7546 +008.7675 +001.7866 -038.0313 +000.0482 +000.4855 0
L1 05    231 +014.3981 +010.0552 +001.9740 -107.9335 +000.9400 -010.6939 0
L1 06    231 +013.8712 +001.5338 -003.7264 -048.9736 +004.3516 -002.0914 0
L1 07    231 +014.6877 +000.5596 -002.8679 +032.9801 +000.4521 -074.5516 0
L1 08    231 +014.8074 +000.6206 -002.1105 +108.3499 +081.4650 -019.4037 0
L1 01    235 +013.6051 +003.2901 +001.3315 +042.6250 -000.6043 +000.8891 0
L1 02    235 +004.5084 +007.3623 +001.6838 -175.6023 +001.5217 -130.3907 0
L1 03    235 +014.1057 +003.7750 -000.8523 +038.4116 +004.6554 +091.1482 0
L1 04    235 +008.7546 +008.7676 +001.7866 -038.0307 +000.0480 +000.4850 0
L1 05    235 +014.3979 +010.0554 +001.9741 -107.9309 +000.9398 -010.6950 0
L1 06    235 +013.8710 +001.5344 -003.7266 -048.9704 +004.3550 -002.0915 0
L1 07    235 +014.6877 +000.5591 -002.8682 +032.9776 +000.4677 -074.5531 0
L1 08    235 +014.8074 +000.6204 -002.1109 +108.3649 +081.4625 -019.3883 0
L1 01    239 +013.6050 +003.2901 +001.3317 +042.6233 -000.6119 +000.8910 0
L1 02    239 +004.5085 +007.3622 +001.6839 -175.6030 +001.5202 -130.3844 0
L1 03    239 +014.1059 +003.7749 -000.8519 +038.4044 +004.6472 +091.1506 0
L1 04    239 +008.7547 +008.7674 +001.7866 -038.0319 +000.0482 +000.4855 0
L1 05    239 +014.3980 +010.0552 +001.9738 -107.9334 +000.9387 -010.6943 0
L1 06    239 +013.8712 +001.5346 -003.7267 -048.9718 +004.3567 -002.0840 0
L1 07    239 +014.6878 +000.5597 -002.8681 +032.9811 +000.4651 -074.5527 0
L1 08    239 +014.8073 +000.6209 -002.1109 +108.3267 +081.4584 -019.4273 0
L1 01    243 +013.6050 +003.2902 +001.3318 +042.6235 -000.6147 +000.8937 0
L1 02    243 +004.5085 +007.3622 +001.6839 -175.6024 +001.5189 -130.3775 0
L1 03    243 +014.1060 +003.7751 -000.8517 +038.4052 +004.6435 +091.1523 0
L1 04    243 +008.7546 +008.7674 +001.7866 -038.0318 +000.0480 +000.4854 0
L1 05    243 +014.3980 +010.0552 +001.9740 -107.9328 +000.9381 -010.6948 0
L1 06    243 +013.8715 +001.5354 -003.7266 -048.9645 +004.3540 -002.0747 0
L1 07    243 +014.6879 +000.5603 -002.8682 +032.9845 +000.4669 -074.5527 0
L1 08    243 +014.8075 +000.6213 -002.1110 +108.2991 +081.4578 -019.4596 0
L1 01    247 +013.6050 +003.2903 +001.3317 +042.6260 -000.6147 +000.8909 0
L1 02    247 +004.5084 +007.3621 +001.6839 -175.6014 +001.5185 -130.3754 0
L1 03    247 +014.1061 +003.7753 -000.8519 +038.4103 +004.6422 +091.1475 0
L1 04    247 +008.7546 +008.7675 +001.7866 -038.0313 +000.0480 +000.4852 0
L1 05    247 +014.3979 +010.0555 +001.9738 -107.9311 +000.9366 -010.6938 0
L1 06    247 +013.8721 +001.5349 -003.7267 -048.9581 +004.3404 -002.0735 0
L1 07    247 +014.6886 +000.5605 -002.8677 +032.9894 +000.4686 -074.5679 0
L1 08    247 +014.8081 +000.6215 -002.1105 +108.2460 +081.4710 -019.5277 0
L1 01    251 +013.6051 +003.2899 +001.3319 +042.6246 -000.6203 +000.8847 0
L1 02    251 +004.5085 +007.3621 +001.6839 -175.6028 +001.5186 -130.3773 0
L1 03    251 +014.1063 +003.7747 -000.8519 +038.4088 +004.6370 +091.1351 0
L1 04    251 +008.7546 +008.7674 +001.7866 -038.0319 +000.0483 +000.4856 0
L1 05    251 +014.3981 +010.0549 +001.9743 -107.9379 +000.9378 -010.6940 0
L1 06    251 +013.8734 +001.5338 -003.7265 -048.9512 +004.3193 -002.0671 0
L1 07    251 +014.6897 +000.5590 -002.8663 +032.9917 +000.4688 -074.5977 0
L1 08    251 +014.8090 +000.6207 -002.1097 +108.1562 +081.4859 -019.6206 0
L1 01    255 +013.6050 +003.2902 +001.3317 +042.6313 -000.6176 +000.8848 0
L1 02    255 +004.5084 +007.3622 +001.6838 -175.6016 +001.5183 -130.3780 0
L1 03    255 +014.1064 +003.7750 -000.8519 +038.4150 +004.6356 +091.1385 0
L1 04    255 +008.7546 +008.7675 +001.7866 -038.0314 +000.0482 +000.4853 0
L1 05    255 +014.3980 +010.0551 +001.9743 -107.9344 +000.9387 -010.6935 0
L1 06    255 +013.8734 +001.5343 -003.7265 -048.9484 +004.3273 -002.0670 0
L1 07    255 +014.6897 +000.5602 -002.8674 +033.0042 +000.4866 -074.5843 0
L1 08    255 +014.8090 +000.6219 -002.1100 +108.2032 +081.4770 -019.5841 0
L1 01    259 +013.6050 +003.2901 +001.3319 +042.6279 -000.6195 +000.8888 0
L1 02    259 +004.5085 +007.3622 +001.6839 -175.6024 +001.5195 -130.3822 0
L1 03    259 +014.1063 +003.7751 -000.8518 +038.4126 +004.6362 +091.1455 0
L1 04    259 +008.7546 +008.7674 +001.7867 -038.0318 +000.0481 +000.4857 0
L1 05    259 +014.3985 +010.0545 +001.9743 -107.9386 +000.9404 -010.6936 0
L1 06    259 +013.8727 +001.5349 -003.7267 -048.9525 +004.3404 -002.0689 0
L1 07    259 +014.6892 +000.5608 -002.8678 +032.9984 +000.5040 -074.5750 0
L1 08    259 +014.8087 +000.6218 -002.1103 +108.2323 +081.4682 -019.5451 0
L1 01    263 +013.6050 +003.2902 +001.3318 +042.6277 -000.6189 +000.8936 0
L1 02    263 +004.5084 +007.3622 +001.6839 -175.6021 +001.5208 -130.3873 0
L1 03    263 +014.1061 +003.7754 -000.8518 +038.4131 +004.6376 +091.1521 0
L1 04    263 +008.7547 +008.7674 +001.7867 -038.0319 +000.0484 +000.4860 0
L1 05    263 +014.3978 +010.0554 +001.9742 -107.9324 +000.9397 -010.6927 0
L1 06    263 +013.8723 +001.5354 -003.7268 -048.9531 +004.3463 -002.0703 0
L1 07    263 +014.6889 +000.5612 -002.8677 +032.9967 +000.5199 -074.5696 0
L1 08    263 +014.8083 +000.6219 -002.1105 +108.2534 +081.4636 -019.5211 0
L1 01    267 +013.6050 +003.2903 +001.3318 +042.6282 -000.6182 +000.8941 0
L1 02    267 +004.5085 +007.3622 +001.6839 -175.6026 +001.5205 -130.3858 0
L1 03    267 +014.1061 +003.7755 -000.8517 +038.4127 +004.6378 +091.1517 0
L1 04    267 +008.7546 +008.7675 +001.7867 -038.0314 +000.0485 +000.4858 0
L1 05    267 +014.3976 +010.0558 +001.9745 -107.9291 +000.9405 -010.6925 0
L1 06    267 +013.8723 +001.5350 -003.7267 -048.9539 +004.3410 -002.0725 0
L1 07    267 +014.6887 +000.5609 -002.8678 +032.9965 +000.5325 -074.5791 0
L1 08    267 +014.8083 +000.6221 -002.1105 +108.2628 +081.4666 -019.5137 0
L1 01    271 +013.6050 +003.2903 +001.3319 +042.6292 -000.6178 +000.8914 0
L1 02    271 +004.5085 +007.3622 +001.6839 -175.6024 +001.5193 -130.3811 0
L1 03    271 +014.1061 +003.7753 -000.8517 +038.4123 +004.6381 +091.1477 0
L1 04    271 +008.7546 +008.7675 +001.7867 -038.0313 +000.0481 +000.4860 0
L1 05    271 +014.3977 +010.0557 +001.9740 -107.9303 +000.9378 -010.6956 0
L1 06    271 +013.8725 +001.5347 -003.7264 -048.9520 +004.3342 -002.0720 0
L1 07    271 +014.6889 +000.5609 -002.8675 +033.0001 +000.5373 -074.5883 0
L1 08    271 +014.8084 +000.6221 -002.1103 +108.2563 +081.4732 -019.5238 0
L1 01    275 +013.6049 +003.2903 +001.3319 +042.6295 -000.6169 +000.8893 0
L1 02    275 +004.5084 +007.3622 +001.6839 -175.6020 +001.5184 -130.3768 0
L1 03    275 +014.1062 +003.7752 -000.8518 +038.4129 +004.6393 +091.1453 0
L1 04    275 +008.7546 +008.7675 +001.7867 -038.0314 +000.0479 +000.4859 0
L1 05    275 +014.3975 +010.0559 +001.9741 -107.9284 +000.9385 -010.6953 0
L1 06    275 +013.8726 +001.5345 -003.7266 -048.9532 +004.3330 -002.0755 0
L1 07    275 +014.6889 +000.5610 -002.8674 +033.0033 +000.5469 -074.5921 0
L1 08    275 +014.8084 +000.6220 -002.1102 +108.2699 +081.4762 -019.5102 0
L1 01    279 +013.6050 +003.2900 +001.3320 +042.6281 -000.6174 +000.8888 0
L1 02    279 +004.5085 +007.3622 +001.6839 -175.6018 +001.5182 -130.3754 0
L1 03    279 +014.1061 +003.7750 -000.8517 +038.4126 +004.6399 +091.1443 0
L1 04    279 +008.7546 +008.7674 +001.7867 -038.0319 +000.0481 +000.4860 0
L1 05    279 +014.3979 +010.0554 +001.9741 -107.9325 +000.9388 -010.6942 0
L1 06    279 +013.8724 +001.5346 -003.7264 -048.9543 +004.3368 -002.0770 0
L1 07    279 +014.6888 +000.5604 -002.8674 +032.9938 +000.5606 -074.5876 0
L1 08    279 +014.8083 +000.6212 -002.1100 +108.2841 +081.4757 -019.4906 0
L1 01    283 +013.6050 +003.2902 +001.3318 +042.6288 -000.6158 +000.8895 0
L1 02    283 +004.5084 +007.3622 +001.6839 -175.6016 +001.5187 -130.3775 0
L1 03    283 +014.1060 +003.7752 -000.8519 +038.4151 +004.6408 +091.1455 0
L1 04    283 +008.7546 +008.7675 +001.7867 -038.0316 +000.0480 +000.4861 0
L1 05    283 +014.3978 +010.0555 +001.9739 -107.9304 +000.9383 -010.6940 0
L1 06    283 +013.8723 +001.5348 -003.7267 -048.9546 +004.3418 -002.0787 0
L1 07    283 +014.6888 +000.5606 -002.8676 +032.9947 +000.5809 -074.5856 0
L1 08    283 +014.8084 +000.6215 -002.1104 +108.2961 +081.4717 -019.4788 0
L1 01    287 +013.6050 +003.2901 +001.3318 +042.6283 -000.6174 +000.8894 0
L1 02    287 +004.5085 +007.3622 +001.6839 -175.6028 +001.5191 -130.3824 0
L1 03    287 +014.1062 +003.7751 -000.8519 +038.4142 +004.6370 +091.1449 0
L1 04    287 +008.7547 +008.7674 +001.7867 -038.0325 +000.0488 +000.4863 0
L1 05    287 +014.3978 +010.0554 +001.9744 -107.9324 +000.9407 -010.6928 0
L1 06    287 +013.8726 +001.5349 -003.7267 -048.9519 +004.3404 -002.0723 0
L1 07    287 +014.6891 +000.5606 -002.8678 +032.9987 +000.5899 -074.5903 0
L1 08    287 +014.8087 +000.6216 -002.1104 +108.2682 +081.4712 -019.5082 0
L1 01    291 +013.6051 +003.2901 +001.3318 +042.6292 -000.6206 +000.8909 0
L1 02    291 +004.5084 +007.3622 +001.6839 -175.6019 +001.5213 -130.3882 0
L1 03    291 +014.1063 +003.7756 -000.8519 +038.4180 +004.6297 +091.1478 0
L1 04    291 +008.7546 +008.7674 +001.7867 -038.0317 +000.0486 +000.4860 0
L1 05    291 +014.3976 +010.0557 +001.9745 -107.9298 +000.9420 -010.6934 0
L1 06    291 +013.8732 +001.5357 -003.7268 -048.9427 +004.3431 -002.0598 0
L1 07    291 +014.6896 +000.5610 -002.8681 +033.0051 +000.5949 -074.5899 0
L1 08    291 +014.8091 +000.6222 -002.1106 +108.2105 +081.4649 -019.5758 0
L1 01    295 +013.6051 +003.2902 +001.3318 +042.6282 -000.6240 +000.8955 0
L1 02    295 +004.5084 +007.3622 +001.6839 -175.6019 +001.5207 -130.3857 0
L1 03    295 +014.1063 +003.7757 -000.8517 +038.4160 +004.6260 +091.1541 0
L1 04    295 +008.7546 +008.7675 +001.7867 -038.0314 +000.0483 +000.4863 0
L1 05    295 +014.3978 +010.0556 +001.9742 -107.9301 +000.9414 -010.6927 0
L1 06    295 +013.8730 +001.5361 -003.7271 -048.9466 +004.3528 -002.0589 0
L1 07    295 +014.6893 +000.5614 -002.8685 +033.0029 +000.6043 -074.5802 0
L1 08    295 +014.8089 +000.6225 -002.1111 +108.2209 +081.4547 -019.5615 0
L1 01    299 +013.6050 +003.2902 +001.3319 +042.6267 -000.6223 +000.8956 0
L1 02    299 +004.5085 +007.3622 +001.6839 -175.6023 +001.5189 -130.3797 0
L1 03    299 +014.1062 +003.7757 -000.8516 +038.4127 +004.6286 +091.1558 0
L1 04    299 +008.7546 +008.7675 +001.7867 -038.0316 +000.0481 +000.4865 0
L1 05    299 +014.3979 +010.0554 +001.9742 -107.9324 +000.9419 -010.6932 0
L1 06    299 +013.8724 +001.5360 -003.7272 -048.9536 +004.3551 -002.0668 0
L1 07    299 +014.6889 +000.5613 -002.8686 +032.9951 +000.6167 -074.5786 0
L1 08    299 +014.8085 +000.6224 -002.1111 +108.2644 +081.4549 -019.5113 0
L1 01    303 +013.6050 +003.2902 +001.3318 +042.6276 -000.6188 +000.8939 0
L1 02    303 +004.5084 +007.3622 +001.6839 -175.6017 +001.5188 -130.3789 0
L1 03    303 +014.1061 +003.7755 -000.8517 +038.4132 +004.6340 +091.1540 0
L1 04    303 +008.7546 +008.7675 +001.7867 -038.0314 +000.0481 +000.4861 0
L1 05    303 +014.3979 +010.0554 +001.9745 -107.9317 +000.9438 -010.6923 0
L1 06    303 +013.8722 +001.5355 -003.7269 -048.9572 +004.3521 -002.0742 0
L1 07    303 +014.6885 +000.5610 -002.8685 +032.9915 +000.6382 -074.5833 0
L1 08    303 +014.8083 +000.6221 -002.1110 +108.3095 +081.4601 -019.4639 0
L1 01    307 +013.6050 +003.2902 +001.3319 +042.6275 -000.6171 +000.8921 0
L1 02    307 +004.5085 +007.3622 +001.6839 -175.6024 +001.5197 -130.3818 0
L1 03    307 +014.1061 +003.7753 -000.8518 +038.4130 +004.6371 +091.1502 0
L1 04    307 +008.7546 +008.7674 +001.7867 -038.0317 +000.0483 +000.4860 0
L1 05    307 +014.3978 +010.0554 +001.9748 -107.9327 +000.9433 -010.6907 0
L1 06    307 +013.8721 +001.5352 -003.7268 -048.9581 +004.3501 -002.0774 0
L1 07    307 +014.6884 +000.5599 -002.8686 +032.9891 +000.6544 -074.5922 0
L1 08    307 +014.8083 +000.6216 -002.1108 +108.3225 +081.4645 -019.4487 0
L1 01    311 +013.6050 +003.2902 +001.3318 +042.6277 -000.6166 +000.8911 0
L1 02    311 +004.5084 +007.3622 +001.6839 -175.6021 +001.5191 -130.3812 0
L1 03    311 +014.1061 +003.7752 -000.8518 +038.4121 +004.6366 +091.1502 0
L1 04    311 +008.7546 +008.7674 +001.7867 -038.0321 +000.0482 +000.4865 0
L1 05    311 +014.3977 +010.0555 +001.9747 -107.9307 +000.9429 -010.6913 0
L1 06    311 +013.8721 +001.5352 -003.7268 -048.9588 +004.3505 -002.0754 0
L1 07    311 +014.6885 +000.5601 -002.8685 +032.9891 +000.6616 -074.5920 0
L1 08    311 +014.8083 +000.6219 -002.1108 +108.3192 +081.4639 -019.4535 0
L1 01    315 +013.6050 +003.2902 +001.3319 +042.6272 -000.6182 +000.8920 0
L1 02    315 +004.5084 +007.3622 +001.6839 -175.6020 +001.5188 -130.3784 0
L1 03    315 +014.1061 +003.7754 -000.8518 +038.4136 +004.6349 +091.1514 0
L1 04    315 +008.7546 +008.7674 +001.7867 -038.0316 +000.0482 +000.4861 0
L1 05    315 +014.3976 +010.0558 +001.9742 -107.9289 +000.9403 -010.6922 0
L1 06    315 +013.8722 +001.5356 -003.7270 -048.9568 +004.3533 -002.0727 0
L1 07    315 +014.6886 +000.5607 -002.8685 +032.9944 +000.6729 -074.5910 0
L1 08    315 +014.8084 +000.6219 -002.1109 +108.3042 +081.4604 -019.4682 0
L1 01    319 +013.6050 +003.2902 +001.3319 +042.6273 -000.6193 +000.8921 0
L1 02    319 +004.5084 +007.3622 +001.6839 -175.6020 +001.5192 -130.3797 0
L1 03    319 +014.1061 +003.7755 -000.8517 +038.4130 +004.6318 +091.1520 0
L1 04    319 +008.7546 +008.7675 +001.7867 -038.0313 +000.0478 +000.4865 0
L1 05    319 +014.3977 +010.0557 +001.9738 -107.9291 +000.9404 -010.6934 0
L1 06    319 +013.8723 +001.5357 -003.7271 -048.9557 +004.3538 -002.0708 0
L1 07    319 +014.6886 +000.5611 -002.8687 +032.9992 +000.6836 -074.5913 0
L1 08    319 +014.8084 +000.6222 -002.1110 +108.2958 +081.4592 -019.4789 0
L1 01    323 +013.6050 +003.2901 +001.3319 +042.6260 -000.6211 +000.8924 0
L1 02    323 +004.5085 +007.3622 +001.6839 -175.6022 +001.5196 -130.3837 0
L1 03    323 +014.1062 +003.7755 -000.8517 +038.4130 +004.6300 +091.1512 0
L1 04    323 +008.7546 +008.7675 +001.7867 -038.0314 +000.0481 +000.4862 0
L1 05    323 +014.3976 +010.0558 +001.9740 -107.9279 +000.9418 -010.6927 0
L1 06    323 +013.8725 +001.5357 -003.7270 -048.9525 +004.3509 -002.0682 0
L1 07    323 +014.6887 +000.5605 -002.8686 +032.9908 +000.6923 -074.5966 0
L1 08    323 +014.8086 +000.6219 -002.1109 +108.2800 +081.4617 -019.4946 0
L1 01    327 +013.6050 +003.2902 +001.3320 +042.6282 -000.6215 +000.8899 0
L1 02    327 +004.5084 +007.3622 +001.6839 -175.6024 +001.5198 -130.3836 0
L1 03    327 +014.1063 +003.7754 -000.8517 +038.4138 +004.6285 +091.1486 0
L1 04    327 +008.7545 +008.7675 +001.7868 -038.0309 +000.0479 +000.4868 0
L1 05    327 +014.3977 +010.0557 +001.9740 -107.9291 +000.9410 -010.6925 0
L1 06    327 +013.8728 +001.5356 -003.7269 -048.9490 +004.3464 -002.0654 0
L1 07    327 +014.6890 +000.5610 -002.8683 +032.9994 +000.6997 -074.6042 0
L1 08    327 +014.8088 +000.6223 -002.1109 +108.2717 +081.4657 -019.5102 0
L1 01    331 +013.6050 +003.2902 +001.3318 +042.6293 -000.6193 +000.8897 0
L1 02    331 +004.5084 +007.3622 +001.6839 -175.6017 +001.5193 -130.3802 0
L1 03    331 +014.1063 +003.7755 -000.8519 +038.4178 +004.6289 +091.1480 0
L1 04    331 +008.7546 +008.7675 +001.7868 -038.0310 +000.0478 +000.4867 0
L1 05    331 +014.3980 +010.0554 +001.9739 -107.9312 +000.9405 -010.6937 0
L1 06    331 +013.8730 +001.5357 -003.7269 -048.9464 +004.3454 -002.0658 0
L1 07    331 +014.6892 +000.5613 -002.8683 +033.0063 +000.7109 -074.6076 0
L1 08    331 +014.8090 +000.6221 -002.1108 +108.2693 +081.4674 -019.5124 0
L1 01    335 +013.6050 +003.2901 +001.3318 +042.6274 -000.6194 +000.8912 0
L1 02    335 +004.5085 +007.3622 +001.6839 -175.6025 +001.5191 -130.3801 0
L1 03    335 +014.1063 +003.7753 -000.8519 +038.4148 +004.6292 +091.1493 0
L1 04    335 +008.7546 +008.7674 +001.7867 -038.0321 +000.0482 +000.4864 0
L1 05    335 +014.3978 +010.0555 +001.9742 -107.9309 +000.9415 -010.6926 0
L1 06    335 +013.8729 +001.5355 -003.7270 -048.9534 +004.3480 -002.0686 0
L1 07    335 +014.6891 +000.5605 -002.8684 +032.9954 +000.7248 -074.6074 0
L1 08    335 +014.8090 +000.6220 -002.1109 +108.2837 +081.4654 -019.4946 0
L1 01    339 +013.6050 +003.2901 +001.3318 +042.6270 -000.6200 +000.8939 0
L1 02    339 +004.5084 +007.3622 +001.6839 -175.6021 +001.5199 -130.3820 0
L1 03    339 +014.1061 +003.7758 -000.8517 +038.4163 +004.6290 +091.1536 0
L1 04    339 +008.7546 +008.7675 +001.7867 -038.0312 +000.0481 +000.4863 0
L1 05    339 +014.3972 +010.0562 +001.9744 -107.9259 +000.9417 -010.6901 0
L1 06    339 +013.8724 +001.5363 -003.7273 -048.9518 +004.3578 -002.0697 0
L1 07    339 +014.6888 +000.5609 -002.8688 +032.9951 +000.7426 -074.5968 0
L1 08    339 +014.8087 +000.6222 -002.1111 +108.3071 +081.4579 -019.4695 0
L1 01    343 +013.6050 +003.2901 +001.3320 +042.6256 -000.6214 +000.8946 0
L1 02    343 +004.5085 +007.3622 +001.6839 -175.6027 +001.5196 -130.3821 0
L1 03    343 +014.1062 +003.7756 -000.8516 +038.4121 +004.6275 +091.1565 0
L1 04    343 +008.7546 +008.7674 +001.7867 -038.0315 +000.0481 +000.4867 0
L1 05    343 +014.3979 +010.0555 +001.9742 -107.9321 +000.9409 -010.6932 0
L1 06    343 +013.8722 +001.5364 -003.7273 -048.9562 +004.3607 -002.0681 0
L1 07    343 +014.6886 +000.5611 -002.8690 +032.9918 +000.7512 -074.5983 0
L1 08    343 +014.8085 +000.6223 -002.1113 +108.3072 +081.4551 -019.4652 0
L1 01    347 +013.6050 +003.2901 +001.3319 +042.6252 -000.6213 +000.8966 0
L1 02    347 +004.5085 +007.3622 +001.6839 -175.6023 +001.5195 -130.3805 0
L1 03    347 +014.1061 +003.7757 -000.8516 +038.4130 +004.6279 +091.1575 0
L1 04    347 +008.7546 +008.7674 +001.7867 -038.0318 +000.0481 +000.4863 0
L1 05    347 +014.3978 +010.0556 +001.9740 -107.9315 +000.9409 -010.6931 0
L1 06    347 +013.8723 +001.5363 -003.7273 -048.9563 +004.3601 -002.0676 0
L1 07    347 +014.6885 +000.5611 -002.8687 +032.9927 +000.7553 -074.6040 0
L1 08    347 +014.8085 +000.6222 -002.1111 +108.2972 +081.4565 -019.4751 0
L1 01    351 +013.6051 +003.2900 +001.3319 +042.6245 -000.6220 +000.8964 0
L1 02    351 +004.5085 +007.3622 +001.6839 -175.6021 +001.5193 -130.3795 0
L1 03    351 +014.1062 +003.7756 -000.8517 +038.4122 +004.6266 +091.1563 0
L1 04    351 +008.7546 +008.7674 +001.7866 -038.0317 +000.0481 +000.4858 0
L1 05    351 +014.3978 +010.0554 +001.9741 -107.9316 +000.9410 -010.6937 0
L1 06    351 +013.8725 +001.5365 -003.7272 -048.9543 +004.3580 -002.0659 0
L1 07    351 +014.6886 +000.5606 -002.8691 +032.9882 +000.7694 -074.6054 0
L1 08    351 +014.8086 +000.6221 -002.1113 +108.2950 +081.4571 -019.4778 0
L1 01    355 +013.6050 +003.2902 +001.3319 +042.6251 -000.6230 +000.8951 0
L1 02    355 +004.5085 +007.3622 +001.6839 -175.6027 +001.5193 -130.3808 0
L1 03    355 +014.1063 +003.7756 -000.8516 +038.4119 +004.6244 +091.1555 0
L1 04    355 +008.7546 +008.7674 +001.7867 -038.0315 +000.0480 +000.4861 0
L1 05    355 +014.3979 +010.0554 +001.9739 -107.9321 +000.9414 -010.6933 0
L1 06    355 +013.8726 +001.5365 -003.7271 -048.9533 +004.3562 -002.0624 0
L1 07    355 +014.6887 +000.5611 -002.8689 +032.9951 +000.7749 -074.6077 0
L1 08    355 +014.8087 +000.6224 -002.1113 +108.2825 +081.4572 -019.4922 0
L1 01    359 +013.6050 +003.2902 +001.3320 +042.6251 -000.6236 +000.8947 0
L1 02    359 +004.5085 +007.3622 +001.6839 -175.6028 +001.5192 -130.3818 0
L1 03    359 +014.1063 +003.7757 -000.8516 +038.4114 +004.6237 +091.1566 0
L1 04    359 +008.7546 +008.7674 +001.7867 -038.0318 +000.0481 +000.4861 0
L1 05    359 +014.3978 +010.0554 +001.9742 -107.9313 +000.9422 -010.6918 0
L1 06    359 +013.8726 +001.5365 -003.7271 -048.9541 +004.3584 -002.0620 0
L1 07    359 +014.6887 +000.5611 -002.8690 +032.9914 +000.7862 -074.6071 0
L1 08    359 +014.8086 +000.6227 -002.1113 +108.2806 +081.4553 -019.4951 0
L1 01    363 +013.6050 +003.2902 +001.3319 +042.6243 -000.6229 +000.8962 0
L1 02    363 +004.5085 +007.3622 +001.6839 -175.6026 +001.5194 -130.3814 0
L1 03    363 +014.1063 +003.7759 -000.8516 +038.4125 +004.6234 +091.1588 0
L1 04    363 +008.7546 +008.7674 +001.7867 -038.0321 +000.0481 +000.4862 0
L1 05    363 +014.3977 +010.0556 +001.9740 -107.9306 +000.9407 -010.6927 0
L1 06    363 +013.8725 +001.5365 -003.7272 -048.9556 +004.3607 -002.0619 0
L1 07    363 +014.6887 +000.5612 -002.8692 +032.9902 +000.8042 -074.6087 0
L1 08    363 +014.8086 +000.6227 -002.1114 +108.2840 +081.4533 -019.4902 0
L1 01    367 +013.6051 +003.2900 +001.3320 +042.6227 -000.6252 +000.8982 0
L1 02    367 +004.5085 +007.3622 +001.6838 -175.6024 +001.5193 -130.3807 0
L1 03    367 +014.1063 +003.7758 -000.8516 +038.4095 +004.6218 +091.1620 0
L1 04    367 +008.7546 +008.7674 +001.7866 -038.0322 +000.0483 +000.4860 0
L1 05    367 +014.3976 +010.0557 +001.9742 -107.9291 +000.9411 -010.6928 0
L1 06    367 +013.8725 +001.5369 -003.7271 -048.9545 +004.3612 -002.0601 0
L1 07    367 +014.6885 +000.5613 -002.8691 +032.9931 +000.8111 -074.6093 0
L1 08    367 +014.8085 +000.6226 -002.1114 +108.2803 +081.4521 -019.4932 0
L1 01    371 +013.6050 +003.2903 +001.3320 +042.6243 -000.6245 +000.8973 0
L1 02    371 +004.5085 +007.3622 +001.6838 -175.6027 +001.5193 -130.3813 0
L1 03    371 +014.1063 +003.7759 -000.8515 +038.4103 +004.6208 +091.1612 0
L1 04    371 +008.7546 +008.7674 +001.7867 -038.0319 +000.0484 +000.4863 0
L1 05    371 +014.3975 +010.0558 +001.9742 -107.9302 +000.9397 -010.6925 0
L1 06    371 +013.8725 +001.5366 -003.7273 -048.9563 +004.3613 -002.0607 0
L1 07    371 +014.6885 +000.5615 -002.8693 +032.9933 +000.8210 -074.6089 0
L1 08    371 +014.8085 +000.6228 -002.1115 +108.2831 +081.4522 -019.4919 0
L1 01    375 +013.6050 +003.2903 +001.3320 +042.6244 -000.6237 +000.8969 0
L1 02    375 +004.5085 +007.3622 +001.6839 -175.6025 +001.5193 -130.3813 0
L1 03    375 +014.1063 +003.7760 -000.8515 +038.4122 +004.6214 +091.1596 0
L1 04    375 +008.7546 +008.7674 +001.7867 -038.0319 +000.0482 +000.4863 0
L1 05    375 +014.3982 +010.0549 +001.9744 -107.9340 +000.9409 -010.6939 0
L1 06    375 +013.8726 +001.5364 -003.7273 -048.9565 +004.3588 -002.0614 0
L1 07    375 +014.6885 +000.5614 -002.8692 +032.9922 +000.8310 -074.6186 0
L1 08    375 +014.8086 +000.6229 -002.1113 +108.2779 +081.4550 -019.4989 0
L1 01    379 +013.6051 +003.2900 +001.3320 +042.6226 -000.6239 +000.8971 0
L1 02    379 +004.5085 +007.3622 +001.6839 -175.6024 +001.5192 -130.3804 0
L1 03    379 +014.1063 +003.7758 -000.8515 +038.4110 +004.6219 +091.1586 0
L1 04    379 +008.7547 +008.7673 +001.7866 -038.0331 +000.0483 +000.4856 0
L1 05    379 +014.3982 +010.0547 +001.9746 -107.9359 +000.9429 -010.6931 0
L1 06    379 +013.8727 +001.5364 -003.7270 -048.9539 +004.3512 -002.0615 0
L1 07    379 +014.6887 +000.5608 -002.8688 +032.9904 +000.8384 -074.6251 0
L1 08    379 +014.8087 +000.6227 -002.1111 +108.2639 +081.4615 -019.5136 0
L1 01    383 +013.6050 +003.2902 +001.3320 +042.6241 -000.6233 +000.8957 0
L1 02    383 +004.5085 +007.3622 +001.6839 -175.6019 +001.5191 -130.3785 0
L1 03    383 +014.1063 +003.7759 -000.8516 +038.4135 +004.6233 +091.1560 0
L1 04    383 +008.7546 +008.7675 +001.7866 -038.0313 +000.0483 +000.4856 0
L1 05    383 +014.3980 +010.0550 +001.9744 -107.9328 +000.9413 -010.6939 0
L1 06    383 +013.8728 +001.5364 -003.7271 -048.9483 +004.3464 -002.0628 0
L1 07    383 +014.6888 +000.5608 -002.8688 +032.9953 +000.8541 -074.6362 0
L1 08    383 +014.8088 +000.6227 -002.1107 +108.2565 +081.4693 -019.5267 0
L1 01    387 +013.6050 +003.2901 +001.3319 +042.6236 -000.6218 +000.8940 0
L1 02    387 +004.5085 +007.3622 +001.6839 -175.6025 +001.5191 -130.3801 0
L1 03    387 +014.1063 +003.7754 -000.8516 +038.4107 +004.6255 +091.1522 0
L1 04    387 +008.7546 +008.7674 +001.7867 -038.0318 +000.0482 +000.4865 0
L1 05    387 +014.3980 +010.0551 +001.9739 -107.9334 +000.9390 -010.6950 0
L1 06    387 +013.8729 +001.5357 -003.7270 -048.9500 +004.3361 -002.0685 0
L1 07    387 +014.6888 +000.5605 -002.8686 +032.9935 +000.8698 -074.6447 0
L1 08    387 +014.8088 +000.6225 -002.1104 +108.2661 +081.4769 -019.5164 0
L1 01    391 +013.6050 +003.2900 +001.3318 +042.6221 -000.6189 +000.8911 0
L1 02    391 +004.5085 +007.3622 +001.6839 -175.6031 +001.5199 -130.3841 0
L1 03    391 +014.1063 +003.7750 -000.8517 +038.4101 +004.6286 +091.1461 0
L1 04    391 +008.7546 +008.7674 +001.7867 -038.0319 +000.0484 +000.4864 0
L1 05    391 +014.3981 +010.0551 +001.9733 -107.9335 +000.9374 -010.6983 0
L1 06    391 +013.8731 +001.5353 -003.7266 -048.9482 +004.3281 -002.0698 0
L1 07    391 +014.6889 +000.5603 -002.8681 +032.9966 +000.8792 -074.6573 0
L1 08    391 +014.8089 +000.6216 -002.1100 +108.2800 +081.4867 -019.4997 0
L1 01    395 +013.6051 +003.2899 +001.3318 +042.6237 -000.6164 +000.8887 0
L1 02    395 +004.5085 +007.3622 +001.6839 -175.6029 +001.5205 -130.3849 0
L1 03    395 +014.1062 +003.7752 -000.8518 +038.4158 +004.6314 +091.1431 0
L1 04    395 +008.7546 +008.7674 +001.7867 -038.0314 +000.0483 +000.4861 0
L1 05    395 +014.3981 +010.0551 +001.9736 -107.9334 +000.9376 -010.6966 0
L1 06    395 +013.8731 +001.5342 -003.7264 -048.9506 +004.3242 -002.0750 0
L1 07    395 +014.6889 +000.5597 -002.8676 +032.9966 +000.8938 -074.6622 0
L1 08    395 +014.8089 +000.6214 -002.1098 +108.3018 +081.4909 -019.4807 0
L1 01    399 +013.6050 +003.2899 +001.3318 +042.6236 -000.6164 +000.8878 0
L1 02    399 +004.5085 +007.3622 +001.6839 -175.6026 +001.5192 -130.3799 0
L1 03    399 +014.1063 +003.7750 -000.8518 +038.4132 +004.6312 +091.1430 0
L1 04    399 +008.7546 +008.7674 +001.7867 -038.0321 +000.0482 +000.4867 0
L1 05    399 +014.3981 +010.0551 +001.9737 -107.9343 +000.9385 -010.6949 0
L1 06    399 +013.8731 +001.5345 -003.7263 -048.9499 +004.3253 -002.0752 0
L1 07    399 +014.6889 +000.5597 -002.8679 +032.9972 +000.9097 -074.6631 0
L1 08    399 +014.8089 +000.6217 -002.1100 +108.3130 +081.4906 -019.4698 0
L1 01    403 +013.6050 +003.2900 +001.3318 +042.6239 -000.6169 +000.8889 0
L1 02    403 +004.5085 +007.3621 +001.6839 -175.6018 +001.5182 -130.3748 0
L1 03    403 +014.1063 +003.7751 -000.8519 +038.4147 +004.6302 +091.1448 0
L1 04    403 +008.7546 +008.7674 +001.7867 -038.0320 +000.0480 +000.4867 0
L1 05    403 +014.3981 +010.0551 +001.9740 -107.9341 +000.9395 -010.6947 0
L1 06    403 +013.8733 +001.5348 -003.7265 -048.9471 +004.3255 -002.0723 0
L1 07    403 +014.6889 +000.5600 -002.8681 +032.9976 +000.9186 -074.6629 0
L1 08    403 +014.8090 +000.6220 -002.1100 +108.2972 +081.4889 -019.4884 0
L1 01    407 +013.6051 +003.2899 +001.3318 +042.6234 -000.6194 +000.8899 0
L1 02    407 +004.5085 +007.3622 +001.6839 -175.6025 +001.5185 -130.3779 0
L1 03    407 +014.1064 +003.7753 -000.8518 +038.4157 +004.6253 +091.1459 0
L1 04    407 +008.7546 +008.7674 +001.7867 -038.0321 +000.0482 +000.4863 0
L1 05    407 +014.3981 +010.0551 +001.9737 -107.9342 +000.9375 -010.6952 0
L1 06    407 +013.8735 +001.5352 -003.7272 -048.9432 +004.3281 -002.0679 0
L1 07    407 +014.6892 +000.5603 -002.8682 +033.0016 +000.9213 -074.6631 0
L1 08    407 +014.8093 +000.6223 -002.1100 +108.2452 +081.4854 -019.5453 0
L1 01    411 +013.6051 +003.2900 +001.3317 +042.6239 -000.6215 +000.8915 0
L1 02    411 +004.5085 +007.3622 +001.6839 -175.6025 +001.5201 -130.3844 0
L1 03    411 +014.1065 +003.7755 -000.8518 +038.4168 +004.6201 +091.1479 0
L1 04    411 +008.7546 +008.7674 +001.7867 -038.0314 +000.0481 +000.4861 0
L1 05    411 +014.3978 +010.0555 +001.9738 -107.9319 +000.9388 -010.6958 0
L1 06    411 +013.8737 +001.5357 -003.7270 -048.9414 +004.3326 -002.0598 0
L1 07    411 +014.6894 +000.5601 -002.8683 +033.0008 +000.9243 -074.6616 0
L1 08    411 +014.8095 +000.6225 -002.1103 +108.2343 +081.4808 -019.5570 0
L1 01    415 +013.6051 +003.2900 +001.3318 +042.6246 -000.6224 +000.8911 0
L1 02    415 +004.5085 +007.3622 +001.6839 -175.6023 +001.5202 -130.3858 0
L1 03    415 +014.1065 +003.7755 -000.8517 +038.4169 +004.6196 +091.1481 0
L1 04    415 +008.7546 +008.7674 +001.7867 -038.0315 +000.0482 +000.4864 0
L1 05    415 +014.3978 +010.0554 +001.9740 -107.9321 +000.9397 -010.6939 0
L1 06    415 +013.8737 +001.5357 -003.7269 -048.9421 +004.3334 -002.0597 0
L1 07    415 +014.6894 +000.5606 -002.8687 +033.0021 +000.9383 -074.6581 0
L1 08    415 +014.8094 +000.6226 -002.1104 +108.2482 +081.4796 -019.5430 0
L1 01    419 +013.6051 +003.2901 +001.3319 +042.6249 -000.6224 +000.8895 0
L1 02    419 +004.5085 +007.3622 +001.6839 -175.6027 +001.5195 -130.3827 0
L1 03    419 +014.1065 +003.7756 -000.8517 +038.4178 +004.6197 +091.1456 0
L1 04    419 +008.7545 +008.7675 +001.7867 -038.0310 +000.0482 +000.4859 0
L1 05    419 +014.3978 +010.0557 +001.9738 -107.9303 +000.9389 -010.6946 0
L1 06    419 +013.8737 +001.5357 -003.7269 -048.9409 +004.3332 -002.0614 0
L1 07    419 +014.6895 +000.5607 -002.8683 +032.9987 +000.9469 -074.6629 0
L1 08    419 +014.8095 +000.6226 -002.1103 +108.2494 +081.4808 -019.5420 0
L1 01    423 +013.6051 +003.2901 +001.3319 +042.6251 -000.6229 +000.8896 0
L1 02    423 +004.5085 +007.3622 +001.6839 -175.6024 +001.5188 -130.3785 0
L1 03    423 +014.1066 +003.7755 -000.8517 +038.4172 +004.6191 +091.1463 0
L1 04    423 +008.7546 +008.7675 +001.7867 -038.0311 +000.0481 +000.4861 0
L1 05    423 +014.3975 +010.0558 +001.9740 -107.9287 +000.9399 -010.6942 0
L1 06    423 +013.8738 +001.5357 -003.7267 -048.9407 +004.3318 -002.0586 0
L1 07    423 +014.6895 +000.5606 -002.8686 +033.0005 +000.9598 -074.6640 0
L1 08    423 +014.8095 +000.6225 -002.1103 +108.2457 +081.4814 -019.5452 0
L1 01    427 +013.6051 +003.2901 +001.3318 +042.6247 -000.6226 +000.8905 0
L1 02    427 +004.5085 +007.3622 +001.6839 -175.6022 +001.5187 -130.3774 0
L1 03    427 +014.1066 +003.7757 -000.8517 +038.4183 +004.6179 +091.1471 0
L1 04    427 +008.7546 +008.7675 +001.7867 -038.0311 +000.0478 +000.4861 0
L1 05    427 +014.3975 +010.0559 +001.9742 -107.9281 +000.9402 -010.6930 0
L1 06    427 +013.8740 +001.5360 -003.7267 -048.9372 +004.3297 -002.0561 0
L1 07    427 +014.6895 +000.5609 -002.8687 +033.0061 +000.9697 -074.6658 0
L1 08    427 +014.8096 +000.6227 -002.1105 +108.2414 +081.4812 -019.5524 0
L1 01    431 +013.6051 +003.2901 +001.3318 +042.6243 -000.6236 +000.8914 0
L1 02    431 +004.5085 +007.3622 +001.6839 -175.6023 +001.5191 -130.3798 0
L1 03    431 +014.1066 +003.7758 -000.8517 +038.4188 +004.6170 +091.1479 0
L1 04    431 +008.7546 +008.7675 +001.7867 -038.0313 +000.0481 +000.4860 0
L1 05    431 +014.3975 +010.0559 +001.9738 -107.9284 +000.9388 -010.6941 0
L1 06    431 +013.8740 +001.5361 -003.7269 -048.9373 +004.3313 -002.0561 0
L1 07    431 +014.6896 +000.5609 -002.8685 +033.0026 +000.9805 -074.6712 0
L1 08    431 +014.8097 +000.6227 -002.1104 +108.2231 +081.4803 -019.5714 0
L1 01    435 +013.6051 +003.2901 +001.3318 +042.6245 -000.6242 +000.8921 0
L1 02    435 +004.5085 +007.3622 +001.6839 -175.6035 +001.5201 -130.3841 0
L1 03    435 +014.1066 +003.7758 -000.8517 +038.4191 +004.6155 +091.1487 0
L1 04    435 +008.7546 +008.7674 +001.7867 -038.0318 +000.0483 +000.4860 0
L1 05    435 +014.3976 +010.0558 +001.9740 -107.9287 +000.9385 -010.6940 0
L1 06    435 +013.8740 +001.5361 -003.7271 -048.9373 +004.3327 -002.0557 0
L1 07    435 +014.6897 +000.5607 -002.8688 +032.9985 +000.9938 -074.6657 0
L1 08    435 +014.8098 +000.6228 -002.1104 +108.2189 +081.4796 -019.5761 0
L1 01    439 +013.6051 +003.2900 +001.3319 +042.6238 -000.6251 +000.8924 0
L1 02    439 +004.5085 +007.3622 +001.6839 -175.6030 +001.5198 -130.3830 0
L1 03    439 +014.1066 +003.7758 -000.8517 +038.4185 +004.6149 +091.1485 0
L1 04    439 +008.7546 +008.7674 +001.7867 -038.0320 +000.0486 +000.4859 0
L1 05    439 +014.3975 +010.0559 +001.9738 -107.9281 +000.9375 -010.6936 0
L1 06    439 +013.8740 +001.5362 -003.7272 -048.9366 +004.3343 -002.0562 0
L1 07    439 +014.6897 +000.5609 -002.8688 +033.0009 +001.0008 -074.6667 0
L1 08    439 +014.8098 +000.6228 -002.1103 +108.2179 +081.4778 -019.5762 0
L1 01    443 +013.6051 +003.2901 +001.3319 +042.6238 -000.6248 +000.8917 0
L1 02    443 +004.5085 +007.3621 +001.6838 -175.6036 +001.5189 -130.3806 0
L1 03    443 +014.1066 +003.7756 -000.8517 +038.4167 +004.6148 +091.1490 0
L1 04    443 +008.7547 +008.7673 +001.7867 -038.0329 +000.0484 +000.4863 0
L1 05    443 +014.3976 +010.0556 +001.9738 -107.9305 +000.9383 -010.6937 0
L1 06    443 +013.8740 +001.5362 -003.7272 -048.9384 +004.3355 -002.0564 0
L1 07    443 +014.6896 +000.5610 -002.8688 +032.9976 +001.0098 -074.6648 0
L1 08    443 +014.8097 +000.6229 -002.1105 +108.2364 +081.4765 -019.5564 0
L1 01    447 +013.6051 +003.2901 +001.3318 +042.6241 -000.6246 +000.8919 0
L1 02    447 +004.5085 +007.3622 +001.6839 -175.6026 +001.5189 -130.3793 0
L1 03    447 +014.1067 +003.7757 -000.8518 +038.4186 +004.6144 +091.1501 0
L1 04    447 +008.7547 +008.7674 +001.7867 -038.0323 +000.0479 +000.4861 0
L1 05    447 +014.3977 +010.0557 +001.9738 -107.9299 +000.9378 -010.6936 0
L1 06    447 +013.8741 +001.5361 -003.7271 -048.9390 +004.3354 -002.0551 0
L1 07    447 +014.6897 +000.5608 -002.8688 +032.9980 +001.0166 -074.6691 0
L1 08    447 +014.8098 +000.6229 -002.1106 +108.2302 +081.4764 -019.5640 0
L1 01    451 +013.6052 +003.2897 +001.3318 +042.6227 -000.6258 +000.8921 0
L1 02    451 +004.5085 +007.3622 +001.6839 -175.6027 +001.5193 -130.3808 0
L1 03    451 +014.1067 +003.7756 -000.8518 +038.4182 +004.6126 +091.1489 0
L1 04    451 +008.7546 +008.7674 +001.7866 -038.0324 +000.0480 +000.4858 0
L1 05    451 +014.3978 +010.0555 +001.9736 -107.9313 +000.9376 -010.6961 0
L1 06    451 +013.8743 +001.5363 -003.7272 -048.9356 +004.3331 -002.0523 0
L1 07    451 +014.6899 +000.5607 -002.8688 +032.9992 +001.0265 -074.6747 0
L1 08    451 +014.8100 +000.6228 -002.1106 +108.2021 +081.4791 -019.5934 0
L1 01    455 +013.6050 +003.2900 +001.3320 +042.6243 -000.6275 +000.8905 0
L1 02    455 +004.5085 +007.3622 +001.6838 -175.6027 +001.5199 -130.3826 0
L1 03    455 +014.1068 +003.7757 -000.8517 +038.4194 +004.6108 +091.1469 0
L1 04    455 +008.7546 +008.7674 +001.7866 -038.0323 +000.0480 +000.4860 0
L1 05    455 +014.3977 +010.0558 +001.9733 -107.9297 +000.9364 -010.6955 0
L1 06    455 +013.8744 +001.5364 -003.7272 -048.9328 +004.3333 -002.0500 0
L1 07    455 +014.6901 +000.5613 -002.8686 +033.0066 +001.0360 -074.6785 0
L1 08    455 +014.8102 +000.6230 -002.1104 +108.1827 +081.4799 -019.6178 0
L1 01    459 +013.6051 +003.2900 +001.3319 +042.6247 -000.6265 +000.8898 0
L1 02    459 +004.5085 +007.3622 +001.6839 -175.6034 +001.5192 -130.3814 0
L1 03    459 +014.1068 +003.7756 -000.8517 +038.4191 +004.6104 +091.1457 0
L1 04    459 +008.7547 +008.7674 +001.7867 -038.0323 +000.0480 +000.4861 0
L1 05    459 +014.3980 +010.0553 +001.9734 -107.9332 +000.9368 -010.6943 0
L1 06    459 +013.8745 +001.5363 -003.7271 -048.9328 +004.3315 -002.0507 0
L1 07    459 +014.6900 +000.5611 -002.8690 +032.9993 +001.0525 -074.6792 0
L1 08    459 +014.8102 +000.6230 -002.1104 +108.2011 +081.4814 -019.5978 0
L1 01    463 +013.6051 +003.2900 +001.3318 +042.6250 -000.6245 +000.8888 0
L1 02    463 +004.5085 +007.3621 +001.6839 -175.6028 +001.5187 -130.3781 0
L1 03    463 +014.1068 +003.7755 -000.8517 +038.4196 +004.6123 +091.1445 0
L1 04    463 +008.7546 +008.7674 +001.7867 -038.0321 +000.0481 +000.4862 0
L1 05    463 +014.3977 +010.0556 +001.9737 -107.9305 +000.9386 -010.6942 0
L1 06    463 +013.8744 +001.5359 -003.7271 -048.9363 +004.3320 -002.0548 0
L1 07    463 +014.6898 +000.5607 -002.8693 +032.9959 +001.0674 -074.6788 0
L1 08    463 +014.8101 +000.6230 -002.1105 +108.2308 +081.4817 -019.5665 0
L1 01    467 +013.6051 +003.2899 +001.3317 +042.6246 -000.6231 +000.8903 0
L1 02    467 +004.5085 +007.3622 +001.6839 -175.6028 +001.5190 -130.3796 0
L1 03    467 +014.1067 +003.7755 -000.8518 +038.4210 +004.6139 +091.1456 0
L1 04    467 +008.7546 +008.7674 +001.7866 -038.0320 +000.0480 +000.4858 0
L1 05    467 +014.3975 +010.0558 +001.9738 -107.9291 +000.9397 -010.6942 0
L1 06    467 +013.8743 +001.5358 -003.7271 -048.9388 +004.3341 -002.0568 0
L1 07    467 +014.6897 +000.5603 -002.8693 +032.9957 +001.0808 -074.6793 0
L1 08    467 +014.8101 +000.6226 -002.1106 +108.2475 +081.4806 -019.5464 0
L1 01    471 +013.6051 +003.2899 +001.3317 +042.6244 -000.6240 +000.8911 0
L1 02    471 +004.5085 +007.3622 +001.6838 -175.6037 +001.5198 -130.3848 0
L1 03    471 +014.1067 +003.7756 -000.8517 +038.4206 +004.6128 +091.1472 0
L1 04    471 +008.7547 +008.7673 +001.7866 -038.0326 +000.0483 +000.4858 0
L1 05    471 +014.3977 +010.0555 +001.9742 -107.9313 +000.9407 -010.6926 0
L1 06    471 +013.8743 +001.5358 -003.7271 -048.9397 +004.3360 -002.0557 0
L1 07    471 +014.6896 +000.5608 -002.8694 +032.9948 +001.0885 -074.6788 0
L1 08    471 +014.8100 +000.6227 -002.1106 +108.2385 +081.4775 -019.5555 0
L1 01    475 +013.6051 +003.2898 +001.3318 +042.6241 -000.6261 +000.8920 0
L1 02    475 +004.5085 +007.3622 +001.6838 -175.6034 +001.5201 -130.3851 0
L1 03    475 +014.1067 +003.7757 -000.8518 +038.4215 +004.6098 +091.1494 0
L1 04    475 +008.7547 +008.7673 +001.7866 -038.0328 +000.0485 +000.4859 0
L1 05    475 +014.3976 +010.0556 +001.9745 -107.9309 +000.9412 -010.6914 0
L1 06    475 +013.8744 +001.5363 -003.7271 -048.9349 +004.3373 -002.0512 0
L1 07    475 +014.6898 +000.5606 -002.8696 +032.9957 +001.0952 -074.6775 0
L1 08    475 +014.8102 +000.6228 -002.1107 +108.2143 +081.4761 -019.5816 0
L1 01    479 +013.6051 +003.2900 +001.3317 +042.6258 -000.6264 +000.8913 0
L1 02    479 +004.5085 +007.3622 +001.6838 -175.6035 +001.5191 -130.3809 0
L1 03    479 +014.1068 +003.7757 -000.8517 +038.4227 +004.6053 +091.1476 0
L1 04    479 +008.7547 +008.7673 +001.7866 -038.0325 +000.0484 +000.4858 0
L1 05    479 +014.3979 +010.0554 +001.9739 -107.9320 +000.9387 -010.6941 0
L1 06    479 +013.8747 +001.5365 -003.7272 -048.9318 +004.3363 -002.0469 0
L1 07    479 +014.6901 +000.5610 -002.8696 +033.0010 +001.1017 -074.6828 0
L1 08    479 +014.8104 +000.6229 -002.1109 +108.1924 +081.4762 -019.6074 0
L1 01    483 +013.6051 +003.2899 +001.3318 +042.6278 -000.6288 +000.8890 0
L1 02    483 +004.5085 +007.3621 +001.6839 -175.6032 +001.5180 -130.3755 0
L1 03    483 +014.1069 +003.7757 -000.8517 +038.4235 +004.6043 +091.1453 0
L1 04    483 +008.7547 +008.7673 +001.7867 -038.0324 +000.0482 +000.4862 0
L1 05    483 +014.3978 +010.0556 +001.9740 -107.9310 +000.9392 -010.6933 0
L1 06    483 +013.8750 +001.5363 -003.7273 -048.9304 +004.3341 -002.0454 0
L1 07    483 +014.6903 +000.5608 -002.8694 +033.0029 +001.1076 -074.6898 0
L1 08    483 +014.8107 +000.6231 -002.1106 +108.1657 +081.4795 -019.6398 0
