L1 01      2 +012.4638 -000.2731 +001.2908 +038.8216 -000.0653 +001.1361 0
L1 02      2 +004.5083 +007.3613 +001.6836 -175.5910 +001.4877 -130.2556 0
L1 03      2 +013.0287 +000.2472 -000.8912 +037.0236 +003.3929 +091.4603 0
L1 04      2 +008.7545 +008.7674 +001.7856 -038.0316 +000.0525 +000.4770 0
L1 05      2 +014.3978 +010.0430 +001.9723 -107.9533 +000.9011 -010.8214 0
L1 06      2 +012.7996 -001.8912 -003.8432 -051.9723 +005.9339 -000.0866 0
L1 07      2 +013.4758 -002.7107 -004.0570 +015.3574 -001.6196 +005.3033 0
L1 08      2 +013.8893 -003.2128 -003.9627 +117.6181 +000.5291 +000.6778 0
L1 01      6 +012.4637 -000.2730 +001.2908 +038.8218 -000.0652 +001.1345 0
L1 02      6 +004.5083 +007.3613 +001.6835 -175.5920 +001.4886 -130.2605 0
L1 03      6 +013.0287 +000.2471 -000.8912 +037.0227 +003.3930 +091.4598 0
L1 04      6 +008.7545 +008.7675 +001.7856 -038.0310 +000.0525 +000.4771 0
L1 05      6 +014.3980 +010.0431 +001.9718 -107.9526 +000.8988 -010.8229 0
L1 06      6 +012.7996 -001.8911 -003.8433 -051.9713 +005.9346 -000.0866 0
L1 07      6 +013.4758 -002.7107 -004.0570 +015.3559 -001.6191 +005.3018 0
L1 08      6 +013.8893 -003.2128 -003.9627 +117.6186 +000.5295 +000.6780 0
L1 01     10 +012.4638 -000.2731 +001.2908 +038.8202 -000.0641 +001.1358 0
L1 02     10 +004.5083 +007.3613 +001.6835 -175.5917 +001.4889 -130.2620 0
L1 03     10 +013.0287 +000.2472 -000.8912 +037.0233 +003.3934 +091.4605 0
L1 04     10 +008.7545 +008.7674 +001.7856 -038.0318 +000.0523 +000.4772 0
L1 05     10 +014.3983 +010.0425 +001.9719 -107.9568 +000.8981 -010.8238 0
L1 06     10 +012.7996 -001.8910 -003.8433 -051.9707 +005.9344 -000.0862 0
L1 07     10 +013.4757 -002.7111 -004.0570 +015.3510 -001.6178 +005.3025 0
L1 08     10 +013.8893 -003.2128 -003.9626 +117.6180 +000.5295 +000.6776 0
L1 01     14 +012.4638 -000.2731 +001.2907 +038.8194 -000.0635 +001.1359 0
L1 02     14 +004.5083 +007.3613 +001.6835 -175.5916 +001.4884 -130.2594 0
L1 03     14 +013.0287 +000.2471 -000.8912 +037.0233 +003.3936 +091.4603 0
L1 04     14 +008.7545 +008.7675 +001.7857 -038.0315 +000.0522 +000.4774 0
L1 05     14 +014.3982 +010.0427 +001.9721 -107.9557 +000.8995 -010.8221 0
L1 06     14 +012.7996 -001.8911 -003.8433 -051.9708 +005.9341 -000.0862 0
L1 07     14 +013.4757 -002.7109 -004.0570 +015.3520 -001.6179 +005.3032 0
L1 08     14 +013.8893 -003.2128 -003.9626 +117.6180 +000.5296 +000.6773 0
L1 01     18 +012.4638 -000.2731 +001.2907 +038.8177 -000.0631 +001.1354 0
L1 02     18 +004.5083 +007.3613 +001.6835 -175.5915 +001.4878 -130.2566 0
L1 03     18 +013.0287 +000.2471 -000.8912 +037.0232 +003.3936 +091.4604 0
L1 04     18 +008.7545 +008.7674 +001.7856 -038.0317 +000.0524 +000.4771 0
L1 05     18 +014.3978 +010.0430 +001.9725 -107.9522 +000.9014 -010.8196 0
L1 06     18 +012.7996 -001.8911 -003.8432 -051.9711 +005.9341 -000.0858 0
L1 07     18 +013.4757 -002.7108 -004.0570 +015.3507 -001.6176 +005.3049 0
L1 08     18 +013.8894 -003.2128 -003.9625 +117.6182 +000.5297 +000.6771 0
L1 01     22 +012.4638 -000.2731 +001.2907 +038.8168 -000.0626 +001.1357 0
L1 02     22 +004.5083 +007.3612 +001.6835 -175.5916 +001.4879 -130.2566 0
L1 03     22 +013.0287 +000.2471 -000.8912 +037.0229 +003.3938 +091.4603 0
L1 04     22 +008.7545 +008.7675 +001.7856 -038.0314 +000.0525 +000.4772 0
L1 05     22 +014.3978 +010.0430 +001.9726 -107.9519 +000.9028 -010.8194 0
L1 06     22 +012.7996 -001.8912 -003.8432 -051.9711 +005.9343 -000.0862 0
L1 07     22 +013.4757 -002.7110 -004.0571 +015.3480 -001.6167 +005.3052 0
L1 08     22 +013.8893 -003.2129 -003.9626 +117.6176 +000.5294 +000.6776 0
L1 01     26 +012.4638 -000.2731 +001.2907 +038.8155 -000.0623 +001.1359 0
L1 02     26 +004.5083 +007.3613 +001.6835 -175.5915 +001.4879 -130.2573 0
L1 03     26 +013.0287 +000.2471 -000.8912 +037.0230 +003.3940 +091.4605 0
L1 04     26 +008.7545 +008.7675 +001.7856 -038.0315 +000.0525 +000.4770 0
L1 05     26 +014.3976 +010.0432 +001.9726 -107.9506 +000.9013 -010.8185 0
L1 06     26 +012.7996 -001.8913 -003.8432 -051.9717 +005.9349 -000.0859 0
L1 07     26 +013.4757 -002.7109 -004.0570 +015.3474 -001.6177 +005.3059 0
L1 08     26 +013.8893 -003.2129 -003.9627 +117.6175 +000.5290 +000.6775 0
L1 01     30 +012.4638 -000.2731 +001.2907 +038.8138 -000.0621 +001.1360 0
L1 02     30 +004.5083 +007.3613 +001.6835 -175.5916 +001.4881 -130.2581 0
L1 03     30 +013.0287 +000.2471 -000.8912 +037.0229 +003.3937 +091.4602 0
L1 04     30 +008.7545 +008.7675 +001.7856 -038.0316 +000.0526 +000.4770 0
L1 05     30 +014.3979 +010.0431 +001.9718 -107.9528 +000.8979 -010.8219 0
L1 06     30 +012.7996 -001.8912 -003.8432 -051.9707 +005.9345 -000.0862 0
L1 07     30 +013.4757 -002.7108 -004.0571 +015.3461 -001.6161 +005.3069 0
L1 08     30 +013.8893 -003.2129 -003.9627 +117.6175 +000.5290 +000.6776 0
L1 01     34 +012.4638 -000.2731 +001.2907 +038.8131 -000.0615 +001.1362 0
L1 02     34 +004.5083 +007.3613 +001.6835 -175.5919 +001.4887 -130.2594 0
L1 03     34 +013.0287 +000.2472 -000.8912 +037.0236 +003.3943 +091.4605 0
L1 04     34 +008.7545 +008.7675 +001.7856 -038.0316 +000.0527 +000.4771 0
L1 05     34 +014.3979 +010.0431 +001.9716 -107.9512 +000.8982 -010.8246 0
L1 06     34 +012.7996 -001.8913 -003.8432 -051.9713 +005.9343 -000.0859 0
L1 07     34 +013.4757 -002.7108 -004.0570 +015.3454 -001.6164 +005.3075 0
L1 08     34 +013.8893 -003.2128 -003.9627 +117.6178 +000.5285 +000.6776 0
L1 01     38 +012.4638 -000.2731 +001.2907 +038.8117 -000.0613 +001.1367 0
L1 02     38 +004.5083 +007.3613 +001.6836 -175.5919 +001.4888 -130.2603 0
L1 03     38 +013.0287 +000.2472 -000.8912 +037.0241 +003.3942 +091.4606 0
L1 04     38 +008.7545 +008.7675 +001.7857 -038.0312 +000.0526 +000.4773 0
L1 05     38 +014.3981 +010.0428 +001.9720 -107.9527 +000.8998 -010.8220 0
L1 06     38 +012.7997 -001.8911 -003.8431 -051.9697 +005.9342 -000.0852 0
L1 07     38 +013.4757 -002.7106 -004.0570 +015.3450 -001.6162 +005.3080 0
L1 08     38 +013.8893 -003.2128 -003.9626 +117.6183 +000.5284 +000.6770 0
L1 01     42 +012.4637 -000.2730 +001.2908 +038.8108 -000.0614 +001.1350 0
L1 02     42 +004.5083 +007.3613 +001.6835 -175.5921 +001.4884 -130.2597 0
L1 03     42 +013.0287 +000.2470 -000.8912 +037.0224 +003.3947 +091.4601 0
L1 04     42 +008.7545 +008.7674 +001.7856 -038.0316 +000.0528 +000.4773 0
L1 05     42 +014.3980 +010.0429 +001.9716 -107.9530 +000.8986 -010.8247 0
L1 06     42 +012.7997 -001.8910 -003.8431 -051.9696 +005.9337 -000.0848 0
L1 07     42 +013.4758 -002.7107 -004.0570 +015.3423 -001.6154 +005.3080 0
L1 08     42 +013.8893 -003.2128 -003.9626 +117.6180 +000.5293 +000.6774 0
L1 01     46 +012.4637 -000.2730 +001.2909 +038.8099 -000.0615 +001.1345 0
L1 02     46 +004.5083 +007.3612 +001.6836 -175.5917 +001.4883 -130.2575 0
L1 03     46 +013.0288 +000.2470 -000.8912 +037.0215 +003.3945 +091.4595 0
L1 04     46 +008.7545 +008.7675 +001.7857 -038.0312 +000.0523 +000.4778 0
L1 05     46 +014.3983 +010.0426 +001.9717 -107.9556 +000.8984 -010.8239 0
L1 06     46 +012.7996 -001.8910 -003.8433 -051.9692 +005.9349 -000.0859 0
L1 07     46 +013.4757 -002.7108 -004.0570 +015.3398 -001.6150 +005.3079 0
L1 08     46 +013.8893 -003.2129 -003.9626 +117.6174 +000.5300 +000.6775 0
L1 01     50 +012.4638 -000.2732 +001.2908 +038.8067 -000.0609 +001.1357 0
L1 02     50 +004.5083 +007.3612 +001.6836 -175.5920 +001.4877 -130.2563 0
L1 03     50 +013.0288 +000.2469 -000.8912 +037.0209 +003.3951 +091.4601 0
L1 04     50 +008.7546 +008.7673 +001.7856 -038.0330 +000.0527 +000.4775 0
L1 05     50 +014.3978 +010.0431 +001.9717 -107.9530 +000.8985 -010.8253 0
L1 06     50 +012.7997 -001.8910 -003.8432 -051.9693 +005.9343 -000.0866 0
L1 07     50 +013.4757 -002.7109 -004.0571 +015.3365 -001.6132 +005.3082 0
L1 08     50 +013.8893 -003.2132 -003.9626 +117.6145 +000.5304 +000.6778 0
L1 01     54 +012.4638 -000.2731 +001.2907 +038.8064 -000.0595 +001.1361 0
L1 02     54 +004.5083 +007.3612 +001.6836 -175.5919 +001.4877 -130.2575 0
L1 03     54 +013.0288 +000.2470 -000.8912 +037.0220 +003.3951 +091.4601 0
L1 04     54 +008.7546 +008.7674 +001.7856 -038.0324 +000.0527 +000.4775 0
L1 05     54 +014.3980 +010.0429 +001.9719 -107.9553 +000.8989 -010.8232 0
L1 06     54 +012.7997 -001.8911 -003.8431 -051.9700 +005.9339 -000.0860 0
L1 07     54 +013.4757 -002.7109 -004.0570 +015.3365 -001.6136 +005.3098 0
L1 08     54 +013.8893 -003.2130 -003.9626 +117.6163 +000.5298 +000.6774 0
L1 01     58 +012.4638 -000.2731 +001.2907 +038.8055 -000.0578 +001.1368 0
L1 02     58 +004.5083 +007.3613 +001.6835 -175.5917 +001.4880 -130.2583 0
L1 03     58 +013.0288 +000.2471 -000.8912 +037.0234 +003.3960 +091.4604 0
L1 04     58 +008.7546 +008.7674 +001.7857 -038.0322 +000.0528 +000.4776 0
L1 05     58 +014.3985 +010.0421 +001.9722 -107.9597 +000.9006 -010.8224 0
L1 06     58 +012.7997 -001.8910 -003.8431 -051.9690 +005.9341 -000.0854 0
L1 07     58 +013.4756 -002.7107 -004.0573 +015.3362 -001.6113 +005.3125 0
L1 08     58 +013.8894 -003.2128 -003.9627 +117.6179 +000.5289 +000.6780 0
L1 01     62 +012.4638 -000.2730 +001.2907 +038.8054 -000.0582 +001.1356 0
L1 02     62 +004.5083 +007.3613 +001.6835 -175.5916 +001.4880 -130.2577 0
L1 03     62 +013.0287 +000.2471 -000.8913 +037.0235 +003.3960 +091.4603 0
L1 04     62 +008.7545 +008.7674 +001.7856 -038.0316 +000.0525 +000.4773 0
L1 05     62 +014.3976 +010.0435 +001.9719 -107.9503 +000.8995 -010.8229 0
L1 06     62 +012.7997 -001.8910 -003.8431 -051.9685 +005.9346 -000.0850 0
L1 07     62 +013.4756 -002.7105 -004.0571 +015.3361 -001.6126 +005.3120 0
L1 08     62 +013.8893 -003.2128 -003.9626 +117.6182 +000.5294 +000.6783 0
L1 01     66 +012.4638 -000.2730 +001.2906 +038.8042 -000.0575 +001.1364 0
L1 02     66 +004.5083 +007.3613 +001.6835 -175.5917 +001.4881 -130.2587 0
L1 03     66 +013.0288 +000.2472 -000.8913 +037.0243 +003.3958 +091.4606 0
L1 04     66 +008.7545 +008.7675 +001.7856 -038.0309 +000.0524 +000.4771 0
L1 05     66 +014.3979 +010.0431 +001.9719 -107.9511 +000.8992 -010.8222 0
L1 06     66 +012.7997 -001.8911 -003.8430 -051.9688 +005.9341 -000.0841 0
L1 07     66 +013.4757 -002.7106 -004.0571 +015.3341 -001.6123 +005.3128 0
L1 08     66 +013.8894 -003.2127 -003.9626 +117.6185 +000.5291 +000.6774 0
L1 01     70 +012.4638 -000.2731 +001.2906 +038.8023 -000.0578 +001.1371 0
L1 02     70 +004.5083 +007.3613 +001.6835 -175.5916 +001.4889 -130.2621 0
L1 03     70 +013.0287 +000.2473 -000.8913 +037.0256 +003.3964 +091.4608 0
L1 04     70 +008.7544 +008.7676 +001.7856 -038.0302 +000.0522 +000.4770 0
L1 05     70 +014.3976 +010.0435 +001.9721 -107.9490 +000.9001 -010.8217 0
L1 06     70 +012.7997 -001.8910 -003.8432 -051.9677 +005.9349 -000.0846 0
L1 07     70 +013.4756 -002.7108 -004.0571 +015.3307 -001.6120 +005.3137 0
L1 08     70 +013.8894 -003.2126 -003.9627 +117.6193 +000.5281 +000.6772 0
L1 01     74 +012.4638 -000.2731 +001.2906 +038.8005 -000.0566 +001.1370 0
L1 02     74 +004.5083 +007.3613 +001.6835 -175.5920 +001.4886 -130.2602 0
L1 03     74 +013.0287 +000.2472 -000.8913 +037.0240 +003.3969 +091.4607 0
L1 04     74 +008.7546 +008.7674 +001.7856 -038.0320 +000.0526 +000.4773 0
L1 05     74 +014.3978 +010.0432 +001.9718 -107.9516 +000.8984 -010.8233 0
L1 06     74 +012.7995 -001.8914 -003.8435 -051.9709 +005.9356 -000.0875 0
L1 07     74 +013.4756 -002.7108 -004.0570 +015.3292 -001.6115 +005.3122 0
L1 08     74 +013.8893 -003.2128 -003.9627 +117.6179 +000.5287 +000.6782 0
L1 01     78 +012.4638 -000.2731 +001.2907 +038.7993 -000.0566 +001.1370 0
L1 02     78 +004.5083 +007.3613 +001.6836 -175.5912 +001.4878 -130.2561 0
L1 03     78 +013.0287 +000.2472 -000.8912 +037.0234 +003.3970 +091.4606 0
L1 04     78 +008.7546 +008.7674 +001.7856 -038.0324 +000.0529 +000.4772 0
L1 05     78 +014.3977 +010.0433 +001.9716 -107.9513 +000.8977 -010.8234 0
L1 06     78 +012.7996 -001.8911 -003.8432 -051.9688 +005.9351 -000.0863 0
L1 07     78 +013.4756 -002.7108 -004.0569 +015.3274 -001.6119 +005.3124 0
L1 08     78 +013.8893 -003.2128 -003.9627 +117.6175 +000.5287 +000.6784 0
L1 01     82 +012.4638 -000.2732 +001.2906 +038.7975 -000.0555 +001.1376 0
L1 02     82 +004.5083 +007.3613 +001.6836 -175.5909 +001.4878 -130.2550 0
L1 03     82 +013.0287 +000.2472 -000.8912 +037.0237 +003.3970 +091.4605 0
L1 04     82 +008.7546 +008.7674 +001.7857 -038.0322 +000.0528 +000.4775 0
L1 05     82 +014.3979 +010.0431 +001.9718 -107.9535 +000.8984 -010.8236 0
L1 06     82 +012.7996 -001.8911 -003.8432 -051.9677 +005.9349 -000.0866 0
L1 07     82 +013.4756 -002.7109 -004.0569 +015.3254 -001.6109 +005.3135 0
L1 08     82 +013.8893 -003.2128 -003.9627 +117.6179 +000.5284 +000.6785 0
L1 01     86 +012.4638 -000.2731 +001.2906 +038.7963 -000.0557 +001.1370 0
L1 02     86 +004.5083 +007.3613 +001.6835 -175.5918 +001.4878 -130.2567 0
L1 03     86 +013.0287 +000.2471 -000.8912 +037.0231 +003.3974 +091.4608 0
L1 04     86 +008.7545 +008.7674 +001.7856 -038.0318 +000.0528 +000.4772 0
L1 05     86 +014.3976 +010.0433 +001.9722 -107.9501 +000.8998 -010.8222 0
L1 06     86 +012.7996 -001.8911 -003.8432 -051.9679 +005.9350 -000.0863 0
L1 07     86 +013.4755 -002.7109 -004.0571 +015.3242 -001.6091 +005.3146 0
L1 08     86 +013.8893 -003.2129 -003.9627 +117.6171 +000.5285 +000.6787 0
L1 01     90 +012.4638 -000.2730 +001.2906 +038.7967 -000.0543 +001.1369 0
L1 02     90 +004.5083 +007.3613 +001.6835 -175.5912 +001.4884 -130.2592 0
L1 03     90 +013.0287 +000.2472 -000.8912 +037.0239 +003.3974 +091.4605 0
L1 04     90 +008.7545 +008.7675 +001.7857 -038.0312 +000.0522 +000.4775 0
L1 05     90 +014.3980 +010.0431 +001.9716 -107.9524 +000.8976 -010.8238 0
L1 06     90 +012.7996 -001.8910 -003.8433 -051.9672 +005.9360 -000.0867 0
L1 07     90 +013.4755 -002.7108 -004.0570 +015.3237 -001.6094 +005.3150 0
L1 08     90 +013.8893 -003.2128 -003.9628 +117.6180 +000.5281 +000.6787 0
L1 01     94 +012.4638 -000.2731 +001.2906 +038.7953 -000.0542 +001.1374 0
L1 02     94 +004.5083 +007.3613 +001.6836 -175.5914 +001.4889 -130.2607 0
L1 03     94 +013.0287 +000.2472 -000.8913 +037.0244 +003.3979 +091.4607 0
L1 04     94 +008.7545 +008.7674 +001.7856 -038.0315 +000.0524 +000.4771 0
L1 05     94 +014.3978 +010.0433 +001.9718 -107.9498 +000.8984 -010.8222 0
L1 06     94 +012.7996 -001.8910 -003.8432 -051.9670 +005.9359 -000.0862 0
L1 07     94 +013.4755 -002.7108 -004.0571 +015.3221 -001.6085 +005.3165 0
L1 08     94 +013.8893 -003.2128 -003.9628 +117.6183 +000.5279 +000.6787 0
L1 01     98 +012.4638 -000.2731 +001.2907 +038.7944 -000.0546 +001.1372 0
L1 02     98 +004.5083 +007.3613 +001.6835 -175.5909 +001.4887 -130.2594 0
L1 03     98 +013.0287 +000.2472 -000.8912 +037.0238 +003.3975 +091.4608 0
L1 04     98 +008.7545 +008.7675 +001.7856 -038.0311 +000.0524 +000.4773 0
L1 05     98 +014.3977 +010.0433 +001.9720 -107.9489 +000.8996 -010.8212 0
L1 06     98 +012.7996 -001.8911 -003.8430 -051.9668 +005.9345 -000.0849 0
L1 07     98 +013.4754 -002.7110 -004.0571 +015.3187 -001.6072 +005.3156 0
L1 08     98 +013.8893 -003.2129 -003.9626 +117.6175 +000.5284 +000.6779 0
L1 01    102 +012.4638 -000.2729 +001.2906 +038.7939 -000.0527 +001.1369 0
L1 02    102 +004.5082 +007.3613 +001.6836 -175.5905 +001.4881 -130.2568 0
L1 03    102 +013.0287 +000.2472 -000.8912 +037.0238 +003.3981 +091.4604 0
L1 04    102 +008.7545 +008.7675 +001.7856 -038.0312 +000.0523 +000.4774 0
L1 05    102 +014.3980 +010.0429 +001.9724 -107.9519 +000.9010 -010.8210 0
L1 06    102 +012.7996 -001.8909 -003.8431 -051.9655 +005.9350 -000.0858 0
L1 07    102 +013.4754 -002.7108 -004.0573 +015.3205 -001.6060 +005.3169 0
L1 08    102 +013.8893 -003.2128 -003.9627 +117.6183 +000.5283 +000.6788 0
L1 01    106 +012.4638 -000.2730 +001.2907 +038.7927 -000.0529 +001.1368 0
L1 02    106 +004.5083 +007.3613 +001.6835 -175.5913 +001.4875 -130.2554 0
L1 03    106 +013.0287 +000.2471 -000.8912 +037.0234 +003.3986 +091.4607 0
L1 04    106 +008.7545 +008.7675 +001.7857 -038.0311 +000.0523 +000.4777 0
L1 05    106 +014.3980 +010.0430 +001.9722 -107.9526 +000.9002 -010.8210 0
L1 06    106 +012.7995 -001.8911 -003.8432 -051.9665 +005.9357 -000.0867 0
L1 07    106 +013.4754 -002.7108 -004.0572 +015.3184 -001.6058 +005.3164 0
L1 08    106 +013.8892 -003.2127 -003.9627 +117.6182 +000.5282 +000.6791 0
L1 01    110 +012.4638 -000.2730 +001.2908 +038.7905 -000.0535 +001.1363 0
L1 02    110 +004.5083 +007.3613 +001.6835 -175.5912 +001.4885 -130.2586 0
L1 03    110 +013.0287 +000.2471 -000.8912 +037.0230 +003.3988 +091.4606 0
L1 04    110 +008.7545 +008.7675 +001.7856 -038.0310 +000.0524 +000.4774 0
L1 05    110 +014.3979 +010.0430 +001.9722 -107.9533 +000.9007 -010.8224 0
L1 06    110 +012.7995 -001.8913 -003.8431 -051.9679 +005.9349 -000.0872 0
L1 07    110 +013.4754 -002.7107 -004.0572 +015.3177 -001.6060 +005.3178 0
L1 08    110 +013.8892 -003.2128 -003.9626 +117.6181 +000.5286 +000.6786 0
L1 01    114 +012.4638 -000.2730 +001.2908 +038.7894 -000.0526 +001.1366 0
L1 02    114 +004.5083 +007.3613 +001.6835 -175.5911 +001.4888 -130.2600 0
L1 03    114 +013.0287 +000.2471 -000.8912 +037.0229 +003.3990 +091.4605 0
L1 04    114 +008.7545 +008.7675 +001.7856 -038.0311 +000.0523 +000.4773 0
L1 05    114 +014.3979 +010.0430 +001.9723 -107.9529 +000.9005 -010.8213 0
L1 06    114 +012.7995 -001.8913 -003.8432 -051.9675 +005.9354 -000.0869 0
L1 07    114 +013.4754 -002.7107 -004.0571 +015.3164 -001.6070 +005.3179 0
L1 08    114 +013.8892 -003.2129 -003.9627 +117.6175 +000.5287 +000.6794 0
L1 01    118 +012.4638 -000.2730 +001.2908 +038.7881 -000.0525 +001.1365 0
L1 02    118 +004.5083 +007.3613 +001.6835 -175.5909 +001.4884 -130.2581 0
L1 03    118 +013.0287 +000.2470 -000.8912 +037.0222 +003.3992 +091.4604 0
L1 04    118 +008.7545 +008.7674 +001.7856 -038.0317 +000.0523 +000.4772 0
L1 05    118 +014.3980 +010.0430 +001.9717 -107.9543 +000.8989 -010.8230 0
L1 06    118 +012.7995 -001.8913 -003.8431 -051.9675 +005.9354 -000.0869 0
L1 07    118 +013.4754 -002.7107 -004.0573 +015.3144 -001.6041 +005.3185 0
L1 08    118 +013.8892 -003.2129 -003.9627 +117.6167 +000.5287 +000.6796 0
L1 01    123 +012.4638 -000.2731 +001.2908 +038.7857 -000.0513 +001.1372 0
L1 02    123 +004.5083 +007.3613 +001.6835 -175.5911 +001.4875 -130.2549 0
L1 03    123 +013.0287 +000.2471 -000.8912 +037.0228 +003.3995 +091.4606 0
L1 04    123 +008.7545 +008.7675 +001.7856 -038.0313 +000.0524 +000.4773 0
L1 05    123 +014.3980 +010.0430 +001.9720 -107.9535 +000.9005 -010.8233 0
L1 06    123 +012.7996 -001.8913 -003.8430 -051.9676 +005.9344 -000.0858 0
L1 07    123 +013.4753 -002.7107 -004.0574 +015.3131 -001.6030 +005.3197 0
L1 08    123 +013.8892 -003.2130 -003.9626 +117.6167 +000.5288 +000.6793 0
L1 01    127 +012.4638 -000.2731 +001.2907 +038.7836 -000.0495 +001.1373 0
L1 02    127 +004.5083 +007.3613 +001.6835 -175.5913 +001.4879 -130.2569 0
L1 03    127 +013.0287 +000.2470 -000.8912 +037.0216 +003.4001 +091.4608 0
L1 04    127 +008.7545 +008.7674 +001.7856 -038.0317 +000.0525 +000.4771 0
L1 05    127 +014.3979 +010.0429 +001.9723 -107.9537 +000.9008 -010.8213 0
L1 06    127 +012.7995 -001.8914 -003.8432 -051.9682 +005.9351 -000.0875 0
L1 07    127 +013.4753 -002.7108 -004.0572 +015.3099 -001.6034 +005.3199 0
L1 08    127 +013.8892 -003.2130 -003.9627 +117.6167 +000.5287 +000.6801 0
L1 01    131 +012.4638 -000.2731 +001.2907 +038.7842 -000.0502 +001.1372 0
L1 02    131 +004.5083 +007.3613 +001.6835 -175.5917 +001.4887 -130.2600 0
L1 03    131 +013.0287 +000.2470 -000.8912 +037.0220 +003.4001 +091.4608 0
L1 04    131 +008.7545 +008.7674 +001.7857 -038.0317 +000.0525 +000.4775 0
L1 05    131 +014.3981 +010.0427 +001.9719 -107.9543 +000.9001 -010.8233 0
L1 06    131 +012.7995 -001.8913 -003.8431 -051.9671 +005.9352 -000.0869 0
L1 07    131 +013.4753 -002.7108 -004.0571 +015.3091 -001.6042 +005.3209 0
L1 08    131 +013.8892 -003.2129 -003.9625 +117.6169 +000.5293 +000.6789 0
L1 01    135 +012.4638 -000.2731 +001.2907 +038.7824 -000.0489 +001.1374 0
L1 02    135 +004.5083 +007.3613 +001.6835 -175.5913 +001.4886 -130.2601 0
L1 03    135 +013.0287 +000.2470 -000.8912 +037.0224 +003.4006 +091.4608 0
L1 04    135 +008.7545 +008.7674 +001.7857 -038.0317 +000.0525 +000.4779 0
L1 05    135 +014.3982 +010.0425 +001.9720 -107.9558 +000.9008 -010.8229 0
L1 06    135 +012.7995 -001.8912 -003.8431 -051.9666 +005.9354 -000.0871 0
L1 07    135 +013.4753 -002.7107 -004.0570 +015.3081 -001.6041 +005.3211 0
L1 08    135 +013.8891 -003.2129 -003.9627 +117.6169 +000.5286 +000.6801 0
L1 01    139 +012.4638 -000.2731 +001.2907 +038.7816 -000.0487 +001.1384 0
L1 02    139 +004.5083 +007.3613 +001.6835 -175.5907 +001.4885 -130.2578 0
L1 03    139 +013.0287 +000.2472 -000.8912 +037.0248 +003.4012 +091.4612 0
L1 04    139 +008.7544 +008.7675 +001.7856 -038.0307 +000.0522 +000.4771 0
L1 05    139 +014.3981 +010.0428 +001.9722 -107.9529 +000.9000 -010.8218 0
L1 06    139 +012.7995 -001.8912 -003.8430 -051.9662 +005.9353 -000.0868 0
L1 07    139 +013.4753 -002.7107 -004.0569 +015.3072 -001.6042 +005.3210 0
L1 08    139 +013.8892 -003.2128 -003.9627 +117.6183 +000.5274 +000.6804 0
L1 01    143 +012.4638 -000.2731 +001.2906 +038.7801 -000.0483 +001.1384 0
L1 02    143 +004.5082 +007.3613 +001.6835 -175.5903 +001.4876 -130.2545 0
L1 03    143 +013.0287 +000.2471 -000.8913 +037.0237 +003.4015 +091.4614 0
L1 04    143 +008.7544 +008.7675 +001.7856 -038.0306 +000.0523 +000.4774 0
L1 05    143 +014.3978 +010.0431 +001.9719 -107.9510 +000.8988 -010.8228 0
L1 06    143 +012.7995 -001.8913 -003.8430 -051.9662 +005.9356 -000.0868 0
L1 07    143 +013.4753 -002.7108 -004.0570 +015.3042 -001.6028 +005.3221 0
L1 08    143 +013.8892 -003.2128 -003.9627 +117.6179 +000.5278 +000.6801 0
L1 01    147 +012.4638 -000.2730 +001.2907 +038.7799 -000.0483 +001.1377 0
L1 02    147 +004.5083 +007.3613 +001.6835 -175.5913 +001.4877 -130.2548 0
L1 03    147 +013.0287 +000.2471 -000.8912 +037.0235 +003.4019 +091.4611 0
L1 04    147 +008.7545 +008.7675 +001.7856 -038.0308 +000.0523 +000.4773 0
L1 05    147 +014.3976 +010.0435 +001.9718 -107.9502 +000.8983 -010.8225 0
L1 06    147 +012.7994 -001.8913 -003.8432 -051.9664 +005.9361 -000.0877 0
L1 07    147 +013.4753 -002.7108 -004.0569 +015.3038 -001.6024 +005.3216 0
L1 08    147 +013.8891 -003.2128 -003.9627 +117.6180 +000.5282 +000.6803 0
L1 01    151 +012.4638 -000.2730 +001.2907 +038.7792 -000.0479 +001.1374 0
L1 02    151 +004.5082 +007.3613 +001.6835 -175.5905 +001.4882 -130.2572 0
L1 03    151 +013.0286 +000.2472 -000.8913 +037.0241 +003.4020 +091.4612 0
L1 04    151 +008.7545 +008.7675 +001.7857 -038.0307 +000.0521 +000.4777 0
L1 05    151 +014.3977 +010.0434 +001.9718 -107.9495 +000.8976 -010.8230 0
L1 06    151 +012.7994 -001.8912 -003.8431 -051.9653 +005.9360 -000.0871 0
L1 07    151 +013.4753 -002.7107 -004.0570 +015.3025 -001.6013 +005.3232 0
L1 08    151 +013.8891 -003.2128 -003.9626 +117.6186 +000.5281 +000.6801 0
L1 01    155 +012.4638 -000.2731 +001.2907 +038.7772 -000.0477 +001.1381 0
L1 02    155 +004.5083 +007.3613 +001.6835 -175.5915 +001.4888 -130.2600 0
L1 03    155 +013.0286 +000.2471 -000.8912 +037.0234 +003.4019 +091.4612 0
L1 04    155 +008.7545 +008.7675 +001.7856 -038.0310 +000.0522 +000.4772 0
L1 05    155 +014.3978 +010.0431 +001.9718 -107.9513 +000.8982 -010.8233 0
L1 06    155 +012.7994 -001.8914 -003.8430 -051.9664 +005.9355 -000.0870 0
L1 07    155 +013.4752 -002.7107 -004.0570 +015.3006 -001.6006 +005.3229 0
L1 08    155 +013.8891 -003.2128 -003.9626 +117.6177 +000.5281 +000.6797 0
L1 01    159 +012.4638 -000.2730 +001.2907 +038.7768 -000.0463 +001.1379 0
L1 02    159 +004.5083 +007.3613 +001.6835 -175.5911 +001.4887 -130.2600 0
L1 03    159 +013.0287 +000.2472 -000.8912 +037.0238 +003.4020 +091.4610 0
L1 04    159 +008.7545 +008.7675 +001.7856 -038.0307 +000.0521 +000.4773 0
L1 05    159 +014.3979 +010.0431 +001.9723 -107.9523 +000.9013 -010.8216 0
L1 06    159 +012.7994 -001.8912 -003.8432 -051.9657 +005.9370 -000.0874 0
L1 07    159 +013.4752 -002.7106 -004.0571 +015.3015 -001.6001 +005.3237 0
L1 08    159 +013.8892 -003.2128 -003.9626 +117.6184 +000.5277 +000.6798 0
L1 01    163 +012.4638 -000.2731 +001.2907 +038.7743 -000.0465 +001.1376 0
L1 02    163 +004.5083 +007.3613 +001.6835 -175.5918 +001.4878 -130.2569 0
L1 03    163 +013.0286 +000.2470 -000.8912 +037.0220 +003.4025 +091.4609 0
L1 04    163 +008.7545 +008.7674 +001.7856 -038.0319 +000.0524 +000.4773 0
L1 05    163 +014.3980 +010.0429 +001.9720 -107.9541 +000.9006 -010.8222 0
L1 06    163 +012.7994 -001.8913 -003.8432 -051.9664 +005.9365 -000.0871 0
L1 07    163 +013.4751 -002.7108 -004.0572 +015.2974 -001.5986 +005.3239 0
L1 08    163 +013.8891 -003.2129 -003.9627 +117.6169 +000.5282 +000.6806 0
L1 01    167 +012.4638 -000.2731 +001.2907 +038.7734 -000.0458 +001.1378 0
L1 02    167 +004.5083 +007.3612 +001.6835 -175.5911 +001.4872 -130.2542 0
L1 03    167 +013.0286 +000.2470 -000.8912 +037.0222 +003.4023 +091.4607 0
L1 04    167 +008.7545 +008.7674 +001.7856 -038.0319 +000.0523 +000.4774 0
L1 05    167 +014.3980 +010.0427 +001.9719 -107.9545 +000.9002 -010.8250 0
L1 06    167 +012.7994 -001.8913 -003.8431 -051.9659 +005.9364 -000.0869 0
L1 07    167 +013.4752 -002.7107 -004.0571 +015.2964 -001.5997 +005.3250 0
L1 08    167 +013.8891 -003.2130 -003.9626 +117.6160 +000.5286 +000.6806 0
L1 01    171 +012.4638 -000.2732 +001.2907 +038.7705 -000.0464 +001.1383 0
L1 02    171 +004.5083 +007.3612 +001.6835 -175.5920 +001.4881 -130.2568 0
L1 03    171 +013.0286 +000.2470 -000.8912 +037.0222 +003.4026 +091.4609 0
L1 04    171 +008.7545 +008.7674 +001.7856 -038.0317 +000.0525 +000.4773 0
L1 05    171 +014.3986 +010.0420 +001.9718 -107.9593 +000.9002 -010.8254 0
L1 06    171 +012.7995 -001.8912 -003.8431 -051.9654 +005.9362 -000.0862 0
L1 07    171 +013.4752 -002.7107 -004.0571 +015.2946 -001.5987 +005.3245 0
L1 08    171 +013.8890 -003.2131 -003.9627 +117.6148 +000.5283 +000.6806 0
L1 01    175 +012.4638 -000.2731 +001.2908 +038.7704 -000.0450 +001.1373 0
L1 02    175 +004.5083 +007.3612 +001.6835 -175.5922 +001.4882 -130.2589 0
L1 03    175 +013.0287 +000.2470 -000.8912 +037.0220 +003.4031 +091.4608 0
L1 04    175 +008.7545 +008.7674 +001.7856 -038.0319 +000.0525 +000.4774 0
L1 05    175 +014.3982 +010.0427 +001.9721 -107.9553 +000.8997 -010.8231 0
L1 06    175 +012.7994 -001.8911 -003.8432 -051.9651 +005.9367 -000.0875 0
L1 07    175 +013.4751 -002.7107 -004.0572 +015.2928 -001.5976 +005.3254 0
L1 08    175 +013.8891 -003.2130 -003.9627 +117.6155 +000.5288 +000.6810 0
L1 01    179 +012.4638 -000.2731 +001.2908 +038.7701 -000.0448 +001.1383 0
L1 02    179 +004.5083 +007.3613 +001.6835 -175.5918 +001.4878 -130.2574 0
L1 03    179 +013.0287 +000.2470 -000.8911 +037.0224 +003.4029 +091.4611 0
L1 04    179 +008.7546 +008.7674 +001.7856 -038.0321 +000.0530 +000.4762 0
L1 05    179 +014.3979 +010.0431 +001.9717 -107.9501 +000.8980 -010.8245 0
L1 06    179 +012.7994 -001.8911 -003.8431 -051.9640 +005.9366 -000.0869 0
L1 07    179 +013.4751 -002.7109 -004.0571 +015.2906 -001.5976 +005.3254 0
L1 08    179 +013.8891 -003.2130 -003.9626 +117.6162 +000.5284 +000.6800 0
L1 01    183 +012.4638 -000.2731 +001.2907 +038.7690 -000.0438 +001.1389 0
L1 02    183 +004.5083 +007.3612 +001.6835 -175.5918 +001.4882 -130.2571 0
L1 03    183 +013.0286 +000.2472 -000.8912 +037.0238 +003.4033 +091.4613 0
L1 04    183 +008.7545 +008.7674 +001.7856 -038.0319 +000.0525 +000.4768 0
L1 05    183 +014.3979 +010.0431 +001.9717 -107.9519 +000.8983 -010.8245 0
L1 06    183 +012.7994 -001.8911 -003.8432 -051.9636 +005.9370 -000.0880 0
L1 07    183 +013.4751 -002.7108 -004.0572 +015.2903 -001.5968 +005.3264 0
L1 08    183 +013.8891 -003.2130 -003.9627 +117.6164 +000.5276 +000.6808 0
L1 01    187 +012.4637 -000.2731 +001.2907 +038.7682 -000.0439 +001.1380 0
L1 02    187 +004.5083 +007.3612 +001.6835 -175.5919 +001.4883 -130.2578 0
L1 03    187 +013.0286 +000.2470 -000.8911 +037.0225 +003.4032 +091.4608 0
L1 04    187 +008.7546 +008.7674 +001.7856 -038.0324 +000.0524 +000.4769 0
L1 05    187 +014.3978 +010.0431 +001.9719 -107.9513 +000.8981 -010.8236 0
L1 06    187 +012.7994 -001.8911 -003.8432 -051.9645 +005.9370 -000.0881 0
L1 07    187 +013.4751 -002.7109 -004.0572 +015.2859 -001.5961 +005.3268 0
L1 08    187 +013.8891 -003.2130 -003.9627 +117.6159 +000.5282 +000.6815 0
L1 01    191 +012.4638 -000.2730 +001.2907 +038.7680 -000.0426 +001.1382 0
L1 02    191 +004.5083 +007.3612 +001.6836 -175.5918 +001.4884 -130.2581 0
L1 03    191 +013.0286 +000.2471 -000.8911 +037.0237 +003.4034 +091.4605 0
L1 04    191 +008.7545 +008.7674 +001.7856 -038.0319 +000.0523 +000.4774 0
L1 05    191 +014.3983 +010.0425 +001.9723 -107.9559 +000.9000 -010.8230 0
L1 06    191 +012.7993 -001.8911 -003.8432 -051.9638 +005.9372 -000.0883 0
L1 07    191 +013.4751 -002.7109 -004.0572 +015.2872 -001.5964 +005.3276 0
L1 08    191 +013.8890 -003.2130 -003.9627 +117.6165 +000.5276 +000.6815 0
L1 01    195 +012.4637 -000.2730 +001.2907 +038.7657 -000.0422 +001.1393 0
L1 02    195 +004.5083 +007.3612 +001.6835 -175.5915 +001.4881 -130.2558 0
L1 03    195 +013.0286 +000.2472 -000.8912 +037.0239 +003.4042 +091.4610 0
L1 04    195 +008.7546 +008.7674 +001.7856 -038.0320 +000.0522 +000.4772 0
L1 05    195 +014.3981 +010.0428 +001.9722 -107.9538 +000.8999 -010.8224 0
L1 06    195 +012.7994 -001.8910 -003.8432 -051.9634 +005.9375 -000.0880 0
L1 07    195 +013.4751 -002.7110 -004.0573 +015.2848 -001.5945 +005.3282 0
L1 08    195 +013.8890 -003.2129 -003.9628 +117.6168 +000.5268 +000.6821 0
L1 01    199 +012.4638 -000.2731 +001.2906 +038.7645 -000.0422 +001.1392 0
L1 02    199 +004.5083 +007.3612 +001.6836 -175.5911 +001.4885 -130.2561 0
L1 03    199 +013.0286 +000.2472 -000.8912 +037.0239 +003.4043 +091.4613 0
L1 04    199 +008.7545 +008.7674 +001.7856 -038.0318 +000.0521 +000.4774 0
L1 05    199 +014.3981 +010.0427 +001.9724 -107.9540 +000.9001 -010.8218 0
L1 06    199 +012.7994 -001.8910 -003.8433 -051.9630 +005.9376 -000.0886 0
L1 07    199 +013.4750 -002.7109 -004.0572 +015.2838 -001.5949 +005.3284 0
L1 08    199 +013.8890 -003.2130 -003.9628 +117.6164 +000.5266 +000.6818 0
L1 01    203 +012.4638 -000.2731 +001.2907 +038.7630 -000.0424 +001.1389 0
L1 02    203 +004.5083 +007.3613 +001.6835 -175.5919 +001.4888 -130.2594 0
L1 03    203 +013.0286 +000.2471 -000.8912 +037.0233 +003.4042 +091.4612 0
L1 04    203 +008.7545 +008.7674 +001.7856 -038.0317 +000.0523 +000.4770 0
L1 05    203 +014.3980 +010.0428 +001.9722 -107.9529 +000.8999 -010.8227 0
L1 06    203 +012.7994 -001.8909 -003.8432 -051.9615 +005.9372 -000.0880 0
L1 07    203 +013.4750 -002.7108 -004.0573 +015.2831 -001.5936 +005.3305 0
L1 08    203 +013.8890 -003.2130 -003.9627 +117.6161 +000.5270 +000.6811 0
L1 01    207 +012.4638 -000.2730 +001.2907 +038.7624 -000.0417 +001.1387 0
L1 02    207 +004.5083 +007.3613 +001.6835 -175.5912 +001.4894 -130.2626 0
L1 03    207 +013.0286 +000.2471 -000.8912 +037.0226 +003.4042 +091.4610 0
L1 04    207 +008.7546 +008.7674 +001.7856 -038.0324 +000.0524 +000.4772 0
L1 05    207 +014.3982 +010.0427 +001.9717 -107.9538 +000.8976 -010.8243 0
L1 06    207 +012.7994 -001.8910 -003.8432 -051.9620 +005.9371 -000.0880 0
L1 07    207 +013.4750 -002.7112 -004.0572 +015.2776 -001.5943 +005.3288 0
L1 08    207 +013.8891 -003.2130 -003.9627 +117.6158 +000.5273 +000.6811 0
L1 01    211 +012.4638 -000.2730 +001.2907 +038.7614 -000.0414 +001.1389 0
L1 02    211 +004.5083 +007.3613 +001.6836 -175.5916 +001.4892 -130.2598 0
L1 03    211 +013.0286 +000.2471 -000.8911 +037.0230 +003.4047 +091.4605 0
L1 04    211 +008.7546 +008.7674 +001.7856 -038.0325 +000.0524 +000.4771 0
L1 05    211 +014.3979 +010.0430 +001.9722 -107.9528 +000.8996 -010.8223 0
L1 06    211 +012.7994 -001.8912 -003.8432 -051.9635 +005.9365 -000.0888 0
L1 07    211 +013.4750 -002.7111 -004.0573 +015.2777 -001.5927 +005.3292 0
L1 08    211 +013.8890 -003.2130 -003.9628 +117.6161 +000.5271 +000.6818 0
L1 01    215 +012.4638 -000.2731 +001.2907 +038.7597 -000.0412 +001.1391 0
L1 02    215 +004.5083 +007.3612 +001.6836 -175.5911 +001.4876 -130.2521 0
L1 03    215 +013.0286 +000.2470 -000.8911 +037.0224 +003.4046 +091.4607 0
L1 04    215 +008.7546 +008.7674 +001.7856 -038.0324 +000.0525 +000.4771 0
L1 05    215 +014.3979 +010.0431 +001.9721 -107.9522 +000.8985 -010.8231 0
L1 06    215 +012.7994 -001.8913 -003.8432 -051.9642 +005.9366 -000.0881 0
L1 07    215 +013.4750 -002.7110 -004.0571 +015.2773 -001.5942 +005.3289 0
L1 08    215 +013.8890 -003.2130 -003.9628 +117.6159 +000.5270 +000.6818 0
L1 01    219 +012.4638 -000.2731 +001.2907 +038.7581 -000.0397 +001.1387 0
L1 02    219 +004.5083 +007.3612 +001.6836 -175.5914 +001.4867 -130.2501 0
L1 03    219 +013.0286 +000.2470 -000.8912 +037.0219 +003.4053 +091.4608 0
L1 04    219 +008.7546 +008.7673 +001.7856 -038.0327 +000.0526 +000.4775 0
L1 05    219 +014.3980 +010.0427 +001.9721 -107.9554 +000.8992 -010.8227 0
L1 06    219 +012.7993 -001.8914 -003.8431 -051.9646 +005.9359 -000.0890 0
L1 07    219 +013.4750 -002.7110 -004.0572 +015.2752 -001.5924 +005.3295 0
L1 08    219 +013.8890 -003.2131 -003.9628 +117.6152 +000.5277 +000.6825 0
L1 01    223 +012.4638 -000.2732 +001.2907 +038.7557 -000.0401 +001.1394 0
L1 02    223 +004.5083 +007.3612 +001.6836 -175.5918 +001.4882 -130.2567 0
L1 03    223 +013.0286 +000.2470 -000.8912 +037.0216 +003.4056 +091.4610 0
L1 04    223 +008.7546 +008.7673 +001.7855 -038.0329 +000.0526 +000.4769 0
L1 05    223 +014.3982 +010.0424 +001.9722 -107.9576 +000.9005 -010.8234 0
L1 06    223 +012.7993 -001.8914 -003.8433 -051.9644 +005.9375 -000.0894 0
L1 07    223 +013.4749 -002.7112 -004.0573 +015.2709 -001.5910 +005.3301 0
L1 08    223 +013.8890 -003.2132 -003.9628 +117.6140 +000.5278 +000.6826 0
L1 01    227 +012.4638 -000.2730 +001.2906 +038.7566 -000.0389 +001.1390 0
L1 02    227 +004.5083 +007.3613 +001.6835 -175.5919 +001.4901 -130.2644 0
L1 03    227 +013.0286 +000.2470 -000.8912 +037.0223 +003.4053 +091.4608 0
L1 04    227 +008.7546 +008.7674 +001.7856 -038.0322 +000.0524 +000.4772 0
L1 05    227 +014.3981 +010.0427 +001.9718 -107.9545 +000.8990 -010.8248 0
L1 06    227 +012.7993 -001.8913 -003.8434 -051.9640 +005.9375 -000.0891 0
L1 07    227 +013.4749 -002.7111 -004.0573 +015.2702 -001.5913 +005.3321 0
L1 08    227 +013.8890 -003.2131 -003.9629 +117.6149 +000.5274 +000.6826 0
L1 01    231 +012.4638 -000.2731 +001.2907 +038.7551 -000.0396 +001.1391 0
L1 02    231 +004.5083 +007.3613 +001.6835 -175.5922 +001.4901 -130.2648 0
L1 03    231 +013.0286 +000.2470 -000.8912 +037.0224 +003.4055 +091.4610 0
L1 04    231 +008.7546 +008.7673 +001.7856 -038.0328 +000.0525 +000.4772 0
L1 05    231 +014.3981 +010.0426 +001.9721 -107.9556 +000.9010 -010.8235 0
L1 06    231 +012.7993 -001.8913 -003.8434 -051.9639 +005.9380 -000.0888 0
L1 07    231 +013.4749 -002.7111 -004.0574 +015.2687 -001.5902 +005.3319 0
L1 08    231 +013.8890 -003.2130 -003.9628 +117.6155 +000.5270 +000.6821 0
L1 01    235 +012.4638 -000.2730 +001.2907 +038.7548 -000.0392 +001.1383 0
L1 02    235 +004.5083 +007.3613 +001.6835 -175.5918 +001.4888 -130.2588 0
L1 03    235 +013.0286 +000.2470 -000.8912 +037.0223 +003.4055 +091.4607 0
L1 04    235 +008.7546 +008.7674 +001.7856 -038.0322 +000.0523 +000.4773 0
L1 05    235 +014.3982 +010.0428 +001.9719 -107.9546 +000.8987 -010.8238 0
L1 06    235 +012.7994 -001.8912 -003.8432 -051.9626 +005.9368 -000.0877 0
L1 07    235 +013.4750 -002.7110 -004.0573 +015.2680 -001.5909 +005.3335 0
L1 08    235 +013.8890 -003.2130 -003.9628 +117.6157 +000.5274 +000.6821 0
L1 01    239 +012.4638 -000.2731 +001.2907 +038.7526 -000.0391 +001.1389 0
L1 02    239 +004.5083 +007.3612 +001.6836 -175.5912 +001.4878 -130.2527 0
L1 03    239 +013.0286 +000.2471 -000.8912 +037.0227 +003.4058 +091.4611 0
L1 04    239 +008.7546 +008.7674 +001.7856 -038.0323 +000.0521 +000.4774 0
L1 05    239 +014.3982 +010.0427 +001.9719 -107.9559 +000.8984 -010.8230 0
L1 06    239 +012.7993 -001.8912 -003.8433 -051.9624 +005.9374 -000.0882 0
L1 07    239 +013.4749 -002.7110 -004.0574 +015.2648 -001.5888 +005.3347 0
L1 08    239 +013.8890 -003.2129 -003.9628 +117.6161 +000.5271 +000.6823 0
L1 01    243 +012.4638 -000.2731 +001.2907 +038.7521 -000.0382 +001.1398 0
L1 02    243 +004.5083 +007.3612 +001.6836 -175.5906 +001.4876 -130.2520 0
L1 03    243 +013.0286 +000.2471 -000.8912 +037.0236 +003.4064 +091.4615 0
L1 04    243 +008.7545 +008.7674 +001.7856 -038.0315 +000.0521 +000.4771 0
L1 05    243 +014.3978 +010.0432 +001.9721 -107.9512 +000.8991 -010.8217 0
L1 06    243 +012.7993 -001.8911 -003.8434 -051.9619 +005.9385 -000.0896 0
L1 07    243 +013.4749 -002.7109 -004.0572 +015.2647 -001.5900 +005.3344 0
L1 08    243 +013.8890 -003.2129 -003.9627 +117.6171 +000.5267 +000.6818 0
L1 01    247 +012.4638 -000.2730 +001.2907 +038.7520 -000.0381 +001.1388 0
L1 02    247 +004.5083 +007.3612 +001.6836 -175.5912 +001.4883 -130.2556 0
L1 03    247 +013.0286 +000.2472 -000.8912 +037.0244 +003.4065 +091.4612 0
L1 04    247 +008.7545 +008.7674 +001.7856 -038.0316 +000.0523 +000.4774 0
L1 05    247 +014.3980 +010.0429 +001.9724 -107.9521 +000.9008 -010.8216 0
L1 06    247 +012.7993 -001.8913 -003.8433 -051.9631 +005.9381 -000.0882 0
L1 07    247 +013.4749 -002.7109 -004.0572 +015.2640 -001.5898 +005.3357 0
L1 08    247 +013.8890 -003.2128 -003.9628 +117.6178 +000.5263 +000.6819 0
L1 01    251 +012.4638 -000.2731 +001.2906 +038.7497 -000.0357 +001.1398 0
L1 02    251 +004.5083 +007.3613 +001.6836 -175.5909 +001.4887 -130.2591 0
L1 03    251 +013.0286 +000.2472 -000.8912 +037.0247 +003.4071 +091.4615 0
L1 04    251 +008.7545 +008.7674 +001.7856 -038.0314 +000.0522 +000.4772 0
L1 05    251 +014.3980 +010.0430 +001.9722 -107.9523 +000.8996 -010.8224 0
L1 06    251 +012.7993 -001.8911 -003.8433 -051.9613 +005.9382 -000.0881 0
L1 07    251 +013.4749 -002.7108 -004.0573 +015.2626 -001.5889 +005.3356 0
L1 08    251 +013.8890 -003.2127 -003.9630 +117.6183 +000.5254 +000.6828 0
L1 01    255 +012.4638 -000.2731 +001.2906 +038.7482 -000.0368 +001.1402 0
L1 02    255 +004.5083 +007.3613 +001.6836 -175.5917 +001.4891 -130.2610 0
L1 03    255 +013.0286 +000.2472 -000.8912 +037.0243 +003.4065 +091.4615 0
L1 04    255 +008.7545 +008.7674 +001.7856 -038.0319 +000.0523 +000.4774 0
L1 05    255 +014.3980 +010.0429 +001.9719 -107.9531 +000.8983 -010.8230 0
L1 06    255 +012.7993 -001.8911 -003.8433 -051.9611 +005.9381 -000.0878 0
L1 07    255 +013.4748 -002.7111 -004.0573 +015.2564 -001.5893 +005.3367 0
L1 08    255 +013.8890 -003.2128 -003.9629 +117.6169 +000.5259 +000.6821 0
L1 01    259 +012.4638 -000.2731 +001.2906 +038.7472 -000.0366 +001.1396 0
L1 02    259 +004.5083 +007.3613 +001.6836 -175.5917 +001.4893 -130.2619 0
L1 03    259 +013.0286 +000.2471 -000.8912 +037.0231 +003.4066 +091.4615 0
L1 04    259 +008.7546 +008.7674 +001.7856 -038.0321 +000.0523 +000.4773 0
L1 05    259 +014.3980 +010.0428 +001.9719 -107.9532 +000.8983 -010.8240 0
L1 06    259 +012.7994 -001.8909 -003.8433 -051.9598 +005.9385 -000.0876 0
L1 07    259 +013.4749 -002.7110 -004.0572 +015.2558 -001.5907 +005.3364 0
L1 08    259 +013.8890 -003.2129 -003.9628 +117.6158 +000.5266 +000.6817 0
L1 01    263 +012.4638 -000.2730 +001.2907 +038.7470 -000.0360 +001.1390 0
L1 02    263 +004.5083 +007.3613 +001.6835 -175.5919 +001.4889 -130.2598 0
L1 03    263 +013.0286 +000.2471 -000.8912 +037.0235 +003.4068 +091.4614 0
L1 04    263 +008.7545 +008.7674 +001.7856 -038.0319 +000.0522 +000.4771 0
L1 05    263 +014.3979 +010.0430 +001.9721 -107.9526 +000.9003 -010.8224 0
L1 06    263 +012.7994 -001.8911 -003.8432 -051.9606 +005.9374 -000.0874 0
L1 07    263 +013.4748 -002.7112 -004.0574 +015.2530 -001.5876 +005.3370 0
L1 08    263 +013.8890 -003.2129 -003.9629 +117.6166 +000.5267 +000.6822 0
L1 01    267 +012.4638 -000.2731 +001.2908 +038.7445 -000.0371 +001.1385 0
L1 02    267 +004.5083 +007.3612 +001.6836 -175.5914 +001.4881 -130.2550 0
L1 03    267 +013.0286 +000.2471 -000.8912 +037.0224 +003.4070 +091.4609 0
L1 04    267 +008.7546 +008.7674 +001.7856 -038.0324 +000.0525 +000.4772 0
L1 05    267 +014.3978 +010.0431 +001.9719 -107.9525 +000.8992 -010.8246 0
L1 06    267 +012.7994 -001.8909 -003.8433 -051.9599 +005.9382 -000.0879 0
L1 07    267 +013.4748 -002.7112 -004.0573 +015.2505 -001.5878 +005.3365 0
L1 08    267 +013.8890 -003.2131 -003.9628 +117.6148 +000.5279 +000.6820 0
L1 01    271 +012.4637 -000.2730 +001.2908 +038.7440 -000.0358 +001.1376 0
L1 02    271 +004.5083 +007.3612 +001.6836 -175.5919 +001.4872 -130.2517 0
L1 03    271 +013.0286 +000.2469 -000.8912 +037.0213 +003.4075 +091.4604 0
L1 04    271 +008.7546 +008.7673 +001.7856 -038.0333 +000.0527 +000.4773 0
L1 05    271 +014.3979 +010.0428 +001.9718 -107.9550 +000.8988 -010.8240 0
L1 06    271 +012.7994 -001.8910 -003.8432 -051.9608 +005.9374 -000.0882 0
L1 07    271 +013.4748 -002.7110 -004.0573 +015.2501 -001.5867 +005.3377 0
L1 08    271 +013.8890 -003.2133 -003.9627 +117.6135 +000.5288 +000.6827 0
L1 01    275 +012.4637 -000.2731 +001.2908 +038.7422 -000.0364 +001.1384 0
L1 02    275 +004.5083 +007.3612 +001.6836 -175.5916 +001.4877 -130.2543 0
L1 03    275 +013.0286 +000.2470 -000.8912 +037.0214 +003.4073 +091.4605 0
L1 04    275 +008.7546 +008.7673 +001.7856 -038.0333 +000.0528 +000.4772 0
L1 05    275 +014.3979 +010.0428 +001.9719 -107.9544 +000.8994 -010.8244 0
L1 06    275 +012.7994 -001.8913 -003.8432 -051.9618 +005.9376 -000.0884 0
L1 07    275 +013.4748 -002.7114 -004.0573 +015.2452 -001.5857 +005.3376 0
L1 08    275 +013.8890 -003.2132 -003.9627 +117.6135 +000.5287 +000.6818 0
L1 01    279 +012.4638 -000.2730 +001.2907 +038.7420 -000.0351 +001.1386 0
L1 02    279 +004.5083 +007.3612 +001.6836 -175.5919 +001.4887 -130.2592 0
L1 03    279 +013.0286 +000.2471 -000.8912 +037.0225 +003.4074 +091.4607 0
L1 04    279 +008.7546 +008.7673 +001.7856 -038.0327 +000.0527 +000.4774 0
L1 05    279 +014.3980 +010.0429 +001.9718 -107.9528 +000.9002 -010.8251 0
L1 06    279 +012.7994 -001.8912 -003.8433 -051.9610 +005.9381 -000.0882 0
L1 07    279 +013.4748 -002.7113 -004.0574 +015.2445 -001.5852 +005.3386 0
L1 08    279 +013.8891 -003.2130 -003.9628 +117.6151 +000.5277 +000.6818 0
L1 01    283 +012.4638 -000.2732 +001.2907 +038.7395 -000.0350 +001.1395 0
L1 02    283 +004.5083 +007.3613 +001.6836 -175.5924 +001.4899 -130.2633 0
L1 03    283 +013.0286 +000.2471 -000.8912 +037.0229 +003.4072 +091.4608 0
L1 04    283 +008.7546 +008.7673 +001.7857 -038.0327 +000.0526 +000.4778 0
L1 05    283 +014.3977 +010.0432 +001.9720 -107.9515 +000.9007 -010.8236 0
L1 06    283 +012.7994 -001.8912 -003.8432 -051.9608 +005.9373 -000.0880 0
L1 07    283 +013.4747 -002.7115 -004.0575 +015.2415 -001.5845 +005.3394 0
L1 08    283 +013.8891 -003.2129 -003.9628 +117.6157 +000.5276 +000.6812 0
L1 01    287 +012.4638 -000.2731 +001.2907 +038.7388 -000.0347 +001.1389 0
L1 02    287 +004.5083 +007.3613 +001.6835 -175.5923 +001.4892 -130.2624 0
L1 03    287 +013.0286 +000.2471 -000.8912 +037.0228 +003.4074 +091.4605 0
L1 04    287 +008.7546 +008.7673 +001.7856 -038.0325 +000.0525 +000.4777 0
L1 05    287 +014.3978 +010.0430 +001.9720 -107.9531 +000.8999 -010.8224 0
L1 06    287 +012.7994 -001.8912 -003.8433 -051.9609 +005.9369 -000.0880 0
L1 07    287 +013.4748 -002.7114 -004.0573 +015.2401 -001.5859 +005.3391 0
L1 08    287 +013.8891 -003.2130 -003.9628 +117.6152 +000.5274 +000.6818 0
L1 01    291 +012.4638 -000.2731 +001.2907 +038.7382 -000.0345 +001.1391 0
L1 02    291 +004.5083 +007.3613 +001.6836 -175.5921 +001.4887 -130.2588 0
L1 03    291 +013.0286 +000.2471 -000.8912 +037.0231 +003.4076 +091.4607 0
L1 04    291 +008.7546 +008.7673 +001.7857 -038.0325 +000.0524 +000.4777 0
L1 05    291 +014.3980 +010.0428 +001.9721 -107.9539 +000.8998 -010.8235 0
L1 06    291 +012.7993 -001.8913 -003.8433 -051.9613 +005.9374 -000.0884 0
L1 07    291 +013.4748 -002.7111 -004.0573 +015.2405 -001.5853 +005.3401 0
L1 08    291 +013.8891 -003.2130 -003.9628 +117.6154 +000.5272 +000.6815 0
L1 01    295 +012.4637 -000.2730 +001.2908 +038.7381 -000.0343 +001.1384 0
L1 02    295 +004.5083 +007.3612 +001.6836 -175.5912 +001.4873 -130.2536 0
L1 03    295 +013.0286 +000.2471 -000.8912 +037.0230 +003.4078 +091.4605 0
L1 04    295 +008.7545 +008.7674 +001.7856 -038.0320 +000.0524 +000.4774 0
L1 05    295 +014.3978 +010.0431 +001.9724 -107.9512 +000.9005 -010.8220 0
L1 06    295 +012.7993 -001.8913 -003.8433 -051.9607 +005.9379 -000.0881 0
L1 07    295 +013.4750 -002.7107 -004.0571 +015.2414 -001.5858 +005.3402 0
L1 08    295 +013.8891 -003.2129 -003.9627 +117.6164 +000.5277 +000.6805 0
L1 01    299 +012.4638 -000.2731 +001.2907 +038.7366 -000.0337 +001.1397 0
L1 02    299 +004.5083 +007.3612 +001.6836 -175.5906 +001.4880 -130.2532 0
L1 03    299 +013.0286 +000.2472 -000.8912 +037.0246 +003.4083 +091.4613 0
L1 04    299 +008.7545 +008.7674 +001.7856 -038.0315 +000.0525 +000.4769 0
L1 05    299 +014.3976 +010.0434 +001.9722 -107.9486 +000.9006 -010.8231 0
L1 06    299 +012.7994 -001.8910 -003.8433 -051.9586 +005.9378 -000.0876 0
L1 07    299 +013.4747 -002.7110 -004.0574 +015.2390 -001.5834 +005.3414 0
L1 08    299 +013.8891 -003.2128 -003.9627 +117.6167 +000.5268 +000.6808 0
L1 01    303 +012.4637 -000.2731 +001.2908 +038.7350 -000.0343 +001.1386 0
L1 02    303 +004.5083 +007.3612 +001.6836 -175.5920 +001.4883 -130.2563 0
L1 03    303 +013.0286 +000.2471 -000.8912 +037.0227 +003.4084 +091.4604 0
L1 04    303 +008.7545 +008.7674 +001.7856 -038.0315 +000.0525 +000.4772 0
L1 05    303 +014.3978 +010.0432 +001.9719 -107.9506 +000.8992 -010.8233 0
L1 06    303 +012.7994 -001.8912 -003.8433 -051.9596 +005.9376 -000.0878 0
L1 07    303 +013.4748 -002.7111 -004.0572 +015.2365 -001.5838 +005.3414 0
L1 08    303 +013.8891 -003.2130 -003.9627 +117.6151 +000.5274 +000.6813 0
L1 01    307 +012.4638 -000.2731 +001.2907 +038.7340 -000.0327 +001.1397 0
L1 02    307 +004.5083 +007.3613 +001.6836 -175.5915 +001.4894 -130.2608 0
L1 03    307 +013.0286 +000.2471 -000.8912 +037.0236 +003.4084 +091.4608 0
L1 04    307 +008.7545 +008.7674 +001.7856 -038.0316 +000.0524 +000.4770 0
L1 05    307 +014.3981 +010.0429 +001.9720 -107.9534 +000.8995 -010.8237 0
L1 06    307 +012.7994 -001.8913 -003.8432 -051.9600 +005.9371 -000.0873 0
L1 07    307 +013.4748 -002.7109 -004.0573 +015.2361 -001.5829 +005.3422 0
L1 08    307 +013.8891 -003.2130 -003.9627 +117.6152 +000.5273 +000.6811 0
L1 01    311 +012.4638 -000.2730 +001.2907 +038.7336 -000.0324 +001.1395 0
L1 02    311 +004.5083 +007.3613 +001.6836 -175.5913 +001.4895 -130.2615 0
L1 03    311 +013.0286 +000.2472 -000.8912 +037.0237 +003.4086 +091.4610 0
L1 04    311 +008.7545 +008.7674 +001.7856 -038.0315 +000.0522 +000.4772 0
L1 05    311 +014.3981 +010.0428 +001.9721 -107.9530 +000.9000 -010.8234 0
L1 06    311 +012.7994 -001.8911 -003.8432 -051.9587 +005.9379 -000.0867 0
L1 07    311 +013.4748 -002.7108 -004.0574 +015.2346 -001.5826 +005.3436 0
L1 08    311 +013.8891 -003.2130 -003.9628 +117.6153 +000.5271 +000.6816 0
L1 01    315 +012.4638 -000.2732 +001.2906 +038.7312 -000.0328 +001.1404 0
L1 02    315 +004.5083 +007.3613 +001.6836 -175.5917 +001.4892 -130.2588 0
L1 03    315 +013.0286 +000.2472 -000.8912 +037.0235 +003.4079 +091.4610 0
L1 04    315 +008.7545 +008.7674 +001.7856 -038.0314 +000.0526 +000.4772 0
L1 05    315 +014.3980 +010.0430 +001.9719 -107.9522 +000.8990 -010.8251 0
L1 06    315 +012.7995 -001.8908 -003.8432 -051.9568 +005.9381 -000.0861 0
L1 07    315 +013.4748 -002.7109 -004.0574 +015.2319 -001.5825 +005.3438 0
L1 08    315 +013.8891 -003.2130 -003.9628 +117.6154 +000.5271 +000.6809 0
L1 01    319 +012.4638 -000.2731 +001.2907 +038.7310 -000.0321 +001.1393 0
L1 02    319 +004.5083 +007.3612 +001.6836 -175.5916 +001.4885 -130.2562 0
L1 03    319 +013.0286 +000.2471 -000.8912 +037.0229 +003.4084 +091.4605 0
L1 04    319 +008.7545 +008.7674 +001.7856 -038.0314 +000.0524 +000.4769 0
L1 05    319 +014.3982 +010.0429 +001.9716 -107.9528 +000.8978 -010.8249 0
L1 06    319 +012.7995 -001.8910 -003.8433 -051.9576 +005.9383 -000.0862 0
L1 07    319 +013.4748 -002.7110 -004.0574 +015.2297 -001.5819 +005.3443 0
L1 08    319 +013.8891 -003.2129 -003.9628 +117.6155 +000.5274 +000.6813 0
L1 01    323 +012.4638 -000.2731 +001.2907 +038.7292 -000.0328 +001.1388 0
L1 02    323 +004.5083 +007.3612 +001.6836 -175.5919 +001.4886 -130.2567 0
L1 03    323 +013.0286 +000.2470 -000.8911 +037.0218 +003.4081 +091.4602 0
L1 04    323 +008.7545 +008.7674 +001.7856 -038.0317 +000.0525 +000.4771 0
L1 05    323 +014.3978 +010.0431 +001.9723 -107.9516 +000.9010 -010.8226 0
L1 06    323 +012.7995 -001.8911 -003.8432 -051.9581 +005.9378 -000.0864 0
L1 07    323 +013.4747 -002.7114 -004.0573 +015.2238 -001.5811 +005.3441 0
L1 08    323 +013.8891 -003.2130 -003.9627 +117.6147 +000.5282 +000.6809 0
L1 01    327 +012.4638 -000.2730 +001.2907 +038.7289 -000.0315 +001.1387 0
L1 02    327 +004.5083 +007.3612 +001.6836 -175.5918 +001.4885 -130.2578 0
L1 03    327 +013.0286 +000.2472 -000.8912 +037.0233 +003.4088 +091.4606 0
L1 04    327 +008.7545 +008.7674 +001.7856 -038.0315 +000.0523 +000.4776 0
L1 05    327 +014.3978 +010.0432 +001.9725 -107.9510 +000.9020 -010.8221 0
L1 06    327 +012.7995 -001.8911 -003.8432 -051.9581 +005.9373 -000.0862 0
L1 07    327 +013.4748 -002.7109 -004.0574 +015.2261 -001.5810 +005.3457 0
L1 08    327 +013.8891 -003.2129 -003.9627 +117.6162 +000.5278 +000.6807 0
L1 01    331 +012.4638 -000.2731 +001.2907 +038.7274 -000.0303 +001.1395 0
L1 02    331 +004.5083 +007.3613 +001.6835 -175.5911 +001.4885 -130.2579 0
L1 03    331 +013.0286 +000.2472 -000.8912 +037.0238 +003.4085 +091.4608 0
L1 04    331 +008.7545 +008.7674 +001.7856 -038.0316 +000.0523 +000.4773 0
L1 05    331 +014.3980 +010.0428 +001.9730 -107.9534 +000.9041 -010.8209 0
L1 06    331 +012.7995 -001.8911 -003.8433 -051.9580 +005.9376 -000.0872 0
L1 07    331 +013.4748 -002.7110 -004.0574 +015.2249 -001.5799 +005.3463 0
L1 08    331 +013.8892 -003.2129 -003.9627 +117.6162 +000.5275 +000.6806 0
L1 01    335 +012.4638 -000.2730 +001.2907 +038.7268 -000.0305 +001.1390 0
L1 02    335 +004.5083 +007.3612 +001.6835 -175.5917 +001.4885 -130.2576 0
L1 03    335 +013.0286 +000.2472 -000.8912 +037.0234 +003.4091 +091.4606 0
L1 04    335 +008.7545 +008.7674 +001.7856 -038.0313 +000.0523 +000.4775 0
L1 05    335 +014.3979 +010.0430 +001.9724 -107.9526 +000.9011 -010.8226 0
L1 06    335 +012.7995 -001.8909 -003.8432 -051.9567 +005.9371 -000.0867 0
L1 07    335 +013.4748 -002.7109 -004.0573 +015.2240 -001.5810 +005.3462 0
L1 08    335 +013.8891 -003.2129 -003.9627 +117.6155 +000.5278 +000.6807 0
L1 01    339 +012.4638 -000.2731 +001.2907 +038.7253 -000.0297 +001.1390 0
L1 02    339 +004.5083 +007.3612 +001.6836 -175.5915 +001.4886 -130.2576 0
L1 03    339 +013.0286 +000.2471 -000.8912 +037.0230 +003.4095 +091.4608 0
L1 04    339 +008.7545 +008.7674 +001.7856 -038.0317 +000.0522 +000.4775 0
L1 05    339 +014.3980 +010.0430 +001.9718 -107.9528 +000.8990 -010.8244 0
L1 06    339 +012.7994 -001.8910 -003.8432 -051.9567 +005.9371 -000.0876 0
L1 07    339 +013.4748 -002.7110 -004.0573 +015.2215 -001.5801 +005.3466 0
L1 08    339 +013.8891 -003.2129 -003.9628 +117.6158 +000.5274 +000.6814 0
L1 01    343 +012.4638 -000.2732 +001.2907 +038.7226 -000.0299 +001.1394 0
L1 02    343 +004.5083 +007.3612 +001.6835 -175.5918 +001.4886 -130.2581 0
L1 03    343 +013.0286 +000.2471 -000.8912 +037.0224 +003.4096 +091.4608 0
L1 04    343 +008.7546 +008.7673 +001.7856 -038.0326 +000.0525 +000.4776 0
L1 05    343 +014.3981 +010.0426 +001.9719 -107.9557 +000.8989 -010.8237 0
L1 06    343 +012.7994 -001.8913 -003.8432 -051.9587 +005.9370 -000.0878 0
L1 07    343 +013.4747 -002.7111 -004.0573 +015.2173 -001.5791 +005.3457 0
L1 08    343 +013.8891 -003.2131 -003.9628 +117.6141 +000.5275 +000.6815 0
L1 01    347 +012.4638 -000.2731 +001.2907 +038.7227 -000.0292 +001.1399 0
L1 02    347 +004.5083 +007.3612 +001.6836 -175.5919 +001.4892 -130.2596 0
L1 03    347 +013.0286 +000.2472 -000.8912 +037.0233 +003.4096 +091.4608 0
L1 04    347 +008.7545 +008.7674 +001.7856 -038.0318 +000.0526 +000.4774 0
L1 05    347 +014.3981 +010.0428 +001.9716 -107.9538 +000.8975 -010.8252 0
L1 06    347 +012.7995 -001.8912 -003.8431 -051.9585 +005.9371 -000.0863 0
L1 07    347 +013.4747 -002.7110 -004.0575 +015.2175 -001.5778 +005.3498 0
L1 08    347 +013.8891 -003.2130 -003.9627 +117.6148 +000.5273 +000.6810 0
L1 01    351 +012.4638 -000.2732 +001.2907 +038.7208 -000.0290 +001.1401 0
L1 02    351 +004.5083 +007.3612 +001.6835 -175.5920 +001.4887 -130.2579 0
L1 03    351 +013.0286 +000.2471 -000.8912 +037.0225 +003.4099 +091.4608 0
L1 04    351 +008.7545 +008.7674 +001.7856 -038.0325 +000.0526 +000.4770 0
L1 05    351 +014.3981 +010.0426 +001.9721 -107.9548 +000.9001 -010.8245 0
L1 06    351 +012.7994 -001.8909 -003.8434 -051.9570 +005.9385 -000.0873 0
L1 07    351 +013.4747 -002.7111 -004.0573 +015.2148 -001.5786 +005.3484 0
L1 08    351 +013.8891 -003.2131 -003.9627 +117.6139 +000.5275 +000.6811 0
L1 01    355 +012.4638 -000.2731 +001.2907 +038.7203 -000.0286 +001.1398 0
L1 02    355 +004.5083 +007.3612 +001.6835 -175.5918 +001.4877 -130.2550 0
L1 03    355 +013.0287 +000.2470 -000.8912 +037.0216 +003.4100 +091.4604 0
L1 04    355 +008.7545 +008.7673 +001.7856 -038.0326 +000.0526 +000.4774 0
L1 05    355 +014.3984 +010.0422 +001.9716 -107.9586 +000.8997 -010.8266 0
L1 06    355 +012.7994 -001.8911 -003.8433 -051.9580 +005.9378 -000.0877 0
L1 07    355 +013.4747 -002.7111 -004.0575 +015.2140 -001.5769 +005.3491 0
L1 08    355 +013.8891 -003.2132 -003.9627 +117.6133 +000.5281 +000.6814 0
L1 01    359 +012.4638 -000.2732 +001.2906 +038.7182 -000.0276 +001.1409 0
L1 02    359 +004.5083 +007.3612 +001.6835 -175.5913 +001.4878 -130.2555 0
L1 03    359 +013.0286 +000.2471 -000.8912 +037.0224 +003.4105 +091.4610 0
L1 04    359 +008.7545 +008.7673 +001.7856 -038.0327 +000.0525 +000.4773 0
L1 05    359 +014.3983 +010.0425 +001.9720 -107.9561 +000.8995 -010.8235 0
L1 06    359 +012.7994 -001.8909 -003.8433 -051.9563 +005.9380 -000.0870 0
L1 07    359 +013.4747 -002.7111 -004.0573 +015.2125 -001.5775 +005.3484 0
L1 08    359 +013.8891 -003.2131 -003.9627 +117.6138 +000.5277 +000.6813 0
L1 01    363 +012.4638 -000.2732 +001.2907 +038.7176 -000.0288 +001.1393 0
L1 02    363 +004.5083 +007.3612 +001.6835 -175.5922 +001.4884 -130.2580 0
L1 03    363 +013.0286 +000.2471 -000.8912 +037.0223 +003.4105 +091.4607 0
L1 04    363 +008.7546 +008.7673 +001.7856 -038.0329 +000.0527 +000.4769 0
L1 05    363 +014.3985 +010.0420 +001.9721 -107.9587 +000.9008 -010.8227 0
L1 06    363 +012.7994 -001.8909 -003.8433 -051.9561 +005.9383 -000.0868 0
L1 07    363 +013.4747 -002.7110 -004.0573 +015.2105 -001.5769 +005.3490 0
L1 08    363 +013.8891 -003.2131 -003.9628 +117.6138 +000.5276 +000.6816 0
L1 01    367 +012.4638 -000.2732 +001.2907 +038.7171 -000.0281 +001.1396 0
L1 02    367 +004.5083 +007.3613 +001.6835 -175.5915 +001.4889 -130.2599 0
L1 03    367 +013.0286 +000.2471 -000.8912 +037.0226 +003.4105 +091.4606 0
L1 04    367 +008.7546 +008.7674 +001.7856 -038.0326 +000.0525 +000.4770 0
L1 05    367 +014.3985 +010.0423 +001.9721 -107.9570 +000.9009 -010.8222 0
L1 06    367 +012.7994 -001.8910 -003.8432 -051.9561 +005.9377 -000.0868 0
L1 07    367 +013.4747 -002.7111 -004.0572 +015.2086 -001.5779 +005.3498 0
L1 08    367 +013.8891 -003.2131 -003.9627 +117.6141 +000.5278 +000.6811 0
L1 01    371 +012.4638 -000.2731 +001.2907 +038.7157 -000.0271 +001.1400 0
L1 02    371 +004.5083 +007.3613 +001.6835 -175.5919 +001.4887 -130.2587 0
L1 03    371 +013.0286 +000.2471 -000.8912 +037.0229 +003.4112 +091.4605 0
L1 04    371 +008.7545 +008.7674 +001.7855 -038.0320 +000.0526 +000.4765 0
L1 05    371 +014.3983 +010.0425 +001.9720 -107.9554 +000.8983 -010.8217 0
L1 06    371 +012.7994 -001.8912 -003.8432 -051.9575 +005.9380 -000.0869 0
L1 07    371 +013.4747 -002.7113 -004.0573 +015.2056 -001.5751 +005.3490 0
L1 08    371 +013.8891 -003.2131 -003.9628 +117.6140 +000.5274 +000.6818 0
L1 01    375 +012.4638 -000.2731 +001.2907 +038.7156 -000.0265 +001.1396 0
L1 02    375 +004.5083 +007.3612 +001.6835 -175.5915 +001.4883 -130.2567 0
L1 03    375 +013.0287 +000.2471 -000.8912 +037.0228 +003.4109 +091.4603 0
L1 04    375 +008.7545 +008.7674 +001.7856 -038.0320 +000.0526 +000.4769 0
L1 05    375 +014.3980 +010.0430 +001.9721 -107.9524 +000.9004 -010.8237 0
L1 06    375 +012.7994 -001.8912 -003.8432 -051.9571 +005.9379 -000.0871 0
L1 07    375 +013.4746 -002.7111 -004.0574 +015.2055 -001.5752 +005.3518 0
L1 08    375 +013.8891 -003.2131 -003.9628 +117.6139 +000.5275 +000.6819 0
L1 01    379 +012.4638 -000.2731 +001.2907 +038.7145 -000.0264 +001.1398 0
L1 02    379 +004.5083 +007.3612 +001.6835 -175.5917 +001.4882 -130.2572 0
L1 03    379 +013.0287 +000.2471 -000.8912 +037.0226 +003.4113 +091.4604 0
L1 04    379 +008.7546 +008.7674 +001.7856 -038.0324 +000.0525 +000.4770 0
L1 05    379 +014.3983 +010.0426 +001.9722 -107.9557 +000.9009 -010.8228 0
L1 06    379 +012.7994 -001.8912 -003.8433 -051.9567 +005.9381 -000.0875 0
L1 07    379 +013.4747 -002.7112 -004.0572 +015.2038 -001.5762 +005.3518 0
L1 08    379 +013.8891 -003.2130 -003.9628 +117.6145 +000.5274 +000.6817 0
L1 01    383 +012.4638 -000.2732 +001.2907 +038.7117 -000.0266 +001.1397 0
L1 02    383 +004.5083 +007.3612 +001.6835 -175.5922 +001.4886 -130.2587 0
L1 03    383 +013.0287 +000.2470 -000.8911 +037.0218 +003.4109 +091.4601 0
L1 04    383 +008.7546 +008.7673 +001.7856 -038.0336 +000.0528 +000.4772 0
L1 05    383 +014.3981 +010.0427 +001.9717 -107.9552 +000.8984 -010.8237 0
L1 06    383 +012.7994 -001.8914 -003.8432 -051.9581 +005.9367 -000.0875 0
L1 07    383 +013.4746 -002.7114 -004.0573 +015.1991 -001.5742 +005.3524 0
L1 08    383 +013.8891 -003.2131 -003.9628 +117.6135 +000.5276 +000.6817 0
L1 01    387 +012.4638 -000.2731 +001.2907 +038.7123 -000.0254 +001.1392 0
L1 02    387 +004.5083 +007.3613 +001.6835 -175.5915 +001.4884 -130.2579 0
L1 03    387 +013.0287 +000.2471 -000.8912 +037.0227 +003.4112 +091.4602 0
L1 04    387 +008.7545 +008.7674 +001.7856 -038.0321 +000.0523 +000.4772 0
L1 05    387 +014.3978 +010.0433 +001.9716 -107.9498 +000.8973 -010.8250 0
L1 06    387 +012.7994 -001.8911 -003.8432 -051.9559 +005.9369 -000.0873 0
L1 07    387 +013.4747 -002.7114 -004.0572 +015.1995 -001.5741 +005.3517 0
L1 08    387 +013.8891 -003.2129 -003.9628 +117.6155 +000.5273 +000.6817 0
L1 01    391 +012.4638 -000.2730 +001.2907 +038.7118 -000.0250 +001.1404 0
L1 02    391 +004.5083 +007.3613 +001.6836 -175.5905 +001.4882 -130.2557 0
L1 03    391 +013.0287 +000.2473 -000.8912 +037.0243 +003.4112 +091.4605 0
L1 04    391 +008.7545 +008.7674 +001.7856 -038.0315 +000.0521 +000.4772 0
L1 05    391 +014.3977 +010.0433 +001.9718 -107.9503 +000.8976 -010.8232 0
L1 06    391 +012.7995 -001.8911 -003.8431 -051.9556 +005.9373 -000.0863 0
L1 07    391 +013.4747 -002.7112 -004.0574 +015.1995 -001.5736 +005.3536 0
L1 08    391 +013.8891 -003.2129 -003.9627 +117.6155 +000.5271 +000.6813 0
L1 01    395 +012.4638 -000.2731 +001.2906 +038.7096 -000.0244 +001.1405 0
L1 02    395 +004.5083 +007.3613 +001.6835 -175.5910 +001.4880 -130.2564 0
L1 03    395 +013.0287 +000.2472 -000.8912 +037.0237 +003.4113 +091.4608 0
L1 04    395 +008.7545 +008.7674 +001.7856 -038.0318 +000.0524 +000.4767 0
L1 05    395 +014.3979 +010.0430 +001.9721 -107.9529 +000.8987 -010.8226 0
L1 06    395 +012.7995 -001.8909 -003.8432 -051.9540 +005.9378 -000.0862 0
L1 07    395 +013.4747 -002.7111 -004.0575 +015.1989 -001.5726 +005.3541 0
L1 08    395 +013.8892 -003.2130 -003.9627 +117.6146 +000.5270 +000.6808 0
L1 01    399 +012.4638 -000.2731 +001.2907 +038.7091 -000.0249 +001.1402 0
L1 02    399 +004.5083 +007.3613 +001.6836 -175.5912 +001.4894 -130.2605 0
L1 03    399 +013.0287 +000.2472 -000.8912 +037.0237 +003.4113 +091.4605 0
L1 04    399 +008.7545 +008.7675 +001.7856 -038.0314 +000.0524 +000.4768 0
L1 05    399 +014.3978 +010.0432 +001.9716 -107.9514 +000.8967 -010.8234 0
L1 06    399 +012.7995 -001.8909 -003.8431 -051.9542 +005.9382 -000.0851 0
L1 07    399 +013.4747 -002.7112 -004.0574 +015.1965 -001.5732 +005.3533 0
L1 08    399 +013.8892 -003.2130 -003.9627 +117.6151 +000.5270 +000.6803 0
L1 01    403 +012.4638 -000.2731 +001.2907 +038.7083 -000.0246 +001.1406 0
L1 02    403 +004.5083 +007.3613 +001.6835 -175.5910 +001.4894 -130.2614 0
L1 03    403 +013.0287 +000.2473 -000.8912 +037.0245 +003.4119 +091.4610 0
L1 04    403 +008.7545 +008.7674 +001.7856 -038.0315 +000.0523 +000.4768 0
L1 05    403 +014.3978 +010.0435 +001.9713 -107.9493 +000.8959 -010.8258 0
L1 06    403 +012.7995 -001.8910 -003.8432 -051.9542 +005.9388 -000.0864 0
L1 07    403 +013.4746 -002.7112 -004.0575 +015.1944 -001.5722 +005.3544 0
L1 08    403 +013.8892 -003.2129 -003.9627 +117.6155 +000.5266 +000.6804 0
L1 01    407 +012.4638 -000.2732 +001.2907 +038.7061 -000.0248 +001.1408 0
L1 02    407 +004.5083 +007.3613 +001.6836 -175.5907 +001.4886 -130.2569 0
L1 03    407 +013.0286 +000.2473 -000.8913 +037.0246 +003.4120 +091.4613 0
L1 04    407 +008.7546 +008.7674 +001.7856 -038.0318 +000.0523 +000.4774 0
L1 05    407 +014.3979 +010.0434 +001.9715 -107.9500 +000.8978 -010.8247 0
L1 06    407 +012.7995 -001.8910 -003.8432 -051.9536 +005.9387 -000.0859 0
L1 07    407 +013.4746 -002.7112 -004.0575 +015.1940 -001.5718 +005.3547 0
L1 08    407 +013.8892 -003.2129 -003.9628 +117.6154 +000.5264 +000.6805 0
L1 01    411 +012.4638 -000.2732 +001.2906 +038.7049 -000.0226 +001.1414 0
L1 02    411 +004.5082 +007.3613 +001.6836 -175.5901 +001.4877 -130.2535 0
L1 03    411 +013.0286 +000.2473 -000.8912 +037.0248 +003.4119 +091.4611 0
L1 04    411 +008.7545 +008.7674 +001.7856 -038.0315 +000.0523 +000.4772 0
L1 05    411 +014.3977 +010.0436 +001.9715 -107.9493 +000.8980 -010.8240 0
L1 06    411 +012.7995 -001.8910 -003.8432 -051.9538 +005.9384 -000.0858 0
L1 07    411 +013.4746 -002.7112 -004.0573 +015.1924 -001.5723 +005.3553 0
L1 08    411 +013.8892 -003.2129 -003.9629 +117.6156 +000.5257 +000.6809 0
L1 01    415 +012.4638 -000.2732 +001.2906 +038.7042 -000.0234 +001.1404 0
L1 02    415 +004.5083 +007.3613 +001.6836 -175.5913 +001.4882 -130.2564 0
L1 03    415 +013.0287 +000.2472 -000.8912 +037.0239 +003.4120 +091.4607 0
L1 04    415 +008.7546 +008.7674 +001.7856 -038.0321 +000.0524 +000.4773 0
L1 05    415 +014.3979 +010.0430 +001.9717 -107.9520 +000.8985 -010.8235 0
L1 06    415 +012.7995 -001.8911 -003.8432 -051.9549 +005.9387 -000.0859 0
L1 07    415 +013.4747 -002.7110 -004.0572 +015.1912 -001.5729 +005.3564 0
L1 08    415 +013.8892 -003.2129 -003.9628 +117.6152 +000.5266 +000.6808 0
L1 01    419 +012.4638 -000.2731 +001.2907 +038.7043 -000.0230 +001.1403 0
L1 02    419 +004.5083 +007.3613 +001.6835 -175.5909 +001.4882 -130.2589 0
L1 03    419 +013.0287 +000.2473 -000.8912 +037.0247 +003.4124 +091.4609 0
L1 04    419 +008.7545 +008.7675 +001.7855 -038.0311 +000.0521 +000.4761 0
L1 05    419 +014.3980 +010.0431 +001.9719 -107.9522 +000.8983 -010.8245 0
L1 06    419 +012.7995 -001.8909 -003.8434 -051.9534 +005.9398 -000.0859 0
L1 07    419 +013.4746 -002.7110 -004.0571 +015.1907 -001.5729 +005.3569 0
L1 08    419 +013.8892 -003.2128 -003.9627 +117.6163 +000.5265 +000.6800 0
L1 01    423 +012.4638 -000.2731 +001.2906 +038.7027 -000.0220 +001.1406 0
L1 02    423 +004.5083 +007.3613 +001.6836 -175.5915 +001.4889 -130.2607 0
L1 03    423 +013.0287 +000.2472 -000.8912 +037.0237 +003.4131 +091.4607 0
L1 04    423 +008.7546 +008.7674 +001.7855 -038.0320 +000.0521 +000.4764 0
L1 05    423 +014.3980 +010.0427 +001.9722 -107.9535 +000.9002 -010.8227 0
L1 06    423 +012.7995 -001.8910 -003.8432 -051.9542 +005.9385 -000.0861 0
L1 07    423 +013.4746 -002.7112 -004.0571 +015.1877 -001.5713 +005.3563 0
L1 08    423 +013.8892 -003.2129 -003.9628 +117.6150 +000.5269 +000.6811 0
L1 01    427 +012.4638 -000.2732 +001.2906 +038.7006 -000.0218 +001.1412 0
L1 02    427 +004.5083 +007.3613 +001.6835 -175.5914 +001.4889 -130.2598 0
L1 03    427 +013.0287 +000.2473 -000.8912 +037.0242 +003.4130 +091.4609 0
L1 04    427 +008.7546 +008.7674 +001.7855 -038.0321 +000.0521 +000.4765 0
L1 05    427 +014.3978 +010.0432 +001.9713 -107.9510 +000.8979 -010.8256 0
L1 06    427 +012.7995 -001.8909 -003.8433 -051.9536 +005.9389 -000.0869 0
L1 07    427 +013.4746 -002.7112 -004.0572 +015.1860 -001.5714 +005.3564 0
L1 08    427 +013.8892 -003.2130 -003.9628 +117.6143 +000.5265 +000.6811 0
L1 01    431 +012.4638 -000.2731 +001.2906 +038.7008 -000.0208 +001.1402 0
L1 02    431 +004.5083 +007.3613 +001.6836 -175.5911 +001.4883 -130.2570 0
L1 03    431 +013.0287 +000.2473 -000.8912 +037.0243 +003.4129 +091.4606 0
L1 04    431 +008.7546 +008.7674 +001.7856 -038.0320 +000.0521 +000.4768 0
L1 05    431 +014.3977 +010.0434 +001.9716 -107.9501 +000.8971 -010.8243 0
L1 06    431 +012.7995 -001.8908 -003.8433 -051.9520 +005.9394 -000.0862 0
L1 07    431 +013.4748 -002.7107 -004.0572 +015.1880 -001.5721 +005.3572 0
L1 08    431 +013.8892 -003.2129 -003.9628 +117.6154 +000.5263 +000.6812 0
L1 01    435 +012.4638 -000.2731 +001.2907 +038.6993 -000.0222 +001.1401 0
L1 02    435 +004.5083 +007.3613 +001.6835 -175.5908 +001.4876 -130.2529 0
L1 03    435 +013.0287 +000.2471 -000.8911 +037.0225 +003.4121 +091.4600 0
L1 04    435 +008.7545 +008.7674 +001.7856 -038.0318 +000.0524 +000.4771 0
L1 05    435 +014.3979 +010.0430 +001.9720 -107.9510 +000.8988 -010.8230 0
L1 06    435 +012.7995 -001.8909 -003.8432 -051.9522 +005.9383 -000.0862 0
L1 07    435 +013.4747 -002.7109 -004.0573 +015.1852 -001.5708 +005.3583 0
L1 08    435 +013.8892 -003.2129 -003.9627 +117.6144 +000.5272 +000.6804 0
L1 01    439 +012.4638 -000.2731 +001.2906 +038.6987 -000.0209 +001.1402 0
L1 02    439 +004.5083 +007.3612 +001.6836 -175.5914 +001.4883 -130.2551 0
L1 03    439 +013.0287 +000.2471 -000.8911 +037.0228 +003.4125 +091.4603 0
L1 04    439 +008.7545 +008.7674 +001.7856 -038.0320 +000.0525 +000.4771 0
L1 05    439 +014.3979 +010.0431 +001.9718 -107.9512 +000.8983 -010.8237 0
L1 06    439 +012.7995 -001.8911 -003.8432 -051.9538 +005.9382 -000.0862 0
L1 07    439 +013.4747 -002.7110 -004.0572 +015.1824 -001.5709 +005.3592 0
L1 08    439 +013.8892 -003.2130 -003.9627 +117.6144 +000.5273 +000.6807 0
L1 01    443 +012.4638 -000.2732 +001.2906 +038.6962 -000.0213 +001.1413 0
L1 02    443 +004.5083 +007.3613 +001.6836 -175.5917 +001.4895 -130.2613 0
L1 03    443 +013.0287 +000.2472 -000.8912 +037.0230 +003.4130 +091.4608 0
L1 04    443 +008.7545 +008.7674 +001.7855 -038.0317 +000.0525 +000.4768 0
L1 05    443 +014.3984 +010.0424 +001.9717 -107.9570 +000.8986 -010.8253 0
L1 06    443 +012.7995 -001.8911 -003.8432 -051.9539 +005.9375 -000.0852 0
L1 07    443 +013.4746 -002.7111 -004.0573 +015.1801 -001.5686 +005.3592 0
L1 08    443 +013.8892 -003.2129 -003.9628 +117.6146 +000.5268 +000.6805 0
L1 01    447 +012.4638 -000.2731 +001.2906 +038.6962 -000.0200 +001.1407 0
L1 02    447 +004.5083 +007.3613 +001.6835 -175.5917 +001.4899 -130.2645 0
L1 03    447 +013.0287 +000.2472 -000.8912 +037.0231 +003.4134 +091.4609 0
L1 04    447 +008.7545 +008.7675 +001.7855 -038.0315 +000.0522 +000.4766 0
L1 05    447 +014.3979 +010.0431 +001.9716 -107.9521 +000.8980 -010.8242 0
L1 06    447 +012.7995 -001.8912 -003.8433 -051.9543 +005.9381 -000.0862 0
L1 07    447 +013.4746 -002.7111 -004.0573 +015.1795 -001.5685 +005.3598 0
L1 08    447 +013.8892 -003.2129 -003.9628 +117.6148 +000.5266 +000.6808 0
L1 01    451 +012.4639 -000.2731 +001.2905 +038.6951 -000.0192 +001.1413 0
L1 02    451 +004.5083 +007.3613 +001.6835 -175.5914 +001.4886 -130.2589 0
L1 03    451 +013.0287 +000.2472 -000.8912 +037.0231 +003.4136 +091.4610 0
L1 04    451 +008.7546 +008.7674 +001.7855 -038.0322 +000.0522 +000.4766 0
L1 05    451 +014.3979 +010.0432 +001.9713 -107.9509 +000.8962 -010.8257 0
L1 06    451 +012.7995 -001.8911 -003.8431 -051.9537 +005.9373 -000.0854 0
L1 07    451 +013.4746 -002.7114 -004.0573 +015.1750 -001.5681 +005.3588 0
L1 08    451 +013.8892 -003.2131 -003.9627 +117.6133 +000.5272 +000.6807 0
L1 01    455 +012.4638 -000.2732 +001.2906 +038.6927 -000.0200 +001.1411 0
L1 02    455 +004.5083 +007.3612 +001.6835 -175.5910 +001.4870 -130.2510 0
L1 03    455 +013.0287 +000.2472 -000.8912 +037.0229 +003.4137 +091.4609 0
L1 04    455 +008.7546 +008.7674 +001.7856 -038.0323 +000.0522 +000.4771 0
L1 05    455 +014.3980 +010.0430 +001.9711 -107.9535 +000.8968 -010.8274 0
L1 06    455 +012.7995 -001.8911 -003.8432 -051.9528 +005.9381 -000.0863 0
L1 07    455 +013.4746 -002.7112 -004.0573 +015.1747 -001.5682 +005.3601 0
L1 08    455 +013.8892 -003.2130 -003.9628 +117.6137 +000.5271 +000.6808 0
L1 01    459 +012.4639 -000.2731 +001.2906 +038.6928 -000.0193 +001.1411 0
L1 02    459 +004.5083 +007.3612 +001.6835 -175.5907 +001.4871 -130.2519 0
L1 03    459 +013.0287 +000.2472 -000.8912 +037.0232 +003.4137 +091.4609 0
L1 04    459 +008.7545 +008.7674 +001.7856 -038.0318 +000.0521 +000.4770 0
L1 05    459 +014.3980 +010.0430 +001.9716 -107.9530 +000.8991 -010.8265 0
L1 06    459 +012.7995 -001.8911 -003.8432 -051.9529 +005.9383 -000.0861 0
L1 07    459 +013.4746 -002.7111 -004.0574 +015.1746 -001.5668 +005.3616 0
L1 08    459 +013.8892 -003.2130 -003.9628 +117.6142 +000.5268 +000.6809 0
L1 01    463 +012.4639 -000.2732 +001.2907 +038.6912 -000.0200 +001.1408 0
L1 02    463 +004.5083 +007.3612 +001.6835 -175.5918 +001.4884 -130.2583 0
L1 03    463 +013.0287 +000.2472 -000.8912 +037.0226 +003.4134 +091.4603 0
L1 04    463 +008.7545 +008.7674 +001.7856 -038.0321 +000.0524 +000.4769 0
L1 05    463 +014.3979 +010.0430 +001.9720 -107.9539 +000.9002 -010.8239 0
L1 06    463 +012.7995 -001.8909 -003.8433 -051.9513 +005.9387 -000.0856 0
L1 07    463 +013.4746 -002.7113 -004.0574 +015.1717 -001.5668 +005.3623 0
L1 08    463 +013.8892 -003.2130 -003.9628 +117.6142 +000.5270 +000.6808 0
L1 01    467 +012.4639 -000.2732 +001.2906 +038.6903 -000.0191 +001.1410 0
L1 02    467 +004.5083 +007.3613 +001.6835 -175.5913 +001.4894 -130.2616 0
L1 03    467 +013.0287 +000.2472 -000.8912 +037.0227 +003.4136 +091.4605 0
L1 04    467 +008.7545 +008.7674 +001.7856 -038.0320 +000.0523 +000.4769 0
L1 05    467 +014.3977 +010.0432 +001.9721 -107.9524 +000.9006 -010.8225 0
L1 06    467 +012.7996 -001.8909 -003.8432 -051.9499 +005.9382 -000.0852 0
L1 07    467 +013.4745 -002.7113 -004.0574 +015.1701 -001.5654 +005.3622 0
L1 08    467 +013.8893 -003.2129 -003.9628 +117.6143 +000.5267 +000.6805 0
L1 01    471 +012.4638 -000.2732 +001.2907 +038.6893 -000.0198 +001.1409 0
L1 02    471 +004.5083 +007.3613 +001.6835 -175.5913 +001.4893 -130.2602 0
L1 03    471 +013.0287 +000.2471 -000.8912 +037.0221 +003.4137 +091.4601 0
L1 04    471 +008.7545 +008.7674 +001.7855 -038.0319 +000.0525 +000.4768 0
L1 05    471 +014.3978 +010.0431 +001.9719 -107.9522 +000.8995 -010.8235 0
L1 06    471 +012.7996 -001.8908 -003.8433 -051.9499 +005.9387 -000.0845 0
L1 07    471 +013.4746 -002.7113 -004.0573 +015.1688 -001.5661 +005.3620 0
L1 08    471 +013.8892 -003.2130 -003.9628 +117.6135 +000.5274 +000.6804 0
L1 01    475 +012.4639 -000.2731 +001.2907 +038.6884 -000.0188 +001.1404 0
L1 02    475 +004.5083 +007.3613 +001.6835 -175.5918 +001.4888 -130.2597 0
L1 03    475 +013.0287 +000.2471 -000.8911 +037.0216 +003.4137 +091.4599 0
L1 04    475 +008.7545 +008.7674 +001.7855 -038.0320 +000.0522 +000.4769 0
L1 05    475 +014.3980 +010.0428 +001.9722 -107.9546 +000.9006 -010.8238 0
L1 06    475 +012.7996 -001.8910 -003.8432 -051.9510 +005.9379 -000.0848 0
L1 07    475 +013.4746 -002.7113 -004.0574 +015.1679 -001.5648 +005.3618 0
L1 08    475 +013.8892 -003.2131 -003.9628 +117.6134 +000.5275 +000.6811 0
L1 01    479 +012.4639 -000.2732 +001.2907 +038.6867 -000.0182 +001.1410 0
L1 02    479 +004.5083 +007.3613 +001.6836 -175.5914 +001.4890 -130.2593 0
L1 03    479 +013.0287 +000.2471 -000.8912 +037.0225 +003.4144 +091.4603 0
L1 04    479 +008.7545 +008.7674 +001.7856 -038.0317 +000.0523 +000.4769 0
L1 05    479 +014.3979 +010.0430 +001.9720 -107.9527 +000.8995 -010.8240 0
L1 06    479 +012.7996 -001.8911 -003.8432 -051.9517 +005.9380 -000.0849 0
L1 07    479 +013.4746 -002.7109 -004.0575 +015.1694 -001.5644 +005.3640 0
L1 08    479 +013.8892 -003.2130 -003.9628 +117.6137 +000.5275 +000.6805 0
L1 01    483 +012.4639 -000.2731 +001.2907 +038.6863 -000.0175 +001.1402 0
L1 02    483 +004.5083 +007.3613 +001.6835 -175.5910 +001.4878 -130.2558 0
L1 03    483 +013.0287 +000.2471 -000.8912 +037.0218 +003.4144 +091.4599 0
L1 04    483 +008.7545 +008.7674 +001.7856 -038.0323 +000.0523 +000.4770 0
L1 05    483 +014.3980 +010.0428 +001.9721 -107.9547 +000.9002 -010.8232 0
L1 06    483 +012.7995 -001.8912 -003.8433 -051.9523 +005.9377 -000.0861 0
L1 07    483 +013.4745 -002.7112 -004.0575 +015.1663 -001.5635 +005.3642 0
L1 08    483 +013.8892 -003.2131 -003.9628 +117.6134 +000.5273 +000.6809 0
L1 01    487 +012.4639 -000.2732 +001.2906 +038.6843 -000.0172 +001.1407 0
L1 02    487 +004.5083 +007.3612 +001.6836 -175.5913 +001.4874 -130.2533 0
L1 03    487 +013.0287 +000.2470 -000.8912 +037.0216 +003.4147 +091.4601 0
L1 04    487 +008.7545 +008.7674 +001.7856 -038.0321 +000.0524 +000.4768 0
L1 05    487 +014.3980 +010.0427 +001.9718 -107.9542 +000.8985 -010.8235 0
L1 06    487 +012.7995 -001.8912 -003.8433 -051.9528 +005.9382 -000.0859 0
L1 07    487 +013.4746 -002.7111 -004.0573 +015.1648 -001.5649 +005.3646 0
L1 08    487 +013.8893 -003.2130 -003.9628 +117.6138 +000.5274 +000.6807 0
L1 01    491 +012.4638 -000.2732 +001.2907 +038.6836 -000.0185 +001.1403 0
L1 02    491 +004.5083 +007.3612 +001.6835 -175.5914 +001.4875 -130.2531 0
L1 03    491 +013.0287 +000.2470 -000.8912 +037.0217 +003.4146 +091.4600 0
L1 04    491 +008.7545 +008.7674 +001.7856 -038.0318 +000.0524 +000.4770 0
L1 05    491 +014.3980 +010.0429 +001.9715 -107.9529 +000.8979 -010.8251 0
L1 06    491 +012.7995 -001.8911 -003.8433 -051.9511 +005.9384 -000.0854 0
L1 07    491 +013.4746 -002.7112 -004.0572 +015.1630 -001.5649 +005.3644 0
L1 08    491 +013.8893 -003.2130 -003.9627 +117.6138 +000.5277 +000.6802 0
L1 01    495 +012.4639 -000.2732 +001.2906 +038.6829 -000.0171 +001.1413 0
L1 02    495 +004.5083 +007.3613 +001.6835 -175.5908 +001.4880 -130.2561 0
L1 03    495 +013.0287 +000.2471 -000.8912 +037.0223 +003.4146 +091.4606 0
L1 04    495 +008.7546 +008.7674 +001.7856 -038.0320 +000.0524 +000.4767 0
L1 05    495 +014.3980 +010.0430 +001.9717 -107.9520 +000.8980 -010.8242 0
L1 06    495 +012.7995 -001.8909 -003.8433 -051.9498 +005.9393 -000.0857 0
L1 07    495 +013.4745 -002.7111 -004.0574 +015.1621 -001.5632 +005.3659 0
L1 08    495 +013.8893 -003.2131 -003.9627 +117.6131 +000.5273 +000.6801 0
L1 01    499 +012.4639 -000.2731 +001.2907 +038.6828 -000.0170 +001.1406 0
L1 02    499 +004.5083 +007.3613 +001.6835 -175.5926 +001.4890 -130.2619 0
L1 03    499 +013.0287 +000.2472 -000.8912 +037.0226 +003.4146 +091.4601 0
L1 04    499 +008.7546 +008.7674 +001.7855 -038.0320 +000.0523 +000.4765 0
L1 05    499 +014.3981 +010.0427 +001.9719 -107.9543 +000.8993 -010.8233 0
L1 06    499 +012.7996 -001.8908 -003.8434 -051.9493 +005.9392 -000.0858 0
L1 07    499 +013.4745 -002.7113 -004.0574 +015.1579 -001.5625 +005.3666 0
L1 08    499 +013.8893 -003.2129 -003.9628 +117.6141 +000.5271 +000.6800 0
L1 01    503 +012.4639 -000.2731 +001.2906 +038.6821 -000.0165 +001.1404 0
L1 02    503 +004.5083 +007.3613 +001.6835 -175.5921 +001.4898 -130.2652 0
L1 03    503 +013.0287 +000.2471 -000.8912 +037.0224 +003.4143 +091.4600 0
L1 04    503 +008.7545 +008.7674 +001.7856 -038.0318 +000.0523 +000.4769 0
L1 05    503 +014.3982 +010.0426 +001.9717 -107.9550 +000.8992 -010.8248 0
L1 06    503 +012.7996 -001.8909 -003.8433 -051.9496 +005.9383 -000.0849 0
L1 07    503 +013.4746 -002.7113 -004.0573 +015.1574 -001.5643 +005.3665 0
L1 08    503 +013.8893 -003.2129 -003.9628 +117.6141 +000.5272 +000.6796 0
L1 01    507 +012.4639 -000.2732 +001.2907 +038.6802 -000.0169 +001.1405 0
L1 02    507 +004.5083 +007.3613 +001.6835 -175.5919 +001.4896 -130.2624 0
L1 03    507 +013.0287 +000.2472 -000.8912 +037.0226 +003.4141 +091.4601 0
L1 04    507 +008.7545 +008.7675 +001.7856 -038.0313 +000.0521 +000.4768 0
L1 05    507 +014.3981 +010.0427 +001.9720 -107.9538 +000.9006 -010.8242 0
L1 06    507 +012.7996 -001.8909 -003.8433 -051.9498 +005.9390 -000.0846 0
L1 07    507 +013.4745 -002.7113 -004.0574 +015.1559 -001.5637 +005.3669 0
L1 08    507 +013.8894 -003.2128 -003.9628 +117.6150 +000.5267 +000.6796 0
