L1 01      4 +016.0464 +000.1781 +001.3496 -087.0365 +001.8149 +001.9056 0
L1 02      4 +005.0145 +007.0849 +001.6788 -175.9607 +002.9329 -129.3825 0
L1 03      4 +016.1425 -000.4905 -000.8384 -091.5170 +005.2770 +092.1906 0
L1 04      4 +008.6837 +008.0128 +001.7784 -029.3189 -000.4463 +000.4028 0
L1 05      4 +014.3719 +010.1038 +001.9965 -109.6377 +000.8312 -003.6410 0
L1 06      4 +014.6618 +001.1685 -003.7327 -178.8755 +006.4662 -002.7779 0
L1 07      4 +013.3713 +001.1573 -002.9645 -087.7787 +016.0958 -071.6269 0
L1 08      4 +013.4897 +000.9581 -001.7762 +178.6550 +058.7872 +176.4751 0
L1 01      8 +016.0464 +000.1783 +001.3496 -087.0373 +001.8162 +001.9051 0
L1 02      8 +005.0145 +007.0849 +001.6788 -175.9607 +002.9331 -129.3829 0
L1 03      8 +016.1425 -000.4909 -000.8383 -091.5196 +005.2775 +092.1907 0
L1 04      8 +008.6837 +008.0127 +001.7784 -029.3194 -000.4461 +000.4028 0
L1 05      8 +014.3721 +010.1033 +001.9966 -109.6404 +000.8318 -003.6413 0
L1 06      8 +014.6618 +001.1686 -003.7328 -178.8747 +006.4660 -002.7783 0
L1 07      8 +013.3713 +001.1574 -002.9645 -087.7783 +016.0966 -071.6268 0
L1 08      8 +013.4897 +000.9582 -001.7762 +178.6553 +058.7875 +176.4752 0
L1 01     12 +016.0464 +000.1780 +001.3497 -087.0389 +001.8161 +001.9055 0
L1 02     12 +005.0145 +007.0849 +001.6788 -175.9608 +002.9330 -129.3827 0
L1 03     12 +016.1425 -000.4908 -000.8384 -091.5192 +005.2776 +092.1905 0
L1 04     12 +008.6836 +008.0128 +001.7784 -029.3189 -000.4463 +000.4028 0
L1 05     12 +014.3724 +010.1030 +001.9967 -109.6429 +000.8327 -003.6408 0
L1 06     12 +014.6617 +001.1691 -003.7327 -178.8717 +006.4659 -002.7790 0
L1 07     12 +013.3713 +001.1573 -002.9646 -087.7787 +016.0963 -071.6278 0
L1 08     12 +013.4897 +000.9582 -001.7761 +178.6552 +058.7878 +176.4753 0
L1 01     16 +016.0464 +000.1781 +001.3495 -087.0396 +001.8157 +001.9042 0
L1 02     16 +005.0144 +007.0849 +001.6788 -175.9606 +002.9331 -129.3828 0
L1 03     16 +016.1425 -000.4906 -000.8384 -091.5178 +005.2777 +092.1903 0
L1 04     16 +008.6836 +008.0129 +001.7784 -029.3179 -000.4467 +000.4026 0
L1 05     16 +014.3724 +010.1030 +001.9971 -109.6424 +000.8328 -003.6385 0
L1 06     16 +014.6617 +001.1692 -003.7328 -178.8700 +006.4653 -002.7794 0
L1 07     16 +013.3712 +001.1573 -002.9646 -087.7781 +016.0968 -071.6282 0
L1 08     16 +013.4897 +000.9582 -001.7761 +178.6553 +058.7881 +176.4749 0
L1 01     20 +016.0464 +000.1780 +001.3495 -087.0419 +001.8166 +001.9044 0
L1 02     20 +005.0145 +007.0849 +001.6788 -175.9609 +002.9330 -129.3828 0
L1 03     20 +016.1425 -000.4908 -000.8385 -091.5198 +005.2775 +092.1902 0
L1 04     20 +008.6837 +008.0127 +001.7783 -029.3196 -000.4462 +000.4025 0
L1 05     20 +014.3726 +010.1026 +001.9969 -109.6448 +000.8316 -003.6398 0
L1 06     20 +014.6617 +001.1687 -003.7327 -178.8741 +006.4667 -002.7779 0
L1 07     20 +013.3713 +001.1571 -002.9647 -087.7799 +016.0963 -071.6283 0
L1 08     20 +013.4897 +000.9581 -001.7762 +178.6549 +058.7881 +176.4756 0
L1 01     24 +016.0464 +000.1780 +001.3496 -087.0434 +001.8164 +001.9050 0
L1 02     24 +005.0145 +007.0849 +001.6788 -175.9608 +002.9331 -129.3829 0
L1 03     24 +016.1425 -000.4910 -000.8385 -091.5211 +005.2772 +092.1897 0
L1 04     24 +008.6837 +008.0127 +001.7784 -029.3199 -000.4462 +000.4026 0
L1 05     24 +014.3728 +010.1025 +001.9965 -109.6459 +000.8313 -003.6420 0
L1 06     24 +014.6617 +001.1688 -003.7327 -178.8738 +006.4661 -002.7788 0
L1 07     24 +013.3713 +001.1572 -002.9646 -087.7792 +016.0970 -071.6281 0
L1 08     24 +013.4897 +000.9581 -001.7761 +178.6548 +058.7884 +176.4755 0
L1 01     28 +016.0464 +000.1783 +001.3492 -087.0419 +001.8172 +001.9031 0
L1 02     28 +005.0144 +007.0850 +001.6788 -175.9601 +002.9333 -129.3826 0
L1 03     28 +016.1425 -000.4910 -000.8384 -091.5201 +005.2783 +092.1905 0
L1 04     28 +008.6837 +008.0128 +001.7784 -029.3191 -000.4460 +000.4025 0
L1 05     28 +014.3724 +010.1031 +001.9964 -109.6416 +000.8302 -003.6413 0
L1 06     28 +014.6617 +001.1689 -003.7328 -178.8720 +006.4655 -002.7782 0
L1 07     28 +013.3712 +001.1572 -002.9646 -087.7788 +016.0981 -071.6284 0
L1 08     28 +013.4896 +000.9584 -001.7762 +178.6559 +058.7876 +176.4745 0
L1 01     32 +016.0465 +000.1781 +001.3494 -087.0440 +001.8163 +001.9046 0
L1 02     32 +005.0144 +007.0850 +001.6788 -175.9602 +002.9329 -129.3825 0
L1 03     32 +016.1425 -000.4907 -000.8383 -091.5189 +005.2777 +092.1906 0
L1 04     32 +008.6837 +008.0127 +001.7784 -029.3194 -000.4462 +000.4027 0
L1 05     32 +014.3723 +010.1032 +001.9967 -109.6415 +000.8320 -003.6410 0
L1 06     32 +014.6617 +001.1690 -003.7326 -178.8720 +006.4667 -002.7788 0
L1 07     32 +013.3713 +001.1572 -002.9644 -087.7783 +016.0979 -071.6274 0
L1 08     32 +013.4897 +000.9582 -001.7762 +178.6549 +058.7875 +176.4752 0
L1 01     36 +016.0465 +000.1781 +001.3496 -087.0450 +001.8159 +001.9059 0
L1 02     36 +005.0144 +007.0850 +001.6788 -175.9602 +002.9330 -129.3826 0
L1 03     36 +016.1424 -000.4908 -000.8384 -091.5193 +005.2772 +092.1905 0
L1 04     36 +008.6836 +008.0128 +001.7784 -029.3190 -000.4463 +000.4028 0
L1 05     36 +014.3725 +010.1028 +001.9966 -109.6440 +000.8332 -003.6428 0
L1 06     36 +014.6618 +001.1688 -003.7324 -178.8735 +006.4676 -002.7781 0
L1 07     36 +013.3713 +001.1572 -002.9645 -087.7788 +016.0981 -071.6276 0
L1 08     36 +013.4897 +000.9581 -001.7761 +178.6547 +058.7881 +176.4753 0
L1 01     40 +016.0464 +000.1781 +001.3497 -087.0454 +001.8162 +001.9063 0
L1 02     40 +005.0144 +007.0850 +001.6788 -175.9601 +002.9331 -129.3825 0
L1 03     40 +016.1424 -000.4908 -000.8384 -091.5191 +005.2776 +092.1902 0
L1 04     40 +008.6837 +008.0128 +001.7784 -029.3190 -000.4463 +000.4026 0
L1 05     40 +014.3726 +010.1028 +001.9969 -109.6436 +000.8342 -003.6424 0
L1 06     40 +014.6618 +001.1688 -003.7326 -178.8733 +006.4668 -002.7791 0
L1 07     40 +013.3713 +001.1572 -002.9645 -087.7784 +016.0987 -071.6277 0
L1 08     40 +013.4897 +000.9582 -001.7762 +178.6553 +058.7879 +176.4749 0
L1 01     44 +016.0465 +000.1780 +001.3496 -087.0467 +001.8158 +001.9059 0
L1 02     44 +005.0144 +007.0849 +001.6788 -175.9605 +002.9330 -129.3827 0
L1 03     44 +016.1425 -000.4907 -000.8383 -091.5181 +005.2779 +092.1913 0
L1 04     44 +008.6837 +008.0128 +001.7784 -029.3191 -000.4464 +000.4028 0
L1 05     44 +014.3723 +010.1033 +001.9968 -109.6409 +000.8330 -003.6415 0
L1 06     44 +014.6618 +001.1690 -003.7327 -178.8723 +006.4663 -002.7789 0
L1 07     44 +013.3713 +001.1572 -002.9646 -087.7779 +016.0984 -071.6285 0
L1 08     44 +013.4897 +000.9582 -001.7762 +178.6552 +058.7878 +176.4750 0
L1 01     48 +016.0464 +000.1782 +001.3496 -087.0472 +001.8157 +001.9058 0
L1 02     48 +005.0144 +007.0849 +001.6788 -175.9604 +002.9330 -129.3827 0
L1 03     48 +016.1425 -000.4907 -000.8384 -091.5188 +005.2783 +092.1908 0
L1 04     48 +008.6837 +008.0128 +001.7784 -029.3192 -000.4461 +000.4028 0
L1 05     48 +014.3728 +010.1025 +001.9970 -109.6463 +000.8343 -003.6414 0
L1 06     48 +014.6616 +001.1687 -003.7330 -178.8737 +006.4639 -002.7786 0
L1 07     48 +013.3713 +001.1573 -002.9644 -087.7777 +016.0991 -071.6281 0
L1 08     48 +013.4896 +000.9582 -001.7762 +178.6550 +058.7876 +176.4749 0
L1 01     52 +016.0464 +000.1783 +001.3496 -087.0471 +001.8159 +001.9060 0
L1 02     52 +005.0144 +007.0849 +001.6788 -175.9604 +002.9332 -129.3828 0
L1 03     52 +016.1425 -000.4906 -000.8384 -091.5176 +005.2784 +092.1908 0
L1 04     52 +008.6836 +008.0128 +001.7784 -029.3187 -000.4462 +000.4027 0
L1 05     52 +014.3723 +010.1033 +001.9969 -109.6419 +000.8328 -003.6416 0
L1 06     52 +014.6616 +001.1689 -003.7331 -178.8725 +006.4638 -002.7783 0
L1 07     52 +013.3713 +001.1573 -002.9644 -087.7766 +016.0996 -071.6279 0
L1 08     52 +013.4897 +000.9582 -001.7762 +178.6551 +058.7880 +176.4745 0
L1 01     56 +016.0465 +000.1785 +001.3499 -087.0469 +001.8164 +001.9079 0
L1 02     56 +005.0144 +007.0849 +001.6788 -175.9606 +002.9332 -129.3827 0
L1 03     56 +016.1425 -000.4908 -000.8384 -091.5191 +005.2787 +092.1908 0
L1 04     56 +008.6836 +008.0128 +001.7784 -029.3190 -000.4462 +000.4025 0
L1 05     56 +014.3723 +010.1032 +001.9969 -109.6418 +000.8329 -003.6415 0
L1 06     56 +014.6617 +001.1686 -003.7328 -178.8746 +006.4657 -002.7787 0
L1 07     56 +013.3713 +001.1574 -002.9645 -087.7758 +016.0998 -071.6286 0
L1 08     56 +013.4897 +000.9583 -001.7761 +178.6553 +058.7887 +176.4743 0
L1 01     60 +016.0465 +000.1781 +001.3499 -087.0498 +001.8165 +001.9081 0
L1 02     60 +005.0144 +007.0849 +001.6788 -175.9604 +002.9331 -129.3825 0
L1 03     60 +016.1425 -000.4908 -000.8382 -091.5196 +005.2787 +092.1918 0
L1 04     60 +008.6837 +008.0128 +001.7784 -029.3195 -000.4464 +000.4028 0
L1 05     60 +014.3720 +010.1034 +001.9968 -109.6405 +000.8324 -003.6421 0
L1 06     60 +014.6618 +001.1686 -003.7327 -178.8749 +006.4664 -002.7790 0
L1 07     60 +013.3712 +001.1574 -002.9645 -087.7761 +016.1002 -071.6289 0
L1 08     60 +013.4897 +000.9582 -001.7762 +178.6550 +058.7883 +176.4751 0
L1 01     64 +016.0465 +000.1782 +001.3497 -087.0511 +001.8167 +001.9063 0
L1 02     64 +005.0144 +007.0849 +001.6788 -175.9604 +002.9329 -129.3825 0
L1 03     64 +016.1425 -000.4909 -000.8383 -091.5203 +005.2788 +092.1914 0
L1 04     64 +008.6837 +008.0127 +001.7784 -029.3195 -000.4464 +000.4027 0
L1 05     64 +014.3722 +010.1033 +001.9967 -109.6414 +000.8309 -003.6415 0
L1 06     64 +014.6617 +001.1684 -003.7328 -178.8760 +006.4650 -002.7778 0
L1 07     64 +013.3713 +001.1572 -002.9645 -087.7772 +016.1008 -071.6285 0
L1 08     64 +013.4897 +000.9582 -001.7762 +178.6548 +058.7881 +176.4751 0
L1 01     68 +016.0465 +000.1782 +001.3497 -087.0521 +001.8165 +001.9072 0
L1 02     68 +005.0145 +007.0849 +001.6788 -175.9606 +002.9331 -129.3824 0
L1 03     68 +016.1425 -000.4909 -000.8382 -091.5204 +005.2788 +092.1917 0
L1 04     68 +008.6837 +008.0127 +001.7784 -029.3200 -000.4462 +000.4027 0
L1 05     68 +014.3723 +010.1031 +001.9967 -109.6427 +000.8317 -003.6429 0
L1 06     68 +014.6618 +001.1684 -003.7327 -178.8757 +006.4666 -002.7778 0
L1 07     68 +013.3713 +001.1573 -002.9645 -087.7767 +016.1003 -071.6291 0
L1 08     68 +013.4897 +000.9582 -001.7762 +178.6552 +058.7875 +176.4754 0
L1 01     72 +016.0464 +000.1780 +001.3497 -087.0554 +001.8161 +001.9069 0
L1 02     72 +005.0145 +007.0849 +001.6788 -175.9608 +002.9331 -129.3825 0
L1 03     72 +016.1425 -000.4909 -000.8384 -091.5208 +005.2785 +092.1906 0
L1 04     72 +008.6837 +008.0127 +001.7784 -029.3200 -000.4461 +000.4025 0
L1 05     72 +014.3725 +010.1029 +001.9964 -109.6445 +000.8305 -003.6446 0
L1 06     72 +014.6617 +001.1684 -003.7328 -178.8758 +006.4659 -002.7770 0
L1 07     72 +013.3712 +001.1573 -002.9646 -087.7776 +016.1008 -071.6303 0
L1 08     72 +013.4897 +000.9581 -001.7762 +178.6545 +058.7881 +176.4754 0
L1 01     76 +016.0465 +000.1782 +001.3496 -087.0543 +001.8171 +001.9063 0
L1 02     76 +005.0145 +007.0849 +001.6788 -175.9606 +002.9331 -129.3826 0
L1 03     76 +016.1425 -000.4911 -000.8384 -091.5216 +005.2789 +092.1907 0
L1 04     76 +008.6836 +008.0128 +001.7784 -029.3194 -000.4462 +000.4027 0
L1 05     76 +014.3725 +010.1028 +001.9967 -109.6451 +000.8317 -003.6440 0
L1 06     76 +014.6618 +001.1687 -003.7327 -178.8747 +006.4664 -002.7784 0
L1 07     76 +013.3713 +001.1575 -002.9646 -087.7758 +016.1015 -071.6293 0
L1 08     76 +013.4897 +000.9582 -001.7761 +178.6551 +058.7889 +176.4756 0
L1 01     80 +016.0464 +000.1780 +001.3494 -087.0570 +001.8174 +001.9037 0
L1 02     80 +005.0145 +007.0849 +001.6788 -175.9607 +002.9333 -129.3828 0
L1 03     80 +016.1425 -000.4910 -000.8385 -091.5212 +005.2787 +092.1898 0
L1 04     80 +008.6837 +008.0128 +001.7784 -029.3195 -000.4465 +000.4026 0
L1 05     80 +014.3725 +010.1029 +001.9966 -109.6441 +000.8311 -003.6447 0
L1 06     80 +014.6618 +001.1688 -003.7328 -178.8721 +006.4649 -002.7784 0
L1 07     80 +013.3713 +001.1573 -002.9646 -087.7765 +016.1022 -071.6294 0
L1 08     80 +013.4897 +000.9582 -001.7761 +178.6560 +058.7892 +176.4756 0
L1 01     84 +016.0464 +000.1780 +001.3495 -087.0580 +001.8173 +001.9047 0
L1 02     84 +005.0145 +007.0849 +001.6788 -175.9612 +002.9334 -129.3831 0
L1 03     84 +016.1425 -000.4911 -000.8388 -091.5222 +005.2792 +092.1887 0
L1 04     84 +008.6837 +008.0127 +001.7784 -029.3199 -000.4464 +000.4026 0
L1 05     84 +014.3726 +010.1028 +001.9970 -109.6450 +000.8326 -003.6428 0
L1 06     84 +014.6618 +001.1687 -003.7326 -178.8733 +006.4671 -002.7788 0
L1 07     84 +013.3713 +001.1572 -002.9645 -087.7769 +016.1029 -071.6281 0
L1 08     84 +013.4897 +000.9582 -001.7761 +178.6555 +058.7895 +176.4757 0
L1 01     88 +016.0464 +000.1782 +001.3496 -087.0570 +001.8171 +001.9058 0
L1 02     88 +005.0144 +007.0849 +001.6788 -175.9607 +002.9332 -129.3828 0
L1 03     88 +016.1425 -000.4908 -000.8383 -091.5198 +005.2793 +092.1910 0
L1 04     88 +008.6837 +008.0128 +001.7784 -029.3191 -000.4465 +000.4026 0
L1 05     88 +014.3725 +010.1029 +001.9967 -109.6441 +000.8323 -003.6441 0
L1 06     88 +014.6618 +001.1687 -003.7329 -178.8732 +006.4655 -002.7782 0
L1 07     88 +013.3713 +001.1570 -002.9645 -087.7778 +016.1021 -071.6287 0
L1 08     88 +013.4897 +000.9582 -001.7762 +178.6557 +058.7892 +176.4753 0
L1 01     92 +016.0464 +000.1780 +001.3495 -087.0596 +001.8171 +001.9057 0
L1 02     92 +005.0145 +007.0849 +001.6788 -175.9607 +002.9330 -129.3827 0
L1 03     92 +016.1425 -000.4908 -000.8383 -091.5202 +005.2793 +092.1907 0
L1 04     92 +008.6837 +008.0127 +001.7784 -029.3199 -000.4462 +000.4028 0
L1 05     92 +014.3727 +010.1026 +001.9967 -109.6468 +000.8322 -003.6441 0
L1 06     92 +014.6617 +001.1687 -003.7328 -178.8730 +006.4656 -002.7770 0
L1 07     92 +013.3712 +001.1571 -002.9646 -087.7776 +016.1027 -071.6300 0
L1 08     92 +013.4897 +000.9582 -001.7762 +178.6552 +058.7886 +176.4751 0
L1 01     96 +016.0464 +000.1783 +001.3496 -087.0581 +001.8166 +001.9056 0
L1 02     96 +005.0144 +007.0850 +001.6788 -175.9602 +002.9330 -129.3826 0
L1 03     96 +016.1425 -000.4908 -000.8385 -091.5191 +005.2796 +092.1898 0
L1 04     96 +008.6836 +008.0128 +001.7784 -029.3190 -000.4465 +000.4027 0
L1 05     96 +014.3727 +010.1027 +001.9966 -109.6461 +000.8315 -003.6448 0
L1 06     96 +014.6618 +001.1685 -003.7328 -178.8738 +006.4658 -002.7777 0
L1 07     96 +013.3713 +001.1572 -002.9645 -087.7760 +016.1030 -071.6291 0
L1 08     96 +013.4897 +000.9582 -001.7761 +178.6558 +058.7891 +176.4752 0
L1 01    100 +016.0464 +000.1783 +001.3494 -087.0588 +001.8168 +001.9045 0
L1 02    100 +005.0144 +007.0850 +001.6788 -175.9600 +002.9332 -129.3826 0
L1 03    100 +016.1425 -000.4909 -000.8384 -091.5196 +005.2796 +092.1901 0
L1 04    100 +008.6837 +008.0128 +001.7784 -029.3189 -000.4463 +000.4025 0
L1 05    100 +014.3731 +010.1023 +001.9960 -109.6468 +000.8302 -003.6461 0
L1 06    100 +014.6618 +001.1687 -003.7326 -178.8732 +006.4664 -002.7787 0
L1 07    100 +013.3712 +001.1575 -002.9646 -087.7750 +016.1041 -071.6297 0
L1 08    100 +013.4897 +000.9582 -001.7761 +178.6560 +058.7895 +176.4752 0
L1 01    104 +016.0464 +000.1779 +001.3496 -087.0638 +001.8159 +001.9068 0
L1 02    104 +005.0145 +007.0849 +001.6788 -175.9609 +002.9327 -129.3824 0
L1 03    104 +016.1425 -000.4906 -000.8383 -091.5192 +005.2792 +092.1912 0
L1 04    104 +008.6837 +008.0127 +001.7784 -029.3195 -000.4461 +000.4027 0
L1 05    104 +014.3728 +010.1024 +001.9962 -109.6470 +000.8305 -003.6455 0
L1 06    104 +014.6619 +001.1687 -003.7326 -178.8740 +006.4675 -002.7783 0
L1 07    104 +013.3713 +001.1574 -002.9645 -087.7752 +016.1043 -071.6292 0
L1 08    104 +013.4897 +000.9580 -001.7761 +178.6542 +058.7893 +176.4755 0
L1 01    108 +016.0464 +000.1781 +001.3496 -087.0614 +001.8163 +001.9066 0
L1 02    108 +005.0144 +007.0850 +001.6788 -175.9602 +002.9331 -129.3827 0
L1 03    108 +016.1425 -000.4906 -000.8384 -091.5181 +005.2795 +092.1905 0
L1 04    108 +008.6836 +008.0128 +001.7784 -029.3188 -000.4463 +000.4026 0
L1 05    108 +014.3724 +010.1033 +001.9961 -109.6411 +000.8291 -003.6476 0
L1 06    108 +014.6618 +001.1688 -003.7328 -178.8726 +006.4659 -002.7790 0
L1 07    108 +013.3713 +001.1574 -002.9645 -087.7745 +016.1039 -071.6296 0
L1 08    108 +013.4897 +000.9582 -001.7761 +178.6557 +058.7895 +176.4748 0
L1 01    112 +016.0465 +000.1783 +001.3496 -087.0624 +001.8174 +001.9065 0
L1 02    112 +005.0145 +007.0849 +001.6788 -175.9609 +002.9332 -129.3828 0
L1 03    112 +016.1425 -000.4910 -000.8385 -091.5207 +005.2798 +092.1897 0
L1 04    112 +008.6837 +008.0127 +001.7784 -029.3196 -000.4462 +000.4025 0
L1 05    112 +014.3720 +010.1036 +001.9965 -109.6390 +000.8306 -003.6461 0
L1 06    112 +014.6617 +001.1692 -003.7325 -178.8709 +006.4669 -002.7798 0
L1 07    112 +013.3713 +001.1573 -002.9645 -087.7754 +016.1049 -071.6303 0
L1 08    112 +013.4897 +000.9582 -001.7761 +178.6553 +058.7894 +176.4753 0
L1 01    116 +016.0465 +000.1784 +001.3498 -087.0617 +001.8171 +001.9074 0
L1 02    116 +005.0144 +007.0850 +001.6788 -175.9602 +002.9332 -129.3828 0
L1 03    116 +016.1425 -000.4907 -000.8385 -091.5185 +005.2797 +092.1900 0
L1 04    116 +008.6836 +008.0129 +001.7784 -029.3185 -000.4466 +000.4026 0
L1 05    116 +014.3722 +010.1035 +001.9961 -109.6386 +000.8297 -003.6495 0
L1 06    116 +014.6618 +001.1686 -003.7326 -178.8735 +006.4671 -002.7787 0
L1 07    116 +013.3713 +001.1573 -002.9645 -087.7745 +016.1054 -071.6292 0
L1 08    116 +013.4897 +000.9583 -001.7761 +178.6564 +058.7893 +176.4748 0
L1 01    120 +016.0465 +000.1779 +001.3497 -087.0679 +001.8173 +001.9070 0
L1 02    120 +005.0145 +007.0849 +001.6788 -175.9610 +002.9329 -129.3829 0
L1 03    120 +016.1425 -000.4908 -000.8385 -091.5204 +005.2796 +092.1897 0
L1 04    120 +008.6837 +008.0127 +001.7784 -029.3197 -000.4464 +000.4027 0
L1 05    120 +014.3722 +010.1032 +001.9967 -109.6412 +000.8330 -003.6468 0
L1 06    120 +014.6618 +001.1685 -003.7328 -178.8748 +006.4663 -002.7778 0
L1 07    120 +013.3713 +001.1571 -002.9645 -087.7761 +016.1054 -071.6299 0
L1 08    120 +013.4897 +000.9581 -001.7761 +178.6551 +058.7898 +176.4756 0
L1 01    124 +016.0464 +000.1783 +001.3496 -087.0643 +001.8179 +001.9058 0
L1 02    124 +005.0145 +007.0849 +001.6788 -175.9607 +002.9331 -129.3829 0
L1 03    124 +016.1425 -000.4908 -000.8385 -091.5191 +005.2798 +092.1898 0
L1 04    124 +008.6837 +008.0128 +001.7784 -029.3190 -000.4465 +000.4024 0
L1 05    124 +014.3721 +010.1035 +001.9964 -109.6386 +000.8306 -003.6472 0
L1 06    124 +014.6618 +001.1687 -003.7326 -178.8727 +006.4666 -002.7788 0
L1 07    124 +013.3713 +001.1571 -002.9645 -087.7756 +016.1059 -071.6300 0
L1 08    124 +013.4897 +000.9583 -001.7761 +178.6563 +058.7899 +176.4750 0
L1 01    128 +016.0465 +000.1779 +001.3496 -087.0692 +001.8170 +001.9071 0
L1 02    128 +005.0145 +007.0849 +001.6788 -175.9612 +002.9330 -129.3829 0
L1 03    128 +016.1425 -000.4908 -000.8385 -091.5203 +005.2798 +092.1904 0
L1 04    128 +008.6838 +008.0127 +001.7784 -029.3202 -000.4461 +000.4030 0
L1 05    128 +014.3722 +010.1032 +001.9966 -109.6412 +000.8314 -003.6474 0
L1 06    128 +014.6618 +001.1685 -003.7328 -178.8746 +006.4660 -002.7771 0
L1 07    128 +013.3713 +001.1570 -002.9646 -087.7763 +016.1054 -071.6302 0
L1 08    128 +013.4897 +000.9581 -001.7761 +178.6548 +058.7899 +176.4753 0
L1 01    132 +016.0464 +000.1783 +001.3494 -087.0665 +001.8166 +001.9047 0
L1 02    132 +005.0144 +007.0849 +001.6788 -175.9607 +002.9332 -129.3829 0
L1 03    132 +016.1425 -000.4907 -000.8385 -091.5183 +005.2800 +092.1896 0
L1 04    132 +008.6837 +008.0128 +001.7784 -029.3187 -000.4465 +000.4026 0
L1 05    132 +014.3717 +010.1040 +001.9966 -109.6357 +000.8303 -003.6471 0
L1 06    132 +014.6617 +001.1689 -003.7330 -178.8712 +006.4644 -002.7780 0
L1 07    132 +013.3712 +001.1573 -002.9647 -087.7745 +016.1066 -071.6317 0
L1 08    132 +013.4897 +000.9582 -001.7762 +178.6556 +058.7893 +176.4748 0
L1 01    136 +016.0465 +000.1779 +001.3495 -087.0706 +001.8166 +001.9061 0
L1 02    136 +005.0145 +007.0849 +001.6788 -175.9610 +002.9330 -129.3827 0
L1 03    136 +016.1425 -000.4907 -000.8384 -091.5196 +005.2795 +092.1903 0
L1 04    136 +008.6837 +008.0128 +001.7784 -029.3194 -000.4463 +000.4028 0
L1 05    136 +014.3721 +010.1033 +001.9968 -109.6411 +000.8323 -003.6484 0
L1 06    136 +014.6618 +001.1687 -003.7329 -178.8727 +006.4659 -002.7773 0
L1 07    136 +013.3713 +001.1571 -002.9646 -087.7758 +016.1065 -071.6309 0
L1 08    136 +013.4897 +000.9581 -001.7761 +178.6550 +058.7896 +176.4757 0
L1 01    140 +016.0464 +000.1783 +001.3494 -087.0689 +001.8181 +001.9051 0
L1 02    140 +005.0144 +007.0849 +001.6788 -175.9606 +002.9332 -129.3829 0
L1 03    140 +016.1425 -000.4910 -000.8384 -091.5205 +005.2804 +092.1902 0
L1 04    140 +008.6837 +008.0128 +001.7783 -029.3196 -000.4462 +000.4024 0
L1 05    140 +014.3718 +010.1038 +001.9961 -109.6365 +000.8288 -003.6486 0
L1 06    140 +014.6618 +001.1689 -003.7328 -178.8712 +006.4657 -002.7768 0
L1 07    140 +013.3713 +001.1573 -002.9645 -087.7736 +016.1085 -071.6304 0
L1 08    140 +013.4897 +000.9582 -001.7762 +178.6564 +058.7898 +176.4757 0
L1 01    144 +016.0465 +000.1781 +001.3495 -087.0707 +001.8172 +001.9066 0
L1 02    144 +005.0145 +007.0849 +001.6788 -175.9608 +002.9330 -129.3827 0
L1 03    144 +016.1425 -000.4907 -000.8384 -091.5192 +005.2805 +092.1910 0
L1 04    144 +008.6837 +008.0127 +001.7784 -029.3199 -000.4463 +000.4027 0
L1 05    144 +014.3722 +010.1034 +001.9963 -109.6403 +000.8293 -003.6475 0
L1 06    144 +014.6618 +001.1688 -003.7329 -178.8719 +006.4660 -002.7774 0
L1 07    144 +013.3714 +001.1572 -002.9645 -087.7746 +016.1079 -071.6295 0
L1 08    144 +013.4897 +000.9581 -001.7762 +178.6553 +058.7900 +176.4758 0
L1 01    148 +016.0464 +000.1781 +001.3494 -087.0712 +001.8171 +001.9053 0
L1 02    148 +005.0144 +007.0850 +001.6788 -175.9602 +002.9331 -129.3825 0
L1 03    148 +016.1425 -000.4907 -000.8385 -091.5188 +005.2806 +092.1901 0
L1 04    148 +008.6837 +008.0128 +001.7784 -029.3192 -000.4464 +000.4025 0
L1 05    148 +014.3723 +010.1033 +001.9966 -109.6405 +000.8307 -003.6478 0
L1 06    148 +014.6617 +001.1689 -003.7329 -178.8709 +006.4654 -002.7780 0
L1 07    148 +013.3713 +001.1574 -002.9644 -087.7720 +016.1088 -071.6296 0
L1 08    148 +013.4897 +000.9582 -001.7761 +178.6564 +058.7902 +176.4754 0
L1 01    152 +016.0465 +000.1782 +001.3493 -087.0723 +001.8172 +001.9051 0
L1 02    152 +005.0144 +007.0850 +001.6788 -175.9604 +002.9331 -129.3827 0
L1 03    152 +016.1425 -000.4908 -000.8384 -091.5193 +005.2813 +092.1902 0
L1 04    152 +008.6837 +008.0128 +001.7784 -029.3194 -000.4465 +000.4027 0
L1 05    152 +014.3721 +010.1035 +001.9967 -109.6395 +000.8315 -003.6467 0
L1 06    152 +014.6618 +001.1689 -003.7328 -178.8712 +006.4659 -002.7781 0
L1 07    152 +013.3713 +001.1573 -002.9645 -087.7735 +016.1081 -071.6304 0
L1 08    152 +013.4897 +000.9582 -001.7762 +178.6563 +058.7897 +176.4756 0
L1 01    156 +016.0465 +000.1782 +001.3494 -087.0733 +001.8184 +001.9057 0
L1 02    156 +005.0145 +007.0849 +001.6788 -175.9607 +002.9331 -129.3827 0
L1 03    156 +016.1425 -000.4910 -000.8383 -091.5212 +005.2813 +092.1910 0
L1 04    156 +008.6837 +008.0128 +001.7784 -029.3192 -000.4464 +000.4027 0
L1 05    156 +014.3723 +010.1031 +001.9965 -109.6429 +000.8313 -003.6490 0
L1 06    156 +014.6618 +001.1688 -003.7327 -178.8719 +006.4659 -002.7782 0
L1 07    156 +013.3712 +001.1573 -002.9644 -087.7727 +016.1086 -071.6304 0
L1 08    156 +013.4897 +000.9582 -001.7762 +178.6564 +058.7897 +176.4758 0
L1 01    160 +016.0465 +000.1781 +001.3495 -087.0755 +001.8181 +001.9071 0
L1 02    160 +005.0145 +007.0849 +001.6788 -175.9611 +002.9330 -129.3827 0
L1 03    160 +016.1425 -000.4912 -000.8384 -091.5225 +005.2805 +092.1907 0
L1 04    160 +008.6837 +008.0127 +001.7784 -029.3203 -000.4462 +000.4030 0
L1 05    160 +014.3721 +010.1033 +001.9965 -109.6414 +000.8298 -003.6482 0
L1 06    160 +014.6618 +001.1686 -003.7328 -178.8730 +006.4658 -002.7782 0
L1 07    160 +013.3713 +001.1574 -002.9645 -087.7725 +016.1093 -071.6311 0
L1 08    160 +013.4897 +000.9581 -001.7762 +178.6559 +058.7895 +176.4760 0
L1 01    164 +016.0464 +000.1781 +001.3495 -087.0760 +001.8175 +001.9062 0
L1 02    164 +005.0145 +007.0849 +001.6788 -175.9611 +002.9328 -129.3826 0
L1 03    164 +016.1425 -000.4908 -000.8383 -091.5196 +005.2806 +092.1911 0
L1 04    164 +008.6837 +008.0127 +001.7784 -029.3201 -000.4464 +000.4028 0
L1 05    164 +014.3720 +010.1033 +001.9973 -109.6406 +000.8340 -003.6461 0
L1 06    164 +014.6617 +001.1685 -003.7328 -178.8743 +006.4655 -002.7785 0
L1 07    164 +013.3713 +001.1574 -002.9645 -087.7725 +016.1093 -071.6311 0
L1 08    164 +013.4897 +000.9581 -001.7762 +178.6558 +058.7897 +176.4758 0
L1 01    168 +016.0465 +000.1784 +001.3494 -087.0742 +001.8171 +001.9061 0
L1 02    168 +005.0145 +007.0849 +001.6788 -175.9609 +002.9329 -129.3826 0
L1 03    168 +016.1425 -000.4907 -000.8382 -091.5178 +005.2812 +092.1918 0
L1 04    168 +008.6836 +008.0129 +001.7784 -029.3185 -000.4466 +000.4029 0
L1 05    168 +014.3720 +010.1036 +001.9971 -109.6383 +000.8331 -003.6478 0
L1 06    168 +014.6617 +001.1687 -003.7328 -178.8727 +006.4658 -002.7787 0
L1 07    168 +013.3712 +001.1576 -002.9646 -087.7705 +016.1099 -071.6312 0
L1 08    168 +013.4897 +000.9582 -001.7761 +178.6567 +058.7901 +176.4752 0
L1 01    172 +016.0464 +000.1781 +001.3495 -087.0769 +001.8169 +001.9068 0
L1 02    172 +005.0145 +007.0849 +001.6788 -175.9611 +002.9329 -129.3825 0
L1 03    172 +016.1425 -000.4906 -000.8383 -091.5178 +005.2810 +092.1910 0
L1 04    172 +008.6837 +008.0128 +001.7784 -029.3194 -000.4465 +000.4028 0
L1 05    172 +014.3723 +010.1030 +001.9969 -109.6425 +000.8318 -003.6467 0
L1 06    172 +014.6618 +001.1688 -003.7326 -178.8726 +006.4670 -002.7786 0
L1 07    172 +013.3712 +001.1576 -002.9644 -087.7703 +016.1098 -071.6305 0
L1 08    172 +013.4897 +000.9581 -001.7761 +178.6561 +058.7901 +176.4756 0
L1 01    176 +016.0465 +000.1782 +001.3498 -087.0769 +001.8172 +001.9091 0
L1 02    176 +005.0145 +007.0849 +001.6788 -175.9611 +002.9330 -129.3824 0
L1 03    176 +016.1425 -000.4909 -000.8383 -091.5194 +005.2811 +092.1917 0
L1 04    176 +008.6837 +008.0128 +001.7783 -029.3191 -000.4465 +000.4024 0
L1 05    176 +014.3723 +010.1031 +001.9964 -109.6430 +000.8298 -003.6494 0
L1 06    176 +014.6618 +001.1686 -003.7327 -178.8735 +006.4670 -002.7780 0
L1 07    176 +013.3713 +001.1576 -002.9643 -087.7697 +016.1111 -071.6294 0
L1 08    176 +013.4897 +000.9582 -001.7761 +178.6570 +058.7904 +176.4758 0
L1 01    180 +016.0465 +000.1779 +001.3498 -087.0811 +001.8170 +001.9098 0
L1 02    180 +005.0145 +007.0849 +001.6788 -175.9611 +002.9328 -129.3823 0
L1 03    180 +016.1424 -000.4909 -000.8383 -091.5200 +005.2806 +092.1916 0
L1 04    180 +008.6837 +008.0127 +001.7784 -029.3197 -000.4464 +000.4028 0
L1 05    180 +014.3727 +010.1025 +001.9967 -109.6480 +000.8319 -003.6493 0
L1 06    180 +014.6618 +001.1683 -003.7326 -178.8759 +006.4671 -002.7770 0
L1 07    180 +013.3712 +001.1573 -002.9645 -087.7719 +016.1109 -071.6309 0
L1 08    180 +013.4897 +000.9580 -001.7761 +178.6553 +058.7903 +176.4763 0
L1 01    184 +016.0464 +000.1780 +001.3496 -087.0816 +001.8173 +001.9069 0
L1 02    184 +005.0145 +007.0849 +001.6788 -175.9611 +002.9330 -129.3826 0
L1 03    184 +016.1425 -000.4909 -000.8384 -091.5204 +005.2812 +092.1905 0
L1 04    184 +008.6837 +008.0128 +001.7784 -029.3192 -000.4465 +000.4026 0
L1 05    184 +014.3725 +010.1027 +001.9969 -109.6454 +000.8326 -003.6481 0
L1 06    184 +014.6618 +001.1687 -003.7327 -178.8732 +006.4663 -002.7780 0
L1 07    184 +013.3712 +001.1574 -002.9645 -087.7720 +016.1107 -071.6317 0
L1 08    184 +013.4897 +000.9581 -001.7762 +178.6556 +058.7895 +176.4757 0
L1 01    188 +016.0464 +000.1782 +001.3497 -087.0807 +001.8175 +001.9083 0
L1 02    188 +005.0145 +007.0849 +001.6788 -175.9612 +002.9331 -129.3826 0
L1 03    188 +016.1425 -000.4909 -000.8385 -091.5198 +005.2815 +092.1901 0
L1 04    188 +008.6836 +008.0128 +001.7784 -029.3191 -000.4464 +000.4030 0
L1 05    188 +014.3725 +010.1026 +001.9972 -109.6454 +000.8353 -003.6484 0
L1 06    188 +014.6617 +001.1686 -003.7329 -178.8728 +006.4652 -002.7776 0
L1 07    188 +013.3712 +001.1574 -002.9645 -087.7711 +016.1112 -071.6318 0
L1 08    188 +013.4897 +000.9582 -001.7762 +178.6562 +058.7899 +176.4757 0
L1 01    192 +016.0464 +000.1784 +001.3495 -087.0801 +001.8183 +001.9064 0
L1 02    192 +005.0145 +007.0849 +001.6788 -175.9609 +002.9332 -129.3826 0
L1 03    192 +016.1425 -000.4909 -000.8385 -091.5193 +005.2820 +092.1896 0
L1 04    192 +008.6836 +008.0128 +001.7784 -029.3190 -000.4465 +000.4025 0
L1 05    192 +014.3720 +010.1037 +001.9964 -109.6375 +000.8294 -003.6495 0
L1 06    192 +014.6617 +001.1685 -003.7330 -178.8733 +006.4641 -002.7789 0
L1 07    192 +013.3712 +001.1575 -002.9645 -087.7703 +016.1120 -071.6324 0
L1 08    192 +013.4897 +000.9583 -001.7762 +178.6567 +058.7896 +176.4753 0
L1 01    196 +016.0464 +000.1781 +001.3496 -087.0834 +001.8190 +001.9070 0
L1 02    196 +005.0145 +007.0849 +001.6788 -175.9617 +002.9330 -129.3826 0
L1 03    196 +016.1425 -000.4910 -000.8383 -091.5214 +005.2817 +092.1910 0
L1 04    196 +008.6837 +008.0127 +001.7783 -029.3200 -000.4462 +000.4025 0
L1 05    196 +014.3723 +010.1030 +001.9965 -109.6432 +000.8310 -003.6504 0
L1 06    196 +014.6617 +001.1685 -003.7330 -178.8738 +006.4640 -002.7781 0
L1 07    196 +013.3712 +001.1573 -002.9644 -087.7719 +016.1128 -071.6319 0
L1 08    196 +013.4897 +000.9582 -001.7762 +178.6562 +058.7896 +176.4758 0
L1 01    200 +016.0465 +000.1782 +001.3497 -087.0831 +001.8185 +001.9077 0
L1 02    200 +005.0145 +007.0849 +001.6788 -175.9613 +002.9330 -129.3824 0
L1 03    200 +016.1425 -000.4910 -000.8384 -091.5210 +005.2821 +092.1906 0
L1 04    200 +008.6837 +008.0127 +001.7784 -029.3198 -000.4465 +000.4027 0
L1 05    200 +014.3722 +010.1033 +001.9967 -109.6410 +000.8311 -003.6496 0
L1 06    200 +014.6617 +001.1690 -003.7329 -178.8712 +006.4650 -002.7783 0
L1 07    200 +013.3713 +001.1573 -002.9644 -087.7713 +016.1131 -071.6315 0
L1 08    200 +013.4897 +000.9583 -001.7761 +178.6571 +058.7901 +176.4758 0
L1 01    204 +016.0464 +000.1779 +001.3498 -087.0878 +001.8180 +001.9094 0
L1 02    204 +005.0145 +007.0849 +001.6788 -175.9618 +002.9328 -129.3827 0
L1 03    204 +016.1425 -000.4910 -000.8385 -091.5215 +005.2813 +092.1900 0
L1 04    204 +008.6837 +008.0127 +001.7784 -029.3201 -000.4464 +000.4029 0
L1 05    204 +014.3724 +010.1028 +001.9970 -109.6444 +000.8330 -003.6489 0
L1 06    204 +014.6617 +001.1685 -003.7330 -178.8744 +006.4645 -002.7773 0
L1 07    204 +013.3713 +001.1573 -002.9644 -087.7717 +016.1133 -071.6313 0
L1 08    204 +013.4897 +000.9581 -001.7761 +178.6551 +058.7902 +176.4755 0
L1 01    208 +016.0464 +000.1781 +001.3497 -087.0856 +001.8183 +001.9086 0
L1 02    208 +005.0145 +007.0849 +001.6788 -175.9613 +002.9330 -129.3827 0
L1 03    208 +016.1424 -000.4908 -000.8382 -091.5189 +005.2818 +092.1914 0
L1 04    208 +008.6837 +008.0128 +001.7784 -029.3192 -000.4464 +000.4027 0
L1 05    208 +014.3724 +010.1031 +001.9971 -109.6424 +000.8337 -003.6477 0
L1 06    208 +014.6617 +001.1687 -003.7327 -178.8725 +006.4657 -002.7783 0
L1 07    208 +013.3713 +001.1574 -002.9643 -087.7705 +016.1141 -071.6312 0
L1 08    208 +013.4897 +000.9582 -001.7762 +178.6563 +058.7896 +176.4755 0
L1 01    212 +016.0464 +000.1781 +001.3497 -087.0869 +001.8188 +001.9087 0
L1 02    212 +005.0145 +007.0849 +001.6788 -175.9610 +002.9330 -129.3824 0
L1 03    212 +016.1424 -000.4909 -000.8384 -091.5205 +005.2822 +092.1907 0
L1 04    212 +008.6837 +008.0127 +001.7784 -029.3203 -000.4462 +000.4028 0
L1 05    212 +014.3722 +010.1033 +001.9970 -109.6415 +000.8328 -003.6481 0
L1 06    212 +014.6618 +001.1686 -003.7326 -178.8733 +006.4670 -002.7774 0
L1 07    212 +013.3713 +001.1574 -002.9644 -087.7707 +016.1137 -071.6311 0
L1 08    212 +013.4897 +000.9582 -001.7762 +178.6563 +058.7899 +176.4756 0
L1 01    216 +016.0464 +000.1782 +001.3495 -087.0867 +001.8183 +001.9065 0
L1 02    216 +005.0144 +007.0850 +001.6788 -175.9606 +002.9333 -129.3826 0
L1 03    216 +016.1425 -000.4907 -000.8383 -091.5185 +005.2821 +092.1904 0
L1 04    216 +008.6837 +008.0128 +001.7784 -029.3192 -000.4466 +000.4026 0
L1 05    216 +014.3719 +010.1038 +001.9968 -109.6380 +000.8317 -003.6488 0
L1 06    216 +014.6618 +001.1689 -003.7327 -178.8695 +006.4660 -002.7785 0
L1 07    216 +013.3712 +001.1572 -002.9645 -087.7712 +016.1142 -071.6323 0
L1 08    216 +013.4897 +000.9582 -001.7761 +178.6566 +058.7903 +176.4754 0
L1 01    220 +016.0464 +000.1781 +001.3493 -087.0884 +001.8194 +001.9055 0
L1 02    220 +005.0145 +007.0849 +001.6788 -175.9611 +002.9334 -129.3826 0
L1 03    220 +016.1425 -000.4909 -000.8383 -091.5200 +005.2825 +092.1903 0
L1 04    220 +008.6837 +008.0127 +001.7784 -029.3195 -000.4463 +000.4027 0
L1 05    220 +014.3723 +010.1032 +001.9968 -109.6405 +000.8318 -003.6500 0
L1 06    220 +014.6617 +001.1688 -003.7328 -178.8713 +006.4654 -002.7783 0
L1 07    220 +013.3712 +001.1573 -002.9644 -087.7705 +016.1150 -071.6322 0
L1 08    220 +013.4897 +000.9582 -001.7761 +178.6563 +058.7903 +176.4757 0
L1 01    224 +016.0464 +000.1779 +001.3493 -087.0911 +001.8194 +001.9056 0
L1 02    224 +005.0146 +007.0849 +001.6788 -175.9619 +002.9333 -129.3830 0
L1 03    224 +016.1425 -000.4911 -000.8383 -091.5213 +005.2825 +092.1903 0
L1 04    224 +008.6838 +008.0127 +001.7784 -029.3202 -000.4462 +000.4028 0
L1 05    224 +014.3723 +010.1032 +001.9968 -109.6404 +000.8319 -003.6499 0
L1 06    224 +014.6617 +001.1690 -003.7327 -178.8698 +006.4661 -002.7788 0
L1 07    224 +013.3712 +001.1573 -002.9645 -087.7712 +016.1146 -071.6326 0
L1 08    224 +013.4897 +000.9582 -001.7761 +178.6564 +058.7904 +176.4758 0
L1 01    228 +016.0464 +000.1780 +001.3495 -087.0908 +001.8189 +001.9073 0
L1 02    228 +005.0146 +007.0849 +001.6788 -175.9619 +002.9333 -129.3828 0
L1 03    228 +016.1424 -000.4910 -000.8382 -091.5203 +005.2823 +092.1910 0
L1 04    228 +008.6837 +008.0127 +001.7784 -029.3202 -000.4463 +000.4026 0
L1 05    228 +014.3721 +010.1034 +001.9965 -109.6395 +000.8308 -003.6512 0
L1 06    228 +014.6617 +001.1686 -003.7329 -178.8725 +006.4653 -002.7781 0
L1 07    228 +013.3712 +001.1574 -002.9645 -087.7699 +016.1147 -071.6328 0
L1 08    228 +013.4897 +000.9582 -001.7761 +178.6563 +058.7902 +176.4754 0
L1 01    232 +016.0464 +000.1778 +001.3495 -087.0933 +001.8184 +001.9071 0
L1 02    232 +005.0145 +007.0849 +001.6788 -175.9618 +002.9331 -129.3830 0
L1 03    232 +016.1424 -000.4909 -000.8383 -091.5203 +005.2826 +092.1903 0
L1 04    232 +008.6837 +008.0127 +001.7784 -029.3202 -000.4464 +000.4028 0
L1 05    232 +014.3724 +010.1031 +001.9967 -109.6421 +000.8314 -003.6512 0
L1 06    232 +014.6618 +001.1686 -003.7328 -178.8723 +006.4652 -002.7773 0
L1 07    232 +013.3712 +001.1574 -002.9645 -087.7702 +016.1150 -071.6332 0
L1 08    232 +013.4897 +000.9582 -001.7762 +178.6566 +058.7899 +176.4758 0
L1 01    236 +016.0464 +000.1780 +001.3496 -087.0928 +001.8184 +001.9074 0
L1 02    236 +005.0145 +007.0849 +001.6788 -175.9620 +002.9332 -129.3830 0
L1 03    236 +016.1424 -000.4910 -000.8385 -091.5208 +005.2829 +092.1893 0
L1 04    236 +008.6838 +008.0127 +001.7784 -029.3203 -000.4465 +000.4029 0
L1 05    236 +014.3723 +010.1032 +001.9966 -109.6416 +000.8304 -003.6507 0
L1 06    236 +014.6617 +001.1687 -003.7328 -178.8716 +006.4652 -002.7779 0
L1 07    236 +013.3712 +001.1573 -002.9644 -087.7704 +016.1154 -071.6326 0
L1 08    236 +013.4897 +000.9581 -001.7761 +178.6559 +058.7901 +176.4753 0
L1 01    240 +016.0464 +000.1780 +001.3496 -087.0937 +001.8185 +001.9072 0
L1 02    240 +005.0145 +007.0849 +001.6788 -175.9619 +002.9332 -129.3830 0
L1 03    240 +016.1424 -000.4911 -000.8384 -091.5212 +005.2826 +092.1899 0
L1 04    240 +008.6838 +008.0127 +001.7784 -029.3203 -000.4465 +000.4030 0
L1 05    240 +014.3725 +010.1032 +001.9968 -109.6421 +000.8324 -003.6513 0
L1 06    240 +014.6617 +001.1687 -003.7327 -178.8720 +006.4657 -002.7788 0
L1 07    240 +013.3712 +001.1575 -002.9645 -087.7694 +016.1166 -071.6331 0
L1 08    240 +013.4897 +000.9581 -001.7762 +178.6559 +058.7900 +176.4753 0
L1 01    244 +016.0464 +000.1781 +001.3497 -087.0938 +001.8187 +001.9080 0
L1 02    244 +005.0145 +007.0849 +001.6788 -175.9617 +002.9334 -129.3832 0
L1 03    244 +016.1424 -000.4911 -000.8384 -091.5210 +005.2828 +092.1903 0
L1 04    244 +008.6838 +008.0127 +001.7785 -029.3203 -000.4467 +000.4033 0
L1 05    244 +014.3722 +010.1035 +001.9967 -109.6403 +000.8317 -003.6508 0
L1 06    244 +014.6617 +001.1686 -003.7327 -178.8722 +006.4667 -002.7783 0
L1 07    244 +013.3712 +001.1575 -002.9644 -087.7680 +016.1169 -071.6325 0
L1 08    244 +013.4897 +000.9582 -001.7762 +178.6566 +058.7900 +176.4754 0
L1 01    248 +016.0464 +000.1780 +001.3497 -087.0963 +001.8190 +001.9078 0
L1 02    248 +005.0145 +007.0849 +001.6788 -175.9619 +002.9333 -129.3832 0
L1 03    248 +016.1424 -000.4911 -000.8384 -091.5220 +005.2831 +092.1902 0
L1 04    248 +008.6837 +008.0127 +001.7784 -029.3204 -000.4463 +000.4032 0
L1 05    248 +014.3725 +010.1030 +001.9971 -109.6445 +000.8336 -003.6506 0
L1 06    248 +014.6618 +001.1687 -003.7323 -178.8728 +006.4684 -002.7782 0
L1 07    248 +013.3712 +001.1574 -002.9645 -087.7694 +016.1172 -071.6333 0
L1 08    248 +013.4897 +000.9582 -001.7761 +178.6564 +058.7905 +176.4755 0
L1 01    252 +016.0464 +000.1780 +001.3495 -087.0965 +001.8191 +001.9069 0
L1 02    252 +005.0146 +007.0849 +001.6788 -175.9623 +002.9330 -129.3831 0
L1 03    252 +016.1425 -000.4911 -000.8383 -091.5213 +005.2829 +092.1908 0
L1 04    252 +008.6838 +008.0127 +001.7784 -029.3207 -000.4463 +000.4032 0
L1 05    252 +014.3725 +010.1031 +001.9965 -109.6437 +000.8304 -003.6516 0
L1 06    252 +014.6617 +001.1685 -003.7327 -178.8731 +006.4661 -002.7782 0
L1 07    252 +013.3712 +001.1574 -002.9645 -087.7692 +016.1177 -071.6337 0
L1 08    252 +013.4897 +000.9582 -001.7762 +178.6564 +058.7903 +176.4754 0
L1 01    256 +016.0464 +000.1781 +001.3493 -087.0978 +001.8200 +001.9061 0
L1 02    256 +005.0146 +007.0849 +001.6788 -175.9621 +002.9333 -129.3833 0
L1 03    256 +016.1424 -000.4913 -000.8384 -091.5227 +005.2837 +092.1903 0
L1 04    256 +008.6838 +008.0127 +001.7784 -029.3206 -000.4463 +000.4032 0
L1 05    256 +014.3724 +010.1032 +001.9962 -109.6430 +000.8287 -003.6533 0
L1 06    256 +014.6617 +001.1689 -003.7327 -178.8709 +006.4660 -002.7789 0
L1 07    256 +013.3712 +001.1574 -002.9644 -087.7696 +016.1171 -071.6333 0
L1 08    256 +013.4897 +000.9583 -001.7762 +178.6565 +058.7900 +176.4756 0
L1 01    260 +016.0464 +000.1779 +001.3494 -087.1007 +001.8194 +001.9065 0
L1 02    260 +005.0146 +007.0849 +001.6788 -175.9622 +002.9332 -129.3832 0
L1 03    260 +016.1424 -000.4912 -000.8384 -091.5231 +005.2835 +092.1901 0
L1 04    260 +008.6838 +008.0126 +001.7784 -029.3213 -000.4463 +000.4032 0
L1 05    260 +014.3722 +010.1032 +001.9966 -109.6426 +000.8316 -003.6518 0
L1 06    260 +014.6617 +001.1687 -003.7327 -178.8724 +006.4657 -002.7777 0
L1 07    260 +013.3712 +001.1575 -002.9645 -087.7691 +016.1176 -071.6339 0
L1 08    260 +013.4897 +000.9582 -001.7762 +178.6561 +058.7900 +176.4755 0
L1 01    264 +016.0464 +000.1773 +001.3499 -087.1066 +001.8181 +001.9111 0
L1 02    264 +005.0146 +007.0848 +001.6788 -175.9626 +002.9327 -129.3830 0
L1 03    264 +016.1424 -000.4909 -000.8383 -091.5222 +005.2828 +092.1910 0
L1 04    264 +008.6839 +008.0125 +001.7784 -029.3221 -000.4459 +000.4032 0
L1 05    264 +014.3726 +010.1025 +001.9967 -109.6467 +000.8321 -003.6526 0
L1 06    264 +014.6618 +001.1687 -003.7327 -178.8740 +006.4667 -002.7773 0
L1 07    264 +013.3712 +001.1573 -002.9645 -087.7708 +016.1176 -071.6336 0
L1 08    264 +013.4897 +000.9580 -001.7762 +178.6546 +058.7904 +176.4764 0
L1 01    268 +016.0464 +000.1773 +001.3498 -087.1067 +001.8183 +001.9095 0
L1 02    268 +005.0146 +007.0848 +001.6788 -175.9627 +002.9326 -129.3830 0
L1 03    268 +016.1424 -000.4911 -000.8385 -091.5226 +005.2829 +092.1901 0
L1 04    268 +008.6838 +008.0126 +001.7784 -029.3217 -000.4463 +000.4034 0
L1 05    268 +014.3722 +010.1030 +001.9965 -109.6436 +000.8316 -003.6534 0
L1 06    268 +014.6617 +001.1686 -003.7327 -178.8737 +006.4665 -002.7775 0
L1 07    268 +013.3712 +001.1571 -002.9645 -087.7710 +016.1183 -071.6333 0
L1 08    268 +013.4897 +000.9580 -001.7761 +178.6545 +058.7909 +176.4760 0
L1 01    272 +016.0464 +000.1774 +001.3497 -087.1057 +001.8184 +001.9088 0
L1 02    272 +005.0146 +007.0849 +001.6788 -175.9624 +002.9327 -129.3829 0
L1 03    272 +016.1424 -000.4908 -000.8384 -091.5204 +005.2833 +092.1903 0
L1 04    272 +008.6838 +008.0127 +001.7784 -029.3208 -000.4463 +000.4031 0
L1 05    272 +014.3727 +010.1025 +001.9969 -109.6470 +000.8327 -003.6521 0
L1 06    272 +014.6617 +001.1687 -003.7328 -178.8729 +006.4653 -002.7778 0
L1 07    272 +013.3712 +001.1572 -002.9646 -087.7701 +016.1184 -071.6344 0
L1 08    272 +013.4897 +000.9581 -001.7761 +178.6554 +058.7905 +176.4755 0
L1 01    276 +016.0464 +000.1776 +001.3496 -087.1064 +001.8200 +001.9068 0
L1 02    276 +005.0146 +007.0848 +001.6788 -175.9625 +002.9329 -129.3832 0
L1 03    276 +016.1424 -000.4912 -000.8385 -091.5233 +005.2835 +092.1891 0
L1 04    276 +008.6838 +008.0126 +001.7784 -029.3212 -000.4462 +000.4033 0
L1 05    276 +014.3728 +010.1022 +001.9970 -109.6487 +000.8329 -003.6511 0
L1 06    276 +014.6616 +001.1685 -003.7330 -178.8737 +006.4639 -002.7774 0
L1 07    276 +013.3712 +001.1574 -002.9645 -087.7694 +016.1182 -071.6352 0
L1 08    276 +013.4897 +000.9581 -001.7761 +178.6555 +058.7906 +176.4759 0
L1 01    280 +016.0464 +000.1775 +001.3494 -087.1076 +001.8196 +001.9059 0
L1 02    280 +005.0146 +007.0848 +001.6788 -175.9625 +002.9329 -129.3834 0
L1 03    280 +016.1424 -000.4911 -000.8384 -091.5225 +005.2834 +092.1900 0
L1 04    280 +008.6838 +008.0126 +001.7784 -029.3213 -000.4461 +000.4033 0
L1 05    280 +014.3726 +010.1025 +001.9969 -109.6462 +000.8329 -003.6527 0
L1 06    280 +014.6617 +001.1684 -003.7330 -178.8740 +006.4638 -002.7780 0
L1 07    280 +013.3712 +001.1573 -002.9645 -087.7689 +016.1189 -071.6347 0
L1 08    280 +013.4896 +000.9581 -001.7761 +178.6554 +058.7903 +176.4759 0
L1 01    284 +016.0464 +000.1778 +001.3495 -087.1065 +001.8197 +001.9070 0
L1 02    284 +005.0146 +007.0849 +001.6788 -175.9622 +002.9329 -129.3831 0
L1 03    284 +016.1425 -000.4912 -000.8385 -091.5225 +005.2835 +092.1891 0
L1 04    284 +008.6838 +008.0126 +001.7784 -029.3212 -000.4460 +000.4033 0
L1 05    284 +014.3727 +010.1026 +001.9971 -109.6458 +000.8340 -003.6517 0
L1 06    284 +014.6617 +001.1684 -003.7327 -178.8734 +006.4657 -002.7777 0
L1 07    284 +013.3712 +001.1575 -002.9644 -087.7673 +016.1194 -071.6341 0
L1 08    284 +013.4897 +000.9581 -001.7761 +178.6560 +058.7905 +176.4759 0
L1 01    288 +016.0464 +000.1778 +001.3497 -087.1058 +001.8187 +001.9091 0
L1 02    288 +005.0146 +007.0849 +001.6788 -175.9624 +002.9329 -129.3830 0
L1 03    288 +016.1424 -000.4908 -000.8384 -091.5196 +005.2834 +092.1906 0
L1 04    288 +008.6838 +008.0127 +001.7784 -029.3204 -000.4464 +000.4034 0
L1 05    288 +014.3725 +010.1029 +001.9966 -109.6441 +000.8313 -003.6538 0
L1 06    288 +014.6618 +001.1684 -003.7328 -178.8730 +006.4664 -002.7773 0
L1 07    288 +013.3713 +001.1572 -002.9644 -087.7683 +016.1193 -071.6334 0
L1 08    288 +013.4897 +000.9581 -001.7762 +178.6564 +058.7907 +176.4756 0
L1 01    292 +016.0464 +000.1780 +001.3496 -087.1059 +001.8191 +001.9086 0
L1 02    292 +005.0146 +007.0849 +001.6788 -175.9620 +002.9332 -129.3833 0
L1 03    292 +016.1425 -000.4911 -000.8385 -091.5212 +005.2837 +092.1900 0
L1 04    292 +008.6838 +008.0127 +001.7784 -029.3207 -000.4464 +000.4030 0
L1 05    292 +014.3724 +010.1030 +001.9969 -109.6435 +000.8324 -003.6531 0
L1 06    292 +014.6617 +001.1686 -003.7328 -178.8721 +006.4665 -002.7777 0
L1 07    292 +013.3713 +001.1571 -002.9644 -087.7691 +016.1202 -071.6328 0
L1 08    292 +013.4897 +000.9583 -001.7763 +178.6582 +058.7906 +176.4757 0
L1 01    296 +016.0463 +000.1779 +001.3495 -087.1073 +001.8193 +001.9082 0
L1 02    296 +005.0146 +007.0849 +001.6788 -175.9621 +002.9332 -129.3834 0
L1 03    296 +016.1424 -000.4910 -000.8386 -091.5206 +005.2837 +092.1894 0
L1 04    296 +008.6838 +008.0127 +001.7784 -029.3204 -000.4464 +000.4034 0
L1 05    296 +014.3718 +010.1039 +001.9968 -109.6371 +000.8314 -003.6525 0
L1 06    296 +014.6618 +001.1686 -003.7327 -178.8714 +006.4670 -002.7771 0
L1 07    296 +013.3713 +001.1572 -002.9643 -087.7683 +016.1211 -071.6333 0
L1 08    296 +013.4897 +000.9582 -001.7762 +178.6575 +058.7907 +176.4757 0
L1 01    300 +016.0463 +000.1780 +001.3495 -087.1072 +001.8193 +001.9071 0
L1 02    300 +005.0145 +007.0849 +001.6788 -175.9618 +002.9332 -129.3834 0
L1 03    300 +016.1424 -000.4909 -000.8386 -091.5201 +005.2841 +092.1890 0
L1 04    300 +008.6838 +008.0127 +001.7784 -029.3203 -000.4463 +000.4030 0
L1 05    300 +014.3720 +010.1038 +001.9965 -109.6375 +000.8307 -003.6537 0
L1 06    300 +014.6616 +001.1690 -003.7330 -178.8681 +006.4645 -002.7791 0
L1 07    300 +013.3712 +001.1573 -002.9645 -087.7677 +016.1224 -071.6352 0
L1 08    300 +013.4896 +000.9583 -001.7762 +178.6573 +058.7902 +176.4751 0
L1 01    304 +016.0463 +000.1782 +001.3495 -087.1075 +001.8204 +001.9069 0
L1 02    304 +005.0145 +007.0849 +001.6788 -175.9616 +002.9334 -129.3834 0
L1 03    304 +016.1424 -000.4912 -000.8386 -091.5212 +005.2849 +092.1883 0
L1 04    304 +008.6837 +008.0127 +001.7784 -029.3201 -000.4463 +000.4033 0
L1 05    304 +014.3720 +010.1037 +001.9967 -109.6385 +000.8320 -003.6532 0
L1 06    304 +014.6616 +001.1690 -003.7327 -178.8685 +006.4653 -002.7780 0
L1 07    304 +013.3712 +001.1575 -002.9645 -087.7666 +016.1236 -071.6351 0
L1 08    304 +013.4896 +000.9583 -001.7762 +178.6574 +058.7904 +176.4749 0
L1 01    308 +016.0463 +000.1780 +001.3494 -087.1093 +001.8201 +001.9064 0
L1 02    308 +005.0145 +007.0849 +001.6788 -175.9618 +002.9331 -129.3833 0
L1 03    308 +016.1424 -000.4910 -000.8387 -091.5206 +005.2849 +092.1881 0
L1 04    308 +008.6838 +008.0127 +001.7784 -029.3201 -000.4463 +000.4034 0
L1 05    308 +014.3722 +010.1034 +001.9965 -109.6395 +000.8309 -003.6544 0
L1 06    308 +014.6616 +001.1691 -003.7328 -178.8681 +006.4656 -002.7789 0
L1 07    308 +013.3711 +001.1575 -002.9645 -087.7661 +016.1229 -071.6355 0
L1 08    308 +013.4896 +000.9582 -001.7762 +178.6573 +058.7904 +176.4751 0
L1 01    312 +016.0463 +000.1779 +001.3492 -087.1111 +001.8197 +001.9045 0
L1 02    312 +005.0146 +007.0849 +001.6788 -175.9620 +002.9331 -129.3835 0
L1 03    312 +016.1424 -000.4909 -000.8386 -091.5198 +005.2847 +092.1886 0
L1 04    312 +008.6838 +008.0127 +001.7784 -029.3205 -000.4462 +000.4032 0
L1 05    312 +014.3722 +010.1032 +001.9967 -109.6402 +000.8330 -003.6542 0
L1 06    312 +014.6616 +001.1692 -003.7327 -178.8674 +006.4655 -002.7794 0
L1 07    312 +013.3712 +001.1573 -002.9645 -087.7670 +016.1224 -071.6353 0
L1 08    312 +013.4896 +000.9582 -001.7762 +178.6572 +058.7910 +176.4753 0
L1 01    316 +016.0463 +000.1779 +001.3493 -087.1122 +001.8200 +001.9063 0
L1 02    316 +005.0146 +007.0849 +001.6788 -175.9620 +002.9329 -129.3835 0
L1 03    316 +016.1424 -000.4910 -000.8385 -091.5205 +005.2845 +092.1897 0
L1 04    316 +008.6838 +008.0127 +001.7785 -029.3208 -000.4461 +000.4036 0
L1 05    316 +014.3723 +010.1032 +001.9970 -109.6414 +000.8332 -003.6533 0
L1 06    316 +014.6617 +001.1689 -003.7328 -178.8692 +006.4653 -002.7782 0
L1 07    316 +013.3712 +001.1570 -002.9645 -087.7683 +016.1224 -071.6351 0
L1 08    316 +013.4896 +000.9581 -001.7763 +178.6568 +058.7904 +176.4754 0
L1 01    320 +016.0463 +000.1778 +001.3494 -087.1137 +001.8201 +001.9073 0
L1 02    320 +005.0145 +007.0849 +001.6788 -175.9619 +002.9329 -129.3836 0
L1 03    320 +016.1424 -000.4909 -000.8385 -091.5196 +005.2852 +092.1892 0
L1 04    320 +008.6838 +008.0126 +001.7785 -029.3209 -000.4461 +000.4039 0
L1 05    320 +014.3721 +010.1033 +001.9971 -109.6403 +000.8338 -003.6526 0
L1 06    320 +014.6617 +001.1689 -003.7328 -178.8686 +006.4655 -002.7783 0
L1 07    320 +013.3712 +001.1571 -002.9643 -087.7670 +016.1233 -071.6341 0
L1 08    320 +013.4896 +000.9581 -001.7763 +178.6570 +058.7904 +176.4757 0
L1 01    324 +016.0463 +000.1778 +001.3493 -087.1142 +001.8208 +001.9079 0
L1 02    324 +005.0146 +007.0849 +001.6789 -175.9622 +002.9329 -129.3839 0
L1 03    324 +016.1423 -000.4910 -000.8384 -091.5206 +005.2852 +092.1900 0
L1 04    324 +008.6838 +008.0126 +001.7785 -029.3209 -000.4460 +000.4039 0
L1 05    324 +014.3722 +010.1033 +001.9969 -109.6407 +000.8333 -003.6553 0
L1 06    324 +014.6616 +001.1689 -003.7329 -178.8696 +006.4656 -002.7782 0
L1 07    324 +013.3712 +001.1571 -002.9645 -087.7676 +016.1236 -071.6349 0
L1 08    324 +013.4896 +000.9582 -001.7764 +178.6568 +058.7899 +176.4754 0
L1 01    328 +016.0463 +000.1778 +001.3494 -087.1152 +001.8205 +001.9086 0
L1 02    328 +005.0146 +007.0849 +001.6788 -175.9623 +002.9329 -129.3839 0
L1 03    328 +016.1424 -000.4910 -000.8384 -091.5207 +005.2851 +092.1906 0
L1 04    328 +008.6838 +008.0126 +001.7785 -029.3212 -000.4461 +000.4041 0
L1 05    328 +014.3722 +010.1032 +001.9967 -109.6422 +000.8331 -003.6564 0
L1 06    328 +014.6617 +001.1686 -003.7329 -178.8706 +006.4659 -002.7771 0
L1 07    328 +013.3712 +001.1572 -002.9644 -087.7673 +016.1242 -071.6344 0
L1 08    328 +013.4896 +000.9581 -001.7764 +178.6567 +058.7904 +176.4756 0
L1 01    332 +016.0463 +000.1777 +001.3495 -087.1164 +001.8198 +001.9098 0
L1 02    332 +005.0145 +007.0849 +001.6789 -175.9622 +002.9331 -129.3839 0
L1 03    332 +016.1424 -000.4907 -000.8383 -091.5188 +005.2846 +092.1915 0
L1 04    332 +008.6838 +008.0127 +001.7785 -029.3203 -000.4467 +000.4041 0
L1 05    332 +014.3726 +010.1027 +001.9963 -109.6449 +000.8317 -003.6569 0
L1 06    332 +014.6617 +001.1686 -003.7328 -178.8709 +006.4658 -002.7776 0
L1 07    332 +013.3712 +001.1572 -002.9646 -087.7664 +016.1242 -071.6353 0
L1 08    332 +013.4896 +000.9581 -001.7764 +178.6567 +058.7900 +176.4753 0
L1 01    336 +016.0463 +000.1778 +001.3495 -087.1166 +001.8203 +001.9095 0
L1 02    336 +005.0145 +007.0849 +001.6789 -175.9617 +002.9333 -129.3838 0
L1 03    336 +016.1423 -000.4909 -000.8383 -091.5196 +005.2854 +092.1913 0
L1 04    336 +008.6838 +008.0127 +001.7785 -029.3203 -000.4466 +000.4040 0
L1 05    336 +014.3725 +010.1029 +001.9965 -109.6440 +000.8322 -003.6557 0
L1 06    336 +014.6617 +001.1685 -003.7327 -178.8722 +006.4669 -002.7781 0
L1 07    336 +013.3712 +001.1572 -002.9646 -087.7668 +016.1245 -071.6353 0
L1 08    336 +013.4896 +000.9582 -001.7763 +178.6573 +058.7907 +176.4751 0
L1 01    340 +016.0463 +000.1778 +001.3496 -087.1183 +001.8205 +001.9092 0
L1 02    340 +005.0146 +007.0849 +001.6788 -175.9622 +002.9331 -129.3837 0
L1 03    340 +016.1423 -000.4911 -000.8385 -091.5216 +005.2853 +092.1898 0
L1 04    340 +008.6838 +008.0126 +001.7785 -029.3213 -000.4459 +000.4040 0
L1 05    340 +014.3723 +010.1032 +001.9963 -109.6441 +000.8298 -003.6559 0
L1 06    340 +014.6617 +001.1684 -003.7330 -178.8729 +006.4652 -002.7779 0
L1 07    340 +013.3712 +001.1573 -002.9643 -087.7661 +016.1245 -071.6341 0
L1 08    340 +013.4896 +000.9581 -001.7762 +178.6566 +058.7910 +176.4754 0
L1 01    344 +016.0463 +000.1776 +001.3495 -087.1198 +001.8204 +001.9080 0
L1 02    344 +005.0146 +007.0849 +001.6789 -175.9624 +002.9330 -129.3839 0
L1 03    344 +016.1423 -000.4909 -000.8385 -091.5194 +005.2854 +092.1895 0
L1 04    344 +008.6838 +008.0127 +001.7785 -029.3204 -000.4459 +000.4039 0
L1 05    344 +014.3722 +010.1034 +001.9965 -109.6413 +000.8309 -003.6551 0
L1 06    344 +014.6616 +001.1689 -003.7329 -178.8694 +006.4646 -002.7785 0
L1 07    344 +013.3712 +001.1572 -002.9645 -087.7662 +016.1249 -071.6352 0
L1 08    344 +013.4896 +000.9580 -001.7763 +178.6568 +058.7904 +176.4754 0
L1 01    348 +016.0463 +000.1780 +001.3493 -087.1177 +001.8196 +001.9070 0
L1 02    348 +005.0145 +007.0849 +001.6789 -175.9619 +002.9331 -129.3840 0
L1 03    348 +016.1424 -000.4908 -000.8386 -091.5178 +005.2855 +092.1889 0
L1 04    348 +008.6837 +008.0127 +001.7785 -029.3197 -000.4460 +000.4038 0
L1 05    348 +014.3721 +010.1036 +001.9966 -109.6391 +000.8309 -003.6549 0
L1 06    348 +014.6616 +001.1689 -003.7330 -178.8676 +006.4642 -002.7777 0
L1 07    348 +013.3712 +001.1571 -002.9647 -087.7662 +016.1258 -071.6364 0
L1 08    348 +013.4896 +000.9581 -001.7763 +178.6577 +058.7904 +176.4750 0
L1 01    352 +016.0463 +000.1781 +001.3496 -087.1174 +001.8194 +001.9095 0
L1 02    352 +005.0145 +007.0849 +001.6789 -175.9620 +002.9330 -129.3841 0
L1 03    352 +016.1424 -000.4908 -000.8387 -091.5182 +005.2857 +092.1896 0
L1 04    352 +008.6837 +008.0127 +001.7785 -029.3200 -000.4459 +000.4041 0
L1 05    352 +014.3723 +010.1034 +001.9968 -109.6412 +000.8335 -003.6548 0
L1 06    352 +014.6616 +001.1688 -003.7332 -178.8692 +006.4636 -002.7781 0
L1 07    352 +013.3712 +001.1574 -002.9646 -087.7633 +016.1270 -071.6354 0
L1 08    352 +013.4897 +000.9582 -001.7764 +178.6584 +058.7911 +176.4755 0
L1 01    356 +016.0463 +000.1780 +001.3495 -087.1190 +001.8201 +001.9090 0
L1 02    356 +005.0145 +007.0849 +001.6789 -175.9615 +002.9330 -129.3844 0
L1 03    356 +016.1424 -000.4908 -000.8387 -091.5178 +005.2854 +092.1899 0
L1 04    356 +008.6837 +008.0128 +001.7785 -029.3194 -000.4459 +000.4042 0
L1 05    356 +014.3723 +010.1033 +001.9966 -109.6407 +000.8327 -003.6553 0
L1 06    356 +014.6617 +001.1691 -003.7330 -178.8667 +006.4652 -002.7788 0
L1 07    356 +013.3712 +001.1575 -002.9645 -087.7634 +016.1259 -071.6343 0
L1 08    356 +013.4897 +000.9581 -001.7764 +178.6586 +058.7914 +176.4762 0
L1 01    360 +016.0463 +000.1779 +001.3491 -087.1207 +001.8202 +001.9065 0
L1 02    360 +005.0145 +007.0849 +001.6789 -175.9614 +002.9328 -129.3846 0
L1 03    360 +016.1425 -000.4907 -000.8387 -091.5179 +005.2855 +092.1893 0
L1 04    360 +008.6837 +008.0128 +001.7785 -029.3195 -000.4462 +000.4044 0
L1 05    360 +014.3723 +010.1033 +001.9964 -109.6413 +000.8324 -003.6569 0
L1 06    360 +014.6617 +001.1688 -003.7332 -178.8683 +006.4638 -002.7779 0
L1 07    360 +013.3712 +001.1573 -002.9646 -087.7649 +016.1266 -071.6353 0
L1 08    360 +013.4897 +000.9582 -001.7764 +178.6580 +058.7912 +176.4753 0
L1 01    364 +016.0463 +000.1781 +001.3493 -087.1209 +001.8199 +001.9069 0
L1 02    364 +005.0145 +007.0849 +001.6789 -175.9616 +002.9329 -129.3848 0
L1 03    364 +016.1425 -000.4908 -000.8387 -091.5187 +005.2857 +092.1889 0
L1 04    364 +008.6837 +008.0128 +001.7785 -029.3196 -000.4461 +000.4044 0
L1 05    364 +014.3723 +010.1032 +001.9972 -109.6413 +000.8364 -003.6535 0
L1 06    364 +014.6617 +001.1688 -003.7328 -178.8683 +006.4658 -002.7779 0
L1 07    364 +013.3712 +001.1574 -002.9646 -087.7642 +016.1263 -071.6356 0
L1 08    364 +013.4896 +000.9582 -001.7764 +178.6578 +058.7911 +176.4749 0
L1 01    368 +016.0463 +000.1779 +001.3492 -087.1233 +001.8203 +001.9059 0
L1 02    368 +005.0145 +007.0849 +001.6789 -175.9615 +002.9329 -129.3847 0
L1 03    368 +016.1424 -000.4908 -000.8388 -091.5192 +005.2853 +092.1876 0
L1 04    368 +008.6838 +008.0127 +001.7785 -029.3200 -000.4461 +000.4045 0
L1 05    368 +014.3724 +010.1033 +001.9970 -109.6411 +000.8350 -003.6545 0
L1 06    368 +014.6616 +001.1689 -003.7330 -178.8680 +006.4641 -002.7782 0
L1 07    368 +013.3711 +001.1573 -002.9645 -087.7645 +016.1265 -071.6363 0
L1 08    368 +013.4896 +000.9582 -001.7763 +178.6581 +058.7907 +176.4753 0
L1 01    372 +016.0463 +000.1777 +001.3494 -087.1266 +001.8200 +001.9078 0
L1 02    372 +005.0145 +007.0849 +001.6789 -175.9619 +002.9328 -129.3846 0
L1 03    372 +016.1423 -000.4910 -000.8389 -091.5211 +005.2849 +092.1868 0
L1 04    372 +008.6838 +008.0127 +001.7785 -029.3203 -000.4459 +000.4046 0
L1 05    372 +014.3722 +010.1033 +001.9973 -109.6407 +000.8374 -003.6539 0
L1 06    372 +014.6616 +001.1686 -003.7328 -178.8707 +006.4649 -002.7773 0
L1 07    372 +013.3711 +001.1574 -002.9645 -087.7645 +016.1269 -071.6364 0
L1 08    372 +013.4896 +000.9582 -001.7763 +178.6570 +058.7900 +176.4754 0
L1 01    376 +016.0463 +000.1776 +001.3494 -087.1281 +001.8196 +001.9071 0
L1 02    376 +005.0145 +007.0849 +001.6789 -175.9619 +002.9328 -129.3843 0
L1 03    376 +016.1423 -000.4909 -000.8388 -091.5206 +005.2855 +092.1874 0
L1 04    376 +008.6837 +008.0127 +001.7785 -029.3202 -000.4459 +000.4045 0
L1 05    376 +014.3721 +010.1033 +001.9971 -109.6415 +000.8366 -003.6550 0
L1 06    376 +014.6615 +001.1684 -003.7330 -178.8731 +006.4635 -002.7777 0
L1 07    376 +013.3710 +001.1573 -002.9645 -087.7649 +016.1273 -071.6372 0
L1 08    376 +013.4895 +000.9581 -001.7764 +178.6571 +058.7893 +176.4763 0
L1 01    380 +016.0463 +000.1776 +001.3494 -087.1287 +001.8199 +001.9071 0
L1 02    380 +005.0145 +007.0849 +001.6788 -175.9619 +002.9328 -129.3840 0
L1 03    380 +016.1423 -000.4907 -000.8388 -091.5195 +005.2855 +092.1874 0
L1 04    380 +008.6838 +008.0127 +001.7785 -029.3202 -000.4459 +000.4046 0
L1 05    380 +014.3724 +010.1030 +001.9968 -109.6433 +000.8346 -003.6578 0
L1 06    380 +014.6615 +001.1683 -003.7329 -178.8727 +006.4645 -002.7765 0
L1 07    380 +013.3710 +001.1572 -002.9644 -087.7647 +016.1276 -071.6363 0
L1 08    380 +013.4895 +000.9581 -001.7764 +178.6571 +058.7892 +176.4761 0
L1 01    384 +016.0463 +000.1777 +001.3494 -087.1295 +001.8204 +001.9069 0
L1 02    384 +005.0145 +007.0849 +001.6789 -175.9621 +002.9329 -129.3842 0
L1 03    384 +016.1423 -000.4909 -000.8387 -091.5206 +005.2855 +092.1877 0
L1 04    384 +008.6838 +008.0127 +001.7785 -029.3207 -000.4458 +000.4043 0
L1 05    384 +014.3726 +010.1027 +001.9969 -109.6448 +000.8365 -003.6572 0
L1 06    384 +014.6616 +001.1686 -003.7328 -178.8713 +006.4651 -002.7773 0
L1 07    384 +013.3710 +001.1573 -002.9644 -087.7654 +016.1286 -071.6369 0
L1 08    384 +013.4895 +000.9580 -001.7763 +178.6567 +058.7895 +176.4766 0
L1 01    388 +016.0463 +000.1779 +001.3494 -087.1294 +001.8211 +001.9071 0
L1 02    388 +005.0145 +007.0849 +001.6789 -175.9620 +002.9331 -129.3841 0
L1 03    388 +016.1423 -000.4912 -000.8387 -091.5229 +005.2859 +092.1872 0
L1 04    388 +008.6838 +008.0127 +001.7785 -029.3209 -000.4462 +000.4043 0
L1 05    388 +014.3723 +010.1031 +001.9967 -109.6424 +000.8355 -003.6576 0
L1 06    388 +014.6615 +001.1686 -003.7328 -178.8722 +006.4641 -002.7775 0
L1 07    388 +013.3710 +001.1572 -002.9647 -087.7665 +016.1285 -071.6398 0
L1 08    388 +013.4895 +000.9581 -001.7763 +178.6573 +058.7894 +176.4767 0
L1 01    392 +016.0463 +000.1778 +001.3493 -087.1309 +001.8206 +001.9056 0
L1 02    392 +005.0145 +007.0849 +001.6789 -175.9620 +002.9330 -129.3841 0
L1 03    392 +016.1423 -000.4910 -000.8387 -091.5216 +005.2859 +092.1865 0
L1 04    392 +008.6838 +008.0127 +001.7785 -029.3208 -000.4459 +000.4041 0
L1 05    392 +014.3723 +010.1033 +001.9968 -109.6409 +000.8353 -003.6571 0
L1 06    392 +014.6615 +001.1684 -003.7330 -178.8737 +006.4627 -002.7780 0
L1 07    392 +013.3709 +001.1572 -002.9645 -087.7665 +016.1290 -071.6395 0
L1 08    392 +013.4895 +000.9581 -001.7763 +178.6576 +058.7889 +176.4767 0
L1 01    396 +016.0463 +000.1777 +001.3493 -087.1322 +001.8204 +001.9055 0
L1 02    396 +005.0145 +007.0849 +001.6789 -175.9619 +002.9329 -129.3841 0
L1 03    396 +016.1423 -000.4910 -000.8386 -091.5219 +005.2863 +092.1869 0
L1 04    396 +008.6838 +008.0127 +001.7785 -029.3207 -000.4455 +000.4044 0
L1 05    396 +014.3723 +010.1032 +001.9970 -109.6417 +000.8367 -003.6589 0
L1 06    396 +014.6614 +001.1687 -003.7329 -178.8709 +006.4632 -002.7773 0
L1 07    396 +013.3709 +001.1572 -002.9645 -087.7666 +016.1296 -071.6395 0
L1 08    396 +013.4895 +000.9581 -001.7763 +178.6579 +058.7886 +176.4772 0
L1 01    400 +016.0463 +000.1776 +001.3494 -087.1333 +001.8208 +001.9071 0
L1 02    400 +005.0145 +007.0849 +001.6789 -175.9619 +002.9332 -129.3843 0
L1 03    400 +016.1423 -000.4911 -000.8386 -091.5223 +005.2865 +092.1877 0
L1 04    400 +008.6838 +008.0127 +001.7785 -029.3205 -000.4455 +000.4045 0
L1 05    400 +014.3726 +010.1027 +001.9967 -109.6455 +000.8343 -003.6589 0
L1 06    400 +014.6614 +001.1687 -003.7330 -178.8708 +006.4629 -002.7778 0
L1 07    400 +013.3710 +001.1574 -002.9645 -087.7646 +016.1296 -071.6389 0
L1 08    400 +013.4895 +000.9581 -001.7764 +178.6575 +058.7889 +176.4766 0
L1 01    404 +016.0463 +000.1778 +001.3495 -087.1327 +001.8201 +001.9085 0
L1 02    404 +005.0145 +007.0849 +001.6789 -175.9620 +002.9331 -129.3842 0
L1 03    404 +016.1423 -000.4910 -000.8386 -091.5213 +005.2859 +092.1883 0
L1 04    404 +008.6837 +008.0127 +001.7785 -029.3201 -000.4460 +000.4048 0
L1 05    404 +014.3724 +010.1029 +001.9970 -109.6438 +000.8362 -003.6573 0
L1 06    404 +014.6616 +001.1684 -003.7328 -178.8727 +006.4658 -002.7774 0
L1 07    404 +013.3710 +001.1575 -002.9643 -087.7620 +016.1311 -071.6368 0
L1 08    404 +013.4895 +000.9581 -001.7764 +178.6577 +058.7897 +176.4765 0
L1 01    408 +016.0463 +000.1779 +001.3495 -087.1330 +001.8209 +001.9087 0
L1 02    408 +005.0145 +007.0849 +001.6789 -175.9618 +002.9335 -129.3844 0
L1 03    408 +016.1423 -000.4911 -000.8387 -091.5214 +005.2861 +092.1886 0
L1 04    408 +008.6837 +008.0127 +001.7785 -029.3201 -000.4463 +000.4049 0
L1 05    408 +014.3720 +010.1035 +001.9969 -109.6393 +000.8353 -003.6572 0
L1 06    408 +014.6616 +001.1689 -003.7328 -178.8680 +006.4661 -002.7774 0
L1 07    408 +013.3711 +001.1572 -002.9645 -087.7645 +016.1303 -071.6376 0
L1 08    408 +013.4896 +000.9582 -001.7764 +178.6594 +058.7902 +176.4767 0
L1 01    412 +016.0463 +000.1777 +001.3495 -087.1349 +001.8209 +001.9091 0
L1 02    412 +005.0145 +007.0849 +001.6789 -175.9619 +002.9335 -129.3843 0
L1 03    412 +016.1423 -000.4910 -000.8387 -091.5208 +005.2858 +092.1886 0
L1 04    412 +008.6838 +008.0127 +001.7785 -029.3209 -000.4462 +000.4048 0
L1 05    412 +014.3726 +010.1028 +001.9970 -109.6448 +000.8359 -003.6580 0
L1 06    412 +014.6617 +001.1684 -003.7328 -178.8716 +006.4661 -002.7774 0
L1 07    412 +013.3711 +001.1571 -002.9646 -087.7652 +016.1304 -071.6380 0
L1 08    412 +013.4896 +000.9580 -001.7764 +178.6586 +058.7904 +176.4770 0
L1 01    416 +016.0463 +000.1777 +001.3494 -087.1354 +001.8204 +001.9084 0
L1 02    416 +005.0145 +007.0849 +001.6789 -175.9620 +002.9334 -129.3844 0
L1 03    416 +016.1423 -000.4910 -000.8386 -091.5207 +005.2862 +092.1891 0
L1 04    416 +008.6837 +008.0127 +001.7785 -029.3202 -000.4465 +000.4048 0
L1 05    416 +014.3724 +010.1030 +001.9966 -109.6431 +000.8340 -003.6578 0
L1 06    416 +014.6617 +001.1684 -003.7329 -178.8704 +006.4652 -002.7771 0
L1 07    416 +013.3712 +001.1571 -002.9645 -087.7643 +016.1307 -071.6371 0
L1 08    416 +013.4896 +000.9580 -001.7764 +178.6585 +058.7907 +176.4769 0
L1 01    420 +016.0463 +000.1779 +001.3493 -087.1349 +001.8203 +001.9073 0
L1 02    420 +005.0145 +007.0849 +001.6789 -175.9617 +002.9333 -129.3844 0
L1 03    420 +016.1424 -000.4909 -000.8387 -091.5192 +005.2870 +092.1884 0
L1 04    420 +008.6837 +008.0128 +001.7785 -029.3196 -000.4464 +000.4049 0
L1 05    420 +014.3724 +010.1032 +001.9963 -109.6413 +000.8333 -003.6594 0
L1 06    420 +014.6615 +001.1687 -003.7330 -178.8691 +006.4637 -002.7782 0
L1 07    420 +013.3711 +001.1574 -002.9645 -087.7616 +016.1313 -071.6380 0
L1 08    420 +013.4896 +000.9582 -001.7763 +178.6595 +058.7912 +176.4758 0
L1 01    424 +016.0463 +000.1778 +001.3493 -087.1367 +001.8207 +001.9071 0
L1 02    424 +005.0145 +007.0849 +001.6789 -175.9616 +002.9335 -129.3844 0
L1 03    424 +016.1423 -000.4908 -000.8387 -091.5190 +005.2870 +092.1880 0
L1 04    424 +008.6837 +008.0128 +001.7785 -029.3197 -000.4463 +000.4045 0
L1 05    424 +014.3724 +010.1033 +001.9965 -109.6422 +000.8343 -003.6588 0
L1 06    424 +014.6616 +001.1685 -003.7330 -178.8708 +006.4642 -002.7775 0
L1 07    424 +013.3711 +001.1572 -002.9645 -087.7637 +016.1316 -071.6377 0
L1 08    424 +013.4896 +000.9581 -001.7764 +178.6588 +058.7904 +176.4763 0
L1 01    428 +016.0463 +000.1777 +001.3492 -087.1379 +001.8200 +001.9065 0
L1 02    428 +005.0145 +007.0849 +001.6789 -175.9617 +002.9336 -129.3843 0
L1 03    428 +016.1424 -000.4907 -000.8386 -091.5183 +005.2863 +092.1881 0
L1 04    428 +008.6837 +008.0128 +001.7785 -029.3195 -000.4467 +000.4047 0
L1 05    428 +014.3725 +010.1032 +001.9966 -109.6421 +000.8342 -003.6589 0
L1 06    428 +014.6615 +001.1687 -003.7332 -178.8704 +006.4621 -002.7783 0
L1 07    428 +013.3711 +001.1572 -002.9646 -087.7637 +016.1314 -071.6391 0
L1 08    428 +013.4896 +000.9581 -001.7763 +178.6587 +058.7909 +176.4764 0
L1 01    432 +016.0463 +000.1777 +001.3491 -087.1390 +001.8194 +001.9054 0
L1 02    432 +005.0145 +007.0849 +001.6789 -175.9615 +002.9337 -129.3842 0
L1 03    432 +016.1424 -000.4905 -000.8387 -091.5174 +005.2863 +092.1872 0
L1 04    432 +008.6837 +008.0128 +001.7785 -029.3196 -000.4467 +000.4047 0
L1 05    432 +014.3725 +010.1030 +001.9969 -109.6429 +000.8354 -003.6573 0
L1 06    432 +014.6615 +001.1687 -003.7332 -178.8691 +006.4626 -002.7775 0
L1 07    432 +013.3710 +001.1572 -002.9647 -087.7631 +016.1315 -071.6401 0
L1 08    432 +013.4895 +000.9581 -001.7763 +178.6597 +058.7908 +176.4769 0
L1 01    436 +016.0463 +000.1778 +001.3492 -087.1385 +001.8202 +001.9063 0
L1 02    436 +005.0145 +007.0849 +001.6789 -175.9616 +002.9338 -129.3843 0
L1 03    436 +016.1423 -000.4908 -000.8386 -091.5182 +005.2865 +092.1880 0
L1 04    436 +008.6837 +008.0128 +001.7785 -029.3195 -000.4465 +000.4048 0
L1 05    436 +014.3721 +010.1035 +001.9971 -109.6401 +000.8364 -003.6576 0
L1 06    436 +014.6615 +001.1687 -003.7330 -178.8689 +006.4637 -002.7774 0
L1 07    436 +013.3710 +001.1572 -002.9646 -087.7626 +016.1316 -071.6395 0
L1 08    436 +013.4895 +000.9581 -001.7764 +178.6598 +058.7903 +176.4767 0
L1 01    440 +016.0463 +000.1779 +001.3493 -087.1389 +001.8202 +001.9071 0
L1 02    440 +005.0145 +007.0849 +001.6789 -175.9617 +002.9337 -129.3843 0
L1 03    440 +016.1424 -000.4908 -000.8388 -091.5182 +005.2867 +092.1874 0
L1 04    440 +008.6837 +008.0128 +001.7785 -029.3193 -000.4464 +000.4049 0
L1 05    440 +014.3721 +010.1035 +001.9969 -109.6400 +000.8366 -003.6590 0
L1 06    440 +014.6616 +001.1684 -003.7330 -178.8704 +006.4645 -002.7772 0
L1 07    440 +013.3711 +001.1572 -002.9645 -087.7623 +016.1321 -071.6380 0
L1 08    440 +013.4896 +000.9581 -001.7764 +178.6598 +058.7912 +176.4769 0
L1 01    444 +016.0463 +000.1776 +001.3494 -087.1417 +001.8203 +001.9107 0
L1 02    444 +005.0145 +007.0849 +001.6789 -175.9619 +002.9336 -129.3842 0
L1 03    444 +016.1424 -000.4907 -000.8386 -091.5181 +005.2871 +092.1900 0
L1 04    444 +008.6838 +008.0127 +001.7785 -029.3203 -000.4463 +000.4055 0
L1 05    444 +014.3721 +010.1034 +001.9973 -109.6410 +000.8388 -003.6579 0
L1 06    444 +014.6617 +001.1686 -003.7328 -178.8689 +006.4661 -002.7771 0
L1 07    444 +013.3711 +001.1571 -002.9646 -087.7625 +016.1336 -071.6381 0
L1 08    444 +013.4896 +000.9581 -001.7765 +178.6594 +058.7914 +176.4768 0
L1 01    448 +016.0463 +000.1778 +001.3494 -087.1414 +001.8207 +001.9095 0
L1 02    448 +005.0145 +007.0849 +001.6789 -175.9616 +002.9340 -129.3845 0
L1 03    448 +016.1424 -000.4907 -000.8386 -091.5182 +005.2870 +092.1903 0
L1 04    448 +008.6838 +008.0127 +001.7785 -029.3204 -000.4466 +000.4052 0
L1 05    448 +014.3722 +010.1034 +001.9969 -109.6413 +000.8382 -003.6604 0
L1 06    448 +014.6617 +001.1686 -003.7330 -178.8697 +006.4653 -002.7768 0
L1 07    448 +013.3711 +001.1573 -002.9646 -087.7606 +016.1336 -071.6376 0
L1 08    448 +013.4896 +000.9581 -001.7765 +178.6601 +058.7919 +176.4774 0
L1 01    452 +016.0464 +000.1782 +001.3495 -087.1406 +001.8215 +001.9099 0
L1 02    452 +005.0145 +007.0849 +001.6789 -175.9614 +002.9341 -129.3844 0
L1 03    452 +016.1424 -000.4910 -000.8386 -091.5192 +005.2881 +092.1900 0
L1 04    452 +008.6838 +008.0127 +001.7786 -029.3205 -000.4468 +000.4056 0
L1 05    452 +014.3721 +010.1035 +001.9968 -109.6398 +000.8376 -003.6595 0
L1 06    452 +014.6617 +001.1686 -003.7331 -178.8690 +006.4651 -002.7770 0
L1 07    452 +013.3711 +001.1573 -002.9646 -087.7607 +016.1355 -071.6381 0
L1 08    452 +013.4896 +000.9582 -001.7764 +178.6607 +058.7923 +176.4770 0
L1 01    456 +016.0463 +000.1778 +001.3493 -087.1433 +001.8213 +001.9085 0
L1 02    456 +005.0145 +007.0849 +001.6789 -175.9617 +002.9342 -129.3843 0
L1 03    456 +016.1424 -000.4909 -000.8387 -091.5199 +005.2875 +092.1887 0
L1 04    456 +008.6838 +008.0127 +001.7785 -029.3207 -000.4462 +000.4054 0
L1 05    456 +014.3720 +010.1036 +001.9969 -109.6391 +000.8365 -003.6596 0
L1 06    456 +014.6617 +001.1687 -003.7329 -178.8681 +006.4654 -002.7770 0
L1 07    456 +013.3711 +001.1574 -002.9646 -087.7602 +016.1343 -071.6387 0
L1 08    456 +013.4896 +000.9581 -001.7764 +178.6601 +058.7917 +176.4772 0
L1 01    460 +016.0463 +000.1778 +001.3495 -087.1449 +001.8214 +001.9100 0
L1 02    460 +005.0145 +007.0849 +001.6788 -175.9618 +002.9340 -129.3840 0
L1 03    460 +016.1423 -000.4912 -000.8386 -091.5240 +005.2869 +092.1879 0
L1 04    460 +008.6838 +008.0127 +001.7785 -029.3206 -000.4461 +000.4051 0
L1 05    460 +014.3722 +010.1033 +001.9966 -109.6405 +000.8356 -003.6616 0
L1 06    460 +014.6617 +001.1685 -003.7328 -178.8690 +006.4659 -002.7766 0
L1 07    460 +013.3711 +001.1574 -002.9644 -087.7596 +016.1346 -071.6377 0
L1 08    460 +013.4896 +000.9581 -001.7764 +178.6603 +058.7914 +176.4777 0
L1 01    464 +016.0463 +000.1777 +001.3495 -087.1467 +001.8210 +001.9099 0
L1 02    464 +005.0145 +007.0849 +001.6788 -175.9617 +002.9338 -129.3837 0
L1 03    464 +016.1423 -000.4909 -000.8387 -091.5196 +005.2869 +092.1884 0
L1 04    464 +008.6838 +008.0127 +001.7785 -029.3203 -000.4461 +000.4049 0
L1 05    464 +014.3722 +010.1033 +001.9968 -109.6416 +000.8364 -003.6612 0
L1 06    464 +014.6616 +001.1685 -003.7329 -178.8690 +006.4648 -002.7761 0
L1 07    464 +013.3711 +001.1574 -002.9645 -087.7599 +016.1349 -071.6382 0
L1 08    464 +013.4896 +000.9581 -001.7763 +178.6601 +058.7916 +176.4773 0
L1 01    468 +016.0463 +000.1781 +001.3494 -087.1446 +001.8215 +001.9084 0
L1 02    468 +005.0145 +007.0850 +001.6788 -175.9611 +002.9343 -129.3838 0
L1 03    468 +016.1424 -000.4912 -000.8387 -091.5208 +005.2884 +092.1884 0
L1 04    468 +008.6837 +008.0128 +001.7785 -029.3195 -000.4467 +000.4049 0
L1 05    468 +014.3722 +010.1033 +001.9970 -109.6416 +000.8372 -003.6605 0
L1 06    468 +014.6616 +001.1688 -003.7328 -178.8679 +006.4662 -002.7771 0
L1 07    468 +013.3710 +001.1574 -002.9646 -087.7596 +016.1358 -071.6394 0
L1 08    468 +013.4896 +000.9582 -001.7764 +178.6613 +058.7918 +176.4774 0
L1 01    472 +016.0463 +000.1780 +001.3494 -087.1454 +001.8214 +001.9093 0
L1 02    472 +005.0145 +007.0849 +001.6789 -175.9612 +002.9345 -129.3841 0
L1 03    472 +016.1423 -000.4912 -000.8388 -091.5204 +005.2882 +092.1880 0
L1 04    472 +008.6837 +008.0129 +001.7785 -029.3189 -000.4479 +000.4049 0
L1 05    472 +014.3720 +010.1036 +001.9971 -109.6384 +000.8385 -003.6604 0
L1 06    472 +014.6616 +001.1689 -003.7329 -178.8670 +006.4654 -002.7783 0
L1 07    472 +013.3711 +001.1575 -002.9645 -087.7590 +016.1361 -071.6384 0
L1 08    472 +013.4896 +000.9583 -001.7763 +178.6602 +058.7925 +176.4756 0
L1 01    476 +016.0463 +000.1778 +001.3493 -087.1481 +001.8208 +001.9082 0
L1 02    476 +005.0145 +007.0850 +001.6788 -175.9609 +002.9342 -129.3839 0
L1 03    476 +016.1424 -000.4907 -000.8389 -091.5186 +005.2876 +092.1877 0
L1 04    476 +008.6837 +008.0129 +001.7785 -029.3189 -000.4479 +000.4049 0
L1 05    476 +014.3721 +010.1035 +001.9968 -109.6389 +000.8378 -003.6608 0
L1 06    476 +014.6616 +001.1688 -003.7330 -178.8677 +006.4651 -002.7778 0
L1 07    476 +013.3711 +001.1572 -002.9645 -087.7607 +016.1357 -071.6383 0
L1 08    476 +013.4896 +000.9581 -001.7763 +178.6588 +058.7930 +176.4758 0
L1 01    480 +016.0463 +000.1779 +001.3495 -087.1485 +001.8213 +001.9088 0
L1 02    480 +005.0145 +007.0850 +001.6788 -175.9610 +002.9342 -129.3838 0
L1 03    480 +016.1423 -000.4907 -000.8386 -091.5180 +005.2882 +092.1884 0
L1 04    480 +008.6836 +008.0129 +001.7785 -029.3184 -000.4468 +000.4047 0
L1 05    480 +014.3720 +010.1036 +001.9972 -109.6384 +000.8387 -003.6597 0
L1 06    480 +014.6616 +001.1689 -003.7329 -178.8680 +006.4650 -002.7786 0
L1 07    480 +013.3711 +001.1573 -002.9644 -087.7601 +016.1368 -071.6383 0
L1 08    480 +013.4896 +000.9582 -001.7763 +178.6594 +058.7920 +176.4755 0
L1 01    484 +016.0463 +000.1777 +001.3493 -087.1504 +001.8202 +001.9068 0
L1 02    484 +005.0145 +007.0850 +001.6788 -175.9610 +002.9340 -129.3837 0
L1 03    484 +016.1423 -000.4906 -000.8388 -091.5179 +005.2878 +092.1869 0
L1 04    484 +008.6837 +008.0128 +001.7785 -029.3191 -000.4464 +000.4046 0
L1 05    484 +014.3721 +010.1034 +001.9974 -109.6396 +000.8398 -003.6593 0
L1 06    484 +014.6615 +001.1691 -003.7329 -178.8664 +006.4645 -002.7790 0
L1 07    484 +013.3710 +001.1573 -002.9644 -087.7591 +016.1371 -071.6393 0
L1 08    484 +013.4895 +000.9582 -001.7763 +178.6600 +058.7915 +176.4761 0
L1 01    488 +016.0463 +000.1777 +001.3494 -087.1514 +001.8213 +001.9080 0
L1 02    488 +005.0145 +007.0849 +001.6788 -175.9613 +002.9341 -129.3836 0
L1 03    488 +016.1424 -000.4907 -000.8389 -091.5184 +005.2881 +092.1869 0
L1 04    488 +008.6837 +008.0128 +001.7785 -029.3193 -000.4468 +000.4049 0
L1 05    488 +014.3722 +010.1035 +001.9969 -109.6396 +000.8380 -003.6619 0
L1 06    488 +014.6615 +001.1687 -003.7331 -178.8687 +006.4635 -002.7780 0
L1 07    488 +013.3710 +001.1572 -002.9645 -087.7605 +016.1380 -071.6399 0
L1 08    488 +013.4896 +000.9582 -001.7763 +178.6606 +058.7921 +176.4763 0
L1 01    492 +016.0463 +000.1777 +001.3493 -087.1528 +001.8215 +001.9079 0
L1 02    492 +005.0145 +007.0849 +001.6788 -175.9613 +002.9345 -129.3836 0
L1 03    492 +016.1424 -000.4908 -000.8388 -091.5198 +005.2882 +092.1878 0
L1 04    492 +008.6837 +008.0128 +001.7785 -029.3198 -000.4473 +000.4049 0
L1 05    492 +014.3723 +010.1031 +001.9972 -109.6420 +000.8392 -003.6613 0
L1 06    492 +014.6617 +001.1687 -003.7329 -178.8685 +006.4655 -002.7773 0
L1 07    492 +013.3711 +001.1571 -002.9645 -087.7609 +016.1375 -071.6390 0
L1 08    492 +013.4896 +000.9581 -001.7763 +178.6600 +058.7924 +176.4770 0
L1 01    496 +016.0463 +000.1778 +001.3494 -087.1537 +001.8221 +001.9088 0
L1 02    496 +005.0145 +007.0849 +001.6788 -175.9612 +002.9345 -129.3834 0
L1 03    496 +016.1424 -000.4910 -000.8386 -091.5210 +005.2887 +092.1889 0
L1 04    496 +008.6837 +008.0128 +001.7785 -029.3196 -000.4472 +000.4048 0
L1 05    496 +014.3725 +010.1028 +001.9976 -109.6437 +000.8411 -003.6600 0
L1 06    496 +014.6616 +001.1689 -003.7330 -178.8673 +006.4644 -002.7782 0
L1 07    496 +013.3711 +001.1572 -002.9646 -087.7605 +016.1373 -071.6397 0
L1 08    496 +013.4896 +000.9581 -001.7764 +178.6591 +058.7923 +176.4762 0
L1 01    500 +016.0463 +000.1777 +001.3495 -087.1556 +001.8219 +001.9094 0
L1 02    500 +005.0146 +007.0849 +001.6788 -175.9619 +002.9346 -129.3833 0
L1 03    500 +016.1424 -000.4911 -000.8389 -091.5223 +005.2880 +092.1870 0
L1 04    500 +008.6837 +008.0127 +001.7784 -029.3203 -000.4473 +000.4044 0
L1 05    500 +014.3722 +010.1032 +001.9970 -109.6421 +000.8393 -003.6613 0
L1 06    500 +014.6615 +001.1690 -003.7331 -178.8672 +006.4636 -002.7783 0
L1 07    500 +013.3711 +001.1572 -002.9645 -087.7603 +016.1372 -071.6391 0
L1 08    500 +013.4896 +000.9581 -001.7763 +178.6591 +058.7928 +176.4770 0
L1 01    504 +016.0463 +000.1774 +001.3497 -087.1593 +001.8207 +001.9112 0
L1 02    504 +005.0146 +007.0849 +001.6788 -175.9622 +002.9344 -129.3830 0
L1 03    504 +016.1424 -000.4912 -000.8387 -091.5225 +005.2878 +092.1883 0
L1 04    504 +008.6838 +008.0127 +001.7785 -029.3207 -000.4476 +000.4046 0
L1 05    504 +014.3723 +010.1031 +001.9970 -109.6428 +000.8391 -003.6619 0
L1 06    504 +014.6617 +001.1687 -003.7328 -178.8693 +006.4656 -002.7767 0
L1 07    504 +013.3711 +001.1571 -002.9644 -087.7607 +016.1375 -071.6392 0
L1 08    504 +013.4896 +000.9580 -001.7763 +178.6591 +058.7926 +176.4776 0
