L1 01      3 +016.0131 +000.1836 +001.3517 -086.1333 -001.0662 +001.7680 0
L1 02      3 +004.5078 +007.3621 +001.6843 -175.5899 +001.4951 -130.3236 0
L1 03      3 +016.1013 -000.5528 -000.8401 -091.5434 +003.3363 +092.2883 0
L1 04      3 +008.7539 +008.7681 +001.7861 -038.0279 +000.0753 +000.4795 0
L1 05      3 +014.3987 +010.0363 +001.9695 -107.9556 +000.9533 -010.7881 0
L1 06      3 +016.0012 +000.9430 -004.0652 -026.5804 +087.4950 +156.4265 0
L1 07      3 +016.1238 +000.9272 -005.1077 -095.3345 -001.3641 +089.3389 0
L1 08      3 +015.9784 +000.8697 -005.8141 -060.0929 -077.3704 +056.9061 0
L1 01      8 +016.0131 +000.1835 +001.3519 -086.1345 -001.0664 +001.7698 0
L1 02      8 +004.5078 +007.3620 +001.6843 -175.5907 +001.4941 -130.3202 0
L1 03      8 +016.1014 -000.5529 -000.8402 -091.5446 +003.3361 +092.2886 0
L1 04      8 +008.7540 +008.7679 +001.7861 -038.0292 +000.0754 +000.4793 0
L1 05      8 +014.3990 +010.0359 +001.9701 -107.9583 +000.9558 -010.7895 0
L1 06      8 +016.0012 +000.9427 -004.0653 -026.6110 +087.4934 +156.3984 0
L1 07      8 +016.1239 +000.9268 -005.1075 -095.3368 -001.3618 +089.3402 0
L1 08      8 +015.9784 +000.8696 -005.8141 -060.0931 -077.3703 +056.9053 0
L1 01     12 +016.0131 +000.1837 +001.3518 -086.1326 -001.0659 +001.7680 0
L1 02     12 +004.5078 +007.3620 +001.6843 -175.5891 +001.4935 -130.3153 0
L1 03     12 +016.1014 -000.5530 -000.8402 -091.5446 +003.3360 +092.2881 0
L1 04     12 +008.7540 +008.7680 +001.7861 -038.0286 +000.0751 +000.4788 0
L1 05     12 +014.3988 +010.0361 +001.9699 -107.9563 +000.9534 -010.7893 0
L1 06     12 +016.0012 +000.9431 -004.0653 -026.5880 +087.4941 +156.4177 0
L1 07     12 +016.1239 +000.9271 -005.1076 -095.3339 -001.3617 +089.3394 0
L1 08     12 +015.9784 +000.8697 -005.8141 -060.0912 -077.3702 +056.9048 0
L1 01     16 +016.0131 +000.1836 +001.3519 -086.1333 -001.0660 +001.7692 0
L1 02     16 +004.5078 +007.3620 +001.6843 -175.5896 +001.4931 -130.3162 0
L1 03     16 +016.1014 -000.5530 -000.8401 -091.5445 +003.3355 +092.2885 0
L1 04     16 +008.7539 +008.7680 +001.7861 -038.0286 +000.0752 +000.4794 0
L1 05     16 +014.3991 +010.0358 +001.9697 -107.9590 +000.9523 -010.7906 0
L1 06     16 +016.0012 +000.9429 -004.0654 -026.6400 +087.4935 +156.3669 0
L1 07     16 +016.1239 +000.9268 -005.1077 -095.3361 -001.3608 +089.3399 0
L1 08     16 +015.9784 +000.8695 -005.8141 -060.0901 -077.3707 +056.9030 0
L1 01     20 +016.0131 +000.1836 +001.3520 -086.1331 -001.0657 +001.7702 0
L1 02     20 +004.5078 +007.3620 +001.6843 -175.5905 +001.4944 -130.3220 0
L1 03     20 +016.1013 -000.5529 -000.8401 -091.5443 +003.3357 +092.2892 0
L1 04     20 +008.7539 +008.7680 +001.7861 -038.0285 +000.0752 +000.4796 0
L1 05     20 +014.3988 +010.0362 +001.9692 -107.9559 +000.9508 -010.7920 0
L1 06     20 +016.0012 +000.9425 -004.0654 -026.6283 +087.4934 +156.3812 0
L1 07     20 +016.1238 +000.9270 -005.1078 -095.3357 -001.3572 +089.3406 0
L1 08     20 +015.9785 +000.8694 -005.8141 -060.1009 -077.3721 +056.9124 0
L1 01     24 +016.0131 +000.1836 +001.3518 -086.1329 -001.0652 +001.7687 0
L1 02     24 +004.5078 +007.3620 +001.6843 -175.5907 +001.4956 -130.3270 0
L1 03     24 +016.1013 -000.5529 -000.8402 -091.5444 +003.3358 +092.2879 0
L1 04     24 +008.7539 +008.7680 +001.7861 -038.0284 +000.0753 +000.4792 0
L1 05     24 +014.3989 +010.0360 +001.9696 -107.9575 +000.9535 -010.7899 0
L1 06     24 +016.0012 +000.9427 -004.0653 -026.6140 +087.4935 +156.3954 0
L1 07     24 +016.1239 +000.9270 -005.1076 -095.3371 -001.3549 +089.3423 0
L1 08     24 +015.9785 +000.8695 -005.8141 -060.1134 -077.3705 +056.9243 0
L1 01     28 +016.0130 +000.1835 +001.3518 -086.1337 -001.0649 +001.7683 0
L1 02     28 +004.5077 +007.3621 +001.6843 -175.5899 +001.4954 -130.3242 0
L1 03     28 +016.1014 -000.5530 -000.8402 -091.5452 +003.3360 +092.2888 0
L1 04     28 +008.7539 +008.7680 +001.7861 -038.0288 +000.0757 +000.4793 0
L1 05     28 +014.3988 +010.0360 +001.9697 -107.9570 +000.9548 -010.7888 0
L1 06     28 +016.0012 +000.9429 -004.0654 -026.5408 +087.4913 +156.4693 0
L1 07     28 +016.1241 +000.9271 -005.1073 -095.3374 -001.3504 +089.3498 0
L1 08     28 +015.9787 +000.8694 -005.8140 -060.2222 -077.3710 +057.0240 0
L1 01     32 +016.0131 +000.1835 +001.3518 -086.1341 -001.0637 +001.7690 0
L1 02     32 +004.5077 +007.3620 +001.6843 -175.5893 +001.4941 -130.3177 0
L1 03     32 +016.1015 -000.5530 -000.8402 -091.5460 +003.3390 +092.2927 0
L1 04     32 +008.7539 +008.7680 +001.7861 -038.0287 +000.0755 +000.4794 0
L1 05     32 +014.3987 +010.0363 +001.9696 -107.9561 +000.9533 -010.7879 0
L1 06     32 +016.0018 +000.9433 -004.0655 -026.2506 +087.4800 +156.7651 0
L1 07     32 +016.1252 +000.9275 -005.1068 -095.3482 -001.3374 +089.3720 0
L1 08     32 +015.9801 +000.8700 -005.8139 -060.4173 -077.3699 +057.2044 0
L1 01     36 +016.0131 +000.1835 +001.3517 -086.1344 -001.0634 +001.7697 0
L1 02     36 +004.5078 +007.3620 +001.6843 -175.5898 +001.4932 -130.3155 0
L1 03     36 +016.1016 -000.5529 -000.8401 -091.5470 +003.3422 +092.2974 0
L1 04     36 +008.7540 +008.7680 +001.7861 -038.0287 +000.0754 +000.4794 0
L1 05     36 +014.3992 +010.0356 +001.9690 -107.9600 +000.9511 -010.7913 0
L1 06     36 +016.0024 +000.9435 -004.0649 -026.0733 +087.4742 +156.9485 0
L1 07     36 +016.1257 +000.9276 -005.1068 -095.3518 -001.3301 +089.3783 0
L1 08     36 +015.9806 +000.8697 -005.8137 -060.5136 -077.3578 +057.2886 0
L1 01     40 +016.0131 +000.1837 +001.3515 -086.1331 -001.0622 +001.7685 0
L1 02     40 +004.5078 +007.3620 +001.6843 -175.5904 +001.4945 -130.3203 0
L1 03     40 +016.1016 -000.5531 -000.8399 -091.5478 +003.3416 +092.2966 0
L1 04     40 +008.7539 +008.7680 +001.7861 -038.0281 +000.0755 +000.4793 0
L1 05     40 +014.3991 +010.0359 +001.9694 -107.9592 +000.9518 -010.7903 0
L1 06     40 +016.0022 +000.9435 -004.0651 -026.1980 +087.4783 +156.8217 0
L1 07     40 +016.1257 +000.9276 -005.1067 -095.3504 -001.3291 +089.3747 0
L1 08     40 +015.9804 +000.8699 -005.8135 -060.5015 -077.3366 +057.2857 0
L1 01     44 +016.0131 +000.1834 +001.3516 -086.1352 -001.0627 +001.7686 0
L1 02     44 +004.5078 +007.3620 +001.6843 -175.5913 +001.4955 -130.3263 0
L1 03     44 +016.1015 -000.5530 -000.8400 -091.5484 +003.3404 +092.2924 0
L1 04     44 +008.7540 +008.7679 +001.7861 -038.0290 +000.0756 +000.4793 0
L1 05     44 +014.3992 +010.0355 +001.9695 -107.9618 +000.9534 -010.7903 0
L1 06     44 +016.0017 +000.9432 -004.0654 -026.4053 +087.4936 +156.6121 0
L1 07     44 +016.1249 +000.9277 -005.1069 -095.3437 -001.3327 +089.3569 0
L1 08     44 +015.9791 +000.8699 -005.8141 -060.3435 -077.3133 +057.1440 0
L1 01     48 +016.0131 +000.1835 +001.3516 -086.1332 -001.0638 +001.7671 0
L1 02     48 +004.5078 +007.3621 +001.6843 -175.5900 +001.4956 -130.3268 0
L1 03     48 +016.1014 -000.5530 -000.8401 -091.5451 +003.3375 +092.2884 0
L1 04     48 +008.7539 +008.7680 +001.7861 -038.0281 +000.0755 +000.4791 0
L1 05     48 +014.3987 +010.0364 +001.9693 -107.9542 +000.9523 -010.7895 0
L1 06     48 +016.0012 +000.9432 -004.0654 -026.4713 +087.4989 +156.5371 0
L1 07     48 +016.1242 +000.9275 -005.1070 -095.3331 -001.3429 +089.3500 0
L1 08     48 +015.9784 +000.8694 -005.8141 -060.2172 -077.3375 +057.0278 0
L1 01     52 +016.0131 +000.1833 +001.3517 -086.1343 -001.0653 +001.7675 0
L1 02     52 +004.5078 +007.3620 +001.6843 -175.5905 +001.4948 -130.3228 0
L1 03     52 +016.1013 -000.5529 -000.8401 -091.5432 +003.3333 +092.2881 0
L1 04     52 +008.7539 +008.7680 +001.7861 -038.0283 +000.0755 +000.4793 0
L1 05     52 +014.3989 +010.0360 +001.9698 -107.9575 +000.9539 -010.7895 0
L1 06     52 +016.0011 +000.9428 -004.0654 -026.6172 +087.4931 +156.3906 0
L1 07     52 +016.1238 +000.9269 -005.1075 -095.3338 -001.3471 +089.3463 0
L1 08     52 +015.9783 +000.8692 -005.8143 -060.1276 -077.3717 +056.9354 0
L1 01     56 +016.0131 +000.1833 +001.3520 -086.1343 -001.0656 +001.7693 0
L1 02     56 +004.5078 +007.3620 +001.6843 -175.5902 +001.4933 -130.3148 0
L1 03     56 +016.1013 -000.5529 -000.8401 -091.5440 +003.3346 +092.2884 0
L1 04     56 +008.7539 +008.7680 +001.7861 -038.0286 +000.0754 +000.4794 0
L1 05     56 +014.3992 +010.0355 +001.9699 -107.9601 +000.9554 -010.7889 0
L1 06     56 +016.0011 +000.9428 -004.0654 -026.6445 +087.4947 +156.3629 0
L1 07     56 +016.1239 +000.9271 -005.1071 -095.3330 -001.3424 +089.3476 0
L1 08     56 +015.9782 +000.8692 -005.8142 -060.1240 -077.3639 +056.9338 0
L1 01     60 +016.0131 +000.1837 +001.3518 -086.1312 -001.0650 +001.7684 0
L1 02     60 +004.5077 +007.3620 +001.6843 -175.5887 +001.4931 -130.3138 0
L1 03     60 +016.1013 -000.5530 -000.8401 -091.5441 +003.3363 +092.2882 0
L1 04     60 +008.7539 +008.7681 +001.7861 -038.0278 +000.0753 +000.4793 0
L1 05     60 +014.3990 +010.0360 +001.9694 -107.9568 +000.9550 -010.7895 0
L1 06     60 +016.0011 +000.9430 -004.0652 -026.7072 +087.4930 +156.2981 0
L1 07     60 +016.1239 +000.9272 -005.1072 -095.3313 -001.3357 +089.3476 0
L1 08     60 +015.9783 +000.8694 -005.8143 -060.1577 -077.3473 +056.9723 0
L1 01     64 +016.0132 +000.1836 +001.3521 -086.1320 -001.0621 +001.7735 0
L1 02     64 +004.5078 +007.3621 +001.6840 -175.5919 +001.4986 -130.3393 0
L1 03     64 +016.1015 -000.5529 -000.8398 -091.5442 +003.3403 +092.2936 0
L1 04     64 +008.7539 +008.7680 +001.7859 -038.0288 +000.0762 +000.4763 0
L1 05     64 +014.3989 +010.0361 +001.9694 -107.9553 +000.9535 -010.7848 0
L1 06     64 +016.0015 +000.9434 -004.0650 -026.6224 +087.4924 +156.3840 0
L1 07     64 +016.1244 +000.9275 -005.1067 -095.3339 -001.3291 +089.3530 0
L1 08     64 +015.9791 +000.8697 -005.8136 -060.1901 -077.3452 +057.0017 0
L1 01     68 +016.0133 +000.1836 +001.3530 -086.1347 -001.0523 +001.7856 0
L1 02     68 +004.5079 +007.3625 +001.6840 -175.5963 +001.5142 -130.3961 0
L1 03     68 +016.1025 -000.5521 -000.8390 -091.5423 +003.3562 +092.3104 0
L1 04     68 +008.7540 +008.7679 +001.7861 -038.0292 +000.0607 +000.4781 0
L1 05     68 +014.3991 +010.0360 +001.9703 -107.9558 +000.9437 -010.7717 0
L1 06     68 +016.0037 +000.9454 -004.0636 -025.9619 +087.4778 +157.0434 0
L1 07     68 +016.1272 +000.9291 -005.1054 -095.3360 -001.3083 +089.3796 0
L1 08     68 +015.9821 +000.8726 -005.8123 -060.3118 -077.3520 +057.1298 0
L1 01     72 +016.0131 +000.1835 +001.3525 -086.1337 -001.0620 +001.7711 0
L1 02     72 +004.5078 +007.3622 +001.6843 -175.5912 +001.5000 -130.3279 0
L1 03     72 +016.1016 -000.5532 -000.8393 -091.5466 +003.3356 +092.2899 0
L1 04     72 +008.7540 +008.7680 +001.7862 -038.0282 +000.0676 +000.4790 0
L1 05     72 +014.3990 +010.0360 +001.9704 -107.9563 +000.9440 -010.7751 0
L1 06     72 +016.0012 +000.9433 -004.0647 -026.6305 +087.4942 +156.3735 0
L1 07     72 +016.1243 +000.9271 -005.1065 -095.3340 -001.3344 +089.3500 0
L1 08     72 +015.9784 +000.8688 -005.8137 -060.1405 -077.3596 +056.9516 0
L1 01     76 +016.0130 +000.1832 +001.3523 -086.1337 -001.0743 +001.7614 0
L1 02     76 +004.5077 +007.3612 +001.6844 -175.5805 +001.4714 -130.1991 0
L1 03     76 +016.1010 -000.5537 -000.8396 -091.5437 +003.3164 +092.2797 0
L1 04     76 +008.7540 +008.7680 +001.7861 -038.0289 +000.0729 +000.4785 0
L1 05     76 +014.3989 +010.0359 +001.9708 -107.9581 +000.9496 -010.7754 0
L1 06     76 +016.0001 +000.9406 -004.0658 -027.1285 +087.4974 +155.8806 0
L1 07     76 +016.1229 +000.9249 -005.1071 -095.3334 -001.3568 +089.3407 0
L1 08     76 +015.9770 +000.8668 -005.8143 -060.0342 -077.3756 +056.8423 0
L1 01     80 +016.0131 +000.1837 +001.3524 -086.1294 -001.0605 +001.7737 0
L1 02     80 +004.5077 +007.3616 +001.6841 -175.5841 +001.4825 -130.2593 0
L1 03     80 +016.1015 -000.5530 -000.8395 -091.5435 +003.3408 +092.2922 0
L1 04     80 +008.7539 +008.7680 +001.7860 -038.0280 +000.0716 +000.4778 0
L1 05     80 +014.3989 +010.0360 +001.9704 -107.9573 +000.9517 -010.7736 0
L1 06     80 +016.0017 +000.9432 -004.0643 -026.4346 +087.4946 +156.5725 0
L1 07     80 +016.1242 +000.9274 -005.1065 -095.3306 -001.3302 +089.3529 0
L1 08     80 +015.9791 +000.8698 -005.8133 -060.1599 -077.3603 +056.9724 0
L1 01     84 +016.0132 +000.1836 +001.3528 -086.1340 -001.0556 +001.7826 0
L1 02     84 +004.5080 +007.3626 +001.6838 -175.5995 +001.5168 -130.4215 0
L1 03     84 +016.1021 -000.5524 -000.8394 -091.5454 +003.3537 +092.3032 0
L1 04     84 +008.7540 +008.7680 +001.7861 -038.0285 +000.0718 +000.4787 0
L1 05     84 +014.3990 +010.0359 +001.9705 -107.9576 +000.9567 -010.7691 0
L1 06     84 +016.0031 +000.9443 -004.0638 -026.0693 +087.4845 +156.9421 0
L1 07     84 +016.1261 +000.9286 -005.1059 -095.3374 -001.2992 +089.3719 0
L1 08     84 +015.9808 +000.8713 -005.8129 -060.2602 -077.3482 +057.0728 0
L1 01     88 +016.0132 +000.1833 +001.3527 -086.1367 -001.0581 +001.7784 0
L1 02     88 +004.5080 +007.3629 +001.6840 -175.6020 +001.5242 -130.4447 0
L1 03     88 +016.1020 -000.5526 -000.8393 -091.5440 +003.3437 +092.2974 0
L1 04     88 +008.7540 +008.7679 +001.7860 -038.0292 +000.0707 +000.4783 0
L1 05     88 +014.3993 +010.0355 +001.9708 -107.9598 +000.9546 -010.7727 0
L1 06     88 +016.0024 +000.9434 -004.0642 -026.5025 +087.4856 +156.5079 0
L1 07     88 +016.1253 +000.9270 -005.1064 -095.3402 -001.3156 +089.3573 0
L1 08     88 +015.9798 +000.8706 -005.8131 -060.1957 -077.3502 +057.0111 0
L1 01     92 +016.0133 +000.1836 +001.3530 -086.1334 -001.0570 +001.7817 0
L1 02     92 +004.5078 +007.3620 +001.6842 -175.5905 +001.4990 -130.3173 0
L1 03     92 +016.1020 -000.5525 -000.8390 -091.5429 +003.3463 +092.3015 0
L1 04     92 +008.7540 +008.7680 +001.7861 -038.0280 +000.0673 +000.4786 0
L1 05     92 +014.3990 +010.0360 +001.9709 -107.9551 +000.9466 -010.7729 0
L1 06     92 +016.0026 +000.9437 -004.0637 -026.4065 +087.4819 +156.6013 0
L1 07     92 +016.1256 +000.9280 -005.1060 -095.3333 -001.3148 +089.3638 0
L1 08     92 +015.9803 +000.8705 -005.8128 -060.2181 -077.3507 +057.0334 0
L1 01     96 +016.0133 +000.1834 +001.3529 -086.1349 -001.0570 +001.7797 0
L1 02     96 +004.5077 +007.3614 +001.6843 -175.5833 +001.4800 -130.2328 0
L1 03     96 +016.1020 -000.5528 -000.8390 -091.5453 +003.3439 +092.2996 0
L1 04     96 +008.7540 +008.7679 +001.7861 -038.0294 +000.0664 +000.4780 0
L1 05     96 +014.3992 +010.0357 +001.9704 -107.9601 +000.9391 -010.7728 0
L1 06     96 +016.0024 +000.9436 -004.0642 -026.4993 +087.4858 +156.5089 0
L1 07     96 +016.1255 +000.9275 -005.1058 -095.3376 -001.3183 +089.3639 0
L1 08     96 +015.9801 +000.8702 -005.8127 -060.2085 -077.3537 +057.0227 0
L1 01    100 +016.0133 +000.1834 +001.3530 -086.1341 -001.0591 +001.7790 0
L1 02    100 +004.5078 +007.3618 +001.6840 -175.5876 +001.4906 -130.2884 0
L1 03    100 +016.1020 -000.5527 -000.8387 -091.5428 +003.3392 +092.2997 0
L1 04    100 +008.7540 +008.7679 +001.7861 -038.0288 +000.0662 +000.4778 0
L1 05    100 +014.3993 +010.0356 +001.9703 -107.9601 +000.9394 -010.7691 0
L1 06    100 +016.0024 +000.9433 -004.0640 -026.5244 +087.4847 +156.4834 0
L1 07    100 +016.1253 +000.9273 -005.1059 -095.3354 -001.3179 +089.3626 0
L1 08    100 +015.9800 +000.8698 -005.8128 -060.1771 -077.3606 +056.9905 0
L1 01    104 +016.0133 +000.1835 +001.3531 -086.1345 -001.0560 +001.7812 0
L1 02    104 +004.5079 +007.3622 +001.6839 -175.5940 +001.5057 -130.3604 0
L1 03    104 +016.1022 -000.5526 -000.8388 -091.5444 +003.3452 +092.3017 0
L1 04    104 +008.7540 +008.7679 +001.7859 -038.0289 +000.0671 +000.4769 0
L1 05    104 +014.3994 +010.0355 +001.9705 -107.9597 +000.9443 -010.7651 0
L1 06    104 +016.0028 +000.9436 -004.0635 -026.2552 +087.4832 +156.7542 0
L1 07    104 +016.1257 +000.9277 -005.1057 -095.3364 -001.3079 +089.3668 0
L1 08    104 +015.9806 +000.8704 -005.8127 -060.2151 -077.3541 +057.0277 0
L1 01    108 +016.0134 +000.1836 +001.3537 -086.1331 -001.0550 +001.7879 0
L1 02    108 +004.5079 +007.3624 +001.6840 -175.5955 +001.5093 -130.3731 0
L1 03    108 +016.1023 -000.5524 -000.8386 -091.5428 +003.3510 +092.3051 0
L1 04    108 +008.7540 +008.7680 +001.7860 -038.0287 +000.0675 +000.4771 0
L1 05    108 +014.3993 +010.0357 +001.9709 -107.9579 +000.9475 -010.7619 0
L1 06    108 +016.0031 +000.9444 -004.0634 -026.1470 +087.4860 +156.8602 0
L1 07    108 +016.1262 +000.9291 -005.1045 -095.3303 -001.2953 +089.3697 0
L1 08    108 +015.9807 +000.8713 -005.8125 -060.2150 -077.3371 +057.0373 0
L1 01    112 +016.0134 +000.1836 +001.3540 -086.1325 -001.0544 +001.7908 0
L1 02    112 +004.5079 +007.3622 +001.6840 -175.5937 +001.5054 -130.3530 0
L1 03    112 +016.1023 -000.5521 -000.8385 -091.5410 +003.3516 +092.3048 0
L1 04    112 +008.7540 +008.7679 +001.7860 -038.0286 +000.0674 +000.4765 0
L1 05    112 +014.3993 +010.0357 +001.9710 -107.9575 +000.9453 -010.7618 0
L1 06    112 +016.0030 +000.9446 -004.0633 -026.1448 +087.4936 +156.8596 0
L1 07    112 +016.1257 +000.9297 -005.1047 -095.3261 -001.2876 +089.3606 0
L1 08    112 +015.9803 +000.8718 -005.8125 -060.2161 -077.2905 +057.0533 0
L1 01    116 +016.0134 +000.1832 +001.3539 -086.1356 -001.0498 +001.7910 0
L1 02    116 +004.5078 +007.3621 +001.6840 -175.5921 +001.5015 -130.3337 0
L1 03    116 +016.1024 -000.5517 -000.8383 -091.5430 +003.3686 +092.3034 0
L1 04    116 +008.7540 +008.7678 +001.7859 -038.0300 +000.0649 +000.4749 0
L1 05    116 +014.3992 +010.0357 +001.9707 -107.9576 +000.9408 -010.7615 0
L1 06    116 +016.0029 +000.9466 -004.0623 -025.4796 +087.5159 +157.5249 0
L1 07    116 +016.1253 +000.9323 -005.1045 -095.3238 -001.2443 +089.3456 0
L1 08    116 +015.9800 +000.8751 -005.8122 -060.2740 -077.2171 +057.1281 0
L1 01    120 +016.0135 +000.1839 +001.3542 -086.1309 -001.0482 +001.7943 0
L1 02    120 +004.5078 +007.3619 +001.6840 -175.5887 +001.4944 -130.3013 0
L1 03    120 +016.1024 -000.5516 -000.8381 -091.5395 +003.3701 +092.3049 0
L1 04    120 +008.7540 +008.7679 +001.7859 -038.0282 +000.0636 +000.4741 0
L1 05    120 +014.3989 +010.0362 +001.9707 -107.9548 +000.9370 -010.7588 0
L1 06    120 +016.0027 +000.9464 -004.0628 -025.4782 +087.5248 +157.5235 0
L1 07    120 +016.1251 +000.9327 -005.1049 -095.3174 -001.2415 +089.3396 0
L1 08    120 +015.9798 +000.8758 -005.8121 -060.2283 -077.2017 +057.0988 0
L1 01    124 +016.0135 +000.1839 +001.3541 -086.1306 -001.0493 +001.7933 0
L1 02    124 +004.5078 +007.3619 +001.6840 -175.5892 +001.4939 -130.3032 0
L1 03    124 +016.1024 -000.5516 -000.8382 -091.5391 +003.3665 +092.3028 0
L1 04    124 +008.7540 +008.7679 +001.7858 -038.0288 +000.0636 +000.4731 0
L1 05    124 +014.3989 +010.0360 +001.9711 -107.9550 +000.9387 -010.7560 0
L1 06    124 +016.0026 +000.9454 -004.0630 -025.7986 +087.5217 +157.2063 0
L1 07    124 +016.1252 +000.9309 -005.1047 -095.3246 -001.2511 +089.3407 0
L1 08    124 +015.9796 +000.8749 -005.8123 -060.1211 -077.2394 +056.9873 0
L1 01    128 +016.0135 +000.1839 +001.3541 -086.1306 -001.0494 +001.7937 0
L1 02    128 +004.5078 +007.3621 +001.6839 -175.5927 +001.5018 -130.3408 0
L1 03    128 +016.1025 -000.5517 -000.8383 -091.5398 +003.3649 +092.3044 0
L1 04    128 +008.7540 +008.7679 +001.7858 -038.0289 +000.0645 +000.4733 0
L1 05    128 +014.3990 +010.0360 +001.9708 -107.9550 +000.9371 -010.7563 0
L1 06    128 +016.0029 +000.9457 -004.0628 -026.0175 +087.5064 +156.9832 0
L1 07    128 +016.1255 +000.9310 -005.1048 -095.3232 -001.2595 +089.3499 0
L1 08    128 +015.9802 +000.8743 -005.8121 -060.0196 -077.3169 +056.8745 0
L1 01    132 +016.0135 +000.1838 +001.3540 -086.1322 -001.0501 +001.7923 0
L1 02    132 +004.5079 +007.3624 +001.6839 -175.5958 +001.5097 -130.3751 0
L1 03    132 +016.1026 -000.5523 -000.8381 -091.5429 +003.3528 +092.3063 0
L1 04    132 +008.7540 +008.7679 +001.7858 -038.0293 +000.0652 +000.4729 0
L1 05    132 +014.3993 +010.0356 +001.9707 -107.9587 +000.9375 -010.7568 0
L1 06    132 +016.0031 +000.9445 -004.0635 -026.8281 +087.4846 +156.1743 0
L1 07    132 +016.1260 +000.9288 -005.1049 -095.3279 -001.2997 +089.3648 0
L1 08    132 +015.9808 +000.8711 -005.8122 -059.8579 -077.4385 +056.6845 0
L1 01    136 +016.0135 +000.1837 +001.3541 -086.1324 -001.0542 +001.7924 0
L1 02    136 +004.5079 +007.3623 +001.6839 -175.5948 +001.5067 -130.3604 0
L1 03    136 +016.1025 -000.5527 -000.8379 -091.5432 +003.3424 +092.3097 0
L1 04    136 +008.7540 +008.7678 +001.7857 -038.0296 +000.0649 +000.4726 0
L1 05    136 +014.3996 +010.0353 +001.9711 -107.9594 +000.9391 -010.7539 0
L1 06    136 +016.0032 +000.9429 -004.0637 -027.3943 +087.4626 +155.6088 0
L1 07    136 +016.1267 +000.9262 -005.1041 -095.3328 -001.3217 +089.3804 0
L1 08    136 +015.9811 +000.8693 -005.8117 -059.7148 -077.5397 +056.5218 0
L1 01    140 +016.0135 +000.1839 +001.3542 -086.1290 -001.0565 +001.7918 0
L1 02    140 +004.5078 +007.3621 +001.6840 -175.5910 +001.4997 -130.3252 0
L1 03    140 +016.1026 -000.5526 -000.8378 -091.5395 +003.3378 +092.3103 0
L1 04    140 +008.7539 +008.7679 +001.7857 -038.0284 +000.0634 +000.4720 0
L1 05    140 +014.3990 +010.0363 +001.9711 -107.9537 +000.9386 -010.7520 0
L1 06    140 +016.0032 +000.9429 -004.0637 -027.6799 +087.4536 +155.3171 0
L1 07    140 +016.1266 +000.9262 -005.1042 -095.3286 -001.3260 +089.3831 0
L1 08    140 +015.9812 +000.8690 -005.8117 -059.5893 -077.6044 +056.3907 0
L1 01    144 +016.0134 +000.1835 +001.3541 -086.1335 -001.0581 +001.7899 0
L1 02    144 +004.5078 +007.3618 +001.6839 -175.5902 +001.4941 -130.3017 0
L1 03    144 +016.1025 -000.5531 -000.8377 -091.5448 +003.3350 +092.3084 0
L1 04    144 +008.7540 +008.7678 +001.7857 -038.0301 +000.0627 +000.4715 0
L1 05    144 +014.3990 +010.0359 +001.9708 -107.9572 +000.9349 -010.7504 0
L1 06    144 +016.0032 +000.9421 -004.0638 -027.9240 +087.4522 +155.0790 0
L1 07    144 +016.1264 +000.9251 -005.1046 -095.3348 -001.3335 +089.3794 0
L1 08    144 +015.9809 +000.8681 -005.8118 -059.4741 -077.6372 +056.2624 0
L1 01    148 +016.0134 +000.1838 +001.3544 -086.1312 -001.0585 +001.7914 0
L1 02    148 +004.5078 +007.3619 +001.6839 -175.5910 +001.4966 -130.3156 0
L1 03    148 +016.1025 -000.5529 -000.8377 -091.5423 +003.3366 +092.3082 0
L1 04    148 +008.7540 +008.7679 +001.7856 -038.0294 +000.0624 +000.4708 0
L1 05    148 +014.3991 +010.0359 +001.9709 -107.9567 +000.9353 -010.7496 0
L1 06    148 +016.0034 +000.9426 -004.0630 -027.7334 +087.4519 +155.2667 0
L1 07    148 +016.1264 +000.9263 -005.1045 -095.3292 -001.3239 +089.3762 0
L1 08    148 +015.9807 +000.8691 -005.8117 -059.4439 -077.6421 +056.2387 0
L1 01    152 +016.0134 +000.1835 +001.3543 -086.1334 -001.0573 +001.7920 0
L1 02    152 +004.5079 +007.3621 +001.6838 -175.5930 +001.5025 -130.3419 0
L1 03    152 +016.1025 -000.5527 -000.8378 -091.5425 +003.3395 +092.3084 0
L1 04    152 +008.7540 +008.7678 +001.7856 -038.0293 +000.0625 +000.4706 0
L1 05    152 +014.3992 +010.0356 +001.9710 -107.9575 +000.9359 -010.7498 0
L1 06    152 +016.0034 +000.9431 -004.0631 -027.6529 +087.4560 +155.3458 0
L1 07    152 +016.1263 +000.9268 -005.1051 -095.3267 -001.3183 +089.3735 0
L1 08    152 +015.9810 +000.8693 -005.8114 -059.4070 -077.6615 +056.1972 0
L1 01    156 +016.0135 +000.1834 +001.3544 -086.1350 -001.0570 +001.7919 0
L1 02    156 +004.5080 +007.3623 +001.6834 -175.5954 +001.5023 -130.3528 0
L1 03    156 +016.1026 -000.5528 -000.8378 -091.5435 +003.3398 +092.3075 0
L1 04    156 +008.7543 +008.7677 +001.7853 -038.0322 +000.0643 +000.4664 0
L1 05    156 +014.3992 +010.0357 +001.9712 -107.9580 +000.9363 -010.7476 0
L1 06    156 +016.0034 +000.9431 -004.0631 -027.6123 +087.4571 +155.3884 0
L1 07    156 +016.1266 +000.9262 -005.1040 -095.3308 -001.3171 +089.3790 0
L1 08    156 +015.9810 +000.8694 -005.8114 -059.3585 -077.6774 +056.1471 0
L1 01    160 +016.0135 +000.1834 +001.3545 -086.1334 -001.0576 +001.7929 0
L1 02    160 +004.5079 +007.3621 +001.6838 -175.5943 +001.5036 -130.3449 0
L1 03    160 +016.1026 -000.5527 -000.8378 -091.5420 +003.3402 +092.3086 0
L1 04    160 +008.7541 +008.7677 +001.7856 -038.0306 +000.0624 +000.4699 0
L1 05    160 +014.3993 +010.0356 +001.9711 -107.9582 +000.9350 -010.7477 0
L1 06    160 +016.0035 +000.9433 -004.0628 -027.5215 +087.4560 +155.4774 0
L1 07    160 +016.1267 +000.9268 -005.1041 -095.3270 -001.3118 +089.3799 0
L1 08    160 +015.9810 +000.8696 -005.8115 -059.3929 -077.6646 +056.1851 0
L1 01    164 +016.0135 +000.1836 +001.3546 -086.1325 -001.0555 +001.7955 0
L1 02    164 +004.5079 +007.3620 +001.6838 -175.5925 +001.4996 -130.3257 0
L1 03    164 +016.1027 -000.5526 -000.8377 -091.5423 +003.3452 +092.3117 0
L1 04    164 +008.7541 +008.7677 +001.7855 -038.0303 +000.0618 +000.4691 0
L1 05    164 +014.3993 +010.0356 +001.9710 -107.9584 +000.9339 -010.7481 0
L1 06    164 +016.0037 +000.9433 -004.0628 -027.2701 +087.4576 +155.7335 0
L1 07    164 +016.1271 +000.9268 -005.1038 -095.3329 -001.2991 +089.3889 0
L1 08    164 +015.9816 +000.8704 -005.8112 -059.5228 -077.6292 +056.3159 0
L1 01    168 +016.0135 +000.1836 +001.3547 -086.1324 -001.0537 +001.7964 0
L1 02    168 +004.5079 +007.3619 +001.6838 -175.5906 +001.4965 -130.3101 0
L1 03    168 +016.1027 -000.5525 -000.8376 -091.5421 +003.3479 +092.3130 0
L1 04    168 +008.7541 +008.7678 +001.7855 -038.0299 +000.0615 +000.4692 0
L1 05    168 +014.3992 +010.0359 +001.9707 -107.9566 +000.9331 -010.7486 0
L1 06    168 +016.0039 +000.9438 -004.0628 -027.1905 +087.4579 +155.8115 0
L1 07    168 +016.1273 +000.9275 -005.1039 -095.3319 -001.2909 +089.3867 0
L1 08    168 +015.9818 +000.8707 -005.8113 -059.6250 -077.5910 +056.4211 0
L1 01    172 +016.0135 +000.1835 +001.3545 -086.1334 -001.0534 +001.7950 0
L1 02    172 +004.5079 +007.3619 +001.6838 -175.5914 +001.4978 -130.3164 0
L1 03    172 +016.1028 -000.5524 -000.8375 -091.5417 +003.3473 +092.3139 0
L1 04    172 +008.7541 +008.7678 +001.7855 -038.0299 +000.0615 +000.4690 0
L1 05    172 +014.3990 +010.0361 +001.9708 -107.9554 +000.9314 -010.7472 0
L1 06    172 +016.0040 +000.9439 -004.0626 -027.1985 +087.4562 +155.8043 0
L1 07    172 +016.1272 +000.9280 -005.1040 -095.3298 -001.2872 +089.3871 0
L1 08    172 +015.9819 +000.8707 -005.8111 -059.7036 -077.5722 +056.5009 0
L1 01    176 +016.0135 +000.1838 +001.3547 -086.1302 -001.0529 +001.7982 0
L1 02    176 +004.5079 +007.3620 +001.6838 -175.5928 +001.5015 -130.3339 0
L1 03    176 +016.1028 -000.5522 -000.8374 -091.5395 +003.3499 +092.3159 0
L1 04    176 +008.7540 +008.7678 +001.7855 -038.0294 +000.0617 +000.4689 0
L1 05    176 +014.3991 +010.0360 +001.9713 -107.9555 +000.9342 -010.7445 0
L1 06    176 +016.0041 +000.9439 -004.0626 -027.0362 +087.4569 +155.9680 0
L1 07    176 +016.1273 +000.9281 -005.1040 -095.3306 -001.2810 +089.3884 0
L1 08    176 +015.9822 +000.8713 -005.8109 -059.8223 -077.5279 +056.6278 0
L1 01    180 +016.0135 +000.1835 +001.3548 -086.1336 -001.0512 +001.7992 0
L1 02    180 +004.5080 +007.3621 +001.6838 -175.5954 +001.5051 -130.3515 0
L1 03    180 +016.1029 -000.5523 -000.8375 -091.5426 +003.3536 +092.3169 0
L1 04    180 +008.7541 +008.7677 +001.7855 -038.0306 +000.0619 +000.4689 0
L1 05    180 +014.3992 +010.0357 +001.9713 -107.9572 +000.9343 -010.7455 0
L1 06    180 +016.0045 +000.9437 -004.0618 -026.6157 +087.4586 +156.3982 0
L1 07    180 +016.1278 +000.9285 -005.1033 -095.3336 -001.2670 +089.3972 0
L1 08    180 +015.9824 +000.8714 -005.8111 -059.9385 -077.4725 +056.7417 0
L1 01    184 +016.0136 +000.1837 +001.3549 -086.1318 -001.0495 +001.8016 0
L1 02    184 +004.5080 +007.3621 +001.6838 -175.5948 +001.5049 -130.3483 0
L1 03    184 +016.1029 -000.5523 -000.8375 -091.5431 +003.3556 +092.3175 0
L1 04    184 +008.7541 +008.7677 +001.7855 -038.0303 +000.0621 +000.4688 0
L1 05    184 +014.3995 +010.0355 +001.9707 -107.9579 +000.9315 -010.7482 0
L1 06    184 +016.0045 +000.9445 -004.0620 -026.5005 +087.4653 +156.5089 0
L1 07    184 +016.1276 +000.9289 -005.1038 -095.3346 -001.2601 +089.3887 0
L1 08    184 +015.9824 +000.8716 -005.8114 -060.0288 -077.4297 +056.8381 0
L1 01    188 +016.0135 +000.1838 +001.3548 -086.1306 -001.0501 +001.8009 0
L1 02    188 +004.5079 +007.3621 +001.6838 -175.5927 +001.5016 -130.3345 0
L1 03    188 +016.1030 -000.5521 -000.8375 -091.5410 +003.3560 +092.3170 0
L1 04    188 +008.7540 +008.7678 +001.7855 -038.0292 +000.0613 +000.4685 0
L1 05    188 +014.3994 +010.0357 +001.9707 -107.9564 +000.9299 -010.7482 0
L1 06    188 +016.0046 +000.9444 -004.0621 -026.4462 +087.4660 +156.5626 0
L1 07    188 +016.1279 +000.9290 -005.1033 -095.3331 -001.2582 +089.3959 0
L1 08    188 +015.9826 +000.8719 -005.8112 -060.0815 -077.4129 +056.8984 0
L1 01    192 +016.0136 +000.1839 +001.3549 -086.1308 -001.0488 +001.8031 0
L1 02    192 +004.5079 +007.3620 +001.6838 -175.5930 +001.4982 -130.3198 0
L1 03    192 +016.1030 -000.5526 -000.8371 -091.5451 +003.3559 +092.3207 0
L1 04    192 +008.7541 +008.7677 +001.7855 -038.0304 +000.0613 +000.4686 0
L1 05    192 +014.3996 +010.0354 +001.9705 -107.9611 +000.9286 -010.7493 0
L1 06    192 +016.0047 +000.9443 -004.0617 -026.4077 +087.4618 +156.6036 0
L1 07    192 +016.1279 +000.9282 -005.1040 -095.3381 -001.2605 +089.3917 0
L1 08    192 +015.9828 +000.8712 -005.8110 -060.0858 -077.4221 +056.8925 0
L1 01    196 +016.0136 +000.1836 +001.3547 -086.1319 -001.0500 +001.8008 0
L1 02    196 +004.5079 +007.3620 +001.6838 -175.5920 +001.4980 -130.3197 0
L1 03    196 +016.1031 -000.5522 -000.8372 -091.5415 +003.3544 +092.3187 0
L1 04    196 +008.7541 +008.7678 +001.7855 -038.0303 +000.0613 +000.4689 0
L1 05    196 +014.3994 +010.0355 +001.9711 -107.9580 +000.9300 -010.7472 0
L1 06    196 +016.0045 +000.9443 -004.0623 -026.4001 +087.4687 +156.6084 0
L1 07    196 +016.1278 +000.9285 -005.1036 -095.3346 -001.2604 +089.3929 0
L1 08    196 +015.9827 +000.8714 -005.8110 -060.0670 -077.4184 +056.8826 0
L1 01    200 +016.0136 +000.1838 +001.3545 -086.1312 -001.0495 +001.7992 0
L1 02    200 +004.5079 +007.3620 +001.6838 -175.5926 +001.5005 -130.3311 0
L1 03    200 +016.1031 -000.5522 -000.8373 -091.5413 +003.3552 +092.3183 0
L1 04    200 +008.7541 +008.7678 +001.7855 -038.0297 +000.0614 +000.4684 0
L1 05    200 +014.3994 +010.0356 +001.9709 -107.9569 +000.9298 -010.7476 0
L1 06    200 +016.0045 +000.9442 -004.0622 -026.2473 +087.4709 +156.7619 0
L1 07    200 +016.1279 +000.9288 -005.1035 -095.3335 -001.2570 +089.3935 0
L1 08    200 +015.9827 +000.8714 -005.8110 -060.0869 -077.4121 +056.9019 0
L1 01    204 +016.0136 +000.1841 +001.3547 -086.1301 -001.0487 +001.8008 0
L1 02    204 +004.5079 +007.3621 +001.6838 -175.5936 +001.5037 -130.3452 0
L1 03    204 +016.1031 -000.5523 -000.8372 -091.5429 +003.3571 +092.3194 0
L1 04    204 +008.7540 +008.7678 +001.7855 -038.0300 +000.0616 +000.4687 0
L1 05    204 +014.3993 +010.0359 +001.9709 -107.9570 +000.9298 -010.7479 0
L1 06    204 +016.0046 +000.9442 -004.0622 -026.0962 +087.4728 +156.9150 0
L1 07    204 +016.1281 +000.9284 -005.1035 -095.3368 -001.2548 +089.3960 0
L1 08    204 +015.9828 +000.8713 -005.8111 -060.1190 -077.4039 +056.9326 0
L1 01    208 +016.0136 +000.1838 +001.3546 -086.1312 -001.0491 +001.8003 0
L1 02    208 +004.5079 +007.3621 +001.6838 -175.5945 +001.5042 -130.3461 0
L1 03    208 +016.1031 -000.5524 -000.8373 -091.5436 +003.3572 +092.3193 0
L1 04    208 +008.7541 +008.7678 +001.7854 -038.0300 +000.0614 +000.4683 0
L1 05    208 +014.3993 +010.0357 +001.9713 -107.9582 +000.9324 -010.7459 0
L1 06    208 +016.0046 +000.9444 -004.0622 -026.1747 +087.4707 +156.8351 0
L1 07    208 +016.1281 +000.9288 -005.1035 -095.3339 -001.2534 +089.3972 0
L1 08    208 +015.9829 +000.8713 -005.8111 -060.1289 -077.4003 +056.9426 0
L1 01    212 +016.0136 +000.1838 +001.3548 -086.1305 -001.0496 +001.8018 0
L1 02    212 +004.5079 +007.3621 +001.6838 -175.5934 +001.5018 -130.3350 0
L1 03    212 +016.1031 -000.5522 -000.8372 -091.5417 +003.3569 +092.3196 0
L1 04    212 +008.7540 +008.7678 +001.7855 -038.0296 +000.0611 +000.4686 0
L1 05    212 +014.3993 +010.0357 +001.9712 -107.9579 +000.9329 -010.7454 0
L1 06    212 +016.0046 +000.9443 -004.0622 -026.3053 +087.4688 +156.7038 0
L1 07    212 +016.1279 +000.9289 -005.1035 -095.3326 -001.2498 +089.3959 0
L1 08    212 +015.9828 +000.8719 -005.8110 -060.1189 -077.3997 +056.9385 0
L1 01    216 +016.0136 +000.1837 +001.3548 -086.1311 -001.0498 +001.8030 0
L1 02    216 +004.5079 +007.3620 +001.6838 -175.5925 +001.4993 -130.3234 0
L1 03    216 +016.1031 -000.5520 -000.8369 -091.5401 +003.3561 +092.3227 0
L1 04    216 +008.7541 +008.7678 +001.7855 -038.0300 +000.0610 +000.4688 0
L1 05    216 +014.3994 +010.0355 +001.9714 -107.9589 +000.9337 -010.7444 0
L1 06    216 +016.0047 +000.9441 -004.0621 -026.3692 +087.4660 +156.6410 0
L1 07    216 +016.1280 +000.9286 -005.1035 -095.3352 -001.2489 +089.3963 0
L1 08    216 +015.9829 +000.8717 -005.8108 -060.1253 -077.4019 +056.9433 0
L1 01    220 +016.0136 +000.1840 +001.3549 -086.1295 -001.0495 +001.8033 0
L1 02    220 +004.5079 +007.3620 +001.6838 -175.5923 +001.4990 -130.3231 0
L1 03    220 +016.1031 -000.5522 -000.8370 -091.5414 +003.3565 +092.3213 0
L1 04    220 +008.7541 +008.7678 +001.7855 -038.0301 +000.0611 +000.4687 0
L1 05    220 +014.3995 +010.0354 +001.9709 -107.9601 +000.9312 -010.7450 0
L1 06    220 +016.0047 +000.9442 -004.0621 -026.4066 +087.4659 +156.6036 0
L1 07    220 +016.1280 +000.9286 -005.1033 -095.3338 -001.2486 +089.3994 0
L1 08    220 +015.9829 +000.8715 -005.8110 -060.1254 -077.3990 +056.9426 0
L1 01    224 +016.0136 +000.1841 +001.3551 -086.1277 -001.0501 +001.8049 0
L1 02    224 +004.5079 +007.3620 +001.6838 -175.5927 +001.5010 -130.3320 0
L1 03    224 +016.1031 -000.5519 -000.8371 -091.5388 +003.3575 +092.3217 0
L1 04    224 +008.7540 +008.7678 +001.7856 -038.0293 +000.0610 +000.4691 0
L1 05    224 +014.3993 +010.0357 +001.9713 -107.9573 +000.9328 -010.7446 0
L1 06    224 +016.0048 +000.9443 -004.0619 -026.4155 +087.4643 +156.5932 0
L1 07    224 +016.1281 +000.9286 -005.1031 -095.3332 -001.2429 +089.4010 0
L1 08    224 +015.9829 +000.8718 -005.8109 -060.1419 -077.3913 +056.9640 0
L1 01    228 +016.0136 +000.1837 +001.3550 -086.1312 -001.0498 +001.8041 0
L1 02    228 +004.5079 +007.3621 +001.6838 -175.5947 +001.5032 -130.3433 0
L1 03    228 +016.1031 -000.5521 -000.8372 -091.5412 +003.3576 +092.3213 0
L1 04    228 +008.7541 +008.7677 +001.7856 -038.0308 +000.0614 +000.4692 0
L1 05    228 +014.3991 +010.0359 +001.9717 -107.9551 +000.9362 -010.7422 0
L1 06    228 +016.0048 +000.9443 -004.0620 -026.4554 +087.4639 +156.5548 0
L1 07    228 +016.1282 +000.9286 -005.1033 -095.3350 -001.2419 +089.4011 0
L1 08    228 +015.9830 +000.8717 -005.8111 -060.1477 -077.3895 +056.9650 0
L1 01    232 +016.0136 +000.1837 +001.3548 -086.1312 -001.0488 +001.8034 0
L1 02    232 +004.5079 +007.3621 +001.6838 -175.5941 +001.5032 -130.3438 0
L1 03    232 +016.1032 -000.5520 -000.8369 -091.5408 +003.3578 +092.3227 0
L1 04    232 +008.7541 +008.7677 +001.7855 -038.0303 +000.0613 +000.4686 0
L1 05    232 +014.3992 +010.0357 +001.9715 -107.9563 +000.9357 -010.7414 0
L1 06    232 +016.0049 +000.9442 -004.0619 -026.3807 +087.4639 +156.6298 0
L1 07    232 +016.1281 +000.9285 -005.1036 -095.3355 -001.2401 +089.3990 0
L1 08    232 +015.9831 +000.8716 -005.8109 -060.1604 -077.3887 +056.9783 0
L1 01    236 +016.0136 +000.1839 +001.3548 -086.1294 -001.0488 +001.8030 0
L1 02    236 +004.5079 +007.3621 +001.6838 -175.5926 +001.5019 -130.3373 0
L1 03    236 +016.1032 -000.5521 -000.8371 -091.5405 +003.3580 +092.3218 0
L1 04    236 +008.7540 +008.7679 +001.7855 -038.0291 +000.0609 +000.4687 0
L1 05    236 +014.3991 +010.0360 +001.9710 -107.9538 +000.9349 -010.7434 0
L1 06    236 +016.0049 +000.9446 -004.0618 -026.2192 +087.4656 +156.7873 0
L1 07    236 +016.1282 +000.9287 -005.1035 -095.3336 -001.2385 +089.4012 0
L1 08    236 +015.9831 +000.8717 -005.8108 -060.1708 -077.3857 +056.9909 0
L1 01    240 +016.0136 +000.1836 +001.3548 -086.1327 -001.0488 +001.8029 0
L1 02    240 +004.5079 +007.3620 +001.6838 -175.5931 +001.4997 -130.3268 0
L1 03    240 +016.1032 -000.5524 -000.8372 -091.5434 +003.3577 +092.3212 0
L1 04    240 +008.7541 +008.7677 +001.7855 -038.0306 +000.0613 +000.4687 0
L1 05    240 +014.3994 +010.0354 +001.9713 -107.9608 +000.9375 -010.7419 0
L1 06    240 +016.0049 +000.9445 -004.0620 -026.2419 +087.4667 +156.7681 0
L1 07    240 +016.1282 +000.9288 -005.1034 -095.3354 -001.2376 +089.4016 0
L1 08    240 +015.9831 +000.8712 -005.8111 -060.1672 -077.3844 +056.9835 0
L1 01    244 +016.0136 +000.1838 +001.3550 -086.1307 -001.0489 +001.8046 0
L1 02    244 +004.5079 +007.3620 +001.6838 -175.5920 +001.4991 -130.3239 0
L1 03    244 +016.1032 -000.5522 -000.8372 -091.5421 +003.3578 +092.3216 0
L1 04    244 +008.7541 +008.7677 +001.7855 -038.0305 +000.0613 +000.4687 0
L1 05    244 +014.3994 +010.0355 +001.9709 -107.9598 +000.9363 -010.7431 0
L1 06    244 +016.0049 +000.9446 -004.0621 -026.2701 +087.4680 +156.7380 0
L1 07    244 +016.1282 +000.9293 -005.1035 -095.3315 -001.2366 +089.4010 0
L1 08    244 +015.9831 +000.8714 -005.8110 -060.1722 -077.3821 +056.9903 0
L1 01    248 +016.0136 +000.1837 +001.3550 -086.1313 -001.0484 +001.8045 0
L1 02    248 +004.5079 +007.3620 +001.6838 -175.5931 +001.5010 -130.3335 0
L1 03    248 +016.1032 -000.5522 -000.8372 -091.5424 +003.3584 +092.3216 0
L1 04    248 +008.7541 +008.7677 +001.7855 -038.0307 +000.0615 +000.4685 0
L1 05    248 +014.3994 +010.0354 +001.9715 -107.9576 +000.9399 -010.7418 0
L1 06    248 +016.0049 +000.9447 -004.0619 -026.2081 +087.4667 +156.7997 0
L1 07    248 +016.1283 +000.9293 -005.1032 -095.3310 -001.2326 +089.4048 0
L1 08    248 +015.9831 +000.8716 -005.8111 -060.1784 -077.3792 +056.9962 0
L1 01    252 +016.0137 +000.1838 +001.3551 -086.1311 -001.0482 +001.8054 0
L1 02    252 +004.5079 +007.3621 +001.6838 -175.5936 +001.5032 -130.3431 0
L1 03    252 +016.1033 -000.5522 -000.8372 -091.5416 +003.3594 +092.3221 0
L1 04    252 +008.7541 +008.7677 +001.7855 -038.0302 +000.0613 +000.4686 0
L1 05    252 +014.3995 +010.0355 +001.9710 -107.9577 +000.9371 -010.7418 0
L1 06    252 +016.0050 +000.9447 -004.0621 -026.1987 +087.4678 +156.8096 0
L1 07    252 +016.1285 +000.9293 -005.1029 -095.3312 -001.2303 +089.4068 0
L1 08    252 +015.9832 +000.8715 -005.8111 -060.1853 -077.3775 +057.0043 0
L1 01    256 +016.0137 +000.1840 +001.3552 -086.1292 -001.0478 +001.8077 0
L1 02    256 +004.5079 +007.3621 +001.6838 -175.5934 +001.5030 -130.3421 0
L1 03    256 +016.1033 -000.5522 -000.8371 -091.5416 +003.3596 +092.3233 0
L1 04    256 +008.7541 +008.7678 +001.7855 -038.0302 +000.0609 +000.4687 0
L1 05    256 +014.3993 +010.0357 +001.9710 -107.9579 +000.9371 -010.7410 0
L1 06    256 +016.0049 +000.9445 -004.0622 -026.2624 +087.4675 +156.7461 0
L1 07    256 +016.1285 +000.9292 -005.1031 -095.3328 -001.2306 +089.4070 0
L1 08    256 +015.9833 +000.8717 -005.8111 -060.1859 -077.3761 +057.0061 0
L1 01    260 +016.0137 +000.1838 +001.3553 -086.1294 -001.0487 +001.8086 0
L1 02    260 +004.5079 +007.3621 +001.6838 -175.5932 +001.5021 -130.3383 0
L1 03    260 +016.1032 -000.5518 -000.8370 -091.5389 +003.3598 +092.3238 0
L1 04    260 +008.7540 +008.7679 +001.7855 -038.0284 +000.0608 +000.4689 0
L1 05    260 +014.3994 +010.0358 +001.9709 -107.9573 +000.9360 -010.7413 0
L1 06    260 +016.0050 +000.9448 -004.0622 -026.2924 +087.4673 +156.7149 0
L1 07    260 +016.1283 +000.9293 -005.1032 -095.3310 -001.2277 +089.4053 0
L1 08    260 +015.9833 +000.8720 -005.8108 -060.1947 -077.3740 +057.0173 0
L1 01    264 +016.0137 +000.1837 +001.3554 -086.1306 -001.0484 +001.8088 0
L1 02    264 +004.5079 +007.3621 +001.6838 -175.5932 +001.5019 -130.3372 0
L1 03    264 +016.1032 -000.5520 -000.8371 -091.5410 +003.3596 +092.3233 0
L1 04    264 +008.7540 +008.7678 +001.7855 -038.0298 +000.0610 +000.4688 0
L1 05    264 +014.3996 +010.0353 +001.9712 -107.9604 +000.9363 -010.7416 0
L1 06    264 +016.0050 +000.9444 -004.0620 -026.3223 +087.4646 +156.6876 0
L1 07    264 +016.1284 +000.9290 -005.1032 -095.3330 -001.2262 +089.4062 0
L1 08    264 +015.9833 +000.8718 -005.8109 -060.1924 -077.3737 +057.0133 0
L1 01    268 +016.0136 +000.1838 +001.3550 -086.1306 -001.0471 +001.8056 0
L1 02    268 +004.5079 +007.3621 +001.6838 -175.5932 +001.5016 -130.3350 0
L1 03    268 +016.1033 -000.5523 -000.8371 -091.5431 +003.3603 +092.3229 0
L1 04    268 +008.7541 +008.7677 +001.7855 -038.0312 +000.0611 +000.4682 0
L1 05    268 +014.3996 +010.0353 +001.9712 -107.9598 +000.9345 -010.7411 0
L1 06    268 +016.0050 +000.9444 -004.0620 -026.3387 +087.4643 +156.6716 0
L1 07    268 +016.1284 +000.9290 -005.1031 -095.3329 -001.2244 +089.4077 0
L1 08    268 +015.9833 +000.8713 -005.8108 -060.1986 -077.3749 +057.0175 0
L1 01    272 +016.0137 +000.1841 +001.3550 -086.1281 -001.0477 +001.8057 0
L1 02    272 +004.5078 +007.3621 +001.6838 -175.5907 +001.5004 -130.3271 0
L1 03    272 +016.1033 -000.5520 -000.8370 -091.5403 +003.3601 +092.3236 0
L1 04    272 +008.7540 +008.7678 +001.7854 -038.0295 +000.0608 +000.4678 0
L1 05    272 +014.3996 +010.0356 +001.9708 -107.9584 +000.9323 -010.7444 0
L1 06    272 +016.0051 +000.9443 -004.0618 -026.3234 +087.4631 +156.6866 0
L1 07    272 +016.1284 +000.9293 -005.1033 -095.3294 -001.2232 +089.4054 0
L1 08    272 +015.9832 +000.8720 -005.8110 -060.1944 -077.3711 +057.0177 0
L1 01    276 +016.0136 +000.1836 +001.3551 -086.1311 -001.0484 +001.8065 0
L1 02    276 +004.5079 +007.3620 +001.6838 -175.5926 +001.4991 -130.3247 0
L1 03    276 +016.1032 -000.5520 -000.8371 -091.5407 +003.3590 +092.3230 0
L1 04    276 +008.7541 +008.7677 +001.7855 -038.0305 +000.0607 +000.4683 0
L1 05    276 +014.3996 +010.0355 +001.9707 -107.9607 +000.9317 -010.7451 0
L1 06    276 +016.0051 +000.9444 -004.0617 -026.2773 +087.4636 +156.7329 0
L1 07    276 +016.1284 +000.9287 -005.1030 -095.3347 -001.2228 +089.4073 0
L1 08    276 +015.9833 +000.8716 -005.8109 -060.2000 -077.3716 +057.0207 0
L1 01    280 +016.0136 +000.1838 +001.3552 -086.1304 -001.0484 +001.8065 0
L1 02    280 +004.5079 +007.3620 +001.6838 -175.5939 +001.5005 -130.3324 0
L1 03    280 +016.1032 -000.5522 -000.8372 -091.5416 +003.3596 +092.3225 0
L1 04    280 +008.7541 +008.7677 +001.7855 -038.0309 +000.0608 +000.4683 0
L1 05    280 +014.3996 +010.0354 +001.9709 -107.9600 +000.9333 -010.7425 0
L1 06    280 +016.0050 +000.9441 -004.0621 -026.2903 +087.4658 +156.7208 0
L1 07    280 +016.1285 +000.9283 -005.1032 -095.3367 -001.2214 +089.4072 0
L1 08    280 +015.9832 +000.8716 -005.8110 -060.2006 -077.3692 +057.0209 0
L1 01    284 +016.0136 +000.1839 +001.3551 -086.1302 -001.0480 +001.8067 0
L1 02    284 +004.5079 +007.3621 +001.6838 -175.5945 +001.5031 -130.3425 0
L1 03    284 +016.1032 -000.5523 -000.8371 -091.5426 +003.3594 +092.3231 0
L1 04    284 +008.7541 +008.7677 +001.7855 -038.0308 +000.0610 +000.4685 0
L1 05    284 +014.3997 +010.0353 +001.9710 -107.9606 +000.9342 -010.7427 0
L1 06    284 +016.0050 +000.9443 -004.0620 -026.2773 +087.4666 +156.7329 0
L1 07    284 +016.1285 +000.9284 -005.1030 -095.3366 -001.2182 +089.4088 0
L1 08    284 +015.9833 +000.8716 -005.8110 -060.2050 -077.3678 +057.0252 0
L1 01    288 +016.0136 +000.1839 +001.3552 -086.1290 -001.0481 +001.8069 0
L1 02    288 +004.5079 +007.3621 +001.6838 -175.5928 +001.5036 -130.3436 0
L1 03    288 +016.1033 -000.5520 -000.8371 -091.5392 +003.3605 +092.3230 0
L1 04    288 +008.7540 +008.7678 +001.7855 -038.0299 +000.0611 +000.4683 0
L1 05    288 +014.3994 +010.0358 +001.9707 -107.9574 +000.9322 -010.7423 0
L1 06    288 +016.0051 +000.9447 -004.0620 -026.1828 +087.4671 +156.8246 0
L1 07    288 +016.1285 +000.9291 -005.1029 -095.3324 -001.2140 +089.4102 0
L1 08    288 +015.9833 +000.8719 -005.8110 -060.2134 -077.3626 +057.0387 0
L1 01    292 +016.0137 +000.1837 +001.3552 -086.1306 -001.0479 +001.8067 0
L1 02    292 +004.5079 +007.3621 +001.6838 -175.5935 +001.5011 -130.3351 0
L1 03    292 +016.1033 -000.5520 -000.8372 -091.5401 +003.3607 +092.3230 0
L1 04    292 +008.7541 +008.7678 +001.7855 -038.0302 +000.0610 +000.4683 0
L1 05    292 +014.3992 +010.0358 +001.9710 -107.9577 +000.9323 -010.7418 0
L1 06    292 +016.0051 +000.9446 -004.0620 -026.1961 +087.4662 +156.8124 0
L1 07    292 +016.1285 +000.9293 -005.1029 -095.3301 -001.2121 +089.4108 0
L1 08    292 +015.9833 +000.8718 -005.8110 -060.2160 -077.3634 +057.0381 0
L1 01    296 +016.0137 +000.1837 +001.3551 -086.1309 -001.0475 +001.8068 0
L1 02    296 +004.5079 +007.3620 +001.6838 -175.5930 +001.4997 -130.3271 0
L1 03    296 +016.1033 -000.5521 -000.8369 -091.5411 +003.3610 +092.3245 0
L1 04    296 +008.7541 +008.7677 +001.7855 -038.0306 +000.0610 +000.4683 0
L1 05    296 +014.3994 +010.0355 +001.9708 -107.9593 +000.9317 -010.7443 0
L1 06    296 +016.0051 +000.9445 -004.0617 -026.2394 +087.4638 +156.7699 0
L1 07    296 +016.1285 +000.9294 -005.1028 -095.3309 -001.2113 +089.4124 0
L1 08    296 +015.9834 +000.8717 -005.8109 -060.2195 -077.3648 +057.0405 0
L1 01    300 +016.0136 +000.1840 +001.3551 -086.1276 -001.0477 +001.8067 0
L1 02    300 +004.5079 +007.3620 +001.6838 -175.5923 +001.5005 -130.3300 0
L1 03    300 +016.1033 -000.5519 -000.8369 -091.5389 +003.3613 +092.3243 0
L1 04    300 +008.7540 +008.7678 +001.7855 -038.0291 +000.0604 +000.4679 0
L1 05    300 +014.3994 +010.0357 +001.9710 -107.9575 +000.9320 -010.7425 0
L1 06    300 +016.0051 +000.9447 -004.0617 -026.2569 +087.4638 +156.7500 0
L1 07    300 +016.1286 +000.9292 -005.1027 -095.3312 -001.2088 +089.4125 0
L1 08    300 +015.9834 +000.8717 -005.8107 -060.2210 -077.3635 +057.0445 0
L1 01    304 +016.0137 +000.1840 +001.3551 -086.1283 -001.0473 +001.8072 0
L1 02    304 +004.5079 +007.3620 +001.6838 -175.5936 +001.5013 -130.3357 0
L1 03    304 +016.1033 -000.5522 -000.8369 -091.5411 +003.3611 +092.3247 0
L1 04    304 +008.7541 +008.7677 +001.7854 -038.0303 +000.0603 +000.4677 0
L1 05    304 +014.3995 +010.0355 +001.9707 -107.9588 +000.9324 -010.7429 0
L1 06    304 +016.0051 +000.9446 -004.0618 -026.2564 +087.4637 +156.7523 0
L1 07    304 +016.1285 +000.9291 -005.1031 -095.3318 -001.2086 +089.4116 0
L1 08    304 +015.9834 +000.8716 -005.8109 -060.2170 -077.3642 +057.0394 0
L1 01    308 +016.0137 +000.1840 +001.3551 -086.1283 -001.0479 +001.8072 0
L1 02    308 +004.5079 +007.3621 +001.6838 -175.5938 +001.5016 -130.3364 0
L1 03    308 +016.1033 -000.5520 -000.8371 -091.5408 +003.3609 +092.3237 0
L1 04    308 +008.7541 +008.7677 +001.7854 -038.0302 +000.0605 +000.4675 0
L1 05    308 +014.3996 +010.0353 +001.9710 -107.9606 +000.9334 -010.7408 0
L1 06    308 +016.0051 +000.9448 -004.0619 -026.2836 +087.4642 +156.7238 0
L1 07    308 +016.1285 +000.9295 -005.1030 -095.3297 -001.2059 +089.4122 0
L1 08    308 +015.9834 +000.8717 -005.8108 -060.2207 -077.3631 +057.0437 0
L1 01    312 +016.0136 +000.1839 +001.3553 -086.1284 -001.0482 +001.8084 0
L1 02    312 +004.5079 +007.3621 +001.6838 -175.5932 +001.5010 -130.3337 0
L1 03    312 +016.1033 -000.5519 -000.8368 -091.5399 +003.3612 +092.3252 0
L1 04    312 +008.7541 +008.7677 +001.7854 -038.0300 +000.0608 +000.4674 0
L1 05    312 +014.3996 +010.0354 +001.9712 -107.9594 +000.9339 -010.7388 0
L1 06    312 +016.0051 +000.9445 -004.0620 -026.2855 +087.4651 +156.7233 0
L1 07    312 +016.1285 +000.9295 -005.1030 -095.3303 -001.2039 +089.4124 0
L1 08    312 +015.9835 +000.8718 -005.8107 -060.2313 -077.3608 +057.0551 0
L1 01    316 +016.0137 +000.1839 +001.3554 -086.1283 -001.0475 +001.8099 0
L1 02    316 +004.5079 +007.3620 +001.6838 -175.5935 +001.5008 -130.3336 0
L1 03    316 +016.1033 -000.5520 -000.8368 -091.5406 +003.3619 +092.3259 0
L1 04    316 +008.7541 +008.7677 +001.7854 -038.0311 +000.0612 +000.4673 0
L1 05    316 +014.3998 +010.0351 +001.9711 -107.9621 +000.9344 -010.7395 0
L1 06    316 +016.0051 +000.9444 -004.0619 -026.2683 +087.4645 +156.7425 0
L1 07    316 +016.1286 +000.9293 -005.1030 -095.3319 -001.2018 +089.4135 0
L1 08    316 +015.9835 +000.8715 -005.8108 -060.2302 -077.3593 +057.0512 0
L1 01    320 +016.0137 +000.1838 +001.3553 -086.1291 -001.0476 +001.8091 0
L1 02    320 +004.5079 +007.3621 +001.6837 -175.5935 +001.5008 -130.3347 0
L1 03    320 +016.1033 -000.5519 -000.8369 -091.5399 +003.3622 +092.3255 0
L1 04    320 +008.7541 +008.7677 +001.7854 -038.0302 +000.0608 +000.4672 0
L1 05    320 +014.3994 +010.0357 +001.9713 -107.9579 +000.9348 -010.7401 0
L1 06    320 +016.0052 +000.9446 -004.0619 -026.2458 +087.4641 +156.7635 0
L1 07    320 +016.1287 +000.9294 -005.1029 -095.3303 -001.1977 +089.4135 0
L1 08    320 +015.9835 +000.8718 -005.8108 -060.2328 -077.3581 +057.0564 0
L1 01    324 +016.0136 +000.1836 +001.3550 -086.1299 -001.0473 +001.8073 0
L1 02    324 +004.5079 +007.3621 +001.6838 -175.5932 +001.5009 -130.3346 0
L1 03    324 +016.1034 -000.5518 -000.8368 -091.5389 +003.3621 +092.3261 0
L1 04    324 +008.7540 +008.7678 +001.7854 -038.0297 +000.0606 +000.4675 0
L1 05    324 +014.3995 +010.0356 +001.9712 -107.9577 +000.9346 -010.7409 0
L1 06    324 +016.0052 +000.9448 -004.0619 -026.2290 +087.4644 +156.7784 0
L1 07    324 +016.1287 +000.9294 -005.1026 -095.3303 -001.1944 +089.4167 0
L1 08    324 +015.9836 +000.8719 -005.8106 -060.2483 -077.3572 +057.0727 0
L1 01    328 +016.0137 +000.1835 +001.3550 -086.1306 -001.0474 +001.8069 0
L1 02    328 +004.5079 +007.3621 +001.6837 -175.5935 +001.5008 -130.3347 0
L1 03    328 +016.1034 -000.5520 -000.8369 -091.5401 +003.3620 +092.3257 0
L1 04    328 +008.7541 +008.7677 +001.7854 -038.0304 +000.0602 +000.4669 0
L1 05    328 +014.3995 +010.0355 +001.9709 -107.9589 +000.9318 -010.7402 0
L1 06    328 +016.0053 +000.9447 -004.0616 -026.2014 +087.4634 +156.8078 0
L1 07    328 +016.1287 +000.9295 -005.1030 -095.3314 -001.1958 +089.4146 0
L1 08    328 +015.9837 +000.8719 -005.8106 -060.2455 -077.3575 +057.0698 0
L1 01    332 +016.0138 +000.1841 +001.3557 -086.1268 -001.0477 +001.8133 0
L1 02    332 +004.5079 +007.3621 +001.6837 -175.5934 +001.5013 -130.3362 0
L1 03    332 +016.1034 -000.5520 -000.8367 -091.5397 +003.3622 +092.3273 0
L1 04    332 +008.7541 +008.7677 +001.7854 -038.0303 +000.0602 +000.4671 0
L1 05    332 +014.3996 +010.0355 +001.9704 -107.9597 +000.9302 -010.7428 0
L1 06    332 +016.0053 +000.9447 -004.0618 -026.2077 +087.4641 +156.8013 0
L1 07    332 +016.1287 +000.9293 -005.1029 -095.3308 -001.1946 +089.4160 0
L1 08    332 +015.9836 +000.8718 -005.8107 -060.2425 -077.3566 +057.0673 0
L1 01    336 +016.0136 +000.1838 +001.3551 -086.1296 -001.0477 +001.8076 0
L1 02    336 +004.5079 +007.3621 +001.6838 -175.5934 +001.5016 -130.3358 0
L1 03    336 +016.1034 -000.5521 -000.8369 -091.5405 +003.3624 +092.3258 0
L1 04    336 +008.7541 +008.7677 +001.7854 -038.0300 +000.0602 +000.4666 0
L1 05    336 +014.3995 +010.0354 +001.9708 -107.9588 +000.9320 -010.7415 0
L1 06    336 +016.0052 +000.9447 -004.0618 -026.2277 +087.4649 +156.7809 0
L1 07    336 +016.1289 +000.9295 -005.1026 -095.3294 -001.1929 +089.4187 0
L1 08    336 +015.9837 +000.8718 -005.8107 -060.2430 -077.3564 +057.0673 0
L1 01    340 +016.0137 +000.1838 +001.3557 -086.1291 -001.0494 +001.8119 0
L1 02    340 +004.5079 +007.3620 +001.6838 -175.5931 +001.5007 -130.3326 0
L1 03    340 +016.1034 -000.5521 -000.8369 -091.5407 +003.3622 +092.3258 0
L1 04    340 +008.7540 +008.7677 +001.7854 -038.0301 +000.0604 +000.4671 0
L1 05    340 +014.3996 +010.0354 +001.9711 -107.9592 +000.9327 -010.7408 0
L1 06    340 +016.0053 +000.9447 -004.0616 -026.2099 +087.4633 +156.7983 0
L1 07    340 +016.1290 +000.9287 -005.1022 -095.3338 -001.1914 +089.4205 0
L1 08    340 +015.9836 +000.8718 -005.8108 -060.2396 -077.3556 +057.0640 0
L1 01    344 +016.0137 +000.1838 +001.3553 -086.1297 -001.0478 +001.8091 0
L1 02    344 +004.5079 +007.3620 +001.6837 -175.5932 +001.5000 -130.3292 0
L1 03    344 +016.1034 -000.5522 -000.8368 -091.5418 +003.3628 +092.3258 0
L1 04    344 +008.7541 +008.7677 +001.7854 -038.0304 +000.0607 +000.4668 0
L1 05    344 +014.3996 +010.0353 +001.9712 -107.9610 +000.9328 -010.7407 0
L1 06    344 +016.0053 +000.9445 -004.0615 -026.2462 +087.4616 +156.7636 0
L1 07    344 +016.1288 +000.9288 -005.1027 -095.3333 -001.1903 +089.4186 0
L1 08    344 +015.9836 +000.8716 -005.8108 -060.2396 -077.3554 +057.0634 0
L1 01    348 +016.0137 +000.1841 +001.3553 -086.1274 -001.0470 +001.8083 0
L1 02    348 +004.5079 +007.3620 +001.6838 -175.5926 +001.5001 -130.3287 0
L1 03    348 +016.1034 -000.5522 -000.8368 -091.5407 +003.3631 +092.3259 0
L1 04    348 +008.7541 +008.7677 +001.7854 -038.0302 +000.0606 +000.4667 0
L1 05    348 +014.3992 +010.0358 +001.9709 -107.9566 +000.9309 -010.7417 0
L1 06    348 +016.0054 +000.9446 -004.0616 -026.2444 +087.4631 +156.7641 0
L1 07    348 +016.1288 +000.9294 -005.1027 -095.3304 -001.1885 +089.4187 0
L1 08    348 +015.9837 +000.8717 -005.8108 -060.2441 -077.3545 +057.0694 0
L1 01    352 +016.0137 +000.1840 +001.3555 -086.1274 -001.0467 +001.8103 0
L1 02    352 +004.5079 +007.3620 +001.6838 -175.5930 +001.5005 -130.3323 0
L1 03    352 +016.1034 -000.5523 -000.8368 -091.5416 +003.3635 +092.3262 0
L1 04    352 +008.7540 +008.7677 +001.7854 -038.0301 +000.0607 +000.4667 0
L1 05    352 +014.3995 +010.0356 +001.9706 -107.9581 +000.9305 -010.7432 0
L1 06    352 +016.0055 +000.9442 -004.0614 -026.2174 +087.4616 +156.7937 0
L1 07    352 +016.1289 +000.9291 -005.1026 -095.3330 -001.1866 +089.4196 0
L1 08    352 +015.9837 +000.8717 -005.8107 -060.2482 -077.3532 +057.0737 0
L1 01    356 +016.0137 +000.1840 +001.3556 -086.1276 -001.0474 +001.8109 0
L1 02    356 +004.5079 +007.3621 +001.6838 -175.5945 +001.5025 -130.3427 0
L1 03    356 +016.1034 -000.5522 -000.8370 -091.5411 +003.3633 +092.3254 0
L1 04    356 +008.7540 +008.7678 +001.7854 -038.0298 +000.0602 +000.4670 0
L1 05    356 +014.3996 +010.0354 +001.9706 -107.9600 +000.9290 -010.7420 0
L1 06    356 +016.0054 +000.9446 -004.0618 -026.2323 +087.4635 +156.7761 0
L1 07    356 +016.1289 +000.9286 -005.1025 -095.3355 -001.1857 +089.4211 0
L1 08    356 +015.9837 +000.8717 -005.8108 -060.2515 -077.3522 +057.0758 0
L1 01    360 +016.0137 +000.1841 +001.3553 -086.1279 -001.0464 +001.8092 0
L1 02    360 +004.5079 +007.3621 +001.6838 -175.5948 +001.5031 -130.3450 0
L1 03    360 +016.1035 -000.5523 -000.8370 -091.5420 +003.3638 +092.3256 0
L1 04    360 +008.7540 +008.7677 +001.7854 -038.0300 +000.0601 +000.4667 0
L1 05    360 +014.3994 +010.0357 +001.9709 -107.9580 +000.9311 -010.7413 0
L1 06    360 +016.0055 +000.9449 -004.0616 -026.2010 +087.4626 +156.8058 0
L1 07    360 +016.1289 +000.9289 -005.1027 -095.3335 -001.1835 +089.4205 0
L1 08    360 +015.9838 +000.8715 -005.8107 -060.2553 -077.3525 +057.0786 0
L1 01    364 +016.0137 +000.1839 +001.3554 -086.1283 -001.0472 +001.8106 0
L1 02    364 +004.5079 +007.3621 +001.6837 -175.5940 +001.5021 -130.3389 0
L1 03    364 +016.1035 -000.5521 -000.8368 -091.5408 +003.3638 +092.3274 0
L1 04    364 +008.7541 +008.7677 +001.7854 -038.0304 +000.0603 +000.4668 0
L1 05    364 +014.3993 +010.0357 +001.9709 -107.9585 +000.9295 -010.7406 0
L1 06    364 +016.0055 +000.9449 -004.0615 -026.1848 +087.4617 +156.8223 0
L1 07    364 +016.1290 +000.9294 -005.1025 -095.3297 -001.1810 +089.4235 0
L1 08    364 +015.9838 +000.8717 -005.8107 -060.2574 -077.3516 +057.0823 0
L1 01    368 +016.0137 +000.1839 +001.3554 -086.1280 -001.0471 +001.8104 0
L1 02    368 +004.5079 +007.3621 +001.6838 -175.5923 +001.5001 -130.3287 0
L1 03    368 +016.1034 -000.5520 -000.8368 -091.5396 +003.3635 +092.3268 0
L1 04    368 +008.7540 +008.7678 +001.7854 -038.0293 +000.0600 +000.4668 0
L1 05    368 +014.3992 +010.0357 +001.9713 -107.9574 +000.9309 -010.7393 0
L1 06    368 +016.0054 +000.9452 -004.0618 -026.1833 +087.4637 +156.8206 0
L1 07    368 +016.1289 +000.9293 -005.1026 -095.3291 -001.1803 +089.4215 0
L1 08    368 +015.9838 +000.8719 -005.8106 -060.2629 -077.3487 +057.0923 0
L1 01    372 +016.0137 +000.1837 +001.3557 -086.1294 -001.0482 +001.8117 0
L1 02    372 +004.5079 +007.3620 +001.6837 -175.5928 +001.4983 -130.3233 0
L1 03    372 +016.1034 -000.5520 -000.8368 -091.5398 +003.3628 +092.3271 0
L1 04    372 +008.7541 +008.7677 +001.7854 -038.0301 +000.0602 +000.4671 0
L1 05    372 +014.3992 +010.0356 +001.9716 -107.9568 +000.9335 -010.7387 0
L1 06    372 +016.0054 +000.9448 -004.0617 -026.2025 +087.4630 +156.8055 0
L1 07    372 +016.1289 +000.9295 -005.1024 -095.3293 -001.1770 +089.4230 0
L1 08    372 +015.9838 +000.8720 -005.8106 -060.2579 -077.3494 +057.0850 0
L1 01    376 +016.0137 +000.1834 +001.3555 -086.1320 -001.0481 +001.8107 0
L1 02    376 +004.5079 +007.3620 +001.6837 -175.5934 +001.4995 -130.3282 0
L1 03    376 +016.1034 -000.5521 -000.8369 -091.5412 +003.3625 +092.3263 0
L1 04    376 +008.7542 +008.7676 +001.7854 -038.0320 +000.0604 +000.4671 0
L1 05    376 +014.3993 +010.0354 +001.9713 -107.9590 +000.9324 -010.7391 0
L1 06    376 +016.0054 +000.9445 -004.0618 -026.2429 +087.4631 +156.7666 0
L1 07    376 +016.1288 +000.9294 -005.1025 -095.3302 -001.1757 +089.4230 0
L1 08    376 +015.9837 +000.8716 -005.8107 -060.2583 -077.3490 +057.0827 0
L1 01    380 +016.0137 +000.1837 +001.3554 -086.1295 -001.0479 +001.8100 0
L1 02    380 +004.5079 +007.3620 +001.6837 -175.5935 +001.5013 -130.3349 0
L1 03    380 +016.1034 -000.5521 -000.8368 -091.5407 +003.3635 +092.3262 0
L1 04    380 +008.7541 +008.7677 +001.7854 -038.0306 +000.0602 +000.4668 0
L1 05    380 +014.3993 +010.0355 +001.9714 -107.9583 +000.9340 -010.7385 0
L1 06    380 +016.0054 +000.9447 -004.0616 -026.2241 +087.4621 +156.7842 0
L1 07    380 +016.1288 +000.9297 -005.1024 -095.3277 -001.1720 +089.4237 0
L1 08    380 +015.9838 +000.8717 -005.8106 -060.2630 -077.3479 +057.0889 0
L1 01    384 +016.0137 +000.1840 +001.3552 -086.1269 -001.0481 +001.8092 0
L1 02    384 +004.5079 +007.3621 +001.6837 -175.5928 +001.5020 -130.3382 0
L1 03    384 +016.1035 -000.5520 -000.8368 -091.5395 +003.3640 +092.3269 0
L1 04    384 +008.7539 +008.7679 +001.7854 -038.0286 +000.0598 +000.4668 0
L1 05    384 +014.3992 +010.0360 +001.9714 -107.9552 +000.9349 -010.7380 0
L1 06    384 +016.0054 +000.9450 -004.0618 -026.1986 +087.4635 +156.8077 0
L1 07    384 +016.1289 +000.9292 -005.1025 -095.3305 -001.1715 +089.4232 0
L1 08    384 +015.9839 +000.8719 -005.8105 -060.2709 -077.3466 +057.0990 0
L1 01    388 +016.0137 +000.1841 +001.3551 -086.1265 -001.0469 +001.8090 0
L1 02    388 +004.5079 +007.3621 +001.6837 -175.5937 +001.5019 -130.3385 0
L1 03    388 +016.1035 -000.5522 -000.8364 -091.5403 +003.3643 +092.3288 0
L1 04    388 +008.7540 +008.7677 +001.7854 -038.0302 +000.0601 +000.4673 0
L1 05    388 +014.3990 +010.0361 +001.9710 -107.9545 +000.9326 -010.7386 0
L1 06    388 +016.0055 +000.9448 -004.0616 -026.2159 +087.4619 +156.7910 0
L1 07    388 +016.1290 +000.9290 -005.1023 -095.3324 -001.1706 +089.4252 0
L1 08    388 +015.9839 +000.8717 -005.8105 -060.2734 -077.3469 +057.0993 0
L1 01    392 +016.0137 +000.1836 +001.3552 -086.1309 -001.0473 +001.8093 0
L1 02    392 +004.5079 +007.3621 +001.6838 -175.5941 +001.5018 -130.3381 0
L1 03    392 +016.1035 -000.5521 -000.8367 -091.5412 +003.3643 +092.3280 0
L1 04    392 +008.7541 +008.7676 +001.7854 -038.0312 +000.0605 +000.4670 0
L1 05    392 +014.3995 +010.0353 +001.9711 -107.9604 +000.9346 -010.7398 0
L1 06    392 +016.0055 +000.9446 -004.0615 -026.2230 +087.4606 +156.7868 0
L1 07    392 +016.1291 +000.9291 -005.1023 -095.3324 -001.1692 +089.4268 0
L1 08    392 +015.9839 +000.8715 -005.8107 -060.2688 -077.3467 +057.0928 0
L1 01    396 +016.0137 +000.1843 +001.3550 -086.1272 -001.0460 +001.8089 0
L1 02    396 +004.5079 +007.3621 +001.6836 -175.5934 +001.4987 -130.3320 0
L1 03    396 +016.1035 -000.5522 -000.8366 -091.5406 +003.3657 +092.3278 0
L1 04    396 +008.7541 +008.7678 +001.7851 -038.0302 +000.0611 +000.4636 0
L1 05    396 +014.3991 +010.0361 +001.9710 -107.9575 +000.9340 -010.7402 0
L1 06    396 +016.0055 +000.9448 -004.0612 -026.1657 +087.4585 +156.8429 0
L1 07    396 +016.1291 +000.9293 -005.1022 -095.3303 -001.1688 +089.4268 0
L1 08    396 +015.9839 +000.8718 -005.8106 -060.2698 -077.3454 +057.0948 0
L1 01    400 +016.0137 +000.1841 +001.3551 -086.1274 -001.0466 +001.8093 0
L1 02    400 +004.5079 +007.3621 +001.6837 -175.5932 +001.5009 -130.3333 0
L1 03    400 +016.1035 -000.5519 -000.8366 -091.5394 +003.3648 +092.3277 0
L1 04    400 +008.7541 +008.7677 +001.7853 -038.0300 +000.0602 +000.4664 0
L1 05    400 +014.3993 +010.0357 +001.9711 -107.9577 +000.9339 -010.7390 0
L1 06    400 +016.0055 +000.9447 -004.0612 -026.1979 +087.4596 +156.8100 0
L1 07    400 +016.1290 +000.9295 -005.1022 -095.3297 -001.1661 +089.4266 0
L1 08    400 +015.9838 +000.8719 -005.8106 -060.2704 -077.3444 +057.0971 0
L1 01    404 +016.0137 +000.1843 +001.3554 -086.1257 -001.0468 +001.8110 0
L1 02    404 +004.5079 +007.3620 +001.6838 -175.5933 +001.5011 -130.3328 0
L1 03    404 +016.1035 -000.5521 -000.8365 -091.5400 +003.3644 +092.3289 0
L1 04    404 +008.7541 +008.7677 +001.7854 -038.0305 +000.0600 +000.4669 0
L1 05    404 +014.3992 +010.0357 +001.9711 -107.9577 +000.9344 -010.7384 0
L1 06    404 +016.0055 +000.9450 -004.0612 -026.2216 +087.4595 +156.7849 0
L1 07    404 +016.1289 +000.9295 -005.1024 -095.3296 -001.1642 +089.4259 0
L1 08    404 +015.9838 +000.8715 -005.8106 -060.2693 -077.3446 +057.0946 0
L1 01    408 +016.0137 +000.1838 +001.3554 -086.1283 -001.0474 +001.8108 0
L1 02    408 +004.5079 +007.3620 +001.6838 -175.5931 +001.5009 -130.3323 0
L1 03    408 +016.1035 -000.5519 -000.8365 -091.5390 +003.3642 +092.3283 0
L1 04    408 +008.7541 +008.7677 +001.7854 -038.0308 +000.0601 +000.4672 0
L1 05    408 +014.3993 +010.0357 +001.9714 -107.9561 +000.9357 -010.7380 0
L1 06    408 +016.0055 +000.9448 -004.0614 -026.2580 +087.4605 +156.7489 0
L1 07    408 +016.1288 +000.9297 -005.1023 -095.3276 -001.1620 +089.4269 0
L1 08    408 +015.9838 +000.8717 -005.8105 -060.2711 -077.3433 +057.0981 0
L1 01    412 +016.0137 +000.1839 +001.3553 -086.1280 -001.0465 +001.8094 0
L1 02    412 +004.5079 +007.3620 +001.6838 -175.5933 +001.5011 -130.3333 0
L1 03    412 +016.1035 -000.5522 -000.8367 -091.5411 +003.3647 +092.3272 0
L1 04    412 +008.7541 +008.7677 +001.7854 -038.0305 +000.0601 +000.4671 0
L1 05    412 +014.3994 +010.0356 +001.9713 -107.9576 +000.9350 -010.7363 0
L1 06    412 +016.0055 +000.9446 -004.0615 -026.2363 +087.4613 +156.7723 0
L1 07    412 +016.1288 +000.9291 -005.1024 -095.3311 -001.1622 +089.4261 0
L1 08    412 +015.9838 +000.8717 -005.8106 -060.2747 -077.3428 +057.1014 0
L1 01    416 +016.0137 +000.1839 +001.3554 -086.1273 -001.0467 +001.8105 0
L1 02    416 +004.5079 +007.3621 +001.6838 -175.5935 +001.5018 -130.3369 0
L1 03    416 +016.1035 -000.5521 -000.8365 -091.5398 +003.3648 +092.3287 0
L1 04    416 +008.7541 +008.7677 +001.7854 -038.0303 +000.0601 +000.4672 0
L1 05    416 +014.3994 +010.0356 +001.9714 -107.9582 +000.9361 -010.7365 0
L1 06    416 +016.0055 +000.9446 -004.0616 -026.2392 +087.4619 +156.7696 0
L1 07    416 +016.1289 +000.9295 -005.1024 -095.3297 -001.1593 +089.4273 0
L1 08    416 +015.9838 +000.8717 -005.8105 -060.2773 -077.3411 +057.1045 0
L1 01    420 +016.0137 +000.1843 +001.3553 -086.1252 -001.0462 +001.8097 0
L1 02    420 +004.5079 +007.3621 +001.6838 -175.5933 +001.5022 -130.3369 0
L1 03    420 +016.1035 -000.5523 -000.8368 -091.5411 +003.3651 +092.3272 0
L1 04    420 +008.7540 +008.7677 +001.7854 -038.0301 +000.0599 +000.4672 0
L1 05    420 +014.3992 +010.0359 +001.9713 -107.9554 +000.9360 -010.7364 0
L1 06    420 +016.0054 +000.9449 -004.0615 -026.2015 +087.4618 +156.8049 0
L1 07    420 +016.1289 +000.9297 -005.1024 -095.3279 -001.1561 +089.4285 0
L1 08    420 +015.9838 +000.8716 -005.8107 -060.2738 -077.3411 +057.1011 0
L1 01    424 +016.0137 +000.1838 +001.3553 -086.1284 -001.0476 +001.8104 0
L1 02    424 +004.5079 +007.3620 +001.6838 -175.5938 +001.5012 -130.3342 0
L1 03    424 +016.1035 -000.5521 -000.8366 -091.5405 +003.3648 +092.3285 0
L1 04    424 +008.7541 +008.7676 +001.7854 -038.0312 +000.0602 +000.4675 0
L1 05    424 +014.3994 +010.0357 +001.9712 -107.9578 +000.9346 -010.7375 0
L1 06    424 +016.0055 +000.9445 -004.0616 -026.2431 +087.4622 +156.7661 0
L1 07    424 +016.1289 +000.9296 -005.1023 -095.3296 -001.1544 +089.4289 0
L1 08    424 +015.9838 +000.8718 -005.8107 -060.2770 -077.3402 +057.1040 0
L1 01    428 +016.0137 +000.1839 +001.3554 -086.1283 -001.0471 +001.8104 0
L1 02    428 +004.5079 +007.3620 +001.6838 -175.5936 +001.5010 -130.3334 0
L1 03    428 +016.1035 -000.5521 -000.8367 -091.5404 +003.3653 +092.3277 0
L1 04    428 +008.7541 +008.7677 +001.7854 -038.0309 +000.0601 +000.4675 0
L1 05    428 +014.3995 +010.0355 +001.9712 -107.9587 +000.9340 -010.7381 0
L1 06    428 +016.0055 +000.9445 -004.0615 -026.2376 +087.4616 +156.7719 0
L1 07    428 +016.1289 +000.9294 -005.1024 -095.3295 -001.1543 +089.4288 0
L1 08    428 +015.9839 +000.8717 -005.8107 -060.2774 -077.3404 +057.1044 0
L1 01    432 +016.0136 +000.1839 +001.3552 -086.1276 -001.0466 +001.8089 0
L1 02    432 +004.5079 +007.3621 +001.6838 -175.5932 +001.5015 -130.3352 0
L1 03    432 +016.1035 -000.5521 -000.8369 -091.5399 +003.3660 +092.3265 0
L1 04    432 +008.7541 +008.7677 +001.7854 -038.0302 +000.0601 +000.4669 0
L1 05    432 +014.3994 +010.0355 +001.9713 -107.9572 +000.9341 -010.7388 0
L1 06    432 +016.0054 +000.9446 -004.0615 -026.2505 +087.4615 +156.7573 0
L1 07    432 +016.1289 +000.9293 -005.1023 -095.3300 -001.1515 +089.4293 0
L1 08    432 +015.9838 +000.8719 -005.8107 -060.2767 -077.3389 +057.1053 0
L1 01    436 +016.0137 +000.1839 +001.3555 -086.1279 -001.0470 +001.8112 0
L1 02    436 +004.5079 +007.3621 +001.6838 -175.5935 +001.5017 -130.3369 0
L1 03    436 +016.1035 -000.5521 -000.8368 -091.5402 +003.3653 +092.3273 0
L1 04    436 +008.7540 +008.7677 +001.7854 -038.0302 +000.0602 +000.4673 0
L1 05    436 +014.3995 +010.0355 +001.9712 -107.9579 +000.9343 -010.7397 0
L1 06    436 +016.0054 +000.9450 -004.0615 -026.1971 +087.4618 +156.8091 0
L1 07    436 +016.1289 +000.9293 -005.1025 -095.3306 -001.1506 +089.4289 0
L1 08    436 +015.9838 +000.8719 -005.8107 -060.2778 -077.3389 +057.1063 0
L1 01    440 +016.0137 +000.1838 +001.3556 -086.1286 -001.0470 +001.8122 0
L1 02    440 +004.5079 +007.3620 +001.6838 -175.5942 +001.5014 -130.3357 0
L1 03    440 +016.1035 -000.5522 -000.8367 -091.5413 +003.3654 +092.3281 0
L1 04    440 +008.7541 +008.7677 +001.7854 -038.0308 +000.0602 +000.4673 0
L1 05    440 +014.3996 +010.0353 +001.9712 -107.9599 +000.9337 -010.7384 0
L1 06    440 +016.0054 +000.9445 -004.0616 -026.2467 +087.4619 +156.7636 0
L1 07    440 +016.1289 +000.9292 -005.1024 -095.3314 -001.1490 +089.4292 0
L1 08    440 +015.9838 +000.8716 -005.8107 -060.2787 -077.3385 +057.1053 0
L1 01    444 +016.0137 +000.1837 +001.3553 -086.1287 -001.0473 +001.8098 0
L1 02    444 +004.5079 +007.3620 +001.6837 -175.5931 +001.5010 -130.3333 0
L1 03    444 +016.1035 -000.5519 -000.8367 -091.5393 +003.3661 +092.3279 0
L1 04    444 +008.7540 +008.7677 +001.7854 -038.0301 +000.0602 +000.4673 0
L1 05    444 +014.3995 +010.0355 +001.9711 -107.9584 +000.9331 -010.7390 0
L1 06    444 +016.0055 +000.9452 -004.0614 -026.2028 +087.4616 +156.8026 0
L1 07    444 +016.1288 +000.9294 -005.1028 -095.3302 -001.1452 +089.4268 0
L1 08    444 +015.9838 +000.8719 -005.8107 -060.2806 -077.3366 +057.1092 0
L1 01    448 +016.0137 +000.1838 +001.3553 -086.1276 -001.0469 +001.8100 0
L1 02    448 +004.5079 +007.3620 +001.6838 -175.5932 +001.5011 -130.3333 0
L1 03    448 +016.1035 -000.5520 -000.8367 -091.5393 +003.3659 +092.3283 0
L1 04    448 +008.7540 +008.7677 +001.7854 -038.0299 +000.0601 +000.4671 0
L1 05    448 +014.3992 +010.0360 +001.9710 -107.9548 +000.9326 -010.7387 0
L1 06    448 +016.0055 +000.9447 -004.0613 -026.2229 +087.4605 +156.7848 0
L1 07    448 +016.1289 +000.9291 -005.1025 -095.3318 -001.1452 +089.4305 0
L1 08    448 +015.9839 +000.8718 -005.8106 -060.2855 -077.3360 +057.1142 0
L1 01    452 +016.0137 +000.1839 +001.3554 -086.1281 -001.0466 +001.8114 0
L1 02    452 +004.5079 +007.3620 +001.6838 -175.5940 +001.5010 -130.3342 0
L1 03    452 +016.1035 -000.5521 -000.8366 -091.5409 +003.3659 +092.3290 0
L1 04    452 +008.7541 +008.7677 +001.7854 -038.0308 +000.0601 +000.4668 0
L1 05    452 +014.3994 +010.0355 +001.9710 -107.9578 +000.9324 -010.7391 0
L1 06    452 +016.0056 +000.9446 -004.0613 -026.2078 +087.4602 +156.8019 0
L1 07    452 +016.1289 +000.9283 -005.1027 -095.3368 -001.1440 +089.4298 0
L1 08    452 +015.9840 +000.8716 -005.8107 -060.2857 -077.3362 +057.1125 0
L1 01    456 +016.0137 +000.1841 +001.3556 -086.1257 -001.0465 +001.8128 0
L1 02    456 +004.5079 +007.3620 +001.6838 -175.5935 +001.5016 -130.3358 0
L1 03    456 +016.1035 -000.5519 -000.8367 -091.5389 +003.3664 +092.3290 0
L1 04    456 +008.7540 +008.7677 +001.7854 -038.0300 +000.0599 +000.4669 0
L1 05    456 +014.3992 +010.0358 +001.9711 -107.9558 +000.9328 -010.7381 0
L1 06    456 +016.0056 +000.9445 -004.0616 -026.2278 +087.4612 +156.7811 0
L1 07    456 +016.1289 +000.9298 -005.1025 -095.3276 -001.1415 +089.4314 0
L1 08    456 +015.9839 +000.8718 -005.8108 -060.2836 -077.3344 +057.1123 0
L1 01    460 +016.0137 +000.1841 +001.3555 -086.1263 -001.0463 +001.8121 0
L1 02    460 +004.5079 +007.3621 +001.6838 -175.5936 +001.5019 -130.3367 0
L1 03    460 +016.1035 -000.5521 -000.8366 -091.5398 +003.3672 +092.3290 0
L1 04    460 +008.7540 +008.7678 +001.7854 -038.0297 +000.0600 +000.4667 0
L1 05    460 +014.3990 +010.0361 +001.9710 -107.9534 +000.9317 -010.7380 0
L1 06    460 +016.0055 +000.9446 -004.0618 -026.2377 +087.4631 +156.7710 0
L1 07    460 +016.1291 +000.9296 -005.1020 -095.3291 -001.1391 +089.4339 0
L1 08    460 +015.9839 +000.8718 -005.8109 -060.2839 -077.3340 +057.1125 0
L1 01    464 +016.0137 +000.1838 +001.3553 -086.1283 -001.0458 +001.8104 0
L1 02    464 +004.5079 +007.3620 +001.6838 -175.5938 +001.5019 -130.3369 0
L1 03    464 +016.1035 -000.5521 -000.8368 -091.5406 +003.3666 +092.3280 0
L1 04    464 +008.7541 +008.7677 +001.7854 -038.0306 +000.0601 +000.4668 0
L1 05    464 +014.3996 +010.0354 +001.9709 -107.9592 +000.9326 -010.7389 0
L1 06    464 +016.0056 +000.9446 -004.0613 -026.1887 +087.4600 +156.8202 0
L1 07    464 +016.1291 +000.9289 -005.1021 -095.3336 -001.1392 +089.4338 0
L1 08    464 +015.9840 +000.8718 -005.8107 -060.2898 -077.3342 +057.1176 0
L1 01    468 +016.0137 +000.1838 +001.3555 -086.1279 -001.0468 +001.8119 0
L1 02    468 +004.5079 +007.3620 +001.6838 -175.5935 +001.5013 -130.3348 0
L1 03    468 +016.1035 -000.5519 -000.8367 -091.5391 +003.3664 +092.3284 0
L1 04    468 +008.7541 +008.7677 +001.7854 -038.0305 +000.0600 +000.4673 0
L1 05    468 +014.3995 +010.0355 +001.9707 -107.9580 +000.9310 -010.7409 0
L1 06    468 +016.0055 +000.9443 -004.0616 -026.2191 +087.4608 +156.7910 0
L1 07    468 +016.1289 +000.9292 -005.1025 -095.3301 -001.1381 +089.4314 0
L1 08    468 +015.9839 +000.8720 -005.8107 -060.2909 -077.3325 +057.1204 0
L1 01    472 +016.0137 +000.1837 +001.3556 -086.1283 -001.0464 +001.8128 0
L1 02    472 +004.5079 +007.3620 +001.6838 -175.5930 +001.5008 -130.3319 0
L1 03    472 +016.1035 -000.5520 -000.8368 -091.5401 +003.3665 +092.3280 0
L1 04    472 +008.7541 +008.7677 +001.7855 -038.0306 +000.0599 +000.4675 0
L1 05    472 +014.3995 +010.0353 +001.9712 -107.9591 +000.9330 -010.7391 0
L1 06    472 +016.0055 +000.9444 -004.0614 -026.2245 +087.4608 +156.7858 0
L1 07    472 +016.1289 +000.9294 -005.1024 -095.3297 -001.1358 +089.4325 0
L1 08    472 +015.9839 +000.8719 -005.8107 -060.2892 -077.3323 +057.1181 0
