L1 01      5 +015.8960 +000.2257 +001.3530 -085.3412 -001.0793 +001.8044 0
L1 02      5 +004.5079 +007.3619 +001.6835 -175.5927 +001.5022 -130.3230 0
L1 03      5 +015.9952 -000.5091 -000.8388 -090.7550 +003.4446 +092.3126 0
L1 04      5 +008.7540 +008.7679 +001.7855 -038.0281 +000.0547 +000.4723 0
L1 05      5 +014.3992 +010.0366 +001.9716 -107.9605 +000.9422 -010.7315 0
L1 06      5 +015.8759 +000.9853 -004.0634 -026.8577 +087.4564 +155.3707 0
L1 07      5 +016.0003 +000.9732 -005.0957 -094.5192 +000.1676 +089.8251 0
L1 08      5 +015.8731 +000.9061 -005.7749 -077.0990 -078.5147 +074.8350 0
L1 01      9 +015.8960 +000.2254 +001.3530 -085.3438 -001.0789 +001.8039 0
L1 02      9 +004.5080 +007.3619 +001.6835 -175.5936 +001.5034 -130.3286 0
L1 03      9 +015.9952 -000.5094 -000.8389 -090.7582 +003.4446 +092.3121 0
L1 04      9 +008.7541 +008.7677 +001.7855 -038.0301 +000.0553 +000.4726 0
L1 05      9 +014.3990 +010.0367 +001.9715 -107.9600 +000.9426 -010.7315 0
L1 06      9 +015.8760 +000.9851 -004.0637 -026.8956 +087.4569 +155.3354 0
L1 07      9 +016.0004 +000.9726 -005.0954 -094.5236 +000.1667 +089.8284 0
L1 08      9 +015.8732 +000.9059 -005.7748 -077.1076 -078.5162 +074.8407 0
L1 01     13 +015.8961 +000.2258 +001.3531 -085.3408 -001.0790 +001.8052 0
L1 02     13 +004.5080 +007.3620 +001.6835 -175.5935 +001.5039 -130.3308 0
L1 03     13 +015.9952 -000.5095 -000.8386 -090.7574 +003.4450 +092.3142 0
L1 04     13 +008.7540 +008.7678 +001.7855 -038.0292 +000.0551 +000.4728 0
L1 05     13 +014.3990 +010.0368 +001.9719 -107.9600 +000.9451 -010.7300 0
L1 06     13 +015.8759 +000.9849 -004.0637 -026.9189 +087.4572 +155.3124 0
L1 07     13 +016.0005 +000.9730 -005.0951 -094.5203 +000.1686 +089.8296 0
L1 08     13 +015.8732 +000.9060 -005.7747 -077.1099 -078.5149 +074.8446 0
L1 01     17 +015.8960 +000.2258 +001.3530 -085.3404 -001.0786 +001.8047 0
L1 02     17 +004.5079 +007.3620 +001.6835 -175.5930 +001.5039 -130.3301 0
L1 03     17 +015.9953 -000.5094 -000.8386 -090.7571 +003.4453 +092.3141 0
L1 04     17 +008.7541 +008.7678 +001.7855 -038.0297 +000.0553 +000.4727 0
L1 05     17 +014.3990 +010.0368 +001.9722 -107.9600 +000.9476 -010.7304 0
L1 06     17 +015.8760 +000.9848 -004.0635 -026.9046 +087.4565 +155.3280 0
L1 07     17 +016.0004 +000.9729 -005.0955 -094.5214 +000.1703 +089.8275 0
L1 08     17 +015.8732 +000.9060 -005.7748 -077.1086 -078.5138 +074.8437 0
L1 01     21 +015.8960 +000.2255 +001.3530 -085.3428 -001.0785 +001.8045 0
L1 02     21 +004.5079 +007.3620 +001.6835 -175.5931 +001.5034 -130.3273 0
L1 03     21 +015.9952 -000.5094 -000.8387 -090.7577 +003.4449 +092.3137 0
L1 04     21 +008.7541 +008.7677 +001.7855 -038.0301 +000.0554 +000.4727 0
L1 05     21 +014.3990 +010.0366 +001.9722 -107.9606 +000.9459 -010.7294 0
L1 06     21 +015.8760 +000.9848 -004.0635 -026.8876 +087.4568 +155.3451 0
L1 07     21 +016.0003 +000.9735 -005.0955 -094.5191 +000.1714 +089.8279 0
L1 08     21 +015.8732 +000.9061 -005.7747 -077.1101 -078.5140 +074.8452 0
L1 01     25 +015.8960 +000.2256 +001.3531 -085.3413 -001.0789 +001.8060 0
L1 02     25 +004.5079 +007.3620 +001.6835 -175.5924 +001.5021 -130.3215 0
L1 03     25 +015.9952 -000.5093 -000.8385 -090.7562 +003.4449 +092.3152 0
L1 04     25 +008.7540 +008.7678 +001.7855 -038.0293 +000.0552 +000.4726 0
L1 05     25 +014.3991 +010.0365 +001.9722 -107.9606 +000.9460 -010.7299 0
L1 06     25 +015.8759 +000.9849 -004.0637 -026.8857 +087.4572 +155.3462 0
L1 07     25 +016.0003 +000.9732 -005.0954 -094.5195 +000.1706 +089.8286 0
L1 08     25 +015.8732 +000.9062 -005.7747 -077.1067 -078.5130 +074.8430 0
L1 01     29 +015.8960 +000.2257 +001.3532 -085.3414 -001.0781 +001.8062 0
L1 02     29 +004.5079 +007.3619 +001.6835 -175.5927 +001.5026 -130.3229 0
L1 03     29 +015.9952 -000.5097 -000.8386 -090.7585 +003.4447 +092.3143 0
L1 04     29 +008.7541 +008.7678 +001.7855 -038.0293 +000.0552 +000.4725 0
L1 05     29 +014.3990 +010.0367 +001.9721 -107.9599 +000.9457 -010.7302 0
L1 06     29 +015.8759 +000.9851 -004.0636 -026.8962 +087.4568 +155.3344 0
L1 07     29 +016.0003 +000.9732 -005.0955 -094.5200 +000.1707 +089.8273 0
L1 08     29 +015.8732 +000.9059 -005.7747 -077.1086 -078.5138 +074.8431 0
L1 01     33 +015.8961 +000.2256 +001.3530 -085.3428 -001.0781 +001.8055 0
L1 02     33 +004.5080 +007.3619 +001.6835 -175.5941 +001.5027 -130.3249 0
L1 03     33 +015.9952 -000.5096 -000.8385 -090.7589 +003.4450 +092.3148 0
L1 04     33 +008.7541 +008.7677 +001.7855 -038.0304 +000.0552 +000.4725 0
L1 05     33 +014.3992 +010.0363 +001.9718 -107.9633 +000.9448 -010.7327 0
L1 06     33 +015.8759 +000.9848 -004.0636 -026.9283 +087.4566 +155.3040 0
L1 07     33 +016.0003 +000.9731 -005.0956 -094.5212 +000.1701 +089.8275 0
L1 08     33 +015.8732 +000.9058 -005.7747 -077.1108 -078.5135 +074.8441 0
L1 01     37 +015.8960 +000.2257 +001.3531 -085.3412 -001.0782 +001.8057 0
L1 02     37 +004.5080 +007.3619 +001.6835 -175.5933 +001.5032 -130.3261 0
L1 03     37 +015.9952 -000.5094 -000.8385 -090.7574 +003.4453 +092.3150 0
L1 04     37 +008.7541 +008.7678 +001.7855 -038.0296 +000.0552 +000.4727 0
L1 05     37 +014.3991 +010.0365 +001.9717 -107.9609 +000.9450 -010.7330 0
L1 06     37 +015.8759 +000.9852 -004.0636 -026.8978 +087.4574 +155.3320 0
L1 07     37 +016.0003 +000.9731 -005.0953 -094.5207 +000.1718 +089.8287 0
L1 08     37 +015.8732 +000.9059 -005.7747 -077.1068 -078.5121 +074.8414 0
L1 01     41 +015.8960 +000.2255 +001.3529 -085.3428 -001.0783 +001.8048 0
L1 02     41 +004.5080 +007.3619 +001.6835 -175.5938 +001.5033 -130.3282 0
L1 03     41 +015.9952 -000.5093 -000.8385 -090.7572 +003.4453 +092.3148 0
L1 04     41 +008.7541 +008.7677 +001.7855 -038.0300 +000.0552 +000.4727 0
L1 05     41 +014.3993 +010.0362 +001.9720 -107.9633 +000.9455 -010.7313 0
L1 06     41 +015.8759 +000.9854 -004.0635 -026.8717 +087.4572 +155.3573 0
L1 07     41 +016.0002 +000.9728 -005.0957 -094.5225 +000.1719 +089.8265 0
L1 08     41 +015.8732 +000.9059 -005.7747 -077.1102 -078.5120 +074.8446 0
L1 01     45 +015.8960 +000.2254 +001.3531 -085.3428 -001.0795 +001.8063 0
L1 02     45 +004.5080 +007.3620 +001.6835 -175.5938 +001.5034 -130.3290 0
L1 03     45 +015.9952 -000.5092 -000.8384 -090.7564 +003.4453 +092.3155 0
L1 04     45 +008.7541 +008.7677 +001.7855 -038.0300 +000.0553 +000.4729 0
L1 05     45 +014.3992 +010.0366 +001.9720 -107.9617 +000.9452 -010.7314 0
L1 06     45 +015.8760 +000.9853 -004.0634 -026.8848 +087.4560 +155.3449 0
L1 07     45 +016.0003 +000.9729 -005.0956 -094.5227 +000.1732 +089.8272 0
L1 08     45 +015.8732 +000.9060 -005.7747 -077.1093 -078.5113 +074.8444 0
L1 01     49 +015.8960 +000.2256 +001.3531 -085.3419 -001.0789 +001.8058 0
L1 02     49 +004.5080 +007.3620 +001.6835 -175.5934 +001.5034 -130.3278 0
L1 03     49 +015.9952 -000.5091 -000.8385 -090.7557 +003.4457 +092.3151 0
L1 04     49 +008.7541 +008.7678 +001.7855 -038.0295 +000.0551 +000.4725 0
L1 05     49 +014.3990 +010.0368 +001.9720 -107.9589 +000.9458 -010.7306 0
L1 06     49 +015.8759 +000.9853 -004.0636 -026.9020 +087.4570 +155.3279 0
L1 07     49 +016.0004 +000.9732 -005.0955 -094.5201 +000.1740 +089.8285 0
L1 08     49 +015.8732 +000.9061 -005.7746 -077.1135 -078.5107 +074.8498 0
L1 01     53 +015.8960 +000.2257 +001.3531 -085.3420 -001.0783 +001.8061 0
L1 02     53 +004.5080 +007.3619 +001.6835 -175.5934 +001.5029 -130.3254 0
L1 03     53 +015.9952 -000.5096 -000.8385 -090.7585 +003.4457 +092.3154 0
L1 04     53 +008.7541 +008.7677 +001.7855 -038.0303 +000.0553 +000.4729 0
L1 05     53 +014.3993 +010.0363 +001.9722 -107.9631 +000.9462 -010.7286 0
L1 06     53 +015.8760 +000.9849 -004.0636 -026.9198 +087.4565 +155.3115 0
L1 07     53 +016.0004 +000.9729 -005.0952 -094.5224 +000.1747 +089.8302 0
L1 08     53 +015.8732 +000.9058 -005.7746 -077.1112 -078.5116 +074.8459 0
L1 01     57 +015.8960 +000.2256 +001.3530 -085.3426 -001.0787 +001.8052 0
L1 02     57 +004.5080 +007.3619 +001.6835 -175.5934 +001.5025 -130.3244 0
L1 03     57 +015.9952 -000.5095 -000.8386 -090.7586 +003.4451 +092.3145 0
L1 04     57 +008.7541 +008.7677 +001.7855 -038.0306 +000.0552 +000.4728 0
L1 05     57 +014.3993 +010.0362 +001.9723 -107.9626 +000.9485 -010.7303 0
L1 06     57 +015.8760 +000.9848 -004.0636 -026.9249 +087.4564 +155.3071 0
L1 07     57 +016.0004 +000.9730 -005.0952 -094.5218 +000.1744 +089.8304 0
L1 08     57 +015.8732 +000.9058 -005.7747 -077.1102 -078.5109 +074.8448 0
L1 01     61 +015.8960 +000.2256 +001.3530 -085.3421 -001.0790 +001.8049 0
L1 02     61 +004.5079 +007.3619 +001.6835 -175.5929 +001.5029 -130.3246 0
L1 03     61 +015.9952 -000.5094 -000.8386 -090.7574 +003.4450 +092.3143 0
L1 04     61 +008.7540 +008.7678 +001.7855 -038.0292 +000.0550 +000.4727 0
L1 05     61 +014.3993 +010.0363 +001.9723 -107.9626 +000.9481 -010.7304 0
L1 06     61 +015.8760 +000.9849 -004.0634 -026.9163 +087.4552 +155.3151 0
L1 07     61 +016.0003 +000.9731 -005.0956 -094.5205 +000.1743 +089.8279 0
L1 08     61 +015.8732 +000.9060 -005.7747 -077.1099 -078.5094 +074.8459 0
L1 01     65 +015.8960 +000.2257 +001.3530 -085.3419 -001.0789 +001.8053 0
L1 02     65 +004.5079 +007.3619 +001.6835 -175.5930 +001.5030 -130.3260 0
L1 03     65 +015.9952 -000.5095 -000.8386 -090.7580 +003.4451 +092.3144 0
L1 04     65 +008.7541 +008.7677 +001.7855 -038.0296 +000.0550 +000.4729 0
L1 05     65 +014.3991 +010.0363 +001.9723 -107.9618 +000.9487 -010.7301 0
L1 06     65 +015.8760 +000.9851 -004.0635 -026.9165 +087.4564 +155.3138 0
L1 07     65 +016.0003 +000.9731 -005.0955 -094.5208 +000.1758 +089.8293 0
L1 08     65 +015.8732 +000.9058 -005.7747 -077.1115 -078.5094 +074.8464 0
L1 01     69 +015.8960 +000.2258 +001.3530 -085.3416 -001.0784 +001.8047 0
L1 02     69 +004.5080 +007.3620 +001.6835 -175.5936 +001.5035 -130.3294 0
L1 03     69 +015.9952 -000.5096 -000.8386 -090.7588 +003.4454 +092.3144 0
L1 04     69 +008.7541 +008.7677 +001.7855 -038.0298 +000.0551 +000.4727 0
L1 05     69 +014.3994 +010.0360 +001.9721 -107.9642 +000.9478 -010.7306 0
L1 06     69 +015.8759 +000.9853 -004.0635 -026.8886 +087.4566 +155.3406 0
L1 07     69 +016.0004 +000.9732 -005.0957 -094.5201 +000.1755 +089.8285 0
L1 08     69 +015.8733 +000.9057 -005.7746 -077.1153 -078.5095 +074.8498 0
L1 01     73 +015.8960 +000.2257 +001.3528 -085.3421 -001.0779 +001.8033 0
L1 02     73 +004.5080 +007.3620 +001.6835 -175.5938 +001.5037 -130.3293 0
L1 03     73 +015.9953 -000.5096 -000.8386 -090.7587 +003.4456 +092.3138 0
L1 04     73 +008.7541 +008.7677 +001.7855 -038.0303 +000.0548 +000.4725 0
L1 05     73 +014.3993 +010.0363 +001.9723 -107.9627 +000.9474 -010.7284 0
L1 06     73 +015.8758 +000.9852 -004.0638 -026.9192 +087.4577 +155.3104 0
L1 07     73 +016.0005 +000.9727 -005.0953 -094.5227 +000.1762 +089.8311 0
L1 08     73 +015.8733 +000.9058 -005.7746 -077.1152 -078.5084 +074.8501 0
L1 01     77 +015.8960 +000.2255 +001.3528 -085.3439 -001.0782 +001.8031 0
L1 02     77 +004.5079 +007.3620 +001.6835 -175.5930 +001.5030 -130.3259 0
L1 03     77 +015.9952 -000.5096 -000.8387 -090.7594 +003.4458 +092.3131 0
L1 04     77 +008.7541 +008.7677 +001.7855 -038.0299 +000.0551 +000.4725 0
L1 05     77 +014.3994 +010.0361 +001.9725 -107.9638 +000.9488 -010.7278 0
L1 06     77 +015.8758 +000.9851 -004.0639 -026.9409 +087.4588 +155.2889 0
L1 07     77 +016.0005 +000.9726 -005.0952 -094.5230 +000.1766 +089.8316 0
L1 08     77 +015.8732 +000.9058 -005.7746 -077.1137 -078.5081 +074.8484 0
L1 01     81 +015.8960 +000.2257 +001.3531 -085.3423 -001.0788 +001.8051 0
L1 02     81 +004.5079 +007.3619 +001.6835 -175.5927 +001.5025 -130.3222 0
L1 03     81 +015.9952 -000.5094 -000.8388 -090.7579 +003.4458 +092.3131 0
L1 04     81 +008.7541 +008.7677 +001.7855 -038.0297 +000.0550 +000.4728 0
L1 05     81 +014.3995 +010.0358 +001.9726 -107.9659 +000.9487 -010.7276 0
L1 06     81 +015.8759 +000.9850 -004.0635 -026.9062 +087.4569 +155.3245 0
L1 07     81 +016.0004 +000.9726 -005.0954 -094.5227 +000.1757 +089.8299 0
L1 08     81 +015.8732 +000.9058 -005.7746 -077.1114 -078.5075 +074.8470 0
L1 01     85 +015.8960 +000.2256 +001.3532 -085.3421 -001.0792 +001.8064 0
L1 02     85 +004.5080 +007.3619 +001.6835 -175.5932 +001.5025 -130.3234 0
L1 03     85 +015.9952 -000.5094 -000.8387 -090.7576 +003.4456 +092.3134 0
L1 04     85 +008.7540 +008.7678 +001.7855 -038.0295 +000.0550 +000.4728 0
L1 05     85 +014.3995 +010.0360 +001.9725 -107.9647 +000.9471 -010.7286 0
L1 06     85 +015.8759 +000.9846 -004.0635 -026.9095 +087.4564 +155.3242 0
L1 07     85 +016.0003 +000.9730 -005.0955 -094.5204 +000.1774 +089.8295 0
L1 08     85 +015.8732 +000.9058 -005.7747 -077.1084 -078.5078 +074.8447 0
L1 01     89 +015.8960 +000.2254 +001.3530 -085.3436 -001.0795 +001.8044 0
L1 02     89 +004.5080 +007.3619 +001.6835 -175.5934 +001.5035 -130.3279 0
L1 03     89 +015.9952 -000.5093 -000.8388 -090.7572 +003.4453 +092.3130 0
L1 04     89 +008.7541 +008.7677 +001.7855 -038.0298 +000.0551 +000.4726 0
L1 05     89 +014.3995 +010.0359 +001.9723 -107.9645 +000.9472 -010.7302 0
L1 06     89 +015.8760 +000.9846 -004.0635 -026.8957 +087.4571 +155.3378 0
L1 07     89 +016.0003 +000.9729 -005.0955 -094.5225 +000.1790 +089.8298 0
L1 08     89 +015.8732 +000.9060 -005.7747 -077.1102 -078.5063 +074.8469 0
L1 01     93 +015.8960 +000.2254 +001.3532 -085.3434 -001.0800 +001.8052 0
L1 02     93 +004.5080 +007.3620 +001.6835 -175.5934 +001.5038 -130.3299 0
L1 03     93 +015.9952 -000.5093 -000.8390 -090.7571 +003.4452 +092.3114 0
L1 04     93 +008.7540 +008.7678 +001.7855 -038.0292 +000.0550 +000.4724 0
L1 05     93 +014.3994 +010.0361 +001.9721 -107.9632 +000.9468 -010.7317 0
L1 06     93 +015.8759 +000.9853 -004.0636 -026.8648 +087.4585 +155.3643 0
L1 07     93 +016.0003 +000.9731 -005.0955 -094.5208 +000.1797 +089.8303 0
L1 08     93 +015.8731 +000.9060 -005.7749 -077.1051 -078.5045 +074.8422 0
L1 01     97 +015.8960 +000.2254 +001.3529 -085.3438 -001.0793 +001.8037 0
L1 02     97 +004.5080 +007.3619 +001.6835 -175.5941 +001.5033 -130.3271 0
L1 03     97 +015.9952 -000.5093 -000.8388 -090.7577 +003.4452 +092.3126 0
L1 04     97 +008.7541 +008.7677 +001.7855 -038.0300 +000.0552 +000.4723 0
L1 05     97 +014.3990 +010.0366 +001.9723 -107.9585 +000.9475 -010.7305 0
L1 06     97 +015.8758 +000.9852 -004.0639 -026.9104 +087.4592 +155.3197 0
L1 07     97 +016.0003 +000.9735 -005.0954 -094.5191 +000.1805 +089.8310 0
L1 08     97 +015.8731 +000.9060 -005.7748 -077.1091 -078.5055 +074.8459 0
L1 01    101 +015.8960 +000.2254 +001.3529 -085.3438 -001.0791 +001.8040 0
L1 02    101 +004.5080 +007.3619 +001.6835 -175.5934 +001.5027 -130.3243 0
L1 03    101 +015.9952 -000.5094 -000.8387 -090.7580 +003.4455 +092.3134 0
L1 04    101 +008.7541 +008.7677 +001.7855 -038.0299 +000.0551 +000.4726 0
L1 05    101 +014.3992 +010.0364 +001.9711 -107.9605 +000.9424 -010.7337 0
L1 06    101 +015.8758 +000.9851 -004.0636 -026.9120 +087.4582 +155.3190 0
L1 07    101 +016.0003 +000.9735 -005.0953 -094.5187 +000.1819 +089.8312 0
L1 08    101 +015.8731 +000.9059 -005.7748 -077.1086 -078.5051 +074.8451 0
L1 01    105 +015.8960 +000.2253 +001.3528 -085.3439 -001.0795 +001.8028 0
L1 02    105 +004.5080 +007.3619 +001.6835 -175.5930 +001.5026 -130.3236 0
L1 03    105 +015.9952 -000.5093 -000.8387 -090.7571 +003.4459 +092.3126 0
L1 04    105 +008.7541 +008.7677 +001.7855 -038.0299 +000.0551 +000.4727 0
L1 05    105 +014.3991 +010.0365 +001.9716 -107.9615 +000.9433 -010.7323 0
L1 06    105 +015.8759 +000.9849 -004.0636 -026.8982 +087.4576 +155.3332 0
L1 07    105 +016.0001 +000.9737 -005.0957 -094.5175 +000.1814 +089.8288 0
L1 08    105 +015.8731 +000.9060 -005.7748 -077.1063 -078.5041 +074.8438 0
L1 01    109 +015.8960 +000.2254 +001.3530 -085.3437 -001.0801 +001.8048 0
L1 02    109 +004.5080 +007.3619 +001.6835 -175.5934 +001.5031 -130.3260 0
L1 03    109 +015.9952 -000.5092 -000.8386 -090.7568 +003.4453 +092.3137 0
L1 04    109 +008.7541 +008.7677 +001.7855 -038.0301 +000.0552 +000.4729 0
L1 05    109 +014.3995 +010.0359 +001.9718 -107.9654 +000.9461 -010.7322 0
L1 06    109 +015.8759 +000.9846 -004.0636 -026.9288 +087.4570 +155.3043 0
L1 07    109 +016.0003 +000.9730 -005.0955 -094.5206 +000.1806 +089.8304 0
L1 08    109 +015.8731 +000.9060 -005.7747 -077.1090 -078.5040 +074.8466 0
L1 01    113 +015.8960 +000.2258 +001.3531 -085.3415 -001.0787 +001.8057 0
L1 02    113 +004.5080 +007.3619 +001.6835 -175.5938 +001.5034 -130.3274 0
L1 03    113 +015.9952 -000.5095 -000.8386 -090.7583 +003.4459 +092.3136 0
L1 04    113 +008.7541 +008.7677 +001.7855 -038.0297 +000.0552 +000.4727 0
L1 05    113 +014.3993 +010.0361 +001.9725 -107.9640 +000.9470 -010.7291 0
L1 06    113 +015.8758 +000.9850 -004.0636 -026.9066 +087.4572 +155.3249 0
L1 07    113 +016.0004 +000.9735 -005.0952 -094.5179 +000.1819 +089.8320 0
L1 08    113 +015.8731 +000.9060 -005.7747 -077.1076 -078.5037 +074.8450 0
L1 01    117 +015.8960 +000.2260 +001.3528 -085.3389 -001.0785 +001.8037 0
L1 02    117 +004.5079 +007.3620 +001.6835 -175.5928 +001.5034 -130.3265 0
L1 03    117 +015.9952 -000.5094 -000.8386 -090.7572 +003.4463 +092.3137 0
L1 04    117 +008.7541 +008.7678 +001.7855 -038.0293 +000.0551 +000.4729 0
L1 05    117 +014.3984 +010.0374 +001.9727 -107.9539 +000.9476 -010.7281 0
L1 06    117 +015.8758 +000.9851 -004.0635 -026.9081 +087.4572 +155.3222 0
L1 07    117 +016.0003 +000.9738 -005.0948 -094.5152 +000.1840 +089.8329 0
L1 08    117 +015.8731 +000.9061 -005.7747 -077.1073 -078.5025 +074.8463 0
L1 01    121 +015.8960 +000.2255 +001.3531 -085.3425 -001.0790 +001.8054 0
L1 02    121 +004.5080 +007.3620 +001.6835 -175.5931 +001.5032 -130.3262 0
L1 03    121 +015.9952 -000.5096 -000.8386 -090.7588 +003.4459 +092.3142 0
L1 04    121 +008.7541 +008.7677 +001.7855 -038.0298 +000.0553 +000.4729 0
L1 05    121 +014.3990 +010.0365 +001.9723 -107.9606 +000.9472 -010.7307 0
L1 06    121 +015.8757 +000.9852 -004.0638 -026.9402 +087.4579 +155.2901 0
L1 07    121 +016.0003 +000.9730 -005.0954 -094.5204 +000.1813 +089.8308 0
L1 08    121 +015.8730 +000.9061 -005.7747 -077.1063 -078.5021 +074.8447 0
L1 01    125 +015.8960 +000.2255 +001.3531 -085.3425 -001.0797 +001.8052 0
L1 02    125 +004.5080 +007.3620 +001.6835 -175.5933 +001.5031 -130.3266 0
L1 03    125 +015.9951 -000.5094 -000.8387 -090.7574 +003.4452 +092.3133 0
L1 04    125 +008.7541 +008.7677 +001.7856 -038.0298 +000.0551 +000.4731 0
L1 05    125 +014.3992 +010.0363 +001.9720 -107.9624 +000.9466 -010.7325 0
L1 06    125 +015.8758 +000.9855 -004.0637 -026.9358 +087.4579 +155.2925 0
L1 07    125 +016.0002 +000.9730 -005.0955 -094.5207 +000.1834 +089.8294 0
L1 08    125 +015.8731 +000.9061 -005.7747 -077.1064 -078.5017 +074.8447 0
L1 01    129 +015.8960 +000.2258 +001.3528 -085.3412 -001.0791 +001.8029 0
L1 02    129 +004.5079 +007.3620 +001.6835 -175.5930 +001.5032 -130.3262 0
L1 03    129 +015.9952 -000.5094 -000.8388 -090.7572 +003.4455 +092.3123 0
L1 04    129 +008.7540 +008.7678 +001.7855 -038.0289 +000.0550 +000.4725 0
L1 05    129 +014.3994 +010.0362 +001.9720 -107.9630 +000.9472 -010.7335 0
L1 06    129 +015.8757 +000.9854 -004.0641 -026.9230 +087.4611 +155.3058 0
L1 07    129 +016.0003 +000.9733 -005.0954 -094.5193 +000.1844 +089.8304 0
L1 08    129 +015.8731 +000.9061 -005.7748 -077.1052 -078.5013 +074.8441 0
L1 01    133 +015.8960 +000.2256 +001.3529 -085.3426 -001.0790 +001.8041 0
L1 02    133 +004.5080 +007.3619 +001.6835 -175.5937 +001.5025 -130.3234 0
L1 03    133 +015.9952 -000.5094 -000.8386 -090.7579 +003.4455 +092.3134 0
L1 04    133 +008.7541 +008.7677 +001.7855 -038.0303 +000.0553 +000.4728 0
L1 05    133 +014.3995 +010.0358 +001.9718 -107.9657 +000.9461 -010.7333 0
L1 06    133 +015.8758 +000.9849 -004.0637 -026.9407 +087.4581 +155.2912 0
L1 07    133 +016.0002 +000.9734 -005.0957 -094.5191 +000.1846 +089.8297 0
L1 08    133 +015.8731 +000.9056 -005.7747 -077.1098 -078.5019 +074.8462 0
L1 01    137 +015.8960 +000.2255 +001.3529 -085.3428 -001.0795 +001.8041 0
L1 02    137 +004.5080 +007.3619 +001.6835 -175.5932 +001.5024 -130.3243 0
L1 03    137 +015.9952 -000.5093 -000.8386 -090.7574 +003.4457 +092.3135 0
L1 04    137 +008.7541 +008.7677 +001.7855 -038.0297 +000.0551 +000.4727 0
L1 05    137 +014.3995 +010.0360 +001.9720 -107.9645 +000.9457 -010.7309 0
L1 06    137 +015.8759 +000.9852 -004.0634 -026.8981 +087.4566 +155.3320 0
L1 07    137 +016.0002 +000.9738 -005.0955 -094.5176 +000.1871 +089.8309 0
L1 08    137 +015.8731 +000.9060 -005.7747 -077.1112 -078.5003 +074.8490 0
L1 01    141 +015.8960 +000.2259 +001.3528 -085.3402 -001.0793 +001.8038 0
L1 02    141 +004.5080 +007.3620 +001.6835 -175.5932 +001.5037 -130.3284 0
L1 03    141 +015.9952 -000.5092 -000.8386 -090.7559 +003.4463 +092.3139 0
L1 04    141 +008.7540 +008.7678 +001.7855 -038.0291 +000.0553 +000.4726 0
L1 05    141 +014.3989 +010.0368 +001.9721 -107.9589 +000.9457 -010.7304 0
L1 06    141 +015.8759 +000.9851 -004.0633 -026.8658 +087.4563 +155.3642 0
L1 07    141 +016.0002 +000.9733 -005.0954 -094.5191 +000.1878 +089.8314 0
L1 08    141 +015.8731 +000.9059 -005.7748 -077.1082 -078.4991 +074.8462 0
L1 01    145 +015.8960 +000.2257 +001.3528 -085.3416 -001.0793 +001.8039 0
L1 02    145 +004.5080 +007.3620 +001.6835 -175.5938 +001.5038 -130.3297 0
L1 03    145 +015.9952 -000.5093 -000.8386 -090.7566 +003.4461 +092.3137 0
L1 04    145 +008.7541 +008.7678 +001.7855 -038.0294 +000.0553 +000.4727 0
L1 05    145 +014.3990 +010.0367 +001.9722 -107.9596 +000.9467 -010.7305 0
L1 06    145 +015.8759 +000.9852 -004.0634 -026.8926 +087.4565 +155.3366 0
L1 07    145 +016.0003 +000.9730 -005.0953 -094.5206 +000.1865 +089.8320 0
L1 08    145 +015.8730 +000.9060 -005.7749 -077.1081 -078.4985 +074.8461 0
L1 01    149 +015.8960 +000.2257 +001.3529 -085.3410 -001.0803 +001.8037 0
L1 02    149 +004.5080 +007.3620 +001.6835 -175.5935 +001.5035 -130.3279 0
L1 03    149 +015.9952 -000.5091 -000.8388 -090.7555 +003.4456 +092.3125 0
L1 04    149 +008.7540 +008.7678 +001.7855 -038.0291 +000.0549 +000.4727 0
L1 05    149 +014.3991 +010.0367 +001.9719 -107.9599 +000.9449 -010.7311 0
L1 06    149 +015.8759 +000.9854 -004.0633 -026.8888 +087.4564 +155.3394 0
L1 07    149 +016.0002 +000.9736 -005.0955 -094.5168 +000.1875 +089.8314 0
L1 08    149 +015.8731 +000.9061 -005.7748 -077.1084 -078.4985 +074.8479 0
L1 01    153 +015.8960 +000.2256 +001.3528 -085.3416 -001.0802 +001.8028 0
L1 02    153 +004.5079 +007.3620 +001.6835 -175.5928 +001.5026 -130.3239 0
L1 03    153 +015.9952 -000.5092 -000.8386 -090.7561 +003.4459 +092.3133 0
L1 04    153 +008.7540 +008.7678 +001.7855 -038.0293 +000.0549 +000.4729 0
L1 05    153 +014.3992 +010.0365 +001.9721 -107.9608 +000.9454 -010.7306 0
L1 06    153 +015.8758 +000.9849 -004.0637 -026.9469 +087.4577 +155.2839 0
L1 07    153 +016.0002 +000.9732 -005.0955 -094.5195 +000.1873 +089.8314 0
L1 08    153 +015.8730 +000.9060 -005.7747 -077.1098 -078.4981 +074.8490 0
L1 01    157 +015.8960 +000.2256 +001.3529 -085.3421 -001.0792 +001.8038 0
L1 02    157 +004.5080 +007.3619 +001.6835 -175.5928 +001.5026 -130.3231 0
L1 03    157 +015.9951 -000.5093 -000.8387 -090.7571 +003.4460 +092.3127 0
L1 04    157 +008.7541 +008.7677 +001.7855 -038.0301 +000.0549 +000.4727 0
L1 05    157 +014.3996 +010.0360 +001.9718 -107.9658 +000.9442 -010.7317 0
L1 06    157 +015.8759 +000.9849 -004.0634 -026.9301 +087.4566 +155.3006 0
L1 07    157 +016.0001 +000.9732 -005.0958 -094.5194 +000.1871 +089.8293 0
L1 08    157 +015.8730 +000.9059 -005.7748 -077.1063 -078.4987 +074.8445 0
L1 01    161 +015.8960 +000.2258 +001.3528 -085.3411 -001.0792 +001.8025 0
L1 02    161 +004.5079 +007.3620 +001.6835 -175.5927 +001.5031 -130.3251 0
L1 03    161 +015.9952 -000.5094 -000.8389 -090.7572 +003.4459 +092.3113 0
L1 04    161 +008.7540 +008.7678 +001.7855 -038.0290 +000.0551 +000.4725 0
L1 05    161 +014.3995 +010.0361 +001.9720 -107.9637 +000.9459 -010.7316 0
L1 06    161 +015.8758 +000.9852 -004.0637 -026.9108 +087.4583 +155.3181 0
L1 07    161 +016.0001 +000.9734 -005.0957 -094.5179 +000.1883 +089.8302 0
L1 08    161 +015.8731 +000.9059 -005.7748 -077.1100 -078.4975 +074.8493 0
L1 01    165 +015.8961 +000.2258 +001.3531 -085.3425 -001.0802 +001.8044 0
L1 02    165 +004.5080 +007.3619 +001.6835 -175.5941 +001.5033 -130.3288 0
L1 03    165 +015.9951 -000.5095 -000.8390 -090.7577 +003.4454 +092.3115 0
L1 04    165 +008.7540 +008.7678 +001.7855 -038.0296 +000.0552 +000.4725 0
L1 05    165 +014.3995 +010.0358 +001.9721 -107.9658 +000.9470 -010.7307 0
L1 06    165 +015.8756 +000.9856 -004.0638 -026.8844 +087.4585 +155.3441 0
L1 07    165 +016.0002 +000.9734 -005.0954 -094.5183 +000.1897 +089.8324 0
L1 08    165 +015.8729 +000.9061 -005.7749 -077.1052 -078.4973 +074.8449 0
L1 01    169 +015.8961 +000.2257 +001.3530 -085.3419 -001.0796 +001.8040 0
L1 02    169 +004.5080 +007.3620 +001.6835 -175.5936 +001.5033 -130.3292 0
L1 03    169 +015.9952 -000.5093 -000.8389 -090.7569 +003.4459 +092.3119 0
L1 04    169 +008.7541 +008.7677 +001.7855 -038.0302 +000.0558 +000.4723 0
L1 05    169 +014.3991 +010.0364 +001.9718 -107.9621 +000.9457 -010.7316 0
L1 06    169 +015.8758 +000.9852 -004.0635 -026.8832 +087.4576 +155.3466 0
L1 07    169 +016.0003 +000.9733 -005.0951 -094.5187 +000.1923 +089.8342 0
L1 08    169 +015.8731 +000.9063 -005.7747 -077.1089 -078.4968 +074.8501 0
L1 01    173 +015.8961 +000.2258 +001.3529 -085.3408 -001.0796 +001.8030 0
L1 02    173 +004.5080 +007.3620 +001.6835 -175.5934 +001.5035 -130.3278 0
L1 03    173 +015.9952 -000.5093 -000.8388 -090.7566 +003.4463 +092.3121 0
L1 04    173 +008.7541 +008.7678 +001.7855 -038.0300 +000.0555 +000.4725 0
L1 05    173 +014.3991 +010.0363 +001.9722 -107.9618 +000.9467 -010.7305 0
L1 06    173 +015.8758 +000.9853 -004.0636 -026.9077 +087.4575 +155.3208 0
L1 07    173 +016.0003 +000.9735 -005.0950 -094.5182 +000.1922 +089.8346 0
L1 08    173 +015.8731 +000.9062 -005.7747 -077.1106 -078.4953 +074.8512 0
L1 01    177 +015.8961 +000.2259 +001.3532 -085.3405 -001.0799 +001.8056 0
L1 02    177 +004.5080 +007.3619 +001.6835 -175.5932 +001.5031 -130.3247 0
L1 03    177 +015.9951 -000.5093 -000.8389 -090.7568 +003.4458 +092.3119 0
L1 04    177 +008.7542 +008.7677 +001.7856 -038.0306 +000.0555 +000.4731 0
L1 05    177 +014.3995 +010.0359 +001.9721 -107.9642 +000.9461 -010.7312 0
L1 06    177 +015.8758 +000.9849 -004.0638 -026.9273 +087.4589 +155.3041 0
L1 07    177 +016.0002 +000.9733 -005.0955 -094.5188 +000.1916 +089.8317 0
L1 08    177 +015.8730 +000.9062 -005.7749 -077.1032 -078.4948 +074.8441 0
L1 01    181 +015.8961 +000.2256 +001.3533 -085.3422 -001.0801 +001.8068 0
L1 02    181 +004.5080 +007.3619 +001.6835 -175.5935 +001.5020 -130.3233 0
L1 03    181 +015.9951 -000.5092 -000.8389 -090.7563 +003.4457 +092.3121 0
L1 04    181 +008.7541 +008.7677 +001.7855 -038.0299 +000.0554 +000.4728 0
L1 05    181 +014.3993 +010.0363 +001.9719 -107.9619 +000.9470 -010.7337 0
L1 06    181 +015.8758 +000.9847 -004.0639 -026.9231 +087.4589 +155.3093 0
L1 07    181 +016.0003 +000.9730 -005.0954 -094.5210 +000.1931 +089.8314 0
L1 08    181 +015.8730 +000.9061 -005.7750 -077.1015 -078.4950 +074.8422 0
L1 01    185 +015.8961 +000.2259 +001.3533 -085.3410 -001.0802 +001.8057 0
L1 02    185 +004.5080 +007.3620 +001.6835 -175.5932 +001.5029 -130.3270 0
L1 03    185 +015.9952 -000.5094 -000.8390 -090.7570 +003.4457 +092.3112 0
L1 04    185 +008.7541 +008.7678 +001.7855 -038.0297 +000.0551 +000.4729 0
L1 05    185 +014.3988 +010.0369 +001.9723 -107.9585 +000.9472 -010.7308 0
L1 06    185 +015.8758 +000.9851 -004.0635 -026.9029 +087.4571 +155.3271 0
L1 07    185 +016.0001 +000.9733 -005.0958 -094.5182 +000.1930 +089.8297 0
L1 08    185 +015.8730 +000.9060 -005.7750 -077.1014 -078.4951 +074.8418 0
L1 01    189 +015.8960 +000.2255 +001.3532 -085.3423 -001.0819 +001.8059 0
L1 02    189 +004.5080 +007.3620 +001.6835 -175.5937 +001.5037 -130.3305 0
L1 03    189 +015.9951 -000.5089 -000.8387 -090.7545 +003.4453 +092.3133 0
L1 04    189 +008.7541 +008.7677 +001.7855 -038.0300 +000.0549 +000.4731 0
L1 05    189 +014.3990 +010.0368 +001.9717 -107.9579 +000.9448 -010.7316 0
L1 06    189 +015.8758 +000.9855 -004.0634 -026.8566 +087.4574 +155.3712 0
L1 07    189 +016.0002 +000.9735 -005.0954 -094.5178 +000.1950 +089.8319 0
L1 08    189 +015.8730 +000.9065 -005.7747 -077.1102 -078.4927 +074.8534 0
L1 01    193 +015.8960 +000.2255 +001.3533 -085.3426 -001.0816 +001.8060 0
L1 02    193 +004.5080 +007.3620 +001.6835 -175.5934 +001.5038 -130.3286 0
L1 03    193 +015.9951 -000.5089 -000.8389 -090.7549 +003.4451 +092.3120 0
L1 04    193 +008.7541 +008.7678 +001.7856 -038.0298 +000.0550 +000.4731 0
L1 05    193 +014.3992 +010.0364 +001.9717 -107.9605 +000.9456 -010.7316 0
L1 06    193 +015.8759 +000.9849 -004.0634 -026.8840 +087.4567 +155.3460 0
L1 07    193 +016.0002 +000.9730 -005.0955 -094.5207 +000.1946 +089.8317 0
L1 08    193 +015.8730 +000.9063 -005.7749 -077.1061 -078.4928 +074.8484 0
L1 01    197 +015.8960 +000.2255 +001.3530 -085.3429 -001.0808 +001.8035 0
L1 02    197 +004.5080 +007.3619 +001.6835 -175.5932 +001.5024 -130.3226 0
L1 03    197 +015.9951 -000.5093 -000.8388 -090.7569 +003.4454 +092.3118 0
L1 04    197 +008.7541 +008.7677 +001.7855 -038.0302 +000.0553 +000.4728 0
L1 05    197 +014.3993 +010.0362 +001.9720 -107.9630 +000.9477 -010.7313 0
L1 06    197 +015.8758 +000.9847 -004.0636 -026.9242 +087.4578 +155.3082 0
L1 07    197 +016.0003 +000.9723 -005.0952 -094.5245 +000.1933 +089.8345 0
L1 08    197 +015.8730 +000.9061 -005.7749 -077.1064 -078.4932 +074.8473 0
L1 01    201 +015.8960 +000.2255 +001.3529 -085.3426 -001.0804 +001.8028 0
L1 02    201 +004.5080 +007.3619 +001.6835 -175.5932 +001.5018 -130.3200 0
L1 03    201 +015.9951 -000.5092 -000.8388 -090.7564 +003.4455 +092.3118 0
L1 04    201 +008.7541 +008.7677 +001.7855 -038.0302 +000.0556 +000.4729 0
L1 05    201 +014.3994 +010.0362 +001.9719 -107.9630 +000.9467 -010.7328 0
L1 06    201 +015.8758 +000.9849 -004.0635 -026.9235 +087.4579 +155.3077 0
L1 07    201 +016.0002 +000.9728 -005.0952 -094.5221 +000.1951 +089.8335 0
L1 08    201 +015.8729 +000.9061 -005.7749 -077.1048 -078.4929 +074.8457 0
L1 01    205 +015.8960 +000.2256 +001.3529 -085.3419 -001.0798 +001.8033 0
L1 02    205 +004.5080 +007.3619 +001.6835 -175.5930 +001.5025 -130.3245 0
L1 03    205 +015.9951 -000.5092 -000.8386 -090.7559 +003.4460 +092.3128 0
L1 04    205 +008.7541 +008.7677 +001.7855 -038.0301 +000.0556 +000.4728 0
L1 05    205 +014.3993 +010.0362 +001.9723 -107.9624 +000.9489 -010.7305 0
L1 06    205 +015.8758 +000.9851 -004.0635 -026.8920 +087.4579 +155.3382 0
L1 07    205 +016.0001 +000.9730 -005.0955 -094.5213 +000.1957 +089.8325 0
L1 08    205 +015.8730 +000.9060 -005.7748 -077.1082 -078.4920 +074.8491 0
L1 01    209 +015.8960 +000.2256 +001.3529 -085.3428 -001.0798 +001.8028 0
L1 02    209 +004.5080 +007.3620 +001.6835 -175.5947 +001.5046 -130.3336 0
L1 03    209 +015.9951 -000.5094 -000.8387 -090.7580 +003.4462 +092.3120 0
L1 04    209 +008.7541 +008.7677 +001.7855 -038.0304 +000.0555 +000.4726 0
L1 05    209 +014.3996 +010.0357 +001.9721 -107.9652 +000.9482 -010.7316 0
L1 06    209 +015.8758 +000.9850 -004.0635 -026.9156 +087.4573 +155.3154 0
L1 07    209 +016.0001 +000.9730 -005.0957 -094.5202 +000.1953 +089.8312 0
L1 08    209 +015.8730 +000.9059 -005.7748 -077.1082 -078.4923 +074.8481 0
L1 01    213 +015.8960 +000.2257 +001.3527 -085.3424 -001.0792 +001.8016 0
L1 02    213 +004.5080 +007.3620 +001.6835 -175.5947 +001.5049 -130.3345 0
L1 03    213 +015.9951 -000.5095 -000.8388 -090.7581 +003.4463 +092.3117 0
L1 04    213 +008.7542 +008.7677 +001.7855 -038.0305 +000.0551 +000.4725 0
L1 05    213 +014.3994 +010.0360 +001.9726 -107.9631 +000.9495 -010.7301 0
L1 06    213 +015.8757 +000.9853 -004.0638 -026.9273 +087.4593 +155.3017 0
L1 07    213 +016.0002 +000.9728 -005.0953 -094.5216 +000.1950 +089.8337 0
L1 08    213 +015.8730 +000.9059 -005.7748 -077.1085 -078.4922 +074.8490 0
L1 01    217 +015.8960 +000.2256 +001.3526 -085.3426 -001.0796 +001.8011 0
L1 02    217 +004.5080 +007.3620 +001.6835 -175.5935 +001.5034 -130.3270 0
L1 03    217 +015.9951 -000.5095 -000.8388 -090.7580 +003.4460 +092.3117 0
L1 04    217 +008.7541 +008.7677 +001.7855 -038.0303 +000.0553 +000.4725 0
L1 05    217 +014.3993 +010.0362 +001.9724 -107.9620 +000.9476 -010.7293 0
L1 06    217 +015.8757 +000.9851 -004.0637 -026.9238 +087.4584 +155.3057 0
L1 07    217 +016.0002 +000.9732 -005.0953 -094.5195 +000.1971 +089.8340 0
L1 08    217 +015.8731 +000.9058 -005.7746 -077.1163 -078.4924 +074.8563 0
L1 01    221 +015.8960 +000.2256 +001.3529 -085.3429 -001.0808 +001.8033 0
L1 02    221 +004.5080 +007.3619 +001.6835 -175.5943 +001.5010 -130.3184 0
L1 03    221 +015.9951 -000.5093 -000.8388 -090.7576 +003.4451 +092.3119 0
L1 04    221 +008.7542 +008.7677 +001.7855 -038.0307 +000.0555 +000.4726 0
L1 05    221 +014.3993 +010.0361 +001.9723 -107.9640 +000.9469 -010.7292 0
L1 06    221 +015.8758 +000.9850 -004.0635 -026.9526 +087.4568 +155.2778 0
L1 07    221 +016.0002 +000.9729 -005.0953 -094.5213 +000.1969 +089.8337 0
L1 08    221 +015.8729 +000.9058 -005.7748 -077.1093 -078.4925 +074.8490 0
L1 01    225 +015.8961 +000.2256 +001.3529 -085.3419 -001.0808 +001.8031 0
L1 02    225 +004.5080 +007.3619 +001.6835 -175.5926 +001.5016 -130.3188 0
L1 03    225 +015.9951 -000.5093 -000.8387 -090.7566 +003.4456 +092.3123 0
L1 04    225 +008.7541 +008.7678 +001.7855 -038.0297 +000.0553 +000.4727 0
L1 05    225 +014.3990 +010.0368 +001.9721 -107.9589 +000.9464 -010.7307 0
L1 06    225 +015.8757 +000.9851 -004.0635 -026.9376 +087.4572 +155.2918 0
L1 07    225 +016.0002 +000.9729 -005.0951 -094.5203 +000.1975 +089.8347 0
L1 08    225 +015.8730 +000.9059 -005.7747 -077.1118 -078.4911 +074.8531 0
L1 01    229 +015.8960 +000.2257 +001.3529 -085.3416 -001.0800 +001.8038 0
L1 02    229 +004.5080 +007.3619 +001.6835 -175.5936 +001.5028 -130.3254 0
L1 03    229 +015.9951 -000.5093 -000.8387 -090.7566 +003.4461 +092.3130 0
L1 04    229 +008.7541 +008.7677 +001.7855 -038.0298 +000.0555 +000.4727 0
L1 05    229 +014.3994 +010.0361 +001.9720 -107.9634 +000.9463 -010.7315 0
L1 06    229 +015.8757 +000.9852 -004.0636 -026.8991 +087.4583 +155.3302 0
L1 07    229 +016.0001 +000.9733 -005.0954 -094.5192 +000.1990 +089.8328 0
L1 08    229 +015.8730 +000.9059 -005.7748 -077.1099 -078.4900 +074.8508 0
L1 01    233 +015.8960 +000.2256 +001.3527 -085.3427 -001.0793 +001.8020 0
L1 02    233 +004.5080 +007.3619 +001.6835 -175.5945 +001.5045 -130.3330 0
L1 03    233 +015.9952 -000.5096 -000.8388 -090.7588 +003.4464 +092.3120 0
L1 04    233 +008.7542 +008.7677 +001.7855 -038.0309 +000.0555 +000.4728 0
L1 05    233 +014.3992 +010.0364 +001.9719 -107.9603 +000.9462 -010.7317 0
L1 06    233 +015.8758 +000.9850 -004.0637 -026.9460 +087.4576 +155.2835 0
L1 07    233 +016.0001 +000.9734 -005.0957 -094.5188 +000.1996 +089.8320 0
L1 08    233 +015.8730 +000.9056 -005.7749 -077.1099 -078.4904 +074.8493 0
L1 01    237 +015.8960 +000.2254 +001.3526 -085.3435 -001.0802 +001.8010 0
L1 02    237 +004.5080 +007.3620 +001.6835 -175.5937 +001.5044 -130.3325 0
L1 03    237 +015.9952 -000.5092 -000.8388 -090.7568 +003.4462 +092.3116 0
L1 04    237 +008.7541 +008.7677 +001.7855 -038.0304 +000.0553 +000.4726 0
L1 05    237 +014.3992 +010.0363 +001.9722 -107.9612 +000.9474 -010.7295 0
L1 06    237 +015.8757 +000.9856 -004.0638 -026.9155 +087.4589 +155.3108 0
L1 07    237 +016.0001 +000.9733 -005.0954 -094.5196 +000.2013 +089.8333 0
L1 08    237 +015.8730 +000.9061 -005.7747 -077.1143 -078.4883 +074.8554 0
L1 01    241 +015.8960 +000.2255 +001.3527 -085.3441 -001.0792 +001.8019 0
L1 02    241 +004.5080 +007.3619 +001.6835 -175.5941 +001.5037 -130.3292 0
L1 03    241 +015.9952 -000.5096 -000.8389 -090.7598 +003.4462 +092.3111 0
L1 04    241 +008.7542 +008.7676 +001.7855 -038.0312 +000.0556 +000.4732 0
L1 05    241 +014.3995 +010.0358 +001.9722 -107.9663 +000.9496 -010.7311 0
L1 06    241 +015.8757 +000.9854 -004.0638 -026.9195 +087.4593 +155.3087 0
L1 07    241 +016.0000 +000.9728 -005.0956 -094.5233 +000.2000 +089.8327 0
L1 08    241 +015.8730 +000.9057 -005.7748 -077.1131 -078.4899 +074.8525 0
L1 01    245 +015.8960 +000.2258 +001.3529 -085.3411 -001.0800 +001.8036 0
L1 02    245 +004.5080 +007.3619 +001.6835 -175.5930 +001.5031 -130.3242 0
L1 03    245 +015.9951 -000.5094 -000.8387 -090.7574 +003.4464 +092.3126 0
L1 04    245 +008.7541 +008.7677 +001.7855 -038.0304 +000.0554 +000.4729 0
L1 05    245 +014.3994 +010.0361 +001.9722 -107.9637 +000.9485 -010.7304 0
L1 06    245 +015.8757 +000.9855 -004.0635 -026.9028 +087.4579 +155.3245 0
L1 07    245 +016.0002 +000.9729 -005.0952 -094.5221 +000.2011 +089.8355 0
L1 08    245 +015.8730 +000.9061 -005.7747 -077.1137 -078.4887 +074.8561 0
L1 01    249 +015.8960 +000.2256 +001.3528 -085.3418 -001.0804 +001.8025 0
L1 02    249 +004.5080 +007.3619 +001.6835 -175.5931 +001.5028 -130.3237 0
L1 03    249 +015.9951 -000.5093 -000.8388 -090.7564 +003.4463 +092.3120 0
L1 04    249 +008.7542 +008.7677 +001.7855 -038.0304 +000.0553 +000.4729 0
L1 05    249 +014.3992 +010.0366 +001.9720 -107.9604 +000.9457 -010.7308 0
L1 06    249 +015.8757 +000.9855 -004.0637 -026.9377 +087.4579 +155.2882 0
L1 07    249 +016.0002 +000.9729 -005.0953 -094.5215 +000.2016 +089.8346 0
L1 08    249 +015.8730 +000.9061 -005.7747 -077.1119 -078.4880 +074.8547 0
L1 01    253 +015.8960 +000.2252 +001.3528 -085.3449 -001.0819 +001.8027 0
L1 02    253 +004.5080 +007.3619 +001.6835 -175.5941 +001.5023 -130.3247 0
L1 03    253 +015.9952 -000.5091 -000.8389 -090.7563 +003.4457 +092.3115 0
L1 04    253 +008.7542 +008.7677 +001.7856 -038.0309 +000.0555 +000.4731 0
L1 05    253 +014.3995 +010.0361 +001.9716 -107.9644 +000.9439 -010.7334 0
L1 06    253 +015.8757 +000.9857 -004.0637 -026.9288 +087.4580 +155.2985 0
L1 07    253 +016.0002 +000.9730 -005.0952 -094.5216 +000.2037 +089.8356 0
L1 08    253 +015.8730 +000.9061 -005.7747 -077.1132 -078.4877 +074.8556 0
L1 01    257 +015.8960 +000.2256 +001.3529 -085.3416 -001.0809 +001.8032 0
L1 02    257 +004.5080 +007.3619 +001.6836 -175.5931 +001.5031 -130.3257 0
L1 03    257 +015.9952 -000.5092 -000.8388 -090.7559 +003.4461 +092.3120 0
L1 04    257 +008.7541 +008.7677 +001.7855 -038.0300 +000.0553 +000.4729 0
L1 05    257 +014.3991 +010.0365 +001.9722 -107.9604 +000.9479 -010.7308 0
L1 06    257 +015.8757 +000.9854 -004.0638 -026.9426 +087.4588 +155.2853 0
L1 07    257 +016.0001 +000.9729 -005.0956 -094.5205 +000.2044 +089.8342 0
L1 08    257 +015.8730 +000.9062 -005.7748 -077.1097 -078.4867 +074.8534 0
L1 01    261 +015.8960 +000.2256 +001.3529 -085.3418 -001.0815 +001.8033 0
L1 02    261 +004.5080 +007.3620 +001.6835 -175.5932 +001.5032 -130.3266 0
L1 03    261 +015.9951 -000.5090 -000.8387 -090.7547 +003.4457 +092.3122 0
L1 04    261 +008.7541 +008.7677 +001.7856 -038.0303 +000.0552 +000.4732 0
L1 05    261 +014.3991 +010.0366 +001.9722 -107.9603 +000.9473 -010.7306 0
L1 06    261 +015.8758 +000.9854 -004.0638 -026.8992 +087.4595 +155.3286 0
L1 07    261 +016.0000 +000.9732 -005.0956 -094.5185 +000.2051 +089.8336 0
L1 08    261 +015.8729 +000.9061 -005.7749 -077.1038 -078.4858 +074.8473 0
L1 01    265 +015.8960 +000.2257 +001.3530 -085.3414 -001.0811 +001.8044 0
L1 02    265 +004.5080 +007.3620 +001.6835 -175.5943 +001.5038 -130.3292 0
L1 03    265 +015.9951 -000.5091 -000.8387 -090.7555 +003.4460 +092.3125 0
L1 04    265 +008.7542 +008.7677 +001.7855 -038.0305 +000.0554 +000.4731 0
L1 05    265 +014.3991 +010.0366 +001.9723 -107.9607 +000.9478 -010.7307 0
L1 06    265 +015.8758 +000.9852 -004.0634 -026.8710 +087.4572 +155.3583 0
L1 07    265 +016.0001 +000.9733 -005.0955 -094.5179 +000.2052 +089.8346 0
L1 08    265 +015.8729 +000.9060 -005.7749 -077.1088 -078.4854 +074.8516 0
L1 01    269 +015.8960 +000.2257 +001.3529 -085.3415 -001.0806 +001.8030 0
L1 02    269 +004.5080 +007.3620 +001.6835 -175.5942 +001.5036 -130.3289 0
L1 03    269 +015.9952 -000.5090 -000.8388 -090.7550 +003.4462 +092.3119 0
L1 04    269 +008.7541 +008.7677 +001.7856 -038.0303 +000.0554 +000.4734 0
L1 05    269 +014.3990 +010.0367 +001.9724 -107.9596 +000.9481 -010.7301 0
L1 06    269 +015.8758 +000.9854 -004.0636 -026.8735 +087.4583 +155.3545 0
L1 07    269 +016.0001 +000.9733 -005.0954 -094.5179 +000.2050 +089.8349 0
L1 08    269 +015.8729 +000.9061 -005.7750 -077.1051 -078.4840 +074.8488 0
L1 01    273 +015.8960 +000.2254 +001.3528 -085.3436 -001.0802 +001.8024 0
L1 02    273 +004.5080 +007.3619 +001.6835 -175.5939 +001.5031 -130.3270 0
L1 03    273 +015.9951 -000.5092 -000.8387 -090.7567 +003.4461 +092.3123 0
L1 04    273 +008.7542 +008.7677 +001.7855 -038.0306 +000.0555 +000.4729 0
L1 05    273 +014.3992 +010.0365 +001.9722 -107.9614 +000.9475 -010.7308 0
L1 06    273 +015.8758 +000.9852 -004.0636 -026.9115 +087.4580 +155.3178 0
L1 07    273 +016.0001 +000.9728 -005.0955 -094.5223 +000.2055 +089.8347 0
L1 08    273 +015.8729 +000.9060 -005.7748 -077.1098 -078.4848 +074.8523 0
L1 01    277 +015.8960 +000.2257 +001.3527 -085.3419 -001.0799 +001.8022 0
L1 02    277 +004.5080 +007.3620 +001.6835 -175.5928 +001.5030 -130.3253 0
L1 03    277 +015.9952 -000.5093 -000.8386 -090.7568 +003.4466 +092.3127 0
L1 04    277 +008.7541 +008.7677 +001.7855 -038.0303 +000.0555 +000.4727 0
L1 05    277 +014.3991 +010.0366 +001.9724 -107.9602 +000.9475 -010.7297 0
L1 06    277 +015.8757 +000.9852 -004.0638 -026.9330 +087.4592 +155.2957 0
L1 07    277 +016.0003 +000.9732 -005.0952 -094.5188 +000.2065 +089.8369 0
L1 08    277 +015.8729 +000.9058 -005.7749 -077.1090 -078.4850 +074.8510 0
L1 01    281 +015.8960 +000.2255 +001.3528 -085.3434 -001.0804 +001.8028 0
L1 02    281 +004.5080 +007.3619 +001.6835 -175.5935 +001.5030 -130.3262 0
L1 03    281 +015.9951 -000.5092 -000.8388 -090.7565 +003.4465 +092.3121 0
L1 04    281 +008.7541 +008.7677 +001.7855 -038.0302 +000.0554 +000.4730 0
L1 05    281 +014.3991 +010.0365 +001.9725 -107.9606 +000.9475 -010.7305 0
L1 06    281 +015.8757 +000.9851 -004.0636 -026.9357 +087.4573 +155.2939 0
L1 07    281 +016.0002 +000.9738 -005.0950 -094.5166 +000.2078 +089.8379 0
L1 08    281 +015.8729 +000.9060 -005.7749 -077.1050 -078.4846 +074.8474 0
L1 01    285 +015.8960 +000.2256 +001.3531 -085.3427 -001.0806 +001.8044 0
L1 02    285 +004.5080 +007.3619 +001.6835 -175.5940 +001.5030 -130.3266 0
L1 03    285 +015.9951 -000.5093 -000.8388 -090.7568 +003.4461 +092.3125 0
L1 04    285 +008.7541 +008.7677 +001.7856 -038.0306 +000.0553 +000.4733 0
L1 05    285 +014.3993 +010.0362 +001.9723 -107.9630 +000.9481 -010.7318 0
L1 06    285 +015.8757 +000.9850 -004.0636 -026.9293 +087.4577 +155.3013 0
L1 07    285 +016.0001 +000.9736 -005.0954 -094.5172 +000.2065 +089.8366 0
L1 08    285 +015.8729 +000.9058 -005.7749 -077.1075 -078.4842 +074.8493 0
L1 01    289 +015.8960 +000.2257 +001.3529 -085.3423 -001.0800 +001.8029 0
L1 02    289 +004.5080 +007.3619 +001.6836 -175.5933 +001.5032 -130.3257 0
L1 03    289 +015.9951 -000.5094 -000.8388 -090.7574 +003.4461 +092.3117 0
L1 04    289 +008.7541 +008.7677 +001.7856 -038.0308 +000.0553 +000.4733 0
L1 05    289 +014.3995 +010.0360 +001.9722 -107.9640 +000.9478 -010.7306 0
L1 06    289 +015.8757 +000.9849 -004.0635 -026.9367 +087.4564 +155.2931 0
L1 07    289 +016.0001 +000.9732 -005.0954 -094.5199 +000.2077 +089.8358 0
L1 08    289 +015.8729 +000.9058 -005.7749 -077.1078 -078.4836 +074.8499 0
L1 01    293 +015.8960 +000.2256 +001.3529 -085.3426 -001.0801 +001.8034 0
L1 02    293 +004.5080 +007.3619 +001.6835 -175.5940 +001.5030 -130.3261 0
L1 03    293 +015.9951 -000.5095 -000.8387 -090.7585 +003.4463 +092.3123 0
L1 04    293 +008.7542 +008.7676 +001.7855 -038.0310 +000.0556 +000.4732 0
L1 05    293 +014.3993 +010.0361 +001.9726 -107.9626 +000.9496 -010.7296 0
L1 06    293 +015.8758 +000.9848 -004.0633 -026.9151 +087.4558 +155.3165 0
L1 07    293 +016.0001 +000.9729 -005.0955 -094.5227 +000.2073 +089.8354 0
L1 08    293 +015.8730 +000.9059 -005.7748 -077.1117 -078.4836 +074.8542 0
L1 01    297 +015.8960 +000.2255 +001.3529 -085.3435 -001.0812 +001.8030 0
L1 02    297 +004.5080 +007.3619 +001.6835 -175.5940 +001.5034 -130.3292 0
L1 03    297 +015.9951 -000.5093 -000.8388 -090.7574 +003.4467 +092.3117 0
L1 04    297 +008.7542 +008.7677 +001.7855 -038.0309 +000.0557 +000.4731 0
L1 05    297 +014.3993 +010.0363 +001.9723 -107.9611 +000.9484 -010.7306 0
L1 06    297 +015.8757 +000.9853 -004.0636 -026.9235 +087.4585 +155.3058 0
L1 07    297 +016.0001 +000.9730 -005.0954 -094.5207 +000.2095 +089.8356 0
L1 08    297 +015.8730 +000.9059 -005.7748 -077.1116 -078.4823 +074.8539 0
L1 01    301 +015.8960 +000.2255 +001.3528 -085.3428 -001.0804 +001.8023 0
L1 02    301 +004.5080 +007.3620 +001.6835 -175.5941 +001.5039 -130.3293 0
L1 03    301 +015.9951 -000.5093 -000.8388 -090.7573 +003.4468 +092.3115 0
L1 04    301 +008.7541 +008.7677 +001.7855 -038.0306 +000.0555 +000.4731 0
L1 05    301 +014.3993 +010.0364 +001.9721 -107.9610 +000.9477 -010.7307 0
L1 06    301 +015.8756 +000.9858 -004.0640 -026.9439 +087.4600 +155.2814 0
L1 07    301 +016.0001 +000.9730 -005.0955 -094.5200 +000.2110 +089.8353 0
L1 08    301 +015.8729 +000.9059 -005.7748 -077.1101 -078.4818 +074.8527 0
L1 01    305 +015.8960 +000.2257 +001.3527 -085.3426 -001.0796 +001.8015 0
L1 02    305 +004.5080 +007.3619 +001.6836 -175.5934 +001.5033 -130.3259 0
L1 03    305 +015.9951 -000.5096 -000.8387 -090.7586 +003.4467 +092.3118 0
L1 04    305 +008.7542 +008.7677 +001.7855 -038.0307 +000.0556 +000.4728 0
L1 05    305 +014.3992 +010.0362 +001.9725 -107.9611 +000.9489 -010.7302 0
L1 06    305 +015.8756 +000.9856 -004.0637 -026.9303 +087.4590 +155.2962 0
L1 07    305 +016.0001 +000.9727 -005.0953 -094.5225 +000.2089 +089.8361 0
L1 08    305 +015.8729 +000.9058 -005.7748 -077.1099 -078.4821 +074.8523 0
L1 01    309 +015.8960 +000.2258 +001.3528 -085.3409 -001.0808 +001.8030 0
L1 02    309 +004.5080 +007.3619 +001.6835 -175.5939 +001.5027 -130.3239 0
L1 03    309 +015.9951 -000.5092 -000.8386 -090.7560 +003.4469 +092.3124 0
L1 04    309 +008.7542 +008.7677 +001.7855 -038.0308 +000.0555 +000.4731 0
L1 05    309 +014.3987 +010.0369 +001.9723 -107.9574 +000.9488 -010.7302 0
L1 06    309 +015.8757 +000.9856 -004.0634 -026.9117 +087.4569 +155.3146 0
L1 07    309 +015.9999 +000.9734 -005.0958 -094.5184 +000.2100 +089.8329 0
L1 08    309 +015.8729 +000.9059 -005.7748 -077.1114 -078.4810 +074.8543 0
L1 01    313 +015.8960 +000.2256 +001.3528 -085.3423 -001.0808 +001.8027 0
L1 02    313 +004.5080 +007.3619 +001.6835 -175.5934 +001.5027 -130.3253 0
L1 03    313 +015.9951 -000.5092 -000.8387 -090.7559 +003.4466 +092.3115 0
L1 04    313 +008.7541 +008.7677 +001.7855 -038.0306 +000.0555 +000.4730 0
L1 05    313 +014.3994 +010.0360 +001.9721 -107.9637 +000.9479 -010.7314 0
L1 06    313 +015.8757 +000.9855 -004.0634 -026.9175 +087.4573 +155.3100 0
L1 07    313 +015.9999 +000.9732 -005.0956 -094.5194 +000.2088 +089.8352 0
L1 08    313 +015.8729 +000.9059 -005.7748 -077.1114 -078.4810 +074.8543 0
L1 01    317 +015.8960 +000.2255 +001.3528 -085.3433 -001.0815 +001.8022 0
L1 02    317 +004.5080 +007.3620 +001.6835 -175.5935 +001.5033 -130.3275 0
L1 03    317 +015.9951 -000.5093 -000.8389 -090.7569 +003.4463 +092.3107 0
L1 04    317 +008.7542 +008.7677 +001.7855 -038.0307 +000.0554 +000.4730 0
L1 05    317 +014.3990 +010.0365 +001.9726 -107.9594 +000.9498 -010.7289 0
L1 06    317 +015.8757 +000.9853 -004.0636 -026.9063 +087.4590 +155.3228 0
L1 07    317 +016.0000 +000.9731 -005.0952 -094.5196 +000.2097 +089.8374 0
L1 08    317 +015.8728 +000.9059 -005.7749 -077.1041 -078.4806 +074.8473 0
L1 01    321 +015.8960 +000.2257 +001.3530 -085.3415 -001.0814 +001.8038 0
L1 02    321 +004.5080 +007.3620 +001.6835 -175.5936 +001.5035 -130.3274 0
L1 03    321 +015.9951 -000.5092 -000.8389 -090.7560 +003.4465 +092.3106 0
L1 04    321 +008.7541 +008.7677 +001.7855 -038.0300 +000.0554 +000.4732 0
L1 05    321 +014.3991 +010.0364 +001.9724 -107.9606 +000.9493 -010.7301 0
L1 06    321 +015.8757 +000.9853 -004.0636 -026.9058 +087.4589 +155.3224 0
L1 07    321 +015.9999 +000.9734 -005.0954 -094.5169 +000.2129 +089.8355 0
L1 08    321 +015.8728 +000.9060 -005.7750 -077.1006 -078.4792 +074.8451 0
L1 01    325 +015.8960 +000.2256 +001.3529 -085.3424 -001.0810 +001.8024 0
L1 02    325 +004.5080 +007.3619 +001.6835 -175.5936 +001.5032 -130.3261 0
L1 03    325 +015.9951 -000.5093 -000.8388 -090.7566 +003.4464 +092.3108 0
L1 04    325 +008.7541 +008.7677 +001.7855 -038.0305 +000.0554 +000.4732 0
L1 05    325 +014.3991 +010.0365 +001.9723 -107.9604 +000.9493 -010.7307 0
L1 06    325 +015.8756 +000.9854 -004.0638 -026.9410 +087.4599 +155.2874 0
L1 07    325 +015.9999 +000.9730 -005.0955 -094.5204 +000.2123 +089.8351 0
L1 08    325 +015.8728 +000.9060 -005.7750 -077.1023 -078.4791 +074.8468 0
L1 01    329 +015.8960 +000.2255 +001.3527 -085.3435 -001.0811 +001.8010 0
L1 02    329 +004.5080 +007.3619 +001.6835 -175.5934 +001.5029 -130.3255 0
L1 03    329 +015.9951 -000.5094 -000.8387 -090.7575 +003.4464 +092.3115 0
L1 04    329 +008.7541 +008.7677 +001.7856 -038.0301 +000.0553 +000.4734 0
L1 05    329 +014.3988 +010.0369 +001.9719 -107.9580 +000.9481 -010.7315 0
L1 06    329 +015.8756 +000.9849 -004.0638 -026.9586 +087.4601 +155.2720 0
L1 07    329 +015.9999 +000.9731 -005.0955 -094.5197 +000.2134 +089.8357 0
L1 08    329 +015.8728 +000.9060 -005.7750 -077.1027 -078.4783 +074.8467 0
L1 01    333 +015.8960 +000.2255 +001.3530 -085.3426 -001.0819 +001.8036 0
L1 02    333 +004.5080 +007.3619 +001.6835 -175.5938 +001.5033 -130.3268 0
L1 03    333 +015.9951 -000.5091 -000.8387 -090.7555 +003.4463 +092.3118 0
L1 04    333 +008.7541 +008.7677 +001.7855 -038.0299 +000.0554 +000.4733 0
L1 05    333 +014.3991 +010.0364 +001.9727 -107.9610 +000.9508 -010.7281 0
L1 06    333 +015.8756 +000.9850 -004.0636 -026.9433 +087.4589 +155.2868 0
L1 07    333 +016.0000 +000.9732 -005.0953 -094.5185 +000.2135 +089.8367 0
L1 08    333 +015.8728 +000.9062 -005.7750 -077.1013 -078.4771 +074.8467 0
L1 01    337 +015.8960 +000.2254 +001.3529 -085.3438 -001.0811 +001.8030 0
L1 02    337 +004.5080 +007.3619 +001.6835 -175.5938 +001.5034 -130.3271 0
L1 03    337 +015.9951 -000.5092 -000.8388 -090.7562 +003.4467 +092.3110 0
L1 04    337 +008.7541 +008.7677 +001.7856 -038.0300 +000.0553 +000.4733 0
L1 05    337 +014.3992 +010.0364 +001.9726 -107.9615 +000.9495 -010.7279 0
L1 06    337 +015.8757 +000.9849 -004.0636 -026.9292 +087.4581 +155.3018 0
L1 07    337 +016.0002 +000.9735 -005.0949 -094.5174 +000.2151 +089.8402 0
L1 08    337 +015.8728 +000.9060 -005.7750 -077.1027 -078.4772 +074.8470 0
L1 01    341 +015.8960 +000.2254 +001.3530 -085.3432 -001.0807 +001.8039 0
L1 02    341 +004.5080 +007.3619 +001.6835 -175.5936 +001.5033 -130.3257 0
L1 03    341 +015.9951 -000.5092 -000.8386 -090.7560 +003.4468 +092.3129 0
L1 04    341 +008.7541 +008.7678 +001.7855 -038.0297 +000.0556 +000.4730 0
L1 05    341 +014.3994 +010.0361 +001.9723 -107.9638 +000.9489 -010.7283 0
L1 06    341 +015.8758 +000.9849 -004.0634 -026.9096 +087.4577 +155.3217 0
L1 07    341 +016.0001 +000.9733 -005.0953 -094.5189 +000.2152 +089.8377 0
L1 08    341 +015.8729 +000.9059 -005.7749 -077.1079 -078.4772 +074.8517 0
L1 01    345 +015.8960 +000.2256 +001.3529 -085.3420 -001.0803 +001.8029 0
L1 02    345 +004.5080 +007.3619 +001.6835 -175.5934 +001.5033 -130.3260 0
L1 03    345 +015.9951 -000.5093 -000.8388 -090.7563 +003.4467 +092.3117 0
L1 04    345 +008.7541 +008.7677 +001.7856 -038.0302 +000.0552 +000.4734 0
L1 05    345 +014.3993 +010.0362 +001.9724 -107.9624 +000.9492 -010.7297 0
L1 06    345 +015.8757 +000.9850 -004.0634 -026.9214 +087.4575 +155.3087 0
L1 07    345 +016.0001 +000.9731 -005.0954 -094.5202 +000.2158 +089.8374 0
L1 08    345 +015.8729 +000.9059 -005.7749 -077.1069 -078.4774 +074.8513 0
L1 01    349 +015.8960 +000.2256 +001.3529 -085.3419 -001.0809 +001.8025 0
L1 02    349 +004.5080 +007.3620 +001.6835 -175.5935 +001.5035 -130.3266 0
L1 03    349 +015.9951 -000.5093 -000.8389 -090.7563 +003.4469 +092.3105 0
L1 04    349 +008.7541 +008.7677 +001.7856 -038.0304 +000.0552 +000.4733 0
L1 05    349 +014.3991 +010.0366 +001.9718 -107.9600 +000.9467 -010.7331 0
L1 06    349 +015.8757 +000.9851 -004.0636 -026.9325 +087.4585 +155.2967 0
L1 07    349 +016.0000 +000.9729 -005.0955 -094.5204 +000.2160 +089.8365 0
L1 08    349 +015.8728 +000.9059 -005.7750 -077.1041 -078.4769 +074.8487 0
L1 01    353 +015.8960 +000.2255 +001.3529 -085.3433 -001.0807 +001.8026 0
L1 02    353 +004.5080 +007.3619 +001.6835 -175.5936 +001.5032 -130.3257 0
L1 03    353 +015.9951 -000.5094 -000.8388 -090.7573 +003.4469 +092.3115 0
L1 04    353 +008.7541 +008.7677 +001.7855 -038.0307 +000.0556 +000.4730 0
L1 05    353 +014.3993 +010.0362 +001.9723 -107.9631 +000.9508 -010.7333 0
L1 06    353 +015.8757 +000.9849 -004.0635 -026.9533 +087.4576 +155.2775 0
L1 07    353 +016.0000 +000.9730 -005.0955 -094.5206 +000.2160 +089.8373 0
L1 08    353 +015.8729 +000.9058 -005.7749 -077.1080 -078.4764 +074.8511 0
L1 01    357 +015.8960 +000.2256 +001.3530 -085.3425 -001.0808 +001.8038 0
L1 02    357 +004.5080 +007.3619 +001.6835 -175.5935 +001.5031 -130.3256 0
L1 03    357 +015.9951 -000.5093 -000.8388 -090.7569 +003.4469 +092.3115 0
L1 04    357 +008.7541 +008.7677 +001.7855 -038.0306 +000.0555 +000.4731 0
L1 05    357 +014.3991 +010.0365 +001.9725 -107.9612 +000.9511 -010.7312 0
L1 06    357 +015.8756 +000.9847 -004.0637 -026.9485 +087.4591 +155.2835 0
L1 07    357 +016.0000 +000.9729 -005.0955 -094.5211 +000.2169 +089.8371 0
L1 08    357 +015.8729 +000.9058 -005.7749 -077.1080 -078.4758 +074.8522 0
L1 01    361 +015.8960 +000.2256 +001.3528 -085.3421 -001.0809 +001.8024 0
L1 02    361 +004.5080 +007.3620 +001.6835 -175.5935 +001.5033 -130.3272 0
L1 03    361 +015.9951 -000.5092 -000.8389 -090.7564 +003.4474 +092.3108 0
L1 04    361 +008.7541 +008.7677 +001.7856 -038.0304 +000.0553 +000.4735 0
L1 05    361 +014.3990 +010.0367 +001.9722 -107.9596 +000.9481 -010.7314 0
L1 06    361 +015.8758 +000.9850 -004.0635 -026.8993 +087.4582 +155.3306 0
L1 07    361 +016.0002 +000.9733 -005.0950 -094.5180 +000.2192 +089.8396 0
L1 08    361 +015.8729 +000.9059 -005.7750 -077.1074 -078.4751 +074.8522 0
L1 01    365 +015.8960 +000.2256 +001.3530 -085.3425 -001.0808 +001.8039 0
L1 02    365 +004.5080 +007.3619 +001.6835 -175.5940 +001.5037 -130.3276 0
L1 03    365 +015.9951 -000.5095 -000.8387 -090.7580 +003.4470 +092.3123 0
L1 04    365 +008.7542 +008.7676 +001.7855 -038.0310 +000.0557 +000.4735 0
L1 05    365 +014.3992 +010.0364 +001.9720 -107.9619 +000.9475 -010.7320 0
L1 06    365 +015.8757 +000.9851 -004.0634 -026.9094 +087.4572 +155.3207 0
L1 07    365 +016.0001 +000.9731 -005.0951 -094.5197 +000.2182 +089.8405 0
L1 08    365 +015.8729 +000.9058 -005.7749 -077.1097 -078.4753 +074.8541 0
L1 01    369 +015.8960 +000.2256 +001.3528 -085.3420 -001.0808 +001.8034 0
L1 02    369 +004.5080 +007.3620 +001.6835 -175.5933 +001.5035 -130.3265 0
L1 03    369 +015.9951 -000.5091 -000.8385 -090.7554 +003.4469 +092.3134 0
L1 04    369 +008.7541 +008.7677 +001.7856 -038.0304 +000.0555 +000.4736 0
L1 05    369 +014.3989 +010.0368 +001.9722 -107.9589 +000.9491 -010.7303 0
L1 06    369 +015.8757 +000.9853 -004.0634 -026.9212 +087.4570 +155.3070 0
L1 07    369 +016.0002 +000.9729 -005.0951 -094.5213 +000.2186 +089.8402 0
L1 08    369 +015.8730 +000.9061 -005.7747 -077.1170 -078.4738 +074.8630 0
L1 01    373 +015.8960 +000.2255 +001.3528 -085.3424 -001.0810 +001.8034 0
L1 02    373 +004.5080 +007.3619 +001.6835 -175.5933 +001.5032 -130.3258 0
L1 03    373 +015.9951 -000.5091 -000.8385 -090.7551 +003.4468 +092.3136 0
L1 04    373 +008.7541 +008.7677 +001.7856 -038.0302 +000.0553 +000.4735 0
L1 05    373 +014.3989 +010.0367 +001.9722 -107.9599 +000.9489 -010.7298 0
L1 06    373 +015.8757 +000.9852 -004.0635 -026.9308 +087.4582 +155.2983 0
L1 07    373 +016.0000 +000.9728 -005.0956 -094.5214 +000.2191 +089.8376 0
L1 08    373 +015.8730 +000.9061 -005.7749 -077.1123 -078.4735 +074.8585 0
L1 01    377 +015.8961 +000.2255 +001.3528 -085.3435 -001.0800 +001.8030 0
L1 02    377 +004.5080 +007.3619 +001.6835 -175.5938 +001.5031 -130.3257 0
L1 03    377 +015.9951 -000.5094 -000.8386 -090.7580 +003.4471 +092.3131 0
L1 04    377 +008.7542 +008.7676 +001.7855 -038.0313 +000.0556 +000.4731 0
L1 05    377 +014.3991 +010.0365 +001.9723 -107.9612 +000.9494 -010.7291 0
L1 06    377 +015.8758 +000.9851 -004.0634 -026.9441 +087.4567 +155.2856 0
L1 07    377 +016.0001 +000.9729 -005.0955 -094.5213 +000.2194 +089.8380 0
L1 08    377 +015.8730 +000.9057 -005.7750 -077.1082 -078.4746 +074.8522 0
L1 01    381 +015.8961 +000.2255 +001.3529 -085.3434 -001.0803 +001.8032 0
L1 02    381 +004.5080 +007.3619 +001.6835 -175.5935 +001.5031 -130.3264 0
L1 03    381 +015.9951 -000.5093 -000.8386 -090.7568 +003.4474 +092.3127 0
L1 04    381 +008.7541 +008.7676 +001.7855 -038.0309 +000.0556 +000.4732 0
L1 05    381 +014.3990 +010.0366 +001.9721 -107.9610 +000.9482 -010.7308 0
L1 06    381 +015.8758 +000.9852 -004.0636 -026.9190 +087.4585 +155.3103 0
L1 07    381 +016.0000 +000.9729 -005.0957 -094.5207 +000.2211 +089.8366 0
L1 08    381 +015.8730 +000.9061 -005.7749 -077.1102 -078.4728 +074.8560 0
L1 01    385 +015.8960 +000.2254 +001.3529 -085.3436 -001.0807 +001.8037 0
L1 02    385 +004.5080 +007.3620 +001.6835 -175.5934 +001.5036 -130.3279 0
L1 03    385 +015.9951 -000.5091 -000.8386 -090.7557 +003.4475 +092.3128 0
L1 04    385 +008.7541 +008.7677 +001.7855 -038.0306 +000.0554 +000.4731 0
L1 05    385 +014.3990 +010.0367 +001.9722 -107.9592 +000.9490 -010.7300 0
L1 06    385 +015.8758 +000.9854 -004.0634 -026.9150 +087.4569 +155.3133 0
L1 07    385 +016.0001 +000.9730 -005.0955 -094.5206 +000.2214 +089.8385 0
L1 08    385 +015.8730 +000.9062 -005.7750 -077.1086 -078.4721 +074.8550 0
L1 01    389 +015.8961 +000.2256 +001.3530 -085.3431 -001.0799 +001.8044 0
L1 02    389 +004.5080 +007.3619 +001.6835 -175.5942 +001.5038 -130.3276 0
L1 03    389 +015.9951 -000.5094 -000.8386 -090.7581 +003.4476 +092.3129 0
L1 04    389 +008.7541 +008.7676 +001.7856 -038.0312 +000.0555 +000.4733 0
L1 05    389 +014.3993 +010.0362 +001.9721 -107.9628 +000.9486 -010.7312 0
L1 06    389 +015.8758 +000.9851 -004.0637 -026.9386 +087.4579 +155.2914 0
L1 07    389 +016.0001 +000.9727 -005.0958 -094.5228 +000.2195 +089.8362 0
L1 08    389 +015.8730 +000.9059 -005.7750 -077.1086 -078.4726 +074.8532 0
L1 01    393 +015.8960 +000.2257 +001.3528 -085.3419 -001.0801 +001.8031 0
L1 02    393 +004.5080 +007.3619 +001.6835 -175.5933 +001.5033 -130.3255 0
L1 03    393 +015.9951 -000.5094 -000.8388 -090.7574 +003.4474 +092.3115 0
L1 04    393 +008.7541 +008.7677 +001.7855 -038.0299 +000.0553 +000.4730 0
L1 05    393 +014.3994 +010.0361 +001.9722 -107.9633 +000.9492 -010.7313 0
L1 06    393 +015.8757 +000.9852 -004.0639 -026.9323 +087.4598 +155.2970 0
L1 07    393 +016.0002 +000.9730 -005.0952 -094.5210 +000.2228 +089.8402 0
L1 08    393 +015.8730 +000.9059 -005.7751 -077.1077 -078.4719 +074.8531 0
L1 01    397 +015.8960 +000.2256 +001.3529 -085.3425 -001.0801 +001.8037 0
L1 02    397 +004.5080 +007.3619 +001.6835 -175.5936 +001.5028 -130.3246 0
L1 03    397 +015.9951 -000.5094 -000.8387 -090.7578 +003.4475 +092.3124 0
L1 04    397 +008.7541 +008.7677 +001.7855 -038.0308 +000.0555 +000.4730 0
L1 05    397 +014.3995 +010.0360 +001.9720 -107.9635 +000.9486 -010.7311 0
L1 06    397 +015.8757 +000.9852 -004.0638 -026.9404 +087.4593 +155.2894 0
L1 07    397 +016.0003 +000.9731 -005.0950 -094.5189 +000.2227 +089.8421 0
L1 08    397 +015.8730 +000.9058 -005.7750 -077.1113 -078.4716 +074.8558 0
L1 01    401 +015.8960 +000.2257 +001.3527 -085.3426 -001.0802 +001.8021 0
L1 02    401 +004.5080 +007.3619 +001.6835 -175.5935 +001.5032 -130.3270 0
L1 03    401 +015.9952 -000.5096 -000.8388 -090.7589 +003.4472 +092.3117 0
L1 04    401 +008.7542 +008.7676 +001.7855 -038.0311 +000.0552 +000.4732 0
L1 05    401 +014.3996 +010.0357 +001.9721 -107.9651 +000.9482 -010.7313 0
L1 06    401 +015.8758 +000.9850 -004.0637 -026.9522 +087.4580 +155.2775 0
L1 07    401 +016.0003 +000.9733 -005.0952 -094.5194 +000.2226 +089.8421 0
L1 08    401 +015.8730 +000.9058 -005.7750 -077.1125 -078.4714 +074.8573 0
L1 01    405 +015.8960 +000.2256 +001.3525 -085.3437 -001.0798 +001.8005 0
L1 02    405 +004.5080 +007.3620 +001.6835 -175.5934 +001.5036 -130.3279 0
L1 03    405 +015.9951 -000.5095 -000.8389 -090.7588 +003.4477 +092.3115 0
L1 04    405 +008.7541 +008.7677 +001.7856 -038.0306 +000.0552 +000.4732 0
L1 05    405 +014.3989 +010.0366 +001.9722 -107.9626 +000.9491 -010.7310 0
L1 06    405 +015.8758 +000.9846 -004.0634 -026.9155 +087.4581 +155.3151 0
L1 07    405 +016.0003 +000.9736 -005.0952 -094.5196 +000.2236 +089.8400 0
L1 08    405 +015.8730 +000.9059 -005.7751 -077.1135 -078.4700 +074.8586 0
L1 01    409 +015.8960 +000.2254 +001.3527 -085.3447 -001.0801 +001.8022 0
L1 02    409 +004.5080 +007.3620 +001.6835 -175.5941 +001.5031 -130.3278 0
L1 03    409 +015.9951 -000.5096 -000.8388 -090.7597 +003.4472 +092.3120 0
L1 04    409 +008.7542 +008.7677 +001.7855 -038.0314 +000.0553 +000.4723 0
L1 05    409 +014.3995 +010.0358 +001.9722 -107.9665 +000.9496 -010.7312 0
L1 06    409 +015.8758 +000.9851 -004.0635 -026.9164 +087.4575 +155.3140 0
L1 07    409 +016.0001 +000.9734 -005.0954 -094.5196 +000.2231 +089.8398 0
L1 08    409 +015.8730 +000.9059 -005.7749 -077.1179 -078.4703 +074.8624 0
L1 01    413 +015.8960 +000.2255 +001.3529 -085.3431 -001.0812 +001.8037 0
L1 02    413 +004.5080 +007.3620 +001.6835 -175.5934 +001.5038 -130.3283 0
L1 03    413 +015.9951 -000.5094 -000.8387 -090.7575 +003.4470 +092.3126 0
L1 04    413 +008.7541 +008.7677 +001.7855 -038.0304 +000.0553 +000.4730 0
L1 05    413 +014.3992 +010.0363 +001.9722 -107.9616 +000.9488 -010.7310 0
L1 06    413 +015.8758 +000.9853 -004.0634 -026.8735 +087.4585 +155.3558 0
L1 07    413 +016.0002 +000.9735 -005.0953 -094.5174 +000.2249 +089.8404 0
L1 08    413 +015.8730 +000.9061 -005.7749 -077.1130 -078.4691 +074.8600 0
L1 01    417 +015.8960 +000.2256 +001.3528 -085.3424 -001.0813 +001.8029 0
L1 02    417 +004.5079 +007.3620 +001.6835 -175.5930 +001.5035 -130.3260 0
L1 03    417 +015.9951 -000.5092 -000.8387 -090.7563 +003.4470 +092.3124 0
L1 04    417 +008.7541 +008.7677 +001.7855 -038.0302 +000.0553 +000.4731 0
L1 05    417 +014.3993 +010.0363 +001.9722 -107.9615 +000.9480 -010.7297 0
L1 06    417 +015.8758 +000.9851 -004.0635 -026.8844 +087.4585 +155.3454 0
L1 07    417 +016.0002 +000.9733 -005.0954 -094.5193 +000.2269 +089.8397 0
L1 08    417 +015.8730 +000.9060 -005.7749 -077.1140 -078.4686 +074.8610 0
L1 01    421 +015.8960 +000.2252 +001.3530 -085.3449 -001.0821 +001.8037 0
L1 02    421 +004.5080 +007.3619 +001.6835 -175.5929 +001.5019 -130.3213 0
L1 03    421 +015.9952 -000.5092 -000.8388 -090.7570 +003.4468 +092.3122 0
L1 04    421 +008.7541 +008.7677 +001.7855 -038.0306 +000.0554 +000.4731 0
L1 05    421 +014.3995 +010.0359 +001.9723 -107.9648 +000.9488 -010.7297 0
L1 06    421 +015.8758 +000.9852 -004.0634 -026.8893 +087.4572 +155.3403 0
L1 07    421 +016.0001 +000.9730 -005.0956 -094.5213 +000.2265 +089.8386 0
L1 08    421 +015.8730 +000.9061 -005.7750 -077.1137 -078.4680 +074.8602 0
L1 01    425 +015.8960 +000.2256 +001.3531 -085.3420 -001.0820 +001.8047 0
L1 02    425 +004.5080 +007.3619 +001.6835 -175.5933 +001.5027 -130.3245 0
L1 03    425 +015.9951 -000.5093 -000.8388 -090.7565 +003.4474 +092.3124 0
L1 04    425 +008.7541 +008.7677 +001.7855 -038.0304 +000.0554 +000.4733 0
L1 05    425 +014.3993 +010.0363 +001.9726 -107.9620 +000.9497 -010.7289 0
L1 06    425 +015.8758 +000.9853 -004.0635 -026.8916 +087.4585 +155.3374 0
L1 07    425 +016.0001 +000.9733 -005.0955 -094.5191 +000.2270 +089.8395 0
L1 08    425 +015.8730 +000.9061 -005.7750 -077.1108 -078.4671 +074.8583 0
L1 01    429 +015.8960 +000.2255 +001.3528 -085.3433 -001.0818 +001.8033 0
L1 02    429 +004.5080 +007.3620 +001.6835 -175.5940 +001.5040 -130.3312 0
L1 03    429 +015.9951 -000.5093 -000.8388 -090.7567 +003.4475 +092.3124 0
L1 04    429 +008.7541 +008.7677 +001.7855 -038.0306 +000.0551 +000.4731 0
L1 05    429 +014.3991 +010.0366 +001.9721 -107.9597 +000.9474 -010.7309 0
L1 06    429 +015.8757 +000.9855 -004.0636 -026.8992 +087.4592 +155.3278 0
L1 07    429 +016.0001 +000.9734 -005.0953 -094.5176 +000.2277 +089.8411 0
L1 08    429 +015.8730 +000.9062 -005.7750 -077.1131 -078.4667 +074.8608 0
L1 01    433 +015.8960 +000.2254 +001.3529 -085.3438 -001.0820 +001.8037 0
L1 02    433 +004.5080 +007.3620 +001.6835 -175.5932 +001.5046 -130.3327 0
L1 03    433 +015.9952 -000.5092 -000.8389 -090.7563 +003.4471 +092.3117 0
L1 04    433 +008.7541 +008.7677 +001.7855 -038.0302 +000.0548 +000.4732 0
L1 05    433 +014.3991 +010.0367 +001.9724 -107.9588 +000.9480 -010.7295 0
L1 06    433 +015.8758 +000.9852 -004.0636 -026.9149 +087.4582 +155.3134 0
L1 07    433 +016.0001 +000.9735 -005.0955 -094.5171 +000.2286 +089.8414 0
L1 08    433 +015.8730 +000.9061 -005.7750 -077.1150 -078.4666 +074.8623 0
L1 01    437 +015.8961 +000.2257 +001.3530 -085.3415 -001.0814 +001.8052 0
L1 02    437 +004.5080 +007.3620 +001.6835 -175.5937 +001.5039 -130.3278 0
L1 03    437 +015.9952 -000.5092 -000.8388 -090.7562 +003.4475 +092.3124 0
L1 04    437 +008.7541 +008.7677 +001.7855 -038.0299 +000.0547 +000.4733 0
L1 05    437 +014.3989 +010.0367 +001.9724 -107.9586 +000.9480 -010.7298 0
L1 06    437 +015.8758 +000.9853 -004.0637 -026.9175 +087.4585 +155.3113 0
L1 07    437 +016.0001 +000.9734 -005.0956 -094.5178 +000.2279 +089.8404 0
L1 08    437 +015.8730 +000.9060 -005.7750 -077.1138 -078.4668 +074.8610 0
L1 01    441 +015.8960 +000.2256 +001.3530 -085.3426 -001.0815 +001.8045 0
L1 02    441 +004.5080 +007.3619 +001.6835 -175.5932 +001.5020 -130.3205 0
L1 03    441 +015.9952 -000.5092 -000.8388 -090.7560 +003.4475 +092.3123 0
L1 04    441 +008.7541 +008.7677 +001.7856 -038.0306 +000.0547 +000.4733 0
L1 05    441 +014.3994 +010.0362 +001.9722 -107.9626 +000.9482 -010.7305 0
L1 06    441 +015.8758 +000.9851 -004.0635 -026.9092 +087.4576 +155.3210 0
L1 07    441 +016.0002 +000.9735 -005.0953 -094.5180 +000.2298 +089.8415 0
L1 08    441 +015.8731 +000.9060 -005.7749 -077.1163 -078.4665 +074.8638 0
L1 01    445 +015.8961 +000.2258 +001.3531 -085.3409 -001.0808 +001.8062 0
L1 02    445 +004.5080 +007.3619 +001.6835 -175.5932 +001.5019 -130.3202 0
L1 03    445 +015.9951 -000.5093 -000.8387 -090.7563 +003.4482 +092.3130 0
L1 04    445 +008.7541 +008.7677 +001.7855 -038.0306 +000.0552 +000.4730 0
L1 05    445 +014.3988 +010.0368 +001.9725 -107.9581 +000.9506 -010.7299 0
L1 06    445 +015.8758 +000.9852 -004.0635 -026.8916 +087.4568 +155.3380 0
L1 07    445 +016.0004 +000.9733 -005.0947 -094.5195 +000.2321 +089.8450 0
L1 08    445 +015.8730 +000.9060 -005.7750 -077.1149 -078.4660 +074.8619 0
L1 01    449 +015.8961 +000.2259 +001.3530 -085.3405 -001.0804 +001.8049 0
L1 02    449 +004.5080 +007.3619 +001.6835 -175.5932 +001.5032 -130.3256 0
L1 03    449 +015.9952 -000.5095 -000.8388 -090.7573 +003.4479 +092.3124 0
L1 04    449 +008.7541 +008.7677 +001.7855 -038.0305 +000.0554 +000.4731 0
L1 05    449 +014.3990 +010.0368 +001.9721 -107.9589 +000.9478 -010.7300 0
L1 06    449 +015.8758 +000.9854 -004.0635 -026.9173 +087.4573 +155.3101 0
L1 07    449 +016.0002 +000.9728 -005.0954 -094.5214 +000.2310 +089.8417 0
L1 08    449 +015.8730 +000.9059 -005.7750 -077.1135 -078.4654 +074.8603 0
L1 01    453 +015.8961 +000.2260 +001.3530 -085.3393 -001.0805 +001.8051 0
L1 02    453 +004.5079 +007.3620 +001.6835 -175.5929 +001.5049 -130.3309 0
L1 03    453 +015.9951 -000.5093 -000.8387 -090.7562 +003.4479 +092.3131 0
L1 04    453 +008.7541 +008.7677 +001.7855 -038.0299 +000.0551 +000.4730 0
L1 05    453 +014.3991 +010.0367 +001.9722 -107.9591 +000.9486 -010.7290 0
L1 06    453 +015.8757 +000.9855 -004.0638 -026.9147 +087.4586 +155.3123 0
L1 07    453 +016.0002 +000.9734 -005.0954 -094.5177 +000.2325 +089.8411 0
L1 08    453 +015.8731 +000.9060 -005.7749 -077.1160 -078.4638 +074.8644 0
L1 01    457 +015.8961 +000.2260 +001.3531 -085.3401 -001.0805 +001.8062 0
L1 02    457 +004.5080 +007.3620 +001.6835 -175.5937 +001.5044 -130.3307 0
L1 03    457 +015.9951 -000.5094 -000.8385 -090.7570 +003.4480 +092.3141 0
L1 04    457 +008.7540 +008.7677 +001.7855 -038.0299 +000.0551 +000.4731 0
L1 05    457 +014.3992 +010.0364 +001.9720 -107.9607 +000.9478 -010.7306 0
L1 06    457 +015.8758 +000.9855 -004.0639 -026.9249 +087.4592 +155.3024 0
L1 07    457 +016.0002 +000.9734 -005.0955 -094.5180 +000.2326 +089.8412 0
L1 08    457 +015.8731 +000.9059 -005.7749 -077.1208 -078.4641 +074.8678 0
L1 01    461 +015.8961 +000.2261 +001.3531 -085.3394 -001.0802 +001.8059 0
L1 02    461 +004.5080 +007.3620 +001.6835 -175.5934 +001.5040 -130.3284 0
L1 03    461 +015.9951 -000.5094 -000.8387 -090.7573 +003.4484 +092.3136 0
L1 04    461 +008.7541 +008.7677 +001.7856 -038.0300 +000.0548 +000.4734 0
L1 05    461 +014.3994 +010.0362 +001.9720 -107.9619 +000.9483 -010.7309 0
L1 06    461 +015.8758 +000.9855 -004.0639 -026.9209 +087.4602 +155.3061 0
L1 07    461 +016.0002 +000.9738 -005.0953 -094.5153 +000.2330 +089.8431 0
L1 08    461 +015.8732 +000.9058 -005.7748 -077.1213 -078.4640 +074.8680 0
L1 01    465 +015.8961 +000.2257 +001.3530 -085.3420 -001.0815 +001.8045 0
L1 02    465 +004.5080 +007.3620 +001.6836 -175.5930 +001.5030 -130.3242 0
L1 03    465 +015.9952 -000.5091 -000.8388 -090.7557 +003.4485 +092.3127 0
L1 04    465 +008.7541 +008.7677 +001.7855 -038.0304 +000.0549 +000.4732 0
L1 05    465 +014.3994 +010.0361 +001.9721 -107.9631 +000.9482 -010.7309 0
L1 06    465 +015.8758 +000.9855 -004.0638 -026.8986 +087.4600 +155.3287 0
L1 07    465 +016.0002 +000.9736 -005.0954 -094.5159 +000.2331 +089.8428 0
L1 08    465 +015.8731 +000.9062 -005.7749 -077.1205 -078.4630 +074.8694 0
